Date,Time,Open,High,Low,Close,Volume,OpenInt
2017-11-17,15:35:00,59.25,59.25,58.6,58.825,9717,0
2017-11-17,15:40:00,58.9,59,58.55,58.675,1500,0
2017-11-17,15:45:00,58.6,58.6,58.2,58.2,4301,0
2017-11-17,15:50:00,58.1,58.25,57.85,58.05,4555,0
2017-11-17,15:55:00,58.06,58.2,57.95,57.9912,4110,0
2017-11-17,16:00:00,58,58.05,57.85,58.05,2800,0
2017-11-17,16:05:00,58.05,58.25,57.9,58.25,3974,0
2017-11-17,16:10:00,58.3,58.55,58.2,58.2,3708,0
2017-11-17,16:15:00,58.3,58.35,58.3,58.3,1401,0
2017-11-17,16:20:00,58.25,58.25,58.15,58.15,3000,0
2017-11-17,16:25:00,58.15,58.25,58.075,58.2,2185,0
2017-11-17,16:30:00,58.2,58.2,58,58,1700,0
2017-11-17,16:35:00,58.1,58.25,57.8,58.15,5686,0
2017-11-17,16:40:00,58.15,58.45,58.05,58.25,6042,0
2017-11-17,16:45:00,58.25,58.35,58.15,58.35,2700,0
2017-11-17,16:50:00,58.445,58.45,58.15,58.25,2697,0
2017-11-17,16:55:00,58.35,58.45,58.3,58.35,2300,0
2017-11-17,17:00:00,58.4,58.4,58.175,58.325,1800,0
2017-11-17,17:05:00,58.35,58.4,58.3,58.3,1400,0
2017-11-17,17:10:00,58.3,58.3,58.15,58.15,3006,0
2017-11-17,17:15:00,58.1,58.3,58.01,58.25,2600,0
2017-11-17,17:20:00,58.239,58.4,58.239,58.4,1830,0
2017-11-17,17:25:00,58.425,58.7,58.425,58.7,3860,0
2017-11-17,17:30:00,58.65,58.7,58.6,58.6,830,0
2017-11-17,17:35:00,58.7,58.8,58.7,58.75,3485,0
2017-11-17,17:40:00,58.625,58.7,58.45,58.7,6040,0
2017-11-17,17:45:00,58.65,58.9,58.65,58.9,1300,0
2017-11-17,17:50:00,58.85,58.85,58.7,58.75,1500,0
2017-11-17,17:55:00,58.8,58.8,58.7,58.7574,1880,0
2017-11-17,18:00:00,58.8,58.85,58.75,58.8,1300,0
2017-11-17,18:05:00,58.85,59,58.85,59,600,0
2017-11-17,18:10:00,59,59.15,59,59,1100,0
2017-11-17,18:15:00,58.9,58.925,58.75,58.75,1110,0
2017-11-17,18:20:00,58.8,58.8,58.75,58.775,1000,0
2017-11-17,18:25:00,58.8,59,58.8,59,1000,0
2017-11-17,18:30:00,59,59.05,59,59.05,500,0
2017-11-17,18:35:00,59.025,59.1,58.95,58.95,6882,0
2017-11-17,18:40:00,59,59.05,58.8,58.95,2614,0
2017-11-17,18:45:00,58.975,58.975,58.8,58.85,1000,0
2017-11-17,18:50:00,58.75,58.85,58.71,58.85,1100,0
2017-11-17,18:55:00,58.85,58.85,58.75,58.825,1735,0
2017-11-17,19:00:00,58.9,58.95,58.8,58.95,1400,0
2017-11-17,19:05:00,58.85,59,58.85,59,1114,0
2017-11-17,19:10:00,58.9,58.9,58.85,58.85,700,0
2017-11-17,19:15:00,58.85,58.85,58.85,58.85,700,0
2017-11-17,19:20:00,58.85,58.95,58.825,58.825,2900,0
2017-11-17,19:25:00,58.9,58.95,58.85,58.95,1000,0
2017-11-17,19:30:00,58.85,58.95,58.75,58.95,3712,0
2017-11-17,19:35:00,58.99,58.99,58.9,58.9,800,0
2017-11-17,19:40:00,58.875,58.9,58.75,58.75,3500,0
2017-11-17,19:45:00,58.75,58.8,58.725,58.75,800,0
2017-11-17,19:50:00,58.8,58.85,58.8,58.825,825,0
2017-11-17,19:55:00,58.75,58.85,58.75,58.85,600,0
2017-11-17,20:00:00,58.9,58.95,58.45,58.6,34328,0
2017-11-17,20:05:00,58.6,58.7,58.6,58.6,3400,0
2017-11-17,20:10:00,58.6,58.675,58.55,58.55,1400,0
2017-11-17,20:15:00,58.55,58.55,58.45,58.5,2800,0
2017-11-17,20:20:00,58.5,58.5,58.325,58.325,2600,0
2017-11-17,20:25:00,58.4,58.4,58.25,58.3,1700,0
2017-11-17,20:30:00,58.3,58.3,58.15,58.15,1200,0
2017-11-17,20:35:00,58.2,58.2,57.9,58,4944,0
2017-11-17,20:40:00,58.05,58.1,57.9,57.9,2100,0
2017-11-17,20:45:00,58,58.2,57.95,58.2,2700,0
2017-11-17,20:50:00,58.1,58.2,58.1,58.2,500,0
2017-11-17,20:55:00,58.2,58.4,58.2,58.4,3100,0
2017-11-17,21:00:00,58.45,58.55,58.4,58.525,15960,0
2017-11-17,21:05:00,58.6,58.7,58.5,58.7,15700,0
2017-11-17,21:10:00,58.75,58.8,58.65,58.8,5300,0
2017-11-17,21:15:00,58.7,58.7,58.5,58.55,2900,0
2017-11-17,21:20:00,58.6,58.6,58.505,58.55,625,0
2017-11-17,21:25:00,58.55,58.6,58.45,58.45,1705,0
2017-11-17,21:30:00,58.475,58.75,58.475,58.75,7055,0
2017-11-17,21:35:00,58.75,58.8,58.7,58.75,2900,0
2017-11-17,21:40:00,58.75,58.8,58.7,58.8,7987,0
2017-11-17,21:45:00,58.8,58.8,58.75,58.75,6905,0
2017-11-17,21:50:00,58.775,58.85,58.75,58.85,6481,0
2017-11-17,21:55:00,58.8,58.95,58.6,58.75,10339,0
2017-11-17,22:00:00,58.7,58.75,58.55,58.7,23266,0
2017-11-20,15:35:00,58.65,58.7,58.11,58.225,2671,0
2017-11-20,15:40:00,58.3,58.3,58.145,58.2,2200,0
2017-11-20,15:45:00,58.3,58.35,58.3,58.35,300,0
2017-11-20,15:50:00,58.25,58.3,58.15,58.15,2986,0
2017-11-20,15:55:00,58.166,58.166,57.5,57.5,10108,0
2017-11-20,16:00:00,57.65,57.75,57.55,57.75,1350,0
2017-11-20,16:05:00,57.9,58.15,57.9,58.15,1600,0
2017-11-20,16:10:00,58.05,58.15,58.05,58.125,1200,0
2017-11-20,16:15:00,57.95,57.95,57.95,57.95,132,0
2017-11-20,16:20:00,58,58.2,58,58.175,1200,0
2017-11-20,16:25:00,58.25,58.25,58,58.1,4700,0
2017-11-20,16:30:00,58,58.025,57.8,57.8,2402,0
2017-11-20,16:35:00,57.825,57.95,57.75,57.95,1050,0
2017-11-20,16:40:00,57.855,58.15,57.855,58.1,9609,0
2017-11-20,16:45:00,58.2,58.2,58.05,58.05,8358,0
2017-11-20,16:50:00,58.05,58.15,58.05,58.1,2941,0
2017-11-20,16:55:00,58.1,58.25,58.05,58.25,1200,0
2017-11-20,17:00:00,58.25,58.25,58,58.2,4268,0
2017-11-20,17:05:00,58.25,58.25,58.1,58.1,1900,0
2017-11-20,17:10:00,58.25,58.3,58.2,58.2626,1600,0
2017-11-20,17:15:00,58.3,58.375,58.25,58.3,3600,0
2017-11-20,17:20:00,58.3,58.3,58.3,58.3,400,0
2017-11-20,17:25:00,58.35,58.5,58.3,58.4,4745,0
2017-11-20,17:30:00,58.4,58.45,58.35,58.45,1600,0
2017-11-20,17:35:00,58.4,58.4,58.325,58.4,3531,0
2017-11-20,17:40:00,58.4,58.5,58.35,58.425,2715,0
2017-11-20,17:45:00,58.4,58.45,58.35,58.4,5500,0
2017-11-20,17:50:00,58.4,58.6,58.4,58.55,19144,0
2017-11-20,17:55:00,58.55,58.6,58.5,58.55,11767,0
2017-11-20,18:00:00,58.5,58.7,58.4831,58.6,10226,0
2017-11-20,18:05:00,58.6,58.6,58.5,58.55,538,0
2017-11-20,18:10:00,58.55,58.6,58.55,58.6,900,0
2017-11-20,18:15:00,58.6,58.6,58.55,58.55,300,0
2017-11-20,18:20:00,58.55,58.6,58.55,58.55,1600,0
2017-11-20,18:25:00,58.59,58.59,58.2,58.3,6560,0
2017-11-20,18:30:00,58.4,58.45,58.4,58.425,1050,0
2017-11-20,18:35:00,58.4,58.4,58.35,58.35,900,0
2017-11-20,18:40:00,58.375,58.45,58.375,58.4,500,0
2017-11-20,18:45:00,58.4,58.45,58.3,58.4,1020,0
2017-11-20,18:50:00,58.4,58.4,58.275,58.35,2000,0
2017-11-20,18:55:00,58.4,58.4,58.35,58.4,800,0
2017-11-20,19:00:00,58.4,58.5,58.4,58.45,2107,0
2017-11-20,19:05:00,58.5,58.5,58.45,58.45,2765,0
2017-11-20,19:10:00,58.5,58.5,58.45,58.5,6731,0
2017-11-20,19:15:00,58.45,58.55,58.45,58.5,4063,0
2017-11-20,19:20:00,58.525,58.55,58.5,58.5,3125,0
2017-11-20,19:25:00,58.475,58.55,58.475,58.55,2400,0
2017-11-20,19:30:00,58.55,58.575,58.5,58.55,3596,0
2017-11-20,19:35:00,58.55,58.55,58.5,58.55,1300,0
2017-11-20,19:40:00,58.5685,58.595,58.35,58.5,6312,0
2017-11-20,19:45:00,58.5,58.5,58.35,58.45,3200,0
2017-11-20,19:50:00,58.5,58.55,58.45,58.55,8400,0
2017-11-20,19:55:00,58.55,58.55,58.5,58.5,900,0
2017-11-20,20:00:00,58.55,58.55,58.5,58.55,500,0
2017-11-20,20:05:00,58.6,58.7,58.6,58.7,800,0
2017-11-20,20:10:00,58.775,58.9,58.75,58.9,2117,0
2017-11-20,20:15:00,58.9,59,58.9,58.95,3030,0
2017-11-20,20:20:00,58.95,59,58.95,59,1170,0
2017-11-20,20:25:00,59,59,58.95,59,500,0
2017-11-20,20:30:00,59.05,59.25,59.05,59.15,850,0
2017-11-20,20:35:00,59.15,59.2,59.15,59.15,1900,0
2017-11-20,20:40:00,59.15,59.25,59.15,59.25,1100,0
2017-11-20,20:45:00,59.3,59.375,59.25,59.25,3350,0
2017-11-20,20:50:00,59.3,59.35,59.225,59.225,2019,0
2017-11-20,20:55:00,59.15,59.15,59.1,59.1,1100,0
2017-11-20,21:00:00,59.1,59.125,59,59,1100,0
2017-11-20,21:05:00,59.1,59.15,59.1,59.1,2575,0
2017-11-20,21:10:00,59.1,59.14,59.05,59.1,2600,0
2017-11-20,21:15:00,59.125,59.175,59.05,59.175,2200,0
2017-11-20,21:20:00,59.175,59.35,59.175,59.25,4683,0
2017-11-20,21:25:00,59.25,59.425,59.25,59.35,5719,0
2017-11-20,21:30:00,59.4,59.4,59.3,59.35,2500,0
2017-11-20,21:35:00,59.35,59.35,59.1,59.225,6418,0
2017-11-20,21:40:00,59.225,59.3,59.15,59.25,6487,0
2017-11-20,21:45:00,59.25,59.6,59.2,59.55,8820,0
2017-11-20,21:50:00,59.55,59.9,59.5,59.55,12533,0
2017-11-20,21:55:00,59.55,59.9,59.5,59.75,15747,0
2017-11-20,22:00:00,59.7,59.85,59.7,59.75,30271,0
2017-11-21,15:35:00,60.1,60.5,60,60.5,4840,0
2017-11-21,15:40:00,60.45,60.9,60.45,60.81,1897,0
2017-11-21,15:45:00,60.9,61.25,60.8,61.25,3047,0
2017-11-21,15:50:00,61.35,61.35,60.9,61,4401,0
2017-11-21,15:55:00,61.1,61.195,61.05,61.195,1000,0
2017-11-21,16:00:00,61.2,61.2,61.05,61.15,1200,0
2017-11-21,16:05:00,61.069,61.15,60.75,61.15,38638,0
2017-11-21,16:10:00,61.15,61.6,61,61.45,4259,0
2017-11-21,16:15:00,61.45,61.725,61.45,61.725,2900,0
2017-11-21,16:20:00,61.7,61.8,61.6,61.7612,2175,0
2017-11-21,16:25:00,61.8,62.1,61.775,62.1,4320,0
2017-11-21,16:30:00,62.05,62.05,61.725,61.9,3700,0
2017-11-21,16:35:00,61.9,61.95,61.75,61.75,3400,0
2017-11-21,16:40:00,61.7756,61.95,61.75,61.8,3000,0
2017-11-21,16:45:00,61.85,61.85,61.825,61.85,700,0
2017-11-21,16:50:00,61.85,62.05,61.85,62.025,5800,0
2017-11-21,16:55:00,61.95,61.95,61.9,61.9,500,0
2017-11-21,17:00:00,61.85,61.95,61.8,61.9,2100,0
2017-11-21,17:05:00,61.95,61.95,61.8,61.9,900,0
2017-11-21,17:10:00,61.9,61.95,61.8,61.85,3900,0
2017-11-21,17:15:00,61.9,61.9,61.8,61.8,500,0
2017-11-21,17:20:00,61.75,61.75,61.65,61.7274,4233,0
2017-11-21,17:25:00,61.75,61.75,61.7,61.7,900,0
2017-11-21,17:30:00,61.75,61.75,61.65,61.75,800,0
2017-11-21,17:35:00,61.75,61.85,61.75,61.85,2783,0
2017-11-21,17:40:00,61.875,61.95,61.8,61.95,1900,0
2017-11-21,17:45:00,61.85,61.95,61.85,61.9,5307,0
2017-11-21,17:50:00,61.85,62.1,61.85,62.05,3200,0
2017-11-21,17:55:00,62.05,62.15,62.05,62.15,1550,0
2017-11-21,18:00:00,62.125,62.2,62.125,62.2,1200,0
2017-11-21,18:05:00,62.195,62.2,62.05,62.05,2200,0
2017-11-21,18:10:00,62.05,62.05,62.05,62.05,200,0
2017-11-21,18:15:00,62,62.025,61.825,61.825,900,0
2017-11-21,18:20:00,61.75,61.75,61.7,61.7,500,0
2017-11-21,18:25:00,61.8,61.8,61.725,61.725,300,0
2017-11-21,18:30:00,61.725,61.85,61.725,61.8,3100,0
2017-11-21,18:35:00,61.75,61.8,61.75,61.75,600,0
2017-11-21,18:40:00,61.7,61.85,61.675,61.775,2383,0
2017-11-21,18:45:00,61.7,61.75,61.65,61.75,1497,0
2017-11-21,18:50:00,61.85,61.85,61.8375,61.85,2300,0
2017-11-21,18:55:00,61.7,61.75,61.7,61.75,400,0
2017-11-21,19:00:00,61.75,61.75,61.7,61.7,600,0
2017-11-21,19:05:00,61.675,61.7,61.65,61.7,800,0
2017-11-21,19:10:00,61.7,61.75,61.7,61.7,1300,0
2017-11-21,19:15:00,61.725,61.75,61.7238,61.725,950,0
2017-11-21,19:20:00,61.725,61.75,61.725,61.75,1200,0
2017-11-21,19:25:00,61.725,61.75,61.725,61.75,700,0
2017-11-21,19:30:00,61.8,61.95,61.8,61.9,4200,0
2017-11-21,19:35:00,61.85,62,61.85,61.975,3975,0
2017-11-21,19:40:00,62,62.025,62,62,1400,0
2017-11-21,19:45:00,62,62,61.9375,61.95,1700,0
2017-11-21,19:50:00,61.9,62,61.8,61.8,1884,0
2017-11-21,19:55:00,61.85,61.863,61.8,61.85,700,0
2017-11-21,20:00:00,61.85,61.85,61.7,61.7,1409,0
2017-11-21,20:05:00,61.6,61.65,61.6,61.6,900,0
2017-11-21,20:10:00,61.65,61.75,61.65,61.65,1599,0
2017-11-21,20:15:00,61.7,61.7,61.55,61.55,1800,0
2017-11-21,20:20:00,61.525,61.525,61.4,61.4,900,0
2017-11-21,20:25:00,61.4,61.495,61.4,61.4,1310,0
2017-11-21,20:30:00,61.375,61.4,61.3,61.4,2100,0
2017-11-21,20:35:00,61.45,61.45,61.35,61.35,500,0
2017-11-21,20:40:00,61.35,61.5,61.35,61.5,1600,0
2017-11-21,20:45:00,61.45,61.475,61.4,61.4,1226,0
2017-11-21,20:50:00,61.45,61.5,61.4,61.425,1800,0
2017-11-21,20:55:00,61.4,61.425,61.35,61.35,1400,0
2017-11-21,21:00:00,61.3,61.35,61.3,61.35,1700,0
2017-11-21,21:05:00,61.375,61.45,61.3,61.35,600,0
2017-11-21,21:10:00,61.35,61.4,61.35,61.35,400,0
2017-11-21,21:15:00,61.35,61.35,61.2,61.25,3352,0
2017-11-21,21:20:00,61.25,61.25,61.2,61.2,2600,0
2017-11-21,21:25:00,61.2,61.2,61.05,61.05,3800,0
2017-11-21,21:30:00,61.05,61.2,61.05,61.15,4461,0
2017-11-21,21:35:00,61.2,61.25,61.2,61.25,2800,0
2017-11-21,21:40:00,61.275,61.275,61.15,61.2,1600,0
2017-11-21,21:45:00,61.15,61.3,61.125,61.25,4600,0
2017-11-21,21:50:00,61.25,61.275,61.1,61.175,4000,0
2017-11-21,21:55:00,61.2,61.25,61.15,61.225,5300,0
2017-11-21,22:00:00,61.225,61.4,61.125,61.4,28041,0
2017-11-22,15:35:00,61.4,61.7,61.4,61.5,3011,0
2017-11-22,15:40:00,61.4,61.4,61.3,61.3,400,0
2017-11-22,15:45:00,61.2,61.25,61.2,61.25,300,0
2017-11-22,15:50:00,61.3,61.3,61.178,61.2,1400,0
2017-11-22,15:55:00,61,61.1,61,61.1,766,0
2017-11-22,16:00:00,61,61.35,60.8,61.3,3281,0
2017-11-22,16:05:00,61.1,61.1,61.1,61.1,200,0
2017-11-22,16:10:00,61.2,61.4,61.2,61.2,800,0
2017-11-22,16:15:00,61.15,61.15,60.95,61.058,700,0
2017-11-22,16:20:00,61,61.25,60.975,61.2,2200,0
2017-11-22,16:25:00,61.2,61.2,61,61,1301,0
2017-11-22,16:30:00,61,61.05,61,61,600,0
2017-11-22,16:35:00,61,61,60.9,61,2100,0
2017-11-22,16:40:00,61,61.35,61,61.3,1429,0
2017-11-22,16:45:00,61.3,61.35,61.25,61.35,500,0
2017-11-22,16:50:00,61.2,61.3,61.2,61.3,200,0
2017-11-22,16:55:00,61.3,61.3,61.05,61.075,1400,0
2017-11-22,17:00:00,61.075,61.075,61,61,1150,0
2017-11-22,17:05:00,61.05,61.1,61,61,1500,0
2017-11-22,17:10:00,61.05,61.225,61.05,61.1,2387,0
2017-11-22,17:15:00,61.11,61.1907,61.05,61.05,800,0
2017-11-22,17:20:00,61.1,61.15,61,61.075,1500,0
2017-11-22,17:25:00,61.1,61.1,61,61,2650,0
2017-11-22,17:30:00,61,61.1,61,61.1,1452,0
2017-11-22,17:35:00,61.05,61.05,61.05,61.05,300,0
2017-11-22,17:40:00,61.1,61.35,61.1,61.3,1742,0
2017-11-22,17:45:00,61.25,61.35,61.25,61.35,400,0
2017-11-22,17:50:00,61.25,61.3,61.25,61.3,600,0
2017-11-22,17:55:00,61.35,61.45,61.35,61.45,1000,0
2017-11-22,18:00:00,61.45,61.55,61.4,61.4,600,0
2017-11-22,18:05:00,61.4,61.4,61.3,61.3,300,0
2017-11-22,18:10:00,61.35,61.4,61.25,61.35,900,0
2017-11-22,18:15:00,61.3,61.3,61.25,61.25,621,0
2017-11-22,18:25:00,61.1,61.1,61.05,61.05,600,0
2017-11-22,18:30:00,61.05,61.3,61.05,61.3,1600,0
2017-11-22,18:35:00,61.45,61.5,61.35,61.35,1400,0
2017-11-22,18:40:00,61.35,61.35,61.275,61.275,300,0
2017-11-22,18:50:00,61.2,61.275,61.1,61.275,2952,0
2017-11-22,18:55:00,61.3,61.5,61.3,61.5,1784,0
2017-11-22,19:00:00,61.4,61.45,61.4,61.45,2000,0
2017-11-22,19:05:00,61.4,61.5,61.4,61.5,300,0
2017-11-22,19:10:00,61.5,61.5,61.45,61.45,1000,0
2017-11-22,19:15:00,61.45,61.45,61.4,61.4,300,0
2017-11-22,19:20:00,61.35,61.35,61.275,61.35,690,0
2017-11-22,19:25:00,61.3,61.35,61.3,61.3,400,0
2017-11-22,19:30:00,61.35,61.35,61.25,61.35,500,0
2017-11-22,19:35:00,61.35,61.35,61.2,61.25,2096,0
2017-11-22,19:40:00,61.25,61.25,61.2,61.25,600,0
2017-11-22,19:45:00,61.2,61.2,61.15,61.2,1000,0
2017-11-22,19:50:00,61.2,61.2,61.2,61.2,500,0
2017-11-22,19:55:00,61.2,61.25,61.1,61.25,1000,0
2017-11-22,20:00:00,61.15,61.3,61.05,61.25,7868,0
2017-11-22,20:05:00,61.3,61.3,61.3,61.3,109,0
2017-11-22,20:10:00,61.3,61.4,61.3,61.4,200,0
2017-11-22,20:15:00,61.3,61.3,61.2,61.2,1389,0
2017-11-22,20:20:00,61.2,61.2,61.15,61.15,315,0
2017-11-22,20:25:00,61.25,61.3,61.25,61.3,844,0
2017-11-22,20:30:00,61.31,61.31,61.2,61.2,700,0
2017-11-22,20:35:00,61.2,61.2,61.15,61.15,300,0
2017-11-22,20:40:00,61.2,61.3,61.2,61.2476,991,0
2017-11-22,20:45:00,61.3,61.45,61.3,61.45,700,0
2017-11-22,20:50:00,61.5,61.5,61.3,61.3,1000,0
2017-11-22,20:55:00,61.425,61.8,61.4,61.8,4340,0
2017-11-22,21:00:00,61.8,61.8,61.6,61.65,2300,0
2017-11-22,21:05:00,61.7,61.725,61.65,61.65,3000,0
2017-11-22,21:10:00,61.65,61.65,61.55,61.55,1600,0
2017-11-22,21:15:00,61.55,61.6,61.55,61.6,200,0
2017-11-22,21:20:00,61.6,61.675,61.575,61.65,2150,0
2017-11-22,21:25:00,61.675,61.7,61.65,61.675,1400,0
2017-11-22,21:30:00,61.675,61.75,61.65,61.75,3195,0
2017-11-22,21:35:00,61.775,61.8,61.65,61.75,3247,0
2017-11-22,21:40:00,61.675,61.675,61.575,61.65,4573,0
2017-11-22,21:45:00,61.675,61.7,61.6,61.625,2499,0
2017-11-22,21:50:00,61.6,61.75,61.6,61.75,3900,0
2017-11-22,21:55:00,61.75,61.85,61.7,61.75,9429,0
2017-11-22,22:00:00,61.725,61.75,61.525,61.55,24164,0
2017-11-24,15:35:00,61.75,61.75,61.5,61.5,2185,0
2017-11-24,15:40:00,61.25,61.4,61.25,61.3,1582,0
2017-11-24,15:45:00,61.45,61.5,61.425,61.45,1300,0
2017-11-24,15:50:00,61.4,61.4,60.85,60.9,1750,0
2017-11-24,15:55:00,60.85,60.95,60.7,60.7,2200,0
2017-11-24,16:00:00,60.7,60.85,60.7,60.75,1100,0
2017-11-24,16:05:00,60.75,61.05,60.75,60.85,1500,0
2017-11-24,16:10:00,60.9,61,60.85,61,1100,0
2017-11-24,16:15:00,61.05,61.225,61,61.225,4863,0
2017-11-24,16:20:00,61.3,61.5,61.3,61.4,600,0
2017-11-24,16:25:00,61.35,61.35,61.3,61.3,500,0
2017-11-24,16:30:00,61.2835,61.3,61.25,61.3,630,0
2017-11-24,16:35:00,61.3,61.375,61.25,61.25,800,0
2017-11-24,16:40:00,61.4,61.45,61.4,61.45,500,0
2017-11-24,16:45:00,61.4,61.4,61.4,61.4,346,0
2017-11-24,16:50:00,61.45,61.5,61.4,61.5,2464,0
2017-11-24,16:55:00,61.55,61.55,61.45,61.45,700,0
2017-11-24,17:00:00,61.55,61.6,61.55,61.6,300,0
2017-11-24,17:05:00,61.55,61.6,61.55,61.6,200,0
2017-11-24,17:10:00,61.6,61.625,61.45,61.45,900,0
2017-11-24,17:15:00,61.35,61.35,61.35,61.35,100,0
2017-11-24,17:20:00,61.425,61.425,61.35,61.35,400,0
2017-11-24,17:25:00,61.4,61.45,61.4,61.45,888,0
2017-11-24,17:30:00,61.35,61.35,61.25,61.325,600,0
2017-11-24,17:35:00,61.25,61.25,61.2,61.2,559,0
2017-11-24,17:40:00,61.2,61.25,61,61.1,2801,0
2017-11-24,17:45:00,61.1,61.15,61.1,61.1,500,0
2017-11-24,17:50:00,61.1,61.15,61.1,61.1,400,0
2017-11-24,17:55:00,61.1,61.1,61,61.1,3005,0
2017-11-24,18:00:00,61.15,61.2,61.15,61.2,600,0
2017-11-24,18:05:00,61.2,61.2,61.2,61.2,100,0
2017-11-24,18:10:00,61.2,61.2,61.2,61.2,500,0
2017-11-24,18:15:00,61.2,61.2,61.1,61.15,899,0
2017-11-24,18:20:00,61.2,61.2,61.2,61.2,700,0
2017-11-24,18:25:00,61.2,61.2,61.1,61.15,900,0
2017-11-24,18:30:00,61.2,61.2,61.15,61.2,400,0
2017-11-24,18:35:00,61.25,61.25,61.15,61.15,700,0
2017-11-24,18:40:00,61.1,61.15,61.05,61.15,2231,0
2017-11-24,18:45:00,61.15,61.175,61.1,61.1,1000,0
2017-11-24,18:50:00,61.15,61.15,61.05,61.1,799,0
2017-11-24,18:55:00,61.15,61.25,61.1,61.1501,2000,0
2017-11-24,19:00:00,61.25,61.3,61.2,61.25,5808,0
2017-11-24,19:05:00,61.3,61.3,61.3,61.3,5648,0
2017-11-27,15:35:00,61.5,61.5,61.5,61.5,1981,0
2017-11-27,15:40:00,61.55,61.7,61.5,61.5,1900,0
2017-11-27,15:45:00,61.55,61.95,61.55,61.95,1960,0
2017-11-27,15:50:00,62,62,61.6,61.65,1500,0
2017-11-27,15:55:00,61.7,61.8,61.65,61.8,900,0
2017-11-27,16:00:00,61.85,61.85,61.725,61.725,200,0
2017-11-27,16:05:00,61.8,61.85,61.775,61.775,400,0
2017-11-27,16:10:00,61.9,61.9,61.65,61.75,2096,0
2017-11-27,16:15:00,61.8,61.8,61.7,61.7,900,0
2017-11-27,16:20:00,61.75,61.85,61.75,61.8,2159,0
2017-11-27,16:25:00,61.8,61.8,61.8,61.8,100,0
2017-11-27,16:30:00,61.8,61.8,61.7,61.7,800,0
2017-11-27,16:35:00,61.65,61.725,61.65,61.725,600,0
2017-11-27,16:40:00,61.725,61.725,61.55,61.6,1300,0
2017-11-27,16:45:00,61.6,61.65,61.5,61.5,800,0
2017-11-27,16:50:00,61.5,61.5,61.25,61.34,1600,0
2017-11-27,16:55:00,61.3,61.3,61.05,61.05,500,0
2017-11-27,17:00:00,61.1,61.25,61.1,61.25,700,0
2017-11-27,17:05:00,61.1,61.1,60.975,61.025,1900,0
2017-11-27,17:10:00,61.05,61.25,61.05,61.25,3900,0
2017-11-27,17:15:00,61.25,61.25,61.15,61.2,2062,0
2017-11-27,17:20:00,61.125,61.15,61.1,61.15,1703,0
2017-11-27,17:25:00,61.15,61.45,61.1,61.45,4242,0
2017-11-27,17:30:00,61.45,61.5,61.4,61.45,3200,0
2017-11-27,17:35:00,61.5,61.55,61.5,61.5,700,0
2017-11-27,17:40:00,61.55,61.55,61.2,61.2,1295,0
2017-11-27,17:45:00,61.35,61.35,61.3,61.3,800,0
2017-11-27,17:50:00,61.35,61.45,61.35,61.45,600,0
2017-11-27,17:55:00,61.45,61.5,61.35,61.4,1500,0
2017-11-27,18:00:00,61.35,61.35,61.2,61.2,1200,0
2017-11-27,18:05:00,61.15,61.2,61.1,61.2,1900,0
2017-11-27,18:10:00,61.2,61.2,61.175,61.2,800,0
2017-11-27,18:15:00,61.125,61.125,61.125,61.125,100,0
2017-11-27,18:20:00,61.1,61.15,61.05,61.1,4950,0
2017-11-27,18:25:00,61.05,61.2,61.05,61.1,1200,0
2017-11-27,18:30:00,61.1,61.2,61.075,61.2,10342,0
2017-11-27,18:35:00,61.2,61.2,61.1,61.1,600,0
2017-11-27,18:40:00,61,61.15,61,61.15,500,0
2017-11-27,18:45:00,61.1,61.1,61.05,61.1,1000,0
2017-11-27,18:50:00,61.05,61.3,61.05,61.25,4750,0
2017-11-27,18:55:00,61.35,61.45,61.3,61.35,900,0
2017-11-27,19:00:00,61.35,61.45,61.3,61.3,1150,0
2017-11-27,19:05:00,61.3,61.6,61.3,61.35,2800,0
2017-11-27,19:10:00,61.4,61.425,61.35,61.4,800,0
2017-11-27,19:15:00,61.4,61.45,61.35,61.35,1222,0
2017-11-27,19:20:00,61.4,61.4,61.35,61.35,700,0
2017-11-27,19:25:00,61.3,61.3,61.25,61.25,1300,0
2017-11-27,19:30:00,61.25,61.25,61.25,61.25,400,0
2017-11-27,19:35:00,61.3,61.3,61.3,61.3,100,0
2017-11-27,19:40:00,61.2,61.25,61.05,61.05,1600,0
2017-11-27,19:45:00,61,61,60.95,60.95,400,0
2017-11-27,19:50:00,60.95,60.95,60.85,60.9,5702,0
2017-11-27,19:55:00,60.9,60.9,60.8,60.8,900,0
2017-11-27,20:00:00,60.8,60.8,60.6,60.65,4000,0
2017-11-27,20:05:00,60.6,60.6,60.55,60.55,1911,0
2017-11-27,20:10:00,60.55,60.6,60.55,60.6,600,0
2017-11-27,20:15:00,60.55,60.75,60.5,60.75,5200,0
2017-11-27,20:20:00,60.725,60.725,60.725,60.725,100,0
2017-11-27,20:25:00,60.7,60.75,60.65,60.75,3004,0
2017-11-27,20:30:00,60.8,61,60.8,61,2200,0
2017-11-27,20:35:00,61.125,61.35,61.125,61.325,4000,0
2017-11-27,20:40:00,61.325,61.35,61,61,3200,0
2017-11-27,20:45:00,60.9,60.9,60.9,60.9,200,0
2017-11-27,20:50:00,60.95,61,60.85,60.95,2000,0
2017-11-27,20:55:00,60.9,61,60.75,60.75,1100,0
2017-11-27,21:00:00,60.75,61.05,60.75,61.05,3100,0
2017-11-27,21:05:00,61.1,61.2,61.1,61.1,900,0
2017-11-27,21:10:00,61.2,61.25,61.15,61.175,1100,0
2017-11-27,21:15:00,61.1,61.25,61.1,61.175,1800,0
2017-11-27,21:20:00,61.175,61.3,61.175,61.3,3087,0
2017-11-27,21:25:00,61.25,61.25,61.2,61.25,3114,0
2017-11-27,21:30:00,61.35,61.35,61.25,61.25,1600,0
2017-11-27,21:35:00,61.35,61.45,61.25,61.25,2800,0
2017-11-27,21:40:00,61.25,61.25,61.15,61.2,1100,0
2017-11-27,21:45:00,61.15,61.2,61.1,61.2,3300,0
2017-11-27,21:50:00,61.2,61.2,61.1,61.15,3001,0
2017-11-27,21:55:00,61.15,61.2,61.1,61.1,2898,0
2017-11-27,22:00:00,61.1,61.15,60.95,60.95,15894,0
2017-11-28,15:35:00,61.15,61.15,60.8,60.8,1349,0
2017-11-28,15:40:00,60.6,60.85,60.6,60.85,530,0
2017-11-28,15:45:00,60.8,60.85,60.7,60.85,600,0
2017-11-28,15:50:00,60.85,60.85,60.35,60.35,900,0
2017-11-28,15:55:00,60.2836,60.5,60.2836,60.5,500,0
2017-11-28,16:00:00,60.44,60.45,60.44,60.45,200,0
2017-11-28,16:05:00,60.3,60.3,60.3,60.3,300,0
2017-11-28,16:10:00,60.3,60.5,60.1,60.1,6460,0
2017-11-28,16:15:00,60.15,60.15,60,60,4737,0
2017-11-28,16:20:00,59.9,60.1,59.9,60.1,1800,0
2017-11-28,16:25:00,60.15,60.35,60.15,60.3,895,0
2017-11-28,16:30:00,60.4,60.55,60.4,60.45,2200,0
2017-11-28,16:35:00,60.45,60.5,60.45,60.5,500,0
2017-11-28,16:40:00,60.55,60.65,60.55,60.65,1100,0
2017-11-28,16:45:00,60.65,60.8,60.6,60.8,1318,0
2017-11-28,16:50:00,60.8,60.9,60.45,60.45,4000,0
2017-11-28,16:55:00,60.55,60.7,60.55,60.7,825,0
2017-11-28,17:00:00,60.6,60.75,60.6,60.75,1100,0
2017-11-28,17:05:00,60.8,60.9,60.741,60.825,1725,0
2017-11-28,17:10:00,60.9,60.9,60.75,60.75,1400,0
2017-11-28,17:15:00,60.55,60.8,60.55,60.8,600,0
2017-11-28,17:20:00,60.775,60.85,60.775,60.85,1005,0
2017-11-28,17:25:00,60.9,61.6,60.9,61.375,19784,0
2017-11-28,17:30:00,61.35,61.35,61.25,61.3,700,0
2017-11-28,17:35:00,61.4,61.6,61.4,61.49,1600,0
2017-11-28,17:40:00,61.6,61.6,61.6,61.6,200,0
2017-11-28,17:45:00,61.5,61.5,61.4,61.5,1500,0
2017-11-28,17:50:00,61.4392,61.45,61.35,61.45,1200,0
2017-11-28,17:55:00,61.35,61.4,61.3,61.35,2980,0
2017-11-28,18:00:00,61.4,61.6,61.4,61.6,3735,0
2017-11-28,18:05:00,61.5,61.5,61.5,61.5,300,0
2017-11-28,18:15:00,61.45,61.45,61.45,61.45,300,0
2017-11-28,18:20:00,61.4753,61.6,61.475,61.6,1180,0
2017-11-28,18:25:00,61.6,61.6,61.5,61.55,775,0
2017-11-28,18:30:00,61.5,61.55,61.45,61.5,2100,0
2017-11-28,18:35:00,61.4,61.5,61.4,61.5,798,0
2017-11-28,18:40:00,61.525,61.65,61.5,61.65,6240,0
2017-11-28,18:45:00,61.675,61.675,61.5,61.65,3070,0
2017-11-28,18:50:00,61.575,61.7,61.45,61.45,8080,0
2017-11-28,18:55:00,61.5,61.7,61.45,61.475,2300,0
2017-11-28,19:00:00,61.35,61.4,61.3,61.3,1200,0
2017-11-28,19:05:00,61.2,61.4,61.2,61.25,1600,0
2017-11-28,19:10:00,61.35,61.35,61.35,61.35,100,0
2017-11-28,19:15:00,61.35,61.35,61.35,61.35,500,0
2017-11-28,19:20:00,61.35,61.4,61.35,61.4,200,0
2017-11-28,19:25:00,61.4,61.4,61.15,61.15,1200,0
2017-11-28,19:30:00,61.25,61.25,61.25,61.25,100,0
2017-11-28,19:35:00,61.35,61.35,61.3,61.35,300,0
2017-11-28,19:40:00,61.425,61.425,61.35,61.35,740,0
2017-11-28,19:45:00,61.25,61.375,61.2,61.35,1100,0
2017-11-28,19:50:00,61.4,61.45,61.35,61.45,1400,0
2017-11-28,19:55:00,61.45,61.45,61.2,61.2,700,0
2017-11-28,20:00:00,61.2,61.3,61.05,61.05,1000,0
2017-11-28,20:05:00,61.05,61.05,60.9,61.025,1990,0
2017-11-28,20:10:00,61.1,61.15,61.075,61.15,1100,0
2017-11-28,20:15:00,61.15,61.3,61.15,61.3,400,0
2017-11-28,20:20:00,61.2,61.25,61.2,61.25,400,0
2017-11-28,20:25:00,61.2,61.2,61.1,61.2,800,0
2017-11-28,20:30:00,61.15,61.15,61.15,61.15,300,0
2017-11-28,20:35:00,61.2,61.25,61.2,61.25,1200,0
2017-11-28,20:40:00,61.3,61.3,61.2,61.3,700,0
2017-11-28,20:45:00,61.35,61.45,61.275,61.4,1600,0
2017-11-28,20:50:00,61.5,61.5,61.25,61.375,5415,0
2017-11-28,20:55:00,61.4,61.4,61.25,61.25,3000,0
2017-11-28,21:00:00,61.3,61.3,61.2,61.3,800,0
2017-11-28,21:05:00,61.3,61.3,61,61.1,2038,0
2017-11-28,21:10:00,61.15,61.3,61.15,61.3,1800,0
2017-11-28,21:15:00,61.3,61.35,61.25,61.3,2800,0
2017-11-28,21:20:00,61.35,61.5,61.25,61.5,6100,0
2017-11-28,21:25:00,61.55,61.7,61.525,61.6,5951,0
2017-11-28,21:30:00,61.55,61.55,61.45,61.45,1468,0
2017-11-28,21:35:00,61.45,61.55,61.4,61.45,6400,0
2017-11-28,21:40:00,61.5,61.525,61.25,61.35,4950,0
2017-11-28,21:45:00,61.35,61.525,61.3,61.5,4983,0
2017-11-28,21:50:00,61.45,61.625,61.45,61.6,7168,0
2017-11-28,21:55:00,61.65,61.7,61.6,61.7,9169,0
2017-11-28,22:00:00,61.65,61.75,61.6,61.75,25921,0
2017-11-29,15:35:00,61.65,62.325,61.5,62.2,3862,0
2017-11-29,15:40:00,62.45,62.7,62.35,62.35,1100,0
2017-11-29,15:45:00,62.45,62.9,62.45,62.85,5900,0
2017-11-29,15:50:00,62.65,62.85,62.65,62.775,1000,0
2017-11-29,15:55:00,62.8,62.9,62.65,62.8,3450,0
2017-11-29,16:00:00,62.9,63.5,62.9,63.3,20829,0
2017-11-29,16:05:00,63.3,63.3,63.05,63.1743,3500,0
2017-11-29,16:10:00,63.2,63.447,63.2,63.447,2200,0
2017-11-29,16:15:00,63.35,63.35,63,63,1100,0
2017-11-29,16:20:00,62.9,62.95,62.65,62.65,1000,0
2017-11-29,16:25:00,62.45,62.45,62.25,62.45,2295,0
2017-11-29,16:30:00,62.5,62.85,62.5,62.6,1510,0
2017-11-29,16:35:00,62.7,62.75,62.65,62.65,1500,0
2017-11-29,16:40:00,62.6,62.8,62.6,62.65,2000,0
2017-11-29,16:45:00,62.75,63.05,62.6,62.95,1900,0
2017-11-29,16:50:00,62.91,62.95,62.875,62.95,2220,0
2017-11-29,16:55:00,62.93,63,62.7,62.75,1300,0
2017-11-29,17:00:00,62.8,62.8,62.8,62.8,300,0
2017-11-29,17:05:00,62.65,62.7,62.55,62.7,1300,0
2017-11-29,17:10:00,62.7,62.775,62.7,62.7,1500,0
2017-11-29,17:15:00,62.6,62.775,62.6,62.775,600,0
2017-11-29,17:20:00,62.7,62.7,62.65,62.65,400,0
2017-11-29,17:25:00,62.45,62.45,62.35,62.35,1100,0
2017-11-29,17:30:00,62.3,62.4,62.3,62.4,500,0
2017-11-29,17:35:00,62.3,62.45,62.3,62.45,800,0
2017-11-29,17:40:00,62.5,62.7,62.5,62.6,1400,0
2017-11-29,17:45:00,62.65,62.65,62.4,62.4,2700,0
2017-11-29,17:50:00,62.45,62.45,62.3,62.45,1756,0
2017-11-29,17:55:00,62.3,62.65,62.3,62.6,2281,0
2017-11-29,18:00:00,62.55,62.55,62.325,62.4,1500,0
2017-11-29,18:05:00,62.3,62.5,62.05,62.25,5300,0
2017-11-29,18:10:00,62.3,62.425,62.2,62.425,1998,0
2017-11-29,18:15:00,62.55,62.55,62.4,62.45,1500,0
2017-11-29,18:20:00,62.25,62.45,62.2,62.45,700,0
2017-11-29,18:25:00,62.45,62.6,62.45,62.45,1900,0
2017-11-29,18:30:00,62.5,62.5,62.4,62.4303,600,0
2017-11-29,18:35:00,62.5,62.55,62.45,62.525,1100,0
2017-11-29,18:40:00,62.525,62.8,62.5,62.775,2200,0
2017-11-29,18:45:00,62.7,62.8,62.575,62.575,500,0
2017-11-29,18:50:00,62.6,62.7,62.55,62.55,1900,0
2017-11-29,18:55:00,62.65,62.65,62.45,62.5,2000,0
2017-11-29,19:00:00,62.35,62.5271,62.35,62.5,600,0
2017-11-29,19:05:00,62.45,62.45,62.4,62.4,500,0
2017-11-29,19:10:00,62.4,62.5,62.35,62.4,1600,0
2017-11-29,19:15:00,62.375,62.55,62.375,62.55,1300,0
2017-11-29,19:20:00,62.65,62.7,62.5,62.6,2100,0
2017-11-29,19:25:00,62.65,62.85,62.65,62.725,400,0
2017-11-29,19:30:00,62.7,62.75,62.55,62.6,1600,0
2017-11-29,19:35:00,62.575,62.575,62.575,62.575,100,0
2017-11-29,19:40:00,62.55,62.7,62.5,62.65,2200,0
2017-11-29,19:45:00,62.6,62.6,62.45,62.6,1100,0
2017-11-29,19:50:00,62.525,62.525,62.45,62.45,200,0
2017-11-29,19:55:00,62.45,62.45,62.3,62.3,1800,0
2017-11-29,20:00:00,62.3,62.45,62.3,62.3,700,0
2017-11-29,20:05:00,62.4,62.4,62.25,62.3,2000,0
2017-11-29,20:10:00,62.35,62.55,62.35,62.55,1100,0
2017-11-29,20:15:00,62.5,62.6,62.5,62.55,1100,0
2017-11-29,20:20:00,62.5,62.5,62.35,62.45,2400,0
2017-11-29,20:25:00,62.55,62.6,62.55,62.55,900,0
2017-11-29,20:30:00,62.5,62.5,62.25,62.4,3500,0
2017-11-29,20:35:00,62.5,62.525,62.35,62.4,2700,0
2017-11-29,20:40:00,62.5,62.5,62.3,62.3,1900,0
2017-11-29,20:45:00,62.2,62.55,62.2,62.5,1700,0
2017-11-29,20:50:00,62.55,62.55,62.35,62.4,3129,0
2017-11-29,20:55:00,62.55,62.55,62.4,62.55,4000,0
2017-11-29,21:00:00,62.6,62.65,62.45,62.45,1900,0
2017-11-29,21:05:00,62.525,62.65,62.45,62.65,2200,0
2017-11-29,21:10:00,62.575,62.65,62.45,62.5,3000,0
2017-11-29,21:15:00,62.5,62.55,62.4,62.4,2330,0
2017-11-29,21:20:00,62.4,62.4,62.25,62.3,2500,0
2017-11-29,21:25:00,62.35,62.4,62.3,62.35,2700,0
2017-11-29,21:30:00,62.35,62.45,62.35,62.4,1800,0
2017-11-29,21:35:00,62.45,62.6,62.425,62.55,4100,0
2017-11-29,21:40:00,62.6,62.7,62.5,62.7,2417,0
2017-11-29,21:45:00,62.7,62.75,62.45,62.5,7027,0
2017-11-29,21:50:00,62.55,62.6,62.475,62.5,4400,0
2017-11-29,21:55:00,62.5,62.6,62.5,62.55,6474,0
2017-11-29,22:00:00,62.5,62.55,62.35,62.45,15611,0
2017-11-30,15:35:00,62.7,63.25,62.7,63,1489,0
2017-11-30,15:40:00,63,63,62.77,62.77,1000,0
2017-11-30,15:45:00,62.65,62.7,62.65,62.7,599,0
2017-11-30,15:50:00,62.6,62.85,62.55,62.85,2156,0
2017-11-30,15:55:00,62.7,62.7,62.65,62.7,400,0
2017-11-30,16:00:00,62.85,62.9,62.7,62.85,1800,0
2017-11-30,16:05:00,62.9,63.1,62.9,63.1,2500,0
2017-11-30,16:10:00,63.05,63.1,63,63.1,1200,0
2017-11-30,16:15:00,63.15,63.45,63.15,63.35,1400,0
2017-11-30,16:20:00,63.35,63.5,63.25,63.4,2600,0
2017-11-30,16:25:00,63.6,63.85,63.6,63.85,10163,0
2017-11-30,16:30:00,63.8,63.9,63.8,63.8,700,0
2017-11-30,16:35:00,63.75,63.75,63.5,63.6,1696,0
2017-11-30,16:40:00,63.5,63.7,63.5,63.7,2027,0
2017-11-30,16:45:00,63.7,63.7,63.65,63.65,400,0
2017-11-30,16:50:00,63.8,63.8,63.65,63.65,300,0
2017-11-30,16:55:00,63.8,63.8,63.7,63.7,300,0
2017-11-30,17:00:00,63.7,63.95,63.7,63.9,4522,0
2017-11-30,17:05:00,63.95,64.3,63.95,64.3,4750,0
2017-11-30,17:10:00,64.2,64.2,64.05,64.0654,2900,0
2017-11-30,17:15:00,64,64,63.9,63.95,2000,0
2017-11-30,17:20:00,63.925,63.925,63.9,63.9,1100,0
2017-11-30,17:25:00,63.95,63.95,63.75,63.75,3100,0
2017-11-30,17:30:00,63.65,63.65,63.5,63.55,773,0
2017-11-30,17:35:00,63.5,63.7,63.5,63.5,1900,0
2017-11-30,17:40:00,63.55,63.6,63.55,63.575,1073,0
2017-11-30,17:45:00,63.6,63.6,63.6,63.6,500,0
2017-11-30,17:50:00,63.5,63.5,63.35,63.35,1236,0
2017-11-30,17:55:00,63.35,63.35,63.35,63.35,300,0
2017-11-30,18:00:00,63.35,63.55,63.35,63.55,1000,0
2017-11-30,18:05:00,63.75,63.75,63.75,63.75,200,0
2017-11-30,18:10:00,63.65,63.8,63.6,63.65,1200,0
2017-11-30,18:15:00,63.6,63.85,63.6,63.8,1800,0
2017-11-30,18:20:00,63.8,63.8541,63.8,63.8541,1540,0
2017-11-30,18:30:00,63.75,63.8,63.65,63.65,1540,0
2017-11-30,18:35:00,63.7,63.7,63.6,63.65,300,0
2017-11-30,18:40:00,63.65,63.75,63.65,63.725,1700,0
2017-11-30,18:45:00,63.7874,63.85,63.7,63.8,1700,0
2017-11-30,18:50:00,63.75,63.95,63.75,63.95,1700,0
2017-11-30,18:55:00,63.75,63.75,63.75,63.75,200,0
2017-11-30,19:00:00,63.75,63.8,63.65,63.7,1300,0
2017-11-30,19:05:00,63.65,63.8,63.65,63.75,1200,0
2017-11-30,19:10:00,63.8,63.85,63.75,63.75,700,0
2017-11-30,19:15:00,63.8,63.875,63.8,63.875,500,0
2017-11-30,19:20:00,63.8,63.8,63.8,63.8,300,0
2017-11-30,19:25:00,63.7,63.7,63.65,63.7,500,0
2017-11-30,19:30:00,63.65,63.8,63.65,63.8,400,0
2017-11-30,19:35:00,63.65,63.7,63.65,63.7,300,0
2017-11-30,19:40:00,63.75,63.8,63.6,63.7,1826,0
2017-11-30,19:45:00,63.7,63.9,63.7,63.85,4955,0
2017-11-30,19:50:00,63.9,63.95,63.85,63.85,2700,0
2017-11-30,20:00:00,63.8,63.9,63.7724,63.9,1000,0
2017-11-30,20:05:00,63.95,63.95,63.6,63.75,4296,0
2017-11-30,20:10:00,63.65,63.65,63.55,63.55,1200,0
2017-11-30,20:15:00,63.55,63.7,63.55,63.65,1700,0
2017-11-30,20:20:00,63.6,63.6,63.6,63.6,100,0
2017-11-30,20:25:00,63.55,63.55,63.4,63.4,1500,0
2017-11-30,20:30:00,63.435,63.45,63.4,63.45,800,0
2017-11-30,20:35:00,63.425,63.425,63.4,63.4,300,0
2017-11-30,20:40:00,63.25,63.4,63.25,63.3,1200,0
2017-11-30,20:45:00,63.35,63.4,63.3,63.35,1000,0
2017-11-30,20:50:00,63.45,63.45,63.3,63.3,800,0
2017-11-30,20:55:00,63.2,63.275,63.2,63.2,500,0
2017-11-30,21:00:00,63.3,63.3,63.2,63.2,500,0
2017-11-30,21:05:00,63.2,63.275,63.1,63.275,2200,0
2017-11-30,21:10:00,63.2,63.45,63.2,63.45,2691,0
2017-11-30,21:15:00,63.45,63.45,63.35,63.35,300,0
2017-11-30,21:20:00,63.45,63.45,63.35,63.35,400,0
2017-11-30,21:25:00,63.35,63.4,63.3,63.35,500,0
2017-11-30,21:30:00,63.35,63.4,63.35,63.4,700,0
2017-11-30,21:35:00,63.375,63.375,63.025,63.1,5300,0
2017-11-30,21:40:00,63.1,63.2,63,63,3100,0
2017-11-30,21:45:00,63.1,63.25,63.05,63.25,3900,0
2017-11-30,21:50:00,63.25,63.85,63.15,63.7,18434,0
2017-11-30,21:55:00,63.8,64.1,63.75,64.1,32527,0
2017-11-30,22:00:00,63.95,64.45,63.85,64.25,96310,0
2017-12-01,15:35:00,64.1,64.1,62.41,63.75,3073,0
2017-12-01,15:40:00,63.95,64.3,63.95,64.15,1450,0
2017-12-01,15:45:00,64.133,64.45,64.11,64.11,2550,0
2017-12-01,15:50:00,64.1,64.1,64,64,600,0
2017-12-01,15:55:00,63.7,64,63.65,64,1280,0
2017-12-01,16:00:00,64.1,64.35,64.1,64.3,1100,0
2017-12-01,16:05:00,64.35,64.5,64.25,64.275,2000,0
2017-12-01,16:10:00,64.35,64.45,64.2178,64.4,5041,0
2017-12-01,16:15:00,64.425,64.425,64.1,64.325,2341,0
2017-12-01,16:20:00,64.4,64.8,64.4,64.8,14408,0
2017-12-01,16:25:00,64.85,65.15,64.8,65.05,4662,0
2017-12-01,16:30:00,65,65.15,65,65.15,2500,0
2017-12-01,16:35:00,65.1,65.25,64.75,64.8,6850,0
2017-12-01,16:40:00,64.9,64.95,64.7,64.7,1700,0
2017-12-01,16:45:00,64.72,65.25,64.72,65,4030,0
2017-12-01,16:50:00,65.1,65.25,64.975,65.05,13575,0
2017-12-01,16:55:00,65.1,65.15,65.05,65.1,3605,0
2017-12-01,17:00:00,65.05,65.1,64.81,64.9,11856,0
2017-12-01,17:05:00,64.95,65,64.9,64.9,5906,0
2017-12-01,17:10:00,65,65.05,64.9242,64.9242,3912,0
2017-12-01,17:15:00,65,65,64.5,64.75,6557,0
2017-12-01,17:20:00,64.775,64.85,64.45,64.45,2600,0
2017-12-01,17:25:00,64.4,64.4,63.8,64,4000,0
2017-12-01,17:30:00,63.95,64.15,63.85,64.15,10000,0
2017-12-01,17:35:00,64,64.15,63.75,63.8,15151,0
2017-12-01,17:40:00,63.85,64.55,63.5933,64.45,7098,0
2017-12-01,17:45:00,64.6,64.65,63.75,63.9,9748,0
2017-12-01,17:50:00,63.8,64.05,63.775,63.95,2823,0
2017-12-01,17:55:00,63.95,64.125,63.75,64.1,4500,0
2017-12-01,18:00:00,64.05,64.55,63.85,64.55,2200,0
2017-12-01,18:05:00,64.45,64.95,64.45,64.95,1800,0
2017-12-01,18:10:00,65,65.05,64.7,64.7,2000,0
2017-12-01,18:15:00,64.7,64.85,64.65,64.7,1300,0
2017-12-01,18:20:00,64.8,64.85,64.7,64.7,1000,0
2017-12-01,18:25:00,64.7,64.7,64.65,64.65,405,0
2017-12-01,18:30:00,64.66,64.66,64.55,64.55,2004,0
2017-12-01,18:35:00,64.65,64.65,64.4,64.4,320,0
2017-12-01,18:40:00,64.35,64.35,64.175,64.175,300,0
2017-12-01,18:45:00,64.1,64.35,64.1,64.2,1800,0
2017-12-01,18:50:00,64.2,64.4,64.2,64.4,700,0
2017-12-01,18:55:00,64.3,64.625,64.3,64.55,1300,0
2017-12-01,19:00:00,64.55,64.7,64.55,64.7,800,0
2017-12-01,19:05:00,64.7,64.85,64.7,64.8,2098,0
2017-12-01,19:10:00,64.6,64.6,64.425,64.5,900,0
2017-12-01,19:15:00,64.5,64.55,64.375,64.45,1400,0
2017-12-01,19:20:00,64.4,64.55,64.35,64.55,1400,0
2017-12-01,19:25:00,64.45,64.6,64.45,64.55,600,0
2017-12-01,19:30:00,64.525,64.65,64.525,64.65,700,0
2017-12-01,19:35:00,64.7,65,64.7,65,1000,0
2017-12-01,19:40:00,65,65.3,65,65.1,6445,0
2017-12-01,19:45:00,65.15,65.2,65.1,65.15,1357,0
2017-12-01,19:50:00,65.1,65.15,64.975,65.15,1700,0
2017-12-01,19:55:00,65.1,65.1,64.95,64.95,1550,0
2017-12-01,20:00:00,64.95,65.05,64.85,64.85,3200,0
2017-12-01,20:05:00,64.75,64.8,64.75,64.8,300,0
2017-12-01,20:10:00,64.75,64.8,64.7,64.775,1180,0
2017-12-01,20:15:00,64.75,64.75,64.7,64.7,800,0
2017-12-01,20:20:00,64.725,64.775,64.725,64.75,1626,0
2017-12-01,20:25:00,64.75,64.9,64.75,64.9,700,0
2017-12-01,20:30:00,64.85,64.85,64.75,64.75,900,0
2017-12-01,20:35:00,64.85,64.95,64.85,64.9,1600,0
2017-12-01,20:40:00,64.9,65.1,64.9,65.1,3485,0
2017-12-01,20:45:00,65.1,65.1,65.1,65.1,200,0
2017-12-01,20:50:00,65.05,65.05,64.65,64.65,4550,0
2017-12-01,20:55:00,64.65,64.9,64.65,64.875,2200,0
2017-12-01,21:00:00,64.8,64.8,64.55,64.775,3431,0
2017-12-01,21:05:00,64.7,64.7,64.55,64.7,2563,0
2017-12-01,21:10:00,64.65,64.65,64.5,64.5,1653,0
2017-12-01,21:15:00,64.55,64.7,64.45,64.7,1894,0
2017-12-01,21:20:00,64.75,64.95,64.75,64.95,1951,0
2017-12-01,21:25:00,64.9,65.05,64.85,65.0354,5775,0
2017-12-01,21:30:00,65.05,65.1,65,65.1,1314,0
2017-12-01,21:35:00,65.05,65.175,64.95,64.95,10791,0
2017-12-01,21:40:00,65,65.15,64.85,65,7375,0
2017-12-01,21:45:00,65.05,65.1,65,65.0704,10977,0
2017-12-01,21:50:00,65.05,65.05,64.8,64.95,8755,0
2017-12-01,21:55:00,64.9,65,64.75,64.8,10626,0
2017-12-01,22:00:00,64.8,65.05,64.75,64.95,25075,0
2017-12-04,15:35:00,65.7,66.6,64.95,66,7390,0
2017-12-04,15:40:00,66.45,66.45,65.3,65.8,4439,0
2017-12-04,15:45:00,65.95,66.2,65.95,66.05,1200,0
2017-12-04,15:50:00,66,66,65,65,5918,0
2017-12-04,15:55:00,65.05,65.5,65.05,65.5,2400,0
2017-12-04,16:00:00,65.6,65.65,65.3,65.375,9051,0
2017-12-04,16:05:00,65.375,65.45,65.25,65.45,5251,0
2017-12-04,16:10:00,65.45,65.45,65.05,65.05,5424,0
2017-12-04,16:15:00,65,65.05,64.75,65,8743,0
2017-12-04,16:20:00,64.95,65.1,64.35,64.6,8555,0
2017-12-04,16:25:00,64.55,64.6,64.55,64.6,200,0
2017-12-04,16:30:00,64.5,64.5,64.15,64.15,4844,0
2017-12-04,16:35:00,64.2,64.3,64.2,64.25,2800,0
2017-12-04,16:40:00,64.2,64.2,64,64.2,4868,0
2017-12-04,16:45:00,64.15,64.15,63.65,63.795,5047,0
2017-12-04,16:50:00,63.6338,63.75,63.4,63.6,4461,0
2017-12-04,16:55:00,63.65,63.65,63.45,63.45,700,0
2017-12-04,17:00:00,63.5,63.55,63.3,63.35,1800,0
2017-12-04,17:05:00,63.45,63.5,63.35,63.5,3000,0
2017-12-04,17:10:00,63.45,63.7,63.425,63.6,2300,0
2017-12-04,17:15:00,63.6,63.65,63.35,63.4,2303,0
2017-12-04,17:20:00,63.45,63.6,63.45,63.4972,1750,0
2017-12-04,17:25:00,63.5,63.5,63.2618,63.2618,1400,0
2017-12-04,17:30:00,63.2,63.375,63.15,63.15,3619,0
2017-12-04,17:35:00,63.1,63.125,63.05,63.125,2000,0
2017-12-04,17:40:00,63.125,63.35,63.1,63.325,2929,0
2017-12-04,17:45:00,63.25,63.3,63.2,63.2,2200,0
2017-12-04,17:50:00,63.15,63.45,63.05,63.4,16834,0
2017-12-04,17:55:00,63.425,63.5,63.4,63.5,2000,0
2017-12-04,18:00:00,63.45,63.6,63.45,63.45,3300,0
2017-12-04,18:05:00,63.6,63.6,63.4,63.4,400,0
2017-12-04,18:10:00,63.3,63.55,63.3,63.55,2000,0
2017-12-04,18:15:00,63.4,63.45,63.4,63.45,400,0
2017-12-04,18:20:00,63.543,63.6,63.45,63.55,1200,0
2017-12-04,18:25:00,63.5,63.5,63.25,63.3379,4799,0
2017-12-04,18:30:00,63.375,63.45,63.15,63.15,8211,0
2017-12-04,18:35:00,63.1,63.15,63.05,63.15,1800,0
2017-12-04,18:40:00,63.15,63.25,63.1,63.1,1900,0
2017-12-04,18:45:00,63.2,63.35,63.15,63.2,2413,0
2017-12-04,18:50:00,63.25,63.3,63.2,63.2,3000,0
2017-12-04,18:55:00,63.2,63.35,63.2,63.3,1300,0
2017-12-04,19:00:00,63.35,63.35,63.35,63.35,500,0
2017-12-04,19:05:00,63.3,63.5,63.3,63.5,5413,0
2017-12-04,19:10:00,63.5,63.5,63.3,63.3,1200,0
2017-12-04,19:15:00,63.4,63.5,63.4,63.4,1300,0
2017-12-04,19:20:00,63.375,63.45,63.375,63.4,2941,0
2017-12-04,19:25:00,63.4,63.4,63.35,63.35,1600,0
2017-12-04,19:30:00,63.325,63.325,63.05,63.2,3599,0
2017-12-04,19:35:00,63.05,63.3,63.05,63.25,1263,0
2017-12-04,19:40:00,63.25,63.3,63.05,63.2,3400,0
2017-12-04,19:45:00,63.2,63.2,62.95,62.95,9730,0
2017-12-04,19:50:00,62.85,62.85,62.7,62.7,1900,0
2017-12-04,19:55:00,62.65,62.8,62.6,62.8,4459,0
2017-12-04,20:00:00,62.75,62.8,62.75,62.75,500,0
2017-12-04,20:05:00,62.75,62.85,62.75,62.8,2100,0
2017-12-04,20:10:00,62.8,62.8,62.7,62.7,3260,0
2017-12-04,20:15:00,62.6,62.8,62.5,62.8,4052,0
2017-12-04,20:20:00,62.775,62.8,62.5,62.5,8199,0
2017-12-04,20:25:00,62.55,62.7,62.55,62.7,2700,0
2017-12-04,20:30:00,62.7,62.7,62.35,62.45,8736,0
2017-12-04,20:35:00,62.45,62.45,62.3,62.35,3100,0
2017-12-04,20:40:00,62.3,62.7,62.3,62.55,4300,0
2017-12-04,20:45:00,62.6,62.6,62.4,62.4,2000,0
2017-12-04,20:50:00,62.45,62.45,62.4,62.4,400,0
2017-12-04,20:55:00,62.35,62.375,62.25,62.35,2154,0
2017-12-04,21:00:00,62.3,62.3,62.1,62.1,2000,0
2017-12-04,21:05:00,62.1,62.175,61.9,62.1,7707,0
2017-12-04,21:10:00,62.05,62.2,62.05,62.2,2545,0
2017-12-04,21:15:00,62.25,62.25,62.1,62.12,1604,0
2017-12-04,21:20:00,62.1,62.1,61.9,61.9,3298,0
2017-12-04,21:25:00,61.85,62.05,61.85,62.05,2936,0
2017-12-04,21:30:00,62,62,61.85,61.85,2200,0
2017-12-04,21:35:00,61.9,61.9,61.65,61.65,10234,0
2017-12-04,21:40:00,61.65,61.75,61.65,61.675,9867,0
2017-12-04,21:45:00,61.7,61.8,61.66,61.75,3958,0
2017-12-04,21:50:00,61.75,61.85,61.45,61.45,12330,0
2017-12-04,21:55:00,61.4,61.55,61.3,61.5,12713,0
2017-12-04,22:00:00,61.5,61.6,61.4,61.4,69661,0
2017-12-05,15:35:00,61.2,61.2,61.2,61.2,3275,0
2017-12-05,15:40:00,61.51,61.55,61,61.45,4900,0
2017-12-05,15:45:00,61.6,61.85,61.6,61.85,1455,0
2017-12-05,15:50:00,61.8,61.8,61.7,61.7,1000,0
2017-12-05,15:55:00,61.7,61.7,61.5,61.5,1100,0
2017-12-05,16:00:00,61.4,61.4,61.2,61.245,700,0
2017-12-05,16:05:00,61.25,61.4,61.25,61.4,1504,0
2017-12-05,16:10:00,61.5,61.5,61.19,61.4,4350,0
2017-12-05,16:15:00,61.45,61.45,61.05,61.05,12100,0
2017-12-05,16:20:00,60.9,61.25,60.7,61.25,3700,0
2017-12-05,16:25:00,61.35,61.4,61.35,61.4,400,0
2017-12-05,16:30:00,61.25,61.25,61.15,61.15,1100,0
2017-12-05,16:35:00,61,61.1,60.85,61.1,800,0
2017-12-05,16:40:00,61,61,60.8,60.8,1139,0
2017-12-05,16:45:00,60.7,60.8,60.6,60.65,1858,0
2017-12-05,16:50:00,60.6,60.7,60.6,60.6,2627,0
2017-12-05,16:55:00,60.6,60.6,60.35,60.35,2978,0
2017-12-05,17:00:00,60.375,60.65,60.35,60.55,2571,0
2017-12-05,17:05:00,60.6,60.85,60.6,60.8,935,0
2017-12-05,17:10:00,60.8,60.9,60.75,60.825,3601,0
2017-12-05,17:15:00,60.85,60.975,60.8,60.9,4830,0
2017-12-05,17:20:00,60.8,60.8,60.675,60.7,900,0
2017-12-05,17:25:00,60.65,60.85,60.65,60.825,3391,0
2017-12-05,17:30:00,60.75,60.75,60.55,60.55,3033,0
2017-12-05,17:35:00,60.6,60.65,60.5,60.5,3622,0
2017-12-05,17:40:00,60.5,60.5,60.4,60.45,800,0
2017-12-05,17:45:00,60.4,60.9,60.4,60.9,2900,0
2017-12-05,17:50:00,60.85,60.85,60.7,60.7,1100,0
2017-12-05,17:55:00,60.75,60.75,60.55,60.55,600,0
2017-12-05,18:00:00,60.4,60.55,60.4,60.55,1000,0
2017-12-05,18:05:00,60.55,60.6,60.5,60.55,2000,0
2017-12-05,18:10:00,60.6,60.65,60.55,60.55,1600,0
2017-12-05,18:15:00,60.45,60.6,60.45,60.6,300,0
2017-12-05,18:20:00,60.5,60.5,60.4,60.5,600,0
2017-12-05,18:25:00,60.35,60.4,60.3,60.3,11470,0
2017-12-05,18:30:00,60.35,60.55,60.3,60.4,1500,0
2017-12-05,18:35:00,60.45,60.65,60.425,60.65,1700,0
2017-12-05,18:40:00,60.6,60.6,60.5747,60.5747,1300,0
2017-12-05,18:45:00,60.5,60.55,60.45,60.5,1860,0
2017-12-05,18:50:00,60.59,60.7,60.45,60.45,2000,0
2017-12-05,18:55:00,60.5,60.5,60.435,60.435,500,0
2017-12-05,19:00:00,60.45,60.45,60.4,60.4,200,0
2017-12-05,19:05:00,60.3,60.45,60.25,60.4,1700,0
2017-12-05,19:10:00,60.3422,60.3422,60.2,60.25,600,0
2017-12-05,19:15:00,60.3,60.35,60.25,60.25,1000,0
2017-12-05,19:20:00,60.25,60.45,60.25,60.45,1700,0
2017-12-05,19:25:00,60.55,60.55,60.4,60.5,800,0
2017-12-05,19:30:00,60.5,60.7,60.45,60.7,1700,0
2017-12-05,19:35:00,60.65,60.6527,60.575,60.6,647,0
2017-12-05,19:40:00,60.65,60.7,60.45,60.5,1700,0
2017-12-05,19:45:00,60.4,60.5,60.4,60.5,500,0
2017-12-05,19:50:00,60.4,60.4,60.375,60.375,300,0
2017-12-05,19:55:00,60.45,60.45,60.3,60.3,2500,0
2017-12-05,20:00:00,60.3,60.3,60.25,60.3,700,0
2017-12-05,20:05:00,60.25,60.35,60.2,60.2,5702,0
2017-12-05,20:10:00,60.15,60.25,60.15,60.2,800,0
2017-12-05,20:15:00,60.2,60.25,60.15,60.15,1200,0
2017-12-05,20:20:00,60.2,60.245,60.15,60.15,915,0
2017-12-05,20:25:00,60.1,60.15,60.05,60.15,1300,0
2017-12-05,20:30:00,60.25,60.25,60.2,60.2,910,0
2017-12-05,20:35:00,60.15,60.15,60.05,60.05,1000,0
2017-12-05,20:40:00,60.05,60.1,59.95,60,3143,0
2017-12-05,20:45:00,60.05,60.1,60,60,1400,0
2017-12-05,20:50:00,60.05,60.05,59.85,59.9,3912,0
2017-12-05,20:55:00,59.9,59.9,59.65,59.65,4706,0
2017-12-05,21:00:00,59.8,59.95,59.7,59.8,4005,0
2017-12-05,21:05:00,59.8,59.8,59.65,59.65,2290,0
2017-12-05,21:10:00,59.6,59.6,59.425,59.425,1300,0
2017-12-05,21:15:00,59.4,59.45,59.2,59.35,7419,0
2017-12-05,21:20:00,59.4,59.4,59.3,59.317,770,0
2017-12-05,21:25:00,59.2573,59.4,59.2,59.325,2805,0
2017-12-05,21:30:00,59.45,59.67,59.4,59.4,5412,0
2017-12-05,21:35:00,59.5,59.5,59.2,59.25,4600,0
2017-12-05,21:40:00,59.21,59.25,59.1,59.195,4210,0
2017-12-05,21:45:00,59.1,59.25,59.1,59.1,6338,0
2017-12-05,21:50:00,59.05,59.15,58.95,59.1,7610,0
2017-12-05,21:55:00,59.05,59.05,58.65,58.725,13695,0
2017-12-05,22:00:00,58.7,59,58.65,58.875,32818,0
2017-12-06,15:35:00,58.9,58.9,58.9,58.9,1619,0
2017-12-06,15:40:00,59.3,59.3,58.65,59.1,2900,0
2017-12-06,15:45:00,59.145,59.15,58.75,58.75,822,0
2017-12-06,15:50:00,58.9,58.9,58.2,58.2,10018,0
2017-12-06,15:55:00,58.33,58.33,58.1,58.1,5400,0
2017-12-06,16:00:00,58.25,58.25,58.15,58.2,4497,0
2017-12-06,16:05:00,58.05,58.5,58.05,58.5,2275,0
2017-12-06,16:10:00,58.45,58.5,58.4,58.5,600,0
2017-12-06,16:15:00,58.45,58.55,58.325,58.55,1900,0
2017-12-06,16:20:00,58.45,58.75,58.45,58.7,1900,0
2017-12-06,16:25:00,58.75,58.775,58.65,58.7,1809,0
2017-12-06,16:30:00,58.75,58.8,58.45,58.55,6099,0
2017-12-06,16:35:00,58.65,58.7,58.5,58.6,2200,0
2017-12-06,16:40:00,58.5,58.5,58.4,58.4,1200,0
2017-12-06,16:45:00,58.366,58.4005,58.366,58.4005,600,0
2017-12-06,16:50:00,58.3,58.35,58.3,58.3,1800,0
2017-12-06,16:55:00,58.225,58.225,58.2,58.2,300,0
2017-12-06,17:00:00,58.25,58.4,58.25,58.275,1900,0
2017-12-06,17:05:00,58.15,58.2,58,58,4598,0
2017-12-06,17:10:00,58,58.1,58,58.1,2828,0
2017-12-06,17:15:00,58.1,58.15,58,58.1,1334,0
2017-12-06,17:20:00,58.15,58.15,58.05,58.1,700,0
2017-12-06,17:25:00,58.05,58.2,58.05,58.15,800,0
2017-12-06,17:30:00,58.1,58.1,57.9,57.975,3575,0
2017-12-06,17:35:00,57.9,58,57.9,57.9,1229,0
2017-12-06,17:40:00,57.9,57.9,57.75,57.75,700,0
2017-12-06,17:45:00,57.9,57.95,57.8,57.8,2313,0
2017-12-06,17:50:00,57.8,57.8,57.36,57.51,4228,0
2017-12-06,17:55:00,57.5,57.65,57.5,57.55,2552,0
2017-12-06,18:00:00,57.7,57.95,57.6,57.95,2000,0
2017-12-06,18:05:00,57.9,57.9,57.8,57.85,2066,0
2017-12-06,18:10:00,57.9,57.9,57.8,57.8,400,0
2017-12-06,18:15:00,57.89,57.89,57.7,57.7,910,0
2017-12-06,18:20:00,57.65,57.65,57.6,57.6,700,0
2017-12-06,18:25:00,57.55,57.6,57.5,57.5,2741,0
2017-12-06,18:30:00,57.6,57.6,57.4,57.45,2698,0
2017-12-06,18:35:00,57.5,57.55,57.35,57.55,2700,0
2017-12-06,18:40:00,57.55,57.6,57.55,57.575,1900,0
2017-12-06,18:45:00,57.5,57.55,57.425,57.55,2157,0
2017-12-06,18:50:00,57.5,57.545,57.4726,57.4726,1401,0
2017-12-06,18:55:00,57.55,57.6,57.5,57.5,800,0
2017-12-06,19:00:00,57.5,57.5,57.5,57.5,329,0
2017-12-06,19:05:00,57.5,57.5,57.2,57.3,2300,0
2017-12-06,19:10:00,57.2,57.35,57.2,57.25,1900,0
2017-12-06,19:15:00,57.3,57.4,57.25,57.305,1400,0
2017-12-06,19:20:00,57.4,57.45,57.35,57.45,2400,0
2017-12-06,19:25:00,57.5,57.5,57.4,57.5,600,0
2017-12-06,19:30:00,57.4,57.4,57.3,57.3,800,0
2017-12-06,19:35:00,57.3,57.3,57.225,57.25,500,0
2017-12-06,19:40:00,57.25,57.425,57.25,57.3,2595,0
2017-12-06,19:45:00,57.4,57.4,57.25,57.4,2800,0
2017-12-06,19:50:00,57.445,57.45,57.275,57.3,3800,0
2017-12-06,19:55:00,57.3,57.475,57.3,57.475,4100,0
2017-12-06,20:00:00,57.45,57.45,57.3,57.3,12184,0
2017-12-06,20:05:00,57.3,57.5,57.15,57.5,9100,0
2017-12-06,20:10:00,57.45,57.8,57.45,57.75,3009,0
2017-12-06,20:15:00,57.85,57.9,57.85,57.85,500,0
2017-12-06,20:20:00,57.75,57.85,57.75,57.85,400,0
2017-12-06,20:25:00,57.8,57.8,57.7,57.75,1673,0
2017-12-06,20:30:00,57.75,57.8,57.7,57.75,2900,0
2017-12-06,20:35:00,57.7,57.75,57.65,57.693,1500,0
2017-12-06,20:40:00,57.7,57.85,57.65,57.75,2700,0
2017-12-06,20:45:00,57.8,57.8,57.75,57.75,800,0
2017-12-06,20:50:00,57.8,57.8136,57.75,57.8136,1500,0
2017-12-06,20:55:00,57.775,57.775,57.6,57.625,1704,0
2017-12-06,21:00:00,57.625,57.7,57.55,57.65,1501,0
2017-12-06,21:05:00,57.625,57.7,57.55,57.65,2366,0
2017-12-06,21:10:00,57.65,57.825,57.65,57.65,2693,0
2017-12-06,21:15:00,57.625,57.775,57.6,57.7,2532,0
2017-12-06,21:20:00,57.75,57.775,57.6,57.6,1800,0
2017-12-06,21:25:00,57.6,57.65,57.325,57.5,13478,0
2017-12-06,21:30:00,57.5,57.625,57.475,57.475,4942,0
2017-12-06,21:35:00,57.5,57.55,57.35,57.4,6768,0
2017-12-06,21:40:00,57.4,57.4,57.15,57.2,8024,0
2017-12-06,21:45:00,57.2,57.35,57.2,57.25,7348,0
2017-12-06,21:50:00,57.3,57.3,57.2,57.25,14101,0
2017-12-06,21:55:00,57.2,57.45,57.2,57.45,21624,0
2017-12-06,22:00:00,57.45,57.55,57.3,57.4,29469,0
