Date,Time,Open,High,Low,Close,Volume,OpenInt
2017-10-26,15:35:00,26.56,26.56,26.56,26.56,492,0
2017-10-26,16:00:00,26.6483,26.6483,26.6483,26.6483,200,0
2017-10-26,16:05:00,26.6,26.6,26.6,26.6,100,0
2017-10-26,16:15:00,26.6,26.6,26.6,26.6,100,0
2017-10-26,16:35:00,26.6,26.6,26.6,26.6,266,0
2017-10-26,16:55:00,26.6,26.6,26.6,26.6,400,0
2017-10-26,17:25:00,26.6,26.6,26.58,26.58,1694,0
2017-10-26,17:40:00,26.58,26.58,26.58,26.58,200,0
2017-10-26,17:50:00,26.59,26.59,26.59,26.59,100,0
2017-10-26,18:00:00,26.5929,26.5929,26.5929,26.5929,1000,0
2017-10-26,18:05:00,26.59,26.59,26.59,26.59,100,0
2017-10-26,18:20:00,26.59,26.59,26.59,26.59,100,0
2017-10-26,18:30:00,26.6131,26.6131,26.6131,26.6131,113,0
2017-10-26,18:40:00,26.59,26.59,26.59,26.59,100,0
2017-10-26,18:45:00,26.59,26.59,26.59,26.59,100,0
2017-10-26,18:50:00,26.58,26.58,26.58,26.58,100,0
2017-10-26,19:00:00,26.58,26.58,26.55,26.55,2800,0
2017-10-26,19:05:00,26.54,26.55,26.54,26.55,1100,0
2017-10-26,19:15:00,26.5564,26.5564,26.5564,26.5564,500,0
2017-10-26,19:25:00,26.56,26.56,26.5597,26.5597,200,0
2017-10-26,19:30:00,26.58,26.61,26.5799,26.5799,1500,0
2017-10-26,19:50:00,26.56,26.56,26.56,26.56,100,0
2017-10-26,19:55:00,26.58,26.58,26.58,26.58,100,0
2017-10-26,20:00:00,26.58,26.6147,26.58,26.6147,503,0
2017-10-26,20:25:00,26.6216,26.6216,26.6216,26.6216,500,0
2017-10-26,20:30:00,26.626,26.626,26.626,26.626,133,0
2017-10-26,20:40:00,26.5793,26.5793,26.5793,26.5793,139,0
2017-10-26,20:50:00,26.6492,26.6492,26.58,26.58,245,0
2017-10-26,20:55:00,26.6492,26.6492,26.6492,26.6492,111,0
2017-10-26,21:00:00,26.57,26.6,26.57,26.6,402,0
2017-10-26,21:05:00,26.58,26.5963,26.58,26.5963,500,0
2017-10-26,21:10:00,26.592,26.592,26.592,26.592,101,0
2017-10-26,21:25:00,26.57,26.6042,26.57,26.6042,273,0
2017-10-26,21:35:00,26.56,26.56,26.56,26.56,100,0
2017-10-26,21:45:00,26.56,26.5942,26.56,26.56,520,0
2017-10-26,21:50:00,26.57,26.57,26.56,26.56,300,0
2017-10-26,21:55:00,26.56,26.592,26.56,26.56,646,0
2017-10-26,22:00:00,26.56,26.56,26.56,26.56,500,0
2017-10-27,15:35:00,26.55,26.55,26.55,26.55,1086,0
2017-10-27,15:40:00,26.55,26.55,26.55,26.55,209,0
2017-10-27,15:50:00,26.56,26.5628,26.56,26.5628,297,0
2017-10-27,15:55:00,26.56,26.56,26.56,26.56,140,0
2017-10-27,17:10:00,26.58,26.58,26.57,26.57,5284,0
2017-10-27,17:15:00,26.58,26.58,26.57,26.57,300,0
2017-10-27,17:25:00,26.585,26.59,26.57,26.59,770,0
2017-10-27,17:35:00,26.59,26.6,26.59,26.6,1200,0
2017-10-27,18:00:00,26.6145,26.6145,26.59,26.59,280,0
2017-10-27,18:10:00,26.6263,26.6263,26.6263,26.6263,146,0
2017-10-27,18:15:00,26.6297,26.6297,26.6297,26.6297,130,0
2017-10-27,18:25:00,26.62,26.62,26.62,26.62,300,0
2017-10-27,18:30:00,26.6398,26.6398,26.6398,26.6398,525,0
2017-10-27,18:35:00,26.6317,26.64,26.6317,26.6399,5634,0
2017-10-27,18:50:00,26.64,26.64,26.64,26.64,100,0
2017-10-27,19:20:00,26.64,26.64,26.64,26.64,100,0
2017-10-27,19:25:00,26.64,26.64,26.64,26.64,122,0
2017-10-27,19:40:00,26.65,26.66,26.65,26.66,900,0
2017-10-27,19:45:00,26.66,26.66,26.65,26.66,600,0
2017-10-27,19:55:00,26.67,26.67,26.64,26.64,4546,0
2017-10-27,20:00:00,26.62,26.6395,26.61,26.6395,303,0
2017-10-27,20:05:00,26.605,26.63,26.605,26.63,4142,0
2017-10-27,20:10:00,26.615,26.6274,26.59,26.6274,1344,0
2017-10-27,20:15:00,26.64,26.65,26.64,26.65,800,0
2017-10-27,20:20:00,26.65,26.65,26.65,26.65,300,0
2017-10-27,20:25:00,26.66,26.66,26.65,26.65,400,0
2017-10-27,20:35:00,26.67,26.67,26.65,26.65,490,0
2017-10-27,20:40:00,26.6797,26.6797,26.6797,26.6797,112,0
2017-10-27,20:50:00,26.65,26.65,26.65,26.65,200,0
2017-10-27,20:55:00,26.6797,26.6797,26.6797,26.6797,141,0
2017-10-27,21:00:00,26.68,26.7,26.68,26.695,929,0
2017-10-27,21:05:00,26.72,26.7396,26.7,26.7396,386,0
2017-10-27,21:10:00,26.7153,26.7153,26.7153,26.7153,1000,0
2017-10-27,21:15:00,26.7,26.7,26.7,26.7,200,0
2017-10-27,21:25:00,26.7,26.7,26.65,26.65,2116,0
2017-10-27,21:35:00,26.68,26.7,26.65,26.65,1600,0
2017-10-27,21:40:00,26.68,26.68,26.68,26.68,400,0
2017-10-27,21:45:00,26.68,26.68,26.67,26.67,300,0
2017-10-27,21:50:00,26.655,26.655,26.65,26.65,200,0
2017-10-27,21:55:00,26.65,26.65,26.65,26.65,100,0
2017-10-27,22:00:00,26.69,26.69,26.67,26.67,574,0
2017-10-30,14:35:00,26.65,26.65,26.65,26.65,590,0
2017-10-30,14:45:00,26.65,26.65,26.65,26.65,100,0
2017-10-30,15:00:00,26.66,26.66,26.66,26.66,100,0
2017-10-30,15:05:00,26.65,26.675,26.65,26.675,267,0
2017-10-30,15:10:00,26.65,26.65,26.65,26.65,200,0
2017-10-30,15:15:00,26.6501,26.6995,26.6501,26.6995,321,0
2017-10-30,15:30:00,26.69,26.7,26.69,26.7,1100,0
2017-10-30,15:50:00,26.7,26.7,26.7,26.7,185,0
2017-10-30,16:05:00,26.75,26.75,26.75,26.75,100,0
2017-10-30,16:55:00,26.74,26.74,26.74,26.74,200,0
2017-10-30,17:00:00,26.7325,26.7325,26.7325,26.7325,486,0
2017-10-30,17:20:00,26.7,26.7,26.7,26.7,657,0
2017-10-30,17:30:00,26.716,26.716,26.716,26.716,152,0
2017-10-30,17:40:00,26.72,26.72,26.72,26.72,200,0
2017-10-30,18:50:00,26.7,26.7,26.7,26.7,632,0
2017-10-30,19:10:00,26.75,26.75,26.75,26.75,306,0
2017-10-30,19:15:00,26.7416,26.7416,26.7416,26.7416,617,0
2017-10-30,19:25:00,26.75,26.75,26.75,26.75,195,0
2017-10-30,19:30:00,26.75,26.75,26.75,26.75,139,0
2017-10-30,19:40:00,26.7,26.7,26.7,26.7,200,0
2017-10-30,20:30:00,26.7,26.7,26.7,26.7,388,0
2017-10-30,20:40:00,26.7175,26.7175,26.7175,26.7175,111,0
2017-10-30,20:45:00,26.7238,26.7238,26.7238,26.7238,135,0
2017-10-30,21:00:00,26.7466,26.75,26.73,26.73,1381,0
2017-10-31,14:35:00,26.7,26.7,26.7,26.7,1005,0
2017-10-31,14:50:00,26.69,26.6942,26.69,26.6942,1350,0
2017-10-31,14:55:00,26.69,26.69,26.69,26.69,1900,0
2017-10-31,15:10:00,26.6901,26.6901,26.6901,26.6901,500,0
2017-10-31,15:15:00,26.6912,26.6912,26.6912,26.6912,500,0
2017-10-31,15:20:00,26.69,26.69,26.69,26.69,200,0
2017-10-31,15:45:00,26.676,26.676,26.676,26.676,293,0
2017-10-31,15:50:00,26.694,26.694,26.694,26.694,290,0
2017-10-31,15:55:00,26.69,26.6948,26.68,26.68,389,0
2017-10-31,16:25:00,26.698,26.698,26.698,26.698,250,0
2017-10-31,16:35:00,26.66,26.66,26.66,26.66,200,0
2017-10-31,16:55:00,26.6638,26.6638,26.6638,26.6638,373,0
2017-10-31,17:00:00,26.6714,26.6714,26.6714,26.6714,141,0
2017-10-31,17:10:00,26.68,26.7,26.66,26.7,3506,0
2017-10-31,17:20:00,26.701,26.7345,26.701,26.7345,1300,0
2017-10-31,17:50:00,26.7,26.7,26.7,26.7,100,0
2017-10-31,18:10:00,26.75,26.75,26.75,26.75,833,0
2017-10-31,18:20:00,26.75,26.75,26.75,26.75,100,0
2017-10-31,18:30:00,26.7418,26.7418,26.7418,26.7418,350,0
2017-10-31,18:35:00,26.7,26.7434,26.7,26.7434,875,0
2017-10-31,18:40:00,26.743,26.743,26.743,26.743,600,0
2017-10-31,18:45:00,26.75,26.75,26.75,26.75,895,0
2017-10-31,18:55:00,26.75,26.75,26.75,26.75,105,0
2017-10-31,19:00:00,26.78,26.78,26.75,26.75,471,0
2017-10-31,19:05:00,26.75,26.75,26.7,26.7,300,0
2017-10-31,19:20:00,26.772,26.772,26.772,26.772,100,0
2017-10-31,19:35:00,26.7,26.7,26.7,26.7,107,0
2017-10-31,19:45:00,26.7717,26.79,26.76,26.79,2235,0
2017-10-31,19:55:00,26.763,26.763,26.763,26.763,659,0
2017-10-31,20:00:00,26.78,26.8,26.78,26.8,2000,0
2017-10-31,20:05:00,26.7907,26.7907,26.7907,26.7907,136,0
2017-10-31,20:25:00,26.7709,26.7709,26.7709,26.7709,170,0
2017-10-31,20:30:00,26.7991,26.7991,26.7991,26.7991,119,0
2017-10-31,20:40:00,26.755,26.755,26.755,26.755,100,0
2017-10-31,20:45:00,26.79,26.79,26.79,26.79,100,0
2017-10-31,20:50:00,26.7759,26.83,26.7759,26.7967,1833,0
2017-10-31,20:55:00,26.8,26.8,26.725,26.725,209,0
2017-10-31,21:00:00,26.74,26.83,26.74,26.83,5178,0
2017-11-01,14:35:00,26.77,26.77,26.77,26.77,443,0
2017-11-01,14:50:00,26.76,26.83,26.76,26.79,1868,0
2017-11-01,14:55:00,26.7872,26.83,26.7872,26.83,1711,0
2017-11-01,15:20:00,26.8014,26.8014,26.8014,26.8014,600,0
2017-11-01,15:40:00,26.77,26.77,26.77,26.77,200,0
2017-11-01,15:45:00,26.7701,26.7701,26.7701,26.7701,170,0
2017-11-01,16:45:00,26.8294,26.8294,26.8294,26.8294,126,0
2017-11-01,17:05:00,26.8004,26.8004,26.8004,26.8004,188,0
2017-11-01,17:10:00,26.8025,26.8025,26.76,26.76,3257,0
2017-11-01,17:15:00,26.76,26.76,26.76,26.76,100,0
2017-11-01,17:20:00,26.7567,26.7567,26.7567,26.7567,400,0
2017-11-01,18:20:00,26.76,26.76,26.76,26.76,298,0
2017-11-01,18:30:00,26.76,26.76,26.72,26.72,3900,0
2017-11-01,19:00:00,26.7343,26.7343,26.7343,26.7343,238,0
2017-11-01,19:25:00,26.8095,26.8095,26.8095,26.8095,370,0
2017-11-01,19:45:00,26.72,26.72,26.7,26.7,500,0
2017-11-01,20:05:00,26.68,26.68,26.6739,26.675,1100,0
2017-11-01,20:10:00,26.68,26.68,26.6608,26.67,5311,0
2017-11-01,20:15:00,26.665,26.68,26.66,26.6682,669,0
2017-11-01,20:20:00,26.68,26.68,26.6436,26.6436,15057,0
2017-11-01,20:25:00,26.63,26.63,26.6268,26.6268,200,0
2017-11-01,20:30:00,26.63,26.63,26.56,26.56,16536,0
2017-11-01,20:35:00,26.58,26.63,26.58,26.63,1500,0
2017-11-01,20:40:00,26.65,26.65,26.61,26.629,6002,0
2017-11-01,20:50:00,26.63,26.68,26.63,26.65,5907,0
2017-11-02,14:35:00,26.58,26.58,26.58,26.58,393,0
2017-11-02,14:40:00,26.5931,26.5931,26.5931,26.5931,117,0
2017-11-02,15:20:00,26.6,26.6,26.6,26.6,100,0
2017-11-02,15:25:00,26.57,26.57,26.55,26.55,2570,0
2017-11-02,15:30:00,26.57,26.57,26.57,26.57,421,0
2017-11-02,15:35:00,26.57,26.57,26.57,26.57,500,0
2017-11-02,15:40:00,26.5699,26.57,26.5699,26.57,6200,0
2017-11-02,15:50:00,26.56,26.56,26.56,26.56,100,0
2017-11-02,15:55:00,26.57,26.57,26.56,26.56,400,0
2017-11-02,16:10:00,26.56,26.57,26.56,26.57,300,0
2017-11-02,16:20:00,26.57,26.57,26.57,26.57,477,0
2017-11-02,16:25:00,26.57,26.57,26.57,26.57,765,0
2017-11-02,16:30:00,26.57,26.57,26.57,26.57,200,0
2017-11-02,16:35:00,26.57,26.57,26.57,26.57,142,0
2017-11-02,16:45:00,26.565,26.57,26.565,26.57,367,0
2017-11-02,16:55:00,26.566,26.566,26.566,26.566,600,0
2017-11-02,17:00:00,26.5638,26.5638,26.5638,26.5638,384,0
2017-11-02,17:05:00,26.57,26.57,26.57,26.57,105,0
2017-11-02,17:10:00,26.57,26.57,26.5661,26.5661,381,0
2017-11-02,17:25:00,26.5609,26.5609,26.5609,26.5609,210,0
2017-11-02,17:30:00,26.57,26.57,26.57,26.57,497,0
2017-11-02,17:35:00,26.57,26.57,26.57,26.57,495,0
2017-11-02,17:50:00,26.57,26.57,26.57,26.57,200,0
2017-11-02,17:55:00,26.5609,26.5609,26.5609,26.5609,400,0
2017-11-02,18:00:00,26.57,26.62,26.56,26.62,2515,0
2017-11-02,18:10:00,26.6,26.6,26.6,26.6,200,0
2017-11-02,18:25:00,26.57,26.57,26.57,26.57,200,0
2017-11-02,18:30:00,26.57,26.57,26.57,26.57,100,0
2017-11-02,18:35:00,26.57,26.57,26.57,26.57,200,0
2017-11-02,18:40:00,26.57,26.57,26.57,26.57,900,0
2017-11-02,19:00:00,26.56,26.57,26.56,26.57,826,0
2017-11-02,19:15:00,26.5669,26.5669,26.5669,26.5669,505,0
2017-11-02,19:20:00,26.57,26.57,26.57,26.57,1678,0
2017-11-02,19:25:00,26.57,26.57,26.57,26.57,1000,0
2017-11-02,19:30:00,26.57,26.57,26.57,26.57,936,0
2017-11-02,19:40:00,26.5601,26.5627,26.5601,26.5627,1707,0
2017-11-02,19:45:00,26.56,26.56,26.56,26.56,104,0
2017-11-02,19:50:00,26.5699,26.57,26.5699,26.57,4455,0
2017-11-02,19:55:00,26.57,26.57,26.56,26.57,7136,0
2017-11-02,20:05:00,26.57,26.57,26.5699,26.5699,3454,0
2017-11-02,20:15:00,26.57,26.57,26.5698,26.5698,3300,0
2017-11-02,20:45:00,26.5699,26.679,26.5699,26.679,6158,0
2017-11-02,20:50:00,26.6724,26.6724,26.6724,26.6724,119,0
2017-11-03,14:35:00,26.58,26.58,26.58,26.58,292,0
2017-11-03,15:00:00,26.5415,26.5415,26.5415,26.5415,159,0
2017-11-03,15:05:00,26.58,26.58,26.53,26.53,5839,0
2017-11-03,15:10:00,26.5304,26.5304,26.5304,26.5304,125,0
2017-11-03,15:20:00,26.55,26.55,26.53,26.53,3900,0
2017-11-03,15:25:00,26.52,26.52,26.52,26.52,400,0
2017-11-03,15:35:00,26.52,26.52,26.52,26.52,300,0
2017-11-03,15:50:00,26.53,26.54,26.52,26.54,700,0
2017-11-03,16:00:00,26.5365,26.5365,26.5365,26.5365,181,0
2017-11-03,16:10:00,26.5329,26.5329,26.5329,26.5329,900,0
2017-11-03,16:15:00,26.54,26.54,26.537,26.537,4623,0
2017-11-03,16:25:00,26.535,26.54,26.535,26.54,4036,0
2017-11-03,16:30:00,26.5429,26.5429,26.5429,26.5429,1300,0
2017-11-03,16:40:00,26.55,26.55,26.55,26.55,323,0
2017-11-03,16:45:00,26.57,26.625,26.5689,26.57,3111,0
2017-11-03,17:00:00,26.6132,26.6132,26.6132,26.6132,103,0
2017-11-03,17:25:00,26.61,26.61,26.61,26.61,240,0
2017-11-03,19:05:00,26.5945,26.5945,26.5945,26.5945,166,0
2017-11-03,19:30:00,26.6152,26.6152,26.6043,26.6043,1128,0
2017-11-03,20:20:00,26.6,26.6,26.6,26.6,750,0
2017-11-03,20:30:00,26.62,26.62,26.62,26.62,444,0
2017-11-03,21:00:00,26.61,26.61,26.61,26.61,400,0
2017-11-06,15:35:00,26.57,26.57,26.57,26.57,539,0
2017-11-06,16:00:00,26.57,26.57,26.53,26.53,770,0
2017-11-06,16:15:00,26.629,26.629,26.629,26.629,175,0
2017-11-06,17:05:00,26.5301,26.5657,26.5301,26.5444,920,0
2017-11-06,17:25:00,26.53,26.565,26.53,26.5507,2299,0
2017-11-06,17:35:00,26.53,26.54,26.52,26.52,5440,0
2017-11-06,17:45:00,26.5584,26.5584,26.5584,26.5584,327,0
2017-11-06,17:55:00,26.5508,26.5508,26.5508,26.5508,143,0
2017-11-06,18:15:00,26.52,26.53,26.51,26.512,3200,0
2017-11-06,18:20:00,26.55,26.55,26.55,26.55,2600,0
2017-11-06,18:40:00,26.54,26.55,26.54,26.55,2200,0
2017-11-06,19:00:00,26.54,26.54,26.54,26.54,1750,0
2017-11-06,19:25:00,26.52,26.52,26.52,26.52,200,0
2017-11-06,19:45:00,26.53,26.53,26.53,26.53,100,0
2017-11-06,20:10:00,26.53,26.54,26.53,26.54,478,0
2017-11-06,20:30:00,26.536,26.54,26.53,26.54,449,0
2017-11-06,20:35:00,26.54,26.54,26.5399,26.5399,6302,0
2017-11-06,20:45:00,26.54,26.54,26.5326,26.5326,5621,0
2017-11-06,21:20:00,26.53,26.5392,26.53,26.5392,2202,0
2017-11-06,21:25:00,26.54,26.54,26.54,26.54,2044,0
2017-11-06,21:45:00,26.5744,26.5744,26.5744,26.5744,474,0
2017-11-06,22:00:00,26.55,26.55,26.55,26.55,115,0
2017-11-07,15:35:00,26.52,26.52,26.52,26.52,599,0
2017-11-07,16:20:00,26.5314,26.5314,26.5314,26.5314,355,0
2017-11-07,16:30:00,26.53,26.53,26.52,26.52,3271,0
2017-11-07,16:35:00,26.5,26.5062,26.5,26.5062,638,0
2017-11-07,16:40:00,26.51,26.51,26.51,26.51,100,0
2017-11-07,16:45:00,26.53,26.5349,26.53,26.5349,3854,0
2017-11-07,16:50:00,26.53,26.53,26.53,26.53,200,0
2017-11-07,16:55:00,26.54,26.54,26.5399,26.5399,5570,0
2017-11-07,17:35:00,26.54,26.54,26.54,26.54,8374,0
2017-11-07,17:40:00,26.54,26.54,26.54,26.54,1000,0
2017-11-07,17:45:00,26.5321,26.5321,26.5321,26.5321,3000,0
2017-11-07,18:40:00,26.54,26.54,26.5378,26.5378,1434,0
2017-11-07,19:30:00,26.535,26.535,26.531,26.531,468,0
2017-11-07,19:35:00,26.54,26.54,26.5399,26.5399,2809,0
2017-11-07,19:50:00,26.54,26.54,26.5399,26.5399,5689,0
2017-11-07,20:05:00,26.54,26.54,26.5399,26.5399,5800,0
2017-11-07,20:20:00,26.54,26.54,26.54,26.54,503,0
2017-11-07,20:25:00,26.54,26.54,26.54,26.54,184,0
2017-11-07,20:35:00,26.54,26.54,26.52,26.52,1705,0
2017-11-07,20:45:00,26.525,26.53,26.52,26.52,4537,0
2017-11-07,20:55:00,26.52,26.54,26.52,26.54,600,0
2017-11-07,21:05:00,26.524,26.524,26.521,26.521,265,0
2017-11-07,21:15:00,26.54,26.54,26.54,26.54,300,0
2017-11-07,21:20:00,26.5297,26.5297,26.5297,26.5297,181,0
2017-11-07,21:50:00,26.53,26.53,26.53,26.53,540,0
2017-11-07,21:55:00,26.52,26.52,26.52,26.52,232,0
2017-11-07,22:00:00,26.54,26.54,26.54,26.54,100,0
2017-11-08,15:35:00,26.54,26.54,26.54,26.54,737,0
2017-11-08,15:50:00,26.52,26.52,26.5,26.5,3890,0
2017-11-08,15:55:00,26.5102,26.5102,26.5102,26.5102,100,0
2017-11-08,16:10:00,26.5,26.539,26.5,26.539,321,0
2017-11-08,16:15:00,26.53,26.54,26.5171,26.5171,600,0
2017-11-08,16:25:00,26.5105,26.5105,26.5105,26.5105,123,0
2017-11-08,16:40:00,26.53,26.53,26.53,26.53,397,0
2017-11-08,16:45:00,26.5,26.5,26.5,26.5,200,0
2017-11-08,16:50:00,26.5,26.5,26.45,26.45,800,0
2017-11-08,17:05:00,26.53,26.53,26.53,26.53,700,0
2017-11-08,17:15:00,26.5168,26.5168,26.5168,26.5168,100,0
2017-11-08,17:20:00,26.5,26.5,26.5,26.5,200,0
2017-11-08,17:25:00,26.5186,26.5186,26.5186,26.5186,144,0
2017-11-08,17:30:00,26.52,26.52,26.52,26.52,300,0
2017-11-08,17:40:00,26.5,26.5,26.47,26.47,935,0
2017-11-08,17:55:00,26.48,26.48,26.48,26.48,200,0
2017-11-08,18:05:00,26.46,26.4815,26.46,26.4815,957,0
2017-11-08,18:15:00,26.5,26.5,26.5,26.5,500,0
2017-11-08,18:30:00,26.48,26.48,26.48,26.48,100,0
2017-11-08,18:45:00,26.51,26.51,26.51,26.51,155,0
2017-11-08,18:50:00,26.49,26.49,26.49,26.49,200,0
2017-11-08,18:55:00,26.5,26.51,26.5,26.51,200,0
2017-11-08,19:20:00,26.5,26.52,26.49,26.5086,974,0
2017-11-08,19:25:00,26.5076,26.5076,26.49,26.49,307,0
2017-11-08,20:00:00,26.49,26.49,26.49,26.49,166,0
2017-11-08,20:10:00,26.5,26.5,26.5,26.5,1897,0
2017-11-08,20:15:00,26.52,26.53,26.51,26.5113,633,0
2017-11-08,20:20:00,26.525,26.525,26.5176,26.5176,525,0
2017-11-08,20:25:00,26.5086,26.5086,26.5086,26.5086,139,0
2017-11-08,20:55:00,26.51,26.53,26.51,26.53,7700,0
2017-11-08,21:10:00,26.52,26.52,26.52,26.52,600,0
2017-11-08,21:15:00,26.52,26.53,26.52,26.5299,5890,0
2017-11-08,21:40:00,26.52,26.524,26.51,26.524,888,0
2017-11-08,21:45:00,26.53,26.53,26.5168,26.5168,1900,0
2017-11-08,21:50:00,26.566,26.582,26.566,26.582,1000,0
2017-11-08,21:55:00,26.51,26.51,26.51,26.51,205,0
2017-11-08,22:00:00,26.55,26.55,26.55,26.55,437,0
2017-11-09,15:35:00,26.53,26.53,26.53,26.53,239,0
2017-11-09,15:40:00,26.5,26.51,26.5,26.51,922,0
2017-11-09,16:20:00,26.4901,26.4901,26.4901,26.4901,278,0
2017-11-09,17:05:00,26.5068,26.51,26.5068,26.5099,3400,0
2017-11-09,17:10:00,26.5037,26.5037,26.5037,26.5037,3100,0
2017-11-09,17:25:00,26.51,26.51,26.51,26.51,214,0
2017-11-09,17:30:00,26.51,26.51,26.51,26.51,185,0
2017-11-09,17:35:00,26.51,26.544,26.51,26.544,2483,0
2017-11-09,17:40:00,26.54,26.56,26.54,26.56,1538,0
2017-11-09,17:55:00,26.54,26.54,26.54,26.54,285,0
2017-11-09,18:00:00,26.5395,26.5395,26.5395,26.5395,376,0
2017-11-09,18:05:00,26.5556,26.5556,26.5556,26.5556,116,0
2017-11-09,18:25:00,26.53,26.53,26.53,26.53,552,0
2017-11-09,18:35:00,26.5449,26.5449,26.53,26.53,424,0
2017-11-09,18:40:00,26.535,26.535,26.5265,26.5265,651,0
2017-11-09,18:50:00,26.53,26.53,26.53,26.53,100,0
2017-11-09,19:00:00,26.5229,26.5229,26.5229,26.5229,1425,0
2017-11-09,19:15:00,26.53,26.53,26.53,26.53,100,0
2017-11-09,19:25:00,26.53,26.53,26.53,26.53,895,0
2017-11-09,19:35:00,26.53,26.53,26.53,26.53,100,0
2017-11-09,19:40:00,26.5236,26.5236,26.5236,26.5236,308,0
2017-11-09,19:50:00,26.52,26.53,26.52,26.5225,775,0
2017-11-09,20:00:00,26.53,26.53,26.53,26.53,1100,0
2017-11-09,20:15:00,26.52,26.52,26.52,26.52,288,0
2017-11-09,20:20:00,26.53,26.53,26.53,26.53,100,0
2017-11-09,20:25:00,26.53,26.53,26.52,26.52,1304,0
2017-11-09,20:40:00,26.53,26.53,26.52,26.52,200,0
2017-11-09,20:45:00,26.52,26.52,26.52,26.52,550,0
2017-11-09,21:00:00,26.53,26.53,26.5232,26.5232,477,0
2017-11-09,21:05:00,26.52,26.5232,26.52,26.52,548,0
2017-11-09,21:10:00,26.52,26.5205,26.52,26.52,5163,0
2017-11-09,21:15:00,26.514,26.53,26.514,26.53,237,0
2017-11-09,21:35:00,26.53,26.53,26.53,26.53,3112,0
2017-11-09,22:00:00,26.5272,26.53,26.5272,26.53,450,0
2017-11-10,15:35:00,26.46,26.46,26.46,26.46,436,0
2017-11-10,15:40:00,26.46,26.46,26.46,26.46,3900,0
2017-11-10,16:20:00,26.502,26.502,26.502,26.502,685,0
2017-11-10,16:30:00,26.4967,26.4967,26.4967,26.4967,1000,0
2017-11-10,16:40:00,26.46,26.46,26.46,26.46,100,0
2017-11-10,16:45:00,26.5055,26.5055,26.5055,26.5055,400,0
2017-11-10,17:15:00,26.53,26.53,26.5,26.5,467,0
2017-11-10,17:20:00,26.467,26.467,26.46,26.46,271,0
2017-11-10,17:25:00,26.51,26.51,26.51,26.51,100,0
2017-11-10,17:30:00,26.4606,26.4606,26.4606,26.4606,400,0
2017-11-10,17:35:00,26.51,26.51,26.51,26.51,100,0
2017-11-10,17:40:00,26.5018,26.51,26.4783,26.51,3215,0
2017-11-10,17:50:00,26.4789,26.4789,26.4789,26.4789,186,0
2017-11-10,17:55:00,26.51,26.51,26.51,26.51,500,0
2017-11-10,18:10:00,26.4924,26.4924,26.4924,26.4924,300,0
2017-11-10,18:20:00,26.49,26.5,26.48,26.48,1633,0
2017-11-10,19:05:00,26.47,26.47,26.46,26.46,1800,0
2017-11-10,19:10:00,26.4743,26.4743,26.4743,26.4743,252,0
2017-11-10,19:20:00,26.49,26.49,26.4875,26.4898,10010,0
2017-11-10,19:25:00,26.45,26.46,26.43,26.43,4363,0
2017-11-10,19:35:00,26.4418,26.4418,26.4301,26.4301,308,0
2017-11-10,19:40:00,26.43,26.43,26.42,26.42,353,0
2017-11-10,19:55:00,26.42,26.42,26.42,26.42,100,0
2017-11-10,20:05:00,26.42,26.42,26.42,26.42,547,0
2017-11-10,20:15:00,26.4176,26.435,26.4137,26.435,1470,0
2017-11-10,20:30:00,26.4346,26.4346,26.4346,26.4346,103,0
2017-11-10,20:40:00,26.4393,26.4393,26.4393,26.4393,136,0
2017-11-10,20:45:00,26.4423,26.4423,26.4196,26.4196,212,0
2017-11-10,21:25:00,26.4325,26.4325,26.4325,26.4325,400,0
2017-11-10,21:55:00,26.43,26.43,26.43,26.43,588,0
2017-11-10,22:00:00,26.38,26.43,26.38,26.4241,1010,0
2017-11-13,15:35:00,26.45,26.45,26.45,26.45,669,0
2017-11-13,15:55:00,26.44,26.44,26.42,26.42,900,0
2017-11-13,16:15:00,26.466,26.466,26.466,26.466,100,0
2017-11-13,16:40:00,26.4593,26.4593,26.45,26.45,273,0
2017-11-13,16:55:00,26.4468,26.4468,26.4468,26.4468,305,0
2017-11-13,17:00:00,26.42,26.4244,26.42,26.4244,2500,0
2017-11-13,17:05:00,26.42,26.4215,26.42,26.4215,2000,0
2017-11-13,17:25:00,26.43,26.43,26.43,26.43,200,0
2017-11-13,18:05:00,26.4357,26.4357,26.4357,26.4357,736,0
2017-11-13,18:10:00,26.4382,26.4382,26.4382,26.4382,191,0
2017-11-13,18:15:00,26.45,26.45,26.45,26.45,818,0
2017-11-13,18:25:00,26.45,26.45,26.45,26.45,120,0
2017-11-13,18:30:00,26.4499,26.4499,26.4499,26.4499,750,0
2017-11-13,18:45:00,26.44,26.45,26.4366,26.45,1100,0
2017-11-13,19:15:00,26.44,26.45,26.4399,26.45,5686,0
2017-11-13,19:20:00,26.45,26.45,26.4499,26.4499,4200,0
2017-11-13,19:25:00,26.45,26.45,26.443,26.443,800,0
2017-11-13,19:35:00,26.45,26.45,26.45,26.45,2068,0
2017-11-13,19:50:00,26.4462,26.4462,26.4462,26.4462,325,0
2017-11-13,20:05:00,26.45,26.45,26.45,26.45,1754,0
2017-11-13,20:20:00,26.45,26.45,26.45,26.45,1000,0
2017-11-13,20:25:00,26.4468,26.45,26.4468,26.45,2494,0
2017-11-13,20:30:00,26.4703,26.5,26.47,26.5,800,0
2017-11-13,20:50:00,26.4592,26.4592,26.4592,26.4592,425,0
2017-11-13,21:00:00,26.46,26.59,26.45,26.5,8841,0
2017-11-13,21:15:00,26.5,26.5,26.5,26.5,100,0
2017-11-13,21:25:00,26.48,26.48,26.4799,26.48,952,0
2017-11-13,21:30:00,26.47,26.47,26.4435,26.4435,1435,0
2017-11-13,21:40:00,26.44,26.44,26.42,26.42,3136,0
2017-11-13,21:45:00,26.42,26.55,26.42,26.43,5100,0
2017-11-13,21:50:00,26.43,26.55,26.41,26.41,4058,0
2017-11-13,21:55:00,26.47,26.48,26.47,26.48,300,0
2017-11-13,22:00:00,26.48,26.48,26.43,26.43,752,0
2017-11-14,15:35:00,26.4,26.4,26.4,26.4,550,0
2017-11-14,15:50:00,26.48,26.48,26.48,26.48,100,0
2017-11-14,16:00:00,26.48,26.48,26.48,26.48,100,0
2017-11-14,16:05:00,26.48,26.48,26.48,26.48,100,0
2017-11-14,16:10:00,26.48,26.48,26.48,26.48,100,0
2017-11-14,16:25:00,26.46,26.46,26.46,26.46,100,0
2017-11-14,16:30:00,26.48,26.48,26.48,26.48,100,0
2017-11-14,16:35:00,26.47,26.4763,26.47,26.47,694,0
2017-11-14,16:40:00,26.48,26.49,26.48,26.49,300,0
2017-11-14,16:45:00,26.47,26.47,26.47,26.47,313,0
2017-11-14,17:00:00,26.481,26.481,26.47,26.47,517,0
2017-11-14,17:25:00,26.49,26.49,26.49,26.49,100,0
2017-11-14,17:30:00,26.48,26.48,26.48,26.48,231,0
2017-11-14,17:40:00,26.49,26.49,26.4899,26.49,5000,0
2017-11-14,17:55:00,26.49,26.49,26.49,26.49,1595,0
2017-11-14,18:00:00,26.5878,26.62,26.5878,26.62,314,0
2017-11-14,18:10:00,26.62,26.62,26.6135,26.6135,314,0
2017-11-14,18:15:00,26.62,26.62,26.62,26.62,100,0
2017-11-14,18:20:00,26.5561,26.6199,26.5561,26.61,4467,0
2017-11-14,18:25:00,26.61,26.61,26.61,26.61,100,0
2017-11-14,18:35:00,26.61,26.61,26.61,26.61,100,0
2017-11-14,18:45:00,26.59,26.59,26.5577,26.5577,290,0
2017-11-14,18:50:00,26.6,26.6,26.6,26.6,100,0
2017-11-14,19:00:00,26.59,26.59,26.59,26.59,100,0
2017-11-14,19:05:00,26.5436,26.59,26.5306,26.59,724,0
2017-11-14,19:15:00,26.57,26.57,26.57,26.57,100,0
2017-11-14,19:25:00,26.57,26.57,26.57,26.57,200,0
2017-11-14,19:30:00,26.57,26.57,26.57,26.57,100,0
2017-11-14,19:40:00,26.56,26.57,26.56,26.57,304,0
2017-11-14,19:50:00,26.56,26.56,26.56,26.56,200,0
2017-11-14,20:00:00,26.56,26.56,26.56,26.56,100,0
2017-11-14,20:10:00,26.56,26.56,26.56,26.56,100,0
2017-11-14,20:15:00,26.56,26.56,26.56,26.56,100,0
2017-11-14,20:20:00,26.5235,26.56,26.5235,26.56,761,0
2017-11-14,20:25:00,26.56,26.57,26.56,26.57,463,0
2017-11-14,20:30:00,26.57,26.57,26.57,26.57,100,0
2017-11-14,20:35:00,26.56,26.56,26.56,26.56,100,0
2017-11-14,20:40:00,26.56,26.56,26.56,26.56,100,0
2017-11-14,20:50:00,26.56,26.56,26.56,26.56,100,0
2017-11-14,21:00:00,26.56,26.56,26.56,26.56,300,0
2017-11-14,21:20:00,26.5315,26.5315,26.5315,26.5315,198,0
2017-11-14,21:25:00,26.5891,26.5891,26.5891,26.5891,1000,0
2017-11-14,21:35:00,26.57,26.57,26.57,26.57,100,0
2017-11-14,21:40:00,26.565,26.565,26.565,26.565,400,0
2017-11-14,22:00:00,26.55,26.55,26.55,26.55,200,0
2017-11-15,15:35:00,26.4,26.4,26.4,26.4,1000,0
2017-11-15,15:40:00,26.57,26.57,26.57,26.57,200,0
2017-11-15,15:45:00,26.43,26.4315,26.43,26.4315,950,0
2017-11-15,15:50:00,26.5,26.5,26.5,26.5,100,0
2017-11-15,16:05:00,26.5,26.54,26.4741,26.54,2300,0
2017-11-15,16:20:00,26.44,26.44,26.44,26.44,100,0
2017-11-15,16:40:00,26.51,26.51,26.51,26.51,100,0
2017-11-15,16:45:00,26.51,26.51,26.51,26.51,100,0
2017-11-15,16:50:00,26.51,26.51,26.51,26.51,100,0
2017-11-15,17:05:00,26.53,26.53,26.53,26.53,100,0
2017-11-15,17:15:00,26.53,26.53,26.4,26.4,677,0
2017-11-15,17:20:00,26.51,26.51,26.51,26.51,100,0
2017-11-15,17:30:00,26.51,26.52,26.51,26.52,300,0
2017-11-15,17:35:00,26.53,26.53,26.53,26.53,204,0
2017-11-15,17:40:00,26.53,26.55,26.5299,26.55,3759,0
2017-11-15,17:45:00,26.5071,26.5071,26.5071,26.5071,131,0
2017-11-15,17:50:00,26.44,26.54,26.44,26.53,970,0
2017-11-15,17:55:00,26.53,26.54,26.53,26.5399,1900,0
2017-11-15,18:10:00,26.53,26.53,26.53,26.53,100,0
2017-11-15,18:15:00,26.54,26.54,26.54,26.54,237,0
2017-11-15,18:25:00,26.57,26.57,26.57,26.57,100,0
2017-11-15,18:40:00,26.5425,26.5425,26.5425,26.5425,101,0
2017-11-15,18:45:00,26.57,26.57,26.57,26.57,115,0
2017-11-15,18:50:00,26.57,26.57,26.57,26.57,100,0
2017-11-15,19:00:00,26.535,26.57,26.535,26.57,200,0
2017-11-15,19:15:00,26.57,26.57,26.57,26.57,130,0
2017-11-15,19:20:00,26.57,26.59,26.57,26.59,2700,0
2017-11-15,19:35:00,26.5356,26.5356,26.5356,26.5356,670,0
2017-11-15,19:40:00,26.58,26.59,26.571,26.59,428,0
2017-11-15,19:50:00,26.59,26.59,26.559,26.559,420,0
2017-11-15,19:55:00,26.59,26.59,26.59,26.59,100,0
2017-11-15,20:10:00,26.58,26.58,26.58,26.58,130,0
2017-11-15,20:25:00,26.58,26.58,26.58,26.58,200,0
2017-11-15,20:30:00,26.5872,26.5872,26.58,26.58,550,0
2017-11-15,21:00:00,26.59,26.59,26.59,26.59,143,0
2017-11-15,21:15:00,26.5596,26.5596,26.5596,26.5596,200,0
2017-11-15,21:50:00,26.5733,26.5733,26.5733,26.5733,601,0
2017-11-15,21:55:00,26.5434,26.58,26.5434,26.58,431,0
2017-11-15,22:00:00,26.55,26.55,26.54,26.54,272,0
2017-11-16,15:35:00,26.51,26.51,26.51,26.51,1492,0
2017-11-16,15:50:00,26.53,26.56,26.53,26.56,472,0
2017-11-16,16:00:00,26.57,26.66,26.57,26.66,1467,0
2017-11-16,16:15:00,26.65,26.65,26.65,26.65,100,0
2017-11-16,16:25:00,26.64,26.64,26.64,26.64,100,0
2017-11-16,16:35:00,26.63,26.63,26.63,26.63,100,0
2017-11-16,16:45:00,26.62,26.65,26.62,26.65,740,0
2017-11-16,16:55:00,26.69,26.69,26.69,26.69,200,0
2017-11-16,17:00:00,26.69,26.69,26.69,26.69,309,0
2017-11-16,17:05:00,26.69,26.69,26.69,26.69,100,0
2017-11-16,17:15:00,26.69,26.69,26.69,26.69,100,0
2017-11-16,17:25:00,26.69,26.69,26.6899,26.69,1090,0
2017-11-16,17:30:00,26.645,26.645,26.645,26.645,190,0
2017-11-16,17:35:00,26.69,26.69,26.69,26.69,100,0
2017-11-16,17:45:00,26.69,26.69,26.69,26.69,200,0
2017-11-16,17:50:00,26.6439,26.6439,26.6439,26.6439,115,0
2017-11-16,17:55:00,26.69,26.69,26.69,26.69,372,0
2017-11-16,18:05:00,26.69,26.69,26.69,26.69,249,0
2017-11-16,18:15:00,26.7,26.7,26.6571,26.6571,218,0
2017-11-16,18:25:00,26.7,26.7,26.6994,26.6994,1100,0
2017-11-16,18:35:00,26.7,26.7,26.7,26.7,200,0
2017-11-16,18:45:00,26.7,26.7,26.7,26.7,231,0
2017-11-16,18:55:00,26.73,26.73,26.73,26.73,100,0
2017-11-16,19:05:00,26.73,26.73,26.73,26.73,100,0
2017-11-16,19:15:00,26.73,26.73,26.73,26.73,100,0
2017-11-16,19:20:00,26.7195,26.73,26.7195,26.73,600,0
2017-11-16,19:25:00,26.7182,26.7182,26.7182,26.7182,746,0
2017-11-16,19:30:00,26.73,26.73,26.73,26.73,100,0
2017-11-16,19:40:00,26.79,26.79,26.79,26.79,100,0
2017-11-16,19:50:00,26.75,26.75,26.75,26.75,100,0
2017-11-16,19:55:00,26.75,26.75,26.75,26.75,100,0
2017-11-16,20:05:00,26.75,26.75,26.75,26.75,100,0
2017-11-16,20:15:00,26.75,26.75,26.72,26.748,300,0
2017-11-16,20:25:00,26.75,26.75,26.75,26.75,100,0
2017-11-16,20:30:00,26.75,26.75,26.75,26.75,100,0
2017-11-16,20:45:00,26.78,26.78,26.78,26.78,100,0
2017-11-16,20:55:00,26.71,26.71,26.71,26.71,3018,0
2017-11-16,21:00:00,26.71,26.71,26.7,26.7,700,0
2017-11-16,21:20:00,26.7231,26.7231,26.7231,26.7231,150,0
2017-11-16,21:40:00,26.72,26.72,26.7,26.7,577,0
2017-11-17,15:35:00,26.66,26.6996,26.66,26.6996,1723,0
2017-11-17,15:40:00,26.7,26.85,26.6999,26.83,3466,0
2017-11-17,15:50:00,26.8283,26.83,26.8283,26.83,900,0
2017-11-17,15:55:00,26.8283,26.8283,26.8283,26.8283,800,0
2017-11-17,16:00:00,26.7824,26.7824,26.7824,26.7824,100,0
2017-11-17,16:10:00,26.7824,26.7824,26.7824,26.7824,100,0
2017-11-17,16:15:00,26.778,26.778,26.778,26.778,503,0
2017-11-17,16:20:00,26.7852,26.8107,26.7852,26.8107,217,0
2017-11-17,16:25:00,26.8246,26.8246,26.8246,26.8246,100,0
2017-11-17,16:35:00,26.83,26.83,26.83,26.83,100,0
2017-11-17,16:40:00,26.83,26.83,26.83,26.83,298,0
2017-11-17,16:45:00,26.84,26.84,26.84,26.84,100,0
2017-11-17,16:50:00,26.69,26.69,26.69,26.69,209,0
2017-11-17,16:55:00,26.738,26.83,26.738,26.83,282,0
2017-11-17,17:00:00,26.6915,26.6915,26.6915,26.6915,1000,0
2017-11-17,17:05:00,26.83,26.83,26.83,26.83,100,0
2017-11-17,17:10:00,26.83,26.83,26.83,26.83,100,0
2017-11-17,17:20:00,26.8399,26.84,26.8399,26.84,306,0
2017-11-17,17:25:00,26.84,26.86,26.84,26.86,2182,0
2017-11-17,17:30:00,26.85,26.85,26.85,26.85,100,0
2017-11-17,17:35:00,26.85,26.92,26.85,26.92,5592,0
2017-11-17,17:40:00,26.9199,26.9199,26.9199,26.9199,100,0
2017-11-17,17:45:00,26.92,26.92,26.92,26.92,100,0
2017-11-17,17:50:00,26.86,26.89,26.86,26.89,200,0
2017-11-17,18:00:00,26.9199,26.9199,26.9199,26.9199,100,0
2017-11-17,18:05:00,26.8024,26.905,26.8024,26.9,557,0
2017-11-17,18:10:00,26.86,26.91,26.86,26.91,312,0
2017-11-17,18:15:00,26.92,26.92,26.92,26.92,100,0
2017-11-17,18:25:00,26.91,26.92,26.91,26.92,200,0
2017-11-17,18:30:00,26.92,26.92,26.92,26.92,200,0
2017-11-17,18:35:00,26.9199,26.9199,26.9199,26.9199,100,0
2017-11-17,18:40:00,26.83,26.92,26.83,26.92,400,0
2017-11-17,18:45:00,26.91,26.91,26.91,26.91,100,0
2017-11-17,18:50:00,26.9182,26.9182,26.9182,26.9182,100,0
2017-11-17,18:55:00,26.85,26.85,26.83,26.85,700,0
2017-11-17,19:00:00,26.85,26.85,26.8388,26.8388,981,0
2017-11-17,19:05:00,26.85,26.85,26.85,26.85,300,0
2017-11-17,19:10:00,26.8388,26.85,26.82,26.82,600,0
2017-11-17,19:15:00,26.83,26.84,26.8041,26.8041,6720,0
2017-11-17,19:20:00,26.81,26.81,26.81,26.81,348,0
2017-11-17,19:25:00,26.7988,26.7988,26.7988,26.7988,100,0
2017-11-17,19:30:00,26.793,26.793,26.793,26.793,237,0
2017-11-17,19:35:00,26.81,26.81,26.81,26.81,200,0
2017-11-17,19:40:00,26.8094,26.8094,26.8094,26.8094,100,0
2017-11-17,19:45:00,26.81,26.81,26.81,26.81,246,0
2017-11-17,19:50:00,26.7975,26.81,26.7974,26.81,3012,0
2017-11-17,20:00:00,26.8099,26.8099,26.8099,26.8099,100,0
2017-11-17,20:10:00,26.81,26.81,26.7704,26.7903,796,0
2017-11-17,20:15:00,26.81,26.81,26.81,26.81,100,0
2017-11-17,20:25:00,26.81,26.81,26.81,26.81,100,0
2017-11-17,20:35:00,26.7988,26.7988,26.7988,26.7988,100,0
2017-11-17,20:45:00,26.7988,26.7988,26.7988,26.7988,100,0
2017-11-17,20:50:00,26.81,26.81,26.81,26.81,200,0
2017-11-17,21:00:00,26.81,26.81,26.7946,26.7946,973,0
2017-11-17,21:10:00,26.8,26.8,26.79,26.79,200,0
2017-11-17,21:20:00,26.804,26.804,26.804,26.804,1247,0
2017-11-17,21:25:00,26.81,26.81,26.81,26.81,1885,0
2017-11-17,21:30:00,26.81,26.81,26.81,26.81,2069,0
2017-11-17,21:35:00,26.81,26.81,26.81,26.81,3111,0
2017-11-17,21:45:00,26.8,26.8,26.8,26.8,300,0
2017-11-17,21:50:00,26.8083,26.81,26.8,26.8,1405,0
2017-11-17,21:55:00,26.76,26.76,26.75,26.75,1300,0
2017-11-17,22:00:00,26.75,26.75,26.67,26.72,3770,0
2017-11-20,15:35:00,26.68,26.68,26.68,26.68,811,0
2017-11-20,15:55:00,26.73,26.76,26.73,26.76,1178,0
2017-11-20,16:00:00,26.77,26.77,26.77,26.77,300,0
2017-11-20,16:05:00,26.89,26.89,26.85,26.85,585,0
2017-11-20,16:10:00,26.871,26.871,26.83,26.83,2700,0
2017-11-20,16:20:00,26.87,26.88,26.87,26.87,400,0
2017-11-20,16:30:00,26.87,26.87,26.84,26.84,1500,0
2017-11-20,16:35:00,26.85,26.85,26.85,26.85,200,0
2017-11-20,16:50:00,26.88,26.88,26.83,26.83,300,0
2017-11-20,16:55:00,26.83,26.8794,26.83,26.8794,953,0
2017-11-20,17:00:00,26.87,26.87,26.87,26.87,100,0
2017-11-20,17:10:00,26.87,26.87,26.87,26.87,100,0
2017-11-20,17:15:00,26.87,26.9,26.83,26.9,1326,0
2017-11-20,17:20:00,26.8663,26.8663,26.8663,26.8663,210,0
2017-11-20,17:25:00,26.92,26.92,26.9199,26.9199,209,0
2017-11-20,17:35:00,26.93,26.93,26.93,26.93,100,0
2017-11-20,17:45:00,26.93,26.93,26.93,26.93,400,0
2017-11-20,17:50:00,26.88,26.88,26.8749,26.8749,825,0
2017-11-20,18:00:00,26.926,26.926,26.926,26.926,350,0
2017-11-20,18:05:00,26.95,26.95,26.95,26.95,100,0
2017-11-20,18:10:00,26.9113,26.9113,26.9113,26.9113,111,0
2017-11-20,18:15:00,26.95,26.95,26.9,26.9,314,0
2017-11-20,18:20:00,26.88,26.9,26.86,26.86,2100,0
2017-11-20,18:25:00,26.95,26.95,26.894,26.894,452,0
2017-11-20,18:35:00,26.94,26.94,26.94,26.94,100,0
2017-11-20,18:45:00,26.95,26.95,26.95,26.95,100,0
2017-11-20,18:50:00,26.95,26.95,26.8807,26.8807,2755,0
2017-11-20,19:00:00,26.94,26.94,26.94,26.94,100,0
2017-11-20,19:10:00,26.93,26.93,26.93,26.93,200,0
2017-11-20,19:15:00,26.8844,26.8844,26.8844,26.8844,193,0
2017-11-20,19:20:00,26.93,26.93,26.93,26.93,100,0
2017-11-20,19:30:00,26.93,26.93,26.93,26.93,100,0
2017-11-20,19:40:00,26.93,26.93,26.93,26.93,100,0
2017-11-20,19:50:00,26.95,26.95,26.95,26.95,100,0
2017-11-20,20:00:00,26.95,26.95,26.95,26.95,100,0
2017-11-20,20:10:00,26.95,26.95,26.92,26.92,500,0
2017-11-20,20:25:00,26.821,26.821,26.821,26.821,700,0
2017-11-20,20:30:00,26.91,26.91,26.91,26.91,100,0
2017-11-20,20:35:00,26.87,26.87,26.87,26.87,100,0
2017-11-20,20:45:00,26.92,26.92,26.9199,26.9199,303,0
2017-11-20,20:55:00,26.92,26.92,26.87,26.92,1178,0
2017-11-20,21:00:00,26.87,26.87,26.87,26.87,100,0
2017-11-20,21:10:00,26.9025,26.92,26.9025,26.92,358,0
2017-11-20,21:20:00,26.92,26.92,26.87,26.87,436,0
2017-11-20,21:30:00,26.87,26.898,26.87,26.898,203,0
2017-11-20,21:50:00,26.8724,26.922,26.87,26.922,548,0
2017-11-20,22:00:00,26.87,26.87,26.87,26.87,800,0
2017-11-21,15:35:00,26.93,26.93,26.9105,26.9105,2752,0
2017-11-21,15:50:00,26.87,26.87,26.87,26.87,109,0
2017-11-21,16:05:00,26.93,26.93,26.909,26.909,206,0
2017-11-21,16:10:00,26.93,26.93,26.9225,26.9225,720,0
2017-11-21,16:15:00,26.93,26.93,26.93,26.93,100,0
2017-11-21,16:30:00,26.94,26.94,26.94,26.94,100,0
2017-11-21,16:35:00,26.94,26.94,26.94,26.94,200,0
2017-11-21,16:45:00,26.94,26.94,26.94,26.94,200,0
2017-11-21,16:55:00,26.94,26.94,26.94,26.94,100,0
2017-11-21,17:00:00,26.94,26.94,26.94,26.94,200,0
2017-11-21,17:10:00,26.94,26.94,26.94,26.94,200,0
2017-11-21,17:15:00,26.94,26.94,26.94,26.94,200,0
2017-11-21,17:25:00,26.94,26.94,26.94,26.94,1219,0
2017-11-21,17:30:00,26.9378,26.9378,26.9378,26.9378,107,0
2017-11-21,17:35:00,26.95,26.95,26.95,26.95,200,0
2017-11-21,17:40:00,26.95,26.95,26.93,26.93,2250,0
2017-11-21,17:55:00,26.95,26.95,26.95,26.95,100,0
2017-11-21,18:00:00,26.95,26.95,26.95,26.95,100,0
2017-11-21,18:05:00,26.95,26.95,26.95,26.95,100,0
2017-11-21,18:15:00,26.95,26.95,26.95,26.95,100,0
2017-11-21,18:20:00,26.95,26.95,26.95,26.95,100,0
2017-11-21,18:30:00,26.9428,26.95,26.9428,26.95,400,0
2017-11-21,18:35:00,26.99,26.99,26.99,26.99,100,0
2017-11-21,18:45:00,26.99,26.99,26.99,26.99,100,0
2017-11-21,18:50:00,26.93,26.93,26.93,26.93,100,0
2017-11-21,18:55:00,26.99,26.99,26.99,26.99,100,0
2017-11-21,19:00:00,26.99,26.99,26.99,26.99,100,0
2017-11-21,19:10:00,26.99,26.99,26.99,26.99,100,0
2017-11-21,19:20:00,26.99,26.99,26.99,26.99,100,0
2017-11-21,19:35:00,26.95,26.95,26.9424,26.9424,693,0
2017-11-21,19:40:00,26.9301,26.9301,26.93,26.93,700,0
2017-11-21,19:50:00,26.8604,26.8604,26.8604,26.8604,2000,0
2017-11-21,20:00:00,26.94,26.94,26.94,26.94,100,0
2017-11-21,20:05:00,26.94,26.94,26.94,26.94,100,0
2017-11-21,20:10:00,26.9242,26.9243,26.9242,26.9243,332,0
2017-11-21,20:15:00,26.94,26.94,26.8925,26.8925,300,0
2017-11-21,20:20:00,26.94,26.94,26.94,26.94,100,0
2017-11-21,20:30:00,26.902,26.94,26.902,26.94,2327,0
2017-11-21,20:40:00,26.94,26.94,26.94,26.94,100,0
2017-11-21,20:45:00,26.94,26.94,26.94,26.94,100,0
2017-11-21,20:50:00,26.9328,26.9328,26.9328,26.9328,3000,0
2017-11-21,20:55:00,26.94,26.94,26.94,26.94,200,0
2017-11-21,21:00:00,26.94,26.94,26.94,26.94,304,0
2017-11-21,21:05:00,26.8901,26.94,26.8901,26.94,292,0
2017-11-21,21:10:00,26.8926,26.8926,26.8926,26.8926,131,0
2017-11-21,21:25:00,26.9241,26.9241,26.9241,26.9241,1000,0
2017-11-21,21:35:00,26.9242,26.9242,26.9242,26.9242,298,0
2017-11-21,22:00:00,26.9299,26.9299,26.89,26.91,808,0
2017-11-22,15:35:00,26.93,26.93,26.8017,26.8017,1707,0
2017-11-22,15:45:00,26.93,26.93,26.93,26.93,100,0
2017-11-22,15:55:00,26.8658,26.8658,26.8658,26.8658,350,0
2017-11-22,16:00:00,26.92,26.92,26.92,26.92,100,0
2017-11-22,16:10:00,26.865,26.865,26.865,26.865,120,0
2017-11-22,16:15:00,26.92,26.92,26.92,26.92,100,0
2017-11-22,16:20:00,26.8491,26.8491,26.8491,26.8491,105,0
2017-11-22,16:30:00,26.93,26.93,26.93,26.93,100,0
2017-11-22,16:45:00,26.93,26.93,26.93,26.93,100,0
2017-11-22,16:55:00,26.8653,26.8653,26.8653,26.8653,150,0
2017-11-22,17:00:00,26.93,26.93,26.93,26.93,100,0
2017-11-22,17:15:00,26.865,26.865,26.865,26.865,450,0
2017-11-22,17:30:00,26.93,26.93,26.8767,26.8767,700,0
2017-11-22,17:40:00,26.8764,26.8764,26.8764,26.8764,188,0
2017-11-22,17:45:00,26.92,26.92,26.81,26.81,200,0
2017-11-22,18:00:00,26.93,26.93,26.93,26.93,100,0
2017-11-22,18:05:00,26.9299,26.9299,26.9299,26.9299,144,0
2017-11-22,18:15:00,26.93,26.93,26.93,26.93,100,0
2017-11-22,18:30:00,26.863,26.93,26.863,26.88,905,0
2017-11-22,18:45:00,26.93,26.93,26.93,26.93,100,0
2017-11-22,19:00:00,26.9277,26.9277,26.9277,26.9277,108,0
2017-11-22,19:05:00,26.92,26.9299,26.92,26.9299,206,0
2017-11-22,19:20:00,26.92,26.92,26.92,26.92,100,0
2017-11-22,19:35:00,26.92,26.92,26.92,26.92,200,0
2017-11-22,19:40:00,26.9111,26.92,26.9111,26.92,349,0
2017-11-22,19:50:00,26.92,26.92,26.92,26.92,100,0
2017-11-22,19:55:00,26.8904,26.8904,26.8904,26.8904,158,0
2017-11-22,20:00:00,26.9075,26.9075,26.9075,26.9075,109,0
2017-11-22,20:10:00,26.93,26.95,26.93,26.95,5237,0
2017-11-22,20:20:00,26.95,26.95,26.95,26.95,100,0
2017-11-22,20:30:00,26.95,26.95,26.9049,26.9049,241,0
2017-11-22,20:35:00,26.95,26.95,26.95,26.95,100,0
2017-11-22,20:45:00,26.9273,26.9273,26.9273,26.9273,137,0
2017-11-22,20:50:00,26.9395,26.9395,26.9395,26.9395,100,0
2017-11-22,21:00:00,26.94,26.94,26.94,26.94,567,0
2017-11-22,21:15:00,26.9396,26.9396,26.9396,26.9396,500,0
2017-11-22,21:20:00,26.9027,26.9183,26.9027,26.9183,250,0
2017-11-22,21:25:00,26.92,26.92,26.92,26.92,100,0
2017-11-22,21:30:00,26.92,26.92,26.92,26.92,100,0
2017-11-22,21:50:00,26.92,26.92,26.92,26.92,100,0
2017-11-22,22:00:00,26.92,26.92,26.92,26.92,1004,0
2017-11-24,15:35:00,26.92,26.92,26.92,26.92,715,0
2017-11-24,15:40:00,26.92,26.92,26.92,26.92,101,0
2017-11-24,15:50:00,26.8529,26.8529,26.8529,26.8529,285,0
2017-11-24,15:55:00,26.92,26.92,26.92,26.92,100,0
2017-11-24,16:15:00,26.92,26.92,26.901,26.901,651,0
2017-11-24,16:20:00,26.92,26.92,26.92,26.92,100,0
2017-11-24,16:25:00,26.9237,26.9237,26.9237,26.9237,102,0
2017-11-24,16:40:00,26.9028,26.9028,26.9028,26.9028,103,0
2017-11-24,16:45:00,26.9166,26.94,26.9166,26.94,224,0
2017-11-24,16:50:00,26.94,26.94,26.94,26.94,269,0
2017-11-24,17:20:00,26.95,26.95,26.95,26.95,122,0
2017-11-24,17:30:00,26.95,26.95,26.95,26.95,142,0
2017-11-24,17:35:00,26.911,26.911,26.911,26.911,1000,0
2017-11-24,17:45:00,26.95,26.95,26.95,26.95,300,0
2017-11-24,17:55:00,26.93,26.93,26.93,26.93,100,0
2017-11-24,18:05:00,26.9114,26.93,26.9114,26.93,743,0
2017-11-24,18:35:00,26.9251,26.9251,26.91,26.91,268,0
2017-11-27,15:35:00,26.86,26.86,26.86,26.86,480,0
2017-11-27,16:05:00,26.9332,26.9332,26.9332,26.9332,223,0
2017-11-27,16:10:00,26.93,26.93,26.93,26.93,100,0
2017-11-27,16:30:00,26.9149,26.9149,26.9149,26.9149,102,0
2017-11-27,16:40:00,26.87,26.87,26.87,26.87,100,0
2017-11-27,16:55:00,26.88,26.88,26.87,26.87,200,0
2017-11-27,17:20:00,26.93,26.93,26.93,26.93,100,0
2017-11-27,17:25:00,26.912,26.912,26.912,26.912,500,0
2017-11-27,18:10:00,26.9074,26.9074,26.9074,26.9074,108,0
2017-11-27,18:25:00,26.89,26.89,26.89,26.89,174,0
2017-11-27,18:35:00,26.9132,26.9132,26.9132,26.9132,441,0
2017-11-27,18:40:00,26.93,26.93,26.93,26.93,275,0
2017-11-27,18:55:00,26.91,26.91,26.91,26.91,175,0
2017-11-27,19:00:00,26.91,26.91,26.91,26.91,175,0
2017-11-27,19:05:00,26.91,26.91,26.91,26.91,200,0
2017-11-27,19:10:00,26.93,26.93,26.9126,26.9126,2144,0
2017-11-27,19:20:00,26.95,26.95,26.93,26.935,675,0
2017-11-27,19:30:00,26.95,26.95,26.95,26.95,100,0
2017-11-27,19:35:00,26.95,26.95,26.95,26.95,100,0
2017-11-27,19:40:00,26.9319,26.9319,26.9319,26.9319,200,0
2017-11-27,20:00:00,26.9319,26.9319,26.9319,26.9319,130,0
2017-11-27,20:05:00,26.93,26.93,26.93,26.93,100,0
2017-11-27,20:10:00,26.95,26.95,26.95,26.95,100,0
2017-11-27,20:25:00,26.95,26.95,26.95,26.95,305,0
2017-11-27,20:30:00,26.95,26.95,26.93,26.93,200,0
2017-11-27,20:40:00,26.95,26.95,26.95,26.95,200,0
2017-11-27,20:45:00,26.95,26.95,26.93,26.93,742,0
2017-11-27,21:00:00,26.95,26.95,26.95,26.95,100,0
2017-11-27,21:30:00,26.95,26.95,26.95,26.95,119,0
2017-11-27,21:35:00,26.95,26.95,26.95,26.95,170,0
2017-11-27,21:50:00,26.944,26.95,26.944,26.95,353,0
2017-11-27,21:55:00,26.93,26.93,26.93,26.93,150,0
2017-11-28,15:35:00,26.97,26.97,26.95,26.95,629,0
2017-11-28,15:40:00,26.95,26.95,26.8906,26.8906,680,0
2017-11-28,16:00:00,26.9494,26.9494,26.89,26.89,1637,0
2017-11-28,16:10:00,26.9035,26.925,26.9,26.9,4299,0
2017-11-28,16:50:00,26.9413,26.9413,26.9413,26.9413,150,0
2017-11-28,17:00:00,26.908,26.939,26.908,26.939,364,0
2017-11-28,17:25:00,26.9112,26.9112,26.9112,26.9112,170,0
2017-11-28,17:30:00,26.8767,26.8767,26.8767,26.8767,100,0
2017-11-28,17:35:00,26.91,26.91,26.8887,26.8887,260,0
2017-11-28,17:40:00,26.8889,26.8889,26.8889,26.8889,311,0
2017-11-28,18:05:00,26.8863,26.8863,26.8863,26.8863,148,0
2017-11-28,18:15:00,26.89,26.89,26.88,26.89,700,0
2017-11-28,18:20:00,26.8746,26.8746,26.8746,26.8746,200,0
2017-11-28,18:25:00,26.89,26.97,26.89,26.97,4284,0
2017-11-28,18:40:00,26.9539,26.9539,26.9539,26.9539,251,0
2017-11-28,18:50:00,26.96,26.99,26.95,26.99,9336,0
2017-11-28,18:55:00,26.95,26.95,26.95,26.95,200,0
2017-11-28,19:00:00,26.954,26.96,26.954,26.96,309,0
2017-11-28,19:05:00,26.96,26.9684,26.96,26.96,1220,0
2017-11-28,19:20:00,26.95,26.95,26.95,26.95,100,0
2017-11-28,19:40:00,26.9401,26.98,26.94,26.98,4200,0
2017-11-28,19:55:00,26.87,26.87,26.87,26.87,400,0
2017-11-28,20:45:00,26.881,26.881,26.881,26.881,325,0
2017-11-28,21:00:00,26.8909,26.8909,26.8909,26.8909,200,0
2017-11-28,21:10:00,26.9072,26.9072,26.9072,26.9072,111,0
2017-11-28,21:20:00,26.97,26.97,26.97,26.97,100,0
2017-11-28,21:45:00,26.8915,26.8915,26.8915,26.8915,175,0
2017-11-28,22:00:00,26.945,26.97,26.945,26.97,724,0
2017-11-29,15:35:00,26.9,26.9,26.9,26.9,691,0
2017-11-29,16:15:00,26.86,26.86,26.85,26.85,500,0
2017-11-29,17:00:00,26.77,26.77,26.77,26.77,100,0
2017-11-29,17:10:00,26.768,26.768,26.768,26.768,168,0
2017-11-29,17:15:00,26.8238,26.8238,26.8238,26.8238,1000,0
2017-11-29,17:40:00,26.78,26.78,26.78,26.78,177,0
2017-11-29,18:30:00,26.84,26.84,26.84,26.84,100,0
2017-11-29,18:50:00,26.79,26.8263,26.79,26.8263,457,0
2017-11-29,19:00:00,26.85,26.85,26.85,26.85,100,0
2017-11-29,19:05:00,26.85,26.85,26.85,26.85,477,0
2017-11-29,19:20:00,26.88,26.88,26.82,26.82,450,0
2017-11-29,20:00:00,26.8596,26.8596,26.8596,26.8596,600,0
2017-11-29,20:15:00,26.8578,26.9318,26.8578,26.9318,840,0
2017-11-29,20:25:00,26.8968,26.93,26.8968,26.93,493,0
2017-11-29,20:35:00,26.8815,26.8815,26.8815,26.8815,125,0
2017-11-29,20:45:00,26.8968,26.8968,26.8968,26.8968,180,0
2017-11-29,20:50:00,26.93,26.9399,26.8862,26.925,3100,0
2017-11-29,20:55:00,26.8462,26.8462,26.8462,26.8462,464,0
2017-11-29,21:25:00,26.93,26.93,26.878,26.93,341,0
2017-11-29,21:30:00,26.9333,26.9333,26.9333,26.9333,121,0
2017-11-29,21:35:00,26.9396,26.9396,26.9396,26.9396,360,0
2017-11-29,21:50:00,26.93,26.93,26.93,26.93,100,0
2017-11-29,22:00:00,26.93,26.94,26.93,26.94,270,0
2017-11-30,15:35:00,26.94,26.94,26.94,26.94,610,0
2017-11-30,15:55:00,26.89,26.89,26.89,26.89,500,0
2017-11-30,16:20:00,26.86,26.86,26.86,26.86,200,0
2017-11-30,16:35:00,26.89,26.89,26.89,26.89,153,0
2017-11-30,16:40:00,26.89,26.89,26.89,26.89,200,0
2017-11-30,16:45:00,26.8788,26.8788,26.8788,26.8788,105,0
2017-11-30,16:50:00,26.9362,26.9362,26.9362,26.9362,900,0
2017-11-30,16:55:00,26.93,26.94,26.93,26.94,1010,0
2017-11-30,17:00:00,26.94,26.94,26.94,26.94,100,0
2017-11-30,17:05:00,26.94,26.94,26.94,26.94,400,0
2017-11-30,17:10:00,26.94,26.94,26.94,26.94,300,0
2017-11-30,17:20:00,26.94,26.94,26.94,26.94,857,0
2017-11-30,17:40:00,26.9462,26.9462,26.9462,26.9462,252,0
2017-11-30,17:50:00,26.95,26.95,26.94,26.95,3283,0
2017-11-30,17:55:00,26.9431,26.9431,26.9431,26.9431,1801,0
2017-11-30,18:20:00,26.94,26.95,26.94,26.95,205,0
2017-11-30,18:25:00,26.93,26.93,26.83,26.83,7300,0
2017-11-30,18:40:00,26.84,26.84,26.83,26.83,875,0
2017-11-30,18:55:00,26.94,26.94,26.94,26.94,100,0
2017-11-30,19:30:00,26.9201,26.9201,26.82,26.82,1003,0
2017-11-30,19:45:00,26.8649,26.8649,26.8649,26.8649,171,0
2017-11-30,20:25:00,26.82,26.82,26.82,26.82,200,0
2017-11-30,20:35:00,26.875,26.875,26.82,26.82,861,0
2017-11-30,20:45:00,26.859,26.8683,26.859,26.8683,611,0
2017-11-30,20:55:00,26.8394,26.8394,26.8394,26.8394,250,0
2017-11-30,21:05:00,26.855,26.88,26.855,26.875,1907,0
2017-11-30,21:10:00,26.8749,26.8749,26.8749,26.8749,200,0
2017-11-30,21:20:00,26.8682,26.8682,26.8682,26.8682,101,0
2017-11-30,21:40:00,26.83,26.88,26.83,26.88,371,0
2017-11-30,21:45:00,26.83,26.8325,26.83,26.83,351,0
2017-11-30,21:50:00,26.83,26.83,26.83,26.83,100,0
2017-11-30,21:55:00,26.83,26.83,26.83,26.83,300,0
2017-11-30,22:00:00,26.83,26.88,26.82,26.82,3430,0
2017-12-01,15:35:00,26.78,26.78,26.78,26.78,253,0
2017-12-01,15:40:00,26.78,26.78,26.77,26.77,1000,0
2017-12-01,15:50:00,26.78,26.78,26.77,26.77,900,0
2017-12-01,16:10:00,26.77,26.77,26.77,26.77,162,0
2017-12-01,16:15:00,26.91,26.91,26.91,26.91,103,0
2017-12-01,16:50:00,26.8403,26.8403,26.8403,26.8403,375,0
2017-12-01,17:00:00,26.899,26.899,26.899,26.899,365,0
2017-12-01,17:10:00,26.87,26.87,26.87,26.87,100,0
2017-12-01,17:20:00,26.835,26.86,26.835,26.86,585,0
2017-12-01,17:35:00,26.77,26.8045,26.77,26.8045,800,0
2017-12-01,17:40:00,26.77,26.77,26.77,26.77,100,0
2017-12-01,18:05:00,26.83,26.83,26.8086,26.8086,487,0
2017-12-01,18:10:00,26.82,26.82,26.82,26.82,177,0
2017-12-01,18:20:00,26.8247,26.8247,26.82,26.82,648,0
2017-12-01,18:25:00,26.83,26.83,26.77,26.77,368,0
2017-12-01,18:55:00,26.81,26.83,26.81,26.83,804,0
2017-12-01,19:40:00,26.83,26.83,26.83,26.83,200,0
2017-12-01,19:45:00,26.776,26.776,26.776,26.776,907,0
2017-12-01,20:10:00,26.89,26.89,26.859,26.859,1710,0
2017-12-01,20:25:00,26.8957,26.8957,26.8957,26.8957,100,0
2017-12-01,20:30:00,26.7845,26.7845,26.7845,26.7845,267,0
2017-12-01,21:15:00,26.88,26.95,26.88,26.95,3500,0
2017-12-01,22:00:00,26.95,26.95,26.95,26.95,105,0
2017-12-04,15:35:00,26.93,26.93,26.8626,26.8626,1395,0
2017-12-04,15:40:00,26.8695,26.8695,26.8695,26.8695,400,0
2017-12-04,15:45:00,26.86,26.86,26.86,26.86,100,0
2017-12-04,15:55:00,26.9005,26.95,26.9005,26.95,211,0
2017-12-04,16:25:00,26.9104,26.9104,26.9104,26.9104,126,0
2017-12-04,16:45:00,26.95,26.95,26.95,26.95,303,0
2017-12-04,17:25:00,26.95,26.95,26.9459,26.95,310,0
2017-12-04,17:30:00,26.95,26.95,26.95,26.95,200,0
2017-12-04,17:45:00,26.95,26.95,26.95,26.95,414,0
2017-12-04,18:00:00,26.9795,26.9795,26.9795,26.9795,550,0
2017-12-04,18:05:00,26.9499,26.9499,26.9499,26.9499,175,0
2017-12-04,18:30:00,26.9718,26.9718,26.9718,26.9718,102,0
2017-12-04,18:35:00,26.98,26.98,26.98,26.98,185,0
2017-12-04,19:05:00,26.9724,26.9724,26.9724,26.9724,327,0
2017-12-04,19:15:00,26.98,26.98,26.98,26.98,100,0
2017-12-04,19:20:00,26.98,26.98,26.98,26.98,200,0
2017-12-04,19:40:00,26.973,26.973,26.973,26.973,132,0
2017-12-04,19:50:00,26.98,26.98,26.98,26.98,145,0
2017-12-04,20:00:00,26.971,26.971,26.971,26.971,169,0
2017-12-04,20:10:00,26.98,26.98,26.9729,26.9729,1645,0
2017-12-04,20:15:00,26.9721,26.9721,26.9721,26.9721,2007,0
2017-12-04,20:20:00,26.98,26.98,26.97,26.97,243,0
2017-12-04,20:30:00,26.97,26.98,26.97,26.98,725,0
2017-12-04,20:35:00,26.9731,26.9732,26.9709,26.9709,615,0
2017-12-04,20:45:00,26.97,26.97,26.97,26.97,890,0
2017-12-04,20:55:00,26.9792,26.9792,26.9792,26.9792,177,0
2017-12-04,21:10:00,26.9779,26.9779,26.9779,26.9779,314,0
2017-12-04,21:45:00,26.975,26.98,26.975,26.98,400,0
2017-12-04,21:50:00,26.98,26.98,26.98,26.98,219,0
2017-12-04,22:00:00,27.01,27.01,27.01,27.01,1018,0
2017-12-05,15:35:00,26.99,26.99,26.9057,26.9238,1026,0
2017-12-05,15:40:00,26.89,26.89,26.89,26.89,143,0
2017-12-05,15:55:00,26.8982,26.8982,26.8982,26.8982,500,0
2017-12-05,16:25:00,26.96,26.96,26.96,26.96,300,0
2017-12-05,16:30:00,26.9188,26.9188,26.9188,26.9188,145,0
2017-12-05,16:35:00,26.96,26.96,26.9065,26.9065,383,0
2017-12-05,16:55:00,26.9384,26.9384,26.9384,26.9384,306,0
2017-12-05,17:10:00,26.915,26.915,26.915,26.915,1000,0
2017-12-05,17:20:00,26.9144,26.96,26.9144,26.9475,1666,0
2017-12-05,17:45:00,26.931,26.978,26.93,26.93,2593,0
2017-12-05,17:50:00,26.93,26.93,26.93,26.93,798,0
2017-12-05,17:55:00,26.9362,26.9362,26.93,26.93,1398,0
2017-12-05,18:10:00,26.989,26.989,26.989,26.989,2000,0
2017-12-05,18:55:00,27.0067,27.0067,26.96,26.96,530,0
2017-12-05,19:00:00,26.9928,26.9928,26.9928,26.9928,129,0
2017-12-05,20:00:00,26.9811,26.9811,26.9811,26.9811,105,0
2017-12-05,20:20:00,26.9987,26.9987,26.9987,26.9987,232,0
2017-12-05,20:35:00,26.9974,26.9974,26.9974,26.9974,144,0
2017-12-05,20:40:00,27.0069,27.0069,27.0069,27.0069,1000,0
2017-12-05,20:55:00,26.9792,26.9792,26.9792,26.9792,162,0
2017-12-05,21:05:00,27.0011,27.0011,27.0011,27.0011,118,0
2017-12-05,21:50:00,27.0084,27.0084,27.0084,27.0084,140,0
2017-12-05,21:55:00,26.9956,26.9956,26.97,26.9701,2872,0
2017-12-05,22:00:00,26.97,26.97,26.97,26.97,299,0
2017-12-06,15:35:00,26.93,26.93,26.93,26.93,335,0
2017-12-06,15:50:00,26.93,26.93,26.93,26.93,909,0
2017-12-06,15:55:00,26.93,26.93,26.93,26.93,100,0
2017-12-06,16:10:00,26.93,26.93,26.93,26.93,123,0
2017-12-06,16:20:00,26.93,26.93,26.93,26.93,100,0
2017-12-06,16:35:00,26.86,26.86,26.86,26.86,1220,0
2017-12-06,16:45:00,26.8804,26.8804,26.8804,26.8804,235,0
2017-12-06,16:50:00,26.8601,26.8601,26.8601,26.8601,1000,0
2017-12-06,16:55:00,26.8606,26.8606,26.8606,26.8606,373,0
2017-12-06,17:00:00,26.92,26.92,26.92,26.92,200,0
2017-12-06,17:10:00,26.9184,26.92,26.9184,26.92,285,0
2017-12-06,17:15:00,26.92,26.92,26.92,26.92,292,0
2017-12-06,17:35:00,26.92,26.92,26.92,26.92,200,0
2017-12-06,17:50:00,26.88,26.88,26.88,26.88,100,0
2017-12-06,18:10:00,26.93,26.93,26.93,26.93,100,0
2017-12-06,18:50:00,26.999,26.999,26.999,26.999,722,0
2017-12-06,18:55:00,26.95,26.95,26.95,26.95,100,0
2017-12-06,20:00:00,26.9,26.9,26.9,26.9,100,0
2017-12-06,20:05:00,27.0017,27.0017,26.9,26.9,2480,0
2017-12-06,20:10:00,27.0099,27.0099,27.0099,27.0099,297,0
2017-12-06,20:15:00,26.9645,27.005,26.9418,27.005,457,0
2017-12-06,20:25:00,26.9798,26.9798,26.9798,26.9798,184,0
2017-12-06,20:35:00,26.947,26.947,26.947,26.947,200,0
2017-12-06,20:40:00,26.9257,26.9257,26.9257,26.9257,155,0
2017-12-06,21:15:00,26.9669,26.9669,26.9449,26.9449,318,0
2017-12-06,21:25:00,26.9301,26.965,26.93,26.9552,656,0
2017-12-06,21:30:00,26.937,26.937,26.937,26.937,400,0
2017-12-06,21:35:00,26.965,26.965,26.965,26.965,100,0
2017-12-06,21:45:00,26.93,26.93,26.93,26.93,100,0
2017-12-06,21:50:00,26.93,26.93,26.93,26.93,100,0
2017-12-06,21:55:00,26.96,26.96,26.96,26.96,152,0
2017-12-06,22:00:00,26.97,27.01,26.97,27.01,1259,0
