Date,Time,Open,High,Low,Close,Volume,OpenInt
2017-11-15,15:35:00,3.2,3.25,3.2,3.25,2490,0
2017-11-15,15:40:00,3.252,3.252,3.21,3.21,3800,0
2017-11-15,15:45:00,3.2,3.21,3.2,3.2,2400,0
2017-11-15,15:50:00,3.19,3.19,3.19,3.19,2000,0
2017-11-15,15:55:00,3.19,3.19,3.18,3.19,6200,0
2017-11-15,16:00:00,3.19,3.2,3.18,3.2,3800,0
2017-11-15,16:05:00,3.2,3.205,3.19,3.19,2141,0
2017-11-15,16:10:00,3.19,3.19,3.1601,3.1601,2092,0
2017-11-15,16:15:00,3.1676,3.1676,3.16,3.16,1013,0
2017-11-15,16:20:00,3.16,3.17,3.16,3.17,3700,0
2017-11-15,16:25:00,3.169,3.17,3.169,3.17,2300,0
2017-11-15,16:30:00,3.17,3.17,3.17,3.17,100,0
2017-11-15,16:35:00,3.17,3.18,3.1664,3.18,1200,0
2017-11-15,16:40:00,3.18,3.18,3.18,3.18,400,0
2017-11-15,16:45:00,3.18,3.18,3.18,3.18,100,0
2017-11-15,16:50:00,3.18,3.2,3.18,3.18,4794,0
2017-11-15,16:55:00,3.18,3.18,3.1799,3.1799,2600,0
2017-11-15,17:00:00,3.19,3.2,3.19,3.2,1200,0
2017-11-15,17:05:00,3.195,3.1953,3.19,3.1908,2700,0
2017-11-15,17:10:00,3.19,3.21,3.19,3.21,11400,0
2017-11-15,17:15:00,3.21,3.223,3.21,3.223,1500,0
2017-11-15,17:20:00,3.22,3.22,3.2101,3.2101,1900,0
2017-11-15,17:25:00,3.22,3.25,3.22,3.25,3400,0
2017-11-15,17:30:00,3.26,3.26,3.245,3.25,13800,0
2017-11-15,17:35:00,3.2496,3.25,3.2496,3.25,800,0
2017-11-15,17:45:00,3.25,3.25,3.25,3.25,1500,0
2017-11-15,17:50:00,3.2401,3.2401,3.2401,3.2401,500,0
2017-11-15,17:55:00,3.25,3.25,3.25,3.25,400,0
2017-11-15,18:00:00,3.25,3.25,3.25,3.25,2000,0
2017-11-15,18:05:00,3.24,3.24,3.23,3.23,2100,0
2017-11-15,18:10:00,3.23,3.23,3.23,3.23,1200,0
2017-11-15,18:20:00,3.23,3.24,3.2294,3.23,2100,0
2017-11-15,18:25:00,3.23,3.23,3.23,3.23,400,0
2017-11-15,18:30:00,3.2363,3.2399,3.2363,3.2399,2460,0
2017-11-15,18:35:00,3.24,3.26,3.23,3.24,9638,0
2017-11-15,18:40:00,3.2447,3.25,3.2447,3.25,400,0
2017-11-15,18:45:00,3.25,3.25,3.25,3.25,200,0
2017-11-15,18:50:00,3.24,3.24,3.2347,3.2347,726,0
2017-11-15,18:55:00,3.24,3.26,3.24,3.25,1600,0
2017-11-15,19:00:00,3.26,3.27,3.26,3.26,1600,0
2017-11-15,19:05:00,3.26,3.2798,3.2599,3.2798,5425,0
2017-11-15,19:10:00,3.279,3.28,3.275,3.28,9927,0
2017-11-15,19:15:00,3.2858,3.2858,3.2858,3.2858,700,0
2017-11-15,19:25:00,3.286,3.3,3.26,3.27,3823,0
2017-11-15,19:30:00,3.278,3.278,3.27,3.27,4250,0
2017-11-15,19:35:00,3.26,3.26,3.26,3.26,100,0
2017-11-15,19:40:00,3.29,3.29,3.29,3.29,400,0
2017-11-15,19:45:00,3.3,3.3,3.3,3.3,200,0
2017-11-15,19:50:00,3.3,3.3,3.3,3.3,100,0
2017-11-15,19:55:00,3.3003,3.32,3.3003,3.32,7900,0
2017-11-15,20:05:00,3.3167,3.32,3.3167,3.32,400,0
2017-11-15,20:10:00,3.31,3.31,3.29,3.29,3300,0
2017-11-15,20:20:00,3.3,3.32,3.3,3.32,1100,0
2017-11-15,20:25:00,3.32,3.32,3.32,3.32,100,0
2017-11-15,20:35:00,3.33,3.33,3.3289,3.33,800,0
2017-11-15,20:40:00,3.33,3.33,3.32,3.32,1700,0
2017-11-15,20:45:00,3.32,3.32,3.32,3.32,500,0
2017-11-15,20:50:00,3.33,3.33,3.3201,3.3201,200,0
2017-11-15,20:55:00,3.32,3.32,3.32,3.32,400,0
2017-11-15,21:05:00,3.31,3.31,3.31,3.31,600,0
2017-11-15,21:10:00,3.3102,3.3113,3.3102,3.3113,2000,0
2017-11-15,21:15:00,3.3116,3.32,3.3,3.3,6500,0
2017-11-15,21:20:00,3.3,3.3,3.295,3.3,1100,0
2017-11-15,21:25:00,3.3,3.31,3.3,3.3,1900,0
2017-11-15,21:30:00,3.29,3.3,3.29,3.2966,2015,0
2017-11-15,21:35:00,3.3,3.3,3.26,3.26,7700,0
2017-11-15,21:40:00,3.26,3.3,3.26,3.3,6900,0
2017-11-15,21:45:00,3.31,3.31,3.31,3.31,400,0
2017-11-15,21:50:00,3.32,3.32,3.32,3.32,700,0
2017-11-15,21:55:00,3.315,3.315,3.3,3.3,3050,0
2017-11-15,22:00:00,3.3,3.31,3.2907,3.31,2720,0
2017-11-16,15:35:00,3.35,3.36,3.29,3.29,25295,0
2017-11-16,15:40:00,3.28,3.28,3.27,3.28,1425,0
2017-11-16,15:45:00,3.28,3.3,3.28,3.295,910,0
2017-11-16,15:50:00,3.3,3.3,3.29,3.29,800,0
2017-11-16,15:55:00,3.29,3.29,3.29,3.29,1200,0
2017-11-16,16:00:00,3.2834,3.2834,3.2834,3.2834,600,0
2017-11-16,16:05:00,3.29,3.32,3.29,3.32,1500,0
2017-11-16,16:10:00,3.3223,3.3223,3.29,3.2901,2500,0
2017-11-16,16:25:00,3.31,3.31,3.29,3.29,900,0
2017-11-16,16:30:00,3.29,3.29,3.2748,3.2748,1594,0
2017-11-16,16:35:00,3.2799,3.28,3.2799,3.28,2600,0
2017-11-16,16:40:00,3.29,3.29,3.29,3.29,200,0
2017-11-16,16:45:00,3.3,3.31,3.3,3.31,1000,0
2017-11-16,16:50:00,3.32,3.32,3.31,3.31,1900,0
2017-11-16,17:05:00,3.3,3.3,3.2934,3.2934,1000,0
2017-11-16,17:10:00,3.2901,3.3,3.29,3.29,7280,0
2017-11-16,17:15:00,3.3,3.3,3.3,3.3,500,0
2017-11-16,17:25:00,3.3,3.3,3.2901,3.2908,4030,0
2017-11-16,17:30:00,3.29,3.29,3.28,3.28,8236,0
2017-11-16,17:35:00,3.2801,3.2801,3.28,3.28,6196,0
2017-11-16,17:50:00,3.29,3.29,3.28,3.28,200,0
2017-11-16,17:55:00,3.29,3.29,3.29,3.29,1700,0
2017-11-16,18:00:00,3.28,3.29,3.28,3.29,3300,0
2017-11-16,18:20:00,3.3,3.3,3.3,3.3,100,0
2017-11-16,18:30:00,3.2987,3.2987,3.2987,3.2987,4234,0
2017-11-16,18:35:00,3.3,3.3099,3.3,3.3099,855,0
2017-11-16,18:40:00,3.3044,3.305,3.3044,3.305,4334,0
2017-11-16,18:45:00,3.31,3.31,3.31,3.31,100,0
2017-11-16,18:50:00,3.3,3.3015,3.3,3.3,1300,0
2017-11-16,19:00:00,3.3,3.3,3.2989,3.3,2400,0
2017-11-16,19:05:00,3.29,3.3,3.29,3.3,200,0
2017-11-16,19:20:00,3.2999,3.3,3.2999,3.3,970,0
2017-11-16,19:25:00,3.31,3.31,3.3037,3.3037,900,0
2017-11-16,19:40:00,3.31,3.3199,3.3095,3.3199,8852,0
2017-11-16,19:45:00,3.32,3.32,3.32,3.32,100,0
2017-11-16,20:00:00,3.311,3.32,3.311,3.311,3782,0
2017-11-16,20:05:00,3.31,3.31,3.31,3.31,200,0
2017-11-16,20:10:00,3.32,3.32,3.32,3.32,300,0
2017-11-16,20:15:00,3.32,3.32,3.3194,3.3194,2600,0
2017-11-16,20:35:00,3.3169,3.3169,3.31,3.31,3600,0
2017-11-16,20:40:00,3.31,3.3199,3.31,3.3199,3795,0
2017-11-16,20:50:00,3.3101,3.32,3.3101,3.32,555,0
2017-11-16,20:55:00,3.31,3.31,3.31,3.31,1100,0
2017-11-16,21:00:00,3.31,3.315,3.3,3.3,1600,0
2017-11-16,21:05:00,3.2999,3.3,3.2999,3.3,2100,0
2017-11-16,21:15:00,3.2939,3.2939,3.2939,3.2939,229,0
2017-11-16,21:20:00,3.29,3.29,3.29,3.29,100,0
2017-11-16,21:25:00,3.2924,3.2924,3.29,3.29,500,0
2017-11-16,21:30:00,3.297,3.297,3.297,3.297,500,0
2017-11-16,21:40:00,3.295,3.295,3.29,3.29,2700,0
2017-11-16,21:45:00,3.29,3.29,3.29,3.29,200,0
2017-11-16,21:50:00,3.3,3.31,3.29,3.3,7600,0
2017-11-16,21:55:00,3.29,3.29,3.28,3.28,3600,0
2017-11-16,22:00:00,3.28,3.29,3.27,3.27,5500,0
2017-11-17,15:35:00,3.32,3.32,3.29,3.29,5056,0
2017-11-17,15:45:00,3.3,3.3,3.3,3.3,1588,0
2017-11-17,15:50:00,3.3,3.3,3.3,3.3,400,0
2017-11-17,15:55:00,3.3,3.3,3.28,3.28,3670,0
2017-11-17,16:00:00,3.28,3.28,3.28,3.28,1273,0
2017-11-17,16:05:00,3.2746,3.2746,3.2701,3.2701,640,0
2017-11-17,16:10:00,3.2808,3.2808,3.2808,3.2808,290,0
2017-11-17,16:15:00,3.2701,3.2701,3.2701,3.2701,3324,0
2017-11-17,16:20:00,3.2752,3.2752,3.2752,3.2752,152,0
2017-11-17,16:25:00,3.28,3.28,3.28,3.28,600,0
2017-11-17,16:30:00,3.29,3.29,3.29,3.29,100,0
2017-11-17,16:35:00,3.2897,3.2897,3.2897,3.2897,1500,0
2017-11-17,16:40:00,3.2876,3.2876,3.2876,3.2876,1000,0
2017-11-17,17:05:00,3.29,3.29,3.29,3.29,200,0
2017-11-17,17:10:00,3.29,3.298,3.29,3.298,2100,0
2017-11-17,17:15:00,3.28,3.29,3.28,3.29,1300,0
2017-11-17,17:20:00,3.29,3.29,3.2818,3.2818,12217,0
2017-11-17,17:25:00,3.3,3.32,3.3,3.31,6700,0
2017-11-17,17:30:00,3.31,3.31,3.308,3.308,3340,0
2017-11-17,17:35:00,3.32,3.33,3.32,3.33,400,0
2017-11-17,17:40:00,3.325,3.34,3.325,3.34,450,0
2017-11-17,17:45:00,3.34,3.34,3.33,3.33,1900,0
2017-11-17,17:50:00,3.3301,3.35,3.3301,3.35,900,0
2017-11-17,17:55:00,3.35,3.35,3.35,3.35,100,0
2017-11-17,18:05:00,3.36,3.37,3.36,3.37,2800,0
2017-11-17,18:10:00,3.38,3.38,3.37,3.37,2640,0
2017-11-17,18:20:00,3.38,3.38,3.38,3.38,100,0
2017-11-17,18:40:00,3.393,3.41,3.393,3.41,6000,0
2017-11-17,18:45:00,3.4191,3.4296,3.4191,3.4296,4200,0
2017-11-17,18:50:00,3.43,3.43,3.41,3.4148,2350,0
2017-11-17,18:55:00,3.4169,3.42,3.4162,3.42,2200,0
2017-11-17,19:00:00,3.4169,3.4169,3.4169,3.4169,1000,0
2017-11-17,19:15:00,3.43,3.44,3.43,3.44,4600,0
2017-11-17,19:20:00,3.4395,3.4395,3.4395,3.4395,1000,0
2017-11-17,19:25:00,3.45,3.45,3.4401,3.4401,700,0
2017-11-17,19:35:00,3.45,3.45,3.4463,3.45,1200,0
2017-11-17,19:45:00,3.465,3.4699,3.465,3.4699,300,0
2017-11-17,19:50:00,3.47,3.47,3.47,3.47,100,0
2017-11-17,19:55:00,3.4601,3.48,3.4601,3.48,1100,0
2017-11-17,20:10:00,3.48,3.5,3.48,3.4999,1200,0
2017-11-17,20:15:00,3.49,3.4948,3.487,3.49,6040,0
2017-11-17,20:25:00,3.4884,3.4884,3.4884,3.4884,1000,0
2017-11-17,20:35:00,3.48,3.48,3.465,3.47,2600,0
2017-11-17,20:45:00,3.47,3.47,3.46,3.46,640,0
2017-11-17,20:50:00,3.45,3.45,3.45,3.45,100,0
2017-11-17,20:55:00,3.46,3.46,3.46,3.46,100,0
2017-11-17,21:00:00,3.4497,3.4497,3.41,3.41,2900,0
2017-11-17,21:10:00,3.42,3.42,3.42,3.42,100,0
2017-11-17,21:15:00,3.42,3.43,3.42,3.4292,3900,0
2017-11-17,21:20:00,3.4114,3.43,3.41,3.43,4070,0
2017-11-17,21:25:00,3.41,3.41,3.4,3.41,1200,0
2017-11-17,21:30:00,3.3993,3.4,3.3993,3.4,940,0
2017-11-17,21:35:00,3.4,3.4,3.4,3.4,100,0
2017-11-17,21:45:00,3.42,3.42,3.41,3.41,300,0
2017-11-17,21:50:00,3.41,3.41,3.41,3.41,100,0
2017-11-17,21:55:00,3.409,3.409,3.405,3.405,350,0
2017-11-17,22:00:00,3.4001,3.41,3.4,3.41,664,0
2017-11-20,15:35:00,3.44,3.44,3.41,3.4176,4828,0
2017-11-20,15:40:00,3.41,3.42,3.39,3.4,2145,0
2017-11-20,15:45:00,3.4,3.4,3.4,3.4,100,0
2017-11-20,15:50:00,3.39,3.4,3.39,3.4,500,0
2017-11-20,15:55:00,3.4,3.4,3.4,3.4,200,0
2017-11-20,16:00:00,3.4,3.4,3.4,3.4,200,0
2017-11-20,16:10:00,3.395,3.395,3.38,3.38,3300,0
2017-11-20,16:15:00,3.37,3.3868,3.36,3.36,4747,0
2017-11-20,16:25:00,3.36,3.37,3.36,3.37,600,0
2017-11-20,16:30:00,3.3513,3.3513,3.35,3.35,900,0
2017-11-20,16:35:00,3.33,3.3306,3.33,3.3306,1749,0
2017-11-20,16:40:00,3.33,3.33,3.33,3.33,400,0
2017-11-20,16:45:00,3.34,3.34,3.34,3.34,300,0
2017-11-20,16:50:00,3.34,3.34,3.33,3.34,2000,0
2017-11-20,16:55:00,3.35,3.35,3.3499,3.35,1900,0
2017-11-20,17:05:00,3.34,3.35,3.34,3.35,200,0
2017-11-20,17:10:00,3.34,3.34,3.34,3.34,1000,0
2017-11-20,17:40:00,3.337,3.337,3.33,3.33,1496,0
2017-11-20,17:45:00,3.32,3.32,3.32,3.32,500,0
2017-11-20,17:55:00,3.3267,3.3267,3.3267,3.3267,100,0
2017-11-20,18:00:00,3.3248,3.3248,3.3248,3.3248,500,0
2017-11-20,18:05:00,3.32,3.32,3.31,3.31,3000,0
2017-11-20,18:15:00,3.3066,3.3066,3.3066,3.3066,1500,0
2017-11-20,18:20:00,3.3075,3.3075,3.3075,3.3075,300,0
2017-11-20,18:25:00,3.3,3.31,3.29,3.305,4889,0
2017-11-20,18:35:00,3.31,3.33,3.31,3.33,500,0
2017-11-20,18:40:00,3.33,3.33,3.33,3.33,200,0
2017-11-20,18:45:00,3.3277,3.3277,3.3277,3.3277,400,0
2017-11-20,18:50:00,3.33,3.33,3.33,3.33,400,0
2017-11-20,19:05:00,3.33,3.33,3.33,3.33,2900,0
2017-11-20,19:10:00,3.32,3.32,3.32,3.32,200,0
2017-11-20,19:15:00,3.33,3.33,3.33,3.33,200,0
2017-11-20,19:20:00,3.33,3.3397,3.33,3.3397,700,0
2017-11-20,19:35:00,3.34,3.34,3.34,3.34,300,0
2017-11-20,19:50:00,3.331,3.331,3.32,3.32,2800,0
2017-11-20,20:10:00,3.33,3.33,3.33,3.33,200,0
2017-11-20,20:30:00,3.33,3.33,3.3,3.3,2304,0
2017-11-20,20:45:00,3.32,3.32,3.32,3.32,600,0
2017-11-20,20:50:00,3.32,3.32,3.32,3.32,100,0
2017-11-20,20:55:00,3.31,3.31,3.31,3.31,600,0
2017-11-20,21:05:00,3.305,3.31,3.305,3.31,5400,0
2017-11-20,21:10:00,3.32,3.32,3.32,3.32,100,0
2017-11-20,21:20:00,3.32,3.32,3.315,3.315,400,0
2017-11-20,21:25:00,3.31,3.31,3.31,3.31,500,0
2017-11-20,21:30:00,3.31,3.311,3.3,3.301,2252,0
2017-11-20,21:35:00,3.3,3.3,3.3,3.3,100,0
2017-11-20,21:40:00,3.31,3.31,3.3045,3.3045,1250,0
2017-11-20,21:45:00,3.32,3.32,3.31,3.31,400,0
2017-11-20,21:50:00,3.3,3.3,3.3,3.3,167,0
2017-11-20,21:55:00,3.305,3.31,3.3,3.3075,8100,0
2017-11-20,22:00:00,3.3199,3.32,3.31,3.31,700,0
2017-11-21,15:35:00,3.22,3.3,3.18,3.19,22975,0
2017-11-21,15:40:00,3.18,3.22,3.18,3.19,11383,0
2017-11-21,15:45:00,3.2,3.22,3.2,3.2153,5224,0
2017-11-21,15:50:00,3.2,3.21,3.2,3.21,300,0
2017-11-21,15:55:00,3.22,3.22,3.22,3.22,1000,0
2017-11-21,16:00:00,3.21,3.24,3.21,3.24,8319,0
2017-11-21,16:05:00,3.2307,3.24,3.2307,3.24,600,0
2017-11-21,16:10:00,3.23,3.23,3.23,3.23,300,0
2017-11-21,16:15:00,3.2307,3.24,3.23,3.24,800,0
2017-11-21,16:20:00,3.24,3.24,3.23,3.23,1100,0
2017-11-21,16:25:00,3.24,3.25,3.23,3.25,3750,0
2017-11-21,16:30:00,3.25,3.25,3.23,3.23,1190,0
2017-11-21,16:35:00,3.23,3.24,3.23,3.24,1400,0
2017-11-21,16:40:00,3.23,3.23,3.21,3.2156,3400,0
2017-11-21,16:45:00,3.21,3.21,3.21,3.21,100,0
2017-11-21,16:50:00,3.21,3.211,3.21,3.21,2403,0
2017-11-21,16:55:00,3.19,3.2,3.19,3.2,200,0
2017-11-21,17:00:00,3.21,3.21,3.21,3.21,200,0
2017-11-21,17:05:00,3.19,3.1999,3.18,3.18,2670,0
2017-11-21,17:10:00,3.18,3.19,3.18,3.1808,6025,0
2017-11-21,17:15:00,3.1876,3.1876,3.18,3.18,4200,0
2017-11-21,17:20:00,3.18,3.18,3.17,3.18,1800,0
2017-11-21,17:25:00,3.18,3.18,3.18,3.18,740,0
2017-11-21,17:30:00,3.17,3.19,3.17,3.1894,300,0
2017-11-21,17:35:00,3.17,3.17,3.17,3.17,200,0
2017-11-21,17:40:00,3.17,3.19,3.17,3.19,800,0
2017-11-21,17:45:00,3.19,3.2,3.19,3.2,1700,0
2017-11-21,17:50:00,3.2,3.2,3.19,3.19,800,0
2017-11-21,17:55:00,3.2,3.2,3.18,3.19,19161,0
2017-11-21,18:00:00,3.19,3.19,3.18,3.19,3000,0
2017-11-21,18:05:00,3.1999,3.1999,3.1999,3.1999,184,0
2017-11-21,18:10:00,3.19,3.19,3.18,3.18,500,0
2017-11-21,18:15:00,3.18,3.18,3.17,3.17,300,0
2017-11-21,18:20:00,3.17,3.17,3.15,3.15,11342,0
2017-11-21,18:25:00,3.15,3.15,3.15,3.15,1700,0
2017-11-21,18:30:00,3.15,3.16,3.15,3.16,300,0
2017-11-21,18:35:00,3.16,3.16,3.15,3.15,2800,0
2017-11-21,18:40:00,3.15,3.16,3.15,3.16,4550,0
2017-11-21,18:45:00,3.16,3.17,3.16,3.17,6700,0
2017-11-21,18:55:00,3.16,3.16,3.16,3.16,100,0
2017-11-21,19:00:00,3.15,3.15,3.15,3.15,3543,0
2017-11-21,19:05:00,3.1488,3.1488,3.1211,3.1211,5300,0
2017-11-21,19:10:00,3.12,3.13,3.12,3.13,6701,0
2017-11-21,19:15:00,3.13,3.13,3.1157,3.13,4426,0
2017-11-21,19:20:00,3.13,3.13,3.1247,3.125,550,0
2017-11-21,19:25:00,3.12,3.13,3.12,3.13,1500,0
2017-11-21,19:30:00,3.12,3.13,3.1,3.11,7860,0
2017-11-21,19:35:00,3.11,3.11,3.11,3.11,100,0
2017-11-21,19:40:00,3.11,3.13,3.1,3.11,8395,0
2017-11-21,19:45:00,3.12,3.12,3.11,3.11,1100,0
2017-11-21,19:50:00,3.1198,3.12,3.09,3.1,11400,0
2017-11-21,19:55:00,3.09,3.1,3.09,3.1,600,0
2017-11-21,20:00:00,3.1,3.11,3.0905,3.1,2100,0
2017-11-21,20:05:00,3.102,3.11,3.1,3.11,1500,0
2017-11-21,20:10:00,3.11,3.11,3.1,3.1086,1800,0
2017-11-21,20:15:00,3.11,3.12,3.1,3.1,4229,0
2017-11-21,20:20:00,3.0999,3.0999,3.0999,3.0999,350,0
2017-11-21,20:25:00,3.0936,3.105,3.0936,3.105,1967,0
2017-11-21,20:30:00,3.1,3.11,3.1,3.1,900,0
2017-11-21,20:35:00,3.11,3.11,3.11,3.11,400,0
2017-11-21,20:40:00,3.12,3.13,3.12,3.13,5000,0
2017-11-21,20:45:00,3.14,3.14,3.13,3.14,2656,0
2017-11-21,20:50:00,3.13,3.135,3.13,3.1308,5962,0
2017-11-21,20:55:00,3.14,3.14,3.13,3.13,805,0
2017-11-21,21:00:00,3.13,3.1399,3.13,3.133,2790,0
2017-11-21,21:05:00,3.13,3.135,3.13,3.13,1400,0
2017-11-21,21:10:00,3.135,3.14,3.13,3.14,700,0
2017-11-21,21:15:00,3.13,3.13,3.12,3.12,5634,0
2017-11-21,21:20:00,3.1299,3.1299,3.1201,3.1211,800,0
2017-11-21,21:25:00,3.125,3.13,3.1,3.105,2982,0
2017-11-21,21:30:00,3.1,3.11,3.1,3.11,1300,0
2017-11-21,21:35:00,3.1,3.1033,3.09,3.1,3580,0
2017-11-21,21:40:00,3.09,3.1,3.09,3.1,1244,0
2017-11-21,21:45:00,3.1,3.12,3.1,3.1137,4705,0
2017-11-21,21:50:00,3.115,3.12,3.11,3.1152,2200,0
2017-11-21,21:55:00,3.1,3.12,3.1,3.11,11715,0
2017-11-21,22:00:00,3.1,3.17,3.1,3.17,17783,0
2017-11-22,15:35:00,3.2,3.2,3.15,3.155,9322,0
2017-11-22,15:40:00,3.15,3.15,3.13,3.15,2900,0
2017-11-22,15:45:00,3.15,3.15,3.09,3.09,13750,0
2017-11-22,15:50:00,3.12,3.12,3.11,3.11,3400,0
2017-11-22,15:55:00,3.1,3.1155,3.1,3.11,4028,0
2017-11-22,16:00:00,3.1,3.11,3.1,3.11,1000,0
2017-11-22,16:05:00,3.109,3.11,3.1044,3.11,1800,0
2017-11-22,16:10:00,3.11,3.12,3.109,3.12,3000,0
2017-11-22,16:15:00,3.11,3.11,3.1,3.1,1700,0
2017-11-22,16:20:00,3.1093,3.11,3.1,3.106,2150,0
2017-11-22,16:25:00,3.12,3.12,3.1101,3.1101,958,0
2017-11-22,16:30:00,3.11,3.13,3.11,3.12,700,0
2017-11-22,16:35:00,3.1,3.1,3.1,3.1,800,0
2017-11-22,16:40:00,3.1,3.11,3.08,3.0801,11788,0
2017-11-22,16:45:00,3.07,3.075,3.07,3.075,900,0
2017-11-22,16:50:00,3.0799,3.0799,3.0799,3.0799,2000,0
2017-11-22,16:55:00,3.07,3.08,3.07,3.07,6079,0
2017-11-22,17:00:00,3.07,3.0702,3.0599,3.0702,2500,0
2017-11-22,17:10:00,3.067,3.08,3.067,3.07,2228,0
2017-11-22,17:15:00,3.0711,3.08,3.07,3.08,6249,0
2017-11-22,17:20:00,3.09,3.1,3.09,3.09,1900,0
2017-11-22,17:25:00,3.09,3.1,3.09,3.1,2000,0
2017-11-22,17:35:00,3.11,3.11,3.09,3.095,1550,0
2017-11-22,17:40:00,3.09,3.09,3.09,3.09,500,0
2017-11-22,17:45:00,3.08,3.09,3.08,3.09,800,0
2017-11-22,17:50:00,3.08,3.08,3.08,3.08,200,0
2017-11-22,17:55:00,3.0899,3.0899,3.08,3.0873,2200,0
2017-11-22,18:00:00,3.085,3.085,3.085,3.085,1000,0
2017-11-22,18:05:00,3.09,3.09,3.08,3.08,2400,0
2017-11-22,18:10:00,3.07,3.0799,3.07,3.07,2227,0
2017-11-22,18:15:00,3.08,3.08,3.0708,3.0708,1600,0
2017-11-22,18:20:00,3.0712,3.08,3.07,3.0752,9600,0
2017-11-22,18:25:00,3.08,3.085,3.08,3.08,1000,0
2017-11-22,18:30:00,3.09,3.09,3.08,3.08,1456,0
2017-11-22,18:35:00,3.085,3.09,3.08,3.09,500,0
2017-11-22,18:40:00,3.08,3.081,3.08,3.08,1639,0
2017-11-22,18:45:00,3.08,3.08,3.08,3.08,300,0
2017-11-22,18:50:00,3.08,3.11,3.075,3.11,6250,0
2017-11-22,18:55:00,3.11,3.11,3.11,3.11,908,0
2017-11-22,19:00:00,3.12,3.12,3.12,3.12,1500,0
2017-11-22,19:05:00,3.12,3.12,3.1199,3.12,3084,0
2017-11-22,19:10:00,3.13,3.13,3.11,3.12,2400,0
2017-11-22,19:15:00,3.11,3.115,3.11,3.11,2068,0
2017-11-22,19:20:00,3.1134,3.1134,3.11,3.11,700,0
2017-11-22,19:25:00,3.12,3.12,3.11,3.11,1100,0
2017-11-22,19:30:00,3.11,3.1136,3.11,3.11,2400,0
2017-11-22,19:35:00,3.11,3.12,3.11,3.11,6000,0
2017-11-22,19:40:00,3.11,3.11,3.11,3.11,100,0
2017-11-22,19:45:00,3.1198,3.1198,3.09,3.1,5500,0
2017-11-22,19:50:00,3.09,3.09,3.08,3.085,1000,0
2017-11-22,19:55:00,3.085,3.085,3.08,3.085,800,0
2017-11-22,20:00:00,3.085,3.085,3.08,3.08,1500,0
2017-11-22,20:05:00,3.08,3.09,3.08,3.08,5239,0
2017-11-22,20:10:00,3.085,3.1,3.085,3.098,9897,0
2017-11-22,20:15:00,3.1,3.1,3.095,3.095,3300,0
2017-11-22,20:20:00,3.09,3.0999,3.09,3.0999,1200,0
2017-11-22,20:25:00,3.0933,3.11,3.09,3.1099,12029,0
2017-11-22,20:30:00,3.1,3.105,3.1,3.105,719,0
2017-11-22,20:35:00,3.11,3.11,3.11,3.11,2460,0
2017-11-22,20:40:00,3.11,3.12,3.11,3.12,200,0
2017-11-22,20:45:00,3.12,3.12,3.12,3.12,6100,0
2017-11-22,20:50:00,3.11,3.12,3.11,3.12,1200,0
2017-11-22,20:55:00,3.12,3.13,3.11,3.13,1300,0
2017-11-22,21:00:00,3.14,3.14,3.1291,3.13,5500,0
2017-11-22,21:05:00,3.14,3.15,3.14,3.15,200,0
2017-11-22,21:10:00,3.15,3.1701,3.1452,3.15,26100,0
2017-11-22,21:15:00,3.1572,3.17,3.1572,3.17,4070,0
2017-11-22,21:20:00,3.17,3.17,3.16,3.16,1600,0
2017-11-22,21:25:00,3.17,3.17,3.16,3.16,1600,0
2017-11-22,21:30:00,3.15,3.165,3.15,3.1514,2650,0
2017-11-22,21:35:00,3.16,3.16,3.15,3.15,1864,0
2017-11-22,21:40:00,3.15,3.16,3.15,3.16,1742,0
2017-11-22,21:45:00,3.15,3.16,3.13,3.13,2100,0
2017-11-22,21:50:00,3.135,3.135,3.11,3.11,11300,0
2017-11-22,21:55:00,3.13,3.13,3.11,3.11,19033,0
2017-11-22,22:00:00,3.11,3.12,3.11,3.12,3100,0
2017-11-24,15:35:00,3.12,3.13,3.12,3.13,1365,0
2017-11-24,15:40:00,3.15,3.18,3.15,3.18,13200,0
2017-11-24,15:45:00,3.184,3.184,3.184,3.184,1000,0
2017-11-24,15:50:00,3.18,3.18,3.18,3.18,100,0
2017-11-24,15:55:00,3.17,3.17,3.16,3.16,552,0
2017-11-24,16:00:00,3.16,3.16,3.1591,3.1591,700,0
2017-11-24,16:05:00,3.16,3.16,3.14,3.1401,6200,0
2017-11-24,16:15:00,3.1499,3.1499,3.13,3.1386,5436,0
2017-11-24,16:30:00,3.1311,3.1311,3.1311,3.1311,140,0
2017-11-24,16:35:00,3.14,3.14,3.14,3.14,600,0
2017-11-24,16:40:00,3.14,3.14,3.14,3.14,2000,0
2017-11-24,16:45:00,3.1496,3.15,3.1487,3.15,2500,0
2017-11-24,16:50:00,3.15,3.15,3.15,3.15,1700,0
2017-11-24,16:55:00,3.15,3.15,3.1494,3.1494,2000,0
2017-11-24,17:05:00,3.15,3.15,3.15,3.15,2000,0
2017-11-24,17:10:00,3.15,3.15,3.15,3.15,1700,0
2017-11-24,17:15:00,3.16,3.18,3.15,3.15,15095,0
2017-11-24,17:20:00,3.15,3.15,3.15,3.15,100,0
2017-11-24,17:25:00,3.15,3.1503,3.15,3.1503,1105,0
2017-11-24,17:35:00,3.16,3.16,3.15,3.15,730,0
2017-11-24,17:40:00,3.15,3.15,3.15,3.15,500,0
2017-11-24,17:50:00,3.16,3.16,3.15,3.16,499,0
2017-11-24,17:55:00,3.16,3.16,3.1507,3.1507,416,0
2017-11-24,18:00:00,3.15,3.15,3.15,3.15,100,0
2017-11-24,18:10:00,3.1501,3.16,3.1501,3.1599,400,0
2017-11-24,18:15:00,3.15,3.155,3.15,3.155,625,0
2017-11-24,18:25:00,3.16,3.16,3.16,3.16,200,0
2017-11-24,18:30:00,3.16,3.16,3.16,3.16,500,0
2017-11-24,18:40:00,3.18,3.18,3.18,3.18,100,0
2017-11-24,18:55:00,3.18,3.18,3.18,3.18,500,0
2017-11-24,19:00:00,3.18,3.18,3.18,3.18,396,0
2017-11-27,15:35:00,3.28,3.28,3.21,3.21,21773,0
2017-11-27,15:40:00,3.2005,3.2029,3.19,3.19,1810,0
2017-11-27,15:45:00,3.2,3.2,3.2,3.2,200,0
2017-11-27,15:50:00,3.19,3.199,3.1831,3.199,2255,0
2017-11-27,15:55:00,3.18,3.2,3.18,3.2,3983,0
2017-11-27,16:00:00,3.21,3.21,3.21,3.21,400,0
2017-11-27,16:05:00,3.21,3.21,3.19,3.19,1100,0
2017-11-27,16:15:00,3.19,3.19,3.19,3.19,400,0
2017-11-27,16:20:00,3.19,3.19,3.19,3.19,300,0
2017-11-27,16:25:00,3.19,3.19,3.188,3.188,1800,0
2017-11-27,16:30:00,3.1828,3.19,3.1828,3.19,800,0
2017-11-27,16:35:00,3.195,3.2,3.195,3.1968,7300,0
2017-11-27,16:40:00,3.2,3.2,3.19,3.19,2706,0
2017-11-27,16:55:00,3.21,3.21,3.21,3.21,100,0
2017-11-27,17:05:00,3.21,3.21,3.21,3.21,239,0
2017-11-27,17:10:00,3.205,3.24,3.2049,3.23,16307,0
2017-11-27,17:15:00,3.22,3.22,3.21,3.21,6200,0
2017-11-27,17:20:00,3.21,3.21,3.21,3.21,100,0
2017-11-27,17:25:00,3.205,3.21,3.19,3.19,12542,0
2017-11-27,17:40:00,3.19,3.19,3.17,3.17,4700,0
2017-11-27,17:45:00,3.1799,3.1799,3.1799,3.1799,200,0
2017-11-27,18:10:00,3.19,3.19,3.19,3.19,100,0
2017-11-27,18:15:00,3.1795,3.1795,3.1795,3.1795,300,0
2017-11-27,18:20:00,3.17,3.175,3.17,3.175,300,0
2017-11-27,18:25:00,3.17,3.17,3.15,3.15,8225,0
2017-11-27,18:30:00,3.15,3.15,3.14,3.14,7901,0
2017-11-27,18:35:00,3.14,3.14,3.13,3.138,1200,0
2017-11-27,18:40:00,3.14,3.14,3.14,3.14,300,0
2017-11-27,18:45:00,3.13,3.13,3.12,3.12,1190,0
2017-11-27,18:50:00,3.13,3.13,3.1245,3.1245,400,0
2017-11-27,18:55:00,3.13,3.14,3.13,3.14,300,0
2017-11-27,19:00:00,3.1313,3.14,3.1313,3.14,2400,0
2017-11-27,19:05:00,3.135,3.14,3.13,3.13,5400,0
2017-11-27,19:10:00,3.13,3.13,3.11,3.11,1737,0
2017-11-27,19:15:00,3.12,3.1201,3.1187,3.1187,3600,0
2017-11-27,19:20:00,3.13,3.13,3.1289,3.13,1425,0
2017-11-27,19:25:00,3.13,3.13,3.13,3.13,600,0
2017-11-27,19:30:00,3.1337,3.1337,3.1337,3.1337,2400,0
2017-11-27,19:40:00,3.1382,3.1382,3.1382,3.1382,3000,0
2017-11-27,19:50:00,3.14,3.145,3.1399,3.14,20000,0
2017-11-27,20:00:00,3.135,3.135,3.13,3.13,800,0
2017-11-27,20:25:00,3.134,3.135,3.13,3.13,2553,0
2017-11-27,20:30:00,3.138,3.138,3.138,3.138,1000,0
2017-11-27,20:40:00,3.14,3.14,3.14,3.14,1300,0
2017-11-27,20:45:00,3.14,3.14,3.1397,3.14,5210,0
2017-11-27,20:55:00,3.14,3.14,3.14,3.14,600,0
2017-11-27,21:00:00,3.1394,3.1394,3.1394,3.1394,100,0
2017-11-27,21:20:00,3.14,3.14,3.14,3.14,500,0
2017-11-27,21:35:00,3.14,3.14,3.13,3.1338,2200,0
2017-11-27,21:40:00,3.13,3.14,3.13,3.14,1300,0
2017-11-27,21:45:00,3.135,3.14,3.13,3.14,1955,0
2017-11-27,21:50:00,3.135,3.14,3.13,3.14,900,0
2017-11-27,21:55:00,3.14,3.14,3.13,3.13,1600,0
2017-11-27,22:00:00,3.14,3.14,3.13,3.14,3185,0
2017-11-28,15:35:00,3.13,3.14,3.13,3.13,19450,0
2017-11-28,15:45:00,3.13,3.13,3.1199,3.1199,19188,0
2017-11-28,15:50:00,3.111,3.111,3.11,3.11,6036,0
2017-11-28,15:55:00,3.11,3.115,3.1,3.1,3101,0
2017-11-28,16:05:00,3.11,3.11,3.11,3.11,200,0
2017-11-28,16:10:00,3.11,3.11,3.1,3.1,2445,0
2017-11-28,16:15:00,3.1,3.12,3.1,3.12,12300,0
2017-11-28,16:25:00,3.11,3.1189,3.11,3.1189,3300,0
2017-11-28,16:30:00,3.12,3.13,3.12,3.13,1100,0
2017-11-28,16:35:00,3.13,3.13,3.13,3.13,100,0
2017-11-28,16:45:00,3.123,3.14,3.123,3.14,400,0
2017-11-28,16:50:00,3.13,3.14,3.13,3.13,7300,0
2017-11-28,17:00:00,3.1287,3.1287,3.1287,3.1287,100,0
2017-11-28,17:05:00,3.13,3.13,3.13,3.13,100,0
2017-11-28,17:10:00,3.13,3.14,3.12,3.12,4500,0
2017-11-28,17:15:00,3.12,3.12,3.12,3.12,600,0
2017-11-28,17:20:00,3.12,3.13,3.12,3.13,1421,0
2017-11-28,17:25:00,3.12,3.12,3.1137,3.12,5419,0
2017-11-28,17:30:00,3.12,3.12,3.1138,3.1138,500,0
2017-11-28,17:35:00,3.11,3.11,3.1,3.1,500,0
2017-11-28,17:40:00,3.1,3.11,3.1,3.11,3800,0
2017-11-28,17:45:00,3.107,3.11,3.1053,3.11,6844,0
2017-11-28,17:50:00,3.11,3.11,3.1086,3.1086,6100,0
2017-11-28,17:55:00,3.11,3.11,3.1,3.1,300,0
2017-11-28,18:00:00,3.11,3.11,3.11,3.11,100,0
2017-11-28,18:10:00,3.1,3.1,3.09,3.1,5990,0
2017-11-28,18:15:00,3.1,3.1,3.1,3.1,1700,0
2017-11-28,18:20:00,3.1,3.1,3.095,3.095,500,0
2017-11-28,18:25:00,3.1024,3.1024,3.1024,3.1024,500,0
2017-11-28,18:30:00,3.101,3.11,3.1,3.1,3000,0
2017-11-28,18:40:00,3.09,3.09,3.08,3.08,3744,0
2017-11-28,18:45:00,3.08,3.08,3.08,3.08,1200,0
2017-11-28,18:55:00,3.0851,3.09,3.0851,3.09,500,0
2017-11-28,19:05:00,3.09,3.09,3.09,3.09,300,0
2017-11-28,19:20:00,3.09,3.09,3.09,3.09,100,0
2017-11-28,19:30:00,3.0947,3.1,3.0947,3.1,1000,0
2017-11-28,19:35:00,3.1,3.1,3.1,3.1,100,0
2017-11-28,19:40:00,3.1,3.1,3.1,3.1,100,0
2017-11-28,19:45:00,3.091,3.091,3.089,3.089,5472,0
2017-11-28,19:50:00,3.09,3.09,3.09,3.09,700,0
2017-11-28,19:55:00,3.09,3.1,3.08,3.1,1880,0
2017-11-28,20:05:00,3.09,3.0964,3.08,3.0964,1345,0
2017-11-28,20:40:00,3.0884,3.0884,3.0884,3.0884,160,0
2017-11-28,20:50:00,3.1,3.1,3.09,3.1,1500,0
2017-11-28,20:55:00,3.08,3.086,3.08,3.086,2800,0
2017-11-28,21:00:00,3.08,3.08,3.08,3.08,100,0
2017-11-28,21:05:00,3.08,3.08,3.07,3.07,2700,0
2017-11-28,21:10:00,3.06,3.0699,3.06,3.0699,200,0
2017-11-28,21:15:00,3.06,3.07,3.06,3.07,2200,0
2017-11-28,21:20:00,3.07,3.09,3.07,3.07,11700,0
2017-11-28,21:25:00,3.06,3.06,3.0568,3.0568,6195,0
2017-11-28,21:30:00,3.06,3.06,3.0575,3.06,800,0
2017-11-28,21:35:00,3.05,3.0598,3.0298,3.0298,4000,0
2017-11-28,21:40:00,3.025,3.025,3.025,3.025,200,0
2017-11-28,21:45:00,3.0206,3.0206,3.01,3.02,7099,0
2017-11-28,21:50:00,3.01,3.02,3.01,3.01,7850,0
2017-11-28,21:55:00,3.02,3.0296,3.02,3.02,2400,0
2017-11-28,22:00:00,3.02,3.04,3.02,3.04,1592,0
2017-11-29,15:35:00,3.01,3.03,3.01,3.02,2413,0
2017-11-29,15:40:00,3.0171,3.0171,3.01,3.01,700,0
2017-11-29,15:45:00,3.02,3.02,3.02,3.02,1000,0
2017-11-29,15:50:00,3.01,3.01,3.01,3.01,2852,0
2017-11-29,15:55:00,3.01,3.01,3.01,3.01,2500,0
2017-11-29,16:00:00,3.01,3.017,3,3.01,11800,0
2017-11-29,16:05:00,3.0125,3.0125,2.9993,3,8309,0
2017-11-29,16:10:00,3,3,2.99,2.991,1443,0
2017-11-29,16:15:00,3,3,2.99,2.99,500,0
2017-11-29,16:25:00,3,3.02,3,3.0199,2550,0
2017-11-29,16:55:00,3.02,3.03,3.015,3.02,1120,0
2017-11-29,17:05:00,3.03,3.03,3.03,3.03,251,0
2017-11-29,17:15:00,3.02,3.02,3.011,3.011,2417,0
2017-11-29,17:20:00,3.01,3.01,2.98,2.98,6869,0
2017-11-29,17:25:00,2.98,2.98,2.98,2.98,100,0
2017-11-29,17:30:00,2.98,2.98,2.97,2.9735,2230,0
2017-11-29,17:40:00,2.97,2.97,2.97,2.97,300,0
2017-11-29,17:45:00,2.98,2.98,2.96,2.96,4300,0
2017-11-29,17:50:00,2.97,2.97,2.961,2.961,600,0
2017-11-29,18:00:00,2.96,2.96,2.96,2.96,3846,0
2017-11-29,18:05:00,2.955,2.97,2.95,2.97,22052,0
2017-11-29,18:10:00,2.96,2.96,2.96,2.96,100,0
2017-11-29,18:15:00,2.95,2.959,2.95,2.95,4673,0
2017-11-29,18:20:00,2.94,2.94,2.94,2.94,100,0
2017-11-29,18:30:00,2.95,2.95,2.947,2.95,875,0
2017-11-29,18:35:00,2.96,2.9603,2.9599,2.9599,8000,0
2017-11-29,18:40:00,2.96,2.96,2.96,2.96,400,0
2017-11-29,18:45:00,2.9593,2.9607,2.95,2.95,1248,0
2017-11-29,18:55:00,2.9401,2.9401,2.9401,2.9401,3200,0
2017-11-29,19:00:00,2.94,2.9408,2.94,2.94,4950,0
2017-11-29,19:05:00,2.945,2.945,2.94,2.94,3300,0
2017-11-29,19:10:00,2.93,2.93,2.93,2.93,700,0
2017-11-29,19:15:00,2.94,2.94,2.935,2.935,400,0
2017-11-29,19:20:00,2.94,2.94,2.94,2.94,100,0
2017-11-29,19:25:00,2.93,2.935,2.92,2.92,14673,0
2017-11-29,19:30:00,2.92,2.93,2.9169,2.93,1035,0
2017-11-29,19:35:00,2.92,2.92,2.92,2.92,1400,0
2017-11-29,19:45:00,2.92,2.92,2.91,2.91,800,0
2017-11-29,20:00:00,2.92,2.92,2.92,2.92,200,0
2017-11-29,20:10:00,2.93,2.93,2.91,2.92,4200,0
2017-11-29,20:15:00,2.92,2.92,2.92,2.92,200,0
2017-11-29,20:20:00,2.92,2.92,2.9199,2.9199,2800,0
2017-11-29,20:30:00,2.9101,2.925,2.9101,2.9201,6252,0
2017-11-29,20:35:00,2.92,2.92,2.92,2.92,400,0
2017-11-29,20:40:00,2.92,2.92,2.92,2.92,500,0
2017-11-29,20:45:00,2.93,2.93,2.92,2.92,2200,0
2017-11-29,20:50:00,2.91,2.92,2.9,2.9,8244,0
2017-11-29,20:55:00,2.9002,2.91,2.9002,2.91,423,0
2017-11-29,21:00:00,2.9156,2.9156,2.9156,2.9156,2000,0
2017-11-29,21:05:00,2.92,2.92,2.915,2.92,500,0
2017-11-29,21:10:00,2.92,2.9236,2.92,2.9236,1300,0
2017-11-29,21:20:00,2.9286,2.9286,2.9286,2.9286,300,0
2017-11-29,21:25:00,2.93,2.93,2.92,2.9286,1040,0
2017-11-29,21:30:00,2.92,2.92,2.92,2.92,200,0
2017-11-29,21:40:00,2.91,2.91,2.91,2.91,300,0
2017-11-29,21:45:00,2.9,2.91,2.9,2.9,300,0
2017-11-29,21:50:00,2.91,2.91,2.9,2.91,700,0
2017-11-29,21:55:00,2.91,2.91,2.91,2.91,600,0
2017-11-29,22:00:00,2.91,2.92,2.9,2.92,4958,0
2017-11-30,15:35:00,2.9,2.9101,2.9,2.9,14250,0
2017-11-30,15:40:00,2.9,2.92,2.9,2.92,3700,0
2017-11-30,15:45:00,2.93,2.9399,2.93,2.9316,1000,0
2017-11-30,15:50:00,2.94,2.95,2.937,2.95,8960,0
2017-11-30,15:55:00,2.96,2.96,2.96,2.96,390,0
2017-11-30,16:00:00,2.98,2.99,2.98,2.99,800,0
2017-11-30,16:05:00,3,3.01,3,3.01,1200,0
2017-11-30,16:10:00,3,3,3,3,1135,0
2017-11-30,16:15:00,3,3,2.99,3,2600,0
2017-11-30,16:20:00,3.01,3.01,3.01,3.01,200,0
2017-11-30,16:25:00,2.9936,2.9936,2.9936,2.9936,2000,0
2017-11-30,16:30:00,3,3,3,3,800,0
2017-11-30,16:35:00,2.9916,3,2.9848,3,2680,0
2017-11-30,16:40:00,3,3,3,3,300,0
2017-11-30,16:45:00,3,3,3,3,500,0
2017-11-30,16:50:00,3,3,2.99,2.99,600,0
2017-11-30,16:55:00,3.01,3.02,3,3.01,17600,0
2017-11-30,17:00:00,3.01,3.01,3.01,3.01,500,0
2017-11-30,17:05:00,3.0258,3.03,3.02,3.03,4000,0
2017-11-30,17:10:00,3.021,3.021,3.021,3.021,250,0
2017-11-30,17:15:00,3.034,3.034,3.034,3.034,1000,0
2017-11-30,17:20:00,3.035,3.035,3.03,3.03,1500,0
2017-11-30,17:30:00,3.03,3.03,3.03,3.03,400,0
2017-11-30,17:35:00,3.03,3.03,3.03,3.03,300,0
2017-11-30,17:40:00,3.03,3.04,3.01,3.01,3000,0
2017-11-30,17:50:00,3.005,3.02,3.005,3.02,3601,0
2017-11-30,17:55:00,3.02,3.02,3.02,3.02,100,0
2017-11-30,18:00:00,3.0102,3.02,3.0102,3.02,300,0
2017-11-30,18:10:00,3.01,3.02,3.01,3.02,3640,0
2017-11-30,18:20:00,3.02,3.02,3.02,3.02,100,0
2017-11-30,18:25:00,3.02,3.02,3.02,3.02,700,0
2017-11-30,18:30:00,3.0272,3.03,3.02,3.025,3700,0
2017-11-30,18:35:00,3.02,3.02,3.02,3.02,100,0
2017-11-30,18:40:00,3.0287,3.0287,3.0287,3.0287,4000,0
2017-11-30,18:55:00,3.02,3.03,3.02,3.03,300,0
2017-11-30,19:00:00,3.025,3.025,3.02,3.02,400,0
2017-11-30,19:10:00,3.014,3.02,2.98,2.99,3425,0
2017-11-30,19:15:00,2.98,2.98,2.98,2.98,200,0
2017-11-30,19:20:00,2.985,2.985,2.985,2.985,100,0
2017-11-30,19:25:00,2.985,2.985,2.985,2.985,100,0
2017-11-30,19:30:00,2.99,2.99,2.99,2.99,200,0
2017-11-30,19:35:00,2.99,2.99,2.98,2.98,200,0
2017-11-30,19:40:00,2.96,2.97,2.96,2.97,13439,0
2017-11-30,19:45:00,2.96,2.9648,2.96,2.9648,600,0
2017-11-30,19:50:00,2.9501,2.9501,2.9501,2.9501,150,0
2017-11-30,20:30:00,2.985,2.985,2.985,2.985,100,0
2017-11-30,20:35:00,2.9716,2.99,2.9716,2.99,4200,0
2017-11-30,20:40:00,2.98,2.98,2.978,2.978,255,0
2017-11-30,20:50:00,2.98,2.98,2.97,2.97,302,0
2017-11-30,20:55:00,2.99,2.99,2.99,2.99,100,0
2017-11-30,21:00:00,2.99,2.99,2.985,2.99,300,0
2017-11-30,21:05:00,2.99,2.99,2.99,2.99,200,0
2017-11-30,21:10:00,3,3.02,2.98,2.98,12014,0
2017-11-30,21:20:00,2.98,2.98,2.9424,2.9424,4700,0
2017-11-30,21:25:00,2.95,2.96,2.95,2.96,500,0
2017-11-30,21:30:00,2.96,2.96,2.96,2.96,200,0
2017-11-30,21:35:00,2.9695,2.9695,2.9695,2.9695,1333,0
2017-11-30,21:45:00,2.97,2.98,2.96,2.96,800,0
2017-11-30,21:50:00,2.98,2.98,2.97,2.98,430,0
2017-11-30,21:55:00,2.98,2.99,2.98,2.99,1313,0
2017-11-30,22:00:00,2.99,2.99,2.99,2.99,1397,0
2017-12-01,15:35:00,2.98,3,2.98,2.99,3533,0
2017-12-01,15:40:00,2.9965,2.9965,2.98,2.98,8223,0
2017-12-01,15:45:00,2.9849,2.9849,2.9849,2.9849,335,0
2017-12-01,15:55:00,2.984,2.984,2.984,2.984,300,0
2017-12-01,16:00:00,2.99,3,2.99,2.991,1600,0
2017-12-01,16:05:00,3,3,3,3,200,0
2017-12-01,16:10:00,3,3.01,2.9985,3.01,900,0
2017-12-01,16:15:00,3.01,3.02,3.01,3.01,2700,0
2017-12-01,16:20:00,3,3,3,3,400,0
2017-12-01,16:25:00,3,3,2.99,2.99,1100,0
2017-12-01,16:30:00,2.9933,2.9933,2.9933,2.9933,250,0
2017-12-01,16:40:00,2.99,2.99,2.99,2.99,200,0
2017-12-01,16:45:00,2.99,3,2.99,3,530,0
2017-12-01,16:50:00,3,3.02,3,3.02,500,0
2017-12-01,16:55:00,3.02,3.02,3.02,3.02,300,0
2017-12-01,17:00:00,3.03,3.03,3.03,3.03,300,0
2017-12-01,17:05:00,3.0386,3.05,3.035,3.05,1400,0
2017-12-01,17:10:00,3.0401,3.0401,3.0401,3.0401,1700,0
2017-12-01,17:15:00,3.05,3.065,3.05,3.06,3900,0
2017-12-01,17:20:00,3.0664,3.0664,3.06,3.06,1500,0
2017-12-01,17:25:00,3.07,3.07,3.06,3.06,725,0
2017-12-01,17:30:00,3.07,3.07,3.065,3.07,1448,0
2017-12-01,17:35:00,3.07,3.07,3.06,3.06,1100,0
2017-12-01,17:40:00,3.07,3.07,3.06,3.06,975,0
2017-12-01,17:45:00,3.05,3.05,3.04,3.04,3400,0
2017-12-01,18:00:00,3.0416,3.045,3.0001,3.01,32376,0
2017-12-01,18:05:00,3.0029,3.02,2.95,2.96,81654,0
2017-12-01,18:10:00,2.95,2.9648,2.92,2.9333,44088,0
2017-12-01,18:15:00,2.9352,2.9449,2.92,2.9302,31930,0
2017-12-01,18:20:00,2.931,2.94,2.88,2.91,36078,0
2017-12-01,18:25:00,2.9114,2.924,2.9,2.9201,22672,0
2017-12-01,18:30:00,2.9201,2.9201,2.9,2.9,18798,0
2017-12-01,18:35:00,2.9,2.9149,2.89,2.9,24630,0
2017-12-01,18:40:00,2.895,2.9,2.8701,2.88,16250,0
2017-12-01,18:45:00,2.8733,2.88,2.86,2.86,9370,0
2017-12-01,18:50:00,2.87,2.9,2.87,2.88,20228,0
2017-12-01,18:55:00,2.89,2.89,2.88,2.89,1850,0
2017-12-01,19:00:00,2.8834,2.9447,2.8834,2.9001,23012,0
2017-12-01,19:05:00,2.9,2.91,2.8758,2.8925,12967,0
2017-12-01,19:10:00,2.89,2.895,2.88,2.89,1662,0
2017-12-01,19:15:00,2.885,2.89,2.87,2.8725,8240,0
2017-12-01,19:20:00,2.87,2.87,2.85,2.87,12945,0
2017-12-01,19:25:00,2.87,2.87,2.86,2.865,5460,0
2017-12-01,19:30:00,2.86,2.8601,2.84,2.84,13986,0
2017-12-01,19:35:00,2.84,2.8542,2.84,2.8437,3575,0
2017-12-01,19:40:00,2.84,2.85,2.83,2.8353,9265,0
2017-12-01,19:45:00,2.83,2.835,2.82,2.835,2200,0
2017-12-01,19:50:00,2.8353,2.84,2.83,2.84,2015,0
2017-12-01,19:55:00,2.84,2.84,2.835,2.8374,1980,0
2017-12-01,20:00:00,2.85,2.89,2.85,2.8687,7332,0
2017-12-01,20:05:00,2.8606,2.87,2.86,2.8655,1694,0
2017-12-01,20:10:00,2.86,2.87,2.86,2.86,1600,0
2017-12-01,20:15:00,2.86,2.87,2.84,2.84,9196,0
2017-12-01,20:20:00,2.86,2.86,2.85,2.85,450,0
2017-12-01,20:25:00,2.86,2.87,2.86,2.87,1850,0
2017-12-01,20:30:00,2.87,2.88,2.84,2.85,10602,0
2017-12-01,20:35:00,2.8542,2.8542,2.83,2.84,1150,0
2017-12-01,20:40:00,2.8416,2.85,2.84,2.85,3760,0
2017-12-01,20:45:00,2.8379,2.8805,2.8379,2.8805,17239,0
2017-12-01,20:50:00,2.89,2.89,2.89,2.89,100,0
2017-12-01,20:55:00,2.89,2.9,2.8899,2.895,25006,0
2017-12-01,21:00:00,2.89,2.8958,2.89,2.89,980,0
2017-12-01,21:05:00,2.89,2.9,2.89,2.9,3000,0
2017-12-01,21:10:00,2.885,2.89,2.8755,2.8755,2571,0
2017-12-01,21:15:00,2.8794,2.88,2.87,2.8742,5810,0
2017-12-01,21:20:00,2.875,2.88,2.875,2.88,750,0
2017-12-01,21:25:00,2.8735,2.88,2.87,2.88,990,0
2017-12-01,21:30:00,2.8701,2.88,2.87,2.88,1900,0
2017-12-01,21:35:00,2.8723,2.88,2.87,2.88,1284,0
2017-12-01,21:40:00,2.87,2.8727,2.86,2.86,5979,0
2017-12-01,21:45:00,2.8662,2.8662,2.86,2.8616,5700,0
2017-12-01,21:50:00,2.8636,2.875,2.8636,2.87,2000,0
2017-12-01,21:55:00,2.87,2.87,2.86,2.8633,1292,0
2017-12-01,22:00:00,2.865,2.87,2.86,2.87,4566,0
2017-12-04,15:35:00,2.9,2.9,2.87,2.8752,51901,0
2017-12-04,15:40:00,2.876,2.9,2.87,2.89,15918,0
2017-12-04,15:45:00,2.89,2.89,2.885,2.89,1800,0
2017-12-04,15:50:00,2.8899,2.9,2.8899,2.89,15692,0
2017-12-04,15:55:00,2.9,2.9,2.88,2.8801,5730,0
2017-12-04,16:00:00,2.88,2.9,2.88,2.88,3060,0
2017-12-04,16:05:00,2.88,2.9,2.87,2.8887,16490,0
2017-12-04,16:10:00,2.88,2.89,2.88,2.89,3730,0
2017-12-04,16:15:00,2.9,2.9,2.88,2.89,8060,0
2017-12-04,16:20:00,2.8809,2.8864,2.8809,2.885,2365,0
2017-12-04,16:25:00,2.88,2.8865,2.88,2.8865,473,0
2017-12-04,16:30:00,2.88,2.885,2.88,2.885,394,0
2017-12-04,16:35:00,2.89,2.9,2.89,2.899,1326,0
2017-12-04,16:40:00,2.9,2.9,2.89,2.9,36640,0
2017-12-04,16:45:00,2.895,2.9,2.89,2.893,4044,0
2017-12-04,16:50:00,2.9,2.9,2.891,2.9,6650,0
2017-12-04,16:55:00,2.895,2.9,2.8947,2.8947,3620,0
2017-12-04,17:00:00,2.9,2.9,2.89,2.895,45091,0
2017-12-04,17:05:00,2.9,2.9,2.8999,2.9,770,0
2017-12-04,17:10:00,2.895,2.9,2.895,2.895,5298,0
2017-12-04,17:15:00,2.9,2.9,2.8901,2.8956,4010,0
2017-12-04,17:20:00,2.895,2.8999,2.89,2.89,13620,0
2017-12-04,17:25:00,2.89,2.9,2.89,2.9,5363,0
2017-12-04,17:30:00,2.9,2.9,2.89,2.89,8324,0
2017-12-04,17:35:00,2.9,2.9,2.8939,2.8939,1370,0
2017-12-04,17:40:00,2.9,2.9,2.8945,2.9,12600,0
2017-12-04,17:45:00,2.8901,2.9,2.89,2.9,4209,0
2017-12-04,17:50:00,2.9,2.9,2.895,2.9,6785,0
2017-12-04,17:55:00,2.9,2.9,2.9,2.9,3170,0
2017-12-04,18:00:00,2.9,2.9,2.89,2.895,9524,0
2017-12-04,18:05:00,2.8937,2.9,2.8937,2.9,4108,0
2017-12-04,18:10:00,2.9,2.9,2.8901,2.9,12400,0
2017-12-04,18:15:00,2.9,2.9,2.8999,2.9,1235,0
2017-12-04,18:20:00,2.9,2.9,2.8994,2.9,4010,0
2017-12-04,18:25:00,2.9,2.9,2.9,2.9,1300,0
2017-12-04,18:30:00,2.9,2.9,2.8942,2.9,11040,0
2017-12-04,18:40:00,2.9,2.9,2.8904,2.8991,17275,0
2017-12-04,18:45:00,2.8999,2.93,2.8966,2.925,30207,0
2017-12-04,18:50:00,2.925,2.94,2.91,2.94,3030,0
2017-12-04,18:55:00,2.93,2.94,2.93,2.94,1700,0
2017-12-04,19:00:00,2.9399,2.9399,2.935,2.935,1400,0
2017-12-04,19:05:00,2.9335,2.94,2.9335,2.9337,2467,0
2017-12-04,19:10:00,2.939,2.968,2.939,2.96,29192,0
2017-12-04,19:15:00,2.9599,2.9628,2.9599,2.9628,4275,0
2017-12-04,19:20:00,2.96,2.97,2.96,2.97,5290,0
2017-12-04,19:25:00,2.965,2.97,2.965,2.97,3000,0
2017-12-04,19:30:00,2.97,2.97,2.96,2.97,3000,0
2017-12-04,19:35:00,2.97,2.97,2.97,2.97,2017,0
2017-12-04,19:40:00,2.97,2.97,2.9647,2.97,2950,0
2017-12-04,19:45:00,2.97,2.97,2.97,2.97,200,0
2017-12-04,19:50:00,2.9612,2.9781,2.96,2.9781,5350,0
2017-12-04,19:55:00,2.9704,2.9713,2.9704,2.9705,1500,0
2017-12-04,20:00:00,2.965,2.98,2.961,2.98,3900,0
2017-12-04,20:05:00,2.98,2.98,2.9784,2.9784,3500,0
2017-12-04,20:10:00,2.98,2.98,2.96,2.97,11300,0
2017-12-04,20:15:00,2.97,2.98,2.967,2.9799,8319,0
2017-12-04,20:20:00,2.98,3,2.9799,3,23938,0
2017-12-04,20:25:00,3,3,2.99,2.995,8455,0
2017-12-04,20:30:00,3.01,3.01,3.01,3.01,200,0
2017-12-04,20:35:00,2.995,3.01,2.995,3,2500,0
2017-12-04,20:40:00,3.01,3.05,3.01,3.05,17414,0
2017-12-04,20:45:00,3.05,3.05,3.0408,3.05,3983,0
2017-12-04,20:50:00,3.06,3.06,3.04,3.04,8547,0
2017-12-04,21:00:00,3.0311,3.05,3.0311,3.0444,11019,0
2017-12-04,21:05:00,3.0479,3.05,3.0419,3.0424,16140,0
2017-12-04,21:10:00,3.05,3.055,3.0498,3.05,1600,0
2017-12-04,21:15:00,3.05,3.0559,3.05,3.0559,800,0
2017-12-04,21:20:00,3.06,3.06,3.0501,3.0525,11000,0
2017-12-04,21:25:00,3.07,3.07,3.0589,3.059,700,0
2017-12-04,21:30:00,3.06,3.0675,3.05,3.06,3695,0
2017-12-04,21:35:00,3.055,3.06,3.055,3.06,1500,0
2017-12-04,21:40:00,3.0558,3.06,3.05,3.06,4485,0
2017-12-04,21:45:00,3.06,3.065,3.05,3.06,5700,0
2017-12-04,21:50:00,3.0698,3.07,3.0624,3.065,2680,0
2017-12-04,21:55:00,3.06,3.06,3.04,3.05,2300,0
2017-12-04,22:00:00,3.05,3.07,3.045,3.05,22670,0
2017-12-05,15:35:00,3.06,3.06,3.0199,3.02,40881,0
2017-12-05,15:40:00,3,3,2.98,2.98,14184,0
2017-12-05,15:45:00,2.98,2.98,2.98,2.98,5400,0
2017-12-05,15:50:00,2.98,3.0041,2.98,3,3200,0
2017-12-05,15:55:00,3,3.0001,2.98,2.98,6590,0
2017-12-05,16:00:00,2.99,2.99,2.95,2.95,44855,0
2017-12-05,16:05:00,2.9648,2.9648,2.95,2.95,2298,0
2017-12-05,16:10:00,2.95,2.95,2.93,2.93,4080,0
2017-12-05,16:15:00,2.93,2.93,2.91,2.92,600,0
2017-12-05,16:20:00,2.929,2.95,2.929,2.95,19040,0
2017-12-05,16:25:00,2.94,2.94,2.94,2.94,100,0
2017-12-05,16:30:00,2.94,2.9447,2.92,2.92,9910,0
2017-12-05,16:35:00,2.92,2.9201,2.92,2.92,950,0
2017-12-05,16:40:00,2.92,2.92,2.92,2.92,300,0
2017-12-05,16:45:00,2.92,2.93,2.91,2.92,12800,0
2017-12-05,16:50:00,2.925,2.93,2.92,2.92,2339,0
2017-12-05,16:55:00,2.93,2.95,2.9299,2.9441,16500,0
2017-12-05,17:00:00,2.9404,2.9437,2.92,2.92,1000,0
2017-12-05,17:05:00,2.935,2.935,2.92,2.92,1785,0
2017-12-05,17:10:00,2.92,2.92,2.91,2.91,2303,0
2017-12-05,17:15:00,2.91,2.92,2.91,2.91,300,0
2017-12-05,17:20:00,2.9,2.91,2.9,2.9045,300,0
2017-12-05,17:25:00,2.91,2.91,2.91,2.91,200,0
2017-12-05,17:35:00,2.9196,2.92,2.9128,2.9128,2900,0
2017-12-05,17:40:00,2.9156,2.9156,2.91,2.91,2056,0
2017-12-05,17:45:00,2.9028,2.9028,2.9,2.9,10200,0
2017-12-05,17:50:00,2.9,2.91,2.88,2.88,9400,0
2017-12-05,17:55:00,2.88,2.89,2.88,2.88,600,0
2017-12-05,18:00:00,2.88,2.8868,2.88,2.88,783,0
2017-12-05,18:05:00,2.8848,2.89,2.88,2.88,2855,0
2017-12-05,18:10:00,2.88,2.885,2.88,2.885,400,0
2017-12-05,18:15:00,2.8807,2.89,2.8807,2.89,300,0
2017-12-05,18:20:00,2.89,2.8953,2.89,2.89,2500,0
2017-12-05,18:25:00,2.895,2.9,2.895,2.9,9800,0
2017-12-05,18:30:00,2.91,2.91,2.9,2.9,300,0
2017-12-05,18:35:00,2.91,2.91,2.91,2.91,400,0
2017-12-05,18:40:00,2.9,2.91,2.8994,2.9,1000,0
2017-12-05,18:45:00,2.9,2.9063,2.89,2.89,1800,0
2017-12-05,18:50:00,2.89,2.89,2.89,2.89,200,0
2017-12-05,18:55:00,2.9,2.9,2.9,2.9,100,0
2017-12-05,19:00:00,2.9,2.9,2.89,2.89,700,0
2017-12-05,19:05:00,2.89,2.9,2.88,2.9,800,0
2017-12-05,19:10:00,2.89,2.89,2.89,2.89,800,0
2017-12-05,19:15:00,2.89,2.9,2.89,2.8955,3260,0
2017-12-05,19:20:00,2.905,2.9094,2.905,2.9094,466,0
2017-12-05,19:25:00,2.9,2.9,2.9,2.9,300,0
2017-12-05,19:30:00,2.9,2.9,2.89,2.89,500,0
2017-12-05,19:35:00,2.9,2.9,2.9,2.9,100,0
2017-12-05,19:40:00,2.9,2.91,2.89,2.91,1790,0
2017-12-05,19:45:00,2.9,2.9,2.9,2.9,3600,0
2017-12-05,19:50:00,2.9038,2.91,2.9,2.9,1200,0
2017-12-05,19:55:00,2.9,2.9007,2.9,2.9007,440,0
2017-12-05,20:00:00,2.9,2.9001,2.9,2.9001,300,0
2017-12-05,20:05:00,2.9,2.9093,2.9,2.9038,1450,0
2017-12-05,20:10:00,2.9038,2.91,2.9016,2.9023,9890,0
2017-12-05,20:15:00,2.91,2.92,2.91,2.92,300,0
2017-12-05,20:20:00,2.9072,2.9072,2.906,2.906,980,0
2017-12-05,20:25:00,2.92,2.92,2.92,2.92,100,0
2017-12-05,20:30:00,2.9031,2.93,2.9031,2.9267,4446,0
2017-12-05,20:35:00,2.92,2.92,2.92,2.92,900,0
2017-12-05,20:40:00,2.9295,2.9295,2.92,2.92,600,0
2017-12-05,20:45:00,2.9289,2.93,2.921,2.93,1100,0
2017-12-05,20:50:00,2.92,2.93,2.92,2.93,500,0
2017-12-05,20:55:00,2.93,2.9395,2.925,2.93,5820,0
2017-12-05,21:00:00,2.93,2.93,2.925,2.93,7360,0
2017-12-05,21:05:00,2.93,2.94,2.9299,2.93,2100,0
2017-12-05,21:10:00,2.93,2.93,2.93,2.93,1000,0
2017-12-05,21:15:00,2.93,2.94,2.93,2.94,500,0
2017-12-05,21:20:00,2.95,2.95,2.9448,2.9448,3145,0
2017-12-05,21:25:00,2.95,2.9501,2.95,2.95,4615,0
2017-12-05,21:30:00,2.95,2.97,2.95,2.965,11700,0
2017-12-05,21:35:00,2.9672,2.97,2.94,2.9599,3500,0
2017-12-05,21:40:00,2.94,2.95,2.94,2.95,4418,0
2017-12-05,21:45:00,2.94,2.95,2.94,2.95,2700,0
2017-12-05,21:50:00,2.945,2.9485,2.935,2.935,1830,0
2017-12-05,21:55:00,2.935,2.94,2.935,2.94,900,0
2017-12-05,22:00:00,2.94,2.94,2.92,2.94,5497,0
2017-12-06,15:35:00,2.95,2.9637,2.95,2.96,13864,0
2017-12-06,15:40:00,2.96,2.96,2.94,2.95,3680,0
2017-12-06,15:45:00,2.96,2.963,2.9525,2.9525,1550,0
2017-12-06,15:55:00,2.96,2.99,2.96,2.99,6681,0
2017-12-06,16:00:00,2.99,2.99,2.98,2.98,1552,0
2017-12-06,16:10:00,2.96,2.96,2.96,2.96,3500,0
2017-12-06,16:20:00,2.96,2.9649,2.96,2.96,900,0
2017-12-06,16:25:00,2.96,2.97,2.95,2.97,11200,0
2017-12-06,16:35:00,2.97,2.97,2.97,2.97,500,0
2017-12-06,16:40:00,2.97,2.97,2.97,2.97,100,0
2017-12-06,16:45:00,2.9797,2.98,2.9797,2.98,1500,0
2017-12-06,16:50:00,2.987,2.99,2.987,2.99,1000,0
2017-12-06,16:55:00,3,3.02,3,3.01,6500,0
2017-12-06,17:00:00,3.0132,3.0132,3.0132,3.0132,1500,0
2017-12-06,17:05:00,3.01,3.02,3.01,3.02,8200,0
2017-12-06,17:10:00,3.01,3.01,2.9976,2.9976,1376,0
2017-12-06,17:15:00,3.01,3.01,3.01,3.01,300,0
2017-12-06,17:20:00,3.01,3.02,3.01,3.0133,10200,0
2017-12-06,17:25:00,3.01,3.01,2.99,2.99,600,0
2017-12-06,17:30:00,2.99,2.99,2.97,2.99,1026,0
2017-12-06,17:35:00,2.98,2.9899,2.97,2.985,2225,0
2017-12-06,17:40:00,2.9895,2.99,2.98,2.981,4150,0
2017-12-06,17:45:00,2.99,2.99,2.987,2.987,350,0
2017-12-06,17:55:00,2.99,2.99,2.98,2.99,2864,0
2017-12-06,18:00:00,2.97,2.98,2.97,2.98,200,0
2017-12-06,18:05:00,2.97,2.99,2.97,2.99,600,0
2017-12-06,18:15:00,2.99,3,2.99,3,5700,0
2017-12-06,18:20:00,3.01,3.01,3.01,3.01,100,0
2017-12-06,18:25:00,3.01,3.01,3.01,3.01,300,0
2017-12-06,18:30:00,3.01,3.01,3.01,3.01,200,0
2017-12-06,18:35:00,3.02,3.04,3.0149,3.02,4299,0
2017-12-06,18:40:00,3.02,3.03,3.02,3.03,300,0
2017-12-06,18:45:00,3.04,3.04,3.04,3.04,3500,0
2017-12-06,18:50:00,3.045,3.05,3.045,3.05,3930,0
2017-12-06,18:55:00,3.04,3.04,3.02,3.04,13671,0
2017-12-06,19:00:00,3.02,3.021,3.01,3.01,16550,0
2017-12-06,19:05:00,3.01,3.01,3.01,3.01,100,0
2017-12-06,19:10:00,3.01,3.03,3.01,3.0292,1300,0
2017-12-06,19:15:00,3.01,3.0187,3.01,3.01,3500,0
2017-12-06,19:20:00,3.0274,3.03,3.0274,3.03,1100,0
2017-12-06,19:25:00,3.02,3.0248,3.02,3.0248,1330,0
2017-12-06,19:35:00,3.025,3.0264,3.0206,3.0206,7600,0
2017-12-06,19:45:00,3.0201,3.03,3.0201,3.03,800,0
2017-12-06,19:50:00,3.04,3.0494,3.04,3.0494,2650,0
2017-12-06,19:55:00,3.05,3.05,3.05,3.05,1600,0
2017-12-06,20:00:00,3.0407,3.0407,3.0407,3.0407,100,0
2017-12-06,20:05:00,3.04,3.048,3.04,3.048,2730,0
2017-12-06,20:10:00,3.0499,3.05,3.045,3.045,2580,0
2017-12-06,20:15:00,3.05,3.05,3.0476,3.05,700,0
2017-12-06,20:25:00,3.04,3.05,3.04,3.05,300,0
2017-12-06,20:30:00,3.04,3.04,3.04,3.04,1500,0
2017-12-06,20:35:00,3.04,3.04,3.04,3.04,3800,0
2017-12-06,20:40:00,3.05,3.05,3.05,3.05,100,0
2017-12-06,20:45:00,3.0409,3.0409,3.0409,3.0409,3500,0
2017-12-06,20:50:00,3.04,3.05,3.04,3.04,1100,0
2017-12-06,20:55:00,3.0462,3.0462,3.0462,3.0462,200,0
2017-12-06,21:00:00,3.04,3.04,3.04,3.04,1200,0
2017-12-06,21:10:00,3.0387,3.0387,3.0387,3.0387,1000,0
2017-12-06,21:15:00,3.03,3.03,3.03,3.03,100,0
2017-12-06,21:25:00,3.03,3.04,3.03,3.0374,5025,0
2017-12-06,21:30:00,3.05,3.05,3.01,3.01,4200,0
2017-12-06,21:35:00,3.01,3.02,3.01,3.02,200,0
2017-12-06,21:40:00,3.02,3.02,3.01,3.01,410,0
2017-12-06,21:45:00,3.01,3.02,3.01,3.01,4800,0
2017-12-06,21:50:00,3.02,3.02,3.015,3.0199,2800,0
2017-12-06,21:55:00,3.015,3.019,3.01,3.01,600,0
2017-12-06,22:00:00,3.0199,3.02,3.01,3.02,1900,0
