Date,Time,Open,High,Low,Close,Volume,OpenInt
2017-11-16,15:35:00,7.2,7.2,7.15,7.15,1099,0
2017-11-16,15:40:00,7.2,7.3,7.2,7.25,1442,0
2017-11-16,15:45:00,7.35,7.35,7.35,7.35,100,0
2017-11-16,15:50:00,7.35,7.35,7.3,7.35,2098,0
2017-11-16,15:55:00,7.35,7.35,7.3,7.35,600,0
2017-11-16,16:00:00,7.35,7.4,7.35,7.4,2359,0
2017-11-16,16:05:00,7.45,7.45,7.44,7.45,1300,0
2017-11-16,16:10:00,7.45,7.45,7.4248,7.45,1210,0
2017-11-16,16:20:00,7.45,7.475,7.45,7.45,1000,0
2017-11-16,16:25:00,7.45,7.45,7.45,7.45,200,0
2017-11-16,16:30:00,7.45,7.5,7.45,7.475,631,0
2017-11-16,16:35:00,7.475,7.475,7.45,7.475,500,0
2017-11-16,16:45:00,7.475,7.475,7.45,7.475,400,0
2017-11-16,16:50:00,7.475,7.5,7.475,7.5,300,0
2017-11-16,17:00:00,7.5,7.5,7.46,7.46,300,0
2017-11-16,17:05:00,7.45,7.481,7.45,7.481,320,0
2017-11-16,17:10:00,7.475,7.5,7.475,7.5,400,0
2017-11-16,17:15:00,7.5,7.5,7.475,7.5,539,0
2017-11-16,17:20:00,7.475,7.475,7.45,7.475,1511,0
2017-11-16,17:25:00,7.4684,7.4684,7.4,7.4,5160,0
2017-11-16,17:30:00,7.425,7.425,7.425,7.425,300,0
2017-11-16,17:35:00,7.4,7.4,7.4,7.4,100,0
2017-11-16,17:40:00,7.425,7.425,7.425,7.425,100,0
2017-11-16,17:45:00,7.425,7.425,7.425,7.425,200,0
2017-11-16,17:50:00,7.425,7.45,7.425,7.425,400,0
2017-11-16,17:55:00,7.425,7.425,7.425,7.425,100,0
2017-11-16,18:00:00,7.45,7.475,7.425,7.45,3200,0
2017-11-16,18:05:00,7.425,7.45,7.425,7.45,200,0
2017-11-16,18:10:00,7.45,7.45,7.45,7.45,100,0
2017-11-16,18:15:00,7.45,7.45,7.45,7.45,100,0
2017-11-16,18:20:00,7.425,7.425,7.4,7.4,200,0
2017-11-16,18:25:00,7.45,7.45,7.45,7.45,100,0
2017-11-16,18:30:00,7.45,7.475,7.45,7.475,2374,0
2017-11-16,18:35:00,7.5,7.5,7.5,7.5,100,0
2017-11-16,18:40:00,7.475,7.5,7.475,7.475,500,0
2017-11-16,18:50:00,7.475,7.475,7.475,7.475,100,0
2017-11-16,18:55:00,7.5,7.5,7.5,7.5,100,0
2017-11-16,19:00:00,7.5,7.525,7.475,7.5,13967,0
2017-11-16,19:05:00,7.5,7.525,7.475,7.5,3643,0
2017-11-16,19:10:00,7.5,7.5,7.5,7.5,300,0
2017-11-16,19:25:00,7.475,7.475,7.475,7.475,100,0
2017-11-16,19:30:00,7.5,7.5,7.5,7.5,100,0
2017-11-16,19:35:00,7.475,7.475,7.475,7.475,100,0
2017-11-16,19:40:00,7.475,7.475,7.46,7.46,490,0
2017-11-16,19:45:00,7.5,7.5,7.5,7.5,400,0
2017-11-16,19:50:00,7.5,7.5,7.5,7.5,200,0
2017-11-16,19:55:00,7.5,7.5,7.5,7.5,300,0
2017-11-16,20:00:00,7.5,7.525,7.475,7.5,3516,0
2017-11-16,20:05:00,7.475,7.475,7.45,7.45,5889,0
2017-11-16,20:10:00,7.475,7.475,7.45,7.45,867,0
2017-11-16,20:15:00,7.5,7.5,7.5,7.5,200,0
2017-11-16,20:20:00,7.475,7.475,7.475,7.475,200,0
2017-11-16,20:25:00,7.475,7.475,7.475,7.475,100,0
2017-11-16,20:35:00,7.45,7.45,7.4,7.425,7516,0
2017-11-16,20:40:00,7.425,7.475,7.425,7.475,1900,0
2017-11-16,20:45:00,7.45,7.45,7.425,7.425,1539,0
2017-11-16,20:50:00,7.45,7.475,7.425,7.425,2300,0
2017-11-16,20:55:00,7.435,7.435,7.425,7.425,1300,0
2017-11-16,21:05:00,7.425,7.45,7.425,7.45,200,0
2017-11-16,21:10:00,7.45,7.475,7.4,7.4,4673,0
2017-11-16,21:15:00,7.425,7.425,7.425,7.425,100,0
2017-11-16,21:20:00,7.4,7.425,7.4,7.425,400,0
2017-11-16,21:25:00,7.425,7.45,7.4,7.425,600,0
2017-11-16,21:30:00,7.45,7.45,7.425,7.425,500,0
2017-11-16,21:35:00,7.425,7.45,7.425,7.425,300,0
2017-11-16,21:40:00,7.425,7.425,7.425,7.425,500,0
2017-11-16,21:45:00,7.45,7.45,7.4,7.4,200,0
2017-11-16,21:50:00,7.425,7.45,7.4,7.4,2000,0
2017-11-16,21:55:00,7.425,7.45,7.4,7.425,1100,0
2017-11-16,22:00:00,7.425,7.45,7.4,7.45,16847,0
2017-11-17,15:35:00,7.4,7.4,7.35,7.35,4139,0
2017-11-17,15:40:00,7.35,7.45,7.35,7.45,1600,0
2017-11-17,15:50:00,7.45,7.45,7.425,7.425,600,0
2017-11-17,15:55:00,7.475,7.475,7.475,7.475,100,0
2017-11-17,16:00:00,7.5,7.5,7.5,7.5,100,0
2017-11-17,16:05:00,7.5,7.5,7.5,7.5,400,0
2017-11-17,16:10:00,7.5,7.525,7.425,7.425,11713,0
2017-11-17,16:20:00,7.425,7.45,7.425,7.425,1876,0
2017-11-17,16:25:00,7.425,7.425,7.425,7.425,700,0
2017-11-17,16:30:00,7.425,7.425,7.425,7.425,100,0
2017-11-17,16:50:00,7.425,7.425,7.425,7.425,100,0
2017-11-17,17:00:00,7.45,7.45,7.45,7.45,200,0
2017-11-17,17:05:00,7.425,7.45,7.425,7.45,600,0
2017-11-17,17:10:00,7.45,7.45,7.45,7.45,200,0
2017-11-17,17:15:00,7.45,7.45,7.425,7.425,200,0
2017-11-17,17:20:00,7.45,7.45,7.45,7.45,2400,0
2017-11-17,17:25:00,7.475,7.5,7.45,7.475,400,0
2017-11-17,17:30:00,7.5,7.5,7.475,7.475,600,0
2017-11-17,17:35:00,7.475,7.475,7.475,7.475,400,0
2017-11-17,17:40:00,7.475,7.5,7.475,7.475,2500,0
2017-11-17,17:45:00,7.475,7.5,7.475,7.475,800,0
2017-11-17,17:50:00,7.475,7.475,7.475,7.475,300,0
2017-11-17,17:55:00,7.475,7.475,7.475,7.475,500,0
2017-11-17,18:00:00,7.475,7.475,7.45,7.475,5469,0
2017-11-17,18:10:00,7.475,7.475,7.475,7.475,500,0
2017-11-17,18:15:00,7.475,7.5,7.475,7.475,600,0
2017-11-17,18:20:00,7.475,7.475,7.475,7.475,100,0
2017-11-17,18:25:00,7.5,7.5,7.5,7.5,200,0
2017-11-17,18:35:00,7.45,7.5,7.45,7.5,3248,0
2017-11-17,18:40:00,7.5,7.5,7.5,7.5,100,0
2017-11-17,18:45:00,7.475,7.475,7.475,7.475,100,0
2017-11-17,18:50:00,7.5,7.5,7.5,7.5,1904,0
2017-11-17,18:55:00,7.4748,7.5,7.4748,7.5,2598,0
2017-11-17,19:00:00,7.5,7.5,7.475,7.5,3000,0
2017-11-17,19:05:00,7.5,7.5,7.5,7.5,1600,0
2017-11-17,19:10:00,7.55,7.55,7.525,7.55,5108,0
2017-11-17,19:15:00,7.55,7.55,7.55,7.55,500,0
2017-11-17,19:20:00,7.55,7.55,7.525,7.525,4343,0
2017-11-17,19:25:00,7.55,7.55,7.55,7.55,100,0
2017-11-17,19:35:00,7.525,7.525,7.525,7.525,1000,0
2017-11-17,19:40:00,7.525,7.525,7.525,7.525,300,0
2017-11-17,19:45:00,7.525,7.525,7.4,7.4,13217,0
2017-11-17,19:50:00,7.45,7.45,7.425,7.425,600,0
2017-11-17,20:05:00,7.425,7.45,7.425,7.45,200,0
2017-11-17,20:15:00,7.425,7.45,7.425,7.45,200,0
2017-11-17,20:30:00,7.45,7.45,7.45,7.45,100,0
2017-11-17,20:35:00,7.45,7.45,7.45,7.45,300,0
2017-11-17,20:40:00,7.45,7.45,7.45,7.45,100,0
2017-11-17,20:45:00,7.45,7.45,7.45,7.45,200,0
2017-11-17,20:50:00,7.45,7.475,7.425,7.45,3000,0
2017-11-17,20:55:00,7.5,7.5,7.5,7.5,100,0
2017-11-17,21:05:00,7.5,7.525,7.475,7.475,2294,0
2017-11-17,21:10:00,7.475,7.475,7.475,7.475,100,0
2017-11-17,21:15:00,7.475,7.475,7.475,7.475,400,0
2017-11-17,21:20:00,7.475,7.475,7.4,7.4,5999,0
2017-11-17,21:25:00,7.4,7.4,7.4,7.4,100,0
2017-11-17,21:30:00,7.4,7.4,7.4,7.4,100,0
2017-11-17,21:35:00,7.425,7.45,7.425,7.425,400,0
2017-11-17,21:40:00,7.4266,7.45,7.425,7.425,525,0
2017-11-17,21:45:00,7.425,7.425,7.425,7.425,100,0
2017-11-17,21:50:00,7.425,7.45,7.35,7.35,6009,0
2017-11-17,21:55:00,7.35,7.375,7.35,7.375,700,0
2017-11-17,22:00:00,7.35,7.4,7.3,7.4,12791,0
2017-11-20,15:35:00,7.4,7.4,7.35,7.35,908,0
2017-11-20,15:40:00,7.4,7.45,7.375,7.4,2600,0
2017-11-20,15:50:00,7.45,7.45,7.4,7.45,1436,0
2017-11-20,15:55:00,7.45,7.45,7.45,7.45,300,0
2017-11-20,16:00:00,7.5,7.5,7.447,7.447,625,0
2017-11-20,16:05:00,7.5,7.5,7.5,7.5,100,0
2017-11-20,16:10:00,7.5,7.5,7.5,7.5,100,0
2017-11-20,16:15:00,7.5,7.5,7.45,7.46,1900,0
2017-11-20,16:20:00,7.475,7.55,7.475,7.5,6300,0
2017-11-20,16:25:00,7.5,7.5,7.5,7.5,100,0
2017-11-20,16:30:00,7.475,7.475,7.475,7.475,100,0
2017-11-20,16:35:00,7.475,7.475,7.475,7.475,100,0
2017-11-20,16:40:00,7.5,7.5,7.45,7.5,4476,0
2017-11-20,16:50:00,7.5,7.5,7.45,7.5,1300,0
2017-11-20,16:55:00,7.5,7.5,7.5,7.5,3140,0
2017-11-20,17:00:00,7.5,7.5,7.5,7.5,200,0
2017-11-20,17:05:00,7.45,7.5,7.45,7.5,800,0
2017-11-20,17:10:00,7.4776,7.4776,7.4776,7.4776,1000,0
2017-11-20,17:15:00,7.5,7.5,7.475,7.475,200,0
2017-11-20,17:25:00,7.475,7.5,7.475,7.5,600,0
2017-11-20,17:30:00,7.5,7.5,7.5,7.5,900,0
2017-11-20,17:35:00,7.5,7.5,7.5,7.5,400,0
2017-11-20,17:40:00,7.5,7.5,7.5,7.5,3100,0
2017-11-20,17:50:00,7.475,7.5,7.475,7.5,400,0
2017-11-20,17:55:00,7.5,7.5,7.5,7.5,300,0
2017-11-20,18:00:00,7.5,7.5,7.4795,7.5,1100,0
2017-11-20,18:05:00,7.5,7.525,7.5,7.5,2200,0
2017-11-20,18:10:00,7.5,7.55,7.5,7.55,600,0
2017-11-20,18:15:00,7.5,7.5,7.5,7.5,2000,0
2017-11-20,18:20:00,7.5,7.5,7.5,7.5,1200,0
2017-11-20,18:25:00,7.5,7.5,7.5,7.5,700,0
2017-11-20,18:30:00,7.5,7.5,7.475,7.5,823,0
2017-11-20,18:35:00,7.5,7.5,7.45,7.475,1202,0
2017-11-20,18:50:00,7.5,7.5,7.5,7.5,100,0
2017-11-20,18:55:00,7.5,7.55,7.5,7.525,4269,0
2017-11-20,19:10:00,7.55,7.55,7.525,7.55,700,0
2017-11-20,19:15:00,7.525,7.55,7.525,7.55,1300,0
2017-11-20,19:20:00,7.55,7.575,7.55,7.575,4240,0
2017-11-20,19:25:00,7.6,7.6,7.525,7.525,5975,0
2017-11-20,19:30:00,7.55,7.55,7.525,7.55,1700,0
2017-11-20,19:35:00,7.6,7.6,7.575,7.575,700,0
2017-11-20,19:40:00,7.6,7.6,7.525,7.525,4200,0
2017-11-20,19:50:00,7.55,7.55,7.55,7.55,100,0
2017-11-20,19:55:00,7.6,7.6,7.55,7.575,1300,0
2017-11-20,20:00:00,7.55,7.575,7.55,7.55,1300,0
2017-11-20,20:05:00,7.55,7.55,7.55,7.55,1300,0
2017-11-20,20:10:00,7.55,7.575,7.55,7.55,1200,0
2017-11-20,20:15:00,7.55,7.575,7.55,7.55,2237,0
2017-11-20,20:20:00,7.55,7.575,7.45,7.475,6765,0
2017-11-20,20:25:00,7.475,7.475,7.475,7.475,300,0
2017-11-20,20:30:00,7.5,7.5,7.475,7.5,300,0
2017-11-20,20:35:00,7.475,7.475,7.475,7.475,100,0
2017-11-20,20:40:00,7.475,7.525,7.475,7.5,7900,0
2017-11-20,20:45:00,7.55,7.55,7.55,7.55,300,0
2017-11-20,20:50:00,7.55,7.55,7.525,7.525,200,0
2017-11-20,20:55:00,7.55,7.575,7.55,7.55,4698,0
2017-11-20,21:00:00,7.55,7.55,7.55,7.55,2000,0
2017-11-20,21:05:00,7.525,7.575,7.525,7.55,3300,0
2017-11-20,21:10:00,7.55,7.55,7.525,7.525,2700,0
2017-11-20,21:15:00,7.55,7.55,7.55,7.55,100,0
2017-11-20,21:20:00,7.55,7.55,7.525,7.55,1600,0
2017-11-20,21:25:00,7.55,7.575,7.5,7.5,6897,0
2017-11-20,21:30:00,7.525,7.525,7.525,7.525,100,0
2017-11-20,21:35:00,7.525,7.525,7.5,7.5,300,0
2017-11-20,21:40:00,7.525,7.525,7.525,7.525,400,0
2017-11-20,21:45:00,7.55,7.55,7.525,7.55,800,0
2017-11-20,21:50:00,7.525,7.55,7.525,7.525,700,0
2017-11-20,21:55:00,7.525,7.55,7.5,7.525,6817,0
2017-11-20,22:00:00,7.55,7.55,7.5,7.55,9597,0
2017-11-21,15:35:00,7.5,7.55,7.4,7.55,8417,0
2017-11-21,15:40:00,7.525,7.6,7.517,7.517,3260,0
2017-11-21,15:45:00,7.525,7.525,7.5,7.5,1100,0
2017-11-21,15:50:00,7.45,7.55,7.45,7.5,3831,0
2017-11-21,15:55:00,7.55,7.55,7.55,7.55,500,0
2017-11-21,16:00:00,7.525,7.55,7.525,7.525,2080,0
2017-11-21,16:05:00,7.525,7.55,7.525,7.55,200,0
2017-11-21,16:15:00,7.55,7.55,7.525,7.525,2900,0
2017-11-21,16:20:00,7.55,7.55,7.525,7.525,200,0
2017-11-21,16:25:00,7.525,7.55,7.5067,7.55,5300,0
2017-11-21,16:30:00,7.525,7.55,7.525,7.55,1300,0
2017-11-21,16:35:00,7.55,7.65,7.55,7.65,10987,0
2017-11-21,16:40:00,7.65,7.65,7.6,7.625,9125,0
2017-11-21,17:00:00,7.6,7.6,7.575,7.575,3300,0
2017-11-21,17:05:00,7.55,7.5894,7.5,7.5894,2124,0
2017-11-21,17:15:00,7.6,7.6,7.6,7.6,100,0
2017-11-21,17:20:00,7.55,7.55,7.5,7.525,1800,0
2017-11-21,17:30:00,7.5,7.5,7.475,7.5,4838,0
2017-11-21,17:35:00,7.46,7.46,7.46,7.46,250,0
2017-11-21,17:45:00,7.45,7.45,7.45,7.45,100,0
2017-11-21,17:55:00,7.5,7.525,7.475,7.525,800,0
2017-11-21,18:00:00,7.55,7.55,7.525,7.55,3000,0
2017-11-21,18:05:00,7.55,7.55,7.55,7.55,608,0
2017-11-21,18:15:00,7.525,7.5394,7.525,7.5394,214,0
2017-11-21,18:25:00,7.5,7.525,7.5,7.525,300,0
2017-11-21,18:30:00,7.55,7.55,7.55,7.55,900,0
2017-11-21,18:35:00,7.525,7.525,7.525,7.525,200,0
2017-11-21,18:40:00,7.55,7.55,7.525,7.525,200,0
2017-11-21,18:45:00,7.5242,7.525,7.5242,7.525,1190,0
2017-11-21,18:50:00,7.55,7.55,7.525,7.525,300,0
2017-11-21,19:00:00,7.525,7.525,7.525,7.525,300,0
2017-11-21,19:05:00,7.525,7.525,7.525,7.525,200,0
2017-11-21,19:10:00,7.525,7.55,7.525,7.525,2600,0
2017-11-21,19:15:00,7.55,7.55,7.525,7.525,600,0
2017-11-21,19:40:00,7.525,7.525,7.525,7.525,400,0
2017-11-21,19:50:00,7.55,7.55,7.525,7.55,3400,0
2017-11-21,19:55:00,7.6,7.6,7.6,7.6,100,0
2017-11-21,20:10:00,7.55,7.55,7.525,7.525,1896,0
2017-11-21,20:20:00,7.525,7.525,7.525,7.525,200,0
2017-11-21,20:30:00,7.5,7.5,7.5,7.5,100,0
2017-11-21,20:45:00,7.5,7.5,7.5,7.5,100,0
2017-11-21,20:50:00,7.525,7.55,7.45,7.475,12378,0
2017-11-21,20:55:00,7.475,7.5,7.475,7.5,306,0
2017-11-21,21:00:00,7.4786,7.4786,7.45,7.45,1700,0
2017-11-21,21:05:00,7.475,7.475,7.475,7.475,100,0
2017-11-21,21:10:00,7.475,7.475,7.475,7.475,200,0
2017-11-21,21:15:00,7.5,7.6,7.475,7.55,19241,0
2017-11-21,21:20:00,7.55,7.55,7.5,7.5,900,0
2017-11-21,21:25:00,7.525,7.55,7.525,7.55,600,0
2017-11-21,21:30:00,7.6,7.6,7.575,7.575,300,0
2017-11-21,21:35:00,7.6,7.6,7.575,7.575,200,0
2017-11-21,21:40:00,7.575,7.575,7.5,7.525,4863,0
2017-11-21,21:45:00,7.525,7.525,7.5,7.525,2600,0
2017-11-21,21:50:00,7.525,7.55,7.475,7.475,7096,0
2017-11-21,21:55:00,7.475,7.5,7.475,7.5,700,0
2017-11-21,22:00:00,7.475,7.55,7.45,7.5,32758,0
2017-11-22,15:35:00,7.55,7.55,7.55,7.55,689,0
2017-11-22,15:40:00,7.55,7.55,7.55,7.55,200,0
2017-11-22,15:50:00,7.5,7.575,7.5,7.55,4557,0
2017-11-22,15:55:00,7.55,7.55,7.55,7.55,1500,0
2017-11-22,16:00:00,7.55,7.55,7.525,7.525,200,0
2017-11-22,16:05:00,7.55,7.55,7.525,7.525,300,0
2017-11-22,16:10:00,7.55,7.55,7.55,7.55,400,0
2017-11-22,16:15:00,7.525,7.55,7.525,7.525,400,0
2017-11-22,16:20:00,7.55,7.55,7.55,7.55,100,0
2017-11-22,16:25:00,7.55,7.575,7.55,7.575,2856,0
2017-11-22,16:30:00,7.55,7.55,7.5,7.5,200,0
2017-11-22,16:35:00,7.55,7.55,7.525,7.55,600,0
2017-11-22,16:40:00,7.55,7.55,7.55,7.55,1602,0
2017-11-22,16:45:00,7.55,7.55,7.55,7.55,1072,0
2017-11-22,16:50:00,7.5336,7.5336,7.525,7.5259,800,0
2017-11-22,16:55:00,7.55,7.55,7.55,7.55,1065,0
2017-11-22,17:00:00,7.55,7.55,7.55,7.55,100,0
2017-11-22,17:05:00,7.525,7.55,7.525,7.55,200,0
2017-11-22,17:10:00,7.55,7.55,7.55,7.55,500,0
2017-11-22,17:15:00,7.55,7.55,7.55,7.55,400,0
2017-11-22,17:25:00,7.55,7.55,7.55,7.55,475,0
2017-11-22,17:30:00,7.55,7.55,7.525,7.55,600,0
2017-11-22,17:35:00,7.55,7.55,7.55,7.55,100,0
2017-11-22,17:40:00,7.55,7.55,7.55,7.55,200,0
2017-11-22,17:45:00,7.525,7.55,7.525,7.55,500,0
2017-11-22,17:50:00,7.525,7.525,7.525,7.525,100,0
2017-11-22,17:55:00,7.55,7.55,7.55,7.55,700,0
2017-11-22,18:00:00,7.525,7.525,7.525,7.525,100,0
2017-11-22,18:05:00,7.55,7.55,7.55,7.55,400,0
2017-11-22,18:10:00,7.55,7.575,7.55,7.575,1134,0
2017-11-22,18:15:00,7.575,7.6,7.575,7.575,2035,0
2017-11-22,18:20:00,7.575,7.6,7.55,7.6,1303,0
2017-11-22,18:25:00,7.575,7.6,7.55,7.6,2500,0
2017-11-22,18:35:00,7.575,7.6,7.575,7.6,870,0
2017-11-22,18:40:00,7.575,7.575,7.575,7.575,100,0
2017-11-22,18:45:00,7.6,7.6,7.6,7.6,100,0
2017-11-22,18:50:00,7.6,7.6,7.6,7.6,200,0
2017-11-22,18:55:00,7.6,7.6,7.6,7.6,200,0
2017-11-22,19:00:00,7.6,7.6,7.575,7.575,200,0
2017-11-22,19:05:00,7.6,7.6,7.575,7.6,300,0
2017-11-22,19:10:00,7.6,7.6,7.6,7.6,100,0
2017-11-22,19:15:00,7.6,7.6,7.6,7.6,300,0
2017-11-22,19:20:00,7.6,7.6,7.575,7.575,300,0
2017-11-22,19:25:00,7.6,7.6,7.6,7.6,100,0
2017-11-22,19:30:00,7.6,7.6,7.6,7.6,100,0
2017-11-22,19:35:00,7.575,7.6,7.575,7.6,200,0
2017-11-22,19:40:00,7.6,7.6,7.6,7.6,300,0
2017-11-22,19:45:00,7.6,7.6,7.575,7.575,1900,0
2017-11-22,19:50:00,7.575,7.6,7.55,7.575,3800,0
2017-11-22,19:55:00,7.575,7.6,7.575,7.575,900,0
2017-11-22,20:00:00,7.6,7.6,7.575,7.575,200,0
2017-11-22,20:05:00,7.55,7.575,7.55,7.575,200,0
2017-11-22,20:10:00,7.575,7.6,7.575,7.575,300,0
2017-11-22,20:15:00,7.575,7.575,7.575,7.575,800,0
2017-11-22,20:20:00,7.575,7.575,7.575,7.575,200,0
2017-11-22,20:25:00,7.575,7.6,7.575,7.575,997,0
2017-11-22,20:30:00,7.575,7.575,7.575,7.575,100,0
2017-11-22,20:35:00,7.575,7.575,7.55,7.55,474,0
2017-11-22,20:40:00,7.575,7.6,7.575,7.575,834,0
2017-11-22,20:45:00,7.575,7.575,7.5,7.5,8180,0
2017-11-22,20:50:00,7.5,7.55,7.5,7.525,700,0
2017-11-22,20:55:00,7.5,7.525,7.5,7.525,400,0
2017-11-22,21:00:00,7.5,7.5,7.475,7.475,2057,0
2017-11-22,21:05:00,7.475,7.475,7.475,7.475,200,0
2017-11-22,21:10:00,7.475,7.5,7.475,7.5,4590,0
2017-11-22,21:15:00,7.5,7.5,7.475,7.5,3200,0
2017-11-22,21:20:00,7.5,7.5,7.5,7.5,400,0
2017-11-22,21:25:00,7.475,7.5,7.475,7.5,600,0
2017-11-22,21:30:00,7.475,7.5,7.475,7.475,400,0
2017-11-22,21:35:00,7.475,7.5,7.475,7.5,200,0
2017-11-22,21:40:00,7.475,7.5,7.475,7.5,600,0
2017-11-22,21:45:00,7.475,7.5,7.475,7.5,300,0
2017-11-22,21:50:00,7.5,7.5,7.475,7.475,1100,0
2017-11-22,21:55:00,7.5,7.5,7.475,7.475,1800,0
2017-11-22,22:00:00,7.475,7.55,7.45,7.5,23877,0
2017-11-24,15:35:00,7.5,7.55,7.5,7.5,7078,0
2017-11-24,15:40:00,7.525,7.55,7.525,7.55,708,0
2017-11-24,15:50:00,7.55,7.55,7.55,7.55,1372,0
2017-11-24,15:55:00,7.55,7.55,7.525,7.525,1500,0
2017-11-24,16:00:00,7.525,7.525,7.525,7.525,100,0
2017-11-24,16:05:00,7.55,7.55,7.55,7.55,1400,0
2017-11-24,16:10:00,7.55,7.55,7.55,7.55,2400,0
2017-11-24,16:15:00,7.55,7.55,7.525,7.525,800,0
2017-11-24,16:20:00,7.55,7.55,7.55,7.55,900,0
2017-11-24,16:25:00,7.55,7.55,7.525,7.525,1100,0
2017-11-24,16:30:00,7.5305,7.55,7.5305,7.55,300,0
2017-11-24,16:35:00,7.525,7.525,7.525,7.525,100,0
2017-11-24,16:45:00,7.55,7.55,7.525,7.525,500,0
2017-11-24,16:50:00,7.525,7.525,7.525,7.525,500,0
2017-11-24,16:55:00,7.525,7.525,7.5,7.5,300,0
2017-11-24,17:00:00,7.525,7.525,7.525,7.525,200,0
2017-11-24,17:05:00,7.525,7.525,7.525,7.525,300,0
2017-11-24,17:10:00,7.5,7.5,7.5,7.5,100,0
2017-11-24,17:15:00,7.525,7.525,7.505,7.505,610,0
2017-11-24,17:25:00,7.55,7.55,7.525,7.55,1475,0
2017-11-24,17:30:00,7.55,7.55,7.55,7.55,500,0
2017-11-24,17:35:00,7.55,7.55,7.55,7.55,100,0
2017-11-24,17:45:00,7.525,7.525,7.525,7.525,167,0
2017-11-24,17:50:00,7.55,7.55,7.525,7.525,400,0
2017-11-24,17:55:00,7.5263,7.5263,7.5263,7.5263,708,0
2017-11-24,18:15:00,7.525,7.525,7.525,7.525,100,0
2017-11-24,18:20:00,7.525,7.55,7.525,7.55,500,0
2017-11-24,18:25:00,7.55,7.55,7.55,7.55,516,0
2017-11-24,18:35:00,7.525,7.525,7.525,7.525,300,0
2017-11-24,18:40:00,7.55,7.55,7.5,7.525,1846,0
2017-11-24,18:50:00,7.55,7.55,7.5,7.5,4200,0
2017-11-24,19:00:00,7.525,7.55,7.5,7.55,5730,0
2017-11-24,19:05:00,7.55,7.55,7.55,7.55,3724,0
2017-11-27,15:35:00,7.5,7.5,7.45,7.45,3199,0
2017-11-27,15:40:00,7.55,7.6,7.55,7.588,5505,0
2017-11-27,15:45:00,7.6,7.65,7.575,7.65,6540,0
2017-11-27,15:50:00,7.65,7.65,7.625,7.65,2287,0
2017-11-27,15:55:00,7.65,7.7,7.65,7.7,2674,0
2017-11-27,16:05:00,7.7,7.7,7.7,7.7,300,0
2017-11-27,16:10:00,7.675,7.675,7.675,7.675,100,0
2017-11-27,16:15:00,7.675,7.675,7.675,7.675,100,0
2017-11-27,16:20:00,7.6721,7.675,7.65,7.675,4000,0
2017-11-27,16:25:00,7.7,7.7,7.7,7.7,400,0
2017-11-27,16:30:00,7.7,7.7,7.7,7.7,100,0
2017-11-27,16:35:00,7.7,7.7,7.7,7.7,100,0
2017-11-27,16:40:00,7.7,7.7,7.7,7.7,100,0
2017-11-27,16:45:00,7.7,7.7,7.7,7.7,500,0
2017-11-27,16:50:00,7.7,7.7,7.7,7.7,700,0
2017-11-27,16:55:00,7.7,7.7,7.675,7.675,800,0
2017-11-27,17:00:00,7.7,7.7,7.7,7.7,100,0
2017-11-27,17:05:00,7.65,7.675,7.65,7.675,800,0
2017-11-27,17:10:00,7.7,7.7,7.7,7.7,240,0
2017-11-27,17:15:00,7.7,7.7,7.65,7.65,2000,0
2017-11-27,17:20:00,7.675,7.675,7.675,7.675,200,0
2017-11-27,17:30:00,7.675,7.675,7.675,7.675,300,0
2017-11-27,17:35:00,7.675,7.7,7.675,7.7,800,0
2017-11-27,17:40:00,7.675,7.7,7.65,7.7,500,0
2017-11-27,17:45:00,7.6701,7.675,7.6701,7.675,600,0
2017-11-27,17:55:00,7.7,7.7,7.7,7.7,200,0
2017-11-27,18:00:00,7.7,7.7,7.675,7.675,200,0
2017-11-27,18:05:00,7.7,7.7,7.7,7.7,100,0
2017-11-27,18:10:00,7.6814,7.7,7.65,7.675,6000,0
2017-11-27,18:15:00,7.7,7.7,7.7,7.7,100,0
2017-11-27,18:20:00,7.675,7.675,7.675,7.675,100,0
2017-11-27,18:25:00,7.7,7.7,7.7,7.7,100,0
2017-11-27,18:30:00,7.675,7.675,7.675,7.675,200,0
2017-11-27,18:35:00,7.7,7.7,7.675,7.675,300,0
2017-11-27,18:40:00,7.7,7.7,7.65,7.7,800,0
2017-11-27,18:55:00,7.675,7.7,7.675,7.7,200,0
2017-11-27,19:00:00,7.7,7.7,7.675,7.675,300,0
2017-11-27,19:05:00,7.7,7.7,7.65,7.675,2700,0
2017-11-27,19:10:00,7.7,7.7,7.675,7.675,1500,0
2017-11-27,19:20:00,7.7,7.7,7.675,7.675,1000,0
2017-11-27,19:25:00,7.7,7.7,7.7,7.7,500,0
2017-11-27,19:30:00,7.65,7.675,7.65,7.675,300,0
2017-11-27,19:35:00,7.6835,7.6835,7.65,7.675,5900,0
2017-11-27,19:40:00,7.7,7.7,7.675,7.675,400,0
2017-11-27,19:45:00,7.675,7.675,7.675,7.675,400,0
2017-11-27,19:50:00,7.675,7.675,7.675,7.675,300,0
2017-11-27,19:55:00,7.6695,7.675,7.6695,7.675,600,0
2017-11-27,20:00:00,7.675,7.675,7.655,7.655,600,0
2017-11-27,20:05:00,7.675,7.675,7.55,7.6,14132,0
2017-11-27,20:10:00,7.575,7.575,7.55,7.575,300,0
2017-11-27,20:15:00,7.6,7.65,7.575,7.6,6812,0
2017-11-27,20:20:00,7.605,7.605,7.605,7.605,1100,0
2017-11-27,20:25:00,7.65,7.65,7.65,7.65,100,0
2017-11-27,20:30:00,7.625,7.625,7.625,7.625,200,0
2017-11-27,20:35:00,7.65,7.675,7.65,7.675,5625,0
2017-11-27,20:40:00,7.675,7.675,7.65,7.65,200,0
2017-11-27,20:50:00,7.675,7.675,7.675,7.675,100,0
2017-11-27,20:55:00,7.65,7.675,7.65,7.675,1600,0
2017-11-27,21:00:00,7.65,7.655,7.625,7.65,3500,0
2017-11-27,21:05:00,7.65,7.675,7.65,7.65,3174,0
2017-11-27,21:10:00,7.65,7.65,7.65,7.65,100,0
2017-11-27,21:15:00,7.675,7.675,7.675,7.675,700,0
2017-11-27,21:20:00,7.675,7.675,7.675,7.675,300,0
2017-11-27,21:25:00,7.675,7.675,7.65,7.675,800,0
2017-11-27,21:30:00,7.65,7.65,7.6,7.6246,7199,0
2017-11-27,21:35:00,7.625,7.625,7.625,7.625,100,0
2017-11-27,21:40:00,7.6,7.6,7.6,7.6,100,0
2017-11-27,21:50:00,7.625,7.625,7.6,7.6,300,0
2017-11-27,21:55:00,7.6,7.65,7.6,7.625,1200,0
2017-11-27,22:00:00,7.6,7.7,7.6,7.6,39484,0
2017-11-28,15:35:00,7.6,7.6,7.6,7.6,4840,0
2017-11-28,15:40:00,7.575,7.65,7.575,7.65,3131,0
2017-11-28,15:45:00,7.65,7.65,7.6159,7.625,1935,0
2017-11-28,15:50:00,7.6,7.625,7.6,7.625,200,0
2017-11-28,15:55:00,7.65,7.65,7.65,7.65,1300,0
2017-11-28,16:00:00,7.655,7.655,7.65,7.65,577,0
2017-11-28,16:05:00,7.7,7.7,7.675,7.675,300,0
2017-11-28,16:10:00,7.7,7.7,7.675,7.675,6170,0
2017-11-28,16:15:00,7.7,7.7,7.6791,7.6791,200,0
2017-11-28,16:20:00,7.7,7.7,7.7,7.7,400,0
2017-11-28,16:25:00,7.7,7.7,7.675,7.675,500,0
2017-11-28,16:30:00,7.675,7.7,7.675,7.7,500,0
2017-11-28,16:35:00,7.675,7.675,7.675,7.675,200,0
2017-11-28,16:40:00,7.7,7.7,7.675,7.675,300,0
2017-11-28,16:45:00,7.7,7.7,7.7,7.7,100,0
2017-11-28,16:50:00,7.7,7.7,7.675,7.675,300,0
2017-11-28,16:55:00,7.675,7.7,7.675,7.675,900,0
2017-11-28,17:00:00,7.675,7.675,7.675,7.675,300,0
2017-11-28,17:05:00,7.7,7.7,7.7,7.7,100,0
2017-11-28,17:10:00,7.675,7.7,7.65,7.675,700,0
2017-11-28,17:15:00,7.675,7.675,7.675,7.675,100,0
2017-11-28,17:20:00,7.7,7.7,7.675,7.675,600,0
2017-11-28,17:25:00,7.675,7.675,7.675,7.675,200,0
2017-11-28,17:30:00,7.675,7.675,7.675,7.675,200,0
2017-11-28,17:35:00,7.675,7.675,7.675,7.675,200,0
2017-11-28,17:40:00,7.675,7.675,7.675,7.675,300,0
2017-11-28,17:45:00,7.675,7.675,7.675,7.675,1000,0
2017-11-28,17:50:00,7.65,7.675,7.65,7.675,300,0
2017-11-28,17:55:00,7.675,7.675,7.675,7.675,100,0
2017-11-28,18:00:00,7.7,7.7,7.671,7.7,1220,0
2017-11-28,18:05:00,7.675,7.675,7.675,7.675,200,0
2017-11-28,18:15:00,7.675,7.675,7.675,7.675,300,0
2017-11-28,18:20:00,7.66,7.66,7.66,7.66,200,0
2017-11-28,18:25:00,7.675,7.675,7.675,7.675,200,0
2017-11-28,18:30:00,7.675,7.675,7.675,7.675,200,0
2017-11-28,18:40:00,7.675,7.675,7.675,7.675,200,0
2017-11-28,18:45:00,7.675,7.675,7.675,7.675,400,0
2017-11-28,18:50:00,7.675,7.675,7.675,7.675,600,0
2017-11-28,18:55:00,7.675,7.675,7.65,7.675,300,0
2017-11-28,19:00:00,7.675,7.675,7.675,7.675,100,0
2017-11-28,19:05:00,7.7,7.7,7.65,7.65,500,0
2017-11-28,19:10:00,7.675,7.675,7.675,7.675,100,0
2017-11-28,19:15:00,7.65,7.65,7.55,7.575,11191,0
2017-11-28,19:20:00,7.6,7.6,7.575,7.575,2981,0
2017-11-28,19:25:00,7.575,7.5754,7.575,7.5754,200,0
2017-11-28,19:30:00,7.575,7.6,7.55,7.55,800,0
2017-11-28,19:40:00,7.575,7.575,7.55,7.55,200,0
2017-11-28,19:45:00,7.575,7.575,7.575,7.575,100,0
2017-11-28,19:50:00,7.575,7.5978,7.575,7.5978,400,0
2017-11-28,20:05:00,7.575,7.575,7.575,7.575,300,0
2017-11-28,20:10:00,7.6,7.6,7.55,7.575,700,0
2017-11-28,20:15:00,7.575,7.575,7.575,7.575,100,0
2017-11-28,20:20:00,7.575,7.575,7.55,7.55,200,0
2017-11-28,20:25:00,7.6,7.6,7.575,7.575,300,0
2017-11-28,20:30:00,7.575,7.575,7.575,7.575,100,0
2017-11-28,20:35:00,7.575,7.575,7.575,7.575,200,0
2017-11-28,20:40:00,7.6,7.6,7.55,7.575,2791,0
2017-11-28,20:45:00,7.6,7.6,7.575,7.6,4316,0
2017-11-28,20:50:00,7.625,7.625,7.625,7.625,200,0
2017-11-28,20:55:00,7.625,7.625,7.625,7.625,100,0
2017-11-28,21:00:00,7.625,7.625,7.625,7.625,200,0
2017-11-28,21:10:00,7.65,7.65,7.625,7.625,200,0
2017-11-28,21:15:00,7.625,7.625,7.6,7.6,400,0
2017-11-28,21:20:00,7.61,7.65,7.61,7.65,10523,0
2017-11-28,21:25:00,7.65,7.65,7.625,7.625,6349,0
2017-11-28,21:30:00,7.625,7.625,7.625,7.625,200,0
2017-11-28,21:35:00,7.65,7.65,7.625,7.625,400,0
2017-11-28,21:40:00,7.6261,7.6261,7.6261,7.6261,200,0
2017-11-28,21:45:00,7.625,7.65,7.625,7.625,300,0
2017-11-28,21:50:00,7.625,7.65,7.6,7.625,2415,0
2017-11-28,21:55:00,7.65,7.65,7.6,7.65,1800,0
2017-11-28,22:00:00,7.65,7.65,7.6,7.65,15793,0
2017-11-29,15:35:00,7.55,7.55,7.55,7.55,5333,0
2017-11-29,15:40:00,7.6,7.6,7.575,7.575,300,0
2017-11-29,15:45:00,7.6,7.65,7.55,7.55,5212,0
2017-11-29,15:50:00,7.55,7.625,7.55,7.6,3300,0
2017-11-29,15:55:00,7.6,7.6,7.6,7.6,400,0
2017-11-29,16:00:00,7.6,7.6,7.55,7.55,200,0
2017-11-29,16:05:00,7.6,7.6,7.6,7.6,600,0
2017-11-29,16:10:00,7.575,7.6,7.575,7.6,600,0
2017-11-29,16:15:00,7.575,7.6,7.575,7.575,600,0
2017-11-29,16:20:00,7.55,7.575,7.5,7.505,8886,0
2017-11-29,16:25:00,7.5,7.5,7.5,7.5,200,0
2017-11-29,16:30:00,7.525,7.525,7.525,7.525,200,0
2017-11-29,16:35:00,7.525,7.525,7.5,7.525,600,0
2017-11-29,16:40:00,7.525,7.525,7.525,7.525,300,0
2017-11-29,16:45:00,7.525,7.525,7.525,7.525,200,0
2017-11-29,16:50:00,7.55,7.55,7.55,7.55,100,0
2017-11-29,16:55:00,7.525,7.525,7.525,7.525,100,0
2017-11-29,17:00:00,7.55,7.55,7.525,7.55,300,0
2017-11-29,17:05:00,7.5296,7.5296,7.525,7.525,1660,0
2017-11-29,17:10:00,7.55,7.55,7.525,7.525,300,0
2017-11-29,17:15:00,7.525,7.55,7.525,7.55,200,0
2017-11-29,17:20:00,7.525,7.525,7.525,7.525,200,0
2017-11-29,17:25:00,7.525,7.525,7.5,7.525,1100,0
2017-11-29,17:30:00,7.525,7.525,7.525,7.525,100,0
2017-11-29,17:35:00,7.5,7.55,7.5,7.525,300,0
2017-11-29,17:40:00,7.55,7.55,7.525,7.525,200,0
2017-11-29,17:45:00,7.525,7.525,7.5,7.525,1200,0
2017-11-29,17:50:00,7.525,7.525,7.5,7.5,5000,0
2017-11-29,17:55:00,7.525,7.55,7.525,7.55,3290,0
2017-11-29,18:00:00,7.525,7.55,7.525,7.55,500,0
2017-11-29,18:05:00,7.525,7.525,7.525,7.525,300,0
2017-11-29,18:10:00,7.55,7.55,7.525,7.525,900,0
2017-11-29,18:15:00,7.55,7.55,7.525,7.55,1300,0
2017-11-29,18:20:00,7.55,7.55,7.55,7.55,100,0
2017-11-29,18:25:00,7.55,7.625,7.525,7.55,11187,0
2017-11-29,18:30:00,7.575,7.575,7.575,7.575,100,0
2017-11-29,18:35:00,7.6,7.6,7.575,7.575,500,0
2017-11-29,18:40:00,7.575,7.575,7.575,7.575,100,0
2017-11-29,18:45:00,7.6,7.6,7.6,7.6,700,0
2017-11-29,18:55:00,7.6,7.625,7.575,7.575,2209,0
2017-11-29,19:05:00,7.575,7.6,7.575,7.6,600,0
2017-11-29,19:15:00,7.575,7.575,7.575,7.575,200,0
2017-11-29,19:20:00,7.55,7.575,7.55,7.575,400,0
2017-11-29,19:25:00,7.575,7.575,7.575,7.575,100,0
2017-11-29,19:30:00,7.575,7.6,7.55,7.575,400,0
2017-11-29,19:35:00,7.575,7.575,7.55,7.55,400,0
2017-11-29,19:40:00,7.575,7.575,7.575,7.575,300,0
2017-11-29,19:45:00,7.6,7.6,7.55,7.55,500,0
2017-11-29,19:50:00,7.575,7.575,7.575,7.575,300,0
2017-11-29,19:55:00,7.55,7.55,7.5,7.5,5870,0
2017-11-29,20:00:00,7.525,7.525,7.5,7.5,350,0
2017-11-29,20:05:00,7.5,7.5,7.5,7.5,100,0
2017-11-29,20:15:00,7.525,7.525,7.525,7.525,300,0
2017-11-29,20:20:00,7.525,7.525,7.525,7.525,200,0
2017-11-29,20:25:00,7.525,7.525,7.525,7.525,100,0
2017-11-29,20:30:00,7.5,7.5,7.45,7.475,5186,0
2017-11-29,20:35:00,7.475,7.475,7.475,7.475,500,0
2017-11-29,20:45:00,7.475,7.475,7.475,7.475,200,0
2017-11-29,20:50:00,7.475,7.475,7.475,7.475,400,0
2017-11-29,20:55:00,7.475,7.475,7.475,7.475,100,0
2017-11-29,21:00:00,7.45,7.475,7.45,7.475,200,0
2017-11-29,21:05:00,7.45,7.475,7.45,7.475,200,0
2017-11-29,21:10:00,7.475,7.475,7.475,7.475,300,0
2017-11-29,21:15:00,7.475,7.475,7.45,7.475,600,0
2017-11-29,21:20:00,7.475,7.475,7.45,7.475,300,0
2017-11-29,21:25:00,7.45,7.475,7.45,7.475,200,0
2017-11-29,21:30:00,7.475,7.475,7.475,7.475,300,0
2017-11-29,21:35:00,7.475,7.475,7.45,7.475,700,0
2017-11-29,21:40:00,7.475,7.475,7.45,7.475,608,0
2017-11-29,21:45:00,7.475,7.475,7.45,7.475,732,0
2017-11-29,21:50:00,7.475,7.475,7.45,7.45,827,0
2017-11-29,21:55:00,7.45,7.475,7.45,7.475,4331,0
2017-11-29,22:00:00,7.45,7.5,7.45,7.45,11574,0
2017-11-30,15:35:00,7.5,7.5,7.4,7.5,4489,0
2017-11-30,15:40:00,7.45,7.5,7.45,7.5,1163,0
2017-11-30,15:45:00,7.45,7.5,7.45,7.5,200,0
2017-11-30,15:50:00,7.475,7.475,7.475,7.475,300,0
2017-11-30,15:55:00,7.475,7.5,7.45,7.45,500,0
2017-11-30,16:00:00,7.475,7.5,7.425,7.5,3494,0
2017-11-30,16:05:00,7.45,7.5,7.45,7.5,300,0
2017-11-30,16:15:00,7.475,7.5,7.45,7.45,300,0
2017-11-30,16:20:00,7.475,7.475,7.475,7.475,400,0
2017-11-30,16:30:00,7.5,7.5,7.45,7.45,200,0
2017-11-30,16:35:00,7.5,7.5,7.5,7.5,100,0
2017-11-30,16:40:00,7.475,7.475,7.475,7.475,100,0
2017-11-30,16:45:00,7.475,7.5,7.475,7.5,300,0
2017-11-30,16:50:00,7.5,7.5,7.5,7.5,100,0
2017-11-30,16:55:00,7.475,7.5,7.45,7.475,1200,0
2017-11-30,17:05:00,7.475,7.475,7.45,7.475,400,0
2017-11-30,17:10:00,7.475,7.475,7.45,7.475,800,0
2017-11-30,17:15:00,7.45,7.475,7.45,7.475,400,0
2017-11-30,17:20:00,7.5,7.5,7.45,7.45,600,0
2017-11-30,17:25:00,7.45,7.475,7.45,7.475,300,0
2017-11-30,17:30:00,7.45,7.475,7.4,7.425,4890,0
2017-11-30,17:35:00,7.45,7.45,7.4,7.4,689,0
2017-11-30,17:40:00,7.4,7.425,7.4,7.425,200,0
2017-11-30,17:45:00,7.4,7.45,7.4,7.4,1000,0
2017-11-30,17:50:00,7.425,7.425,7.4,7.425,500,0
2017-11-30,17:55:00,7.4,7.4,7.4,7.4,100,0
2017-11-30,18:00:00,7.4,7.4,7.4,7.4,1300,0
2017-11-30,18:05:00,7.425,7.425,7.4,7.4,870,0
2017-11-30,18:10:00,7.4,7.4,7.4,7.4,500,0
2017-11-30,18:15:00,7.425,7.45,7.4,7.4,1100,0
2017-11-30,18:20:00,7.4,7.425,7.4,7.4,600,0
2017-11-30,18:25:00,7.4,7.425,7.4,7.4132,3002,0
2017-11-30,18:30:00,7.4,7.425,7.375,7.375,3900,0
2017-11-30,18:35:00,7.35,7.425,7.35,7.4,3400,0
2017-11-30,18:40:00,7.45,7.475,7.45,7.475,3300,0
2017-11-30,18:45:00,7.45,7.475,7.45,7.45,3295,0
2017-11-30,18:50:00,7.45,7.45,7.45,7.45,300,0
2017-11-30,18:55:00,7.45,7.45,7.45,7.45,3628,0
2017-11-30,19:00:00,7.45,7.45,7.4,7.45,1200,0
2017-11-30,19:05:00,7.4,7.4,7.4,7.4,400,0
2017-11-30,19:10:00,7.4,7.425,7.4,7.425,2296,0
2017-11-30,19:15:00,7.4,7.425,7.4,7.4,900,0
2017-11-30,19:20:00,7.425,7.425,7.425,7.425,100,0
2017-11-30,19:25:00,7.4,7.425,7.375,7.425,4400,0
2017-11-30,19:35:00,7.425,7.425,7.425,7.425,300,0
2017-11-30,19:40:00,7.425,7.425,7.4,7.425,1100,0
2017-11-30,19:45:00,7.425,7.45,7.4,7.425,2300,0
2017-11-30,19:50:00,7.45,7.475,7.425,7.475,3444,0
2017-11-30,19:55:00,7.475,7.475,7.475,7.475,100,0
2017-11-30,20:00:00,7.45,7.45,7.45,7.45,100,0
2017-11-30,20:05:00,7.475,7.475,7.45,7.45,1696,0
2017-11-30,20:10:00,7.475,7.475,7.475,7.475,300,0
2017-11-30,20:15:00,7.475,7.55,7.475,7.525,6199,0
2017-11-30,20:20:00,7.5,7.525,7.5,7.5,2955,0
2017-11-30,20:25:00,7.5,7.5,7.45,7.45,404,0
2017-11-30,20:30:00,7.475,7.475,7.45,7.45,1800,0
2017-11-30,20:35:00,7.45,7.45,7.45,7.45,100,0
2017-11-30,20:45:00,7.475,7.5,7.45,7.475,2725,0
2017-11-30,20:50:00,7.475,7.475,7.45,7.475,400,0
2017-11-30,20:55:00,7.45,7.475,7.45,7.475,400,0
2017-11-30,21:00:00,7.475,7.5,7.475,7.475,400,0
2017-11-30,21:05:00,7.4749,7.5,7.45,7.475,3322,0
2017-11-30,21:10:00,7.45,7.475,7.45,7.45,900,0
2017-11-30,21:15:00,7.475,7.475,7.45,7.475,3000,0
2017-11-30,21:20:00,7.45,7.5,7.4,7.4,4887,0
2017-11-30,21:25:00,7.4,7.425,7.4,7.425,1200,0
2017-11-30,21:30:00,7.425,7.425,7.4,7.425,1700,0
2017-11-30,21:35:00,7.45,7.45,7.4,7.425,2750,0
2017-11-30,21:40:00,7.4,7.45,7.4,7.425,3200,0
2017-11-30,21:45:00,7.425,7.45,7.4,7.4,3400,0
2017-11-30,21:50:00,7.425,7.425,7.4,7.425,9741,0
2017-11-30,21:55:00,7.425,7.45,7.4,7.4,12277,0
2017-11-30,22:00:00,7.425,7.45,7.35,7.4,162689,0
2017-12-01,15:35:00,7.35,7.4,7.35,7.4,2000,0
2017-12-01,15:45:00,7.4,7.4,7.375,7.4,700,0
2017-12-01,15:50:00,7.375,7.375,7.375,7.375,100,0
2017-12-01,15:55:00,7.35,7.4,7.35,7.4,1000,0
2017-12-01,16:05:00,7.3,7.375,7.3,7.35,700,0
2017-12-01,16:10:00,7.375,7.375,7.35,7.35,1000,0
2017-12-01,16:15:00,7.375,7.375,7.35,7.35,200,0
2017-12-01,16:20:00,7.375,7.4,7.375,7.4,600,0
2017-12-01,16:30:00,7.4,7.4,7.375,7.375,200,0
2017-12-01,16:35:00,7.4,7.4,7.4,7.4,100,0
2017-12-01,16:40:00,7.375,7.375,7.375,7.375,100,0
2017-12-01,16:45:00,7.375,7.4,7.35,7.4,6500,0
2017-12-01,16:50:00,7.35,7.4,7.35,7.35,400,0
2017-12-01,16:55:00,7.4,7.4,7.35,7.4,407,0
2017-12-01,17:05:00,7.35,7.375,7.35,7.375,300,0
2017-12-01,17:10:00,7.35,7.375,7.3,7.325,4211,0
2017-12-01,17:15:00,7.3,7.3,7.275,7.275,700,0
2017-12-01,17:20:00,7.25,7.3,7.25,7.275,640,0
2017-12-01,17:25:00,7.25,7.275,7.15,7.2,10177,0
2017-12-01,17:30:00,7.2,7.225,7.2,7.225,900,0
2017-12-01,17:35:00,7.2,7.225,7.2,7.2,1300,0
2017-12-01,17:40:00,7.15,7.175,7.15,7.175,546,0
2017-12-01,17:45:00,7.15,7.175,7.15,7.175,600,0
2017-12-01,17:50:00,7.15,7.15,7.15,7.15,100,0
2017-12-01,17:55:00,7.15,7.175,7.1,7.125,1900,0
2017-12-01,18:00:00,7.15,7.175,7.125,7.15,6000,0
2017-12-01,18:05:00,7.15,7.175,7.125,7.125,11181,0
2017-12-01,18:10:00,7.15,7.15,7.125,7.15,6327,0
2017-12-01,18:15:00,7.15,7.15,7.125,7.15,5700,0
2017-12-01,18:20:00,7.15,7.15,7.125,7.125,5300,0
2017-12-01,18:25:00,7.15,7.25,7.15,7.25,5421,0
2017-12-01,18:30:00,7.25,7.25,7.2,7.225,2000,0
2017-12-01,18:35:00,7.25,7.25,7.25,7.25,100,0
2017-12-01,18:40:00,7.225,7.25,7.225,7.225,400,0
2017-12-01,18:45:00,7.25,7.25,7.25,7.25,100,0
2017-12-01,18:50:00,7.25,7.25,7.25,7.25,200,0
2017-12-01,18:55:00,7.215,7.325,7.215,7.3,9222,0
2017-12-01,19:00:00,7.3,7.3,7.3,7.3,100,0
2017-12-01,19:05:00,7.3,7.3,7.3,7.3,100,0
2017-12-01,19:10:00,7.25,7.3,7.25,7.25,1486,0
2017-12-01,19:15:00,7.2,7.25,7.2,7.2,516,0
2017-12-01,19:20:00,7.225,7.25,7.2,7.25,300,0
2017-12-01,19:25:00,7.2,7.25,7.2,7.2,500,0
2017-12-01,19:30:00,7.225,7.225,7.2068,7.2068,375,0
2017-12-01,19:35:00,7.25,7.3,7.225,7.3,2500,0
2017-12-01,19:40:00,7.25,7.25,7.25,7.25,100,0
2017-12-01,19:45:00,7.275,7.275,7.275,7.275,100,0
2017-12-01,19:55:00,7.3,7.3,7.275,7.3,569,0
2017-12-01,20:00:00,7.3,7.3,7.275,7.3,400,0
2017-12-01,20:10:00,7.275,7.3,7.275,7.3,500,0
2017-12-01,20:15:00,7.25,7.3,7.25,7.275,600,0
2017-12-01,20:20:00,7.275,7.3,7.25,7.275,1550,0
2017-12-01,20:25:00,7.3,7.3,7.25,7.275,700,0
2017-12-01,20:30:00,7.3,7.3,7.25,7.25,300,0
2017-12-01,20:35:00,7.3,7.3,7.275,7.275,600,0
2017-12-01,20:40:00,7.275,7.3,7.2,7.25,3167,0
2017-12-01,20:45:00,7.2,7.225,7.15,7.15,4986,0
2017-12-01,20:50:00,7.15,7.15,7.05,7.1,10258,0
2017-12-01,20:55:00,7.1,7.1,7.1,7.1,1300,0
2017-12-01,21:00:00,7.1,7.125,7.05,7.05,4100,0
2017-12-01,21:05:00,7.075,7.125,7.075,7.125,3181,0
2017-12-01,21:10:00,7.15,7.175,7.125,7.175,2074,0
2017-12-01,21:15:00,7.175,7.2,7.175,7.175,500,0
2017-12-01,21:20:00,7.15,7.15,7.15,7.15,100,0
2017-12-01,21:25:00,7.175,7.2,7.175,7.2,354,0
2017-12-01,21:30:00,7.2,7.2,7.2,7.2,207,0
2017-12-01,21:35:00,7.2,7.2,7.175,7.2,2615,0
2017-12-01,21:40:00,7.2,7.2,7.15,7.2,800,0
2017-12-01,21:45:00,7.2,7.2,7.15,7.2,3184,0
2017-12-01,21:50:00,7.25,7.25,7.225,7.225,1500,0
2017-12-01,21:55:00,7.25,7.25,7.225,7.25,1300,0
2017-12-01,22:00:00,7.25,7.3,7.2,7.25,15553,0
2017-12-04,15:35:00,7.25,7.3,7.25,7.3,3032,0
2017-12-04,15:40:00,7.3,7.3,7.25,7.3,2016,0
2017-12-04,15:45:00,7.3,7.3,7.3,7.3,600,0
2017-12-04,15:50:00,7.35,7.35,7.3,7.3162,1025,0
2017-12-04,15:55:00,7.3,7.3,7.3,7.3,100,0
2017-12-04,16:00:00,7.25,7.25,7.25,7.25,100,0
2017-12-04,16:05:00,7.35,7.35,7.25,7.25,200,0
2017-12-04,16:10:00,7.25,7.25,7.2238,7.225,4500,0
2017-12-04,16:15:00,7.225,7.225,7.225,7.225,200,0
2017-12-04,16:20:00,7.2,7.225,7.2,7.225,21100,0
2017-12-04,16:25:00,7.225,7.225,7.225,7.225,100,0
2017-12-04,16:30:00,7.2,7.25,7.2,7.225,5490,0
2017-12-04,16:35:00,7.2,7.2,7.2,7.2,100,0
2017-12-04,16:40:00,7.2,7.225,7.2,7.2,800,0
2017-12-04,16:45:00,7.2,7.2,7.175,7.175,1790,0
2017-12-04,16:50:00,7.175,7.175,7.175,7.175,100,0
2017-12-04,16:55:00,7.15,7.168,7.15,7.168,4800,0
2017-12-04,17:00:00,7.15,7.2,7.15,7.2,1800,0
2017-12-04,17:05:00,7.175,7.175,7.175,7.175,300,0
2017-12-04,17:10:00,7.175,7.175,7.175,7.175,100,0
2017-12-04,17:15:00,7.2,7.2,7.2,7.2,600,0
2017-12-04,17:20:00,7.175,7.175,7.175,7.175,200,0
2017-12-04,17:25:00,7.2,7.2,7.175,7.2,800,0
2017-12-04,17:30:00,7.175,7.175,7.175,7.175,300,0
2017-12-04,17:40:00,7.2,7.2,7.175,7.175,500,0
2017-12-04,17:45:00,7.175,7.175,7.175,7.175,100,0
2017-12-04,17:50:00,7.175,7.175,7.175,7.175,300,0
2017-12-04,17:55:00,7.175,7.175,7.175,7.175,100,0
2017-12-04,18:00:00,7.1784,7.1784,7.175,7.175,500,0
2017-12-04,18:05:00,7.175,7.175,7.175,7.175,200,0
2017-12-04,18:10:00,7.175,7.175,7.175,7.175,100,0
2017-12-04,18:15:00,7.175,7.2,7.15,7.175,9534,0
2017-12-04,18:20:00,7.183,7.25,7.175,7.25,6331,0
2017-12-04,18:25:00,7.225,7.225,7.2,7.225,1469,0
2017-12-04,18:30:00,7.25,7.25,7.25,7.25,200,0
2017-12-04,18:35:00,7.25,7.25,7.25,7.25,200,0
2017-12-04,18:40:00,7.225,7.225,7.225,7.225,100,0
2017-12-04,18:45:00,7.225,7.25,7.225,7.225,500,0
2017-12-04,18:50:00,7.25,7.25,7.225,7.225,300,0
2017-12-04,18:55:00,7.225,7.225,7.225,7.225,100,0
2017-12-04,19:00:00,7.225,7.225,7.225,7.225,200,0
2017-12-04,19:05:00,7.225,7.225,7.225,7.225,300,0
2017-12-04,19:10:00,7.225,7.225,7.225,7.225,300,0
2017-12-04,19:15:00,7.225,7.225,7.225,7.225,200,0
2017-12-04,19:20:00,7.2232,7.225,7.2232,7.225,900,0
2017-12-04,19:25:00,7.225,7.225,7.225,7.225,200,0
2017-12-04,19:30:00,7.2236,7.225,7.2236,7.225,600,0
2017-12-04,19:35:00,7.225,7.25,7.225,7.225,500,0
2017-12-04,19:40:00,7.225,7.225,7.225,7.225,200,0
2017-12-04,19:45:00,7.225,7.225,7.2,7.2,600,0
2017-12-04,19:50:00,7.2,7.2,7.2,7.2,100,0
2017-12-04,19:55:00,7.225,7.225,7.2,7.2,1000,0
2017-12-04,20:00:00,7.225,7.225,7.2,7.2,800,0
2017-12-04,20:05:00,7.225,7.3,7.2,7.25,8072,0
2017-12-04,20:10:00,7.25,7.2856,7.225,7.225,5582,0
2017-12-04,20:20:00,7.25,7.25,7.225,7.225,900,0
2017-12-04,20:25:00,7.245,7.275,7.225,7.225,15707,0
2017-12-04,20:30:00,7.225,7.25,7.2,7.2,400,0
2017-12-04,20:40:00,7.225,7.225,7.225,7.225,200,0
2017-12-04,20:45:00,7.25,7.25,7.225,7.225,500,0
2017-12-04,20:50:00,7.225,7.225,7.225,7.225,200,0
2017-12-04,20:55:00,7.225,7.225,7.225,7.225,200,0
2017-12-04,21:00:00,7.225,7.225,7.2,7.225,1200,0
2017-12-04,21:05:00,7.225,7.225,7.225,7.225,100,0
2017-12-04,21:10:00,7.21,7.225,7.21,7.225,1450,0
2017-12-04,21:15:00,7.225,7.225,7.225,7.225,500,0
2017-12-04,21:20:00,7.225,7.225,7.2,7.2,600,0
2017-12-04,21:25:00,7.25,7.3,7.2,7.25,17283,0
2017-12-04,21:30:00,7.225,7.225,7.2,7.2,200,0
2017-12-04,21:35:00,7.25,7.25,7.225,7.225,800,0
2017-12-04,21:40:00,7.225,7.25,7.2,7.2,600,0
2017-12-04,21:45:00,7.2,7.2,7.15,7.15,3678,0
2017-12-04,21:50:00,7.175,7.175,7.175,7.175,400,0
2017-12-04,21:55:00,7.2,7.2,7.15,7.15,1528,0
2017-12-04,22:00:00,7.2,7.2,7.15,7.15,6493,0
2017-12-05,15:35:00,7.15,7.15,7.15,7.15,700,0
2017-12-05,15:40:00,7.1,7.1,7.1,7.1,700,0
2017-12-05,15:45:00,7.055,7.055,7.055,7.055,100,0
2017-12-05,15:50:00,7.05,7.15,7.05,7.15,2000,0
2017-12-05,16:00:00,7.2,7.2,7.15,7.15,200,0
2017-12-05,16:05:00,7.175,7.175,7.175,7.175,100,0
2017-12-05,16:10:00,7.15,7.175,7.15,7.175,200,0
2017-12-05,16:15:00,7.15,7.15,7.1,7.1,200,0
2017-12-05,16:20:00,7.125,7.25,7.125,7.25,3685,0
2017-12-05,16:25:00,7.3,7.3,7.25,7.25,700,0
2017-12-05,16:30:00,7.25,7.25,7.25,7.25,100,0
2017-12-05,16:35:00,7.2,7.2,7.175,7.175,900,0
2017-12-05,16:40:00,7.175,7.175,7.175,7.175,100,0
2017-12-05,16:45:00,7.175,7.175,7.175,7.175,200,0
2017-12-05,16:50:00,7.15,7.15,7.15,7.15,100,0
2017-12-05,16:55:00,7.15,7.15,7.125,7.125,900,0
2017-12-05,17:00:00,7.15,7.15,7.125,7.125,265,0
2017-12-05,17:05:00,7.1,7.14,7.1,7.14,450,0
2017-12-05,17:10:00,7.15,7.175,7.15,7.175,1276,0
2017-12-05,17:15:00,7.2,7.2,7.175,7.175,300,0
2017-12-05,17:20:00,7.175,7.175,7.15,7.15,200,0
2017-12-05,17:30:00,7.1743,7.175,7.1743,7.175,700,0
2017-12-05,17:35:00,7.2,7.2,7.2,7.2,200,0
2017-12-05,17:40:00,7.175,7.175,7.175,7.175,100,0
2017-12-05,17:45:00,7.175,7.175,7.175,7.175,100,0
2017-12-05,18:00:00,7.175,7.175,7.175,7.175,300,0
2017-12-05,18:05:00,7.175,7.175,7.175,7.175,100,0
2017-12-05,18:10:00,7.175,7.175,7.175,7.175,200,0
2017-12-05,18:20:00,7.175,7.175,7.175,7.175,200,0
2017-12-05,18:25:00,7.175,7.175,7.175,7.175,500,0
2017-12-05,18:30:00,7.2,7.2,7.175,7.2,300,0
2017-12-05,18:35:00,7.2,7.2,7.2,7.2,300,0
2017-12-05,18:40:00,7.2,7.2,7.15,7.2,1088,0
2017-12-05,18:45:00,7.2,7.2,7.2,7.2,500,0
2017-12-05,18:50:00,7.175,7.2,7.175,7.175,700,0
2017-12-05,18:55:00,7.2,7.2,7.175,7.2,400,0
2017-12-05,19:00:00,7.2,7.2,7.2,7.2,200,0
2017-12-05,19:05:00,7.2,7.2,7.175,7.2,600,0
2017-12-05,19:10:00,7.2,7.2,7.2,7.2,200,0
2017-12-05,19:15:00,7.1875,7.1875,7.175,7.175,2500,0
2017-12-05,19:20:00,7.175,7.175,7.175,7.175,100,0
2017-12-05,19:25:00,7.175,7.175,7.175,7.175,300,0
2017-12-05,19:30:00,7.2,7.2,7.175,7.2,600,0
2017-12-05,19:35:00,7.2,7.2,7.2,7.2,100,0
2017-12-05,19:40:00,7.2,7.2,7.15,7.2,700,0
2017-12-05,19:45:00,7.175,7.2,7.175,7.175,300,0
2017-12-05,19:50:00,7.2,7.2,7.175,7.2,800,0
2017-12-05,19:55:00,7.175,7.2,7.175,7.2,663,0
2017-12-05,20:00:00,7.2,7.2,7.2,7.2,300,0
2017-12-05,20:05:00,7.2,7.2,7.2,7.2,500,0
2017-12-05,20:10:00,7.2,7.2,7.175,7.175,1600,0
2017-12-05,20:15:00,7.2,7.2,7.2,7.2,300,0
2017-12-05,20:20:00,7.2,7.2,7.175,7.2,1000,0
2017-12-05,20:25:00,7.175,7.2,7.175,7.2,852,0
2017-12-05,20:30:00,7.2,7.2,7.175,7.175,700,0
2017-12-05,20:35:00,7.175,7.2,7.175,7.2,1200,0
2017-12-05,20:40:00,7.175,7.2,7.175,7.2,1000,0
2017-12-05,20:45:00,7.1685,7.2,7.1685,7.175,1325,0
2017-12-05,20:50:00,7.2,7.2,7.175,7.175,1600,0
2017-12-05,20:55:00,7.175,7.2,7.175,7.2,1800,0
2017-12-05,21:00:00,7.2,7.2,7.175,7.2,900,0
2017-12-05,21:05:00,7.2,7.2,7.175,7.175,900,0
2017-12-05,21:10:00,7.175,7.175,7.175,7.175,1100,0
2017-12-05,21:15:00,7.15,7.175,7.15,7.175,200,0
2017-12-05,21:20:00,7.175,7.175,7.175,7.175,700,0
2017-12-05,21:25:00,7.175,7.175,7.125,7.125,8200,0
2017-12-05,21:30:00,7.125,7.15,7.1,7.15,2480,0
2017-12-05,21:35:00,7.125,7.15,7.1,7.125,2300,0
2017-12-05,21:40:00,7.125,7.125,7.05,7.1,3028,0
2017-12-05,21:45:00,7.075,7.1,7.05,7.05,2144,0
2017-12-05,21:50:00,7.05,7.1,7.05,7.1,2911,0
2017-12-05,21:55:00,7.1,7.1,7.05,7.1,4200,0
2017-12-05,22:00:00,7.1,7.1,7.05,7.05,25787,0
2017-12-06,15:35:00,7.05,7.05,6.9,7,2467,0
2017-12-06,15:40:00,7,7.1,7,7.1,3100,0
2017-12-06,15:45:00,7.088,7.088,7.088,7.088,185,0
2017-12-06,15:50:00,7.15,7.15,7.15,7.15,100,0
2017-12-06,15:55:00,7.115,7.15,7.1,7.1,3800,0
2017-12-06,16:00:00,7.15,7.15,7.15,7.15,200,0
2017-12-06,16:05:00,7.15,7.15,7.15,7.15,500,0
2017-12-06,16:10:00,7.15,7.2,7.15,7.2,1603,0
2017-12-06,16:15:00,7.19,7.19,7.15,7.15,700,0
2017-12-06,16:20:00,7.15,7.2,7.15,7.175,300,0
2017-12-06,16:25:00,7.15,7.175,7.15,7.175,200,0
2017-12-06,16:30:00,7.2,7.2,7.2,7.2,200,0
2017-12-06,16:40:00,7.15,7.15,7.1,7.15,2600,0
2017-12-06,16:45:00,7.1,7.1,7.1,7.1,100,0
2017-12-06,16:50:00,7.15,7.15,7.125,7.125,400,0
2017-12-06,16:55:00,7.125,7.125,7.1,7.1,200,0
2017-12-06,17:00:00,7.15,7.15,7.125,7.15,400,0
2017-12-06,17:05:00,7.15,7.15,7.125,7.15,500,0
2017-12-06,17:10:00,7.15,7.15,7.15,7.15,400,0
2017-12-06,17:15:00,7.15,7.15,7.15,7.15,400,0
2017-12-06,17:20:00,7.125,7.15,7.125,7.15,500,0
2017-12-06,17:25:00,7.15,7.15,7.125,7.125,500,0
2017-12-06,17:30:00,7.15,7.15,7.125,7.15,600,0
2017-12-06,17:35:00,7.15,7.15,7.15,7.15,400,0
2017-12-06,17:40:00,7.15,7.15,7.1,7.15,500,0
2017-12-06,17:45:00,7.15,7.15,7.15,7.15,300,0
2017-12-06,17:50:00,7.15,7.15,7.125,7.15,400,0
2017-12-06,17:55:00,7.15,7.15,7.15,7.15,400,0
2017-12-06,18:00:00,7.15,7.15,7.125,7.15,560,0
2017-12-06,18:05:00,7.15,7.15,7.125,7.15,500,0
2017-12-06,18:10:00,7.125,7.15,7.125,7.15,500,0
2017-12-06,18:20:00,7.15,7.15,7.125,7.15,400,0
2017-12-06,18:25:00,7.15,7.15,7.15,7.15,200,0
2017-12-06,18:30:00,7.15,7.15,7.1,7.15,1100,0
2017-12-06,18:35:00,7.1,7.15,7.1,7.15,400,0
2017-12-06,18:40:00,7.15,7.15,7.1,7.15,400,0
2017-12-06,18:45:00,7.15,7.15,7.15,7.15,300,0
2017-12-06,18:50:00,7.15,7.15,7.125,7.125,1400,0
2017-12-06,18:55:00,7.125,7.125,7.05,7.05,12704,0
2017-12-06,19:05:00,7.075,7.075,7.075,7.075,100,0
2017-12-06,19:10:00,7.075,7.075,7.05,7.05,2800,0
2017-12-06,19:15:00,7,7.025,7,7.025,300,0
2017-12-06,19:20:00,7,7.025,7,7.025,300,0
2017-12-06,19:25:00,7.05,7.05,7,7.05,500,0
2017-12-06,19:30:00,7.05,7.075,7.05,7.075,4069,0
2017-12-06,19:35:00,7.05,7.1,7.05,7.1,200,0
2017-12-06,19:40:00,7.1,7.1,7.075,7.1,500,0
2017-12-06,19:45:00,7.1,7.1,7.075,7.1,300,0
2017-12-06,19:50:00,7.1,7.1,7.1,7.1,100,0
2017-12-06,19:55:00,7.1,7.1,7.075,7.1,5500,0
2017-12-06,20:00:00,7.075,7.1,7.075,7.1,500,0
2017-12-06,20:05:00,7.1,7.1,7.075,7.075,400,0
2017-12-06,20:10:00,7.1,7.15,7.1,7.1,3117,0
2017-12-06,20:15:00,7.1,7.1,7.1,7.1,104,0
2017-12-06,20:20:00,7.1,7.125,7.1,7.125,200,0
2017-12-06,20:25:00,7.125,7.125,7.125,7.125,100,0
2017-12-06,20:30:00,7.125,7.15,7.1,7.1,600,0
2017-12-06,20:35:00,7.15,7.15,7.15,7.15,400,0
2017-12-06,20:40:00,7.15,7.15,7.1,7.15,300,0
2017-12-06,20:50:00,7.125,7.15,7.1,7.15,800,0
2017-12-06,20:55:00,7.15,7.15,7.125,7.15,500,0
2017-12-06,21:00:00,7.15,7.15,7.125,7.15,500,0
2017-12-06,21:05:00,7.15,7.15,7.125,7.15,500,0
2017-12-06,21:10:00,7.15,7.175,7.125,7.15,5715,0
2017-12-06,21:15:00,7.15,7.2,7.15,7.2,600,0
2017-12-06,21:20:00,7.2,7.2,7.15,7.2,800,0
2017-12-06,21:25:00,7.2,7.2,7.15,7.15,500,0
2017-12-06,21:30:00,7.2,7.2,7.175,7.2,400,0
2017-12-06,21:35:00,7.175,7.2,7.175,7.175,900,0
2017-12-06,21:40:00,7.2,7.2,7.175,7.175,1100,0
2017-12-06,21:45:00,7.2,7.2,7.15,7.175,800,0
2017-12-06,21:50:00,7.2,7.2,7.175,7.2,1000,0
2017-12-06,21:55:00,7.2,7.2,7.175,7.2,3900,0
2017-12-06,22:00:00,7.2,7.2,7.15,7.15,24552,0
