Date,Time,Open,High,Low,Close,Volume,OpenInt
2017-11-13,15:35:00,14.079,14.079,14.079,14.079,3434,0
2017-11-13,15:40:00,14.067,14.079,14.05,14.05,3948,0
2017-11-13,15:45:00,14.065,14.079,14.045,14.045,1206,0
2017-11-13,15:50:00,14.04,14.05,14.04,14.045,1558,0
2017-11-13,15:55:00,14.046,14.05,14.046,14.05,402,0
2017-11-13,16:05:00,14.05,14.05,14.05,14.05,101,0
2017-11-13,16:15:00,14.04,14.04,14.04,14.04,101,0
2017-11-13,16:30:00,14.06,14.06,14.06,14.06,101,0
2017-11-13,16:35:00,14.059,14.06,14.059,14.06,322,0
2017-11-13,16:50:00,14.052,14.052,14.052,14.052,1413,0
2017-11-13,17:10:00,14.051,14.051,14.051,14.051,149,0
2017-11-13,17:15:00,14.053,14.053,14.053,14.053,276,0
2017-11-13,17:20:00,14.05,14.05,14.048,14.048,803,0
2017-11-13,17:25:00,14.048,14.05,14.048,14.05,503,0
2017-11-13,17:35:00,14.047,14.047,14.04,14.04,1690,0
2017-11-13,17:45:00,14.04,14.042,14.04,14.042,1608,0
2017-11-13,17:55:00,14.032,14.04,14.032,14.032,2372,0
2017-11-13,18:00:00,14.032,14.05,14.031,14.05,5492,0
2017-11-13,18:20:00,14.039,14.039,14.039,14.039,302,0
2017-11-13,18:25:00,14.043,14.043,14.043,14.043,1709,0
2017-11-13,18:30:00,14.039,14.039,14.039,14.039,302,0
2017-11-13,18:35:00,14.03,14.03,14.03,14.03,201,0
2017-11-13,18:40:00,14.03,14.03,14.02,14.02,905,0
2017-11-13,18:55:00,14.025,14.03,14.025,14.029,1005,0
2017-11-13,19:00:00,14.02,14.03,14.02,14.029,5477,0
2017-11-13,19:05:00,14.02,14.02,14.02,14.02,101,0
2017-11-13,19:10:00,14.029,14.029,14.029,14.029,140,0
2017-11-13,19:15:00,14.024,14.024,14.024,14.024,157,0
2017-11-13,19:20:00,14.02,14.024,14.02,14.024,492,0
2017-11-13,19:30:00,14.015,14.015,14.01,14.01,1483,0
2017-11-13,19:55:00,14.002,14.002,14,14,1030,0
2017-11-13,20:05:00,14.006,14.006,14.006,14.006,316,0
2017-11-13,20:10:00,14.002,14.002,13.99,13.99,2337,0
2017-11-13,20:15:00,13.97,13.978,13.97,13.978,402,0
2017-11-13,20:20:00,13.97,13.979,13.97,13.979,995,0
2017-11-13,20:25:00,13.97,13.97,13.967,13.97,905,0
2017-11-13,20:35:00,13.966,13.969,13.961,13.969,2348,0
2017-11-13,20:40:00,13.96,13.969,13.96,13.965,3858,0
2017-11-13,20:45:00,13.965,13.97,13.96,13.967,1608,0
2017-11-13,20:50:00,13.964,13.964,13.964,13.964,1006,0
2017-11-13,20:55:00,13.97,13.97,13.96,13.964,990,0
2017-11-13,21:00:00,13.965,13.965,13.965,13.965,201,0
2017-11-13,21:05:00,13.96,13.96,13.96,13.96,101,0
2017-11-13,21:10:00,13.963,13.963,13.963,13.963,2199,0
2017-11-13,21:20:00,13.96,13.969,13.96,13.969,201,0
2017-11-13,21:25:00,13.965,13.965,13.965,13.965,101,0
2017-11-13,21:30:00,13.96,13.966,13.96,13.965,1802,0
2017-11-13,21:35:00,13.965,13.965,13.961,13.961,448,0
2017-11-13,21:40:00,13.97,13.98,13.965,13.973,1347,0
2017-11-13,21:45:00,13.975,13.975,13.975,13.975,291,0
2017-11-13,21:50:00,13.979,13.979,13.97,13.97,321,0
2017-11-13,21:55:00,13.976,13.977,13.976,13.977,920,0
2017-11-13,22:00:00,13.975,13.98,13.97,13.97,1909,0
2017-11-14,15:35:00,13.95,13.958,13.94,13.958,4698,0
2017-11-14,15:40:00,14.02,14.02,13.9811,13.9811,1100,0
2017-11-14,15:45:00,13.973,13.973,13.973,13.973,205,0
2017-11-14,15:50:00,13.95,13.983,13.95,13.97,6072,0
2017-11-14,15:55:00,13.99,13.99,13.9713,13.9713,685,0
2017-11-14,16:00:00,13.999,13.999,13.999,13.999,100,0
2017-11-14,16:10:00,13.97,13.97,13.96,13.96,2163,0
2017-11-14,16:15:00,13.9601,13.9601,13.9601,13.9601,100,0
2017-11-14,16:20:00,13.98,13.98,13.98,13.98,2000,0
2017-11-14,16:25:00,13.97,13.9799,13.97,13.9799,1100,0
2017-11-14,16:30:00,13.98,13.989,13.98,13.989,3600,0
2017-11-14,16:35:00,13.977,13.977,13.977,13.977,350,0
2017-11-14,16:45:00,13.971,13.971,13.971,13.971,1500,0
2017-11-14,16:50:00,13.98,13.98,13.9799,13.98,5081,0
2017-11-14,16:55:00,13.97,13.98,13.97,13.98,1915,0
2017-11-14,17:05:00,13.98,13.9807,13.98,13.9807,244,0
2017-11-14,17:10:00,13.9868,13.99,13.9868,13.99,300,0
2017-11-14,17:15:00,13.998,13.998,13.9802,13.9802,400,0
2017-11-14,17:20:00,13.9999,14.0064,13.9964,13.9964,2952,0
2017-11-14,17:25:00,13.99,13.99,13.99,13.99,400,0
2017-11-14,17:30:00,13.99,13.99,13.99,13.99,100,0
2017-11-14,17:40:00,13.98,13.98,13.98,13.98,133,0
2017-11-14,18:05:00,13.99,14,13.99,13.9907,2513,0
2017-11-14,18:15:00,13.9906,13.9906,13.99,13.99,1151,0
2017-11-14,18:20:00,13.9906,13.9906,13.9906,13.9906,228,0
2017-11-14,18:25:00,13.9954,14,13.99,13.9994,1000,0
2017-11-14,18:30:00,14,14,13.995,13.995,3300,0
2017-11-14,18:35:00,13.9901,13.9906,13.9901,13.9906,500,0
2017-11-14,18:40:00,13.9968,14,13.9901,13.9994,1200,0
2017-11-14,18:45:00,13.9901,13.9911,13.9901,13.9911,200,0
2017-11-14,19:00:00,13.99,13.99,13.99,13.99,2969,0
2017-11-14,19:05:00,13.9801,13.985,13.98,13.98,500,0
2017-11-14,19:10:00,13.98,13.99,13.98,13.99,700,0
2017-11-14,19:15:00,13.98,13.98,13.98,13.98,200,0
2017-11-14,19:20:00,13.9739,13.9739,13.97,13.97,460,0
2017-11-14,19:40:00,13.9766,13.9766,13.9701,13.9701,500,0
2017-11-14,19:45:00,13.9751,13.9793,13.97,13.97,1764,0
2017-11-14,19:50:00,13.9611,13.9611,13.96,13.96,300,0
2017-11-14,19:55:00,13.98,13.98,13.97,13.98,5389,0
2017-11-14,20:00:00,13.98,13.98,13.97,13.97,1457,0
2017-11-14,20:05:00,13.9707,13.99,13.9707,13.9769,2339,0
2017-11-14,20:10:00,13.97,13.9886,13.97,13.98,990,0
2017-11-14,20:15:00,13.9768,13.98,13.9702,13.98,938,0
2017-11-14,20:25:00,13.9837,13.9837,13.9714,13.9714,625,0
2017-11-14,20:30:00,13.9844,14.06,13.9844,14.0124,23483,0
2017-11-14,20:35:00,14.02,14.02,14.01,14.01,1478,0
2017-11-14,20:40:00,14.01,14.01,14,14,2462,0
2017-11-14,20:45:00,13.9901,13.9901,13.9901,13.9901,400,0
2017-11-14,20:50:00,13.9901,13.9901,13.9901,13.9901,100,0
2017-11-14,21:00:00,14,14,13.999,13.999,900,0
2017-11-14,21:05:00,14,14,13.9901,14,1700,0
2017-11-14,21:10:00,13.9939,13.9939,13.9901,13.9901,470,0
2017-11-14,21:15:00,13.9901,14,13.9901,14,347,0
2017-11-14,21:20:00,14,14,13.995,13.995,1686,0
2017-11-14,21:25:00,13.9901,13.9901,13.9901,13.9901,200,0
2017-11-14,21:30:00,13.9952,13.9993,13.9916,13.9993,3538,0
2017-11-14,21:35:00,14,14,13.9999,14,2600,0
2017-11-14,21:40:00,13.9926,13.9926,13.9901,13.9901,2400,0
2017-11-14,21:45:00,14,14,14,14,100,0
2017-11-14,21:50:00,13.9992,14,13.9992,14,2610,0
2017-11-14,21:55:00,13.99,14,13.99,13.99,4085,0
2017-11-14,22:00:00,14,14.05,13.99,14.05,3069,0
2017-11-15,15:35:00,14.03,14.03,13.989,13.989,6945,0
2017-11-15,15:40:00,13.98,13.99,13.98,13.9852,5300,0
2017-11-15,15:45:00,14.0148,14.0148,13.99,14,2001,0
2017-11-15,15:50:00,13.99,13.99,13.98,13.98,300,0
2017-11-15,15:55:00,14.005,14.005,13.99,13.99,300,0
2017-11-15,16:00:00,13.98,13.99,13.98,13.99,1429,0
2017-11-15,16:05:00,13.98,13.98,13.98,13.98,100,0
2017-11-15,16:10:00,13.985,14,13.98,14,2587,0
2017-11-15,16:15:00,13.9914,14,13.99,14,2052,0
2017-11-15,16:20:00,14,14,14,14,1000,0
2017-11-15,16:25:00,13.9901,13.9901,13.99,13.99,300,0
2017-11-15,16:30:00,13.9901,14,13.9901,14,1120,0
2017-11-15,16:35:00,14,14,13.99,14,1847,0
2017-11-15,16:40:00,13.991,13.991,13.98,13.98,400,0
2017-11-15,16:50:00,14,14,13.985,13.985,2019,0
2017-11-15,16:55:00,13.98,13.983,13.98,13.983,1192,0
2017-11-15,17:00:00,13.98,13.9836,13.98,13.98,1861,0
2017-11-15,17:05:00,13.98,13.9848,13.97,13.97,2100,0
2017-11-15,17:10:00,13.9743,13.9743,13.9743,13.9743,139,0
2017-11-15,17:15:00,13.97,13.98,13.97,13.97,6030,0
2017-11-15,17:20:00,13.965,13.965,13.9601,13.9617,1607,0
2017-11-15,17:25:00,13.969,13.969,13.969,13.969,100,0
2017-11-15,17:30:00,13.96,13.9685,13.96,13.9662,3200,0
2017-11-15,17:35:00,13.965,13.97,13.9625,13.9625,10411,0
2017-11-15,17:40:00,13.967,13.967,13.967,13.967,358,0
2017-11-15,17:45:00,13.956,13.956,13.956,13.956,568,0
2017-11-15,17:55:00,13.9549,13.9549,13.9549,13.9549,2620,0
2017-11-15,18:10:00,13.96,13.9672,13.96,13.9672,1300,0
2017-11-15,18:20:00,13.9699,13.98,13.9699,13.9765,2960,0
2017-11-15,18:30:00,13.98,14,13.98,13.99,2140,0
2017-11-15,18:35:00,13.9811,13.9811,13.9811,13.9811,1250,0
2017-11-15,18:40:00,13.9801,13.9838,13.9801,13.9838,2200,0
2017-11-15,18:45:00,13.9801,13.9801,13.9801,13.9801,750,0
2017-11-15,18:50:00,13.9865,13.9865,13.9865,13.9865,450,0
2017-11-15,18:55:00,13.985,13.985,13.98,13.9801,2000,0
2017-11-15,19:00:00,13.9801,13.9847,13.9747,13.9747,3258,0
2017-11-15,19:05:00,13.9886,13.9886,13.9886,13.9886,650,0
2017-11-15,19:15:00,13.985,13.99,13.985,13.99,1530,0
2017-11-15,19:25:00,13.98,13.98,13.98,13.98,895,0
2017-11-15,19:40:00,13.989,13.9899,13.989,13.9899,4430,0
2017-11-15,19:55:00,13.985,13.99,13.98,13.98,1100,0
2017-11-15,20:00:00,13.985,13.99,13.985,13.99,499,0
2017-11-15,20:05:00,13.9872,13.9872,13.9872,13.9872,600,0
2017-11-15,20:10:00,13.99,13.99,13.985,13.9899,730,0
2017-11-15,20:20:00,13.99,14,13.99,13.99,3559,0
2017-11-15,20:25:00,13.99,13.99,13.9899,13.99,2400,0
2017-11-15,20:30:00,13.98,14,13.98,13.9976,11549,0
2017-11-15,20:35:00,13.99,13.99,13.98,13.98,942,0
2017-11-15,20:40:00,13.985,13.985,13.985,13.985,100,0
2017-11-15,20:45:00,13.99,13.99,13.99,13.99,100,0
2017-11-15,20:50:00,13.99,13.99,13.9809,13.9809,1200,0
2017-11-15,20:55:00,13.99,14,13.982,13.9968,2376,0
2017-11-15,21:00:00,14,14,14,14,1100,0
2017-11-15,21:05:00,13.995,14,13.995,13.9994,6391,0
2017-11-15,21:15:00,13.99,13.9966,13.99,13.9966,775,0
2017-11-15,21:20:00,13.9938,13.9938,13.9938,13.9938,384,0
2017-11-15,21:30:00,14,14,14,14,875,0
2017-11-15,21:35:00,13.995,13.995,13.9911,13.9911,1140,0
2017-11-15,21:40:00,13.995,14,13.993,13.993,1957,0
2017-11-15,21:45:00,14,14,14,14,100,0
2017-11-15,21:50:00,14,14,14,14,1568,0
2017-11-15,21:55:00,14,14.0044,13.9999,14,9017,0
2017-11-15,22:00:00,14,14.03,14,14.03,4155,0
2017-11-16,15:35:00,14.04,14.04,13.98,13.98,12427,0
2017-11-16,15:40:00,14.005,14.04,13.99,13.99,2300,0
2017-11-16,15:50:00,14.0399,14.0399,14,14,3700,0
2017-11-16,15:55:00,14.0125,14.0125,14.01,14.01,2005,0
2017-11-16,16:05:00,14.01,14.01,14.01,14.01,102,0
2017-11-16,16:10:00,14.01,14.01,14.01,14.01,100,0
2017-11-16,16:15:00,14.01,14.02,14.01,14.02,2945,0
2017-11-16,16:20:00,14.011,14.0133,14.01,14.0133,3953,0
2017-11-16,16:25:00,14.011,14.0191,14.011,14.015,1725,0
2017-11-16,16:35:00,14.02,14.02,14.0163,14.0163,1069,0
2017-11-16,16:40:00,14.02,14.02,14.02,14.02,300,0
2017-11-16,16:50:00,14.02,14.02,14.015,14.02,5460,0
2017-11-16,16:55:00,14.02,14.02,14.0168,14.02,3270,0
2017-11-16,17:00:00,14.0143,14.02,14.0143,14.02,825,0
2017-11-16,17:10:00,14.02,14.02,14.019,14.02,5065,0
2017-11-16,17:15:00,14.02,14.02,14.0199,14.02,3380,0
2017-11-16,17:20:00,14.0107,14.0107,14.01,14.01,2824,0
2017-11-16,17:30:00,14.0159,14.02,14.01,14.01,1100,0
2017-11-16,17:35:00,14.01,14.01,14.01,14.01,300,0
2017-11-16,17:40:00,14.01,14.01,14,14,2534,0
2017-11-16,17:45:00,13.99,13.999,13.99,13.999,1000,0
2017-11-16,17:50:00,13.9972,13.9972,13.997,13.997,900,0
2017-11-16,18:05:00,13.9901,13.9901,13.9901,13.9901,200,0
2017-11-16,18:15:00,14,14,14,14,100,0
2017-11-16,18:20:00,13.9999,13.9999,13.9999,13.9999,824,0
2017-11-16,18:25:00,13.9901,13.9901,13.9901,13.9901,1500,0
2017-11-16,18:40:00,14,14.01,14,14.01,500,0
2017-11-16,18:45:00,14.0016,14.0016,14.0016,14.0016,790,0
2017-11-16,18:50:00,14.01,14.01,14.01,14.01,100,0
2017-11-16,19:00:00,14.02,14.02,14.02,14.02,1050,0
2017-11-16,19:05:00,14.02,14.02,14.02,14.02,100,0
2017-11-16,19:15:00,14.02,14.02,14.02,14.02,100,0
2017-11-16,19:20:00,14.014,14.014,14.014,14.014,1000,0
2017-11-16,19:30:00,14.0085,14.0085,14.0085,14.0085,140,0
2017-11-16,19:40:00,14.015,14.015,14.015,14.015,156,0
2017-11-16,19:55:00,14.0128,14.0128,14.0128,14.0128,250,0
2017-11-16,20:00:00,14.0137,14.02,14.0137,14.02,556,0
2017-11-16,20:10:00,14.0168,14.0172,14.0168,14.0172,1147,0
2017-11-16,20:15:00,14.02,14.02,14.02,14.02,700,0
2017-11-16,20:20:00,14.02,14.02,14.0152,14.02,2800,0
2017-11-16,20:25:00,14.0159,14.0159,14.0159,14.0159,1000,0
2017-11-16,20:35:00,14.0199,14.02,14.0199,14.02,1000,0
2017-11-16,20:40:00,14.02,14.02,14.017,14.017,600,0
2017-11-16,20:45:00,14.02,14.02,14.02,14.02,100,0
2017-11-16,21:00:00,14.02,14.02,14.02,14.02,1200,0
2017-11-16,21:05:00,14.01,14.01,14.01,14.01,100,0
2017-11-16,21:10:00,14.02,14.02,14.01,14.0109,2900,0
2017-11-16,21:15:00,14.01,14.0163,14.01,14.0163,2160,0
2017-11-16,21:20:00,14.01,14.01,14,14,4500,0
2017-11-16,21:25:00,14.0086,14.0086,14,14,1595,0
2017-11-16,21:30:00,14.01,14.01,14.0067,14.0067,780,0
2017-11-16,21:35:00,14.005,14.01,14,14,10749,0
2017-11-16,21:40:00,14,14,14,14,100,0
2017-11-16,21:45:00,14,14.0001,13.98,13.98,4775,0
2017-11-16,21:50:00,13.98,14,13.9752,13.9966,7916,0
2017-11-16,21:55:00,14.01,14.02,14.0085,14.0163,5016,0
2017-11-16,22:00:00,14.02,14.02,14.0108,14.0108,2436,0
2017-11-17,15:35:00,14.03,14.03,14.03,14.03,5866,0
2017-11-17,16:05:00,14.0356,14.0356,14.0356,14.0356,178,0
2017-11-17,16:15:00,14.04,14.04,14.02,14.03,1212,0
2017-11-17,16:25:00,14.0224,14.0224,14.0224,14.0224,500,0
2017-11-17,16:30:00,14.04,14.04,14.04,14.04,100,0
2017-11-17,16:35:00,14.03,14.03,14.03,14.03,100,0
2017-11-17,16:40:00,14.0248,14.04,14.0248,14.04,1020,0
2017-11-17,16:50:00,14.0396,14.04,14.0387,14.04,2400,0
2017-11-17,16:55:00,14.04,14.04,14.04,14.04,600,0
2017-11-17,17:00:00,14.05,14.05,14.05,14.05,100,0
2017-11-17,17:05:00,14.0499,14.05,14.0499,14.05,292,0
2017-11-17,17:10:00,14.0499,14.0499,14.0499,14.0499,350,0
2017-11-17,17:15:00,14.0337,14.05,14.03,14.05,4100,0
2017-11-17,17:20:00,14.03,14.0301,14.02,14.0215,11600,0
2017-11-17,17:25:00,14.03,14.031,14.02,14.031,2900,0
2017-11-17,17:30:00,14.03,14.0341,14.03,14.0341,2452,0
2017-11-17,17:35:00,14.039,14.039,14.039,14.039,1000,0
2017-11-17,17:40:00,14.03,14.0305,14.03,14.03,1400,0
2017-11-17,17:55:00,14.021,14.0299,14.02,14.0299,5381,0
2017-11-17,18:00:00,14.0299,14.0299,14.0266,14.0266,1200,0
2017-11-17,18:05:00,14.02,14.0299,14.02,14.0299,300,0
2017-11-17,18:10:00,14.0299,14.0299,14.0299,14.0299,100,0
2017-11-17,18:15:00,14.02,14.02,14.02,14.02,232,0
2017-11-17,18:40:00,14.03,14.03,14.03,14.03,100,0
2017-11-17,19:00:00,14.03,14.03,14.03,14.03,100,0
2017-11-17,19:05:00,14.03,14.03,14.03,14.03,415,0
2017-11-17,19:10:00,14.0232,14.0232,14.02,14.02,780,0
2017-11-17,19:20:00,14.02,14.03,14.02,14.03,507,0
2017-11-17,19:25:00,14.0299,14.0299,14.0299,14.0299,289,0
2017-11-17,19:30:00,14.02,14.0248,14.02,14.02,1520,0
2017-11-17,19:35:00,14.02,14.0201,14.02,14.0201,200,0
2017-11-17,19:45:00,14.025,14.03,14.025,14.03,200,0
2017-11-17,19:50:00,14.03,14.03,14.03,14.03,541,0
2017-11-17,20:00:00,14.04,14.04,14.0338,14.0338,325,0
2017-11-17,20:05:00,14.03,14.04,14.03,14.04,1132,0
2017-11-17,20:20:00,14.03,14.03,14.03,14.03,113,0
2017-11-17,20:30:00,14.0368,14.0368,14.03,14.03,1724,0
2017-11-17,20:35:00,14.04,14.04,14.03,14.0368,345,0
2017-11-17,20:40:00,14.03,14.0366,14.03,14.035,1506,0
2017-11-17,20:45:00,14.0309,14.0309,14.0309,14.0309,175,0
2017-11-17,20:50:00,14.0355,14.0355,14.0355,14.0355,1070,0
2017-11-17,21:00:00,14.0353,14.04,14.03,14.04,1700,0
2017-11-17,21:05:00,14.0361,14.0361,14.0361,14.0361,101,0
2017-11-17,21:10:00,14.039,14.039,14.039,14.039,325,0
2017-11-17,21:15:00,14.04,14.04,14.04,14.04,712,0
2017-11-17,21:20:00,14.0399,14.04,14.0362,14.04,427,0
2017-11-17,21:25:00,14.0362,14.0362,14.0362,14.0362,147,0
2017-11-17,21:30:00,14.04,14.04,14.0341,14.04,10974,0
2017-11-17,21:35:00,14.04,14.04,14.04,14.04,1765,0
2017-11-17,21:40:00,14.04,14.05,14.04,14.05,3437,0
2017-11-17,21:45:00,14.0434,14.06,14.0434,14.05,7477,0
2017-11-17,21:50:00,14.04,14.05,14.04,14.04,1200,0
2017-11-17,21:55:00,14.04,14.045,14.04,14.045,1900,0
2017-11-17,22:00:00,14.04,14.05,14.03,14.05,9836,0
2017-11-20,15:35:00,14.07,14.07,14.07,14.07,2395,0
2017-11-20,15:50:00,14.0599,14.0599,14.0599,14.0599,600,0
2017-11-20,15:55:00,14.0549,14.0549,14.0549,14.0549,300,0
2017-11-20,16:00:00,14.0301,14.0301,14.0301,14.0301,106,0
2017-11-20,16:10:00,14.045,14.045,14.0303,14.0423,4325,0
2017-11-20,16:15:00,14.06,14.06,14.0303,14.0303,340,0
2017-11-20,16:20:00,14.06,14.06,14.05,14.05,200,0
2017-11-20,16:25:00,14.0483,14.06,14.0483,14.06,500,0
2017-11-20,16:30:00,14.0532,14.0585,14.0344,14.04,4378,0
2017-11-20,16:35:00,14.06,14.06,14.05,14.06,600,0
2017-11-20,16:40:00,14.06,14.06,14.03,14.0301,5754,0
2017-11-20,16:45:00,14.05,14.05,14.03,14.04,1900,0
2017-11-20,16:50:00,14.045,14.045,14.04,14.04,200,0
2017-11-20,16:55:00,14.0494,14.0494,14.02,14.04,3700,0
2017-11-20,17:00:00,14.04,14.04,14.04,14.04,500,0
2017-11-20,17:05:00,14.0447,14.05,14.0447,14.0494,960,0
2017-11-20,17:10:00,14.0499,14.05,14.0499,14.05,200,0
2017-11-20,17:15:00,14.05,14.05,14.05,14.05,200,0
2017-11-20,17:20:00,14.0412,14.045,14.0394,14.0398,5000,0
2017-11-20,17:25:00,14.05,14.05,14.0419,14.0419,1300,0
2017-11-20,17:30:00,14.0491,14.0491,14.0491,14.0491,100,0
2017-11-20,17:35:00,14.05,14.05,14.0491,14.0491,200,0
2017-11-20,17:40:00,14.05,14.05,14.05,14.05,100,0
2017-11-20,17:45:00,14.03,14.0492,14.03,14.0492,400,0
2017-11-20,17:50:00,14.04,14.04,14.04,14.04,100,0
2017-11-20,18:20:00,14.03,14.03,14.02,14.03,839,0
2017-11-20,18:25:00,14.039,14.039,14.039,14.039,356,0
2017-11-20,18:35:00,14.02,14.0295,14.02,14.0295,1336,0
2017-11-20,18:45:00,14.02,14.02,14.01,14.01,2000,0
2017-11-20,18:50:00,14.02,14.02,14.02,14.02,300,0
2017-11-20,19:00:00,14.0165,14.0165,14.0165,14.0165,100,0
2017-11-20,19:05:00,14.0199,14.03,14,14,8951,0
2017-11-20,19:10:00,14.01,14.06,14.01,14.0432,7763,0
2017-11-20,19:15:00,14.0368,14.0368,14.0368,14.0368,370,0
2017-11-20,19:20:00,14.0301,14.0301,14.0301,14.0301,1500,0
2017-11-20,19:30:00,14.049,14.049,14.04,14.04,3000,0
2017-11-20,19:40:00,14.031,14.05,14.031,14.05,2100,0
2017-11-20,19:50:00,14.05,14.05,14.05,14.05,100,0
2017-11-20,19:55:00,14.059,14.059,14.059,14.059,321,0
2017-11-20,20:10:00,14.06,14.06,14.06,14.06,100,0
2017-11-20,20:15:00,14.06,14.06,14.0599,14.0599,580,0
2017-11-20,20:20:00,14.06,14.06,14.06,14.06,500,0
2017-11-20,20:25:00,14.06,14.06,14.0525,14.06,14179,0
2017-11-20,20:30:00,14.06,14.06,14.06,14.06,2400,0
2017-11-20,20:35:00,14.06,14.06,14.05,14.05,7573,0
2017-11-20,20:40:00,14.0599,14.06,14.0599,14.06,903,0
2017-11-20,20:45:00,14.06,14.07,14.06,14.07,1800,0
2017-11-20,20:50:00,14.07,14.07,14.0605,14.07,5972,0
2017-11-20,20:55:00,14.08,14.08,14.0701,14.0701,3000,0
2017-11-20,21:00:00,14.08,14.08,14.07,14.07,11100,0
2017-11-20,21:05:00,14.061,14.061,14.061,14.061,500,0
2017-11-20,21:10:00,14.07,14.07,14.06,14.06,2303,0
2017-11-20,21:15:00,14.07,14.07,14.07,14.07,1600,0
2017-11-20,21:20:00,14.07,14.07,14.0668,14.07,1910,0
2017-11-20,21:25:00,14.07,14.07,14.07,14.07,1300,0
2017-11-20,21:30:00,14.07,14.07,14.0699,14.0699,2600,0
2017-11-20,21:35:00,14.0619,14.07,14.0619,14.07,1900,0
2017-11-20,21:40:00,14.07,14.08,14.07,14.08,6543,0
2017-11-20,21:45:00,14.08,14.09,14.08,14.08,9760,0
2017-11-20,21:50:00,14.08,14.08,14.08,14.08,1595,0
2017-11-20,21:55:00,14.08,14.09,14.0662,14.0662,12535,0
2017-11-20,22:00:00,14.07,14.07,14.065,14.07,1798,0
2017-11-21,15:35:00,14.08,14.08,14.0658,14.0658,7156,0
2017-11-21,15:40:00,14.0501,14.09,14.0501,14.09,1563,0
2017-11-21,15:45:00,14.09,14.09,14.061,14.0829,3852,0
2017-11-21,15:50:00,14.09,14.09,14.04,14.04,5342,0
2017-11-21,15:55:00,14.09,14.09,14.09,14.09,116,0
2017-11-21,16:00:00,14.06,14.08,14.06,14.08,1000,0
2017-11-21,16:05:00,14.0668,14.0668,14.06,14.0656,1538,0
2017-11-21,16:25:00,14.0618,14.0618,14.0618,14.0618,418,0
2017-11-21,16:35:00,14.06,14.0661,14.06,14.0661,1800,0
2017-11-21,16:45:00,14.06,14.07,14.0491,14.06,12221,0
2017-11-21,16:50:00,14.08,14.08,14.08,14.08,100,0
2017-11-21,16:55:00,14.07,14.0748,14.0601,14.0748,2838,0
2017-11-21,17:00:00,14.089,14.089,14.089,14.089,1638,0
2017-11-21,17:05:00,14.0709,14.0709,14.0709,14.0709,700,0
2017-11-21,17:10:00,14.08,14.0899,14.07,14.07,1300,0
2017-11-21,17:35:00,14.0801,14.085,14.0801,14.081,1665,0
2017-11-21,17:40:00,14.0801,14.085,14.0801,14.081,2102,0
2017-11-21,17:55:00,14.08,14.08,14.08,14.08,500,0
2017-11-21,18:20:00,14.08,14.08,14.08,14.08,329,0
2017-11-21,18:30:00,14.0881,14.09,14.03,14.03,19135,0
2017-11-21,18:35:00,14.03,14.03,14,14.009,16774,0
2017-11-21,18:40:00,14.01,14.01,13.99,13.99,1100,0
2017-11-21,18:45:00,13.99,13.99,13.99,13.99,200,0
2017-11-21,19:00:00,14,14.02,13.995,14.0198,15419,0
2017-11-21,19:05:00,14.02,14.02,14,14,4824,0
2017-11-21,19:10:00,13.995,13.995,13.995,13.995,100,0
2017-11-21,19:20:00,13.9901,13.9972,13.99,13.9972,2040,0
2017-11-21,19:25:00,13.9987,14,13.9987,14,657,0
2017-11-21,19:30:00,14,14,14,14,100,0
2017-11-21,19:40:00,13.995,14,13.995,13.9965,4123,0
2017-11-21,19:45:00,14,14.01,14,14.01,4600,0
2017-11-21,19:50:00,14.02,14.0496,14.02,14.0496,1513,0
2017-11-21,19:55:00,14.041,14.043,14.0401,14.0401,5000,0
2017-11-21,20:00:00,14.05,14.06,14.05,14.0571,2160,0
2017-11-21,20:05:00,14.06,14.06,14.06,14.06,200,0
2017-11-21,20:10:00,14.0686,14.07,14.05,14.05,3326,0
2017-11-21,20:15:00,14.07,14.08,14.07,14.08,1565,0
2017-11-21,20:35:00,14.0701,14.0701,14.07,14.07,3800,0
2017-11-21,20:40:00,14.0667,14.07,14.0635,14.0692,900,0
2017-11-21,20:45:00,14.065,14.07,14.065,14.0669,1050,0
2017-11-21,20:50:00,14.065,14.07,14.065,14.07,2073,0
2017-11-21,20:55:00,14.07,14.07,14.067,14.07,1468,0
2017-11-21,21:00:00,14.07,14.07,14.067,14.07,1600,0
2017-11-21,21:05:00,14.06,14.07,14.06,14.07,2200,0
2017-11-21,21:10:00,14.07,14.07,14.067,14.07,2300,0
2017-11-21,21:15:00,14.07,14.08,14.07,14.08,1200,0
2017-11-21,21:20:00,14.08,14.08,14.0745,14.08,1665,0
2017-11-21,21:25:00,14.08,14.08,14.079,14.079,4125,0
2017-11-21,21:30:00,14.0744,14.08,14.0712,14.08,5070,0
2017-11-21,21:35:00,14.08,14.09,14.08,14.09,10284,0
2017-11-21,21:40:00,14.09,14.09,14.08,14.08,8000,0
2017-11-21,21:45:00,14.08,14.08,14.08,14.08,4250,0
2017-11-21,21:50:00,14.08,14.09,14.08,14.08,16533,0
2017-11-21,22:00:00,14.08,14.08,14.0799,14.08,7896,0
2017-11-22,15:35:00,14.13,14.13,14.1,14.1,10721,0
2017-11-22,15:40:00,14.0987,14.11,14.0987,14.11,2234,0
2017-11-22,15:45:00,14.11,14.11,14.11,14.11,100,0
2017-11-22,15:50:00,14.11,14.12,14.11,14.12,600,0
2017-11-22,16:00:00,14.101,14.11,14.101,14.11,875,0
2017-11-22,16:05:00,14.11,14.12,14.1,14.1,4783,0
2017-11-22,16:10:00,14.1,14.11,14.1,14.1,2258,0
2017-11-22,16:15:00,14.1,14.1179,14.1,14.1179,3442,0
2017-11-22,16:20:00,14.105,14.12,14.0954,14.12,4804,0
2017-11-22,16:25:00,14.1099,14.12,14.1099,14.12,1029,0
2017-11-22,16:30:00,14.12,14.12,14.12,14.12,700,0
2017-11-22,16:35:00,14.1193,14.1193,14.1189,14.1189,200,0
2017-11-22,16:40:00,14.1101,14.12,14.11,14.12,1200,0
2017-11-22,16:45:00,14.11,14.11,14.1038,14.1038,500,0
2017-11-22,16:50:00,14.1,14.104,14.0964,14.104,1135,0
2017-11-22,16:55:00,14.11,14.11,14.0963,14.0963,1174,0
2017-11-22,17:00:00,14.11,14.11,14.1086,14.1086,300,0
2017-11-22,17:05:00,14.09,14.09,14.09,14.09,400,0
2017-11-22,17:10:00,14.0986,14.0986,14.08,14.08,700,0
2017-11-22,17:15:00,14.08,14.0898,14.07,14.07,750,0
2017-11-22,17:20:00,14.075,14.08,14.07,14.0728,2636,0
2017-11-22,17:25:00,14.062,14.062,14.062,14.062,400,0
2017-11-22,17:30:00,14.08,14.08,14.08,14.08,100,0
2017-11-22,17:35:00,14.0668,14.07,14.04,14.06,8708,0
2017-11-22,17:40:00,14.06,14.06,14.06,14.06,200,0
2017-11-22,17:50:00,14.06,14.06,14.06,14.06,1000,0
2017-11-22,18:00:00,14.0531,14.0531,14.0531,14.0531,1400,0
2017-11-22,18:10:00,14.057,14.06,14.05,14.0548,2160,0
2017-11-22,18:20:00,14.05,14.0562,14.05,14.05,2200,0
2017-11-22,18:30:00,14.06,14.06,14.06,14.06,352,0
2017-11-22,18:45:00,14.05,14.05,14.05,14.05,360,0
2017-11-22,18:50:00,14.0593,14.0593,14.0593,14.0593,217,0
2017-11-22,19:00:00,14.0538,14.0538,14.0538,14.0538,172,0
2017-11-22,19:05:00,14.0575,14.0575,14.0575,14.0575,1313,0
2017-11-22,19:10:00,14.0556,14.0556,14.0556,14.0556,395,0
2017-11-22,19:15:00,14.05,14.06,14.05,14.06,300,0
2017-11-22,19:20:00,14.05,14.06,14.03,14.0492,5259,0
2017-11-22,19:25:00,14.04,14.0443,14.03,14.04,1926,0
2017-11-22,19:30:00,14.03,14.0302,14.03,14.0302,1150,0
2017-11-22,19:40:00,14.0479,14.0479,14.0479,14.0479,625,0
2017-11-22,19:45:00,14.0203,14.0203,14.0203,14.0203,725,0
2017-11-22,19:50:00,14.05,14.05,14.0424,14.05,510,0
2017-11-22,19:55:00,14.04,14.05,14.04,14.05,4200,0
2017-11-22,20:00:00,14.04,14.04,14.04,14.04,100,0
2017-11-22,20:15:00,14.0434,14.05,14.043,14.05,2243,0
2017-11-22,20:20:00,14.045,14.05,14.045,14.0452,3593,0
2017-11-22,20:25:00,14.05,14.06,14.05,14.06,500,0
2017-11-22,20:40:00,14.0624,14.0624,14.0513,14.0513,482,0
2017-11-22,20:45:00,14.059,14.059,14.059,14.059,426,0
2017-11-22,20:50:00,14.0687,14.0698,14.0687,14.0698,625,0
2017-11-22,20:55:00,14.0556,14.07,14.0556,14.07,456,0
2017-11-22,21:05:00,14.0632,14.07,14.0632,14.07,1470,0
2017-11-22,21:15:00,14.0672,14.0672,14.0672,14.0672,1000,0
2017-11-22,21:20:00,14.065,14.07,14.0636,14.0636,2324,0
2017-11-22,21:25:00,14.067,14.0692,14.067,14.0692,200,0
2017-11-22,21:30:00,14.07,14.07,14.0662,14.0662,1928,0
2017-11-22,21:35:00,14.07,14.07,14.07,14.07,406,0
2017-11-22,21:40:00,14.07,14.08,14.07,14.08,700,0
2017-11-22,21:45:00,14.08,14.08,14.08,14.08,300,0
2017-11-22,21:50:00,14.07,14.07,14.07,14.07,100,0
2017-11-22,21:55:00,14.0678,14.07,14.065,14.07,1276,0
2017-11-22,22:00:00,14.07,14.08,14.07,14.08,1903,0
2017-11-24,15:35:00,14.12,14.12,14.12,14.12,1065,0
2017-11-24,15:45:00,14.0962,14.11,14.0962,14.11,1204,0
2017-11-24,16:00:00,14.11,14.14,14.11,14.14,4906,0
2017-11-24,16:05:00,14.15,14.16,14.1447,14.16,1400,0
2017-11-24,16:10:00,14.16,14.16,14.16,14.16,100,0
2017-11-24,16:15:00,14.16,14.16,14.15,14.16,1745,0
2017-11-24,16:20:00,14.16,14.16,14.1588,14.1588,1600,0
2017-11-24,16:25:00,14.16,14.16,14.155,14.155,300,0
2017-11-24,16:30:00,14.16,14.16,14.16,14.16,6000,0
2017-11-24,16:35:00,14.155,14.16,14.1501,14.1541,2235,0
2017-11-24,16:40:00,14.157,14.16,14.155,14.155,400,0
2017-11-24,16:45:00,14.16,14.16,14.16,14.16,200,0
2017-11-24,16:50:00,14.16,14.16,14.15,14.15,2700,0
2017-11-24,16:55:00,14.155,14.16,14.155,14.155,400,0
2017-11-24,17:00:00,14.155,14.16,14.155,14.16,1062,0
2017-11-24,17:05:00,14.155,14.155,14.155,14.155,100,0
2017-11-24,17:10:00,14.1562,14.1562,14.155,14.155,200,0
2017-11-24,17:15:00,14.155,14.1599,14.155,14.1592,500,0
2017-11-24,17:20:00,14.16,14.16,14.1505,14.155,756,0
2017-11-24,17:30:00,14.15,14.15,14.15,14.15,100,0
2017-11-24,17:35:00,14.1501,14.16,14.1501,14.16,800,0
2017-11-24,17:40:00,14.16,14.16,14.15,14.153,3900,0
2017-11-24,17:45:00,14.155,14.16,14.155,14.16,1200,0
2017-11-24,17:50:00,14.155,14.155,14.145,14.145,1400,0
2017-11-24,17:55:00,14.145,14.15,14.145,14.145,400,0
2017-11-24,18:00:00,14.145,14.145,14.14,14.14,1802,0
2017-11-24,18:05:00,14.1493,14.15,14.1489,14.15,1600,0
2017-11-24,18:10:00,14.1599,14.16,14.1579,14.16,2905,0
2017-11-24,18:15:00,14.16,14.16,14.16,14.16,100,0
2017-11-24,18:25:00,14.1552,14.16,14.1552,14.16,906,0
2017-11-24,18:40:00,14.15,14.15,14.1389,14.1389,2800,0
2017-11-24,18:45:00,14.14,14.14,14.12,14.12,1800,0
2017-11-24,18:50:00,14.115,14.12,14.11,14.1199,1336,0
2017-11-24,18:55:00,14.12,14.12,14.11,14.11,1074,0
2017-11-24,19:00:00,14.11,14.11,14.11,14.11,100,0
2017-11-24,19:05:00,14.1,14.1,14.1,14.1,633,0
2017-11-27,15:35:00,14.13,14.13,14.13,14.13,2436,0
2017-11-27,15:55:00,14.11,14.11,14.1,14.102,2600,0
2017-11-27,16:00:00,14.12,14.12,14.12,14.12,100,0
2017-11-27,16:15:00,14.12,14.12,14.1126,14.1126,1600,0
2017-11-27,16:20:00,14.12,14.12,14.12,14.12,309,0
2017-11-27,16:35:00,14.1,14.1,14.1,14.1,300,0
2017-11-27,17:15:00,14.1079,14.1079,14.1079,14.1079,500,0
2017-11-27,17:20:00,14.09,14.09,14.09,14.09,200,0
2017-11-27,17:25:00,14.09,14.09,14.09,14.09,3189,0
2017-11-27,17:30:00,14.09,14.09,14.09,14.09,600,0
2017-11-27,17:40:00,14.0842,14.0842,14.0842,14.0842,200,0
2017-11-27,17:55:00,14.085,14.085,14.085,14.085,200,0
2017-11-27,18:05:00,14.085,14.085,14.085,14.085,145,0
2017-11-27,18:10:00,14.08,14.09,14.08,14.09,1200,0
2017-11-27,18:15:00,14.085,14.09,14.085,14.085,2100,0
2017-11-27,18:20:00,14.09,14.1,14.09,14.0992,2300,0
2017-11-27,18:25:00,14.1,14.1,14.1,14.1,100,0
2017-11-27,18:30:00,14.1,14.1,14.1,14.1,100,0
2017-11-27,18:45:00,14.1,14.12,14.1,14.11,2800,0
2017-11-27,18:50:00,14.11,14.12,14.11,14.12,300,0
2017-11-27,18:55:00,14.1197,14.1197,14.1197,14.1197,250,0
2017-11-27,19:00:00,14.12,14.12,14.12,14.12,100,0
2017-11-27,19:05:00,14.12,14.12,14.12,14.12,100,0
2017-11-27,19:10:00,14.1173,14.1173,14.1173,14.1173,588,0
2017-11-27,19:20:00,14.115,14.1198,14.115,14.115,500,0
2017-11-27,19:25:00,14.11,14.12,14.11,14.12,2903,0
2017-11-27,19:30:00,14.115,14.1199,14.115,14.1199,300,0
2017-11-27,19:45:00,14.11,14.115,14.1,14.1092,1876,0
2017-11-27,19:50:00,14.1091,14.1091,14.1091,14.1091,133,0
2017-11-27,20:05:00,14.1,14.1011,14.09,14.09,5200,0
2017-11-27,20:10:00,14.095,14.0995,14.09,14.0992,700,0
2017-11-27,20:15:00,14.098,14.098,14.098,14.098,100,0
2017-11-27,20:20:00,14.1,14.1,14.1,14.1,240,0
2017-11-27,20:35:00,14.0858,14.0858,14.07,14.07,2588,0
2017-11-27,20:40:00,14.075,14.0793,14.075,14.0793,400,0
2017-11-27,20:45:00,14.075,14.08,14.075,14.075,2003,0
2017-11-27,20:50:00,14.075,14.0799,14.075,14.0799,2592,0
2017-11-27,20:55:00,14.075,14.08,14.075,14.08,200,0
2017-11-27,21:00:00,14.08,14.08,14.08,14.08,1100,0
2017-11-27,21:05:00,14.08,14.08,14.08,14.08,100,0
2017-11-27,21:10:00,14.08,14.09,14.07,14.09,2546,0
2017-11-27,21:15:00,14.09,14.09,14.0833,14.0833,2773,0
2017-11-27,21:20:00,14.09,14.09,14.0862,14.09,1438,0
2017-11-27,21:25:00,14.09,14.09,14.0801,14.0801,300,0
2017-11-27,21:30:00,14.08,14.085,14.07,14.075,7100,0
2017-11-27,21:35:00,14.075,14.08,14.075,14.08,961,0
2017-11-27,21:40:00,14.08,14.09,14.08,14.09,10000,0
2017-11-27,21:45:00,14.09,14.09,14.09,14.09,200,0
2017-11-27,21:50:00,14.09,14.09,14.081,14.0823,651,0
2017-11-27,21:55:00,14.08,14.08,14.08,14.08,713,0
2017-11-27,22:00:00,14.08,14.09,14.07,14.07,3521,0
2017-11-28,15:35:00,14.11,14.11,14.08,14.08,7645,0
2017-11-28,15:40:00,14.12,14.12,14.1178,14.12,3300,0
2017-11-28,15:45:00,14.1049,14.11,14.0964,14.0964,1870,0
2017-11-28,15:50:00,14.11,14.11,14.11,14.11,100,0
2017-11-28,15:55:00,14.11,14.11,14.11,14.11,100,0
2017-11-28,16:00:00,14.118,14.12,14.118,14.12,251,0
2017-11-28,16:05:00,14.1149,14.1149,14.1149,14.1149,100,0
2017-11-28,16:10:00,14.11,14.11,14.11,14.11,200,0
2017-11-28,16:15:00,14.11,14.11,14.11,14.11,200,0
2017-11-28,16:20:00,14.1191,14.12,14.1191,14.12,1463,0
2017-11-28,16:25:00,14.1195,14.1195,14.1195,14.1195,100,0
2017-11-28,16:30:00,14.1164,14.12,14.1164,14.12,1426,0
2017-11-28,16:40:00,14.12,14.12,14.12,14.12,900,0
2017-11-28,16:45:00,14.12,14.12,14.12,14.12,2400,0
2017-11-28,16:50:00,14.12,14.12,14.12,14.12,500,0
2017-11-28,16:55:00,14.12,14.12,14.12,14.12,200,0
2017-11-28,17:00:00,14.1194,14.12,14.1194,14.12,200,0
2017-11-28,17:05:00,14.12,14.12,14.1195,14.12,754,0
2017-11-28,17:10:00,14.1164,14.1164,14.1164,14.1164,177,0
2017-11-28,17:15:00,14.12,14.12,14.1147,14.12,3055,0
2017-11-28,17:20:00,14.12,14.12,14.12,14.12,100,0
2017-11-28,17:35:00,14.115,14.115,14.11,14.11,900,0
2017-11-28,17:40:00,14.12,14.12,14.119,14.119,1600,0
2017-11-28,17:45:00,14.1199,14.12,14.1199,14.12,546,0
2017-11-28,17:55:00,14.12,14.12,14.11,14.11,1480,0
2017-11-28,18:00:00,14.111,14.12,14.111,14.1135,688,0
2017-11-28,18:10:00,14.119,14.12,14.1182,14.12,2250,0
2017-11-28,18:15:00,14.1128,14.1128,14.1128,14.1128,935,0
2017-11-28,18:20:00,14.12,14.12,14.12,14.12,100,0
2017-11-28,18:30:00,14.1191,14.1191,14.1191,14.1191,100,0
2017-11-28,18:35:00,14.1109,14.1109,14.1109,14.1109,454,0
2017-11-28,18:40:00,14.12,14.12,14.12,14.12,100,0
2017-11-28,18:55:00,14.12,14.12,14.1191,14.1191,1900,0
2017-11-28,19:00:00,14.1161,14.12,14.1153,14.1153,1645,0
2017-11-28,19:05:00,14.12,14.12,14.1191,14.12,1050,0
2017-11-28,19:15:00,14.12,14.12,14.12,14.12,100,0
2017-11-28,19:20:00,14.12,14.12,14.12,14.12,354,0
2017-11-28,19:30:00,14.12,14.12,14.12,14.12,100,0
2017-11-28,19:50:00,14.12,14.12,14.12,14.12,100,0
2017-11-28,20:05:00,14.14,14.14,14.121,14.14,2100,0
2017-11-28,20:10:00,14.14,14.15,14.14,14.15,1153,0
2017-11-28,20:15:00,14.14,14.15,14.1301,14.1301,10953,0
2017-11-28,20:20:00,14.14,14.14,14.14,14.14,836,0
2017-11-28,20:25:00,14.14,14.14,14.14,14.14,100,0
2017-11-28,20:30:00,14.1482,14.1482,14.1364,14.1366,2943,0
2017-11-28,20:35:00,14.1438,14.15,14.1438,14.15,1632,0
2017-11-28,20:45:00,14.15,14.15,14.1435,14.1435,910,0
2017-11-28,20:50:00,14.15,14.15,14.15,14.15,100,0
2017-11-28,21:05:00,14.149,14.15,14.1457,14.15,500,0
2017-11-28,21:10:00,14.145,14.15,14.145,14.15,204,0
2017-11-28,21:15:00,14.14,14.14,14.14,14.14,1071,0
2017-11-28,21:25:00,14.141,14.15,14.1401,14.15,2252,0
2017-11-28,21:30:00,14.15,14.15,14.1499,14.15,2131,0
2017-11-28,21:40:00,14.15,14.15,14.1466,14.15,1936,0
2017-11-28,21:45:00,14.14,14.14,14.14,14.14,1600,0
2017-11-28,21:50:00,14.1302,14.1302,14.13,14.1301,7100,0
2017-11-28,21:55:00,14.13,14.14,14.13,14.14,2707,0
2017-11-28,22:00:00,14.135,14.14,14.13,14.14,1288,0
2017-11-29,15:35:00,14.12,14.12,14.1,14.1,8551,0
2017-11-29,15:40:00,14.1104,14.12,14.1,14.1,3521,0
2017-11-29,15:45:00,14.1,14.1,14.1,14.1,150,0
2017-11-29,15:50:00,14.098,14.098,14.098,14.098,2150,0
2017-11-29,15:55:00,14.08,14.08,14.08,14.08,657,0
2017-11-29,16:00:00,14.09,14.09,14.09,14.09,1000,0
2017-11-29,16:05:00,14.0668,14.0668,14.0668,14.0668,194,0
2017-11-29,16:15:00,14.0631,14.0631,14.0631,14.0631,770,0
2017-11-29,16:35:00,14.06,14.06,14.06,14.06,200,0
2017-11-29,16:45:00,14.0599,14.0599,14.053,14.053,200,0
2017-11-29,16:55:00,14.0699,14.0699,14.0699,14.0699,584,0
2017-11-29,17:00:00,14.0699,14.0699,14.0699,14.0699,100,0
2017-11-29,17:05:00,14.06,14.06,14.06,14.06,147,0
2017-11-29,17:40:00,14.0618,14.0618,14.0618,14.0618,110,0
2017-11-29,17:50:00,14.0694,14.0694,14.0694,14.0694,450,0
2017-11-29,17:55:00,14.07,14.08,14.0699,14.07,1614,0
2017-11-29,18:05:00,14.07,14.07,14.0699,14.0699,300,0
2017-11-29,18:10:00,14.07,14.07,14.07,14.07,1218,0
2017-11-29,18:20:00,14.063,14.065,14.06,14.065,1553,0
2017-11-29,18:25:00,14.0698,14.0698,14.0698,14.0698,400,0
2017-11-29,18:30:00,14.0698,14.0698,14.0638,14.0638,733,0
2017-11-29,18:35:00,14.0687,14.0687,14.0687,14.0687,141,0
2017-11-29,18:50:00,14.0699,14.0699,14.0699,14.0699,533,0
2017-11-29,18:55:00,14.0689,14.0689,14.065,14.065,644,0
2017-11-29,19:00:00,14.061,14.07,14.06,14.06,4766,0
2017-11-29,19:10:00,14.0534,14.06,14.0534,14.06,2259,0
2017-11-29,19:15:00,14.0599,14.06,14.0599,14.06,1640,0
2017-11-29,19:25:00,14.0594,14.0594,14.0594,14.0594,414,0
2017-11-29,19:30:00,14.0599,14.06,14.055,14.055,822,0
2017-11-29,19:35:00,14.0501,14.0501,14.0501,14.0501,156,0
2017-11-29,19:40:00,14.0547,14.06,14.0547,14.06,1631,0
2017-11-29,19:55:00,14.0584,14.0584,14.0584,14.0584,102,0
2017-11-29,20:00:00,14.055,14.055,14.0532,14.0532,800,0
2017-11-29,20:05:00,14.0565,14.0591,14.0565,14.0591,1678,0
2017-11-29,20:15:00,14.0501,14.0594,14.0501,14.0594,534,0
2017-11-29,20:20:00,14.0584,14.07,14.0584,14.06,2777,0
2017-11-29,20:35:00,14.06,14.07,14.06,14.06,3076,0
2017-11-29,20:40:00,14.07,14.07,14.0694,14.07,2131,0
2017-11-29,20:45:00,14.06,14.06,14.03,14.0306,8527,0
2017-11-29,20:50:00,14.04,14.04,14.03,14.03,800,0
2017-11-29,20:55:00,14.04,14.04,14.04,14.04,690,0
2017-11-29,21:30:00,14.0363,14.04,14.03,14.04,1049,0
2017-11-29,21:35:00,14.04,14.04,14.04,14.04,200,0
2017-11-29,21:40:00,14.0399,14.0399,14.03,14.0367,1795,0
2017-11-29,21:50:00,14.0307,14.0307,14.03,14.03,1692,0
2017-11-29,21:55:00,14.04,14.04,14.03,14.03,2840,0
2017-11-29,22:00:00,14.035,14.04,14.02,14.02,5962,0
2017-11-30,15:35:00,14.09,14.09,14.0741,14.09,11629,0
2017-11-30,15:40:00,14.09,14.09,14.09,14.09,900,0
2017-11-30,15:45:00,14.08,14.09,14.08,14.09,600,0
2017-11-30,15:50:00,14.0758,14.0758,14.0758,14.0758,1500,0
2017-11-30,15:55:00,14.09,14.09,14.0795,14.0795,400,0
2017-11-30,16:00:00,14.0863,14.0863,14.0751,14.0751,804,0
2017-11-30,16:15:00,14.08,14.089,14.08,14.08,3784,0
2017-11-30,16:20:00,14.07,14.07,14.0566,14.06,3506,0
2017-11-30,16:25:00,14.06,14.06,14.06,14.06,100,0
2017-11-30,16:35:00,14.05,14.05,14.05,14.05,1200,0
2017-11-30,16:45:00,14.04,14.0425,14.04,14.0425,1685,0
2017-11-30,16:50:00,14.044,14.0464,14.044,14.0464,1485,0
2017-11-30,16:55:00,14.0472,14.05,14.0472,14.05,2920,0
2017-11-30,17:05:00,14.05,14.05,14.05,14.05,100,0
2017-11-30,17:15:00,14.0401,14.0401,14.0401,14.0401,1634,0
2017-11-30,17:20:00,14.0401,14.0401,14.0401,14.0401,800,0
2017-11-30,17:25:00,14.04,14.0401,14.04,14.04,2900,0
2017-11-30,17:30:00,14.04,14.04,14.04,14.04,100,0
2017-11-30,17:35:00,14.039,14.039,14.039,14.039,400,0
2017-11-30,17:45:00,14.03,14.035,14.03,14.035,207,0
2017-11-30,17:50:00,14.039,14.039,14.039,14.039,392,0
2017-11-30,18:00:00,14.035,14.035,14.0301,14.0301,400,0
2017-11-30,18:05:00,14.035,14.035,14.0301,14.0301,667,0
2017-11-30,18:10:00,14.03,14.03,14.0037,14.0037,6031,0
2017-11-30,18:15:00,13.995,13.9955,13.99,13.9955,1150,0
2017-11-30,18:30:00,13.995,13.995,13.995,13.995,740,0
2017-11-30,18:40:00,13.99,13.99,13.99,13.99,100,0
2017-11-30,18:45:00,13.999,13.9999,13.99,13.999,1740,0
2017-11-30,18:50:00,14,14,13.99,13.99,658,0
2017-11-30,19:00:00,13.9999,13.9999,13.9992,13.9992,847,0
2017-11-30,19:05:00,14,14,14,14,100,0
2017-11-30,19:20:00,13.9973,13.9973,13.9957,13.9957,2334,0
2017-11-30,19:35:00,14,14,14,14,100,0
2017-11-30,19:55:00,14,14,13.996,13.996,900,0
2017-11-30,20:00:00,13.9935,13.9935,13.9935,13.9935,109,0
2017-11-30,20:10:00,13.9901,14.01,13.9901,14.01,2536,0
2017-11-30,20:15:00,14.01,14.01,14.0062,14.0062,2597,0
2017-11-30,20:20:00,14.01,14.01,14.01,14.01,100,0
2017-11-30,20:30:00,14.01,14.0138,14.01,14.0138,1676,0
2017-11-30,20:35:00,14.0147,14.0147,14.0063,14.0063,1292,0
2017-11-30,20:50:00,14.0084,14.0171,14.0084,14.0171,1575,0
2017-11-30,21:05:00,14.0028,14.0028,14.0028,14.0028,148,0
2017-11-30,21:15:00,14.01,14.01,14.0086,14.0086,278,0
2017-11-30,21:25:00,14.0064,14.007,14.0064,14.007,304,0
2017-11-30,21:30:00,14.005,14.005,14,14.005,1800,0
2017-11-30,21:35:00,14.0001,14.005,14.0001,14.0001,980,0
2017-11-30,21:50:00,14.005,14.0091,14.0034,14.0034,5052,0
2017-11-30,22:00:00,14.005,14.02,14,14.02,1320,0
2017-12-01,15:35:00,14.03,14.03,14.03,14.03,4564,0
2017-12-01,15:40:00,14.0502,14.0502,14.03,14.03,2702,0
2017-12-01,15:45:00,14.03,14.03,14.02,14.02,1717,0
2017-12-01,15:50:00,14.02,14.021,14.02,14.021,1000,0
2017-12-01,15:55:00,14.02,14.02,14.02,14.02,591,0
2017-12-01,16:05:00,14.01,14.02,14.01,14.02,3604,0
2017-12-01,16:15:00,14.0001,14.0001,14.0001,14.0001,234,0
2017-12-01,16:30:00,14.0001,14.0001,14,14,5496,0
2017-12-01,16:35:00,14,14,14,14,400,0
2017-12-01,16:40:00,14.01,14.01,14.01,14.01,600,0
2017-12-01,16:45:00,14.01,14.0156,14,14,5896,0
2017-12-01,16:50:00,14,14,14,14,883,0
2017-12-01,17:00:00,13.9962,14,13.9962,14,494,0
2017-12-01,17:05:00,13.99,13.9928,13.99,13.9928,2570,0
2017-12-01,17:10:00,14,14,14,14,1100,0
2017-12-01,17:15:00,13.99,13.9999,13.99,13.9999,1464,0
2017-12-01,17:20:00,13.9972,14,13.9972,14,1428,0
2017-12-01,17:30:00,13.9999,13.9999,13.99,13.99,528,0
2017-12-01,17:55:00,13.99,13.99,13.99,13.99,100,0
2017-12-01,18:00:00,13.9902,13.9945,13.9902,13.9945,956,0
2017-12-01,18:05:00,14,14,14,14,100,0
2017-12-01,18:30:00,14,14,13.997,13.997,11400,0
2017-12-01,18:35:00,14,14,13.9968,13.9968,3344,0
2017-12-01,18:40:00,14,14,13.9975,13.9975,300,0
2017-12-01,18:45:00,13.9901,14,13.9901,14,2000,0
2017-12-01,18:50:00,13.99,14,13.99,13.99,14638,0
2017-12-01,18:55:00,13.99,14,13.99,14,800,0
2017-12-01,19:00:00,13.99,13.99,13.985,13.985,1300,0
2017-12-01,19:10:00,13.985,13.99,13.985,13.99,512,0
2017-12-01,19:15:00,13.99,13.99,13.99,13.99,300,0
2017-12-01,19:20:00,13.985,13.99,13.985,13.99,900,0
2017-12-01,19:30:00,13.99,13.99,13.99,13.99,100,0
2017-12-01,19:35:00,13.99,13.99,13.99,13.99,238,0
2017-12-01,19:40:00,13.99,13.99,13.99,13.99,139,0
2017-12-01,19:45:00,13.99,14,13.99,13.9901,2782,0
2017-12-01,19:50:00,14,14,13.9928,13.999,1781,0
2017-12-01,19:55:00,14,14,14,14,280,0
2017-12-01,20:00:00,14,14,14,14,947,0
2017-12-01,20:10:00,13.995,14,13.995,14,353,0
2017-12-01,20:15:00,14,14,14,14,357,0
2017-12-01,20:25:00,13.9924,13.9924,13.9924,13.9924,2100,0
2017-12-01,20:30:00,13.9999,13.9999,13.9999,13.9999,275,0
2017-12-01,20:35:00,14,14,13.9967,14,1840,0
2017-12-01,20:45:00,13.9992,13.9992,13.9992,13.9992,450,0
2017-12-01,20:50:00,14,14,14,14,100,0
2017-12-01,20:55:00,13.995,13.9999,13.9924,13.9972,1332,0
2017-12-01,21:00:00,13.99,13.99,13.99,13.99,1500,0
2017-12-01,21:10:00,13.985,13.99,13.985,13.99,200,0
2017-12-01,21:15:00,13.98,13.9864,13.98,13.9846,4334,0
2017-12-01,21:20:00,13.99,13.99,13.99,13.99,100,0
2017-12-01,21:25:00,13.98,13.98,13.975,13.9797,5709,0
2017-12-01,21:30:00,13.975,13.98,13.97,13.98,2002,0
2017-12-01,21:35:00,13.99,13.99,13.9866,13.99,858,0
2017-12-01,21:40:00,13.99,13.99,13.9896,13.9896,1185,0
2017-12-01,21:45:00,13.985,13.99,13.985,13.99,749,0
2017-12-01,21:50:00,13.9857,13.99,13.9842,13.99,1984,0
2017-12-01,21:55:00,13.9866,13.99,13.96,13.96,9155,0
2017-12-01,22:00:00,13.955,13.96,13.955,13.96,1768,0
2017-12-04,15:35:00,13.96,14.05,13.96,14.05,4140,0
2017-12-04,15:45:00,13.9602,13.9602,13.95,13.9602,9162,0
2017-12-04,15:50:00,13.9799,13.9799,13.95,13.95,3300,0
2017-12-04,16:05:00,13.9451,13.9451,13.9451,13.9451,1180,0
2017-12-04,16:15:00,13.94,13.94,13.94,13.94,100,0
2017-12-04,16:20:00,13.95,13.95,13.94,13.9487,530,0
2017-12-04,16:25:00,13.9406,13.9406,13.9406,13.9406,116,0
2017-12-04,16:35:00,13.9499,13.95,13.94,13.94,4327,0
2017-12-04,16:45:00,13.93,13.9305,13.93,13.93,800,0
2017-12-04,16:50:00,13.93,13.95,13.93,13.95,200,0
2017-12-04,16:55:00,13.9438,13.9438,13.9438,13.9438,1000,0
2017-12-04,17:00:00,13.95,13.95,13.9424,13.9424,203,0
2017-12-04,17:05:00,13.95,13.95,13.95,13.95,1100,0
2017-12-04,17:15:00,13.94,13.94,13.94,13.94,100,0
2017-12-04,17:25:00,13.9468,13.95,13.9468,13.95,500,0
2017-12-04,17:35:00,13.95,13.9528,13.941,13.941,1200,0
2017-12-04,17:40:00,13.94,13.9405,13.94,13.9405,600,0
2017-12-04,17:50:00,13.95,13.95,13.94,13.94,7300,0
2017-12-04,17:55:00,13.95,13.95,13.95,13.95,317,0
2017-12-04,18:00:00,13.94,13.95,13.94,13.9499,4300,0
2017-12-04,18:10:00,13.9493,13.95,13.9493,13.95,3360,0
2017-12-04,18:25:00,13.945,13.9479,13.945,13.9479,1984,0
2017-12-04,18:30:00,13.95,13.95,13.94,13.945,4400,0
2017-12-04,18:35:00,13.9464,13.95,13.9464,13.95,2233,0
2017-12-04,18:40:00,13.949,13.95,13.94,13.9492,3842,0
2017-12-04,18:45:00,13.9499,13.95,13.9499,13.95,700,0
2017-12-04,18:50:00,13.95,13.95,13.9499,13.9499,458,0
2017-12-04,18:55:00,13.945,13.95,13.94,13.94,7302,0
2017-12-04,19:00:00,13.94,13.94,13.94,13.94,400,0
2017-12-04,19:05:00,13.94,13.94,13.94,13.94,100,0
2017-12-04,19:15:00,13.935,13.935,13.935,13.935,100,0
2017-12-04,19:20:00,13.931,13.94,13.931,13.94,600,0
2017-12-04,19:25:00,13.94,13.96,13.935,13.96,2700,0
2017-12-04,19:35:00,13.9599,13.96,13.955,13.955,1959,0
2017-12-04,19:40:00,13.9599,13.9599,13.9548,13.955,1642,0
2017-12-04,19:50:00,13.955,13.955,13.955,13.955,100,0
2017-12-04,19:55:00,13.955,13.9599,13.955,13.9599,2160,0
2017-12-04,20:00:00,13.9573,13.9601,13.955,13.96,14174,0
2017-12-04,20:05:00,13.96,13.9601,13.94,13.94,33356,0
2017-12-04,20:10:00,13.94,13.9491,13.94,13.94,7439,0
2017-12-04,20:15:00,13.9479,13.95,13.9479,13.9493,552,0
2017-12-04,20:20:00,13.945,13.95,13.94,13.94,3638,0
2017-12-04,20:30:00,13.94,13.9401,13.94,13.9401,1645,0
2017-12-04,20:35:00,13.9401,13.95,13.93,13.93,6500,0
2017-12-04,20:40:00,13.94,13.94,13.93,13.93,6890,0
2017-12-04,20:45:00,13.93,13.93,13.93,13.93,4956,0
2017-12-04,20:50:00,13.9266,13.9266,13.9266,13.9266,1225,0
2017-12-04,20:55:00,13.93,13.93,13.9216,13.9267,4957,0
2017-12-04,21:00:00,13.92,13.93,13.92,13.92,1404,0
2017-12-04,21:05:00,13.9267,13.9267,13.9267,13.9267,1000,0
2017-12-04,21:10:00,13.93,13.93,13.93,13.93,3971,0
2017-12-04,21:15:00,13.93,13.9301,13.93,13.9301,8400,0
2017-12-04,21:20:00,13.935,13.935,13.935,13.935,100,0
2017-12-04,21:25:00,13.9335,13.94,13.9333,13.9333,1800,0
2017-12-04,21:30:00,13.935,13.94,13.9325,13.94,3894,0
2017-12-04,21:45:00,13.9434,13.9434,13.9434,13.9434,439,0
2017-12-04,21:50:00,13.95,13.95,13.95,13.95,100,0
2017-12-04,21:55:00,13.95,13.95,13.94,13.94,4029,0
2017-12-04,22:00:00,13.9468,13.95,13.94,13.95,33208,0
2017-12-05,15:35:00,13.96,13.97,13.96,13.97,5831,0
2017-12-05,15:40:00,13.9301,13.96,13.9301,13.9301,5494,0
2017-12-05,15:45:00,13.9301,13.9301,13.925,13.925,3072,0
2017-12-05,15:50:00,13.93,13.93,13.93,13.93,600,0
2017-12-05,15:55:00,13.925,13.93,13.925,13.93,200,0
2017-12-05,16:00:00,13.925,13.93,13.925,13.93,300,0
2017-12-05,16:05:00,13.93,13.96,13.93,13.942,5057,0
2017-12-05,16:10:00,13.96,13.96,13.9467,13.9467,552,0
2017-12-05,16:15:00,13.9599,13.96,13.94,13.94,2831,0
2017-12-05,16:20:00,13.93,13.94,13.93,13.94,900,0
2017-12-05,16:25:00,13.9331,13.939,13.93,13.937,1368,0
2017-12-05,16:30:00,13.9368,13.9368,13.9368,13.9368,500,0
2017-12-05,16:35:00,13.93,13.937,13.93,13.937,2914,0
2017-12-05,16:40:00,13.935,13.935,13.93,13.93,4200,0
2017-12-05,16:45:00,13.9336,13.94,13.9325,13.9325,3165,0
2017-12-05,16:55:00,13.93,13.931,13.93,13.931,915,0
2017-12-05,17:05:00,13.94,13.94,13.94,13.94,100,0
2017-12-05,17:20:00,13.9399,13.9399,13.9399,13.9399,1060,0
2017-12-05,17:35:00,13.93,13.93,13.93,13.93,5425,0
2017-12-05,17:40:00,13.935,13.935,13.935,13.935,100,0
2017-12-05,17:45:00,13.935,13.935,13.93,13.9333,7500,0
2017-12-05,17:55:00,13.93,13.93,13.93,13.93,796,0
2017-12-05,18:00:00,13.93,13.93,13.93,13.93,1807,0
2017-12-05,18:05:00,13.937,13.937,13.937,13.937,1000,0
2017-12-05,18:15:00,13.935,13.935,13.935,13.935,100,0
2017-12-05,18:30:00,13.935,13.94,13.935,13.935,700,0
2017-12-05,18:40:00,13.94,13.94,13.93,13.9301,867,0
2017-12-05,18:45:00,13.94,13.94,13.9366,13.9366,1100,0
2017-12-05,18:50:00,13.935,13.935,13.935,13.935,100,0
2017-12-05,18:55:00,13.94,13.94,13.935,13.94,2500,0
2017-12-05,19:00:00,13.9367,13.94,13.935,13.94,1232,0
2017-12-05,19:05:00,13.936,13.936,13.936,13.936,1000,0
2017-12-05,19:10:00,13.94,13.94,13.94,13.94,400,0
2017-12-05,19:15:00,13.94,13.94,13.94,13.94,200,0
2017-12-05,19:20:00,13.9499,13.9499,13.9499,13.9499,100,0
2017-12-05,19:25:00,13.9499,13.95,13.9499,13.95,350,0
2017-12-05,19:35:00,13.95,13.95,13.95,13.95,225,0
2017-12-05,19:40:00,13.9407,13.95,13.9407,13.95,615,0
2017-12-05,19:45:00,13.941,13.941,13.931,13.9392,12763,0
2017-12-05,19:50:00,13.9399,13.9399,13.93,13.93,6544,0
2017-12-05,19:55:00,13.93,13.9376,13.93,13.9376,6347,0
2017-12-05,20:00:00,13.9399,13.9399,13.9399,13.9399,360,0
2017-12-05,20:05:00,13.94,13.94,13.94,13.94,100,0
2017-12-05,20:10:00,13.935,13.935,13.93,13.93,7228,0
2017-12-05,20:15:00,13.93,13.93,13.927,13.9292,1330,0
2017-12-05,20:20:00,13.93,13.93,13.93,13.93,397,0
2017-12-05,20:25:00,13.9292,13.9292,13.9292,13.9292,200,0
2017-12-05,20:30:00,13.93,13.93,13.9294,13.93,506,0
2017-12-05,20:35:00,13.93,13.93,13.93,13.93,300,0
2017-12-05,20:40:00,13.93,13.93,13.9277,13.9299,1244,0
2017-12-05,20:45:00,13.925,13.93,13.925,13.93,906,0
2017-12-05,20:50:00,13.93,13.94,13.93,13.935,1800,0
2017-12-05,20:55:00,13.9399,13.94,13.9399,13.94,1100,0
2017-12-05,21:00:00,13.9376,13.94,13.937,13.9392,400,0
2017-12-05,21:05:00,13.9431,13.95,13.9431,13.95,214,0
2017-12-05,21:10:00,13.9401,13.9401,13.9401,13.9401,313,0
2017-12-05,21:15:00,13.945,13.945,13.93,13.93,3700,0
2017-12-05,21:20:00,13.925,13.93,13.925,13.9294,6553,0
2017-12-05,21:25:00,13.9299,13.93,13.9234,13.93,2406,0
2017-12-05,21:30:00,13.9299,13.94,13.927,13.93,5908,0
2017-12-05,21:35:00,13.945,13.945,13.93,13.93,11634,0
2017-12-05,21:40:00,13.93,13.9301,13.923,13.93,8985,0
2017-12-05,21:45:00,13.93,13.94,13.93,13.93,15781,0
2017-12-05,21:50:00,13.935,13.9395,13.93,13.9353,13023,0
2017-12-05,21:55:00,13.9301,13.935,13.915,13.92,12191,0
2017-12-05,22:00:00,13.915,13.92,13.89,13.89,8961,0
2017-12-06,15:35:00,13.94,13.94,13.94,13.94,5094,0
2017-12-06,15:40:00,13.98,13.98,13.9353,13.98,1901,0
2017-12-06,15:45:00,13.98,13.98,13.98,13.98,539,0
2017-12-06,15:50:00,13.9567,13.9671,13.9567,13.9671,378,0
2017-12-06,15:55:00,13.97,13.97,13.94,13.94,7221,0
2017-12-06,16:00:00,13.955,13.97,13.94,13.95,2599,0
2017-12-06,16:05:00,13.9499,13.95,13.947,13.95,1400,0
2017-12-06,16:10:00,13.947,13.95,13.947,13.95,700,0
2017-12-06,16:15:00,13.947,13.95,13.93,13.935,15500,0
2017-12-06,16:20:00,13.93,13.94,13.93,13.9392,1300,0
2017-12-06,16:25:00,13.93,13.9378,13.927,13.9292,6805,0
2017-12-06,16:30:00,13.92,13.93,13.92,13.92,2700,0
2017-12-06,16:35:00,13.92,13.95,13.92,13.95,1500,0
2017-12-06,16:40:00,13.95,13.9501,13.95,13.95,7680,0
2017-12-06,16:45:00,13.947,13.9499,13.947,13.9492,300,0
2017-12-06,16:50:00,13.9499,13.95,13.9286,13.9286,5701,0
2017-12-06,16:55:00,13.93,13.93,13.9299,13.93,500,0
2017-12-06,17:00:00,13.927,13.9292,13.927,13.9292,200,0
2017-12-06,17:05:00,13.93,13.93,13.9296,13.9296,700,0
2017-12-06,17:10:00,13.93,13.94,13.9299,13.94,1000,0
2017-12-06,17:15:00,13.937,13.9399,13.93,13.93,2600,0
2017-12-06,17:20:00,13.93,13.93,13.929,13.93,1528,0
2017-12-06,17:25:00,13.94,13.94,13.94,13.94,400,0
2017-12-06,17:30:00,13.9302,13.9302,13.9234,13.9234,8705,0
2017-12-06,17:35:00,13.93,13.93,13.927,13.9292,1100,0
2017-12-06,17:40:00,13.93,13.94,13.93,13.94,1100,0
2017-12-06,17:45:00,13.94,13.94,13.94,13.94,300,0
2017-12-06,17:50:00,13.95,13.95,13.95,13.95,100,0
2017-12-06,18:00:00,13.9301,13.9301,13.93,13.93,2381,0
2017-12-06,18:10:00,13.93,13.95,13.927,13.9292,13847,0
2017-12-06,18:15:00,13.9293,13.9293,13.927,13.9292,300,0
2017-12-06,18:20:00,13.9293,13.9293,13.927,13.9292,900,0
2017-12-06,18:25:00,13.93,13.93,13.925,13.93,10282,0
2017-12-06,18:30:00,13.93,13.93,13.917,13.9192,4150,0
2017-12-06,18:35:00,13.92,13.92,13.9199,13.92,500,0
2017-12-06,18:40:00,13.9141,13.92,13.9141,13.92,605,0
2017-12-06,18:50:00,13.92,13.92,13.914,13.914,467,0
2017-12-06,18:55:00,13.919,13.92,13.917,13.92,4400,0
2017-12-06,19:00:00,13.93,13.93,13.93,13.93,100,0
2017-12-06,19:05:00,13.92,13.93,13.92,13.93,1100,0
2017-12-06,19:10:00,13.93,13.93,13.93,13.93,600,0
2017-12-06,19:15:00,13.925,13.93,13.92,13.92,7742,0
2017-12-06,19:20:00,13.93,13.93,13.927,13.93,1500,0
2017-12-06,19:25:00,13.925,13.93,13.92,13.9201,1612,0
2017-12-06,19:35:00,13.93,13.93,13.925,13.925,731,0
2017-12-06,19:40:00,13.93,13.93,13.927,13.93,2529,0
2017-12-06,19:45:00,13.93,13.94,13.9283,13.94,1687,0
2017-12-06,19:55:00,13.95,13.95,13.93,13.9359,2286,0
2017-12-06,20:00:00,13.9305,13.9305,13.92,13.93,9511,0
2017-12-06,20:05:00,13.92,13.92,13.92,13.92,940,0
2017-12-06,20:10:00,13.9231,13.9231,13.9231,13.9231,311,0
2017-12-06,20:20:00,13.93,13.93,13.925,13.925,200,0
2017-12-06,20:25:00,13.923,13.9253,13.92,13.9223,1677,0
2017-12-06,20:30:00,13.93,13.93,13.93,13.93,100,0
2017-12-06,20:35:00,13.93,13.93,13.9206,13.9294,3785,0
2017-12-06,20:40:00,13.9229,13.93,13.9201,13.921,2686,0
2017-12-06,20:45:00,13.9272,13.9272,13.9269,13.9269,1674,0
2017-12-06,20:50:00,13.93,13.93,13.93,13.93,300,0
2017-12-06,20:55:00,13.93,13.93,13.93,13.93,100,0
2017-12-06,21:00:00,13.93,13.935,13.93,13.93,1301,0
2017-12-06,21:05:00,13.93,13.94,13.93,13.94,300,0
2017-12-06,21:10:00,13.936,13.936,13.936,13.936,500,0
2017-12-06,21:15:00,13.935,13.94,13.935,13.94,900,0
2017-12-06,21:25:00,13.9394,13.9394,13.9394,13.9394,340,0
2017-12-06,21:30:00,13.94,13.94,13.94,13.94,200,0
2017-12-06,21:35:00,13.94,13.94,13.94,13.94,200,0
2017-12-06,21:40:00,13.94,13.95,13.94,13.95,3918,0
2017-12-06,21:45:00,13.95,13.95,13.95,13.95,1800,0
2017-12-06,21:50:00,13.95,13.9699,13.9434,13.95,24182,0
2017-12-06,21:55:00,13.95,13.95,13.94,13.95,500,0
2017-12-06,22:00:00,13.95,13.95,13.93,13.93,1942,0
