Date,Time,Open,High,Low,Close,Volume,OpenInt
2016-09-02,15:35:00,24.455,24.455,24.455,24.455,325,0
2016-09-02,15:50:00,24.455,24.455,24.455,24.455,110,0
2016-09-02,16:15:00,24.594,24.594,24.594,24.594,218,0
2016-09-02,16:50:00,24.594,24.594,24.594,24.594,218,0
2016-09-02,17:00:00,24.594,24.673,24.594,24.673,1088,0
2016-09-02,20:15:00,24.594,24.594,24.594,24.594,179,0
2016-09-06,16:20:00,24.455,24.455,24.455,24.455,1306,0
2016-09-06,19:25:00,24.273,24.273,24.273,24.273,325,0
2016-09-06,19:40:00,24.259,24.272,24.259,24.272,325,0
2016-09-06,21:50:00,24.144,24.199,24.144,24.179,2169,0
2016-09-09,16:30:00,24.778,24.778,24.098,24.098,435,0
2016-09-09,16:45:00,24.444,24.444,24.444,24.444,218,0
2016-09-12,16:40:00,24.179,24.179,24.179,24.179,1088,0
2016-09-12,21:55:00,24.235,24.235,24.235,24.235,1088,0
2016-09-14,15:35:00,24.144,24.144,24.144,24.144,330,0
2016-09-14,21:00:00,24.273,24.273,24.254,24.254,1088,0
2016-09-14,21:30:00,24.254,24.254,24.244,24.244,461,0
2016-09-16,16:10:00,24.584,24.584,24.584,24.584,120,0
2016-09-16,19:50:00,24.144,24.144,24.144,24.144,435,0
2016-09-16,20:00:00,24.134,24.134,24.134,24.134,330,0
2016-09-16,21:15:00,24.144,24.144,24.144,24.144,1088,0
2016-09-16,22:00:00,24.225,24.225,24.225,24.225,218,0
2016-09-19,18:35:00,24.134,24.134,24.134,24.134,110,0
2016-09-19,20:15:00,24.144,24.144,24.144,24.144,218,0
2016-09-20,17:50:00,24.364,24.364,24.364,24.364,218,0
2016-09-20,18:20:00,24.273,24.273,24.273,24.273,870,0
2016-09-20,20:45:00,24.364,24.364,24.364,24.364,435,0
2016-09-21,16:55:00,24.134,24.134,24.134,24.134,1631,0
2016-09-21,17:10:00,24.768,24.768,24.526,24.526,1088,0
2016-09-22,16:30:00,24.208,24.208,24.208,24.208,218,0
2016-09-22,20:55:00,24.254,24.273,24.254,24.273,2067,0
2016-09-22,21:25:00,24.254,24.254,24.254,24.254,110,0
2016-09-26,17:55:00,24.226,24.226,24.115,24.115,870,0
2016-09-26,18:00:00,24.217,24.217,24.106,24.106,984,0
2016-09-27,21:30:00,24.146,24.146,24.146,24.146,218,0
2016-09-28,16:50:00,24.134,24.134,24.134,24.134,545,0
2016-09-28,21:00:00,24.134,24.265,24.134,24.134,653,0
2016-09-28,21:50:00,24.134,24.134,24.098,24.098,2174,0
2016-09-29,18:25:00,24.179,24.179,24.179,24.179,110,0
2016-09-29,19:00:00,24.189,24.189,24.098,24.098,1631,0
2016-09-30,15:35:00,24.098,24.098,24.098,24.098,435,0
2016-09-30,17:30:00,24.274,24.274,24.274,24.274,507,0
2016-09-30,21:30:00,24.098,24.134,24.098,24.098,816,0
2016-09-30,21:35:00,24.098,24.098,24.098,24.098,110,0
2016-10-03,16:50:00,24.134,24.372,24.134,24.372,653,0
2016-10-03,17:30:00,24.179,24.179,24.179,24.179,218,0
2016-10-05,21:55:00,24.162,24.162,24.098,24.098,1631,0
2016-10-06,19:20:00,24.115,24.115,24.098,24.098,325,0
2016-10-06,19:25:00,24.098,24.098,24.098,24.098,218,0
2016-10-06,22:00:00,24.133,24.134,24.115,24.127,2185,0
2016-10-07,15:40:00,24.134,24.134,24.134,24.134,653,0
2016-10-07,15:50:00,24.364,24.364,24.364,24.364,550,0
2016-10-07,17:25:00,24.153,24.153,24.153,24.153,1631,0
2016-10-07,20:40:00,24.225,24.225,24.225,24.225,218,0
2016-10-07,21:50:00,24.225,24.225,24.225,24.225,218,0
2016-10-11,18:25:00,24.264,24.264,24.264,24.264,508,0
2016-10-11,19:10:00,24.266,24.266,24.266,24.266,193,0
2016-10-11,19:40:00,24.27,24.27,24.27,24.27,270,0
2016-10-11,19:45:00,24.273,24.273,24.264,24.273,545,0
2016-10-11,19:50:00,24.273,24.273,24.232,24.232,435,0
2016-10-11,19:55:00,24.232,24.232,24.232,24.232,245,0
2016-10-12,21:55:00,24.089,24.089,24.042,24.042,653,0
2016-10-14,15:35:00,23.904,23.904,23.904,23.904,110,0
2016-10-14,15:40:00,23.794,23.794,23.785,23.794,325,0
2016-10-17,15:55:00,23.858,23.858,23.858,23.858,653,0
2016-10-17,19:20:00,24.019,24.019,24.019,24.019,435,0
2016-10-17,20:30:00,23.904,23.904,23.904,23.904,978,0
2016-10-19,15:35:00,23.077,23.077,23.077,23.077,1414,0
2016-10-19,17:50:00,23.573,23.573,23.556,23.556,2018,0
2016-10-21,15:35:00,24.162,24.319,24.162,24.319,545,0
2016-10-21,16:20:00,23.637,23.637,23.637,23.637,1088,0
2016-10-24,16:10:00,24.363,24.363,24.356,24.356,1027,0
2016-10-24,16:55:00,23.996,23.996,23.996,23.996,815,0
2016-10-24,21:30:00,23.994,23.994,23.994,23.994,870,0
2016-10-26,17:00:00,23.582,23.582,23.582,23.582,110,0
2016-10-26,17:15:00,23.582,23.582,23.582,23.582,435,0
2016-10-26,17:25:00,23.942,23.942,23.942,23.942,110,0
2016-10-26,20:10:00,24.082,24.082,24.082,24.082,653,0
2016-10-27,15:35:00,23.904,23.904,23.904,23.904,1794,0
2016-10-27,18:25:00,23.886,23.886,23.886,23.886,218,0
2016-10-28,20:10:00,23.601,23.601,23.582,23.582,1306,0
2016-11-02,15:20:00,23.721,23.721,23.721,23.721,218,0
2016-11-02,17:55:00,23.996,23.996,23.776,23.776,545,0
2016-11-02,18:15:00,23.904,23.904,23.904,23.904,435,0
2016-11-02,18:25:00,23.904,23.904,23.904,23.904,1739,0
2016-11-03,16:05:00,23.725,23.725,23.725,23.725,283,0
2016-11-03,17:45:00,23.859,23.859,23.859,23.859,206,0
2016-11-03,18:25:00,23.904,23.904,23.904,23.904,435,0
2016-11-04,19:00:00,23.895,23.895,23.895,23.895,110,0
2016-11-07,15:35:00,23.187,23.445,23.187,23.445,1088,0
2016-11-07,17:40:00,24.069,24.069,24.069,24.069,653,0
2016-11-07,17:45:00,23.996,24.068,23.996,23.996,3698,0
2016-11-07,18:10:00,23.987,23.996,23.987,23.996,545,0
2016-11-07,18:40:00,24.032,24.032,23.996,23.996,2171,0
2016-11-07,19:50:00,23.996,24.005,23.675,23.675,1359,0
2016-11-07,20:15:00,23.738,23.812,23.737,23.737,435,0
2016-11-08,16:10:00,23.858,23.858,23.858,23.858,110,0
2016-11-09,16:05:00,23.445,23.445,23.445,23.445,1631,0
2016-11-09,16:15:00,23.445,23.446,23.445,23.446,2719,0
2016-11-09,16:35:00,23.352,23.352,23.352,23.352,545,0
2016-11-09,18:20:00,24.052,24.052,24.052,24.052,140,0
2016-11-09,20:50:00,23.812,23.812,23.812,23.812,230,0
2016-11-09,22:00:00,23.721,23.721,23.721,23.721,870,0
2016-11-10,17:40:00,23.924,23.924,23.924,23.924,1069,0
2016-11-10,20:25:00,25.166,25.166,25.143,25.143,727,0
2016-11-11,19:55:00,24.314,24.314,24.314,24.314,320,0
2016-11-11,20:25:00,23.781,23.879,23.752,23.879,1069,0
2016-11-11,20:30:00,23.827,23.827,23.827,23.827,108,0
2016-11-11,20:40:00,23.752,23.752,23.752,23.752,108,0
2016-11-11,22:00:00,23.613,23.613,23.613,23.613,108,0
2016-11-14,19:10:00,23.603,23.674,23.565,23.636,748,0
2016-11-14,21:45:00,25.127,25.127,25.127,25.127,231,0
2016-11-15,21:55:00,23.613,23.613,23.613,23.613,108,0
2016-11-17,17:15:00,23.902,23.902,23.855,23.874,748,0
2016-11-17,20:45:00,23.855,23.855,23.846,23.846,1123,0
2016-11-17,22:00:00,23.846,23.846,23.846,23.846,108,0
2016-11-18,17:15:00,23.846,23.846,23.846,23.846,428,0
2016-11-18,18:00:00,23.752,23.752,23.752,23.752,535,0
2016-11-18,18:15:00,23.752,23.752,23.752,23.752,856,0
2016-11-18,20:40:00,23.758,23.758,23.758,23.758,213,0
2016-11-18,21:50:00,23.659,23.659,23.659,23.659,1604,0
2016-11-22,15:55:00,23.939,23.939,23.939,23.939,1497,0
2016-11-22,19:05:00,23.771,23.771,23.677,23.684,1069,0
2016-11-22,19:50:00,23.771,23.771,23.771,23.771,535,0
2016-11-22,20:10:00,23.846,23.846,23.846,23.846,108,0
2016-11-22,20:25:00,23.855,23.855,23.855,23.855,108,0
2016-11-23,19:00:00,23.659,23.659,23.659,23.659,428,0
2016-11-23,20:00:00,23.687,23.687,23.687,23.687,535,0
2016-11-23,20:15:00,23.659,23.659,23.659,23.659,641,0
2016-11-23,21:00:00,23.613,23.613,23.613,23.613,213,0
2016-11-23,21:55:00,23.472,23.472,23.472,23.472,108,0
2016-11-23,22:00:00,23.518,23.518,23.518,23.518,213,0
2016-11-25,15:55:00,23.518,23.518,23.472,23.482,1443,0
2016-11-25,16:15:00,23.509,23.509,23.509,23.509,108,0
2016-11-25,16:25:00,23.482,23.482,23.482,23.482,108,0
2016-11-25,16:45:00,23.482,23.482,23.472,23.472,266,0
2016-11-25,17:20:00,23.491,23.491,23.491,23.491,266,0
2016-11-25,17:25:00,23.518,23.518,23.518,23.518,213,0
2016-11-25,17:55:00,23.518,23.518,23.518,23.518,108,0
2016-11-25,18:00:00,23.517,23.518,23.472,23.472,535,0
2016-11-25,18:30:00,23.444,23.444,23.425,23.425,213,0
2016-11-28,16:35:00,23.706,23.706,23.706,23.706,108,0
2016-11-28,21:20:00,23.472,23.482,23.472,23.472,963,0
2016-11-28,21:40:00,23.472,23.472,23.444,23.444,535,0
2016-11-28,21:50:00,23.509,23.565,23.474,23.565,1283,0
2016-11-29,16:10:00,23.613,23.613,23.613,23.613,213,0
2016-11-29,17:00:00,23.5,23.5,23.425,23.435,1550,0
2016-11-29,17:50:00,23.388,23.388,23.379,23.379,1177,0
2016-11-29,18:55:00,23.425,23.425,23.379,23.379,1069,0
2016-11-29,19:05:00,23.518,23.518,23.518,23.518,213,0
2016-11-29,20:15:00,23.613,23.613,23.613,23.613,108,0
2016-11-29,20:50:00,23.613,23.613,23.613,23.613,213,0
2016-11-29,21:35:00,23.565,23.565,23.472,23.472,727,0
2016-11-30,15:50:00,23.397,23.397,23.397,23.397,108,0
2016-11-30,19:10:00,23.559,23.559,23.559,23.559,108,0
2016-11-30,20:10:00,23.565,23.565,23.565,23.565,108,0
2016-11-30,20:50:00,23.472,23.472,23.388,23.388,320,0
2016-11-30,21:35:00,23.379,23.379,23.379,23.379,1069,0
2016-11-30,22:00:00,23.379,23.472,23.379,23.472,535,0
2016-12-01,15:45:00,23.379,23.379,23.379,23.379,1177,0
2016-12-01,16:25:00,23.379,23.379,23.379,23.379,108,0
2016-12-01,17:05:00,23.388,23.388,23.388,23.388,213,0
2016-12-01,17:25:00,23.435,23.435,23.35,23.355,4064,0
2016-12-01,20:20:00,23.528,23.528,23.528,23.528,108,0
2016-12-01,21:55:00,23.406,23.406,23.379,23.379,213,0
2016-12-02,17:55:00,23.813,23.813,23.813,23.813,314,0
2016-12-02,21:10:00,23.627,23.627,23.627,23.627,108,0
2016-12-02,22:00:00,23.379,23.379,23.379,23.379,108,0
2016-12-05,17:35:00,23.379,23.406,23.379,23.388,963,0
2016-12-05,21:45:00,23.379,23.379,23.379,23.379,213,0
2016-12-06,16:30:00,23.435,23.435,23.435,23.435,428,0
2016-12-06,20:30:00,23.596,23.596,23.596,23.596,1069,0
2016-12-06,21:55:00,23.615,23.615,23.615,23.615,535,0
2016-12-08,16:15:00,23.725,23.752,23.654,23.752,748,0
2016-12-08,19:40:00,23.557,23.565,23.557,23.565,213,0
2016-12-08,21:40:00,23.565,23.565,23.565,23.565,199,0
2016-12-12,15:35:00,23.248,23.248,23.248,23.248,296,0
2016-12-12,19:50:00,23.284,23.284,23.284,23.284,213,0
2016-12-12,21:55:00,23.435,23.435,23.435,23.435,136,0
2016-12-13,16:35:00,23.603,23.603,23.603,23.603,213,0
2016-12-13,18:40:00,23.472,23.472,23.472,23.472,535,0
2016-12-13,19:20:00,23.574,23.574,23.574,23.574,320,0
2016-12-13,19:40:00,23.574,23.574,23.574,23.574,213,0
2016-12-13,20:30:00,23.574,23.574,23.482,23.482,374,0
2016-12-13,20:35:00,23.472,23.472,23.425,23.425,1765,0
2016-12-14,16:20:00,23.472,23.472,23.388,23.388,1069,0
2016-12-14,21:15:00,23.565,23.565,23.565,23.565,213,0
2016-12-14,21:25:00,23.565,23.565,23.565,23.565,535,0
2016-12-15,16:35:00,23.552,23.552,23.552,23.552,213,0
2016-12-15,17:10:00,23.565,23.565,23.565,23.565,641,0
2016-12-15,18:30:00,23.685,23.685,23.685,23.685,748,0
2016-12-15,18:40:00,23.565,23.565,23.565,23.565,108,0
2016-12-15,19:10:00,23.565,23.565,23.565,23.565,213,0
2016-12-16,15:50:00,23.565,23.565,23.565,23.565,108,0
2016-12-16,16:00:00,23.472,23.472,23.472,23.472,428,0
2016-12-16,16:05:00,23.976,23.976,23.976,23.976,121,0
2016-12-16,21:40:00,23.612,23.612,23.612,23.612,748,0
2016-12-19,18:40:00,23.613,23.613,23.613,23.613,1069,0
2016-12-19,19:40:00,23.406,23.406,23.406,23.406,310,0
2016-12-20,16:10:00,23.379,23.706,23.238,23.522,2888,0
2016-12-21,17:15:00,24.09,24.09,24.09,24.09,320,0
2016-12-21,20:20:00,23.574,23.574,23.472,23.472,2140,0
2016-12-23,16:15:00,23.977,24.024,23.953,24.024,2252,0
2016-12-23,19:45:00,23.525,23.525,23.525,23.525,213,0
2016-12-23,22:00:00,23.528,23.528,23.528,23.528,108,0
2016-12-27,21:35:00,23.444,23.453,23.435,23.435,1820,0
2016-12-27,21:50:00,23.453,23.453,23.453,23.453,108,0
2016-12-28,17:35:00,24.004,24.004,24.004,24.004,213,0
2016-12-28,21:10:00,23.533,23.533,23.533,23.533,266,0
2016-12-29,21:20:00,23.472,23.509,23.436,23.509,1177,0
2016-12-30,16:30:00,23.472,23.472,23.472,23.472,213,0
2016-12-30,17:35:00,23.482,23.482,23.482,23.482,1059,0
2016-12-30,18:30:00,23.462,23.462,23.462,23.462,213,0
2017-01-03,16:55:00,23.514,23.514,23.514,23.514,108,0
2017-01-04,15:45:00,23.538,23.573,23.538,23.573,1069,0
2017-01-04,16:05:00,23.701,23.701,23.518,23.518,213,0
2017-01-04,19:05:00,23.715,23.794,23.715,23.794,11600,0
2017-01-04,19:30:00,23.752,23.794,23.752,23.794,10694,0
2017-01-04,19:40:00,23.752,23.752,23.752,23.752,1069,0
2017-01-04,19:45:00,23.752,23.752,23.659,23.659,589,0
2017-01-04,19:50:00,23.752,23.752,23.752,23.752,1177,0
2017-01-04,19:55:00,23.871,23.871,23.752,23.752,1658,0
2017-01-04,20:00:00,23.752,23.752,23.752,23.752,2460,0
2017-01-04,20:05:00,23.752,23.752,23.752,23.752,1818,0
2017-01-04,21:30:00,23.799,23.804,23.752,23.799,14223,0
2017-01-04,21:45:00,23.794,23.794,23.794,23.794,7057,0
2017-01-04,22:00:00,23.794,23.794,23.794,23.794,320,0
2017-01-05,17:05:00,23.983,23.983,23.983,23.983,841,0
2017-01-05,18:10:00,23.752,23.752,23.752,23.752,108,0
2017-01-05,18:15:00,23.752,23.752,23.738,23.738,2460,0
2017-01-05,18:35:00,23.734,23.734,23.734,23.734,641,0
2017-01-05,20:15:00,23.743,23.752,23.743,23.752,1924,0
2017-01-05,21:45:00,23.799,23.799,23.715,23.715,748,0
2017-01-05,22:00:00,23.669,23.669,23.669,23.669,108,0
2017-01-06,17:45:00,23.912,23.912,23.802,23.802,213,0
2017-01-09,17:15:00,23.893,23.893,23.893,23.893,251,0
2017-01-09,18:50:00,23.706,23.706,23.664,23.664,428,0
2017-01-09,21:50:00,23.706,23.725,23.706,23.725,535,0
2017-01-09,21:55:00,23.706,23.725,23.706,23.706,911,0
2017-01-09,22:00:00,23.669,23.669,23.669,23.669,320,0
2017-01-10,17:50:00,23.659,23.659,23.659,23.659,213,0
2017-01-10,18:25:00,23.538,23.538,23.538,23.538,108,0
2017-01-10,20:05:00,23.594,23.594,23.594,23.594,108,0
2017-01-11,16:05:00,23.687,23.687,23.659,23.659,430,0
2017-01-11,16:35:00,23.696,23.696,23.696,23.696,1261,0
2017-01-11,18:10:00,23.706,23.706,23.706,23.706,320,0
2017-01-11,18:50:00,23.762,23.762,23.762,23.762,108,0
2017-01-11,20:25:00,23.781,23.781,23.781,23.781,1497,0
2017-01-12,15:35:00,23.817,23.846,23.817,23.846,963,0
2017-01-12,15:40:00,23.613,23.613,23.613,23.613,2022,0
2017-01-12,18:40:00,23.64,23.64,23.64,23.64,856,0
2017-01-12,21:10:00,23.892,23.892,23.659,23.659,3422,0
2017-01-12,21:55:00,23.752,23.752,23.752,23.752,108,0
2017-01-13,16:25:00,23.669,23.669,23.669,23.669,2244,0
2017-01-13,17:05:00,23.846,23.846,23.749,23.749,213,0
2017-01-13,17:40:00,23.669,23.669,23.669,23.669,2140,0
2017-01-13,17:50:00,23.687,23.734,23.669,23.706,2352,0
2017-01-13,20:10:00,23.715,23.743,23.713,23.729,1604,0
2017-01-13,20:35:00,23.725,23.725,23.725,23.725,266,0
2017-01-17,15:35:00,23.715,23.715,23.715,23.715,213,0
2017-01-17,15:45:00,23.659,23.659,23.659,23.659,1069,0
2017-01-17,15:55:00,23.827,23.827,23.827,23.827,2140,0
2017-01-17,16:15:00,23.659,23.659,23.659,23.659,589,0
2017-01-17,16:25:00,23.869,23.869,23.869,23.869,466,0
2017-01-17,20:50:00,23.79,23.79,23.79,23.79,213,0
2017-01-17,21:00:00,23.752,23.752,23.752,23.752,213,0
2017-01-17,21:05:00,23.677,23.677,23.677,23.677,1069,0
2017-01-17,21:50:00,23.752,23.752,23.752,23.752,641,0
2017-01-18,15:40:00,23.799,23.799,23.696,23.696,2140,0
2017-01-18,15:45:00,23.687,23.687,23.687,23.687,1069,0
2017-01-18,16:00:00,23.752,23.852,23.752,23.852,1924,0
2017-01-18,17:25:00,23.827,23.827,23.827,23.827,413,0
2017-01-18,17:35:00,23.827,23.827,23.827,23.827,1177,0
2017-01-18,20:20:00,23.752,23.752,23.752,23.752,677,0
2017-01-19,18:55:00,23.846,23.846,23.846,23.846,1069,0
2017-01-19,19:15:00,23.799,23.799,23.799,23.799,535,0
2017-01-19,20:50:00,23.808,23.808,23.808,23.808,748,0
2017-01-19,21:20:00,23.808,23.808,23.799,23.799,1177,0
2017-01-20,19:30:00,23.749,23.749,23.749,23.749,108,0
2017-01-23,19:20:00,23.846,23.846,23.846,23.846,428,0
2017-01-23,21:05:00,23.808,23.808,23.808,23.808,1069,0
2017-01-24,16:00:00,23.739,23.739,23.715,23.739,445,0
2017-01-24,17:35:00,23.917,23.917,23.917,23.917,428,0
2017-01-24,18:10:00,23.752,23.752,23.752,23.752,231,0
2017-01-24,18:25:00,23.752,23.935,23.752,23.935,810,0
2017-01-24,19:05:00,23.893,23.893,23.893,23.893,213,0
2017-01-24,19:10:00,23.893,23.893,23.893,23.893,213,0
2017-01-24,19:20:00,23.893,23.893,23.893,23.893,641,0
2017-01-24,19:25:00,23.893,23.893,23.893,23.893,428,0
2017-01-24,20:50:00,23.893,23.893,23.893,23.893,320,0
2017-01-24,20:55:00,23.893,23.893,23.893,23.893,213,0
2017-01-24,21:05:00,23.893,23.893,23.893,23.893,266,0
2017-01-24,21:45:00,23.808,23.808,23.808,23.808,641,0
2017-01-25,15:50:00,23.715,23.715,23.715,23.715,266,0
2017-01-25,18:00:00,23.752,23.752,23.435,23.538,4111,0
2017-01-25,18:10:00,23.659,23.659,23.659,23.659,1069,0
2017-01-25,20:45:00,23.865,23.893,23.865,23.893,1625,0
2017-01-25,21:10:00,23.893,23.893,23.893,23.893,428,0
2017-01-26,15:35:00,23.659,23.659,23.659,23.659,354,0
2017-01-26,15:55:00,23.762,23.762,23.762,23.762,861,0
2017-01-26,21:00:00,23.874,23.874,23.874,23.874,428,0
2017-01-26,21:05:00,23.874,23.874,23.874,23.874,320,0
2017-01-26,21:20:00,23.874,23.874,23.874,23.874,213,0
2017-01-26,21:25:00,23.893,23.893,23.893,23.893,320,0
2017-01-27,17:30:00,23.677,23.677,23.677,23.677,856,0
2017-01-27,18:30:00,23.883,23.883,23.883,23.883,320,0
2017-01-27,19:10:00,23.681,23.681,23.681,23.681,856,0
2017-01-27,19:55:00,23.846,23.846,23.846,23.846,1443,0
2017-01-27,20:40:00,23.853,23.853,23.853,23.853,535,0
2017-01-27,21:20:00,23.883,23.883,23.883,23.883,428,0
2017-01-27,21:30:00,23.846,23.846,23.846,23.846,641,0
2017-01-31,17:15:00,23.818,23.846,23.818,23.846,428,0
2017-01-31,18:55:00,23.827,23.827,23.827,23.827,108,0
2017-01-31,19:20:00,23.855,23.855,23.846,23.846,1009,0
2017-01-31,20:00:00,23.893,23.939,23.893,23.939,641,0
2017-01-31,21:25:00,23.939,23.939,23.939,23.939,213,0
2017-02-01,17:40:00,23.771,23.771,23.771,23.771,141,0
2017-02-01,18:00:00,23.968,23.968,23.968,23.968,1054,0
2017-02-01,21:40:00,23.808,23.808,23.808,23.808,3743,0
2017-02-01,21:50:00,23.799,23.799,23.752,23.752,2244,0
2017-02-02,17:10:00,23.846,23.846,23.846,23.846,802,0
2017-02-02,18:00:00,23.893,23.893,23.893,23.893,1658,0
2017-02-02,20:10:00,23.893,23.893,23.893,23.893,162,0
2017-02-02,21:00:00,23.771,23.771,23.771,23.771,1711,0
2017-02-06,18:10:00,23.865,23.865,23.865,23.865,320,0
2017-02-06,18:20:00,23.865,23.865,23.865,23.865,213,0
2017-02-06,18:55:00,23.921,23.921,23.921,23.921,2048,0
2017-02-06,19:50:00,23.912,23.921,23.912,23.921,701,0
2017-02-06,20:45:00,23.725,23.725,23.725,23.725,1069,0
2017-02-06,20:50:00,23.93,23.93,23.93,23.93,428,0
2017-02-06,20:55:00,23.921,23.921,23.921,23.921,791,0
2017-02-06,21:10:00,23.912,23.912,23.902,23.912,2524,0
2017-02-06,21:15:00,23.921,23.921,23.921,23.921,108,0
2017-02-06,21:25:00,23.921,23.921,23.921,23.921,320,0
2017-02-07,17:00:00,23.808,23.808,23.808,23.808,1069,0
2017-02-07,17:05:00,23.846,23.846,23.818,23.818,428,0
2017-02-07,17:20:00,23.846,23.846,23.846,23.846,266,0
2017-02-07,19:40:00,23.986,24.08,23.983,24.08,1069,0
2017-02-07,19:50:00,24.143,24.143,24.143,24.143,641,0
2017-02-07,19:55:00,24.155,24.155,24.153,24.153,471,0
2017-02-07,20:00:00,24.355,24.355,24.355,24.355,192,0
2017-02-07,20:10:00,24.267,24.267,24.267,24.267,428,0
2017-02-07,21:20:00,24.304,24.304,24.27,24.27,1177,0
2017-02-07,21:25:00,24.304,24.314,24.291,24.291,748,0
2017-02-08,17:15:00,24.08,24.08,24.08,24.08,1177,0
2017-02-08,17:35:00,24.219,24.219,24.219,24.219,1069,0
2017-02-08,17:40:00,23.986,23.986,23.986,23.986,428,0
2017-02-08,17:50:00,24.126,24.229,24.126,24.229,1711,0
2017-02-08,18:55:00,24.219,24.219,24.219,24.219,963,0
2017-02-08,19:00:00,23.986,23.995,23.986,23.995,2568,0
2017-02-08,19:25:00,24.229,24.229,24.229,24.229,108,0
2017-02-08,19:45:00,24.219,24.219,24.219,24.219,856,0
2017-02-08,20:20:00,24.229,24.314,24.229,24.314,1647,0
2017-02-08,20:25:00,24.317,24.317,24.314,24.314,482,0
2017-02-08,20:30:00,24.406,24.406,24.36,24.36,320,0
2017-02-08,20:55:00,24.406,25.202,24.406,25.202,1625,0
2017-02-08,21:00:00,25.202,25.202,25.202,25.202,108,0
2017-02-08,21:10:00,24.614,24.614,24.614,24.614,108,0
2017-02-08,21:15:00,24.614,24.614,24.614,24.614,108,0
2017-02-08,21:20:00,24.614,24.614,24.614,24.614,213,0
2017-02-08,21:35:00,25.108,25.108,25.108,25.108,701,0
2017-02-09,19:15:00,24.955,24.955,24.955,24.955,187,0
2017-02-10,15:35:00,23.949,23.949,23.949,23.949,1283,0
2017-02-10,20:15:00,24.155,24.155,24.155,24.155,1283,0
2017-02-10,20:20:00,24.453,24.453,24.453,24.453,108,0
2017-02-13,15:40:00,24.353,24.504,24.353,24.504,3365,0
2017-02-13,15:45:00,24.714,24.714,24.714,24.714,630,0
2017-02-13,17:10:00,24.548,24.548,24.548,24.548,199,0
2017-02-13,20:30:00,24.154,24.154,24.154,24.154,1261,0
2017-02-15,18:40:00,24.202,24.237,24.202,24.209,1156,0
2017-02-15,21:55:00,24.219,24.219,24.219,24.219,106,0
2017-02-15,22:00:00,24.219,24.219,24.219,24.219,209,0
2017-02-16,16:40:00,25.342,25.342,25.069,25.069,842,0
2017-02-16,16:50:00,24.796,24.796,24.796,24.796,394,0
2017-02-17,16:50:00,24.677,24.677,24.677,24.677,421,0
2017-02-22,21:55:00,24.407,24.407,24.211,24.249,2524,0
2017-02-22,22:00:00,24.378,24.378,24.145,24.149,2524,0
2017-02-23,21:10:00,24.534,24.534,24.534,24.534,736,0
2017-02-24,20:05:00,24.268,24.268,24.268,24.268,1261,0
2017-02-27,17:30:00,24.239,24.239,24.239,24.239,1051,0
2017-02-27,19:50:00,24.534,24.534,24.534,24.534,842,0
2017-03-01,15:55:00,24.44,24.44,24.44,24.44,842,0
2017-03-01,16:25:00,24.343,24.343,24.343,24.343,842,0
2017-03-01,18:20:00,24.391,24.391,24.391,24.391,106,0
2017-03-01,19:20:00,24.343,24.343,24.343,24.343,106,0
2017-03-02,21:10:00,24.343,24.343,24.343,24.343,1026,0
2017-03-03,15:35:00,24.43,24.43,24.43,24.43,842,0
2017-03-03,17:10:00,24.391,25.31,24.391,25.31,3944,0
2017-03-03,17:40:00,24.286,24.286,24.286,24.286,106,0
2017-03-03,18:25:00,24.37,24.37,24.249,24.249,1051,0
2017-03-03,20:50:00,24.343,24.343,24.343,24.343,630,0
2017-03-06,18:15:00,24.316,24.316,24.316,24.316,1997,0
2017-03-06,20:10:00,24.306,24.306,24.306,24.306,1578,0
2017-03-07,15:40:00,24.221,24.221,24.221,24.221,1051,0
2017-03-07,19:00:00,24.239,24.239,24.239,24.239,1578,0
2017-03-07,20:10:00,24.288,24.288,24.288,24.288,767,0
2017-03-07,20:45:00,24.239,24.239,24.239,24.239,463,0
2017-03-08,15:35:00,24.286,24.286,23.868,23.868,1851,0
2017-03-08,15:45:00,24.296,24.296,24.296,24.296,106,0
2017-03-08,16:25:00,24.115,24.125,24.115,24.125,315,0
2017-03-08,16:40:00,24.021,24.021,23.964,23.964,1051,0
2017-03-08,19:00:00,24.068,24.068,24.068,24.068,1051,0
2017-03-08,22:00:00,24.296,24.296,24.296,24.296,106,0
2017-03-09,17:05:00,24.097,24.097,24.021,24.021,1261,0
2017-03-09,17:20:00,24.031,24.031,24.031,24.031,683,0
2017-03-09,19:30:00,24.182,24.182,24.182,24.182,421,0
2017-03-09,19:45:00,24.106,24.106,24.106,24.106,106,0
2017-03-09,19:50:00,24.219,24.219,24.219,24.219,106,0
2017-03-09,20:00:00,24.106,24.106,24.031,24.106,1230,0
2017-03-09,20:30:00,24.182,24.182,24.182,24.182,421,0
2017-03-09,20:35:00,24.04,24.04,24.021,24.021,630,0
2017-03-09,21:30:00,24.097,24.097,24.097,24.097,630,0
2017-03-09,21:55:00,24.021,24.021,24.011,24.011,1367,0
2017-03-09,22:00:00,24.011,24.011,23.973,23.973,1051,0
2017-03-10,16:25:00,24.154,24.154,24.154,24.154,222,0
2017-03-10,21:40:00,23.992,23.992,23.992,23.992,1051,0
2017-03-10,21:45:00,23.983,23.983,23.878,23.897,1578,0
2017-03-10,21:50:00,23.964,23.964,23.964,23.964,106,0
2017-03-10,21:55:00,23.964,23.965,23.964,23.965,630,0
2017-03-13,15:00:00,24.145,24.145,24.145,24.145,106,0
2017-03-13,16:10:00,24.145,24.145,24.145,24.145,106,0
2017-03-13,17:55:00,24.106,24.106,24.106,24.106,106,0
2017-03-13,19:10:00,23.992,23.992,23.992,23.992,388,0
2017-03-13,19:35:00,24.011,24.011,24.011,24.011,527,0
2017-03-13,19:45:00,23.992,23.992,23.983,23.983,1051,0
2017-03-13,19:50:00,23.992,23.992,23.983,23.983,842,0
2017-03-13,20:40:00,24.058,24.058,24.058,24.058,106,0
2017-03-14,20:55:00,24.135,24.135,24.135,24.135,4206,0
2017-03-15,16:50:00,24.135,24.135,24.135,24.135,842,0
2017-03-15,17:20:00,24.115,24.135,24.115,24.135,4281,0
2017-03-15,19:55:00,24.125,24.154,24.125,24.145,2630,0
2017-03-15,20:05:00,24.154,24.154,24.154,24.154,527,0
2017-03-15,20:10:00,24.135,24.154,24.135,24.154,421,0
2017-03-15,20:15:00,24.154,24.154,24.154,24.154,810,0
2017-03-15,20:25:00,24.259,24.259,24.249,24.249,736,0
2017-03-15,20:35:00,24.391,25.409,24.391,25.409,977,0
2017-03-16,14:50:00,24.617,24.617,24.617,24.617,1051,0
2017-03-16,15:05:00,24.543,24.543,24.543,24.543,120,0
2017-03-16,17:00:00,24.391,24.391,24.363,24.363,1261,0
2017-03-16,17:05:00,24.363,24.363,24.363,24.363,106,0
2017-03-16,19:45:00,24.239,24.239,24.239,24.239,421,0
2017-03-16,21:00:00,24.296,24.296,24.296,24.296,106,0
2017-03-17,14:35:00,24.172,24.172,24.172,24.172,184,0
2017-03-17,16:50:00,24.296,24.296,24.296,24.296,106,0
2017-03-20,15:55:00,24.106,24.106,24.106,24.106,315,0
2017-03-20,17:40:00,24.154,24.154,24.154,24.154,1051,0
2017-03-21,16:05:00,24.115,24.192,24.078,24.192,1261,0
2017-03-22,17:05:00,24.125,24.198,24.125,24.198,421,0
2017-03-23,16:00:00,24.278,24.321,24.235,24.278,3154,0
2017-03-23,16:40:00,24.391,24.391,24.391,24.391,2009,0
2017-03-24,16:30:00,24.391,24.391,24.391,24.391,2025,0
2017-03-24,20:20:00,24.202,24.211,24.202,24.211,209,0
2017-03-24,20:25:00,24.373,24.373,24.373,24.373,106,0
2017-03-27,16:20:00,24.163,24.163,24.163,24.163,1314,0
2017-03-27,16:25:00,24.182,24.182,24.172,24.182,4469,0
2017-03-27,16:30:00,24.211,24.211,24.211,24.211,106,0
2017-03-27,16:40:00,24.204,24.204,24.204,24.204,231,0
2017-03-27,17:05:00,24.202,24.202,24.202,24.202,1051,0
2017-03-27,18:20:00,24.202,24.202,24.202,24.202,1051,0
2017-03-27,18:30:00,24.191,24.191,24.191,24.191,315,0
2017-03-27,18:55:00,24.163,24.163,24.154,24.154,2103,0
2017-03-27,19:20:00,24.149,24.172,24.149,24.172,946,0
2017-03-27,19:45:00,24.172,24.172,24.172,24.172,106,0
2017-03-27,20:25:00,24.171,24.171,24.171,24.171,842,0
2017-03-27,20:55:00,24.106,24.106,24.088,24.106,1672,0
2017-03-27,21:05:00,24.106,24.106,24.106,24.106,736,0
2017-03-27,21:10:00,24.106,24.106,24.101,24.101,894,0
2017-03-27,21:20:00,24.099,24.101,24.099,24.101,1157,0
2017-03-27,21:25:00,24.097,24.106,24.078,24.078,3244,0
2017-03-27,21:30:00,24.106,24.106,24.078,24.078,946,0
2017-03-27,21:50:00,24.114,24.114,24.114,24.114,421,0
2017-03-27,21:55:00,24.106,24.125,24.106,24.125,1051,0
2017-03-27,22:00:00,24.125,24.125,24.078,24.078,946,0
2017-03-28,16:15:00,24.068,24.068,24.021,24.021,2228,0
2017-03-28,16:30:00,24.163,24.182,24.154,24.154,2103,0
2017-03-28,16:50:00,24.04,24.049,24.04,24.04,2733,0
2017-03-28,17:40:00,24.106,24.106,24.106,24.106,527,0
2017-03-28,18:05:00,24.068,24.068,24.031,24.031,2313,0
2017-03-28,18:50:00,24.058,24.058,24.031,24.031,2945,0
2017-03-28,19:15:00,24.182,24.182,24.04,24.182,2209,0
2017-03-28,19:20:00,24.182,24.182,24.04,24.049,4417,0
2017-03-28,19:25:00,24.12,24.193,24.12,24.193,421,0
2017-03-28,19:45:00,24.12,24.211,24.12,24.211,5363,0
2017-03-28,19:50:00,24.058,24.058,24.058,24.058,209,0
2017-03-28,19:55:00,24.154,24.154,24.154,24.154,842,0
2017-03-28,20:10:00,24.125,24.154,24.125,24.154,1032,0
2017-03-28,20:35:00,24.106,24.106,24.106,24.106,209,0
2017-03-28,20:50:00,24.125,24.125,24.125,24.125,1051,0
2017-03-28,20:55:00,24.192,24.202,24.192,24.202,2103,0
2017-03-28,21:00:00,24.202,24.202,24.202,24.202,315,0
2017-03-28,21:15:00,24.202,24.202,24.202,24.202,630,0
2017-03-28,22:00:00,24.202,24.202,24.202,24.202,1157,0
2017-03-29,15:35:00,24.249,24.249,24.249,24.249,209,0
2017-03-29,15:50:00,24.249,24.249,24.249,24.249,421,0
2017-03-29,16:05:00,24.296,24.296,24.296,24.296,106,0
2017-03-29,16:20:00,24.273,24.273,24.273,24.273,421,0
2017-03-29,19:15:00,24.218,24.218,24.218,24.218,842,0
2017-03-29,19:20:00,24.202,24.202,24.202,24.202,106,0
2017-03-29,19:50:00,24.259,24.259,24.259,24.259,106,0
2017-03-29,21:10:00,24.206,24.206,24.206,24.206,1367,0
2017-03-29,21:15:00,24.235,24.235,24.235,24.235,1051,0
2017-03-29,21:30:00,24.286,24.296,24.286,24.296,630,0
2017-03-29,21:45:00,24.44,24.448,24.44,24.448,421,0
2017-03-29,21:50:00,24.448,24.448,24.448,24.448,106,0
2017-03-30,20:20:00,24.219,24.229,24.211,24.229,1096,0
2017-03-30,20:30:00,24.276,24.276,24.276,24.276,106,0
2017-03-30,21:00:00,24.286,24.286,24.286,24.286,842,0
2017-03-31,16:20:00,24.202,24.202,24.202,24.202,1051,0
2017-03-31,17:55:00,24.296,24.296,24.296,24.296,1051,0
2017-03-31,18:30:00,24.249,24.322,24.202,24.274,1149,0
2017-03-31,19:10:00,24.467,24.467,24.467,24.467,209,0
2017-04-03,20:20:00,24.268,24.268,24.268,24.268,421,0
2017-04-03,21:05:00,24.343,24.343,24.343,24.343,630,0
2017-04-04,19:45:00,24.387,24.387,24.387,24.387,209,0
2017-04-04,21:25:00,24.487,24.487,24.487,24.487,1051,0
2017-04-04,22:00:00,24.44,24.452,24.44,24.452,842,0
2017-04-05,16:55:00,24.487,24.487,24.487,24.487,1051,0
2017-04-05,17:05:00,24.46,24.46,24.46,24.46,448,0
2017-04-05,17:10:00,24.462,24.462,24.462,24.462,173,0
2017-04-05,17:25:00,24.534,24.534,24.519,24.519,630,0
2017-04-05,17:45:00,24.534,24.534,24.534,24.534,421,0
2017-04-05,22:00:00,24.487,24.487,24.487,24.487,106,0
2017-04-06,17:30:00,24.576,24.576,24.576,24.576,421,0
2017-04-07,18:00:00,24.581,24.581,24.581,24.581,630,0
2017-04-07,20:50:00,24.477,24.477,24.477,24.477,527,0
2017-04-10,18:10:00,24.676,24.676,24.676,24.676,552,0
2017-04-11,15:50:00,24.502,24.502,24.502,24.502,527,0
2017-04-11,16:00:00,24.734,24.734,24.734,24.734,527,0
2017-04-11,16:50:00,24.809,24.809,24.809,24.809,527,0
2017-04-13,19:35:00,24.809,24.809,24.809,24.809,368,0
2017-04-13,19:40:00,24.809,24.809,24.809,24.809,368,0
2017-04-13,19:50:00,24.809,24.809,24.809,24.809,630,0
2017-04-17,16:40:00,24.534,24.534,24.497,24.497,1249,0
2017-04-18,18:10:00,24.829,24.829,24.829,24.829,315,0
2017-04-18,19:05:00,24.725,24.725,24.725,24.725,315,0
2017-04-19,20:15:00,24.584,24.584,24.584,24.584,867,0
2017-04-20,16:25:00,24.514,24.514,24.514,24.514,411,0
2017-04-20,18:10:00,24.505,24.543,24.505,24.528,1946,0
2017-04-20,18:15:00,24.534,24.534,24.534,24.534,106,0
2017-04-20,21:20:00,24.571,24.571,24.571,24.571,411,0
2017-04-20,21:50:00,24.559,24.559,24.559,24.559,368,0
2017-04-24,15:35:00,24.905,24.905,24.905,24.905,209,0
2017-04-24,17:15:00,24.563,24.563,24.563,24.563,106,0
2017-04-24,17:25:00,24.571,24.581,24.544,24.544,1677,0
2017-04-24,17:30:00,24.545,24.545,24.544,24.544,315,0
2017-04-24,21:55:00,24.544,24.563,24.544,24.554,671,0
2017-04-24,22:00:00,24.544,24.544,24.534,24.534,1099,0
2017-04-25,16:50:00,24.685,24.685,24.685,24.685,578,0
2017-04-27,16:35:00,24.534,24.774,24.487,24.487,1147,0
2017-04-27,18:45:00,24.363,24.373,24.363,24.363,421,0
2017-04-27,20:45:00,24.618,24.618,24.618,24.618,222,0
2017-04-27,22:00:00,24.41,24.41,24.41,24.41,106,0
2017-04-28,20:15:00,24.464,24.464,24.464,24.464,368,0
2017-05-01,16:10:00,24.477,24.477,24.477,24.477,421,0
2017-05-01,16:15:00,24.465,24.465,24.465,24.465,189,0
2017-05-01,16:20:00,24.477,24.477,24.477,24.477,106,0
2017-05-01,20:40:00,24.581,24.581,24.581,24.581,209,0
2017-05-02,15:35:00,24.534,24.534,24.534,24.534,315,0
2017-05-02,17:15:00,24.534,24.534,24.534,24.534,106,0
2017-05-02,19:00:00,24.677,24.677,24.677,24.677,304,0
2017-05-02,19:50:00,24.677,24.677,24.677,24.677,535,0
2017-05-02,20:30:00,24.709,24.709,24.668,24.668,2892,0
2017-05-03,21:00:00,24.668,24.668,24.668,24.668,325,0
2017-05-04,21:20:00,24.677,24.677,24.668,24.668,1651,0
2017-05-05,20:05:00,24.715,24.715,24.715,24.715,315,0
2017-05-08,17:35:00,24.668,24.668,24.668,24.668,421,0
2017-05-08,17:55:00,24.668,24.679,24.668,24.679,1157,0
2017-05-08,20:05:00,24.668,24.668,24.668,24.668,234,0
2017-05-08,20:15:00,24.668,24.668,24.668,24.668,209,0
2017-05-09,20:30:00,24.772,24.772,24.772,24.772,209,0
2017-05-10,20:55:00,24.743,24.762,24.743,24.762,1251,0
2017-05-10,21:20:00,24.772,24.772,24.772,24.772,106,0
2017-05-10,21:25:00,24.782,24.782,24.782,24.782,421,0
2017-05-10,21:35:00,24.668,24.668,24.668,24.668,106,0
2017-05-11,22:00:00,24.836,24.836,24.816,24.816,1021,0
2017-05-12,15:50:00,25.02,25.02,24.98,24.98,2068,0
2017-05-12,16:10:00,24.856,24.856,24.856,24.856,414,0
2017-05-12,18:55:00,24.856,24.856,24.758,24.856,1758,0
2017-05-12,20:30:00,24.806,24.806,24.806,24.806,156,0
2017-05-16,18:35:00,24.904,24.904,24.904,24.904,206,0
2017-05-16,21:25:00,24.78,24.78,24.642,24.78,2275,0
2017-05-16,22:00:00,24.662,24.662,24.662,24.662,104,0
2017-05-17,18:05:00,24.662,24.662,24.662,24.662,242,0
2017-05-17,20:35:00,24.623,24.623,24.623,24.623,223,0
2017-05-17,22:00:00,24.672,24.672,24.672,24.672,242,0
2017-05-18,15:55:00,24.73,24.73,24.73,24.73,104,0
2017-05-18,16:00:00,24.904,25.164,24.904,25.038,620,0
2017-05-18,16:05:00,25.038,25.146,25.038,25.146,310,0
2017-05-18,19:45:00,24.848,24.848,24.848,24.848,517,0
2017-05-18,22:00:00,24.685,24.705,24.662,24.662,2585,0
2017-05-22,15:35:00,24.73,24.73,24.73,24.73,206,0
2017-05-22,18:30:00,24.754,24.754,24.754,24.754,1034,0
2017-05-22,21:15:00,24.7,24.706,24.69,24.706,1544,0
2017-05-22,21:20:00,24.798,24.798,24.798,24.798,104,0
2017-05-22,21:55:00,24.69,24.699,24.681,24.698,2181,0
2017-05-22,22:00:00,24.681,24.681,24.681,24.681,104,0
2017-05-23,15:35:00,24.73,24.73,24.73,24.73,206,0
2017-05-24,15:35:00,24.74,24.74,24.74,24.74,517,0
2017-05-24,18:35:00,24.904,24.904,24.904,24.904,206,0
2017-05-24,18:40:00,24.904,24.904,24.904,24.904,414,0
2017-05-24,18:45:00,24.904,24.904,24.904,24.904,206,0
2017-05-24,18:50:00,24.904,24.904,24.904,24.904,206,0
2017-05-24,19:00:00,24.904,24.904,24.904,24.904,206,0
2017-05-24,19:10:00,24.904,24.904,24.904,24.904,310,0
2017-05-25,18:05:00,24.904,24.904,24.904,24.904,414,0
2017-05-26,16:35:00,24.881,24.881,24.881,24.881,206,0
2017-05-26,17:50:00,24.884,24.884,24.884,24.884,206,0
2017-05-26,19:35:00,24.884,24.884,24.884,24.884,414,0
2017-05-26,19:55:00,24.884,24.884,24.884,24.884,517,0
2017-05-26,20:55:00,24.884,24.884,24.884,24.884,104,0
2017-05-30,16:40:00,24.914,24.914,24.914,24.914,620,0
2017-05-30,17:00:00,24.904,24.904,24.904,24.904,620,0
2017-05-30,17:15:00,24.884,24.884,24.884,24.884,414,0
2017-05-30,17:25:00,24.884,24.884,24.884,24.884,156,0
2017-05-30,20:45:00,24.884,24.884,24.758,24.758,827,0
2017-05-30,20:50:00,24.758,24.778,24.758,24.758,724,0
2017-05-30,21:25:00,24.783,24.802,24.758,24.802,1241,0
2017-05-31,18:10:00,24.904,24.904,24.904,24.904,206,0
2017-05-31,19:00:00,24.696,24.696,24.696,24.696,517,0
2017-05-31,19:05:00,24.809,24.809,24.809,24.809,517,0
2017-05-31,20:40:00,24.905,24.905,24.905,24.905,1197,0
2017-06-01,17:15:00,24.73,24.879,24.7,24.73,3515,0
2017-06-01,18:05:00,24.758,24.758,24.758,24.758,104,0
2017-06-01,18:20:00,24.758,24.758,24.758,24.758,104,0
2017-06-01,18:55:00,24.758,24.758,24.758,24.758,104,0
2017-06-01,19:00:00,24.758,24.758,24.758,24.758,310,0
2017-06-01,20:15:00,24.775,24.775,24.775,24.775,258,0
2017-06-02,15:35:00,24.816,24.816,24.816,24.816,104,0
2017-06-02,15:55:00,24.897,24.897,24.897,24.897,1034,0
2017-06-02,18:40:00,24.81,24.81,24.81,24.81,124,0
2017-06-05,18:50:00,24.7,24.7,24.7,24.7,206,0
2017-06-07,15:35:00,24.768,24.768,24.768,24.768,1261,0
2017-06-07,18:25:00,24.788,24.904,24.788,24.904,414,0
2017-06-07,18:45:00,24.898,24.898,24.898,24.898,1034,0
2017-06-07,20:30:00,24.916,24.916,24.916,24.916,206,0
2017-06-08,17:40:00,24.72,24.759,24.72,24.759,517,0
2017-06-08,18:00:00,24.74,24.74,24.74,24.74,414,0
2017-06-09,15:35:00,24.788,24.788,24.788,24.788,104,0
2017-06-09,16:05:00,24.789,24.789,24.789,24.789,776,0
2017-06-09,17:10:00,24.798,24.798,24.798,24.798,206,0
2017-06-09,17:30:00,24.877,24.952,24.877,24.952,827,0
2017-06-12,16:40:00,24.851,24.851,24.851,24.851,310,0
2017-06-12,21:55:00,24.768,24.768,24.768,24.768,532,0
2017-06-13,19:35:00,24.896,24.941,24.896,24.941,2275,0
2017-06-13,19:45:00,24.941,24.941,24.941,24.941,310,0
2017-06-13,21:15:00,24.798,24.798,24.778,24.778,620,0
2017-06-13,22:00:00,24.778,24.778,24.778,24.778,104,0
2017-06-14,21:40:00,24.906,24.906,24.906,24.906,104,0
2017-06-15,19:15:00,24.914,24.914,24.839,24.839,206,0
2017-06-15,19:20:00,24.73,24.73,24.73,24.73,1034,0
2017-06-15,19:25:00,24.73,24.748,24.73,24.744,1679,0
2017-06-15,19:30:00,24.73,24.74,24.691,24.73,6901,0
2017-06-15,19:35:00,24.73,24.73,24.73,24.73,898,0
2017-06-15,19:45:00,24.778,24.778,24.778,24.778,104,0
2017-06-15,20:35:00,24.746,24.758,24.746,24.758,414,0
2017-06-15,20:55:00,24.73,24.73,24.73,24.73,206,0
2017-06-15,21:15:00,24.75,24.75,24.75,24.75,206,0
2017-06-15,21:55:00,24.758,24.758,24.758,24.758,104,0
2017-06-16,15:35:00,24.73,24.73,24.73,24.73,104,0
2017-06-16,15:55:00,24.778,24.778,24.778,24.778,104,0
2017-06-16,16:05:00,24.853,24.853,24.853,24.853,109,0
2017-06-16,17:00:00,24.784,24.784,24.784,24.784,517,0
2017-06-16,19:50:00,24.74,24.74,24.74,24.74,206,0
2017-06-16,20:50:00,24.778,24.778,24.778,24.778,414,0
2017-06-16,22:00:00,24.778,24.778,24.778,24.778,206,0
2017-06-19,15:35:00,24.74,24.74,24.74,24.74,749,0
2017-06-19,16:50:00,24.856,24.856,24.856,24.856,2068,0
2017-06-19,17:05:00,24.837,24.837,24.837,24.837,1034,0
2017-06-19,17:30:00,24.826,24.826,24.798,24.798,206,0
2017-06-19,18:25:00,24.806,24.846,24.806,24.846,620,0
2017-06-19,22:00:00,24.788,24.788,24.788,24.788,104,0
2017-06-20,17:15:00,24.788,24.788,24.788,24.788,827,0
2017-06-20,18:10:00,24.836,24.856,24.836,24.856,1173,0
2017-06-20,20:55:00,24.921,24.921,24.914,24.921,724,0
2017-06-20,21:00:00,24.921,24.921,24.921,24.921,620,0
2017-06-21,19:10:00,24.891,24.891,24.891,24.891,1034,0
2017-06-21,19:35:00,24.922,24.922,24.922,24.922,724,0
2017-06-21,19:50:00,24.922,24.922,24.921,24.921,310,0
2017-06-21,21:15:00,24.922,24.922,24.922,24.922,827,0
2017-06-21,22:00:00,24.942,24.942,24.942,24.942,104,0
2017-06-22,16:20:00,24.942,24.942,24.942,24.942,206,0
2017-06-22,16:50:00,25,25,25,25,930,0
2017-06-27,20:05:00,25,25,25,25,147,0
2017-06-27,20:20:00,24.889,24.889,24.889,24.889,404,0
2017-06-27,21:05:00,24.937,24.937,24.937,24.937,1189,0
2017-06-27,21:10:00,25.068,25.068,25.068,25.068,104,0
2017-06-27,21:15:00,25.08,25.08,25.08,25.08,515,0
2017-06-30,19:05:00,25.029,25.029,25.029,25.029,206,0
2017-06-30,19:25:00,25.106,25.106,25.106,25.106,387,0
2017-07-05,16:50:00,25.028,25.028,25.028,25.028,104,0
2017-07-06,16:20:00,24.884,24.884,24.884,24.884,228,0
2017-07-06,16:25:00,24.884,24.884,24.884,24.884,185,0
2017-07-06,18:00:00,25.096,25.096,25.056,25.056,1448,0
2017-07-07,19:55:00,25.006,25.006,25.006,25.006,352,0
2017-07-07,20:55:00,25.03,25.03,25.03,25.03,1241,0
2017-07-07,21:05:00,25.106,25.106,25.096,25.096,2481,0
2017-07-07,21:10:00,25.106,25.126,24.952,25.126,2068,0
2017-07-07,22:00:00,25.136,25.136,25.136,25.136,104,0
2017-07-10,19:00:00,25.136,25.136,25.135,25.135,2895,0
2017-07-10,20:20:00,25.262,25.262,25.262,25.262,104,0
2017-07-10,20:30:00,25.262,25.262,25.262,25.262,104,0
2017-07-11,16:30:00,25,25.076,25,25.076,517,0
2017-07-12,21:00:00,24.962,24.962,24.962,24.962,1034,0
2017-07-13,16:15:00,25.252,25.252,25.252,25.252,610,0
2017-07-17,16:55:00,25.048,25.048,25.024,25.024,827,0
2017-07-17,21:30:00,25.262,25.262,25.222,25.222,414,0
2017-07-17,21:40:00,25.262,25.262,25.228,25.228,414,0
2017-07-18,18:30:00,25.02,25.02,25.02,25.02,414,0
2017-07-20,20:20:00,25.048,25.048,25.048,25.048,162,0
2017-07-20,21:50:00,25.201,25.201,25.201,25.201,186,0
2017-07-21,17:00:00,25.176,25.176,25.176,25.176,104,0
2017-07-21,19:15:00,25.075,25.075,25.075,25.075,791,0
2017-07-21,21:35:00,25.31,25.426,25.31,25.426,620,0
2017-07-24,15:35:00,25.242,25.242,25.146,25.146,517,0
2017-07-24,15:40:00,25.242,25.242,25.242,25.242,517,0
2017-07-24,15:45:00,25.242,25.242,25.242,25.242,620,0
2017-07-24,17:00:00,25.146,25.146,25.146,25.146,414,0
2017-07-24,21:30:00,25.146,25.146,25.048,25.058,1551,0
2017-07-25,15:40:00,25.058,25.058,25.048,25.048,517,0
2017-07-25,16:10:00,25.048,25.048,25.048,25.048,310,0
2017-07-25,17:10:00,24.966,24.966,24.966,24.966,517,0
2017-07-26,15:55:00,25.1,25.1,25.1,25.1,517,0
2017-07-26,16:05:00,25.127,25.127,25.127,25.127,517,0
2017-07-27,18:30:00,25.049,25.049,25.049,25.049,930,0
2017-07-31,19:10:00,25.058,25.078,25.048,25.078,620,0
2017-07-31,19:20:00,25.039,25.039,25.039,25.039,310,0
2017-07-31,20:35:00,25.048,25.192,25.03,25.192,1965,0
2017-08-01,18:00:00,25.292,25.292,25.292,25.292,620,0
2017-08-01,18:05:00,25.272,25.272,25.272,25.272,620,0
2017-08-01,18:10:00,25.146,25.146,25.146,25.146,414,0
2017-08-01,18:20:00,25.146,25.146,25.146,25.146,206,0
2017-08-01,20:05:00,25.33,25.33,25.3,25.3,414,0
2017-08-01,21:15:00,25.3,25.33,25.279,25.279,1034,0
2017-08-01,21:55:00,25.338,25.338,25.338,25.338,206,0
2017-08-03,16:00:00,25.262,25.262,25.262,25.262,1241,0
2017-08-03,22:00:00,25.213,25.213,25.204,25.204,724,0
2017-08-04,16:35:00,25.184,25.216,25.164,25.216,742,0
2017-08-04,18:50:00,25.272,25.416,25.272,25.416,2068,0
2017-08-04,19:25:00,25.406,25.416,25.338,25.416,1429,0
2017-08-07,21:35:00,25.289,25.289,25.289,25.289,206,0
2017-08-08,16:20:00,25.331,25.331,25.331,25.331,104,0
2017-08-08,20:50:00,25.378,25.378,25.378,25.378,435,0
2017-08-08,22:00:00,25.154,25.154,25.154,25.154,486,0
2017-08-10,17:35:00,25.194,25.194,25.194,25.194,104,0
2017-08-10,19:00:00,25.194,25.194,25.184,25.184,517,0
2017-08-10,20:15:00,25.184,25.184,25.184,25.184,206,0
2017-08-10,20:25:00,25.184,25.184,25.184,25.184,827,0
2017-08-10,21:35:00,25.184,25.184,25.184,25.184,414,0
2017-08-11,16:15:00,25.37,25.37,25.37,25.37,407,0
2017-08-14,17:05:00,25.41,25.41,25.41,25.41,407,0
2017-08-15,16:40:00,25.37,25.37,25.37,25.37,203,0
2017-08-15,18:30:00,25.41,25.41,25.41,25.41,203,0
2017-08-16,20:45:00,25.322,25.322,25.322,25.322,102,0
2017-08-17,16:50:00,25.223,25.223,25.204,25.204,407,0
2017-08-17,16:55:00,25.145,25.145,25.145,25.145,610,0
2017-08-17,17:00:00,25.265,25.312,25.265,25.312,1017,0
2017-08-17,20:10:00,25.312,25.312,25.312,25.312,1017,0
2017-08-17,21:05:00,25.234,25.234,25.234,25.234,580,0
2017-08-18,15:55:00,25.154,25.154,25.154,25.154,153,0
2017-08-18,16:10:00,25.167,25.174,25.167,25.174,610,0
2017-08-18,16:40:00,25.174,25.174,25.174,25.174,203,0
2017-08-18,17:00:00,25.167,25.167,25.167,25.167,1017,0
2017-08-18,17:15:00,25.159,25.159,25.159,25.159,407,0
2017-08-18,17:25:00,25.154,25.154,25.154,25.154,153,0
2017-08-18,17:45:00,25.154,25.154,25.154,25.154,407,0
2017-08-18,18:15:00,25.154,25.154,25.154,25.154,254,0
2017-08-18,18:45:00,25.2,25.2,25.2,25.2,102,0
2017-08-18,20:35:00,25.194,25.194,25.194,25.194,305,0
2017-08-21,20:25:00,25.303,25.303,25.303,25.303,203,0
2017-08-21,20:50:00,25.105,25.204,25.105,25.204,610,0
2017-08-22,22:00:00,25.174,25.174,25.174,25.174,305,0
2017-08-23,20:05:00,25.126,25.126,25.126,25.126,1017,0
2017-08-24,16:40:00,25.115,25.115,25.112,25.115,1017,0
2017-08-24,16:50:00,25.276,25.276,25.276,25.276,203,0
2017-08-24,17:50:00,25.272,25.272,25.272,25.272,203,0
2017-08-24,19:20:00,25.223,25.243,25.223,25.233,610,0
2017-08-24,19:55:00,25.243,25.272,25.243,25.272,407,0
2017-08-29,19:20:00,25.135,25.135,25.135,25.135,1017,0
2017-08-30,21:50:00,25.174,25.174,25.174,25.174,203,0
2017-08-31,15:55:00,25.174,25.174,25.174,25.174,966,0
2017-08-31,17:35:00,25.271,25.271,25.271,25.271,508,0
2017-09-01,16:50:00,25.337,25.337,25.337,25.337,966,0
2017-09-01,19:10:00,25.248,25.248,25.248,25.248,203,0
2017-09-05,16:25:00,25.239,25.239,25.239,25.239,407,0
2017-09-05,17:50:00,25.247,25.247,25.247,25.247,203,0
2017-09-05,20:20:00,25.253,25.253,25.253,25.253,407,0
2017-09-06,15:35:00,25.125,25.145,25.125,25.145,966,0
2017-09-06,16:10:00,25.41,25.41,25.41,25.41,102,0
2017-09-07,18:25:00,25.322,25.322,25.322,25.322,508,0
2017-09-07,18:50:00,25.322,25.322,25.322,25.322,203,0
2017-09-07,19:30:00,25.371,25.42,25.331,25.39,915,0
2017-09-07,19:40:00,25.42,25.43,25.42,25.43,203,0
2017-09-07,21:30:00,25.4,25.4,25.4,25.4,102,0
2017-09-08,20:20:00,25.428,25.428,25.428,25.428,305,0
2017-09-08,20:25:00,25.459,25.459,25.459,25.459,305,0
2017-09-08,20:45:00,25.428,25.428,25.428,25.428,407,0
2017-09-08,21:00:00,25.459,25.459,25.459,25.459,407,0
2017-09-11,16:15:00,25.341,25.351,25.125,25.125,3189,0
2017-09-11,20:30:00,25.194,25.254,25.136,25.136,1424,0
2017-09-11,20:45:00,25.174,25.174,25.174,25.174,610,0
2017-09-11,20:50:00,25.174,25.174,25.174,25.174,712,0
2017-09-11,20:55:00,25.174,25.174,25.174,25.174,305,0
2017-09-11,21:05:00,25.174,25.174,25.174,25.174,305,0
2017-09-11,21:10:00,25.173,25.174,25.173,25.174,508,0
2017-09-12,15:45:00,25.125,25.125,25.125,25.125,203,0
2017-09-12,16:30:00,25.381,25.42,25.381,25.42,1627,0
2017-09-12,19:15:00,25.41,25.41,25.41,25.41,102,0
2017-09-13,18:45:00,25.145,25.145,25.145,25.145,5085,0
2017-09-15,18:00:00,25.4,25.41,25.315,25.315,610,0
2017-09-15,18:45:00,25.194,25.194,25.194,25.194,508,0
2017-09-18,16:05:00,25.518,25.518,25.518,25.518,159,0
2017-09-18,21:20:00,25.204,25.204,25.204,25.204,890,0
2017-09-18,22:00:00,25.174,25.174,25.174,25.174,305,0
2017-09-19,18:40:00,25.291,25.291,25.291,25.291,397,0
2017-09-19,19:20:00,25.233,25.233,25.223,25.223,508,0
2017-09-19,22:00:00,25.272,25.272,25.272,25.272,203,0
2017-09-20,18:30:00,25.341,25.341,25.331,25.331,508,0
2017-09-20,18:55:00,25.351,25.351,25.331,25.331,610,0
2017-09-20,19:05:00,25.351,25.351,25.351,25.351,102,0
2017-09-20,19:40:00,25.361,25.361,25.361,25.361,102,0
2017-09-20,21:05:00,25.272,25.272,25.272,25.272,1017,0
2017-09-20,22:00:00,25.184,25.243,25.174,25.243,1119,0
2017-09-21,16:25:00,25.243,25.253,25.243,25.252,612,0
2017-09-21,16:30:00,25.253,25.253,25.234,25.237,610,0
2017-09-21,22:00:00,25.253,25.253,25.253,25.253,305,0
2017-09-22,15:35:00,25.184,25.184,25.184,25.184,544,0
2017-09-22,17:00:00,25.174,25.194,25.174,25.174,1005,0
2017-09-22,18:45:00,25.194,25.194,25.184,25.184,407,0
2017-09-22,21:20:00,25.312,25.312,25.312,25.312,254,0
2017-09-22,21:25:00,25.312,25.312,25.312,25.312,254,0
2017-09-22,21:35:00,25.292,25.292,25.292,25.292,203,0
2017-09-25,17:35:00,25.344,25.344,25.344,25.344,204,0
2017-09-25,18:40:00,25.341,25.351,25.341,25.341,915,0
2017-09-25,18:50:00,25.348,25.351,25.348,25.351,436,0
2017-09-25,18:55:00,25.351,25.351,25.351,25.351,428,0
2017-09-25,19:20:00,25.361,25.361,25.361,25.361,407,0
2017-09-25,19:25:00,25.361,25.361,25.361,25.361,117,0
2017-09-25,19:40:00,25.369,25.369,25.369,25.369,137,0
2017-09-25,20:30:00,25.337,25.337,25.337,25.337,407,0
2017-09-25,21:30:00,25.322,25.322,25.313,25.313,661,0
2017-09-25,21:35:00,25.307,25.322,25.307,25.321,356,0
2017-09-25,21:40:00,25.322,25.322,25.322,25.322,254,0
2017-09-25,21:50:00,25.322,25.322,25.321,25.321,407,0
2017-09-25,21:55:00,25.351,25.351,25.351,25.351,102,0
2017-09-25,22:00:00,25.351,25.351,25.322,25.322,285,0
2017-09-26,19:35:00,25.413,25.413,25.413,25.413,336,0
2017-09-27,19:15:00,25.445,25.445,25.445,25.445,239,0
2017-09-28,15:35:00,25.243,25.243,25.243,25.243,814,0
2017-09-28,16:35:00,25.272,25.272,25.272,25.272,305,0
2017-09-28,16:55:00,25.253,25.253,25.253,25.253,102,0
2017-09-28,17:10:00,25.253,25.253,25.233,25.245,2034,0
2017-09-28,17:35:00,25.243,25.243,25.243,25.243,508,0
2017-09-28,17:50:00,25.243,25.243,25.243,25.243,610,0
2017-09-28,18:05:00,25.233,25.233,25.233,25.233,102,0
2017-09-28,18:10:00,25.233,25.233,25.223,25.223,508,0
2017-09-28,19:05:00,25.233,25.233,25.184,25.184,966,0
2017-09-28,19:35:00,25.182,25.182,25.182,25.182,1017,0
2017-09-29,18:00:00,25.347,25.347,25.347,25.347,203,0
2017-09-29,18:35:00,25.348,25.371,25.348,25.368,966,0
2017-09-29,18:55:00,25.361,25.361,25.361,25.361,102,0
2017-09-29,20:40:00,25.265,25.265,25.265,25.265,407,0
2017-09-29,21:45:00,25.233,25.233,25.233,25.233,814,0
2017-10-02,21:55:00,25.327,25.327,25.327,25.327,102,0
2017-10-03,21:35:00,25.322,25.322,25.322,25.322,508,0
2017-10-04,21:50:00,25.42,25.42,25.359,25.359,1119,0
2017-10-04,22:00:00,25.322,25.322,25.322,25.322,508,0
2017-10-05,18:50:00,25.213,25.213,25.213,25.213,814,0
2017-10-05,19:00:00,25.204,25.204,25.204,25.204,239,0
2017-10-06,20:50:00,25.272,25.272,25.272,25.272,102,0
2017-10-10,21:20:00,25.233,25.253,25.233,25.243,508,0
2017-10-10,21:50:00,25.243,25.243,25.243,25.243,102,0
2017-10-11,16:50:00,25.322,25.322,25.322,25.322,407,0
2017-10-11,19:45:00,25.322,25.322,25.322,25.322,196,0
2017-10-12,19:35:00,25.243,25.243,25.243,25.243,661,0
2017-10-13,19:45:00,25.223,25.223,25.223,25.223,127,0
2017-10-20,15:40:00,25.243,25.243,25.243,25.243,203,0
2017-10-23,18:20:00,25.371,25.371,25.371,25.371,305,0
2017-10-23,18:25:00,25.371,25.371,25.371,25.371,712,0
2017-10-23,18:40:00,25.265,25.272,25.265,25.272,991,0
2017-10-23,20:45:00,25.272,25.272,25.263,25.263,638,0
2017-10-23,21:25:00,25.263,25.275,25.253,25.275,1017,0
2017-10-23,21:35:00,25.244,25.244,25.243,25.243,915,0
2017-10-24,15:45:00,25.272,25.272,25.272,25.272,102,0
2017-10-26,17:45:00,25.243,25.266,25.223,25.266,609,0
2017-10-26,21:15:00,25.302,25.302,25.302,25.302,1220,0
2017-10-31,16:30:00,25.272,25.302,25.272,25.302,407,0
2017-10-31,18:00:00,25.302,25.302,25.302,25.302,102,0
2017-10-31,21:00:00,25.302,25.302,25.302,25.302,1119,0
2017-11-01,15:15:00,25.348,25.348,25.346,25.346,814,0
2017-11-01,18:00:00,25.272,25.272,25.233,25.233,1144,0
2017-11-01,18:25:00,25.235,25.235,25.235,25.235,2695,0
2017-11-01,19:10:00,25.36,25.36,25.36,25.36,407,0
2017-11-01,19:50:00,25.293,25.293,25.293,25.293,839,0
2017-11-02,15:20:00,25.374,25.374,25.233,25.233,1322,0
2017-11-02,20:50:00,25.277,25.277,25.277,25.277,102,0
2017-11-02,21:00:00,25.243,25.243,25.243,25.243,305,0
2017-11-03,15:20:00,25.243,25.243,25.233,25.233,508,0
2017-11-03,15:40:00,25.243,25.243,25.233,25.233,508,0
2017-11-03,20:40:00,25.272,25.272,25.272,25.272,119,0
2017-11-06,16:45:00,25.292,25.309,25.292,25.309,458,0
2017-11-06,21:15:00,25.312,25.312,25.312,25.312,305,0
2017-11-06,22:00:00,25.292,25.292,25.292,25.292,1322,0
2017-11-07,18:50:00,25.331,25.35,25.331,25.341,915,0
2017-11-08,16:20:00,25.341,25.399,25.327,25.363,894,0
2017-11-08,16:40:00,25.341,25.341,25.341,25.341,203,0
2017-11-08,17:05:00,25.312,25.312,25.294,25.294,508,0
2017-11-08,17:15:00,25.322,25.331,25.321,25.321,407,0
2017-11-08,17:20:00,25.341,25.341,25.341,25.341,281,0
2017-11-08,18:15:00,25.341,25.341,25.341,25.341,102,0
2017-11-08,19:40:00,25.331,25.331,25.331,25.331,1103,0
2017-11-08,19:50:00,25.341,25.341,25.341,25.341,1017,0
2017-11-08,19:55:00,25.341,25.341,25.341,25.341,712,0
2017-11-08,20:05:00,25.341,25.341,25.331,25.341,2034,0
2017-11-08,20:40:00,25.341,25.341,25.341,25.341,2034,0
2017-11-08,21:30:00,25.341,25.341,25.341,25.341,275,0
2017-11-09,20:45:00,25.341,25.341,25.315,25.341,1932,0
2017-11-10,15:55:00,25.341,25.341,25.341,25.341,407,0
2017-11-10,16:10:00,25.341,25.41,25.341,25.41,1767,0
2017-11-10,17:25:00,25.41,25.41,25.41,25.41,1424,0
2017-11-10,18:40:00,25.4,25.4,25.35,25.35,814,0
2017-11-10,21:05:00,25.29,25.29,25.29,25.29,102,0
2017-11-10,21:55:00,25.4,25.43,25.4,25.43,508,0
2017-11-13,19:45:00,25.263,25.263,25.263,25.263,203,0
2017-11-13,20:20:00,25.351,25.351,25.351,25.351,203,0
2017-11-13,20:25:00,25.312,25.351,25.312,25.351,203,0
2017-11-13,21:25:00,25.404,25.42,25.404,25.42,508,0
2017-11-14,15:35:00,25.5,25.5,25.5,25.5,1000,0
2017-11-14,17:00:00,25.4,25.4,25.4,25.4,100,0
2017-11-14,18:30:00,25.4,25.4396,25.4,25.4396,400,0
2017-11-14,20:20:00,25.4,25.4,25.4,25.4,611,0
2017-11-14,20:25:00,25.48,25.52,25.4799,25.5199,3600,0
2017-11-14,20:30:00,25.55,25.55,25.5199,25.5199,3178,0
2017-11-14,21:10:00,25.57,25.57,25.57,25.57,258,0
2017-11-14,21:40:00,25.57,25.65,25.57,25.65,720,0
2017-11-14,21:45:00,25.63,25.63,25.63,25.63,100,0
2017-11-15,16:25:00,25.4376,25.4376,25.4376,25.4376,110,0
2017-11-15,16:30:00,25.34,25.34,25.31,25.33,4979,0
2017-11-15,16:50:00,25.33,25.33,25.33,25.33,100,0
2017-11-15,18:50:00,25.4487,25.4487,25.4487,25.4487,550,0
2017-11-15,20:40:00,25.34,25.34,25.34,25.34,1000,0
2017-11-16,19:05:00,25.5199,25.5199,25.4993,25.4993,2900,0
2017-11-16,19:10:00,25.5,25.5,25.5,25.5,100,0
2017-11-17,21:35:00,25.5,25.5,25.5,25.5,100,0
2017-11-17,21:40:00,25.565,25.565,25.565,25.565,128,0
2017-11-17,21:45:00,25.5301,25.5301,25.5301,25.5301,1500,0
2017-11-20,17:15:00,25.5813,25.5813,25.36,25.4,2100,0
2017-11-20,17:20:00,25.418,25.486,25.4007,25.486,630,0
2017-11-20,18:40:00,25.5,25.5,25.5,25.5,300,0
2017-11-20,18:50:00,25.5,25.5,25.5,25.5,200,0
2017-11-20,22:00:00,25.35,25.35,25.35,25.35,100,0
2017-11-22,19:15:00,25.5581,25.5581,25.5581,25.5581,800,0
2017-11-27,16:05:00,25.4007,25.4007,25.4007,25.4007,100,0
2017-11-27,16:30:00,25.37,25.4093,25.36,25.38,820,0
2017-11-27,18:00:00,25.4743,25.4743,25.4743,25.4743,200,0
2017-11-27,20:40:00,25.5072,25.5072,25.5072,25.5072,1000,0
2017-11-28,16:30:00,25.5229,25.5229,25.5229,25.5229,255,0
2017-11-28,17:50:00,25.49,25.49,25.49,25.49,200,0
2017-11-28,19:50:00,25.49,25.5,25.49,25.491,900,0
2017-11-28,19:55:00,25.5,25.5,25.5,25.5,200,0
2017-11-28,20:15:00,25.51,25.51,25.5053,25.5053,200,0
2017-11-28,20:55:00,25.52,25.52,25.52,25.52,100,0
2017-11-28,21:35:00,25.5101,25.5388,25.5101,25.5388,1500,0
2017-11-28,22:00:00,25.5148,25.54,25.5148,25.515,450,0
2017-11-29,15:40:00,25.5593,25.5593,25.5593,25.5593,400,0
2017-11-29,15:55:00,25.49,25.49,25.49,25.49,240,0
2017-11-29,16:30:00,25.45,25.45,25.4491,25.4491,200,0
2017-11-29,17:15:00,25.45,25.45,25.45,25.45,700,0
2017-11-29,18:40:00,25.48,25.48,25.48,25.48,100,0
2017-11-29,21:45:00,25.53,25.53,25.53,25.53,100,0
2017-11-30,16:40:00,25.5,25.5,25.5,25.5,100,0
2017-11-30,17:35:00,25.5,25.5,25.5,25.5,100,0
2017-11-30,18:05:00,25.5,25.5,25.5,25.5,100,0
2017-11-30,20:05:00,25.54,25.54,25.54,25.54,200,0
2017-11-30,21:20:00,25.5,25.53,25.5,25.53,1250,0
2017-11-30,22:00:00,25.54,25.54,25.54,25.54,100,0
2017-12-01,16:10:00,25.52,25.52,25.52,25.52,100,0
2017-12-01,16:55:00,25.52,25.52,25.52,25.52,100,0
2017-12-01,17:45:00,25.52,25.52,25.52,25.52,100,0
2017-12-01,18:40:00,25.4645,25.4645,25.4645,25.4645,250,0
2017-12-01,22:00:00,25.56,25.56,25.56,25.56,395,0
2017-12-04,19:45:00,25.3996,25.3996,25.3996,25.3996,100,0
2017-12-04,19:55:00,25.4,25.4,25.4,25.4,100,0
2017-12-04,20:00:00,25.41,25.41,25.41,25.41,100,0
2017-12-04,20:10:00,25.4,25.4,25.4,25.4,100,0
2017-12-04,20:15:00,25.41,25.41,25.41,25.41,100,0
2017-12-04,20:25:00,25.4182,25.4182,25.4182,25.4182,100,0
2017-12-04,20:35:00,25.42,25.42,25.42,25.42,100,0
2017-12-04,20:40:00,25.42,25.42,25.41,25.41,200,0
2017-12-04,20:50:00,25.42,25.42,25.42,25.42,100,0
2017-12-04,20:55:00,25.43,25.43,25.43,25.43,100,0
2017-12-04,21:05:00,25.43,25.43,25.43,25.43,100,0
2017-12-04,21:10:00,25.42,25.42,25.42,25.42,100,0
2017-12-04,21:20:00,25.44,25.44,25.41,25.41,800,0
2017-12-05,21:25:00,25.535,25.535,25.535,25.535,500,0
2017-12-05,21:35:00,25.52,25.52,25.52,25.52,700,0
2017-12-06,16:55:00,25.66,25.66,25.66,25.66,465,0
2017-12-06,21:55:00,25.55,25.55,25.55,25.55,100,0
2017-12-06,22:00:00,25.57,25.6,25.57,25.6,700,0
