Date,Time,Open,High,Low,Close,Volume,OpenInt
2017-09-01,15:35:00,25.79,25.79,25.772,25.772,1175,0
2017-09-01,15:40:00,25.68,25.68,25.68,25.68,155,0
2017-09-01,16:00:00,25.77,25.77,25.77,25.77,200,0
2017-09-01,16:35:00,25.7748,25.7748,25.7748,25.7748,117,0
2017-09-01,17:10:00,25.79,25.8,25.79,25.8,4155,0
2017-09-01,17:15:00,25.85,25.85,25.85,25.85,1000,0
2017-09-01,17:20:00,25.8896,25.8896,25.8711,25.8711,900,0
2017-09-01,17:50:00,25.9,25.9,25.9,25.9,500,0
2017-09-01,17:55:00,25.8401,25.8401,25.8401,25.8401,1000,0
2017-09-01,18:35:00,25.9394,25.9394,25.9394,25.9394,1000,0
2017-09-01,19:10:00,25.925,25.925,25.925,25.925,240,0
2017-09-01,19:40:00,25.94,25.94,25.84,25.84,650,0
2017-09-01,19:50:00,25.8831,25.8831,25.8831,25.8831,950,0
2017-09-01,20:10:00,25.91,25.91,25.91,25.91,100,0
2017-09-01,20:25:00,25.84,25.84,25.84,25.84,150,0
2017-09-01,20:55:00,25.89,25.89,25.89,25.89,100,0
2017-09-01,21:05:00,25.8,25.8,25.8,25.8,3166,0
2017-09-01,21:40:00,25.796,25.796,25.796,25.796,100,0
2017-09-01,21:50:00,25.799,25.89,25.7744,25.89,7118,0
2017-09-01,22:00:00,25.89,25.89,25.89,25.89,203,0
2017-09-05,18:35:00,25.8129,25.8129,25.8129,25.8129,216,0
2017-09-05,20:30:00,25.8216,25.8216,25.8216,25.8216,150,0
2017-09-05,20:45:00,25.89,25.89,25.885,25.89,300,0
2017-09-05,21:05:00,25.89,26.9451,25.89,26.13,6639,0
2017-09-05,21:10:00,26.0224,26.09,26.0224,26.09,215,0
2017-09-05,21:50:00,26.02,26.02,26.02,26.02,400,0
2017-09-05,22:00:00,26.015,26.07,26,26.07,14750,0
2017-09-06,16:10:00,26.1111,26.1111,26.1111,26.1111,1320,0
2017-09-06,18:00:00,25.931,25.931,25.931,25.931,1350,0
2017-09-06,18:05:00,25.931,25.931,25.931,25.931,900,0
2017-09-06,18:50:00,25.9601,25.9601,25.9601,25.9601,300,0
2017-09-06,18:55:00,25.9311,25.9311,25.9311,25.9311,450,0
2017-09-06,19:05:00,25.9,25.9,25.9,25.9,930,0
2017-09-06,19:35:00,25.86,25.86,25.77,25.8,4175,0
2017-09-06,20:55:00,25.86,25.86,25.86,25.86,134,0
2017-09-06,21:10:00,25.8191,25.8191,25.8191,25.8191,125,0
2017-09-06,21:45:00,25.909,25.909,25.909,25.909,360,0
2017-09-06,21:50:00,25.89,25.89,25.89,25.89,132,0
2017-09-06,22:00:00,25.91,25.91,25.91,25.91,100,0
2017-09-07,15:35:00,25.88,25.88,25.88,25.88,200,0
2017-09-07,15:40:00,25.92,25.92,25.92,25.92,400,0
2017-09-07,16:35:00,25.95,25.96,25.95,25.95,2500,0
2017-09-07,16:40:00,25.9599,25.9599,25.95,25.95,1660,0
2017-09-07,16:45:00,25.95,25.95,25.95,25.95,730,0
2017-09-07,18:15:00,25.87,25.87,25.87,25.87,200,0
2017-09-07,19:05:00,25.86,25.86,25.86,25.86,100,0
2017-09-07,19:55:00,25.85,25.9436,25.84,25.9436,565,0
2017-09-08,16:50:00,26,26,26,26,400,0
2017-09-08,16:55:00,25.75,25.75,25.75,25.75,100,0
2017-09-08,18:40:00,25.8331,25.8331,25.8331,25.8331,470,0
2017-09-08,18:50:00,25.8332,25.8332,25.8332,25.8332,150,0
2017-09-08,18:55:00,25.77,25.78,25.77,25.78,550,0
2017-09-08,19:00:00,25.78,25.88,25.78,25.88,600,0
2017-09-08,19:50:00,25.88,25.88,25.88,25.88,400,0
2017-09-08,20:40:00,25.9377,25.9377,25.9377,25.9377,140,0
2017-09-08,21:10:00,25.919,25.919,25.919,25.919,250,0
2017-09-08,21:20:00,25.88,25.88,25.88,25.88,200,0
2017-09-08,21:45:00,25.89,25.9,25.89,25.8999,500,0
2017-09-08,21:50:00,25.88,25.88,25.88,25.88,294,0
2017-09-08,21:55:00,25.87,25.8999,25.87,25.87,2422,0
2017-09-11,16:00:00,26,26,26,26,1000,0
2017-09-11,16:05:00,26.12,26.12,26,26,600,0
2017-09-11,16:10:00,26,26,25.88,25.88,911,0
2017-09-11,16:15:00,25.92,25.92,25.92,25.92,100,0
2017-09-11,16:20:00,25.89,26.09,25.89,26.0382,900,0
2017-09-11,16:30:00,25.94,25.94,25.94,25.94,100,0
2017-09-11,16:40:00,25.93,25.93,25.905,25.905,200,0
2017-09-11,17:35:00,25.9199,25.9199,25.89,25.89,400,0
2017-09-11,17:50:00,25.89,25.89,25.89,25.89,100,0
2017-09-11,18:05:00,25.9,25.9,25.9,25.9,200,0
2017-09-11,18:50:00,25.91,25.91,25.89,25.91,700,0
2017-09-11,19:05:00,25.9513,25.9513,25.9513,25.9513,390,0
2017-09-11,19:30:00,25.9299,25.9299,25.9299,25.9299,247,0
2017-09-11,19:40:00,25.9021,25.9021,25.9,25.9,340,0
2017-09-11,20:20:00,25.92,25.92,25.92,25.92,200,0
2017-09-11,20:50:00,25.95,25.95,25.95,25.95,100,0
2017-09-11,21:10:00,25.9001,25.9001,25.9,25.9,830,0
2017-09-11,21:30:00,25.94,25.95,25.9,25.9,1400,0
2017-09-11,21:40:00,25.9215,25.9215,25.89,25.89,700,0
2017-09-11,21:50:00,25.89,25.89,25.81,25.81,1199,0
2017-09-11,21:55:00,25.82,25.82,25.82,25.82,530,0
2017-09-12,16:45:00,25.92,25.92,25.92,25.92,250,0
2017-09-12,17:10:00,25.92,25.92,25.92,25.92,150,0
2017-09-12,17:15:00,25.92,25.92,25.92,25.92,201,0
2017-09-12,18:30:00,25.8301,25.8301,25.83,25.83,500,0
2017-09-12,19:45:00,25.91,25.91,25.91,25.91,100,0
2017-09-12,20:00:00,25.882,25.882,25.84,25.84,700,0
2017-09-12,21:05:00,25.84,25.9,25.83,25.9,2928,0
2017-09-12,21:20:00,25.8733,25.8733,25.8733,25.8733,380,0
2017-09-12,21:30:00,25.87,25.87,25.87,25.87,100,0
2017-09-12,22:00:00,25.88,25.9,25.84,25.84,300,0
2017-09-13,16:15:00,25.7781,25.7781,25.7781,25.7781,1150,0
2017-09-13,16:25:00,25.8441,25.8441,25.8441,25.8441,500,0
2017-09-13,16:30:00,25.84,25.84,25.84,25.84,1800,0
2017-09-13,16:35:00,25.8391,26.0784,25.8391,26.0784,3595,0
2017-09-13,16:40:00,25.92,25.92,25.92,25.92,152,0
2017-09-13,16:55:00,26,26,26,26,1100,0
2017-09-13,17:25:00,26,26,26,26,100,0
2017-09-13,17:30:00,26.05,26.05,26.05,26.05,300,0
2017-09-13,17:45:00,26.0411,26.0411,25.9871,25.9871,3800,0
2017-09-13,17:55:00,25.98,26.12,25.96,25.96,3414,0
2017-09-13,18:00:00,25.98,25.98,25.98,25.98,100,0
2017-09-13,18:05:00,25.95,25.95,25.95,25.95,100,0
2017-09-13,18:10:00,25.95,26.15,25.95,26.11,1199,0
2017-09-13,18:15:00,25.9997,25.9997,25.9997,25.9997,220,0
2017-09-13,18:30:00,25.975,25.975,25.975,25.975,341,0
2017-09-13,18:55:00,26.04,26.05,25.975,25.975,4400,0
2017-09-13,19:20:00,25.9265,25.9265,25.9265,25.9265,1870,0
2017-09-13,19:25:00,25.976,25.976,25.976,25.976,567,0
2017-09-13,19:45:00,26.0001,26.0001,26.0001,26.0001,3000,0
2017-09-13,19:50:00,26,26,25.98,25.98,3200,0
2017-09-13,19:55:00,26,26,25.986,26,3653,0
2017-09-13,20:25:00,26.05,26.05,26.05,26.05,2399,0
2017-09-13,20:40:00,26.033,26.033,26.033,26.033,1000,0
2017-09-13,21:15:00,26,26,26,26,100,0
2017-09-13,21:40:00,26,26.0001,26,26.0001,2419,0
2017-09-13,21:50:00,25.96,25.96,25.96,25.96,100,0
2017-09-13,22:00:00,26,26,25.91,25.91,200,0
2017-09-14,16:20:00,25.92,25.95,25.92,25.95,560,0
2017-09-14,16:25:00,25.9248,25.9248,25.9248,25.9248,800,0
2017-09-14,18:30:00,25.91,25.91,25.91,25.91,143,0
2017-09-14,20:00:00,25.9135,25.9135,25.9135,25.9135,500,0
2017-09-14,20:30:00,25.9134,25.9134,25.9134,25.9134,100,0
2017-09-14,20:40:00,25.9135,25.95,25.9135,25.95,400,0
2017-09-14,20:45:00,25.871,25.871,25.871,25.871,400,0
2017-09-14,21:00:00,25.87,25.95,25.87,25.95,700,0
2017-09-14,21:45:00,25.907,25.907,25.907,25.907,168,0
2017-09-14,21:55:00,25.8951,25.8951,25.8951,25.8951,100,0
2017-09-15,17:10:00,25.9173,25.9173,25.9173,25.9173,410,0
2017-09-15,18:30:00,25.91,25.91,25.91,25.91,100,0
2017-09-15,18:55:00,25.89,25.89,25.89,25.89,972,0
2017-09-15,21:30:00,25.9,25.97,25.9,25.97,1403,0
2017-09-18,15:40:00,25.97,25.97,25.9663,25.9663,797,0
2017-09-18,15:45:00,25.9601,25.9601,25.96,25.9601,800,0
2017-09-18,15:55:00,25.97,25.97,25.97,25.97,1903,0
2017-09-18,16:25:00,26.03,26.03,26.0222,26.0222,537,0
2017-09-18,16:40:00,26.034,26.034,26.034,26.034,211,0
2017-09-18,16:55:00,26.0418,26.0418,26.0418,26.0418,154,0
2017-09-18,17:00:00,26.011,26.011,26.011,26.011,450,0
2017-09-18,17:05:00,26.01,26.01,26.01,26.01,100,0
2017-09-18,17:20:00,26.05,26.07,26.05,26.07,500,0
2017-09-18,17:25:00,26.07,26.07,26.045,26.045,362,0
2017-09-18,17:35:00,26.07,26.101,26.07,26.101,1518,0
2017-09-18,17:40:00,26.101,26.101,26.101,26.101,350,0
2017-09-18,18:05:00,26.1193,26.1193,26.1193,26.1193,100,0
2017-09-18,18:40:00,26.0322,26.0322,26.0322,26.0322,100,0
2017-09-18,18:55:00,26.1099,26.1099,26.1099,26.1099,800,0
2017-09-18,19:25:00,26.058,26.058,26.058,26.058,120,0
2017-09-18,20:20:00,26.0601,26.0601,26.0601,26.0601,900,0
2017-09-18,20:50:00,26.0937,26.0937,26.0937,26.0937,400,0
2017-09-18,21:00:00,26.0801,26.0801,26.0801,26.0801,198,0
2017-09-18,21:05:00,26.0999,26.0999,26.0999,26.0999,100,0
2017-09-18,21:10:00,26.09,26.09,26.09,26.09,100,0
2017-09-18,21:25:00,26.0999,26.0999,26.0999,26.0999,198,0
2017-09-19,15:35:00,26.02,26.02,26.02,26.02,201,0
2017-09-19,16:15:00,26.0225,26.0225,26.0225,26.0225,500,0
2017-09-19,16:25:00,26.0216,26.0216,26.0216,26.0216,240,0
2017-09-19,16:35:00,26.09,26.09,26.09,26.09,100,0
2017-09-19,16:55:00,26.09,26.09,26.09,26.09,200,0
2017-09-19,17:00:00,26.09,26.09,26.0801,26.09,3409,0
2017-09-19,17:25:00,26.028,26.028,26.028,26.028,200,0
2017-09-19,17:30:00,26.055,26.055,26.055,26.055,135,0
2017-09-19,17:35:00,26.09,26.09,26.09,26.09,100,0
2017-09-19,17:50:00,26.067,26.067,26.067,26.067,1916,0
2017-09-19,18:05:00,26.09,26.09,26.09,26.09,1430,0
2017-09-19,18:10:00,26.09,26.09,26.09,26.09,1965,0
2017-09-19,18:15:00,26.09,26.09,26.09,26.09,280,0
2017-09-19,18:20:00,26.028,26.028,26.028,26.028,160,0
2017-09-19,18:35:00,26.099,26.099,26.099,26.099,400,0
2017-09-19,19:30:00,26.051,26.1,26.051,26.051,4000,0
2017-09-19,20:05:00,26.08,26.08,26.08,26.08,1209,0
2017-09-19,20:10:00,26.1309,26.1309,26.1309,26.1309,160,0
2017-09-19,20:35:00,26.0797,26.0797,26.0797,26.0797,380,0
2017-09-19,21:05:00,26.0991,26.0991,26.0991,26.0991,171,0
2017-09-19,21:50:00,26.0835,26.0835,26.0347,26.0347,1360,0
2017-09-19,22:00:00,26.13,26.13,26.13,26.13,100,0
2017-09-20,15:45:00,26.1281,26.1281,26.125,26.125,900,0
2017-09-20,15:55:00,26.12,26.12,26.12,26.12,100,0
2017-09-20,16:25:00,26.12,26.12,26.12,26.12,200,0
2017-09-20,16:35:00,26.12,26.12,26.12,26.12,300,0
2017-09-20,16:50:00,26.1289,26.1289,26.1289,26.1289,100,0
2017-09-20,17:55:00,26.129,26.13,26.12,26.13,950,0
2017-09-20,18:40:00,26.1617,26.1617,26.1617,26.1617,400,0
2017-09-20,20:25:00,26.17,26.17,26.1539,26.1659,558,0
2017-09-20,21:10:00,26.112,26.112,26.112,26.112,130,0
2017-09-20,21:20:00,26.159,26.159,26.159,26.159,260,0
2017-09-20,21:30:00,26.16,26.17,26.15,26.16,2200,0
2017-09-20,21:35:00,26.18,26.2512,26.18,26.2512,2500,0
2017-09-20,21:55:00,26.25,26.25,26.25,26.25,200,0
2017-09-20,22:00:00,26.2356,26.3,26.2356,26.3,3210,0
2017-09-21,15:35:00,26.18,26.18,26.18,26.18,300,0
2017-09-21,15:40:00,26.27,26.29,26.27,26.28,3700,0
2017-09-21,16:25:00,26.238,26.28,26.238,26.28,475,0
2017-09-21,16:40:00,26.265,26.265,26.265,26.265,1800,0
2017-09-21,17:10:00,26.265,26.265,26.265,26.265,1000,0
2017-09-21,17:20:00,26.25,26.265,26.25,26.25,6365,0
2017-09-21,17:30:00,26.25,26.25,26.25,26.25,300,0
2017-09-21,17:50:00,26.28,26.28,26.265,26.265,400,0
2017-09-21,18:00:00,26.265,26.265,26.265,26.265,500,0
2017-09-21,18:05:00,26.28,26.29,26.28,26.29,800,0
2017-09-21,18:10:00,26.28,26.28,26.28,26.28,100,0
2017-09-21,18:15:00,26.29,26.29,26.29,26.29,1700,0
2017-09-21,18:40:00,26.3112,26.3112,26.3059,26.3059,900,0
2017-09-21,19:00:00,26.251,26.251,26.251,26.251,450,0
2017-09-21,19:05:00,26.3,26.3,26.26,26.26,850,0
2017-09-21,19:10:00,26.2794,26.2794,26.2794,26.2794,266,0
2017-09-21,19:25:00,26.26,26.26,26.26,26.26,900,0
2017-09-21,19:30:00,26.3153,26.3153,26.3153,26.3153,293,0
2017-09-21,20:25:00,26.3071,26.3071,26.3071,26.3071,292,0
2017-09-21,20:30:00,26.262,26.262,26.262,26.262,1000,0
2017-09-21,20:40:00,26.27,26.27,26.26,26.27,900,0
2017-09-21,20:50:00,26.2645,26.2645,26.262,26.262,400,0
2017-09-21,21:00:00,26.28,26.28,26.28,26.28,200,0
2017-09-21,21:10:00,26.2701,26.35,26.2701,26.35,1000,0
2017-09-21,21:20:00,26.2701,26.295,26.2701,26.295,900,0
2017-09-21,21:25:00,26.27,26.27,26.27,26.27,500,0
2017-09-21,21:35:00,26.282,26.29,26.282,26.29,1270,0
2017-09-21,21:40:00,26.3,26.3,26.3,26.3,100,0
2017-09-21,21:45:00,26.3,26.3,26.27,26.2725,1000,0
2017-09-21,21:50:00,26.271,26.271,26.271,26.271,900,0
2017-09-22,15:45:00,26.27,26.27,26.27,26.27,976,0
2017-09-22,15:50:00,26.27,26.27,26.27,26.27,719,0
2017-09-22,16:15:00,26.125,26.125,26.08,26.08,4000,0
2017-09-22,18:45:00,26.12,26.12,26.03,26.03,500,0
2017-09-22,18:50:00,26.02,26.02,26,26,1000,0
2017-09-22,19:00:00,25.91,25.91,25.91,25.91,100,0
2017-09-22,19:10:00,25.9769,25.9769,25.9769,25.9769,800,0
2017-09-22,19:20:00,25.91,25.91,25.91,25.91,500,0
2017-09-22,19:35:00,25.945,25.945,25.945,25.945,1500,0
2017-09-22,21:05:00,25.93,25.93,25.93,25.93,100,0
2017-09-22,22:00:00,25.99,25.99,25.95,25.95,500,0
2017-09-25,16:00:00,25.93,25.93,25.93,25.93,1000,0
2017-09-25,16:20:00,26.1002,26.1002,26.1002,26.1002,700,0
2017-09-25,16:55:00,26.0065,26.0065,26.0065,26.0065,200,0
2017-09-25,17:00:00,26.0483,26.0483,26.0483,26.0483,260,0
2017-09-25,19:20:00,25.94,25.95,25.94,25.95,1100,0
2017-09-25,19:40:00,25.95,26.016,25.95,26,1100,0
2017-09-25,19:50:00,26.0093,26.0093,26.0093,26.0093,650,0
2017-09-25,20:00:00,26,26,26,26,100,0
2017-09-25,20:20:00,26,26,26,26,199,0
2017-09-25,20:30:00,26,26,25.9848,25.9848,240,0
2017-09-25,20:55:00,26,26,26,26,144,0
2017-09-25,21:55:00,26.013,26.013,26.013,26.013,500,0
2017-09-26,16:40:00,26.02,26.02,26.02,26.02,100,0
2017-09-26,17:05:00,26.0302,26.0302,26.0302,26.0302,500,0
2017-09-26,17:25:00,26.0499,26.05,26.0499,26.05,1100,0
2017-09-26,17:30:00,26.04,26.04,26.04,26.04,300,0
2017-09-26,17:35:00,26.036,26.04,26.036,26.04,500,0
2017-09-26,17:45:00,26.0499,26.0499,26.046,26.046,790,0
2017-09-26,18:00:00,26.0101,26.0101,26.0101,26.0101,190,0
2017-09-26,18:10:00,26.01,26.01,26.01,26.01,100,0
2017-09-26,18:20:00,26.0338,26.0338,26.0338,26.0338,220,0
2017-09-26,18:55:00,26.04,26.04,26.0383,26.0383,200,0
2017-09-26,19:00:00,26.0412,26.0412,26.0412,26.0412,129,0
2017-09-26,19:30:00,26.0362,26.0362,26.0362,26.0362,400,0
2017-09-26,20:10:00,26.0893,26.0893,26.0893,26.0893,400,0
2017-09-26,21:05:00,26.1099,26.1099,26.1099,26.1099,100,0
2017-09-26,21:50:00,26.0894,26.0894,26.0894,26.0894,100,0
2017-09-27,15:35:00,26.12,26.12,26.12,26.12,255,0
2017-09-27,15:50:00,26.0464,26.1,26.0464,26.08,1300,0
2017-09-27,15:55:00,26.0812,26.0812,26.07,26.07,1350,0
2017-09-27,16:15:00,26.09,26.0943,26.05,26.0943,1250,0
2017-09-27,16:20:00,26.08,26.08,26.08,26.08,100,0
2017-09-27,16:30:00,26.1,26.1,26.1,26.1,100,0
2017-09-27,16:35:00,26.08,26.082,26.05,26.082,2480,0
2017-09-27,16:40:00,26.0747,26.0747,26.0747,26.0747,470,0
2017-09-27,16:45:00,26.09,26.09,26.09,26.09,100,0
2017-09-27,16:50:00,26.08,26.08,26.08,26.08,100,0
2017-09-27,18:20:00,26.0001,26.0001,26.0001,26.0001,450,0
2017-09-27,19:10:00,26.0471,26.0471,26.0471,26.0471,500,0
2017-09-27,19:15:00,26.08,26.0801,26.07,26.07,500,0
2017-09-27,19:35:00,26.0256,26.07,26.0256,26.07,355,0
2017-09-27,19:45:00,26.0643,26.0643,26.0643,26.0643,350,0
2017-09-27,19:55:00,26.0585,26.0585,26.0585,26.0585,1050,0
2017-09-27,20:05:00,26.08,26.08,26.08,26.08,300,0
2017-09-27,20:40:00,26.035,26.035,26.035,26.035,500,0
2017-09-27,20:55:00,26.035,26.035,25.9001,25.9754,3960,0
2017-09-27,21:05:00,26.07,26.07,26.07,26.07,100,0
2017-09-27,21:15:00,26.12,26.12,26.12,26.12,100,0
2017-09-27,21:20:00,26.13,26.13,26.13,26.13,100,0
2017-09-27,21:25:00,26.13,26.13,26.13,26.13,200,0
2017-09-27,21:30:00,26.13,26.13,26.0204,26.0204,260,0
2017-09-27,21:40:00,26.13,26.13,26.13,26.13,100,0
2017-09-27,21:45:00,26.14,26.14,26.14,26.14,300,0
2017-09-27,21:50:00,26.13,26.13,26.13,26.13,100,0
2017-09-27,21:55:00,26.13,26.13,26.13,26.13,265,0
2017-09-28,15:35:00,25.99,25.99,25.99,25.99,700,0
2017-09-28,15:55:00,26.12,26.12,26.12,26.12,900,0
2017-09-28,16:10:00,25.95,25.95,25.95,25.95,100,0
2017-09-28,16:20:00,25.94,25.94,25.94,25.94,100,0
2017-09-28,16:50:00,25.94,25.94,25.94,25.94,200,0
2017-09-28,17:00:00,25.95,25.95,25.95,25.95,200,0
2017-09-28,17:05:00,25.94,25.94,25.93,25.93,400,0
2017-09-28,17:30:00,25.989,25.989,25.989,25.989,140,0
2017-09-28,17:55:00,25.94,25.94,25.94,25.94,160,0
2017-09-28,19:05:00,25.94,25.94,25.94,25.94,300,0
2017-09-28,19:25:00,25.94,25.94,25.94,25.94,300,0
2017-09-28,19:30:00,25.94,25.94,25.94,25.94,400,0
2017-09-28,20:00:00,25.95,25.95,25.95,25.95,100,0
2017-09-28,20:55:00,25.92,25.92,25.91,25.91,800,0
2017-09-28,22:00:00,25.92,25.944,25.92,25.92,310,0
2017-09-29,15:35:00,26.03,26.03,26.03,26.03,681,0
2017-09-29,15:45:00,26.01,26.0101,26.01,26.0101,1000,0
2017-09-29,15:50:00,25.9929,25.9929,25.9929,25.9929,100,0
2017-09-29,16:05:00,26.039,26.039,26.039,26.039,203,0
2017-09-29,16:15:00,26.02,26.02,26.02,26.02,207,0
2017-09-29,16:20:00,26.0055,26.0055,26.0055,26.0055,262,0
2017-09-29,17:20:00,26.01,26.01,26.01,26.01,100,0
2017-09-29,17:35:00,25.99,25.99,25.94,25.94,680,0
2017-09-29,18:10:00,25.94,25.9455,25.92,25.9339,3588,0
2017-09-29,18:55:00,25.99,25.99,25.99,25.99,200,0
2017-09-29,19:05:00,26.015,26.018,25.92,26.015,5467,0
2017-09-29,19:10:00,25.98,25.98,25.98,25.98,500,0
2017-09-29,19:15:00,25.98,25.98,25.98,25.98,100,0
2017-09-29,19:20:00,25.98,25.98,25.98,25.98,611,0
2017-09-29,20:25:00,25.98,25.98,25.98,25.98,100,0
2017-09-29,20:35:00,26.049,26.049,26.02,26.034,1800,0
2017-09-29,20:40:00,26.02,26.1078,26.02,26.1078,1750,0
2017-09-29,20:45:00,26.11,26.11,26.11,26.11,100,0
2017-09-29,20:50:00,26.0281,26.09,26.0133,26.0136,1000,0
2017-09-29,20:55:00,26.08,26.1,26.03,26.1,500,0
2017-09-29,21:00:00,26.1,26.1274,26.0402,26.1274,1650,0
2017-09-29,21:05:00,26.14,26.14,26.14,26.14,500,0
2017-09-29,21:10:00,26.14,26.14,26.14,26.14,200,0
2017-09-29,21:20:00,26.31,26.31,26.31,26.31,100,0
2017-09-29,21:25:00,26.31,26.31,26.31,26.31,100,0
2017-09-29,21:35:00,26.23,26.23,26.23,26.23,100,0
2017-09-29,21:40:00,26.24,26.24,26.24,26.24,200,0
2017-09-29,21:45:00,26.24,26.25,26.05,26.25,300,0
2017-09-29,21:50:00,26.25,26.25,26.1,26.25,1226,0
2017-09-29,21:55:00,26.25,26.25,26.25,26.25,200,0
2017-09-29,22:00:00,26.24,26.25,26.15,26.25,1410,0
2017-10-02,15:35:00,26.18,26.18,26.18,26.18,100,0
2017-10-02,16:00:00,26.135,26.1494,26.135,26.1494,900,0
2017-10-02,16:05:00,26.2152,26.2152,26.18,26.18,585,0
2017-10-02,16:10:00,26.135,26.249,26.1238,26.249,2450,0
2017-10-02,17:20:00,26.15,26.1794,26.15,26.1794,550,0
2017-10-02,17:25:00,26.1725,26.189,26.15,26.189,2609,0
2017-10-02,19:05:00,26.1682,26.1682,26.1682,26.1682,100,0
2017-10-02,19:30:00,26.07,26.07,26.07,26.07,100,0
2017-10-02,19:45:00,26.1259,26.1259,26.1259,26.1259,2000,0
2017-10-02,19:55:00,26.023,26.023,26.023,26.023,110,0
2017-10-02,20:25:00,26.1181,26.1654,26.1181,26.1654,320,0
2017-10-02,20:35:00,26.1539,26.1539,26.1539,26.1539,200,0
2017-10-02,20:45:00,26.1586,26.1586,26.1586,26.1586,550,0
2017-10-02,20:55:00,26.0789,26.0789,26.0789,26.0789,240,0
2017-10-02,22:00:00,26.13,26.13,26.1,26.1,706,0
2017-10-03,17:00:00,25.99,25.99,25.99,25.99,900,0
2017-10-03,17:05:00,26.0898,26.0898,26.0597,26.0597,900,0
2017-10-03,18:00:00,25.9978,25.9978,25.9978,25.9978,169,0
2017-10-03,18:10:00,25.99,25.99,25.99,25.99,500,0
2017-10-03,18:15:00,25.99,25.99,25.99,25.99,200,0
2017-10-03,18:25:00,25.9689,25.9689,25.9689,25.9689,420,0
2017-10-03,18:55:00,25.98,25.99,25.98,25.99,600,0
2017-10-03,19:15:00,26,26,25.9765,25.9765,626,0
2017-10-03,19:20:00,25.9844,25.9844,25.9779,25.9779,1065,0
2017-10-03,19:25:00,26.0312,26.0412,26.0312,26.0412,900,0
2017-10-03,19:30:00,26.03,26.03,25.97,25.97,1250,0
2017-10-03,19:55:00,26,26,26,26,200,0
2017-10-03,20:20:00,25.9715,25.9715,25.97,25.97,2200,0
2017-10-03,20:35:00,26.0565,26.0565,25.97,25.97,1200,0
2017-10-03,20:50:00,25.9201,25.9201,25.9201,25.9201,450,0
2017-10-03,21:00:00,25.9923,25.9923,25.9923,25.9923,130,0
2017-10-03,21:35:00,25.91,25.934,25.91,25.934,450,0
2017-10-03,21:50:00,25.91,25.9104,25.91,25.9104,1300,0
2017-10-03,22:00:00,25.91,25.9101,25.91,25.9101,564,0
2017-10-04,15:35:00,25.9962,25.9962,25.9962,25.9962,450,0
2017-10-04,15:40:00,25.9912,25.9912,25.9912,25.9912,450,0
2017-10-04,16:55:00,25.93,25.93,25.93,25.93,100,0
2017-10-04,18:00:00,25.9133,25.9133,25.9133,25.9133,450,0
2017-10-04,19:20:00,25.92,25.92,25.92,25.92,100,0
2017-10-04,19:40:00,25.91,25.91,25.91,25.91,1500,0
2017-10-04,19:55:00,25.91,25.91,25.91,25.91,100,0
2017-10-04,20:15:00,25.927,25.9469,25.927,25.9469,1280,0
2017-10-04,21:25:00,25.9485,25.9485,25.9485,25.9485,417,0
2017-10-04,21:30:00,25.9101,25.9599,25.9101,25.92,637,0
2017-10-04,21:55:00,25.93,25.93,25.91,25.91,1728,0
2017-10-04,22:00:00,25.92,25.92,25.91,25.9101,1800,0
2017-10-05,16:20:00,25.912,25.912,25.912,25.912,480,0
2017-10-05,16:30:00,25.9072,25.9072,25.9072,25.9072,130,0
2017-10-05,16:40:00,25.9,25.9,25.9,25.9,180,0
2017-10-05,17:25:00,25.96,25.96,25.96,25.96,867,0
2017-10-05,17:55:00,25.96,25.96,25.96,25.96,1200,0
2017-10-05,18:20:00,25.9619,25.9619,25.9619,25.9619,200,0
2017-10-05,18:55:00,25.9878,25.9878,25.9878,25.9878,454,0
2017-10-05,19:40:00,26,26.0636,26,26.06,800,0
2017-10-05,19:50:00,26.0939,26.0939,26.0939,26.0939,193,0
2017-10-05,19:55:00,26.1004,26.1004,26.0978,26.0978,386,0
2017-10-05,20:50:00,25.99,25.99,25.99,25.99,300,0
2017-10-05,21:15:00,25.9621,25.9621,25.9621,25.9621,193,0
2017-10-05,21:20:00,25.9399,25.9399,25.9399,25.9399,193,0
2017-10-05,21:30:00,25.92,25.92,25.92,25.92,475,0
2017-10-05,21:35:00,25.93,25.9367,25.93,25.9367,389,0
2017-10-05,21:50:00,25.91,25.91,25.91,25.91,1407,0
2017-10-05,21:55:00,25.91,25.91,25.91,25.91,647,0
2017-10-06,15:35:00,25.91,26.005,25.91,26.005,850,0
2017-10-06,15:40:00,26.005,26.005,26.005,26.005,450,0
2017-10-06,15:55:00,25.91,25.91,25.9,25.9,800,0
2017-10-06,16:00:00,25.88,25.88,25.85,25.85,2575,0
2017-10-06,16:10:00,25.85,25.85,25.85,25.85,6124,0
2017-10-06,16:20:00,25.87,25.87,25.8626,25.87,1200,0
2017-10-06,16:25:00,25.87,25.87,25.87,25.87,100,0
2017-10-06,16:30:00,25.87,25.88,25.87,25.88,500,0
2017-10-06,16:35:00,25.85,25.8501,25.85,25.8501,2484,0
2017-10-06,16:45:00,25.9972,25.9972,25.9972,25.9972,515,0
2017-10-06,17:20:00,25.92,25.92,25.92,25.92,1300,0
2017-10-06,17:40:00,25.915,25.915,25.915,25.915,190,0
2017-10-06,18:10:00,25.8513,25.8513,25.8513,25.8513,1000,0
2017-10-06,18:15:00,25.87,25.87,25.87,25.87,100,0
2017-10-06,18:20:00,25.8538,25.8538,25.85,25.85,1000,0
2017-10-06,18:35:00,25.89,25.89,25.89,25.89,100,0
2017-10-06,19:05:00,25.9,25.9,25.9,25.9,336,0
2017-10-06,19:35:00,25.91,25.91,25.85,25.85,3979,0
2017-10-06,20:55:00,25.85,25.85,25.85,25.85,236,0
2017-10-06,21:10:00,25.86,25.9117,25.85,25.9017,1763,0
2017-10-09,15:45:00,25.87,25.87,25.85,25.85,529,0
2017-10-09,16:25:00,25.85,25.85,25.85,25.85,300,0
2017-10-09,16:45:00,25.852,25.852,25.852,25.852,1400,0
2017-10-09,17:05:00,25.85,25.85,25.85,25.85,100,0
2017-10-09,17:40:00,25.85,25.85,25.85,25.85,578,0
2017-10-09,18:20:00,25.86,25.86,25.86,25.86,100,0
2017-10-09,18:50:00,25.86,25.87,25.86,25.87,468,0
2017-10-09,19:35:00,25.87,25.89,25.87,25.89,2570,0
2017-10-09,19:40:00,25.89,25.89,25.89,25.89,132,0
2017-10-09,19:50:00,25.89,25.89,25.89,25.89,200,0
2017-10-09,19:55:00,25.89,25.89,25.89,25.89,200,0
2017-10-09,20:25:00,25.89,25.89,25.89,25.89,100,0
2017-10-09,20:35:00,25.924,25.924,25.924,25.924,1000,0
2017-10-09,20:50:00,25.92,25.92,25.92,25.92,100,0
2017-10-09,21:05:00,25.9,25.9,25.9,25.9,2277,0
2017-10-09,21:30:00,25.9,25.9025,25.9,25.9025,3000,0
2017-10-09,21:35:00,25.9,25.9,25.9,25.9,100,0
2017-10-09,21:50:00,25.9,25.92,25.9,25.92,585,0
2017-10-09,21:55:00,25.9,25.9,25.9,25.9,100,0
2017-10-09,22:00:00,25.9,25.9,25.9,25.9,1256,0
2017-10-10,16:00:00,25.8975,25.9,25.88,25.9,2984,0
2017-10-10,17:00:00,26.0291,26.0291,26.0291,26.0291,154,0
2017-10-10,17:35:00,26.0167,26.0167,26,26,900,0
2017-10-10,19:10:00,25.94,25.94,25.93,25.93,200,0
2017-10-10,19:15:00,25.94,25.94,25.94,25.94,100,0
2017-10-10,20:05:00,26.0499,26.0499,26.0499,26.0499,100,0
2017-10-10,20:25:00,25.93,25.93,25.93,25.93,100,0
2017-10-10,21:30:00,26.0354,26.0354,25.9781,25.9781,1618,0
2017-10-10,22:00:00,25.93,25.93,25.93,25.93,110,0
2017-10-11,15:35:00,25.94,25.94,25.94,25.94,100,0
2017-10-11,16:05:00,25.9991,25.9991,25.9991,25.9991,1000,0
2017-10-11,16:10:00,25.97,25.97,25.97,25.97,490,0
2017-10-11,16:40:00,25.991,26.0417,25.99,26.0417,500,0
2017-10-11,17:10:00,26,26.025,25.991,26.025,400,0
2017-10-11,17:15:00,25.99,25.99,25.99,25.99,100,0
2017-10-11,17:30:00,26,26.0441,25.99,26.0441,642,0
2017-10-11,17:50:00,26,26,26,26,100,0
2017-10-11,18:20:00,26.04,26.04,26.04,26.04,200,0
2017-10-11,19:20:00,25.99,25.9901,25.99,25.9901,1924,0
2017-10-11,19:50:00,25.94,25.94,25.94,25.94,500,0
2017-10-11,20:00:00,25.95,25.9691,25.95,25.9691,300,0
2017-10-11,20:05:00,25.95,25.95,25.94,25.94,1000,0
2017-10-11,20:10:00,25.94,25.958,25.94,25.958,2000,0
2017-10-11,20:25:00,25.94,25.94,25.94,25.94,142,0
2017-10-11,20:30:00,25.94,25.94,25.94,25.94,100,0
2017-10-11,20:40:00,25.94,25.94,25.94,25.94,100,0
2017-10-11,21:20:00,25.9667,25.9667,25.9667,25.9667,1000,0
2017-10-11,21:30:00,25.948,25.948,25.948,25.948,930,0
2017-10-11,22:00:00,25.976,25.976,25.94,25.94,315,0
2017-10-12,15:35:00,26.04,26.04,26.04,26.04,1000,0
2017-10-12,16:30:00,26.019,26.019,26.019,26.019,818,0
2017-10-12,17:15:00,25.92,25.9645,25.92,25.9645,360,0
2017-10-12,17:25:00,25.9555,25.9555,25.937,25.937,1342,0
2017-10-12,17:40:00,25.945,25.945,25.92,25.9425,800,0
2017-10-12,18:20:00,25.92,25.9376,25.91,25.9375,1704,0
2017-10-12,19:45:00,25.973,25.973,25.973,25.973,170,0
2017-10-12,20:15:00,25.91,25.973,25.91,25.973,320,0
2017-10-12,20:20:00,25.91,25.91,25.91,25.91,142,0
2017-10-12,21:25:00,25.93,25.9363,25.91,25.91,560,0
2017-10-12,21:40:00,25.946,25.946,25.93,25.93,710,0
2017-10-12,21:55:00,25.91,25.91,25.91,25.91,150,0
2017-10-13,16:25:00,25.9732,25.9732,25.9732,25.9732,630,0
2017-10-13,16:55:00,25.9739,25.9739,25.9739,25.9739,3846,0
2017-10-13,18:00:00,25.98,25.98,25.98,25.98,270,0
2017-10-13,18:30:00,25.9597,25.9597,25.9597,25.9597,210,0
2017-10-13,18:40:00,25.9575,25.9575,25.9575,25.9575,160,0
2017-10-13,18:45:00,25.94,25.94,25.94,25.94,396,0
2017-10-13,19:50:00,25.92,25.92,25.92,25.92,100,0
2017-10-13,20:35:00,25.96,25.96,25.96,25.96,230,0
2017-10-13,22:00:00,25.91,25.91,25.91,25.91,100,0
2017-10-16,16:15:00,25.88,25.88,25.88,25.88,500,0
2017-10-16,16:30:00,25.89,25.89,25.88,25.88,247,0
2017-10-16,16:35:00,25.89,25.89,25.89,25.89,100,0
2017-10-16,18:50:00,25.9102,25.9102,25.9102,25.9102,132,0
2017-10-16,19:50:00,25.9272,25.9272,25.9272,25.9272,242,0
2017-10-16,20:30:00,25.9211,25.9211,25.9211,25.9211,160,0
2017-10-16,20:45:00,25.91,25.91,25.91,25.91,142,0
2017-10-16,21:20:00,25.9557,25.9557,25.9557,25.9557,100,0
2017-10-16,21:35:00,25.9,25.9,25.9,25.9,181,0
2017-10-16,21:45:00,25.9618,25.9618,25.9618,25.9618,430,0
2017-10-16,22:00:00,25.95,25.95,25.95,25.95,141,0
2017-10-17,15:35:00,25.92,25.92,25.92,25.92,140,0
2017-10-17,16:10:00,25.9286,25.9286,25.9286,25.9286,650,0
2017-10-17,16:50:00,25.94,25.94,25.94,25.94,165,0
2017-10-17,18:20:00,25.9282,25.9282,25.9282,25.9282,410,0
2017-10-17,19:35:00,25.95,25.95,25.95,25.95,506,0
2017-10-17,20:20:00,25.895,25.9,25.895,25.9,248,0
2017-10-17,21:25:00,25.91,25.91,25.91,25.91,1000,0
2017-10-17,22:00:00,25.9,25.9,25.9,25.9,578,0
2017-10-18,15:50:00,25.9,25.9,25.9,25.9,200,0
2017-10-18,16:05:00,25.87,25.87,25.87,25.87,242,0
2017-10-18,16:10:00,25.8686,25.8686,25.8686,25.8686,200,0
2017-10-18,16:25:00,25.85,25.86,25.85,25.86,1009,0
2017-10-18,16:50:00,25.86,25.86,25.86,25.86,200,0
2017-10-18,17:00:00,25.86,25.86,25.86,25.86,100,0
2017-10-18,17:10:00,25.8601,25.8601,25.86,25.86,2200,0
2017-10-18,17:20:00,25.86,25.86,25.86,25.86,100,0
2017-10-18,17:30:00,25.86,25.86,25.86,25.86,100,0
2017-10-18,17:40:00,25.86,25.86,25.86,25.86,100,0
2017-10-18,17:50:00,25.86,25.86,25.86,25.86,100,0
2017-10-18,18:00:00,25.8803,25.8803,25.87,25.87,200,0
2017-10-18,18:10:00,25.87,25.87,25.87,25.87,100,0
2017-10-18,18:20:00,25.86,25.86,25.86,25.86,100,0
2017-10-18,18:30:00,25.86,25.86,25.86,25.86,100,0
2017-10-18,18:40:00,25.86,25.86,25.86,25.86,100,0
2017-10-18,18:50:00,25.8621,25.8621,25.86,25.86,2000,0
2017-10-18,19:00:00,25.86,25.86,25.86,25.86,100,0
2017-10-18,19:10:00,25.86,25.86,25.86,25.86,100,0
2017-10-18,19:20:00,25.86,25.86,25.86,25.86,100,0
2017-10-18,19:30:00,25.86,25.86,25.86,25.86,100,0
2017-10-18,19:40:00,25.86,25.86,25.86,25.86,100,0
2017-10-18,19:45:00,25.879,25.88,25.86,25.8799,2753,0
2017-10-18,19:55:00,25.957,25.957,25.957,25.957,355,0
2017-10-18,20:00:00,25.887,25.887,25.887,25.887,100,0
2017-10-18,20:05:00,25.8949,25.8949,25.8949,25.8949,1000,0
2017-10-18,20:10:00,25.88,25.88,25.88,25.88,100,0
2017-10-18,20:20:00,25.86,25.86,25.86,25.86,100,0
2017-10-18,20:40:00,25.87,25.87,25.87,25.87,100,0
2017-10-18,20:50:00,25.86,25.86,25.86,25.86,100,0
2017-10-18,21:00:00,25.87,25.87,25.87,25.87,100,0
2017-10-18,21:10:00,25.979,25.979,25.87,25.87,474,0
2017-10-18,21:15:00,25.94,25.98,25.94,25.98,355,0
2017-10-18,21:20:00,25.968,25.968,25.89,25.89,280,0
2017-10-18,21:30:00,25.89,25.89,25.89,25.89,100,0
2017-10-18,21:40:00,25.89,25.89,25.89,25.89,100,0
2017-10-18,21:50:00,25.9,25.9,25.9,25.9,200,0
2017-10-18,22:00:00,25.89,25.89,25.89,25.89,219,0
2017-10-19,15:35:00,25.89,25.89,25.89,25.89,1000,0
2017-10-19,15:55:00,25.9452,25.9452,25.9452,25.9452,400,0
2017-10-19,16:25:00,25.9,25.9,25.9,25.9,500,0
2017-10-19,16:40:00,25.91,25.91,25.89,25.89,4400,0
2017-10-19,17:10:00,25.89,25.9,25.88,25.9,800,0
2017-10-19,17:35:00,25.966,25.98,25.89,25.9445,560,0
2017-10-19,17:55:00,25.97,26,25.9404,25.9774,2505,0
2017-10-19,18:00:00,26,26,26,26,600,0
2017-10-19,18:35:00,25.99,26,25.9388,25.9485,845,0
2017-10-19,19:20:00,25.9572,25.9572,25.9572,25.9572,600,0
2017-10-19,20:00:00,25.95,25.95,25.95,25.95,500,0
2017-10-19,20:05:00,26.0093,26.0093,26.0093,26.0093,316,0
2017-10-19,20:10:00,25.9409,25.9409,25.9409,25.9409,300,0
2017-10-19,20:15:00,26.029,26.029,26.029,26.029,450,0
2017-10-19,20:35:00,26,26,26,26,100,0
2017-10-19,20:55:00,25.96,25.96,25.96,25.96,100,0
2017-10-19,21:15:00,26.03,26.03,26.03,26.03,316,0
2017-10-20,16:30:00,26.069,26.069,26.069,26.069,100,0
2017-10-20,16:50:00,26,26,26,26,454,0
2017-10-20,18:00:00,25.9974,25.9974,25.9974,25.9974,400,0
2017-10-20,18:15:00,26.0463,26.0463,26.0463,26.0463,100,0
2017-10-20,20:15:00,26.06,26.06,26.0471,26.0471,600,0
2017-10-20,20:40:00,26.0237,26.0237,26.0237,26.0237,1000,0
2017-10-20,20:45:00,26.0237,26.0237,26.0237,26.0237,1000,0
2017-10-20,21:50:00,26.05,26.06,26.05,26.06,200,0
2017-10-20,21:55:00,26.048,26.048,26.048,26.048,300,0
2017-10-20,22:00:00,26.06,26.18,26.0118,26.18,5642,0
2017-10-23,15:35:00,26.01,26.01,26.01,26.01,110,0
2017-10-23,15:40:00,26.29,26.29,26.29,26.29,100,0
2017-10-23,17:40:00,26.1708,26.1708,26.1708,26.1708,400,0
2017-10-23,18:30:00,26.1107,26.1107,26.1107,26.1107,500,0
2017-10-23,19:05:00,26.1153,26.1153,26.1153,26.1153,200,0
2017-10-23,19:20:00,26.1607,26.1607,26.1607,26.1607,100,0
2017-10-23,20:20:00,26.08,26.0848,26.08,26.0848,943,0
2017-10-23,20:40:00,26.1115,26.16,26.1115,26.1115,1300,0
2017-10-23,21:00:00,26.128,26.128,26.128,26.128,720,0
2017-10-23,21:30:00,26.08,26.0904,26.08,26.0904,1700,0
2017-10-23,22:00:00,26.1232,26.1232,26.1232,26.1232,276,0
2017-10-24,15:55:00,26.165,26.24,26.165,26.24,500,0
2017-10-24,16:00:00,26.23,26.23,26.2201,26.23,1800,0
2017-10-24,16:05:00,26.22,26.23,26.22,26.23,600,0
2017-10-24,16:50:00,26.13,26.13,26.13,26.13,700,0
2017-10-24,17:00:00,26.13,26.13,26.1299,26.1299,500,0
2017-10-24,19:05:00,26.239,26.2399,26.239,26.2399,900,0
2017-10-24,19:25:00,26.239,26.239,26.239,26.239,450,0
2017-10-24,19:30:00,26.1783,26.24,26.1783,26.2399,2058,0
2017-10-24,20:05:00,26.208,26.208,26.208,26.208,200,0
2017-10-24,20:40:00,26.1834,26.1834,26.1834,26.1834,1000,0
2017-10-24,21:05:00,26.15,26.15,26.15,26.15,100,0
2017-10-25,15:35:00,26.13,26.1448,26.13,26.1448,2946,0
2017-10-25,15:45:00,26.0133,26.03,26.0133,26.03,1050,0
2017-10-25,16:10:00,26.05,26.05,26.05,26.05,300,0
2017-10-25,16:15:00,25.9975,25.9975,25.9788,25.9788,550,0
2017-10-25,16:50:00,25.95,25.95,25.95,25.95,294,0
2017-10-25,17:00:00,25.95,25.955,25.77,25.8879,9818,0
2017-10-25,17:05:00,25.86,25.86,25.86,25.86,100,0
2017-10-25,17:10:00,25.8813,25.8813,25.8813,25.8813,180,0
2017-10-25,18:30:00,25.874,25.874,25.874,25.874,380,0
2017-10-25,20:10:00,25.9917,25.9917,25.975,25.9862,1050,0
2017-10-25,20:15:00,25.99,25.99,25.99,25.99,100,0
2017-10-25,21:45:00,25.95,25.95,25.95,25.95,100,0
2017-10-25,21:50:00,25.951,25.965,25.95,25.965,3072,0
2017-10-26,16:20:00,25.8708,25.9557,25.8708,25.9557,500,0
2017-10-26,16:25:00,26.0348,26.0348,26.0348,26.0348,375,0
2017-10-26,18:00:00,25.9931,25.9931,25.9931,25.9931,600,0
2017-10-26,18:05:00,26.069,26.069,26.069,26.069,700,0
2017-10-26,18:45:00,25.925,25.925,25.925,25.925,300,0
2017-10-26,19:55:00,25.8501,25.8501,25.8501,25.8501,280,0
2017-10-26,20:10:00,25.8501,25.8501,25.8501,25.8501,340,0
2017-10-26,22:00:00,25.9234,25.9234,25.9234,25.9234,300,0
2017-10-27,16:00:00,25.9724,25.9952,25.9724,25.9952,1202,0
2017-10-27,17:30:00,25.99,25.99,25.98,25.98,1000,0
2017-10-27,17:45:00,25.98,25.98,25.98,25.98,300,0
2017-10-27,17:50:00,26,26,26,26,500,0
2017-10-27,17:55:00,26,26,26,26,155,0
2017-10-27,18:00:00,26,26,26,26,476,0
2017-10-27,18:10:00,26,26,25.9905,25.9905,358,0
2017-10-27,18:30:00,26,26,25.98,26,2825,0
2017-10-27,19:35:00,25.9312,25.9312,25.9312,25.9312,150,0
2017-10-27,19:50:00,25.9,25.9515,25.9,25.9,3368,0
2017-10-27,21:00:00,25.9,25.9,25.9,25.9,100,0
2017-10-30,14:35:00,25.91,25.91,25.91,25.91,200,0
2017-10-30,15:25:00,26.0604,26.0604,26.0577,26.0577,1000,0
2017-10-30,15:45:00,26,26,26,26,200,0
2017-10-30,17:25:00,26.0697,26.0697,25.93,25.945,700,0
2017-10-30,20:20:00,25.9321,25.9321,25.9321,25.9321,311,0
2017-10-30,20:45:00,25.9428,25.9428,25.9428,25.9428,373,0
2017-10-30,20:50:00,25.99,25.99,25.99,25.99,200,0
2017-10-30,20:55:00,25.98,25.98,25.98,25.98,200,0
2017-10-30,21:00:00,25.98,26.01,25.98,26.01,427,0
2017-10-31,14:35:00,25.91,25.91,25.91,25.91,100,0
2017-10-31,16:30:00,25.93,25.95,25.93,25.95,400,0
2017-10-31,16:35:00,25.95,25.95,25.95,25.95,2139,0
2017-10-31,16:55:00,25.95,25.95,25.95,25.95,200,0
2017-10-31,18:05:00,25.96,25.96,25.95,25.9501,1865,0
2017-10-31,19:35:00,25.9748,25.9748,25.9748,25.9748,308,0
2017-10-31,19:50:00,26,26,25.9986,26,1582,0
2017-10-31,20:50:00,25.95,25.986,25.95,25.986,1300,0
2017-10-31,20:55:00,25.95,25.95,25.95,25.95,200,0
2017-10-31,21:00:00,25.95,25.95,25.95,25.95,200,0
2017-11-01,14:35:00,25.8,25.8,25.8,25.8,100,0
2017-11-01,14:45:00,25.95,25.95,25.95,25.95,145,0
2017-11-01,15:10:00,25.9333,25.9476,25.9333,25.9476,900,0
2017-11-01,15:25:00,25.96,26.039,25.9433,25.9433,1150,0
2017-11-01,15:30:00,25.9598,25.9598,25.9598,25.9598,300,0
2017-11-01,15:45:00,25.9647,25.9647,25.9647,25.9647,150,0
2017-11-01,18:55:00,25.89,25.89,25.89,25.89,1000,0
2017-11-01,19:25:00,25.96,25.96,25.96,25.96,340,0
2017-11-01,19:40:00,25.9805,25.9805,25.9805,25.9805,1000,0
2017-11-01,20:20:00,26.009,26.009,26.009,26.009,250,0
2017-11-01,21:00:00,25.962,25.962,25.962,25.962,425,0
2017-11-02,14:35:00,25.8333,25.8333,25.8333,25.8333,600,0
2017-11-02,14:40:00,25.89,25.89,25.8333,25.8333,600,0
2017-11-02,14:45:00,25.879,25.879,25.879,25.879,300,0
2017-11-02,15:00:00,25.8275,25.85,25.8275,25.85,475,0
2017-11-02,15:15:00,25.88,25.88,25.852,25.855,574,0
2017-11-02,15:20:00,25.84,25.84,25.84,25.84,100,0
2017-11-02,15:25:00,25.8785,25.8785,25.8785,25.8785,100,0
2017-11-02,15:40:00,25.89,25.89,25.8899,25.8899,283,0
2017-11-02,15:55:00,26.0202,26.0202,25.9933,25.9933,1990,0
2017-11-02,16:15:00,25.945,25.945,25.945,25.945,300,0
2017-11-02,16:45:00,25.9,25.91,25.9,25.9,1900,0
2017-11-02,17:05:00,25.85,25.85,25.8,25.8,8648,0
2017-11-02,18:30:00,25.9,25.9018,25.846,25.846,1491,0
2017-11-02,18:35:00,25.844,25.844,25.844,25.844,300,0
2017-11-02,19:00:00,25.9517,25.9517,25.9462,25.9462,1050,0
2017-11-02,19:05:00,25.9,25.9,25.9,25.9,1790,0
2017-11-02,19:10:00,25.95,25.95,25.95,25.95,100,0
2017-11-02,19:15:00,25.85,25.85,25.85,25.85,1000,0
2017-11-02,19:35:00,25.9269,25.9269,25.8938,25.8938,1650,0
2017-11-02,19:55:00,25.8313,25.8313,25.8313,25.8313,256,0
2017-11-02,20:20:00,25.85,25.85,25.75,25.75,8192,0
2017-11-03,14:35:00,25.93,25.93,25.93,25.93,150,0
2017-11-03,15:40:00,25.8507,25.8507,25.8507,25.8507,700,0
2017-11-03,16:20:00,25.78,25.78,25.77,25.78,1036,0
2017-11-03,16:40:00,25.8881,25.8881,25.8881,25.8881,250,0
2017-11-03,16:45:00,25.78,25.78,25.7601,25.7601,600,0
2017-11-03,17:10:00,25.9004,25.9004,25.9004,25.9004,100,0
2017-11-03,17:15:00,25.9536,25.9536,25.9536,25.9536,100,0
2017-11-03,18:00:00,25.8526,25.93,25.8526,25.865,1126,0
2017-11-03,18:15:00,25.89,25.93,25.865,25.865,650,0
2017-11-03,20:45:00,25.85,25.85,25.85,25.85,360,0
2017-11-03,20:55:00,25.86,25.91,25.8586,25.91,1200,0
2017-11-03,21:00:00,25.92,25.92,25.92,25.92,100,0
2017-11-06,16:00:00,25.9327,25.9327,25.9327,25.9327,800,0
2017-11-06,16:05:00,25.9686,25.9686,25.9686,25.9686,538,0
2017-11-06,16:15:00,26.012,26.012,26.012,26.012,770,0
2017-11-06,17:25:00,25.7601,25.7601,25.7601,25.7601,930,0
2017-11-06,17:35:00,25.77,25.81,25.77,25.81,700,0
2017-11-06,17:40:00,25.95,25.97,25.95,25.97,775,0
2017-11-06,20:00:00,25.9303,25.9303,25.9303,25.9303,100,0
2017-11-06,20:50:00,25.885,25.885,25.885,25.885,900,0
2017-11-06,21:35:00,25.9592,25.9592,25.9592,25.9592,257,0
2017-11-06,21:40:00,25.85,25.99,25.84,25.88,4300,0
2017-11-06,22:00:00,25.84,25.84,25.84,25.84,516,0
2017-11-07,15:35:00,25.83,25.83,25.83,25.83,100,0
2017-11-07,16:10:00,25.85,25.86,25.81,25.8599,1826,0
2017-11-07,16:15:00,25.87,25.88,25.87,25.88,574,0
2017-11-07,16:55:00,25.82,25.82,25.81,25.81,500,0
2017-11-07,17:10:00,25.84,25.84,25.84,25.84,200,0
2017-11-07,17:40:00,25.8792,25.8792,25.81,25.81,600,0
2017-11-07,17:55:00,25.8261,25.8261,25.8261,25.8261,4110,0
2017-11-07,18:05:00,25.8433,25.88,25.8433,25.877,5200,0
2017-11-07,19:20:00,25.8799,25.88,25.82,25.8503,1410,0
2017-11-07,21:35:00,25.915,25.915,25.85,25.9074,718,0
2017-11-08,15:40:00,25.8783,25.97,25.8783,25.895,1500,0
2017-11-08,16:05:00,25.9183,25.9183,25.9183,25.9183,100,0
2017-11-08,17:45:00,25.898,25.898,25.898,25.898,430,0
2017-11-08,18:30:00,25.89,25.8944,25.89,25.8944,260,0
2017-11-08,19:10:00,25.97,26.03,25.9699,26.0008,600,0
2017-11-08,19:40:00,26.02,26.03,26.02,26.03,300,0
2017-11-08,20:00:00,25.93,25.93,25.84,25.84,1000,0
2017-11-08,20:05:00,25.8401,25.93,25.8401,25.93,2265,0
2017-11-08,20:50:00,26.01,26.2583,25.9583,26.2583,892,0
2017-11-08,21:00:00,26.02,26.02,25.936,25.936,200,0
2017-11-08,21:50:00,26.19,26.37,26.19,26.37,3980,0
2017-11-09,15:35:00,26.25,26.25,26.25,26.25,100,0
2017-11-09,15:40:00,26.105,26.105,26.1,26.1,2000,0
2017-11-09,16:10:00,26.06,26.06,26.06,26.06,100,0
2017-11-09,16:20:00,26.06,26.06,26.06,26.06,100,0
2017-11-09,16:35:00,26.06,26.06,26.06,26.06,100,0
2017-11-09,16:55:00,26.06,26.06,26.06,26.06,200,0
2017-11-09,17:50:00,26.11,26.11,26.11,26.11,800,0
2017-11-09,17:55:00,26.18,26.18,26.1,26.1505,800,0
2017-11-09,18:35:00,26.14,26.14,26.14,26.14,200,0
2017-11-09,19:05:00,26.18,26.18,26.16,26.16,304,0
2017-11-09,19:10:00,26.16,26.16,26.16,26.16,550,0
2017-11-09,19:20:00,26.12,26.12,26.12,26.12,100,0
2017-11-09,20:25:00,26.1284,26.1284,26.1284,26.1284,423,0
2017-11-09,20:30:00,26.154,26.154,26.154,26.154,420,0
2017-11-09,20:40:00,26.1045,26.12,26.1,26.12,500,0
2017-11-09,20:55:00,26.19,26.19,26.19,26.19,600,0
2017-11-09,21:00:00,26.19,26.19,26.19,26.19,700,0
2017-11-09,21:40:00,26.1999,26.2,26.18,26.2,3196,0
2017-11-09,22:00:00,26.2,26.2,26.2,26.2,250,0
2017-11-10,15:35:00,26.2,26.2,26.2,26.2,1474,0
2017-11-10,15:40:00,26.2,26.2,26.2,26.2,626,0
2017-11-10,15:45:00,26.2,26.2,26.2,26.2,800,0
2017-11-10,16:00:00,25.99,25.99,25.99,25.99,500,0
2017-11-10,16:20:00,26.128,26.2,26.128,26.2,1070,0
2017-11-10,17:10:00,26.1217,26.1217,26.1217,26.1217,500,0
2017-11-10,17:55:00,26.14,26.14,26.0856,26.0856,200,0
2017-11-10,18:10:00,26.02,26.05,26.02,26.025,1186,0
2017-11-10,18:50:00,26.0449,26.1,26.0449,26.06,1232,0
2017-11-10,19:00:00,26.0797,26.0797,26.0797,26.0797,160,0
2017-11-10,19:35:00,26.0721,26.0721,26.0721,26.0721,2000,0
2017-11-10,20:10:00,26.13,26.13,26.13,26.13,100,0
2017-11-10,20:20:00,26.1377,26.1377,26.1377,26.1377,600,0
2017-11-10,20:25:00,26.1284,26.1284,26.1284,26.1284,200,0
2017-11-10,20:45:00,26.1124,26.1124,26.1124,26.1124,200,0
2017-11-10,20:55:00,26.08,26.1354,26.08,26.1354,415,0
2017-11-10,21:05:00,26.14,26.14,26.14,26.14,1059,0
2017-11-10,21:10:00,26.15,26.15,26.15,26.15,218,0
2017-11-10,21:20:00,26.3,26.3,26.3,26.3,100,0
2017-11-10,21:50:00,26.2788,26.2788,26.2788,26.2788,200,0
2017-11-10,22:00:00,26.15,26.27,26.15,26.27,1628,0
2017-11-13,17:20:00,26.14,26.238,26.14,26.238,1200,0
2017-11-13,18:40:00,26.2333,26.2333,26.2333,26.2333,4000,0
2017-11-13,18:50:00,26.23,26.23,26.14,26.14,300,0
2017-11-13,18:55:00,26.23,26.23,26.23,26.23,300,0
2017-11-13,20:30:00,26.23,26.23,26.23,26.23,200,0
2017-11-13,21:15:00,26.26,26.2885,26.1923,26.1923,375,0
2017-11-13,21:35:00,26.26,26.26,26.26,26.26,200,0
2017-11-13,21:55:00,26.28,26.28,26.28,26.28,400,0
2017-11-13,22:00:00,26.283,26.283,26.283,26.283,100,0
2017-11-14,17:20:00,26.0538,26.0538,26.0538,26.0538,114,0
2017-11-14,18:20:00,26.27,26.27,26.05,26.05,2319,0
2017-11-14,18:45:00,26.2599,26.2599,26.2599,26.2599,125,0
2017-11-14,19:05:00,26.2,26.2,26.2,26.2,100,0
2017-11-14,19:15:00,25.97,26.0637,25.97,26.0637,200,0
2017-11-14,19:30:00,26,26,26,26,113,0
2017-11-14,19:40:00,26.08,26.08,26.08,26.08,100,0
2017-11-14,20:00:00,26.1,26.1,26.1,26.1,300,0
2017-11-14,20:10:00,26.1306,26.1306,26.1306,26.1306,236,0
2017-11-14,21:00:00,26.12,26.12,26.12,26.12,100,0
2017-11-14,21:10:00,26,26,25.98,25.985,1200,0
2017-11-14,21:40:00,26.0214,26.05,25.981,25.981,3137,0
2017-11-14,21:45:00,26.0471,26.0471,25.9666,25.9958,600,0
2017-11-14,22:00:00,26,26,25.96,26,836,0
2017-11-15,15:40:00,25.92,25.92,25.92,25.92,100,0
2017-11-15,16:15:00,25.96,25.98,25.96,25.98,200,0
2017-11-15,16:20:00,25.9233,25.94,25.9233,25.94,2400,0
2017-11-15,16:25:00,25.9415,26,25.9288,26,2300,0
2017-11-15,17:05:00,26,26,25.988,25.988,1600,0
2017-11-15,17:25:00,26,26,26,26,100,0
2017-11-15,17:40:00,25.9626,26,25.94,25.94,1700,0
2017-11-15,17:50:00,25.95,25.95,25.9499,25.9499,400,0
2017-11-15,18:25:00,26.12,26.12,26.12,26.12,100,0
2017-11-15,20:05:00,26,26,26,26,100,0
2017-11-15,20:30:00,26.13,26.25,26.12,26.25,2557,0
2017-11-15,21:00:00,26.24,26.24,26.24,26.24,100,0
2017-11-15,21:10:00,26.198,26.198,26.198,26.198,200,0
2017-11-15,21:45:00,26.24,26.25,26.2,26.2,898,0
2017-11-15,21:55:00,26.2,26.2,26.2,26.2,300,0
2017-11-16,15:45:00,26.29,26.29,26.29,26.29,100,0
2017-11-16,16:05:00,26.0776,26.0776,26.0776,26.0776,1195,0
2017-11-16,16:35:00,26,26.27,26,26.2601,800,0
2017-11-16,17:10:00,26.26,26.26,26.26,26.26,100,0
2017-11-16,17:15:00,26.124,26.124,26.124,26.124,525,0
2017-11-16,17:35:00,26.25,26.25,26.1513,26.1513,400,0
2017-11-16,17:55:00,26.22,26.22,26.22,26.22,100,0
2017-11-16,20:15:00,26.2378,26.2378,26.23,26.23,306,0
2017-11-16,20:25:00,26.24,26.24,26.24,26.24,200,0
2017-11-16,20:40:00,26.21,26.21,26.21,26.21,500,0
2017-11-16,20:50:00,26.06,26.28,26.0301,26.1979,2608,0
2017-11-16,20:55:00,26.07,26.07,26.07,26.07,300,0
2017-11-16,21:00:00,26.26,26.26,26.26,26.26,100,0
2017-11-16,21:05:00,26.27,26.28,26.27,26.27,473,0
2017-11-16,21:50:00,26.26,26.27,26.26,26.27,200,0
2017-11-16,22:00:00,26.26,26.29,26.26,26.29,1000,0
2017-11-17,15:40:00,26.2354,26.2354,26.2354,26.2354,150,0
2017-11-17,15:45:00,26.2615,26.2615,26.2615,26.2615,115,0
2017-11-17,16:20:00,26.3,26.3,26.3,26.3,100,0
2017-11-17,17:10:00,26.3,26.3,26.3,26.3,100,0
2017-11-17,17:30:00,26.0804,26.0804,26.0804,26.0804,1000,0
2017-11-17,18:00:00,26.29,26.29,26.29,26.29,100,0
2017-11-17,18:20:00,26.15,26.15,26.15,26.15,590,0
2017-11-17,18:50:00,26.3,26.3,26.3,26.3,100,0
2017-11-17,19:20:00,26.07,26.07,26.07,26.07,200,0
2017-11-17,19:35:00,26.29,26.29,26.29,26.29,100,0
2017-11-17,19:40:00,26.3,26.3,26.2874,26.2874,240,0
2017-11-17,20:15:00,26.3,26.3,26.3,26.3,100,0
2017-11-17,20:55:00,26.31,26.31,26.31,26.31,100,0
2017-11-17,21:45:00,26.2839,26.2839,26.2839,26.2839,100,0
2017-11-17,21:55:00,26.34,26.34,26.3,26.3,1200,0
2017-11-17,22:00:00,26.25,26.2535,26.09,26.09,3900,0
2017-11-20,15:35:00,26.1107,26.1107,26.1107,26.1107,150,0
2017-11-20,16:55:00,26.246,26.246,26.2,26.2,640,0
2017-11-20,17:10:00,26.2107,26.2107,26.1867,26.1867,974,0
2017-11-20,17:30:00,26.25,26.25,26.25,26.25,200,0
2017-11-20,17:35:00,26.2747,26.2747,26.2747,26.2747,6186,0
2017-11-20,18:15:00,26.29,26.29,26.29,26.29,100,0
2017-11-20,19:00:00,26.29,26.29,26.29,26.29,100,0
2017-11-20,19:40:00,26.29,26.29,26.29,26.29,100,0
2017-11-20,19:45:00,26.225,26.225,26.15,26.15,885,0
2017-11-20,19:55:00,26.2097,26.2097,26.2097,26.2097,115,0
2017-11-20,20:15:00,26.17,26.19,26.12,26.19,1144,0
2017-11-20,20:20:00,26.2,26.2,26.2,26.2,100,0
2017-11-20,20:30:00,26.21,26.21,26.21,26.21,100,0
2017-11-20,20:40:00,26.2,26.2,26.15,26.1531,1100,0
2017-11-20,21:35:00,26.1894,26.3244,26.1894,26.3244,2200,0
2017-11-21,15:35:00,26.18,26.18,26.18,26.18,139,0
2017-11-21,15:45:00,26.16,26.1622,26.1577,26.1622,1650,0
2017-11-21,16:00:00,26.16,26.2,26.1597,26.1597,2615,0
2017-11-21,16:35:00,26.1755,26.2,26.1755,26.195,1035,0
2017-11-21,16:55:00,26.2,26.2,26.2,26.2,100,0
2017-11-21,17:35:00,26.2,26.2,26.2,26.2,100,0
2017-11-21,18:15:00,26.2,26.2,26.2,26.2,100,0
2017-11-21,18:25:00,26.2,26.2,26.2,26.2,1480,0
2017-11-21,18:55:00,26.3,26.3,26.3,26.3,100,0
2017-11-21,19:40:00,26.3,26.3,26.3,26.3,100,0
2017-11-21,20:15:00,26.2323,26.2491,26.2323,26.2491,400,0
2017-11-21,20:20:00,26.3,26.3,26.3,26.3,100,0
2017-11-21,21:00:00,26.35,26.35,26.35,26.35,308,0
2017-11-21,21:35:00,26.35,26.35,26.34,26.35,1700,0
2017-11-21,22:00:00,26.266,26.35,26.266,26.35,750,0
2017-11-22,16:15:00,26.2914,26.2914,26.2914,26.2914,130,0
2017-11-22,17:10:00,26.37,26.37,26.37,26.37,100,0
2017-11-22,18:05:00,26.37,26.37,26.2922,26.2922,200,0
2017-11-22,18:35:00,26.4,26.4,26.4,26.4,100,0
2017-11-22,19:45:00,26.39,26.39,26.39,26.39,100,0
2017-11-22,19:50:00,26.39,26.39,26.3845,26.39,606,0
2017-11-22,19:55:00,26.39,26.4,26.39,26.39,833,0
2017-11-22,20:05:00,26.4,26.42,26.3945,26.3945,2400,0
2017-11-22,20:20:00,26.39,26.39,26.39,26.39,1200,0
2017-11-22,20:30:00,26.42,26.42,26.42,26.42,400,0
2017-11-22,21:05:00,26.48,26.48,26.48,26.48,100,0
2017-11-22,22:00:00,26.455,26.455,26.45,26.45,600,0
2017-11-24,16:45:00,26.4208,26.4208,26.3354,26.3354,226,0
2017-11-24,17:05:00,26.414,26.45,26.414,26.42,900,0
2017-11-24,18:20:00,26.44,26.44,26.44,26.44,850,0
2017-11-24,18:25:00,26.3189,26.3189,26.3189,26.3189,600,0
2017-11-27,15:35:00,26.43,26.43,26.43,26.43,1000,0
2017-11-27,15:50:00,26.3983,26.3983,26.3983,26.3983,100,0
2017-11-27,17:05:00,26.4,26.4,26.4,26.4,500,0
2017-11-27,17:40:00,26.404,26.404,26.404,26.404,340,0
2017-11-27,17:45:00,26.42,26.42,26.42,26.42,400,0
2017-11-27,17:55:00,26.5,26.5,26.4455,26.5,340,0
2017-11-27,18:05:00,26.5,26.5,26.5,26.5,500,0
2017-11-27,18:55:00,26.461,26.47,26.461,26.47,2400,0
2017-11-27,19:05:00,26.5,26.66,26.5,26.66,3700,0
2017-11-27,19:10:00,26.54,26.66,26.54,26.66,800,0
2017-11-27,19:35:00,26.68,26.6972,26.61,26.695,3300,0
2017-11-27,19:40:00,26.66,26.66,26.66,26.66,200,0
2017-11-27,19:50:00,26.66,26.66,26.66,26.66,100,0
2017-11-27,20:35:00,26.7315,26.7315,26.7315,26.7315,900,0
2017-11-27,20:40:00,26.7,26.7169,26.67,26.7169,900,0
2017-11-27,20:50:00,26.67,26.67,26.67,26.67,100,0
2017-11-27,21:15:00,26.7404,26.7404,26.7404,26.7404,917,0
2017-11-27,21:25:00,26.67,26.67,26.67,26.67,166,0
2017-11-27,21:40:00,26.66,26.66,26.66,26.66,114,0
2017-11-27,21:50:00,26.66,26.6912,26.66,26.6912,797,0
2017-11-27,21:55:00,26.62,26.62,26.62,26.62,300,0
2017-11-27,22:00:00,26.63,26.6401,26.62,26.62,1253,0
2017-11-28,15:35:00,26.7,26.7,26.7,26.7,100,0
2017-11-28,16:20:00,26.5417,26.5417,26.5417,26.5417,160,0
2017-11-28,16:50:00,26.4189,26.4189,26.4189,26.4189,300,0
2017-11-28,17:20:00,26.3689,26.3689,26.3689,26.3689,300,0
2017-11-28,17:45:00,26.3689,26.3689,26.3689,26.3689,300,0
2017-11-28,18:30:00,26.4011,26.4011,26.4,26.4,2000,0
2017-11-28,18:50:00,26.4188,26.4188,26.4188,26.4188,250,0
2017-11-28,19:05:00,26.45,26.5,26.45,26.5,244,0
2017-11-28,20:05:00,26.4799,26.4799,26.4799,26.4799,500,0
2017-11-28,20:40:00,26.45,26.45,26.3933,26.3933,1725,0
2017-11-28,20:50:00,26.266,26.266,26.266,26.266,1000,0
2017-11-28,21:45:00,26.27,26.27,26.27,26.27,900,0
2017-11-28,21:50:00,26.3376,26.3376,26.3316,26.3316,3450,0
2017-11-28,21:55:00,26.335,26.335,26.335,26.335,250,0
2017-11-29,17:10:00,26.45,26.45,26.45,26.45,1100,0
2017-11-29,17:25:00,26.525,26.525,26.525,26.525,110,0
2017-11-29,17:35:00,26.4873,26.4873,26.4712,26.4712,774,0
2017-11-29,17:40:00,26.4874,26.4874,26.4874,26.4874,564,0
2017-11-29,17:50:00,26.47,26.4723,26.45,26.45,1450,0
2017-11-29,18:25:00,26.45,26.45,26.41,26.41,527,0
2017-11-29,18:55:00,26.4,26.4,26.4,26.4,200,0
2017-11-29,20:15:00,26.36,26.378,26.36,26.378,1520,0
2017-11-29,20:30:00,26.3599,26.3599,26.3599,26.3599,279,0
2017-11-29,21:25:00,26.36,26.45,26.36,26.4499,2564,0
2017-11-30,15:35:00,26.09,26.09,26.09,26.09,660,0
2017-11-30,16:15:00,26.2804,26.2804,26.2804,26.2804,230,0
2017-11-30,16:20:00,26.18,26.18,26.18,26.18,204,0
2017-11-30,16:30:00,26,26,26,26,2000,0
2017-11-30,17:50:00,26.0212,26.0212,26.0212,26.0212,400,0
2017-11-30,18:20:00,26.26,26.26,26,26,900,0
2017-11-30,19:55:00,26.01,26.01,25.99,25.99,429,0
2017-11-30,20:15:00,25.9301,25.9301,25.9301,25.9301,300,0
2017-11-30,22:00:00,26.04,26.04,26.04,26.04,100,0
2017-12-01,15:35:00,25.98,25.98,25.98,25.98,200,0
2017-12-01,19:15:00,26.311,26.311,26.311,26.311,150,0
2017-12-01,19:20:00,26.13,26.13,26.13,26.13,100,0
2017-12-01,20:00:00,26.202,26.202,26.202,26.202,385,0
2017-12-01,20:30:00,26.189,26.189,26.189,26.189,550,0
2017-12-01,20:45:00,26.179,26.179,26.179,26.179,150,0
2017-12-01,21:45:00,26.0249,26.0249,26.0249,26.0249,1000,0
2017-12-04,15:35:00,26.02,26.02,26.02,26.02,1200,0
2017-12-04,15:55:00,26.1,26.1,26.1,26.1,100,0
2017-12-04,16:35:00,26.04,26.0619,26.01,26.0101,6535,0
2017-12-04,18:15:00,26.02,26.02,26,26,1434,0
2017-12-04,18:20:00,26.04,26.04,26.04,26.04,125,0
2017-12-04,19:05:00,25.97,26.0343,25.95,26.0343,464,0
2017-12-04,19:15:00,25.995,25.995,25.93,25.93,873,0
2017-12-04,19:20:00,25.9114,25.9114,25.9114,25.9114,696,0
2017-12-04,19:40:00,26.006,26.006,25.8673,25.8673,350,0
2017-12-04,21:20:00,26.0285,26.0285,26.0185,26.0185,1819,0
2017-12-04,21:25:00,26.029,26.0386,25.97,26.0386,2912,0
2017-12-04,21:35:00,26.0399,26.0399,26.0399,26.0399,100,0
2017-12-04,21:40:00,25.996,25.996,25.996,25.996,1250,0
2017-12-04,21:50:00,25.9005,25.9005,25.9005,25.9005,2000,0
2017-12-04,22:00:00,26.1,26.1,26.1,26.1,200,0
2017-12-05,15:35:00,26.19,26.19,26.19,26.19,100,0
2017-12-05,16:55:00,26.178,26.178,26.178,26.178,1100,0
2017-12-05,17:00:00,26.15,26.1705,26.15,26.1705,1600,0
2017-12-05,18:35:00,26.1,26.1,26.1,26.1,471,0
2017-12-05,18:40:00,26.1,26.1,26.1,26.1,529,0
2017-12-05,18:45:00,25.9537,26,25.9537,26,2400,0
2017-12-05,18:50:00,26,26,26,26,2967,0
2017-12-05,19:40:00,26,26,26,26,5112,0
2017-12-05,20:30:00,26.094,26.094,26.094,26.094,198,0
2017-12-05,20:40:00,26.112,26.112,26.112,26.112,170,0
2017-12-05,20:55:00,26.0792,26.0792,26.0792,26.0792,1058,0
2017-12-05,21:20:00,26.0326,26.0326,26.0326,26.0326,2000,0
2017-12-06,15:50:00,26.1209,26.1209,26.1209,26.1209,1000,0
2017-12-06,16:05:00,26.08,26.08,26.08,26.08,100,0
2017-12-06,16:20:00,26.075,26.075,26.075,26.075,203,0
2017-12-06,17:00:00,26.11,26.11,26.11,26.11,102,0
2017-12-06,17:20:00,26.11,26.1104,26.11,26.1104,350,0
2017-12-06,18:55:00,26.138,26.138,26.138,26.138,120,0
2017-12-06,19:20:00,26.14,26.14,26.14,26.14,100,0
2017-12-06,19:25:00,26.14,26.14,26.14,26.14,200,0
2017-12-06,19:30:00,26.03,26.0878,26.03,26.03,1856,0
2017-12-06,19:35:00,26.14,26.14,26.14,26.14,200,0
2017-12-06,19:45:00,26.14,26.1499,26.14,26.1499,200,0
2017-12-06,19:50:00,26.1499,26.1499,26.1499,26.1499,200,0
2017-12-06,20:00:00,26.1499,26.1499,26.1499,26.1499,200,0
2017-12-06,20:05:00,26.1499,26.1499,26.1499,26.1499,200,0
2017-12-06,20:10:00,26.1499,26.1499,26.1499,26.1499,200,0
2017-12-06,20:15:00,26.15,26.15,26.15,26.15,138,0
2017-12-06,20:25:00,26.15,26.15,25.9856,25.9856,6247,0
2017-12-06,20:30:00,25.999,25.9999,25.999,25.9999,850,0
2017-12-06,20:40:00,25.99,25.99,25.99,25.99,200,0
2017-12-06,20:45:00,25.9999,25.9999,25.9999,25.9999,200,0
2017-12-06,20:50:00,25.9999,25.9999,25.9999,25.9999,200,0
2017-12-06,20:55:00,26,26,26,26,200,0
2017-12-06,21:00:00,26,26,26,26,200,0
2017-12-06,21:05:00,26,26,26,26,200,0
2017-12-06,21:10:00,26,26,26,26,200,0
2017-12-06,21:15:00,26,26,26,26,1126,0
2017-12-06,21:20:00,26,26,26,26,126,0
2017-12-06,21:25:00,26,26,26,26,700,0
2017-12-06,21:30:00,26,26,25.95,25.9999,1280,0
2017-12-06,21:35:00,25.9995,26,25.9995,25.9999,2030,0
2017-12-06,21:40:00,26,26,26,26,400,0
2017-12-06,21:45:00,26,26,26,26,326,0
2017-12-06,21:50:00,26,26,26,26,700,0
2017-12-06,21:55:00,26,26,26,26,400,0
2017-12-06,22:00:00,26,26.14,25.93,25.93,1034,0
