Date,Time,Open,High,Low,Close,Volume,OpenInt
2017-11-17,15:35:00,7.05,7.05,6.9501,7,10341,0
2017-11-17,15:40:00,7,7.049,6.95,6.9999,9937,0
2017-11-17,15:45:00,6.9839,6.9839,6.975,6.9781,1500,0
2017-11-17,15:50:00,6.95,7,6.95,7,2302,0
2017-11-17,15:55:00,7,7.05,6.95,6.95,16783,0
2017-11-17,16:00:00,6.975,6.995,6.975,6.985,1866,0
2017-11-17,16:05:00,6.975,7.15,6.951,7.1,61400,0
2017-11-17,16:10:00,7.125,7.15,7,7.0999,18901,0
2017-11-17,16:15:00,7.05,7.0823,7.05,7.075,7400,0
2017-11-17,16:20:00,7.05,7.05,7,7,7209,0
2017-11-17,16:25:00,7,7.05,7,7,4542,0
2017-11-17,16:30:00,7,7.05,7,7,3920,0
2017-11-17,16:35:00,7.0322,7.05,7,7.025,4700,0
2017-11-17,16:40:00,7,7.0453,7,7.025,4500,0
2017-11-17,16:45:00,7,7.05,7,7,2400,0
2017-11-17,16:50:00,7.025,7.025,7,7,4100,0
2017-11-17,16:55:00,7,7.05,7,7,10976,0
2017-11-17,17:00:00,7.025,7.0384,7,7,2400,0
2017-11-17,17:05:00,7,7.05,7,7.05,2300,0
2017-11-17,17:10:00,7.015,7.05,7.001,7.025,3160,0
2017-11-17,17:15:00,7.025,7.05,7,7.025,1200,0
2017-11-17,17:20:00,7.025,7.05,7,7.025,3000,0
2017-11-17,17:25:00,7.025,7.025,7,7,1000,0
2017-11-17,17:30:00,7.025,7.025,7,7,1400,0
2017-11-17,17:35:00,7.025,7.1,7.025,7.085,16083,0
2017-11-17,17:40:00,7.1,7.1,7.083,7.083,1100,0
2017-11-17,17:45:00,7.05,7.15,7.05,7.15,38506,0
2017-11-17,17:50:00,7.15,7.2,7.1061,7.1442,23697,0
2017-11-17,17:55:00,7.15,7.15,7.05,7.075,27764,0
2017-11-17,18:00:00,7.075,7.125,7.05,7.05,25447,0
2017-11-17,18:05:00,7.05,7.1,7.05,7.051,875,0
2017-11-17,18:10:00,7.1,7.1,7.075,7.075,1300,0
2017-11-17,18:15:00,7.1,7.1,7.05,7.05,300,0
2017-11-17,18:20:00,7.05,7.075,7.05,7.05,9915,0
2017-11-17,18:25:00,7.05,7.075,7.05,7.075,900,0
2017-11-17,18:30:00,7.05,7.1,7.05,7.1,700,0
2017-11-17,18:35:00,7.075,7.1,7.05,7.075,6489,0
2017-11-17,18:40:00,7.05,7.1,7.05,7.05,2400,0
2017-11-17,18:45:00,7.052,7.1,7.05,7.05,700,0
2017-11-17,18:50:00,7.05,7.0501,7.05,7.05,1246,0
2017-11-17,18:55:00,7.05,7.075,7.05,7.05,2500,0
2017-11-17,19:00:00,7.075,7.1,7.05,7.05,2650,0
2017-11-17,19:05:00,7.05,7.1,7.05,7.075,9700,0
2017-11-17,19:10:00,7.1,7.1,7.05,7.075,8700,0
2017-11-17,19:15:00,7.075,7.075,7.05,7.05,1700,0
2017-11-17,19:20:00,7.05,7.1,7.05,7.1,2600,0
2017-11-17,19:25:00,7.05,7.0859,7.05,7.075,1000,0
2017-11-17,19:30:00,7.05,7.05,7.05,7.05,300,0
2017-11-17,19:35:00,7.05,7.1,7.05,7.05,900,0
2017-11-17,19:40:00,7.05,7.0778,7.05,7.05,1100,0
2017-11-17,19:45:00,7.05,7.075,7.05,7.05,2993,0
2017-11-17,19:50:00,7.0562,7.0562,7,7.025,13434,0
2017-11-17,20:00:00,7.015,7.035,7,7.025,843,0
2017-11-17,20:05:00,7.025,7.05,7.025,7.025,1100,0
2017-11-17,20:10:00,7.025,7.05,7,7.05,2300,0
2017-11-17,20:15:00,7.025,7.025,7,7,700,0
2017-11-17,20:20:00,7,7.05,7,7,3120,0
2017-11-17,20:25:00,7,7.05,7,7.025,2100,0
2017-11-17,20:30:00,7,7.05,7,7.05,1300,0
2017-11-17,20:35:00,7,7.05,7,7,3902,0
2017-11-17,20:40:00,7,7.035,7,7.025,713,0
2017-11-17,20:45:00,7,7.05,7,7.025,4700,0
2017-11-17,20:50:00,7.025,7.075,7.025,7.05,28943,0
2017-11-17,20:55:00,7.05,7.075,7,7,26387,0
2017-11-17,21:00:00,7.025,7.025,7,7.025,2400,0
2017-11-17,21:05:00,7.015,7.05,7,7,4926,0
2017-11-17,21:10:00,7,7.025,7,7,4900,0
2017-11-17,21:15:00,7,7.05,7,7,5732,0
2017-11-17,21:20:00,7.025,7.025,7,7.025,1700,0
2017-11-17,21:25:00,7.025,7.025,7,7,3100,0
2017-11-17,21:30:00,7,7.025,7,7.025,4032,0
2017-11-17,21:35:00,7.025,7.05,7,7,5600,0
2017-11-17,21:40:00,7.025,7.05,7,7.025,4100,0
2017-11-17,21:45:00,7.025,7.05,7,7,4372,0
2017-11-17,21:50:00,7.025,7.05,7,7.025,8212,0
2017-11-17,21:55:00,7,7.05,7,7.025,10510,0
2017-11-17,22:00:00,7,7.05,7,7,49038,0
2017-11-20,15:35:00,7.05,7.05,6.9,6.95,34324,0
2017-11-20,15:40:00,6.95,6.9781,6.9499,6.95,21516,0
2017-11-20,15:45:00,6.95,7,6.95,6.95,11717,0
2017-11-20,15:50:00,6.95,6.999,6.95,6.95,3346,0
2017-11-20,15:55:00,6.9733,6.999,6.95,6.95,900,0
2017-11-20,16:00:00,6.95,7,6.95,6.9673,4720,0
2017-11-20,16:05:00,7,7,6.95,6.95,2000,0
2017-11-20,16:10:00,6.95,6.95,6.95,6.95,400,0
2017-11-20,16:15:00,6.95,7,6.95,7,5446,0
2017-11-20,16:20:00,7,7,6.95,7,1300,0
2017-11-20,16:25:00,6.95,7,6.95,7,1495,0
2017-11-20,16:30:00,6.975,6.9781,6.95,6.9753,3800,0
2017-11-20,16:35:00,6.9805,6.9805,6.925,6.975,21066,0
2017-11-20,16:40:00,6.975,7,6.954,7,2200,0
2017-11-20,16:45:00,6.95,6.999,6.95,6.975,2800,0
2017-11-20,16:50:00,6.95,7,6.95,6.975,2145,0
2017-11-20,16:55:00,6.9838,6.9838,6.95,6.9719,955,0
2017-11-20,17:00:00,6.95,6.95,6.95,6.95,500,0
2017-11-20,17:05:00,7,7,6.95,6.975,1617,0
2017-11-20,17:10:00,6.999,7,6.97,6.975,1350,0
2017-11-20,17:15:00,6.9649,6.975,6.95,6.95,1700,0
2017-11-20,17:20:00,6.95,7,6.95,6.9925,2906,0
2017-11-20,17:25:00,6.95,6.975,6.95,6.9595,1975,0
2017-11-20,17:30:00,6.969,6.999,6.95,6.9695,5150,0
2017-11-20,17:35:00,6.95,6.975,6.95,6.95,611,0
2017-11-20,17:40:00,6.95,6.95,6.95,6.95,100,0
2017-11-20,17:45:00,6.95,6.975,6.95,6.975,787,0
2017-11-20,17:50:00,6.95,7,6.95,6.95,300,0
2017-11-20,17:55:00,6.95,6.95,6.95,6.95,261,0
2017-11-20,18:00:00,6.975,7,6.95,6.9875,1530,0
2017-11-20,18:05:00,6.95,6.9851,6.95,6.951,8648,0
2017-11-20,18:10:00,6.9753,7,6.95,6.9622,2651,0
2017-11-20,18:15:00,6.975,6.975,6.975,6.975,100,0
2017-11-20,18:20:00,6.975,6.975,6.95,6.95,750,0
2017-11-20,18:25:00,6.975,6.975,6.95,6.95,700,0
2017-11-20,18:30:00,6.95,6.95,6.95,6.95,200,0
2017-11-20,18:35:00,6.95,6.975,6.95,6.975,900,0
2017-11-20,18:40:00,6.975,6.9751,6.95,6.95,423,0
2017-11-20,18:45:00,6.9695,6.9695,6.95,6.95,1230,0
2017-11-20,18:50:00,6.95,6.975,6.95,6.975,810,0
2017-11-20,18:55:00,6.95,6.975,6.95,6.975,400,0
2017-11-20,19:00:00,6.95,6.975,6.95,6.97,600,0
2017-11-20,19:05:00,6.95,6.9952,6.95,6.9952,760,0
2017-11-20,19:10:00,6.984,6.984,6.95,6.975,846,0
2017-11-20,19:15:00,6.95,6.95,6.95,6.95,200,0
2017-11-20,19:20:00,6.975,6.9968,6.95,6.975,1000,0
2017-11-20,19:25:00,6.975,6.975,6.95,6.95,837,0
2017-11-20,19:30:00,6.975,7,6.95,6.95,1090,0
2017-11-20,19:35:00,6.999,7,6.95,6.975,800,0
2017-11-20,19:40:00,6.9525,7,6.95,7,1416,0
2017-11-20,19:45:00,6.9899,6.9899,6.95,6.95,1535,0
2017-11-20,19:50:00,6.95,6.9805,6.95,6.975,700,0
2017-11-20,19:55:00,6.975,6.975,6.95,6.9719,414,0
2017-11-20,20:00:00,6.975,6.975,6.95,6.95,417,0
2017-11-20,20:05:00,6.967,7,6.967,6.999,1012,0
2017-11-20,20:10:00,6.95,6.975,6.95,6.95,388,0
2017-11-20,20:15:00,6.95,7,6.95,7,220,0
2017-11-20,20:20:00,6.975,7,6.95,6.9565,3400,0
2017-11-20,20:25:00,6.975,7,6.95,6.95,2816,0
2017-11-20,20:30:00,7,7.05,6.95,7.025,22356,0
2017-11-20,20:35:00,7.05,7.05,7,7.025,4259,0
2017-11-20,20:40:00,7.025,7.1,7.025,7.1,27580,0
2017-11-20,20:45:00,7.075,7.1,7.05,7.1,3585,0
2017-11-20,20:50:00,7.1,7.1,7.05,7.1,4153,0
2017-11-20,20:55:00,7.052,7.1,7.05,7.05,3200,0
2017-11-20,21:00:00,7.05,7.1,7.05,7.075,4824,0
2017-11-20,21:05:00,7.075,7.1,7.05,7.075,3000,0
2017-11-20,21:10:00,7.075,7.125,7.05,7.075,29611,0
2017-11-20,21:15:00,7.075,7.1,7.075,7.075,500,0
2017-11-20,21:20:00,7.075,7.1,7.05,7.0907,3225,0
2017-11-20,21:25:00,7.0695,7.075,7.05,7.05,932,0
2017-11-20,21:30:00,7.1,7.1,7.05,7.075,5970,0
2017-11-20,21:35:00,7.075,7.1,7.05,7.1,3000,0
2017-11-20,21:40:00,7.05,7.1,7,7,18067,0
2017-11-20,21:45:00,7.025,7.05,7,7.025,6825,0
2017-11-20,21:50:00,7.025,7.05,7,7.025,5450,0
2017-11-20,21:55:00,7.025,7.05,7,7.025,12815,0
2017-11-20,22:00:00,7.05,7.05,7,7,26002,0
2017-11-21,15:35:00,7,7.025,6.95,6.9705,19626,0
2017-11-21,15:40:00,6.9665,6.9665,6.95,6.95,600,0
2017-11-21,15:45:00,6.975,7.075,6.975,7.05,21782,0
2017-11-21,15:50:00,7.055,7.075,7,7,12972,0
2017-11-21,15:55:00,7.05,7.1,7.05,7.075,4100,0
2017-11-21,16:00:00,7.0706,7.1,7.05,7.075,6000,0
2017-11-21,16:05:00,7.075,7.0778,7.075,7.0778,450,0
2017-11-21,16:10:00,7.05,7.1,7.05,7.05,2601,0
2017-11-21,16:15:00,7.055,7.075,7.05,7.075,3067,0
2017-11-21,16:20:00,7.075,7.1,7.05,7.075,15434,0
2017-11-21,16:25:00,7.075,7.1,7.05,7.075,4434,0
2017-11-21,16:30:00,7.075,7.1,7.05,7.1,3400,0
2017-11-21,16:35:00,7.1,7.125,7.05,7.075,41049,0
2017-11-21,16:40:00,7.075,7.099,7.05,7.075,2716,0
2017-11-21,16:45:00,7.081,7.081,7,7.025,6500,0
2017-11-21,16:50:00,7.025,7.025,7,7.025,7300,0
2017-11-21,16:55:00,7,7,6.95,6.975,4819,0
2017-11-21,17:00:00,6.95,6.975,6.95,6.95,2385,0
2017-11-21,17:05:00,6.975,6.975,6.95,6.95,2000,0
2017-11-21,17:10:00,6.95,6.999,6.95,6.95,2000,0
2017-11-21,17:15:00,6.95,6.999,6.95,6.95,3500,0
2017-11-21,17:20:00,6.95,6.999,6.95,6.95,3200,0
2017-11-21,17:25:00,6.95,6.975,6.95,6.95,1000,0
2017-11-21,17:30:00,6.95,6.9856,6.95,6.95,2200,0
2017-11-21,17:35:00,6.9848,7,6.95,6.95,6741,0
2017-11-21,17:40:00,6.975,7.075,6.975,7.075,15927,0
2017-11-21,17:45:00,7.075,7.075,7.075,7.075,500,0
2017-11-21,17:50:00,7.05,7.0812,7.05,7.05,3180,0
2017-11-21,17:55:00,7.075,7.075,7.05,7.05,1659,0
2017-11-21,18:00:00,7.05,7.075,7.025,7.0716,11461,0
2017-11-21,18:05:00,7.0595,7.075,7.05,7.05,7400,0
2017-11-21,18:10:00,7.05,7.0845,7.05,7.05,2000,0
2017-11-21,18:15:00,7.05,7.075,7.05,7.05,2940,0
2017-11-21,18:20:00,7.05,7.075,7.05,7.05,7728,0
2017-11-21,18:25:00,7.069,7.075,7.05,7.05,3200,0
2017-11-21,18:30:00,7.05,7.0925,7.05,7.0925,2700,0
2017-11-21,18:35:00,7.05,7.05,7.025,7.025,4640,0
2017-11-21,18:40:00,7.025,7.025,6.975,7,20108,0
2017-11-21,18:45:00,7,7.025,7,7,7219,0
2017-11-21,18:55:00,7,7.025,7,7,6022,0
2017-11-21,19:00:00,7,7.025,7,7,700,0
2017-11-21,19:05:00,7,7.05,6.975,7,8000,0
2017-11-21,19:10:00,7.025,7.025,6.95,7,4198,0
2017-11-21,19:15:00,7,7.025,6.95,7,3600,0
2017-11-21,19:20:00,7,7.025,6.975,7.025,2795,0
2017-11-21,19:25:00,7.0345,7.0345,7,7,600,0
2017-11-21,19:30:00,7,7.035,7,7.025,2300,0
2017-11-21,19:35:00,7,7.025,7,7.025,800,0
2017-11-21,19:40:00,7,7.025,6.975,7.025,7100,0
2017-11-21,19:45:00,7,7.025,6.975,7,3100,0
2017-11-21,19:50:00,7.035,7.035,7,7,950,0
2017-11-21,19:55:00,7,7.025,6.975,7,5500,0
2017-11-21,20:00:00,7.03,7.0345,7,7,2493,0
2017-11-21,20:05:00,7,7.0398,6.975,7,24699,0
2017-11-21,20:10:00,7.025,7.0345,7.025,7.0345,300,0
2017-11-21,20:15:00,7.025,7.025,7,7,800,0
2017-11-21,20:20:00,7.025,7.025,7,7.025,1600,0
2017-11-21,20:25:00,7,7.04,7,7,6046,0
2017-11-21,20:30:00,7,7.024,7,7,900,0
2017-11-21,20:35:00,7,7,7,7,2609,0
2017-11-21,20:40:00,7,7.046,7,7.025,10357,0
2017-11-21,20:45:00,7,7.0357,7,7,2220,0
2017-11-21,20:50:00,7,7.025,7,7,3310,0
2017-11-21,20:55:00,7,7.025,7,7,1200,0
2017-11-21,21:00:00,7.025,7.0437,7,7.025,3708,0
2017-11-21,21:05:00,7,7.025,7,7.025,4000,0
2017-11-21,21:10:00,7,7.0305,7,7.025,3142,0
2017-11-21,21:15:00,7,7.025,7,7,4300,0
2017-11-21,21:20:00,7,7.035,7,7,8224,0
2017-11-21,21:25:00,7,7.0375,7,7.025,3371,0
2017-11-21,21:30:00,7,7.025,7,7,2376,0
2017-11-21,21:35:00,7,7.035,7,7,4106,0
2017-11-21,21:40:00,7,7.025,6.975,7,19886,0
2017-11-21,21:45:00,7,7.025,6.95,7,11486,0
2017-11-21,21:50:00,7.025,7.025,7,7.025,4500,0
2017-11-21,21:55:00,7,7.0345,7,7,8356,0
2017-11-21,22:00:00,7,7.025,6.95,7,30737,0
2017-11-22,15:35:00,6.95,6.95,6.95,6.95,11125,0
2017-11-22,15:40:00,7,7.025,7,7.025,6066,0
2017-11-22,15:45:00,7.05,7.0833,7,7.05,8615,0
2017-11-22,15:50:00,7.05,7.05,7,7.05,1583,0
2017-11-22,15:55:00,7.05,7.099,7.036,7.036,715,0
2017-11-22,16:00:00,7.025,7.05,7.025,7.05,4968,0
2017-11-22,16:05:00,7.05,7.0712,7.05,7.0712,2150,0
2017-11-22,16:10:00,7.075,7.075,7.05,7.05,10550,0
2017-11-22,16:15:00,7.055,7.055,7.051,7.051,350,0
2017-11-22,16:20:00,7.0656,7.075,7.05,7.05,3500,0
2017-11-22,16:25:00,7.075,7.075,7.075,7.075,2300,0
2017-11-22,16:30:00,7.075,7.0755,7.05,7.075,5900,0
2017-11-22,16:35:00,7.075,7.0859,7.05,7.0859,9431,0
2017-11-22,16:40:00,7.0784,7.0961,7.05,7.075,6850,0
2017-11-22,16:45:00,7.075,7.15,7.075,7.125,42889,0
2017-11-22,16:50:00,7.1246,7.15,7.119,7.119,3186,0
2017-11-22,16:55:00,7.101,7.15,7.1,7.125,5470,0
2017-11-22,17:00:00,7.1287,7.1287,7.1,7.101,410,0
2017-11-22,17:05:00,7.1,7.15,7.075,7.075,44685,0
2017-11-22,17:10:00,7.05,7.075,7.05,7.075,1000,0
2017-11-22,17:15:00,7.075,7.075,7.05,7.0711,400,0
2017-11-22,17:20:00,7.05,7.1,7.05,7.05,1100,0
2017-11-22,17:25:00,7.05,7.1,7.05,7.075,16400,0
2017-11-22,17:30:00,7.05,7.1,7.05,7.075,1050,0
2017-11-22,17:35:00,7.075,7.1,7.075,7.1,200,0
2017-11-22,17:40:00,7.075,7.1,7.05,7.075,15411,0
2017-11-22,17:45:00,7.0753,7.1,7.0663,7.075,1160,0
2017-11-22,17:50:00,7.1,7.1,7.075,7.1,1580,0
2017-11-22,17:55:00,7.075,7.125,7.075,7.125,10848,0
2017-11-22,18:00:00,7.125,7.125,7.125,7.125,800,0
2017-11-22,18:05:00,7.125,7.125,7.1,7.1,5774,0
2017-11-22,18:10:00,7.1,7.1358,7.1,7.1305,5575,0
2017-11-22,18:20:00,7.125,7.135,7.1,7.135,2200,0
2017-11-22,18:25:00,7.1,7.125,7.1,7.121,2271,0
2017-11-22,18:30:00,7.1,7.135,7.1,7.1,4061,0
2017-11-22,18:35:00,7.1,7.118,7.1,7.1,2500,0
2017-11-22,18:40:00,7.1,7.1142,7.1,7.1,4457,0
2017-11-22,18:45:00,7.1,7.1407,7.1,7.1,1000,0
2017-11-22,18:50:00,7.1,7.1126,7.1,7.1126,3300,0
2017-11-22,18:55:00,7.125,7.125,7.1,7.1,3792,0
2017-11-22,19:00:00,7.1,7.125,7.1,7.1,3387,0
2017-11-22,19:05:00,7.1,7.225,7.1,7.2001,43972,0
2017-11-22,19:10:00,7.2,7.25,7.2,7.201,2595,0
2017-11-22,19:15:00,7.225,7.25,7.2001,7.249,1200,0
2017-11-22,19:20:00,7.221,7.25,7.2,7.215,4485,0
2017-11-22,19:25:00,7.225,7.225,7.1501,7.2,50954,0
2017-11-22,19:30:00,7.225,7.225,7.225,7.225,300,0
2017-11-22,19:35:00,7.2025,7.225,7.175,7.2,19994,0
2017-11-22,19:40:00,7.175,7.2001,7.15,7.175,4010,0
2017-11-22,19:45:00,7.175,7.175,7.15,7.15,17983,0
2017-11-22,19:50:00,7.15,7.175,7.15,7.175,1200,0
2017-11-22,19:55:00,7.175,7.175,7.15,7.175,1124,0
2017-11-22,20:00:00,7.15,7.175,7.1,7.1,6916,0
2017-11-22,20:05:00,7.125,7.125,7.1,7.105,750,0
2017-11-22,20:10:00,7.125,7.125,7.125,7.125,400,0
2017-11-22,20:15:00,7.125,7.1348,7.1,7.1,1680,0
2017-11-22,20:20:00,7.1,7.15,7.1,7.1,2320,0
2017-11-22,20:25:00,7.1275,7.1275,7.075,7.1,11244,0
2017-11-22,20:30:00,7.125,7.125,7.125,7.125,200,0
2017-11-22,20:35:00,7.125,7.125,7.1,7.1,1300,0
2017-11-22,20:40:00,7.1,7.125,7.1,7.125,5252,0
2017-11-22,20:45:00,7.1,7.1195,7.1,7.1,750,0
2017-11-22,20:50:00,7.1,7.1345,7.1,7.1345,500,0
2017-11-22,20:55:00,7.1,7.125,7.05,7.1,16166,0
2017-11-22,21:00:00,7.1,7.1247,7.1,7.1,1690,0
2017-11-22,21:05:00,7.125,7.125,7.1,7.1,500,0
2017-11-22,21:10:00,7.1,7.125,7.1,7.1,2245,0
2017-11-22,21:15:00,7.1,7.125,7.1,7.1,400,0
2017-11-22,21:20:00,7.1,7.125,7.075,7.075,33392,0
2017-11-22,21:25:00,7.075,7.15,7.05,7.125,27872,0
2017-11-22,21:30:00,7.125,7.175,7.1,7.15,10388,0
2017-11-22,21:35:00,7.175,7.1969,7.1,7.1969,17359,0
2017-11-22,21:40:00,7.1614,7.175,7.125,7.125,6887,0
2017-11-22,21:45:00,7.125,7.15,7.05,7.075,27048,0
2017-11-22,21:50:00,7.075,7.15,7.05,7.125,32084,0
2017-11-22,21:55:00,7.1141,7.15,7.1,7.15,3522,0
2017-11-22,22:00:00,7.125,7.15,7.1,7.1,50528,0
2017-11-24,15:35:00,7.05,7.185,7.05,7.15,12315,0
2017-11-24,15:40:00,7.125,7.15,7.125,7.15,200,0
2017-11-24,15:45:00,7.15,7.2,7.1,7.2,6219,0
2017-11-24,15:50:00,7.15,7.1999,7.15,7.15,21775,0
2017-11-24,15:55:00,7.1298,7.15,7.1,7.1251,4000,0
2017-11-24,16:00:00,7.125,7.125,7.1,7.1,1200,0
2017-11-24,16:05:00,7.125,7.125,7.1,7.1,1200,0
2017-11-24,16:10:00,7.1,7.15,7.1,7.125,4312,0
2017-11-24,16:15:00,7.125,7.15,7.1,7.1152,4423,0
2017-11-24,16:20:00,7.1,7.125,7.1,7.1,500,0
2017-11-24,16:25:00,7.15,7.1755,7.125,7.1685,8244,0
2017-11-24,16:30:00,7.175,7.175,7.15,7.151,3026,0
2017-11-24,16:35:00,7.1738,7.175,7.15,7.15,6319,0
2017-11-24,16:40:00,7.15,7.15,7.1,7.1,12190,0
2017-11-24,16:45:00,7.125,7.125,7.1,7.125,635,0
2017-11-24,16:50:00,7.125,7.15,7.1,7.1,1050,0
2017-11-24,16:55:00,7.15,7.15,7.15,7.15,200,0
2017-11-24,17:00:00,7.15,7.15,7.125,7.15,5608,0
2017-11-24,17:05:00,7.15,7.2,7.125,7.175,5000,0
2017-11-24,17:10:00,7.199,7.199,7.15,7.175,11288,0
2017-11-24,17:15:00,7.15,7.15,7.1,7.1,5706,0
2017-11-24,17:20:00,7.1,7.125,7.1,7.1,500,0
2017-11-24,17:25:00,7.115,7.1345,7.1,7.1345,1200,0
2017-11-24,17:30:00,7.1,7.15,7.1,7.1,700,0
2017-11-24,17:35:00,7.15,7.15,7.1,7.125,1180,0
2017-11-24,17:40:00,7.1,7.15,7.1,7.125,400,0
2017-11-24,17:45:00,7.1,7.1001,7.1,7.1001,440,0
2017-11-24,17:50:00,7.105,7.125,7.105,7.125,200,0
2017-11-24,17:55:00,7.125,7.125,7.125,7.125,700,0
2017-11-24,18:00:00,7.1184,7.1184,7.1,7.1,2300,0
2017-11-24,18:05:00,7.125,7.1277,7.1,7.1,800,0
2017-11-24,18:10:00,7.1277,7.1277,7.1,7.1,2070,0
2017-11-24,18:15:00,7.1,7.125,7.1,7.125,900,0
2017-11-24,18:20:00,7.1,7.125,7.1,7.125,700,0
2017-11-24,18:25:00,7.1,7.15,7.1,7.1,2250,0
2017-11-24,18:30:00,7.125,7.15,7.1,7.15,1900,0
2017-11-24,18:35:00,7.125,7.125,6.95,7.049,47329,0
2017-11-24,18:40:00,6.95,7.019,6.95,7,1215,0
2017-11-24,18:45:00,7,7.0025,6.95,6.975,17988,0
2017-11-24,18:50:00,7,7.049,7,7,5706,0
2017-11-24,18:55:00,7.0255,7.05,7,7.05,2900,0
2017-11-24,19:00:00,7,7.05,7,7.05,8900,0
2017-11-24,19:05:00,7,7,7,7,12699,0
2017-11-27,15:35:00,7.05,7.114,7,7.05,34838,0
2017-11-27,15:40:00,7.05,7.1,7.025,7.1,9300,0
2017-11-27,15:45:00,7.1,7.1239,7.1,7.115,4600,0
2017-11-27,15:50:00,7.1,7.12,7.0844,7.0844,9023,0
2017-11-27,15:55:00,7.15,7.2,7.051,7.175,25969,0
2017-11-27,16:00:00,7.175,7.25,7.15,7.2336,20508,0
2017-11-27,16:05:00,7.249,7.25,7.2,7.225,21814,0
2017-11-27,16:10:00,7.2499,7.2499,7.15,7.15,8568,0
2017-11-27,16:15:00,7.15,7.1858,7.1,7.125,2894,0
2017-11-27,16:20:00,7.102,7.2,7.1,7.2,18438,0
2017-11-27,16:25:00,7.2,7.2,7.1657,7.1657,1500,0
2017-11-27,16:30:00,7.2,7.2,7.15,7.15,8035,0
2017-11-27,16:35:00,7.15,7.2,7.15,7.152,7500,0
2017-11-27,16:40:00,7.175,7.2,7.1,7.125,20476,0
2017-11-27,16:45:00,7.1,7.145,7.1,7.102,1000,0
2017-11-27,16:50:00,7.1,7.1,7.1,7.1,5710,0
2017-11-27,16:55:00,7.075,7.099,7.05,7.05,12337,0
2017-11-27,17:00:00,7.05,7.075,7.05,7.05,1221,0
2017-11-27,17:05:00,7.05,7.0919,7.05,7.0581,6061,0
2017-11-27,17:10:00,7.075,7.0882,7.05,7.0882,1450,0
2017-11-27,17:15:00,7.052,7.1,7.05,7.0735,3212,0
2017-11-27,17:20:00,7.075,7.0815,7.05,7.05,1750,0
2017-11-27,17:25:00,7.0925,7.0925,7.052,7.052,1400,0
2017-11-27,17:30:00,7.052,7.1,7.05,7.05,3900,0
2017-11-27,17:35:00,7.05,7.1,7.05,7.05,31088,0
2017-11-27,17:40:00,7.05,7.1,7.05,7.05,780,0
2017-11-27,17:45:00,7.05,7.1,7.05,7.075,3000,0
2017-11-27,17:50:00,7.05,7.1,7.05,7.075,9924,0
2017-11-27,17:55:00,7.05,7.1,7.05,7.0903,4883,0
2017-11-27,18:00:00,7.05,7.1,7.05,7.075,2100,0
2017-11-27,18:05:00,7.05,7.075,7.05,7.075,900,0
2017-11-27,18:10:00,7.075,7.099,7.05,7.075,4653,0
2017-11-27,18:15:00,7.075,7.1,7.05,7.075,4750,0
2017-11-27,18:20:00,7.05,7.075,7.05,7.075,300,0
2017-11-27,18:25:00,7.075,7.1,7.05,7.075,3400,0
2017-11-27,18:30:00,7.05,7.0962,7.05,7.0722,3070,0
2017-11-27,18:35:00,7.05,7.075,7.05,7.075,600,0
2017-11-27,18:40:00,7.075,7.0755,7.05,7.075,1820,0
2017-11-27,18:45:00,7.0964,7.0964,7.05,7.05,3700,0
2017-11-27,18:50:00,7.099,7.1,7.05,7.075,6442,0
2017-11-27,18:55:00,7.075,7.1,7.05,7.075,2053,0
2017-11-27,19:00:00,7.075,7.1,7.05,7.075,1700,0
2017-11-27,19:05:00,7.075,7.1,7.05,7.075,1200,0
2017-11-27,19:10:00,7.075,7.25,7.05,7.25,36897,0
2017-11-27,19:15:00,7.225,7.25,7.2,7.2,23346,0
2017-11-27,19:20:00,7.2,7.25,7.175,7.225,24531,0
2017-11-27,19:25:00,7.2,7.25,7.2,7.225,3400,0
2017-11-27,19:30:00,7.225,7.225,7.201,7.225,1150,0
2017-11-27,19:35:00,7.2154,7.225,7.2,7.2,2116,0
2017-11-27,19:40:00,7.2166,7.225,7.2166,7.225,900,0
2017-11-27,19:45:00,7.225,7.2346,7.2,7.225,3440,0
2017-11-27,19:50:00,7.225,7.25,7.2,7.215,20046,0
2017-11-27,19:55:00,7.2066,7.225,7.2,7.225,8500,0
2017-11-27,20:00:00,7.225,7.2305,7.2,7.2,3650,0
2017-11-27,20:05:00,7.225,7.231,7.2,7.231,1815,0
2017-11-27,20:10:00,7.2,7.2499,7.2,7.225,735,0
2017-11-27,20:15:00,7.225,7.225,7.2,7.2,5623,0
2017-11-27,20:20:00,7.2,7.225,7.2,7.225,800,0
2017-11-27,20:25:00,7.2,7.225,7.2,7.225,650,0
2017-11-27,20:30:00,7.2,7.2027,7.15,7.175,25836,0
2017-11-27,20:35:00,7.175,7.2,7.1501,7.2,1515,0
2017-11-27,20:40:00,7.2,7.2,7.175,7.175,1300,0
2017-11-27,20:45:00,7.15,7.175,7.15,7.1501,1742,0
2017-11-27,20:50:00,7.175,7.175,7.175,7.175,700,0
2017-11-27,20:55:00,7.15,7.2,7.15,7.2,2730,0
2017-11-27,21:00:00,7.175,7.175,7.175,7.175,1500,0
2017-11-27,21:05:00,7.175,7.2,7.15,7.175,1749,0
2017-11-27,21:10:00,7.175,7.2,7.15,7.175,2860,0
2017-11-27,21:15:00,7.15,7.2,7.15,7.175,2000,0
2017-11-27,21:20:00,7.1653,7.2,7.15,7.1834,8959,0
2017-11-27,21:25:00,7.175,7.2499,7.175,7.225,16799,0
2017-11-27,21:30:00,7.225,7.25,7.2,7.25,3000,0
2017-11-27,21:35:00,7.225,7.2255,7.225,7.225,3510,0
2017-11-27,21:40:00,7.225,7.225,7.151,7.175,38638,0
2017-11-27,21:45:00,7.1536,7.2,7.15,7.175,14800,0
2017-11-27,21:50:00,7.15,7.2,7.15,7.175,19449,0
2017-11-27,21:55:00,7.175,7.2,7.15,7.175,8431,0
2017-11-27,22:00:00,7.165,7.2,7.1,7.15,67332,0
2017-11-28,15:35:00,7.2,7.225,7.15,7.2,9638,0
2017-11-28,15:40:00,7.1683,7.2,7.15,7.2,1300,0
2017-11-28,15:45:00,7.2,7.2,7.15,7.15,2679,0
2017-11-28,15:50:00,7.1,7.2,7.1,7.15,9075,0
2017-11-28,15:55:00,7.1,7.1345,7.05,7.1,5192,0
2017-11-28,16:00:00,7.125,7.149,7.1,7.1,6460,0
2017-11-28,16:05:00,7.1039,7.15,7.1,7.1,6491,0
2017-11-28,16:10:00,7.125,7.15,7.05,7.083,16047,0
2017-11-28,16:15:00,7.05,7.0964,7.05,7.0847,2750,0
2017-11-28,16:20:00,7.075,7.075,7.05,7.05,800,0
2017-11-28,16:25:00,7.1,7.15,7.1,7.1152,10975,0
2017-11-28,16:30:00,7.1261,7.2,7.101,7.2,3801,0
2017-11-28,16:35:00,7.2,7.25,7.2,7.25,14292,0
2017-11-28,16:40:00,7.25,7.325,7.225,7.3,27916,0
2017-11-28,16:45:00,7.25,7.35,7.25,7.325,9582,0
2017-11-28,16:50:00,7.325,7.349,7.3,7.305,6677,0
2017-11-28,16:55:00,7.325,7.3347,7.2,7.25,28225,0
2017-11-28,17:00:00,7.25,7.281,7.25,7.275,4296,0
2017-11-28,17:05:00,7.3,7.3,7.2746,7.2746,628,0
2017-11-28,17:10:00,7.299,7.299,7.25,7.25,1400,0
2017-11-28,17:15:00,7.275,7.2997,7.251,7.2997,6370,0
2017-11-28,17:20:00,7.3,7.3,7.3,7.3,200,0
2017-11-28,17:25:00,7.3,7.3,7.25,7.251,3735,0
2017-11-28,17:30:00,7.3,7.35,7.2695,7.349,14815,0
2017-11-28,17:35:00,7.3087,7.35,7.3,7.35,9476,0
2017-11-28,17:40:00,7.35,7.375,7.3001,7.35,61258,0
2017-11-28,17:45:00,7.35,7.4,7.3332,7.375,19440,0
2017-11-28,17:50:00,7.375,7.4,7.35,7.375,2900,0
2017-11-28,17:55:00,7.4,7.4,7.35,7.3622,875,0
2017-11-28,18:00:00,7.354,7.4,7.35,7.375,2447,0
2017-11-28,18:05:00,7.35,7.4,7.35,7.35,1100,0
2017-11-28,18:10:00,7.4,7.4,7.4,7.4,200,0
2017-11-28,18:15:00,7.375,7.4,7.3731,7.3759,2377,0
2017-11-28,18:20:00,7.375,7.4,7.351,7.4,1600,0
2017-11-28,18:25:00,7.4,7.4,7.3702,7.399,5071,0
2017-11-28,18:30:00,7.375,7.4,7.3657,7.375,1200,0
2017-11-28,18:35:00,7.3999,7.4,7.35,7.375,5370,0
2017-11-28,18:40:00,7.35,7.4,7.35,7.375,1637,0
2017-11-28,18:45:00,7.4,7.4,7.35,7.4,11320,0
2017-11-28,18:50:00,7.35,7.4,7.35,7.35,5200,0
2017-11-28,18:55:00,7.3735,7.375,7.35,7.35,435,0
2017-11-28,19:00:00,7.375,7.375,7.35,7.35,547,0
2017-11-28,19:05:00,7.35,7.375,7.35,7.35,3655,0
2017-11-28,19:10:00,7.3733,7.4,7.35,7.375,6512,0
2017-11-28,19:15:00,7.375,7.375,7.35,7.375,500,0
2017-11-28,19:20:00,7.35,7.4,7.35,7.35,500,0
2017-11-28,19:25:00,7.375,7.4,7.35,7.4,1791,0
2017-11-28,19:30:00,7.375,7.4,7.3667,7.3768,1445,0
2017-11-28,19:35:00,7.37,7.4,7.35,7.375,7750,0
2017-11-28,19:40:00,7.35,7.4,7.35,7.35,4400,0
2017-11-28,19:45:00,7.375,7.4,7.35,7.4,800,0
2017-11-28,19:50:00,7.375,7.4,7.3555,7.375,5375,0
2017-11-28,19:55:00,7.35,7.385,7.35,7.385,3260,0
2017-11-28,20:00:00,7.375,7.4,7.35,7.4,2320,0
2017-11-28,20:05:00,7.4,7.4,7.35,7.351,5860,0
2017-11-28,20:10:00,7.3843,7.4,7.375,7.4,3900,0
2017-11-28,20:15:00,7.382,7.4,7.35,7.375,6999,0
2017-11-28,20:20:00,7.3657,7.4,7.3657,7.375,2326,0
2017-11-28,20:25:00,7.377,7.4,7.35,7.375,5605,0
2017-11-28,20:30:00,7.375,7.4,7.375,7.4,1000,0
2017-11-28,20:35:00,7.375,7.4,7.35,7.35,900,0
2017-11-28,20:40:00,7.351,7.4,7.351,7.4,1366,0
2017-11-28,20:45:00,7.375,7.4,7.3695,7.3695,950,0
2017-11-28,20:50:00,7.3965,7.4,7.375,7.375,862,0
2017-11-28,20:55:00,7.375,7.5,7.375,7.425,58232,0
2017-11-28,21:00:00,7.425,7.45,7.4,7.414,4132,0
2017-11-28,21:05:00,7.425,7.425,7.4,7.425,2900,0
2017-11-28,21:10:00,7.4323,7.5,7.4323,7.45,14325,0
2017-11-28,21:15:00,7.4933,7.5,7.4,7.4766,19710,0
2017-11-28,21:20:00,7.465,7.5,7.4501,7.4501,8703,0
2017-11-28,21:25:00,7.45,7.5,7.45,7.5,23862,0
2017-11-28,21:30:00,7.475,7.65,7.475,7.6,51576,0
2017-11-28,21:35:00,7.5737,7.6,7.551,7.5627,3800,0
2017-11-28,21:40:00,7.575,7.6,7.5,7.5001,21053,0
2017-11-28,21:45:00,7.525,7.6,7.5,7.5465,33293,0
2017-11-28,21:50:00,7.525,7.6,7.45,7.5501,27894,0
2017-11-28,21:55:00,7.575,7.6,7.55,7.6,12637,0
2017-11-28,22:00:00,7.575,7.65,7.55,7.6,89281,0
2017-11-29,15:35:00,7.7,7.75,7.65,7.75,37253,0
2017-11-29,15:40:00,7.735,7.735,7.65,7.699,15090,0
2017-11-29,15:45:00,7.681,7.7499,7.6625,7.749,9769,0
2017-11-29,15:50:00,7.725,7.9,7.725,7.9,27798,0
2017-11-29,15:55:00,7.85,7.9,7.7501,7.8,16776,0
2017-11-29,16:00:00,7.8,7.8,7.75,7.75,14919,0
2017-11-29,16:05:00,7.799,7.8,7.75,7.764,16247,0
2017-11-29,16:10:00,7.75,7.8,7.75,7.775,6700,0
2017-11-29,16:15:00,7.8,7.8,7.75,7.775,9886,0
2017-11-29,16:20:00,7.775,7.775,7.65,7.75,42466,0
2017-11-29,16:25:00,7.7,7.749,7.65,7.7,2200,0
2017-11-29,16:30:00,7.675,7.7,7.653,7.699,8185,0
2017-11-29,16:35:00,7.6847,7.6847,7.6501,7.6835,5300,0
2017-11-29,16:40:00,7.7,7.7,7.651,7.6769,931,0
2017-11-29,16:45:00,7.65,7.75,7.65,7.725,17464,0
2017-11-29,16:50:00,7.7305,7.7415,7.7,7.725,4500,0
2017-11-29,16:55:00,7.7,7.749,7.7,7.7,7100,0
2017-11-29,17:00:00,7.7,7.75,7.7,7.7,3530,0
2017-11-29,17:05:00,7.7,7.7,7.55,7.6,50006,0
2017-11-29,17:10:00,7.55,7.725,7.55,7.6937,9809,0
2017-11-29,17:15:00,7.681,7.6834,7.65,7.65,2030,0
2017-11-29,17:20:00,7.6581,7.7,7.65,7.6807,10750,0
2017-11-29,17:25:00,7.65,7.7,7.65,7.6691,1600,0
2017-11-29,17:30:00,7.7,7.7,7.65,7.7,9095,0
2017-11-29,17:35:00,7.7,7.7292,7.66,7.725,5929,0
2017-11-29,17:40:00,7.725,7.75,7.7,7.725,13280,0
2017-11-29,17:45:00,7.75,7.75,7.7,7.7,2977,0
2017-11-29,17:50:00,7.75,7.75,7.701,7.75,1646,0
2017-11-29,17:55:00,7.75,7.75,7.7,7.75,1200,0
2017-11-29,18:00:00,7.75,7.75,7.7,7.75,1900,0
2017-11-29,18:05:00,7.75,7.75,7.7,7.75,2600,0
2017-11-29,18:10:00,7.725,7.75,7.715,7.75,6620,0
2017-11-29,18:15:00,7.75,7.8,7.725,7.8,19550,0
2017-11-29,18:20:00,7.8,7.8,7.75,7.8,3081,0
2017-11-29,18:25:00,7.775,7.8,7.7565,7.8,9652,0
2017-11-29,18:30:00,7.775,7.8,7.75,7.8,6600,0
2017-11-29,18:35:00,7.8,7.8,7.75,7.7858,5088,0
2017-11-29,18:40:00,7.7743,7.8,7.75,7.775,5750,0
2017-11-29,18:45:00,7.775,7.8,7.75,7.775,4061,0
2017-11-29,18:50:00,7.775,7.8,7.7,7.7,17039,0
2017-11-29,18:55:00,7.725,7.725,7.7,7.725,600,0
2017-11-29,19:00:00,7.7233,7.75,7.7,7.725,715,0
2017-11-29,19:05:00,7.7,7.75,7.7,7.75,780,0
2017-11-29,19:10:00,7.725,7.75,7.7,7.75,1111,0
2017-11-29,19:15:00,7.723,7.75,7.7,7.75,5560,0
2017-11-29,19:20:00,7.7,7.75,7.7,7.725,3965,0
2017-11-29,19:25:00,7.75,7.75,7.7214,7.7247,3310,0
2017-11-29,19:30:00,7.7152,7.75,7.7,7.75,1100,0
2017-11-29,19:35:00,7.75,7.75,7.7035,7.75,7650,0
2017-11-29,19:40:00,7.725,7.75,7.7118,7.7165,3850,0
2017-11-29,19:45:00,7.725,7.75,7.701,7.7209,14985,0
2017-11-29,19:50:00,7.7,7.75,7.7,7.725,1700,0
2017-11-29,19:55:00,7.7,7.725,7.65,7.675,19967,0
2017-11-29,20:00:00,7.65,7.7,7.65,7.7,2000,0
2017-11-29,20:05:00,7.675,7.7,7.65,7.7,2385,0
2017-11-29,20:10:00,7.6742,7.7,7.65,7.7,2514,0
2017-11-29,20:15:00,7.7,7.7,7.65,7.65,500,0
2017-11-29,20:20:00,7.7,7.75,7.65,7.725,13996,0
2017-11-29,20:25:00,7.725,7.725,7.701,7.725,500,0
2017-11-29,20:30:00,7.725,7.75,7.65,7.7,20505,0
2017-11-29,20:35:00,7.6835,7.75,7.65,7.7364,11500,0
2017-11-29,20:40:00,7.7,7.75,7.6893,7.75,650,0
2017-11-29,20:45:00,7.75,7.75,7.7,7.75,2607,0
2017-11-29,20:50:00,7.7,7.75,7.7,7.701,2714,0
2017-11-29,20:55:00,7.725,7.75,7.7,7.725,2141,0
2017-11-29,21:00:00,7.75,7.75,7.7,7.7438,2838,0
2017-11-29,21:05:00,7.7,7.75,7.7,7.7,3925,0
2017-11-29,21:10:00,7.7,7.75,7.7,7.725,29011,0
2017-11-29,21:15:00,7.7,7.7438,7.675,7.7,10166,0
2017-11-29,21:20:00,7.7,7.7438,7.7,7.7,4293,0
2017-11-29,21:25:00,7.7,7.749,7.7,7.749,2032,0
2017-11-29,21:30:00,7.7,7.725,7.7,7.725,8643,0
2017-11-29,21:35:00,7.7,7.75,7.7,7.7,6500,0
2017-11-29,21:40:00,7.725,7.8,7.7,7.8,35213,0
2017-11-29,21:45:00,7.775,7.8,7.75,7.755,15924,0
2017-11-29,21:50:00,7.75,7.8,7.7,7.725,31763,0
2017-11-29,21:55:00,7.75,7.75,7.7,7.7152,22128,0
2017-11-29,22:00:00,7.725,7.75,7.7,7.75,94901,0
2017-11-30,15:35:00,7.9,7.9,7.75,7.75,15981,0
2017-11-30,15:40:00,7.75,7.775,7.6,7.749,18304,0
2017-11-30,15:45:00,7.6663,7.75,7.65,7.75,4040,0
2017-11-30,15:50:00,7.7252,7.7252,7.7231,7.7231,550,0
2017-11-30,15:55:00,7.725,7.75,7.725,7.75,2050,0
2017-11-30,16:00:00,7.7,7.749,7.7,7.725,300,0
2017-11-30,16:05:00,7.725,7.75,7.7,7.75,5730,0
2017-11-30,16:10:00,7.7465,7.8,7.7465,7.8,25052,0
2017-11-30,16:15:00,7.775,7.799,7.75,7.75,2255,0
2017-11-30,16:20:00,7.775,7.775,7.7245,7.75,10362,0
2017-11-30,16:25:00,7.775,7.8,7.75,7.775,4238,0
2017-11-30,16:30:00,7.8,7.85,7.755,7.8,15774,0
2017-11-30,16:35:00,7.85,7.85,7.819,7.85,2826,0
2017-11-30,16:40:00,7.85,7.85,7.8166,7.85,3849,0
2017-11-30,16:45:00,7.85,7.85,7.8,7.8,3403,0
2017-11-30,16:50:00,7.85,7.85,7.8,7.85,4650,0
2017-11-30,16:55:00,7.8,7.9,7.8,7.9,20050,0
2017-11-30,17:00:00,7.9,7.9,7.851,7.875,2601,0
2017-11-30,17:05:00,7.852,7.95,7.852,7.925,42149,0
2017-11-30,17:10:00,7.925,7.95,7.9017,7.925,10600,0
2017-11-30,17:15:00,7.9009,7.95,7.9,7.9,2232,0
2017-11-30,17:20:00,7.95,7.95,7.9,7.95,5729,0
2017-11-30,17:25:00,7.925,7.95,7.85,7.85,23934,0
2017-11-30,17:30:00,7.85,7.85,7.8,7.831,4771,0
2017-11-30,17:35:00,7.825,7.825,7.8,7.8,2149,0
2017-11-30,17:40:00,7.825,7.85,7.8,7.85,9711,0
2017-11-30,17:45:00,7.85,7.85,7.825,7.85,5500,0
2017-11-30,17:50:00,7.8,7.85,7.8,7.85,2811,0
2017-11-30,17:55:00,7.825,7.85,7.8,7.85,900,0
2017-11-30,18:00:00,7.85,7.85,7.8,7.825,3767,0
2017-11-30,18:05:00,7.825,7.85,7.8,7.825,800,0
2017-11-30,18:10:00,7.8,7.85,7.8,7.8,5727,0
2017-11-30,18:15:00,7.825,7.85,7.8,7.825,4080,0
2017-11-30,18:20:00,7.8,7.85,7.8,7.8,1400,0
2017-11-30,18:25:00,7.8,7.85,7.8,7.8147,3891,0
2017-11-30,18:30:00,7.825,7.825,7.75,7.75,7876,0
2017-11-30,18:35:00,7.75,7.799,7.75,7.75,4900,0
2017-11-30,18:40:00,7.752,7.8,7.75,7.775,2700,0
2017-11-30,18:45:00,7.8,7.8,7.8,7.8,1400,0
2017-11-30,18:50:00,7.782,7.85,7.782,7.85,6093,0
2017-11-30,18:55:00,7.85,7.85,7.8,7.8,1900,0
2017-11-30,19:00:00,7.8,7.85,7.8,7.8,1200,0
2017-11-30,19:05:00,7.85,7.85,7.8,7.825,5542,0
2017-11-30,19:10:00,7.8,7.85,7.8,7.85,7253,0
2017-11-30,19:15:00,7.8363,7.8363,7.75,7.75,8435,0
2017-11-30,19:20:00,7.775,7.8,7.75,7.775,2600,0
2017-11-30,19:25:00,7.75,7.8,7.75,7.775,2800,0
2017-11-30,19:30:00,7.775,7.8,7.7625,7.775,3900,0
2017-11-30,19:35:00,7.75,7.8,7.75,7.7757,3450,0
2017-11-30,19:40:00,7.775,7.85,7.775,7.825,7875,0
2017-11-30,19:45:00,7.85,7.85,7.75,7.75,8868,0
2017-11-30,19:50:00,7.75,7.8,7.75,7.8,1899,0
2017-11-30,19:55:00,7.75,7.8,7.75,7.752,800,0
2017-11-30,20:00:00,7.75,7.8,7.75,7.75,3000,0
2017-11-30,20:05:00,7.775,7.785,7.775,7.775,1250,0
2017-11-30,20:10:00,7.775,7.8,7.775,7.775,1711,0
2017-11-30,20:15:00,7.75,7.7925,7.75,7.752,2500,0
2017-11-30,20:20:00,7.775,7.775,7.75,7.775,1400,0
2017-11-30,20:25:00,7.75,7.8,7.75,7.775,7700,0
2017-11-30,20:30:00,7.7999,7.8,7.775,7.775,4200,0
2017-11-30,20:35:00,7.75,7.8,7.75,7.775,2600,0
2017-11-30,20:40:00,7.75,7.8,7.75,7.775,3200,0
2017-11-30,20:45:00,7.8,7.8,7.75,7.775,3000,0
2017-11-30,20:50:00,7.775,7.8,7.75,7.8,4776,0
2017-11-30,20:55:00,7.8,7.8,7.775,7.775,2019,0
2017-11-30,21:00:00,7.775,7.8,7.75,7.8,3000,0
2017-11-30,21:05:00,7.775,7.775,7.752,7.775,1000,0
2017-11-30,21:10:00,7.775,7.7861,7.75,7.75,1400,0
2017-11-30,21:15:00,7.752,7.775,7.75,7.75,2500,0
2017-11-30,21:20:00,7.775,7.775,7.75,7.7625,8327,0
2017-11-30,21:25:00,7.775,7.8,7.75,7.775,1600,0
2017-11-30,21:30:00,7.75,7.775,7.75,7.775,1000,0
2017-11-30,21:35:00,7.775,7.8,7.75,7.752,2500,0
2017-11-30,21:40:00,7.7535,7.8,7.75,7.775,4252,0
2017-11-30,21:45:00,7.75,7.8,7.7,7.7,22151,0
2017-11-30,21:50:00,7.7,7.75,7.7,7.75,21359,0
2017-11-30,21:55:00,7.775,7.85,7.75,7.7501,32943,0
2017-11-30,22:00:00,7.75,7.7845,7.7,7.7,97147,0
2017-12-01,15:35:00,7.75,7.75,7.75,7.75,10556,0
2017-12-01,15:40:00,7.7,7.7034,7.65,7.65,27478,0
2017-12-01,15:45:00,7.6555,7.68,7.65,7.655,3950,0
2017-12-01,15:50:00,7.7,7.7,7.65,7.65,4137,0
2017-12-01,15:55:00,7.675,7.675,7.65,7.65,1100,0
2017-12-01,16:00:00,7.6543,7.7,7.65,7.7,6950,0
2017-12-01,16:05:00,7.665,7.7,7.665,7.7,1435,0
2017-12-01,16:10:00,7.684,7.725,7.675,7.725,1767,0
2017-12-01,16:15:00,7.7,7.75,7.7,7.75,1700,0
2017-12-01,16:20:00,7.725,7.85,7.725,7.85,2825,0
2017-12-01,16:25:00,7.825,7.825,7.8,7.8,3178,0
2017-12-01,16:30:00,7.75,7.825,7.75,7.825,2270,0
2017-12-01,16:35:00,7.8078,7.8078,7.8,7.8,5280,0
2017-12-01,16:40:00,7.775,7.8,7.75,7.75,300,0
2017-12-01,16:45:00,7.775,7.799,7.75,7.75,1564,0
2017-12-01,16:50:00,7.75,7.75,7.7244,7.7244,8695,0
2017-12-01,16:55:00,7.7,7.725,7.7,7.7,700,0
2017-12-01,17:00:00,7.745,7.745,7.745,7.745,490,0
2017-12-01,17:05:00,7.7499,7.7499,7.7499,7.7499,700,0
2017-12-01,17:10:00,7.72,7.75,7.7,7.7,5213,0
2017-12-01,17:15:00,7.725,7.75,7.675,7.7,12947,0
2017-12-01,17:20:00,7.7,7.7,7.65,7.65,30932,0
2017-12-01,17:25:00,7.62,7.62,7.5,7.518,11431,0
2017-12-01,17:30:00,7.5,7.55,7.45,7.45,15148,0
2017-12-01,17:35:00,7.45,7.5,7.325,7.3718,36172,0
2017-12-01,17:40:00,7.35,7.45,7.35,7.45,17635,0
2017-12-01,17:45:00,7.469,7.4999,7.45,7.45,6445,0
2017-12-01,17:50:00,7.425,7.55,7.4084,7.55,18843,0
2017-12-01,17:55:00,7.5,7.6,7.475,7.475,28762,0
2017-12-01,18:00:00,7.45,7.548,7.4,7.5001,5962,0
2017-12-01,18:05:00,7.55,7.6838,7.55,7.6507,12722,0
2017-12-01,18:10:00,7.65,7.66,7.575,7.575,6200,0
2017-12-01,18:15:00,7.575,7.6,7.5505,7.6,3004,0
2017-12-01,18:20:00,7.6,7.61,7.55,7.575,1712,0
2017-12-01,18:25:00,7.575,7.59,7.55,7.55,1850,0
2017-12-01,18:30:00,7.55,7.5885,7.55,7.551,1383,0
2017-12-01,18:35:00,7.5875,7.65,7.575,7.625,15862,0
2017-12-01,18:40:00,7.6,7.625,7.55,7.55,3401,0
2017-12-01,18:45:00,7.55,7.55,7.55,7.55,300,0
2017-12-01,18:50:00,7.6,7.625,7.6,7.625,3272,0
2017-12-01,18:55:00,7.6,7.6236,7.6,7.6,710,0
2017-12-01,19:00:00,7.601,7.6469,7.6,7.6469,1593,0
2017-12-01,19:05:00,7.625,7.625,7.55,7.55,2401,0
2017-12-01,19:10:00,7.55,7.55,7.5,7.55,12063,0
2017-12-01,19:15:00,7.575,7.575,7.575,7.575,300,0
2017-12-01,19:20:00,7.55,7.575,7.55,7.55,800,0
2017-12-01,19:25:00,7.55,7.5845,7.55,7.575,1000,0
2017-12-01,19:30:00,7.5562,7.575,7.55,7.575,600,0
2017-12-01,19:35:00,7.6,7.675,7.6,7.675,8558,0
2017-12-01,19:40:00,7.7,7.75,7.6782,7.75,5400,0
2017-12-01,19:45:00,7.725,7.775,7.7,7.705,7090,0
2017-12-01,19:50:00,7.7,7.7,7.65,7.65,7657,0
2017-12-01,19:55:00,7.65,7.675,7.65,7.675,1800,0
2017-12-01,20:00:00,7.6875,7.6875,7.65,7.65,400,0
2017-12-01,20:05:00,7.675,7.675,7.6,7.6305,10500,0
2017-12-01,20:10:00,7.6,7.625,7.6,7.6,1200,0
2017-12-01,20:15:00,7.625,7.65,7.6,7.65,1400,0
2017-12-01,20:20:00,7.625,7.625,7.6,7.625,300,0
2017-12-01,20:25:00,7.625,7.65,7.6034,7.6375,4900,0
2017-12-01,20:30:00,7.625,7.65,7.6,7.65,10300,0
2017-12-01,20:35:00,7.65,7.75,7.65,7.75,15250,0
2017-12-01,20:40:00,7.7501,7.8,7.7501,7.8,3300,0
2017-12-01,20:45:00,7.775,7.8,7.751,7.775,1700,0
2017-12-01,20:50:00,7.775,7.8,7.7,7.7,13563,0
2017-12-01,20:55:00,7.7,7.7336,7.6957,7.7,5509,0
2017-12-01,21:00:00,7.7,7.7,7.675,7.7,400,0
2017-12-01,21:05:00,7.7295,7.75,7.725,7.75,1700,0
2017-12-01,21:10:00,7.75,7.775,7.75,7.75,2300,0
2017-12-01,21:15:00,7.75,7.75,7.725,7.735,2320,0
2017-12-01,21:20:00,7.725,7.75,7.7,7.725,2300,0
2017-12-01,21:25:00,7.7,7.75,7.7,7.715,2100,0
2017-12-01,21:30:00,7.7,7.75,7.7,7.75,1400,0
2017-12-01,21:35:00,7.7,7.75,7.7,7.725,7081,0
2017-12-01,21:40:00,7.725,7.75,7.7,7.75,18958,0
2017-12-01,21:45:00,7.725,7.75,7.7,7.7315,14060,0
2017-12-01,21:50:00,7.7259,7.75,7.7,7.725,20471,0
2017-12-01,21:55:00,7.75,7.75,7.7,7.7,13957,0
2017-12-01,22:00:00,7.725,7.75,7.7,7.75,53490,0
2017-12-04,15:35:00,7.9,7.9,7.7,7.75,60615,0
2017-12-04,15:40:00,7.726,7.75,7.65,7.65,15198,0
2017-12-04,15:45:00,7.654,7.7,7.654,7.6992,3408,0
2017-12-04,15:50:00,7.7,7.7,7.55,7.6266,10244,0
2017-12-04,15:55:00,7.65,7.7,7.6305,7.65,4000,0
2017-12-04,16:00:00,7.6487,7.65,7.612,7.625,660,0
2017-12-04,16:05:00,7.625,7.632,7.55,7.55,6547,0
2017-12-04,16:10:00,7.6,7.6,7.5,7.505,6437,0
2017-12-04,16:15:00,7.525,7.55,7.5,7.55,8057,0
2017-12-04,16:20:00,7.575,7.6,7.55,7.6,14656,0
2017-12-04,16:25:00,7.575,7.65,7.575,7.625,4076,0
2017-12-04,16:30:00,7.625,7.65,7.6,7.6,19677,0
2017-12-04,16:35:00,7.6,7.634,7.5913,7.625,5630,0
2017-12-04,16:40:00,7.65,7.65,7.6,7.6,1500,0
2017-12-04,16:45:00,7.625,7.625,7.575,7.575,2853,0
2017-12-04,16:50:00,7.575,7.625,7.55,7.6,3174,0
2017-12-04,16:55:00,7.6,7.6345,7.55,7.55,3336,0
2017-12-04,17:00:00,7.6,7.6338,7.575,7.6,3234,0
2017-12-04,17:05:00,7.6,7.625,7.6,7.625,1357,0
2017-12-04,17:10:00,7.6,7.65,7.6,7.611,1000,0
2017-12-04,17:15:00,7.6,7.6,7.55,7.575,4945,0
2017-12-04,17:20:00,7.6,7.675,7.575,7.675,13385,0
2017-12-04,17:25:00,7.6617,7.7,7.625,7.65,5718,0
2017-12-04,17:30:00,7.65,7.675,7.65,7.675,1564,0
2017-12-04,17:35:00,7.675,7.675,7.65,7.6702,3327,0
2017-12-04,17:40:00,7.6501,7.675,7.6,7.675,8870,0
2017-12-04,17:45:00,7.675,7.7,7.675,7.7,7947,0
2017-12-04,17:50:00,7.651,7.7,7.651,7.7,1400,0
2017-12-04,17:55:00,7.7,7.7,7.65,7.7,7681,0
2017-12-04,18:00:00,7.675,7.7,7.65,7.6723,630,0
2017-12-04,18:05:00,7.65,7.7,7.65,7.675,500,0
2017-12-04,18:10:00,7.7,7.7,7.675,7.6825,2300,0
2017-12-04,18:15:00,7.7,7.7,7.683,7.7,1900,0
2017-12-04,18:20:00,7.7,7.75,7.7,7.75,4432,0
2017-12-04,18:25:00,7.725,7.731,7.65,7.7,3998,0
2017-12-04,18:30:00,7.65,7.675,7.65,7.65,1930,0
2017-12-04,18:35:00,7.65,7.65,7.6,7.65,2111,0
2017-12-04,18:40:00,7.624,7.625,7.6,7.6,820,0
2017-12-04,18:45:00,7.625,7.625,7.6,7.6,200,0
2017-12-04,18:50:00,7.6,7.65,7.6,7.6001,5300,0
2017-12-04,18:55:00,7.6,7.65,7.6,7.65,500,0
2017-12-04,19:00:00,7.625,7.65,7.6,7.65,1458,0
2017-12-04,19:05:00,7.65,7.7,7.65,7.7,4238,0
2017-12-04,19:10:00,7.675,7.7,7.65,7.7,600,0
2017-12-04,19:15:00,7.7,7.7,7.65,7.7,1000,0
2017-12-04,19:20:00,7.7,7.7,7.675,7.7,300,0
2017-12-04,19:25:00,7.7,7.7,7.6716,7.7,1784,0
2017-12-04,19:30:00,7.7,7.7,7.65,7.7,2550,0
2017-12-04,19:35:00,7.6728,7.7,7.65,7.675,4032,0
2017-12-04,19:40:00,7.65,7.675,7.65,7.65,5911,0
2017-12-04,19:45:00,7.65,7.675,7.65,7.675,1480,0
2017-12-04,19:50:00,7.7,7.7,7.65,7.675,800,0
2017-12-04,19:55:00,7.675,7.7,7.675,7.675,1600,0
2017-12-04,20:00:00,7.675,7.68,7.65,7.68,3100,0
2017-12-04,20:05:00,7.675,7.6999,7.65,7.675,665,0
2017-12-04,20:10:00,7.65,7.675,7.6,7.625,3900,0
2017-12-04,20:15:00,7.625,7.65,7.623,7.65,5600,0
2017-12-04,20:20:00,7.625,7.65,7.625,7.65,300,0
2017-12-04,20:25:00,7.65,7.65,7.6,7.625,833,0
2017-12-04,20:30:00,7.6,7.65,7.6,7.65,500,0
2017-12-04,20:35:00,7.6,7.6,7.575,7.575,7327,0
2017-12-04,20:40:00,7.5839,7.6,7.55,7.55,3600,0
2017-12-04,20:45:00,7.6,7.6,7.55,7.6,700,0
2017-12-04,20:50:00,7.55,7.6,7.55,7.569,2600,0
2017-12-04,20:55:00,7.575,7.575,7.55,7.575,500,0
2017-12-04,21:00:00,7.5737,7.6,7.55,7.6,1850,0
2017-12-04,21:05:00,7.6,7.6,7.568,7.6,1300,0
2017-12-04,21:10:00,7.6,7.6,7.575,7.6,700,0
2017-12-04,21:15:00,7.6,7.6,7.575,7.6,1100,0
2017-12-04,21:20:00,7.6,7.6,7.575,7.6,800,0
2017-12-04,21:25:00,7.581,7.6,7.575,7.6,800,0
2017-12-04,21:30:00,7.575,7.6,7.575,7.6,700,0
2017-12-04,21:35:00,7.575,7.6,7.55,7.575,2215,0
2017-12-04,21:40:00,7.575,7.6,7.55,7.6,5275,0
2017-12-04,21:45:00,7.575,7.6,7.55,7.6,3021,0
2017-12-04,21:50:00,7.575,7.6,7.55,7.575,3897,0
2017-12-04,21:55:00,7.55,7.6,7.55,7.575,6336,0
2017-12-04,22:00:00,7.55,7.6,7.55,7.6,20868,0
2017-12-05,15:35:00,7.7,7.7,7.55,7.581,6604,0
2017-12-05,15:40:00,7.5888,7.6,7.55,7.55,10848,0
2017-12-05,15:45:00,7.55,7.625,7.55,7.6,9013,0
2017-12-05,15:50:00,7.65,7.65,7.569,7.569,1600,0
2017-12-05,15:55:00,7.55,7.65,7.55,7.65,6868,0
2017-12-05,16:00:00,7.6255,7.65,7.6,7.65,2100,0
2017-12-05,16:05:00,7.7,7.7,7.7,7.7,2906,0
2017-12-05,16:10:00,7.65,7.65,7.6,7.6148,3100,0
2017-12-05,16:15:00,7.65,7.65,7.6001,7.6001,887,0
2017-12-05,16:20:00,7.65,7.695,7.625,7.695,2620,0
2017-12-05,16:25:00,7.7,7.7,7.65,7.65,510,0
2017-12-05,16:30:00,7.675,7.675,7.55,7.55,4740,0
2017-12-05,16:35:00,7.55,7.599,7.525,7.599,5463,0
2017-12-05,16:40:00,7.5,7.6,7.5,7.5385,6502,0
2017-12-05,16:45:00,7.55,7.6,7.55,7.6,4220,0
2017-12-05,16:50:00,7.55,7.5837,7.55,7.5837,400,0
2017-12-05,16:55:00,7.551,7.5753,7.55,7.55,1697,0
2017-12-05,17:00:00,7.55,7.598,7.5,7.55,12832,0
2017-12-05,17:05:00,7.525,7.55,7.5,7.55,6580,0
2017-12-05,17:10:00,7.575,7.5839,7.55,7.575,700,0
2017-12-05,17:15:00,7.575,7.575,7.55,7.5739,796,0
2017-12-05,17:20:00,7.55,7.6,7.55,7.6,900,0
2017-12-05,17:25:00,7.6,7.6,7.5619,7.6,6800,0
2017-12-05,17:30:00,7.6,7.6,7.551,7.5744,987,0
2017-12-05,17:35:00,7.5882,7.6,7.5,7.525,26636,0
2017-12-05,17:40:00,7.525,7.525,7.5,7.5,25367,0
2017-12-05,17:45:00,7.5,7.505,7.5,7.505,713,0
2017-12-05,17:50:00,7.5,7.525,7.5,7.525,400,0
2017-12-05,17:55:00,7.525,7.525,7.5,7.5,433,0
2017-12-05,18:00:00,7.525,7.5255,7.5,7.5,700,0
2017-12-05,18:05:00,7.525,7.525,7.525,7.525,500,0
2017-12-05,18:10:00,7.525,7.525,7.5,7.525,300,0
2017-12-05,18:15:00,7.55,7.55,7.525,7.525,200,0
2017-12-05,18:20:00,7.525,7.55,7.5,7.525,1904,0
2017-12-05,18:25:00,7.5241,7.55,7.5,7.525,1500,0
2017-12-05,18:30:00,7.5193,7.525,7.5193,7.5235,725,0
2017-12-05,18:35:00,7.55,7.55,7.525,7.525,1200,0
2017-12-05,18:40:00,7.55,7.6,7.5,7.6,10431,0
2017-12-05,18:45:00,7.6,7.6,7.5633,7.5633,1150,0
2017-12-05,18:50:00,7.6,7.6,7.575,7.575,200,0
2017-12-05,18:55:00,7.55,7.6,7.55,7.6,1400,0
2017-12-05,19:00:00,7.599,7.6,7.575,7.575,1200,0
2017-12-05,19:05:00,7.5626,7.6,7.5626,7.6,2000,0
2017-12-05,19:10:00,7.575,7.6,7.575,7.6,700,0
2017-12-05,19:15:00,7.5661,7.575,7.55,7.55,500,0
2017-12-05,19:20:00,7.5925,7.6,7.5512,7.575,700,0
2017-12-05,19:25:00,7.575,7.6,7.575,7.5763,530,0
2017-12-05,19:30:00,7.575,7.575,7.55,7.55,500,0
2017-12-05,19:35:00,7.575,7.575,7.575,7.575,300,0
2017-12-05,19:40:00,7.575,7.575,7.55,7.55,300,0
2017-12-05,19:45:00,7.565,7.6,7.55,7.6,800,0
2017-12-05,19:50:00,7.575,7.575,7.55,7.575,700,0
2017-12-05,19:55:00,7.6,7.6,7.55,7.575,500,0
2017-12-05,20:00:00,7.575,7.6,7.575,7.6,500,0
2017-12-05,20:05:00,7.5765,7.5765,7.55,7.575,656,0
2017-12-05,20:10:00,7.575,7.58,7.575,7.58,500,0
2017-12-05,20:15:00,7.575,7.575,7.55,7.55,390,0
2017-12-05,20:20:00,7.575,7.6,7.575,7.6,500,0
2017-12-05,20:25:00,7.55,7.55,7.5,7.5,8424,0
2017-12-05,20:30:00,7.525,7.5465,7.5,7.525,1075,0
2017-12-05,20:35:00,7.525,7.525,7.5,7.5,200,0
2017-12-05,20:40:00,7.525,7.525,7.45,7.499,22180,0
2017-12-05,20:45:00,7.465,7.499,7.45,7.499,2710,0
2017-12-05,20:50:00,7.475,7.475,7.45,7.45,1200,0
2017-12-05,20:55:00,7.45,7.4762,7.45,7.45,1000,0
2017-12-05,21:00:00,7.45,7.4848,7.45,7.45,2761,0
2017-12-05,21:05:00,7.45,7.45,7.45,7.45,130,0
2017-12-05,21:10:00,7.475,7.475,7.425,7.449,12279,0
2017-12-05,21:15:00,7.425,7.425,7.425,7.425,400,0
2017-12-05,21:20:00,7.425,7.45,7.4,7.4,600,0
2017-12-05,21:25:00,7.425,7.4345,7.4,7.4249,847,0
2017-12-05,21:30:00,7.4305,7.5,7.4,7.45,19861,0
2017-12-05,21:35:00,7.499,7.5,7.45,7.475,1610,0
2017-12-05,21:40:00,7.4947,7.4947,7.45,7.45,2100,0
2017-12-05,21:45:00,7.45,7.5,7.45,7.45,900,0
2017-12-05,21:50:00,7.45,7.5,7.4,7.425,10939,0
2017-12-05,21:55:00,7.425,7.45,7.4,7.4,6317,0
2017-12-05,22:00:00,7.425,7.45,7.4,7.45,21308,0
2017-12-06,15:35:00,7.45,7.45,7.3035,7.4,13360,0
2017-12-06,15:40:00,7.35,7.35,7.3,7.307,1571,0
2017-12-06,15:45:00,7.361,7.361,7.3,7.3156,473,0
2017-12-06,15:50:00,7.4,7.4,7.35,7.35,11872,0
2017-12-06,15:55:00,7.325,7.35,7.301,7.35,8500,0
2017-12-06,16:00:00,7.35,7.4217,7.35,7.4,7412,0
2017-12-06,16:05:00,7.3779,7.4,7.351,7.4,20095,0
2017-12-06,16:10:00,7.375,7.4,7.375,7.4,1900,0
2017-12-06,16:15:00,7.35,7.354,7.35,7.354,3060,0
2017-12-06,16:20:00,7.375,7.3775,7.325,7.325,7685,0
2017-12-06,16:25:00,7.3,7.325,7.3,7.3,1843,0
2017-12-06,16:30:00,7.301,7.325,7.1,7.225,62453,0
2017-12-06,16:35:00,7.225,7.2499,7.205,7.225,1280,0
2017-12-06,16:40:00,7.2249,7.2249,7.2,7.2,4624,0
2017-12-06,16:45:00,7.2,7.2063,7.15,7.1779,15789,0
2017-12-06,16:50:00,7.2,7.285,7.2,7.2247,8268,0
2017-12-06,16:55:00,7.25,7.25,7.2,7.2149,3875,0
2017-12-06,17:00:00,7.2,7.2874,7.2,7.25,7046,0
2017-12-06,17:05:00,7.25,7.25,7.2,7.25,13000,0
2017-12-06,17:10:00,7.2154,7.3,7.2154,7.3,4450,0
2017-12-06,17:15:00,7.25,7.2518,7.2,7.2,2335,0
2017-12-06,17:20:00,7.225,7.225,7.225,7.225,625,0
2017-12-06,17:25:00,7.2274,7.25,7.225,7.225,615,0
2017-12-06,17:30:00,7.225,7.249,7.2,7.225,1500,0
2017-12-06,17:35:00,7.2499,7.2499,7.2,7.2,800,0
2017-12-06,17:40:00,7.225,7.2356,7.2,7.2,700,0
2017-12-06,17:45:00,7.2,7.225,7.2,7.225,600,0
2017-12-06,17:50:00,7.249,7.249,7.2,7.225,2800,0
2017-12-06,17:55:00,7.225,7.25,7.2,7.2356,1015,0
2017-12-06,18:00:00,7.25,7.25,7.2,7.225,1600,0
2017-12-06,18:05:00,7.2155,7.25,7.2,7.2,900,0
2017-12-06,18:10:00,7.225,7.225,7.2,7.2,400,0
2017-12-06,18:15:00,7.2,7.225,7.2,7.2,5996,0
2017-12-06,18:20:00,7.2,7.2,7.15,7.15,6460,0
2017-12-06,18:25:00,7.1909,7.1909,7.15,7.15,6700,0
2017-12-06,18:30:00,7.15,7.175,7.15,7.15,900,0
2017-12-06,18:35:00,7.1748,7.1748,7.15,7.15,500,0
2017-12-06,18:40:00,7.15,7.175,7.15,7.175,1875,0
2017-12-06,18:45:00,7.175,7.1825,7.15,7.15,2150,0
2017-12-06,18:55:00,7.1632,7.1875,7.15,7.15,3000,0
2017-12-06,19:00:00,7.15,7.175,7.15,7.15,500,0
2017-12-06,19:05:00,7.15,7.15,7.125,7.1283,13575,0
2017-12-06,19:10:00,7.1286,7.15,7.1,7.1277,12774,0
2017-12-06,19:15:00,7.125,7.1305,7.1,7.1,518,0
2017-12-06,19:20:00,7.15,7.1847,7.15,7.15,7616,0
2017-12-06,19:25:00,7.15,7.1783,7.15,7.15,2100,0
2017-12-06,19:30:00,7.15,7.175,7.15,7.1665,500,0
2017-12-06,19:35:00,7.15,7.175,7.15,7.175,400,0
2017-12-06,19:40:00,7.2,7.25,7.2,7.225,8076,0
2017-12-06,19:45:00,7.25,7.25,7.2226,7.2289,1176,0
2017-12-06,19:50:00,7.225,7.25,7.2,7.2,1900,0
2017-12-06,19:55:00,7.225,7.25,7.2,7.216,9200,0
2017-12-06,20:00:00,7.2,7.25,7.2,7.25,6920,0
2017-12-06,20:05:00,7.225,7.225,7.2,7.225,400,0
2017-12-06,20:10:00,7.25,7.275,7.25,7.275,3303,0
2017-12-06,20:15:00,7.275,7.3,7.25,7.3,5900,0
2017-12-06,20:20:00,7.275,7.275,7.2692,7.2692,500,0
2017-12-06,20:25:00,7.3,7.3,7.251,7.275,7200,0
2017-12-06,20:30:00,7.2807,7.2999,7.25,7.275,801,0
2017-12-06,20:35:00,7.2771,7.2872,7.275,7.2872,700,0
2017-12-06,20:40:00,7.3,7.3,7.25,7.251,1250,0
2017-12-06,20:45:00,7.3,7.3,7.25,7.275,600,0
2017-12-06,20:50:00,7.251,7.251,7.251,7.251,100,0
2017-12-06,20:55:00,7.2765,7.2765,7.25,7.275,2600,0
2017-12-06,21:00:00,7.275,7.275,7.275,7.275,500,0
2017-12-06,21:05:00,7.25,7.299,7.25,7.25,1636,0
2017-12-06,21:10:00,7.3,7.3,7.25,7.275,300,0
2017-12-06,21:15:00,7.275,7.3,7.25,7.25,800,0
2017-12-06,21:20:00,7.3,7.3,7.25,7.275,2061,0
2017-12-06,21:25:00,7.2999,7.2999,7.25,7.25,1000,0
2017-12-06,21:30:00,7.275,7.3,7.25,7.275,1800,0
2017-12-06,21:35:00,7.25,7.275,7.25,7.25,400,0
2017-12-06,21:40:00,7.275,7.3,7.25,7.275,1200,0
2017-12-06,21:45:00,7.2533,7.3,7.25,7.25,2949,0
2017-12-06,21:50:00,7.2999,7.3,7.25,7.25,2123,0
2017-12-06,21:55:00,7.2999,7.3,7.25,7.275,5800,0
2017-12-06,22:00:00,7.25,7.3,7.25,7.25,20147,0
