Date,Time,Open,High,Low,Close,Volume,OpenInt
2017-10-09,15:35:00,3.5,3.5,3.4564,3.4564,41000,0
2017-10-09,15:40:00,3.4421,3.4421,3.1103,3.2699,42029,0
2017-10-09,15:50:00,3.232,3.232,3.2177,3.2177,400,0
2017-10-09,15:55:00,3.21,3.2125,3.2,3.2125,600,0
2017-10-09,16:00:00,3.24,3.24,3.24,3.24,100,0
2017-10-09,16:15:00,3.25,3.29,3.25,3.29,1300,0
2017-10-09,16:20:00,3.23,3.28,3.23,3.28,400,0
2017-10-09,16:25:00,3.33,3.38,3.32,3.32,5600,0
2017-10-09,16:30:00,3.345,3.345,3.345,3.345,300,0
2017-10-09,16:35:00,3.34,3.35,3.34,3.35,300,0
2017-10-09,16:40:00,3.365,3.3771,3.365,3.3771,1010,0
2017-10-09,16:45:00,3.37,3.379,3.35,3.35,3095,0
2017-10-09,16:55:00,3.3,3.32,3.2874,3.32,4400,0
2017-10-09,17:05:00,3.3,3.3,3.28,3.281,3200,0
2017-10-09,17:10:00,3.29,3.29,3.29,3.29,200,0
2017-10-09,17:15:00,3.28,3.28,3.27,3.27,4800,0
2017-10-09,17:25:00,3.2384,3.2384,3.2384,3.2384,1000,0
2017-10-09,17:35:00,3.23,3.23,3.23,3.23,100,0
2017-10-09,17:40:00,3.2325,3.2325,3.2325,3.2325,300,0
2017-10-09,17:50:00,3.23,3.23,3.23,3.23,100,0
2017-10-09,18:00:00,3.237,3.237,3.237,3.237,1000,0
2017-10-09,18:10:00,3.24,3.24,3.2374,3.2374,1300,0
2017-10-09,18:30:00,3.23,3.2384,3.23,3.2301,4010,0
2017-10-09,18:50:00,3.21,3.2102,3.2,3.2102,1700,0
2017-10-09,18:55:00,3.2095,3.2095,3.2095,3.2095,1000,0
2017-10-09,19:05:00,3.2,3.2081,3.2,3.2,2400,0
2017-10-09,19:30:00,3.17,3.2,3.17,3.2,1484,0
2017-10-09,19:40:00,3.2045,3.2045,3.2045,3.2045,2000,0
2017-10-09,19:45:00,3.205,3.205,3.2,3.2,2920,0
2017-10-09,20:10:00,3.19,3.19,3.19,3.19,100,0
2017-10-09,20:25:00,3.19,3.19,3.19,3.19,100,0
2017-10-09,20:30:00,3.1897,3.1897,3.185,3.185,400,0
2017-10-09,20:40:00,3.19,3.19,3.19,3.19,100,0
2017-10-09,20:45:00,3.19,3.19,3.19,3.19,100,0
2017-10-09,20:55:00,3.19,3.19,3.19,3.19,100,0
2017-10-09,21:25:00,3.18,3.18,3.18,3.18,200,0
2017-10-09,21:35:00,3.18,3.18,3.18,3.18,100,0
2017-10-09,21:40:00,3.19,3.19,3.19,3.19,100,0
2017-10-09,21:50:00,3.1858,3.1858,3.17,3.17,1600,0
2017-10-09,21:55:00,3.1701,3.19,3.17,3.1764,2220,0
2017-10-09,22:00:00,3.19,3.19,3.188,3.188,600,0
2017-10-10,15:35:00,3.14,3.14,3.14,3.14,1000,0
2017-10-10,15:50:00,3.1876,3.1876,3.1876,3.1876,100,0
2017-10-10,16:00:00,3.2,3.22,3.2,3.22,1000,0
2017-10-10,16:10:00,3.24,3.24,3.24,3.24,100,0
2017-10-10,16:20:00,3.25,3.25,3.25,3.25,600,0
2017-10-10,16:30:00,3.2501,3.2501,3.2501,3.2501,400,0
2017-10-10,16:40:00,3.31,3.31,3.305,3.305,200,0
2017-10-10,16:50:00,3.2801,3.305,3.2801,3.305,200,0
2017-10-10,16:55:00,3.305,3.305,3.305,3.305,100,0
2017-10-10,17:00:00,3.28,3.3,3.28,3.3,200,0
2017-10-10,17:25:00,3.2825,3.29,3.2825,3.29,600,0
2017-10-10,17:40:00,3.29,3.2999,3.29,3.2999,600,0
2017-10-10,17:50:00,3.3,3.3,3.29,3.29,1500,0
2017-10-10,17:55:00,3.29,3.29,3.29,3.29,300,0
2017-10-10,18:00:00,3.292,3.292,3.27,3.27,3600,0
2017-10-10,18:05:00,3.29,3.29,3.2729,3.2729,200,0
2017-10-10,18:20:00,3.29,3.29,3.29,3.29,100,0
2017-10-10,18:25:00,3.29,3.29,3.2899,3.2899,900,0
2017-10-10,18:35:00,3.29,3.29,3.29,3.29,100,0
2017-10-10,18:40:00,3.28,3.28,3.28,3.28,300,0
2017-10-10,19:10:00,3.29,3.29,3.29,3.29,100,0
2017-10-10,19:20:00,3.28,3.28,3.27,3.27,800,0
2017-10-10,19:45:00,3.24,3.25,3.24,3.25,200,0
2017-10-10,19:50:00,3.2375,3.2375,3.2375,3.2375,230,0
2017-10-10,20:05:00,3.24,3.24,3.22,3.22,1450,0
2017-10-10,20:15:00,3.24,3.24,3.24,3.24,100,0
2017-10-10,20:35:00,3.22,3.22,3.22,3.22,100,0
2017-10-10,20:50:00,3.225,3.225,3.2235,3.2235,300,0
2017-10-10,20:55:00,3.2252,3.2252,3.2252,3.2252,300,0
2017-10-10,21:20:00,3.22,3.22,3.22,3.22,100,0
2017-10-10,21:30:00,3.2223,3.2223,3.2223,3.2223,500,0
2017-10-10,21:40:00,3.23,3.23,3.23,3.23,100,0
2017-10-10,21:45:00,3.23,3.23,3.23,3.23,500,0
2017-10-10,21:50:00,3.23,3.2427,3.23,3.2427,5800,0
2017-10-10,21:55:00,3.25,3.25,3.25,3.25,700,0
2017-10-10,22:00:00,3.23,3.23,3.23,3.23,100,0
2017-10-11,16:05:00,3.2613,3.2613,3.2613,3.2613,175,0
2017-10-11,16:10:00,3.29,3.3425,3.2899,3.29,3290,0
2017-10-11,16:15:00,3.3299,3.3499,3.3212,3.3499,3400,0
2017-10-11,16:20:00,3.3136,3.3499,3.3136,3.3499,2200,0
2017-10-11,16:25:00,3.3,3.3,3.3,3.3,1100,0
2017-10-11,16:35:00,3.3,3.325,3.3,3.325,2700,0
2017-10-11,16:45:00,3.32,3.33,3.32,3.33,1100,0
2017-10-11,16:50:00,3.3101,3.3101,3.3101,3.3101,1000,0
2017-10-11,16:55:00,3.32,3.3213,3.31,3.31,3300,0
2017-10-11,17:00:00,3.3188,3.3188,3.3188,3.3188,500,0
2017-10-11,17:05:00,3.32,3.32,3.31,3.31,200,0
2017-10-11,17:10:00,3.31,3.31,3.31,3.31,200,0
2017-10-11,17:15:00,3.32,3.32,3.32,3.32,1000,0
2017-10-11,17:20:00,3.32,3.32,3.32,3.32,100,0
2017-10-11,17:25:00,3.31,3.31,3.31,3.31,300,0
2017-10-11,17:35:00,3.32,3.32,3.32,3.32,100,0
2017-10-11,17:40:00,3.31,3.31,3.31,3.31,100,0
2017-10-11,17:55:00,3.31,3.31,3.31,3.31,100,0
2017-10-11,18:05:00,3.32,3.33,3.32,3.33,400,0
2017-10-11,18:10:00,3.32,3.32,3.32,3.32,300,0
2017-10-11,18:25:00,3.32,3.3205,3.3,3.31,4600,0
2017-10-11,18:30:00,3.3,3.3,3.3,3.3,3813,0
2017-10-11,18:40:00,3.29,3.29,3.29,3.29,100,0
2017-10-11,18:45:00,3.273,3.273,3.273,3.273,3000,0
2017-10-11,18:50:00,3.3,3.3,3.2802,3.2802,1600,0
2017-10-11,19:10:00,3.3,3.3,3.3,3.3,100,0
2017-10-11,19:35:00,3.3,3.3,3.3,3.3,100,0
2017-10-11,19:55:00,3.29,3.29,3.29,3.29,100,0
2017-10-11,20:10:00,3.29,3.29,3.29,3.29,100,0
2017-10-11,20:25:00,3.28,3.28,3.27,3.27,3200,0
2017-10-11,20:40:00,3.28,3.28,3.28,3.28,100,0
2017-10-11,20:55:00,3.27,3.27,3.27,3.27,100,0
2017-10-11,21:10:00,3.27,3.27,3.27,3.27,100,0
2017-10-11,21:25:00,3.27,3.27,3.27,3.27,100,0
2017-10-11,21:35:00,3.27,3.27,3.26,3.2665,1100,0
2017-10-11,21:40:00,3.251,3.2525,3.25,3.25,6500,0
2017-10-11,21:45:00,3.245,3.245,3.24,3.24,7000,0
2017-10-11,21:50:00,3.23,3.26,3.23,3.26,337,0
2017-10-11,21:55:00,3.26,3.26,3.232,3.232,1257,0
2017-10-12,15:55:00,3.214,3.214,3.18,3.18,2000,0
2017-10-12,16:00:00,3.18,3.18,3.18,3.18,800,0
2017-10-12,16:05:00,3.18,3.18,3.15,3.15,800,0
2017-10-12,16:10:00,3.15,3.1756,3.15,3.15,1200,0
2017-10-12,16:15:00,3.15,3.16,3.15,3.15,18006,0
2017-10-12,16:20:00,3.16,3.16,3.15,3.16,700,0
2017-10-12,16:25:00,3.16,3.16,3.15,3.15,650,0
2017-10-12,16:30:00,3.15,3.15,3.15,3.15,1000,0
2017-10-12,16:35:00,3.15,3.15,3.15,3.15,1000,0
2017-10-12,16:40:00,3.15,3.15,3.1,3.11,700,0
2017-10-12,16:45:00,3.11,3.16,3.11,3.11,4200,0
2017-10-12,16:50:00,3.11,3.16,3.1,3.11,7400,0
2017-10-12,16:55:00,3.15,3.16,3.14,3.14,2200,0
2017-10-12,17:00:00,3.17,3.17,3.1,3.11,1100,0
2017-10-12,17:10:00,3.1415,3.1415,3.1415,3.1415,710,0
2017-10-12,17:15:00,3.15,3.15,3.15,3.15,100,0
2017-10-12,17:25:00,3.145,3.15,3.145,3.15,2100,0
2017-10-12,17:40:00,3.17,3.17,3.17,3.17,100,0
2017-10-12,17:45:00,3.18,3.18,3.18,3.18,200,0
2017-10-12,17:55:00,3.22,3.22,3.22,3.22,100,0
2017-10-12,18:05:00,3.229,3.229,3.2,3.2,2600,0
2017-10-12,18:10:00,3.2,3.23,3.18,3.23,1000,0
2017-10-12,18:15:00,3.16,3.16,3.16,3.16,343,0
2017-10-12,18:20:00,3.1852,3.1852,3.1852,3.1852,100,0
2017-10-12,18:25:00,3.22,3.22,3.22,3.22,200,0
2017-10-12,18:30:00,3.27,3.28,3.27,3.28,200,0
2017-10-12,18:50:00,3.26,3.26,3.26,3.26,100,0
2017-10-12,19:10:00,3.25,3.25,3.25,3.25,100,0
2017-10-12,19:30:00,3.25,3.25,3.25,3.25,100,0
2017-10-12,19:40:00,3.2256,3.2256,3.2256,3.2256,1000,0
2017-10-12,19:50:00,3.25,3.25,3.25,3.25,100,0
2017-10-12,19:55:00,3.22,3.22,3.22,3.22,100,0
2017-10-12,20:10:00,3.25,3.25,3.25,3.25,100,0
2017-10-12,20:20:00,3.25,3.25,3.25,3.25,100,0
2017-10-12,20:35:00,3.25,3.25,3.25,3.25,100,0
2017-10-12,20:50:00,3.1705,3.23,3.161,3.161,2300,0
2017-10-12,20:55:00,3.24,3.24,3.24,3.24,100,0
2017-10-12,21:05:00,3.24,3.24,3.24,3.24,100,0
2017-10-12,21:15:00,3.24,3.24,3.24,3.24,100,0
2017-10-12,21:25:00,3.25,3.25,3.25,3.25,100,0
2017-10-12,21:35:00,3.25,3.25,3.25,3.25,100,0
2017-10-12,21:40:00,3.25,3.25,3.25,3.25,100,0
2017-10-12,21:45:00,3.25,3.25,3.23,3.23,200,0
2017-10-12,21:50:00,3.25,3.27,3.25,3.27,560,0
2017-10-12,21:55:00,3.25,3.25,3.15,3.15,5650,0
2017-10-12,22:00:00,3.21,3.21,3.21,3.21,100,0
2017-10-13,15:35:00,3.21,3.2488,3.2001,3.2488,2396,0
2017-10-13,15:45:00,3.27,3.27,3.27,3.27,100,0
2017-10-13,15:55:00,3.22,3.22,3.21,3.2101,500,0
2017-10-13,16:30:00,3.21,3.27,3.21,3.27,200,0
2017-10-13,16:45:00,3.275,3.275,3.275,3.275,200,0
2017-10-13,16:50:00,3.275,3.275,3.275,3.275,100,0
2017-10-13,17:05:00,3.275,3.275,3.275,3.275,200,0
2017-10-13,17:15:00,3.2793,3.2793,3.2793,3.2793,1200,0
2017-10-13,17:25:00,3.285,3.285,3.285,3.285,100,0
2017-10-13,17:30:00,3.27,3.2716,3.1,3.15,13232,0
2017-10-13,17:50:00,3.22,3.22,3.22,3.22,200,0
2017-10-13,18:05:00,3.22,3.22,3.2,3.21,400,0
2017-10-13,18:10:00,3.2,3.2,3.13,3.13,3100,0
2017-10-13,18:20:00,3.17,3.17,3.17,3.17,200,0
2017-10-13,18:30:00,3.18,3.18,3.18,3.18,100,0
2017-10-13,18:55:00,3.18,3.18,3.14,3.14,900,0
2017-10-13,19:10:00,3.2,3.2,3.2,3.2,200,0
2017-10-13,19:35:00,3.19,3.19,3.19,3.19,100,0
2017-10-13,19:50:00,3.17,3.19,3.17,3.19,300,0
2017-10-13,20:05:00,3.21,3.21,3.21,3.21,200,0
2017-10-13,20:15:00,3.1897,3.1897,3.1897,3.1897,2000,0
2017-10-13,20:30:00,3.2,3.2,3.2,3.2,200,0
2017-10-13,20:45:00,3.21,3.21,3.21,3.21,100,0
2017-10-13,21:20:00,3.1968,3.1968,3.1968,3.1968,759,0
2017-10-13,21:30:00,3.22,3.22,3.22,3.22,100,0
2017-10-13,21:40:00,3.22,3.22,3.22,3.22,100,0
2017-10-13,21:45:00,3.22,3.22,3.22,3.22,100,0
2017-10-13,21:55:00,3.21,3.21,3.21,3.21,100,0
2017-10-13,22:00:00,3.17,3.17,3.17,3.17,100,0
2017-10-16,15:35:00,3.35,3.35,3.35,3.35,10900,0
2017-10-16,15:40:00,3.228,3.228,3.228,3.228,300,0
2017-10-16,15:55:00,3.2204,3.2204,3.2204,3.2204,2500,0
2017-10-16,16:05:00,3.23,3.23,3.23,3.23,200,0
2017-10-16,16:10:00,3.23,3.23,3.23,3.23,100,0
2017-10-16,16:15:00,3.23,3.23,3.23,3.23,100,0
2017-10-16,16:20:00,3.23,3.23,3.221,3.221,1200,0
2017-10-16,16:25:00,3.2,3.22,3.2,3.22,334,0
2017-10-16,16:35:00,3.2001,3.21,3.2001,3.202,500,0
2017-10-16,16:40:00,3.22,3.22,3.22,3.22,100,0
2017-10-16,16:45:00,3.23,3.23,3.2,3.2,200,0
2017-10-16,17:00:00,3.21,3.21,3.21,3.21,100,0
2017-10-16,17:05:00,3.18,3.192,3.1001,3.144,1401,0
2017-10-16,17:30:00,3.18,3.19,3.18,3.19,300,0
2017-10-16,17:40:00,3.18,3.18,3.18,3.18,100,0
2017-10-16,17:45:00,3.16,3.18,3.16,3.1675,1900,0
2017-10-16,18:00:00,3.18,3.18,3.18,3.18,100,0
2017-10-16,18:15:00,3.17,3.17,3.1496,3.1496,1600,0
2017-10-16,18:25:00,3.1496,3.16,3.14,3.1401,3104,0
2017-10-16,18:30:00,3.12,3.13,3.1,3.13,3930,0
2017-10-16,18:40:00,3.1326,3.1326,3.11,3.11,700,0
2017-10-16,18:45:00,3.11,3.11,3.11,3.11,3400,0
2017-10-16,18:55:00,3.1332,3.1332,3.1332,3.1332,2400,0
2017-10-16,19:05:00,3.17,3.17,3.17,3.17,100,0
2017-10-16,19:25:00,3.17,3.17,3.17,3.17,100,0
2017-10-16,19:45:00,3.17,3.17,3.17,3.17,200,0
2017-10-16,19:50:00,3.1489,3.1489,3.1489,3.1489,500,0
2017-10-16,20:00:00,3.17,3.17,3.17,3.17,100,0
2017-10-16,20:20:00,3.17,3.17,3.17,3.17,100,0
2017-10-16,20:25:00,3.14,3.17,3.14,3.17,300,0
2017-10-16,20:35:00,3.17,3.17,3.17,3.17,100,0
2017-10-16,20:50:00,3.17,3.17,3.141,3.1489,1100,0
2017-10-16,20:55:00,3.17,3.17,3.17,3.17,100,0
2017-10-16,21:10:00,3.17,3.21,3.17,3.21,700,0
2017-10-16,21:25:00,3.21,3.21,3.1824,3.1824,3200,0
2017-10-16,21:35:00,3.21,3.21,3.21,3.21,200,0
2017-10-16,21:40:00,3.1992,3.1992,3.1992,3.1992,1900,0
2017-10-16,21:45:00,3.21,3.21,3.21,3.21,100,0
2017-10-16,21:50:00,3.17,3.17,3.1489,3.1489,400,0
2017-10-16,21:55:00,3.19,3.19,3.1501,3.18,3700,0
2017-10-16,22:00:00,3.18,3.2,3.18,3.2,1500,0
2017-10-17,15:35:00,3.21,3.21,3.21,3.21,154,0
2017-10-17,15:45:00,3.1701,3.186,3.12,3.1356,4900,0
2017-10-17,15:55:00,3.1925,3.1925,3.1925,3.1925,400,0
2017-10-17,16:15:00,3.1656,3.1656,3.14,3.14,6100,0
2017-10-17,16:35:00,3.15,3.1658,3.15,3.1658,400,0
2017-10-17,17:00:00,3.15,3.1556,3.15,3.15,3200,0
2017-10-17,17:35:00,3.16,3.16,3.16,3.16,100,0
2017-10-17,18:05:00,3.16,3.17,3.16,3.17,2100,0
2017-10-17,18:10:00,3.17,3.17,3.17,3.17,100,0
2017-10-17,19:40:00,3.16,3.165,3.16,3.16,3045,0
2017-10-17,19:50:00,3.17,3.17,3.17,3.17,100,0
2017-10-17,20:30:00,3.1695,3.1695,3.1695,3.1695,200,0
2017-10-17,22:00:00,3.17,3.18,3.16,3.16,500,0
2017-10-18,15:40:00,3.19,3.19,3.19,3.19,100,0
2017-10-18,15:45:00,3.1495,3.1495,3.1495,3.1495,1000,0
2017-10-18,15:50:00,3.18,3.18,3.18,3.18,100,0
2017-10-18,15:55:00,3.2127,3.2127,3.2127,3.2127,1000,0
2017-10-18,16:05:00,3.269,3.269,3.269,3.269,2850,0
2017-10-18,16:15:00,3.2,3.2,3.19,3.19,1040,0
2017-10-18,16:35:00,3.18,3.1867,3.18,3.1867,600,0
2017-10-18,17:00:00,3.18,3.1801,3.18,3.1801,1400,0
2017-10-18,17:35:00,3.169,3.169,3.14,3.14,600,0
2017-10-18,17:45:00,3.1557,3.1557,3.1557,3.1557,1000,0
2017-10-18,18:40:00,3.16,3.169,3.16,3.169,4470,0
2017-10-18,18:45:00,3.17,3.17,3.17,3.17,300,0
2017-10-18,18:55:00,3.1573,3.1573,3.1573,3.1573,300,0
2017-10-18,19:10:00,3.15,3.18,3.15,3.18,4953,0
2017-10-18,19:25:00,3.1663,3.18,3.165,3.18,9200,0
2017-10-18,19:45:00,3.1795,3.1795,3.1702,3.1702,700,0
2017-10-18,20:05:00,3.19,3.19,3.19,3.19,100,0
2017-10-18,21:35:00,3.14,3.14,3.14,3.14,100,0
2017-10-18,22:00:00,3.18,3.18,3.14,3.14,300,0
2017-10-19,15:35:00,3.11,3.11,3.11,3.11,500,0
2017-10-19,15:40:00,3.164,3.164,3.164,3.164,3000,0
2017-10-19,15:45:00,3.169,3.169,3.169,3.169,2435,0
2017-10-19,15:50:00,3.1482,3.1482,3.1482,3.1482,120,0
2017-10-19,15:55:00,3.1301,3.1301,3.1301,3.1301,2000,0
2017-10-19,16:00:00,3.14,3.14,3.14,3.14,100,0
2017-10-19,16:30:00,3.1658,3.1658,3.1658,3.1658,500,0
2017-10-19,16:40:00,3.1428,3.1428,3.1428,3.1428,1000,0
2017-10-19,16:45:00,3.1595,3.1595,3.1595,3.1595,100,0
2017-10-19,17:00:00,3.166,3.166,3.166,3.166,300,0
2017-10-19,17:15:00,3.1563,3.1563,3.1563,3.1563,200,0
2017-10-19,18:20:00,3.1568,3.1568,3.1568,3.1568,200,0
2017-10-19,18:55:00,3.14,3.14,3.14,3.14,100,0
2017-10-19,19:10:00,3.14,3.1557,3.12,3.12,5300,0
2017-10-19,19:40:00,3.1399,3.1399,3.12,3.12,5200,0
2017-10-19,19:55:00,3.12,3.12,3.11,3.11,8364,0
2017-10-19,20:05:00,3.11,3.11,3.11,3.11,100,0
2017-10-19,21:05:00,3.12,3.12,3.12,3.12,100,0
2017-10-19,21:55:00,3.1499,3.1499,3.12,3.12,3850,0
2017-10-19,22:00:00,3.12,3.12,3.12,3.12,743,0
2017-10-20,15:35:00,3.18,3.18,3.18,3.18,600,0
2017-10-20,15:45:00,3.17,3.17,3.1301,3.1301,6000,0
2017-10-20,15:50:00,3.1504,3.1504,3.1504,3.1504,500,0
2017-10-20,15:55:00,3.19,3.2,3.19,3.2,7180,0
2017-10-20,16:05:00,3.2,3.2,3.146,3.146,900,0
2017-10-20,16:25:00,3.2,3.2,3.1989,3.2,500,0
2017-10-20,17:00:00,3.189,3.189,3.1815,3.1815,600,0
2017-10-20,17:30:00,3.18,3.18,3.16,3.16,1700,0
2017-10-20,17:40:00,3.17,3.1725,3.14,3.14,2358,0
2017-10-20,17:50:00,3.1505,3.1505,3.1505,3.1505,1000,0
2017-10-20,18:20:00,3.1513,3.1575,3.1513,3.1575,290,0
2017-10-20,18:50:00,3.1567,3.1567,3.14,3.14,3100,0
2017-10-20,19:20:00,3.1391,3.14,3.1391,3.14,3100,0
2017-10-20,19:25:00,3.135,3.135,3.135,3.135,100,0
2017-10-20,19:30:00,3.14,3.1475,3.14,3.1475,2600,0
2017-10-20,19:50:00,3.155,3.155,3.155,3.155,200,0
2017-10-20,20:00:00,3.15,3.15,3.15,3.15,300,0
2017-10-20,20:20:00,3.15,3.15,3.15,3.15,300,0
2017-10-20,20:45:00,3.13,3.13,3.13,3.13,100,0
2017-10-20,21:35:00,3.13,3.13,3.13,3.13,100,0
2017-10-20,21:45:00,3.15,3.15,3.15,3.15,1200,0
2017-10-20,21:50:00,3.15,3.15,3.145,3.145,300,0
2017-10-20,21:55:00,3.15,3.15,3.15,3.15,800,0
2017-10-20,22:00:00,3.147,3.19,3.145,3.19,1700,0
2017-10-23,15:35:00,3.2,3.2,3.2,3.2,1321,0
2017-10-23,15:45:00,3.127,3.127,3.121,3.121,217,0
2017-10-23,15:50:00,3.1834,3.1834,3.1834,3.1834,1000,0
2017-10-23,16:15:00,3.11,3.11,3.11,3.11,100,0
2017-10-23,16:50:00,3.1448,3.1526,3.1401,3.1525,600,0
2017-10-23,17:40:00,3.169,3.169,3.1656,3.1656,2000,0
2017-10-23,18:00:00,3.15,3.15,3.1467,3.1467,1100,0
2017-10-23,19:05:00,3.1474,3.1474,3.1474,3.1474,2850,0
2017-10-23,20:40:00,3.14,3.14,3.14,3.14,2800,0
2017-10-23,20:55:00,3.14,3.14,3.14,3.14,300,0
2017-10-23,21:20:00,3.12,3.12,3.11,3.11,200,0
2017-10-23,22:00:00,3.14,3.14,3.14,3.14,100,0
2017-10-24,15:45:00,3.14,3.15,3.14,3.15,5191,0
2017-10-24,17:50:00,3.14,3.14,3.14,3.14,100,0
2017-10-24,18:20:00,3.156,3.156,3.156,3.156,500,0
2017-10-24,19:05:00,3.1468,3.1468,3.1468,3.1468,500,0
2017-10-24,19:35:00,3.1446,3.1446,3.143,3.143,1000,0
2017-10-24,19:45:00,3.15,3.2,3.15,3.2,6929,0
2017-10-24,19:50:00,3.21,3.219,3.21,3.219,3777,0
2017-10-24,20:00:00,3.23,3.26,3.2,3.2,15985,0
2017-10-24,20:05:00,3.23,3.23,3.1763,3.1763,10500,0
2017-10-24,20:10:00,3.16,3.1757,3.14,3.14,6800,0
2017-10-24,20:25:00,3.15,3.2,3.14,3.14,4400,0
2017-10-24,20:50:00,3.15,3.15,3.15,3.15,1200,0
2017-10-24,21:25:00,3.1417,3.155,3.14,3.155,300,0
2017-10-24,21:35:00,3.14,3.14,3.12,3.12,58046,0
2017-10-24,21:40:00,3.11,3.11,3.1,3.1,8263,0
2017-10-24,22:00:00,3.1,3.1,3.1,3.1,150,0
2017-10-25,15:35:00,3.1,3.1,3.1,3.1,582,0
2017-10-25,15:45:00,3.1,3.1,3.1,3.1,100,0
2017-10-25,16:00:00,3.1,3.1,3.08,3.08,3269,0
2017-10-25,16:15:00,3.0899,3.0899,3.0899,3.0899,500,0
2017-10-25,16:25:00,3.07,3.07,3.07,3.07,500,0
2017-10-25,16:40:00,3.07,3.0701,3.07,3.0701,1000,0
2017-10-25,16:45:00,3.07,3.07,3.07,3.07,1500,0
2017-10-25,16:50:00,3.05,3.05,3.021,3.0323,1100,0
2017-10-25,17:00:00,3.05,3.05,3,3,15550,0
2017-10-25,17:05:00,3.0276,3.0276,3,3,3550,0
2017-10-25,17:10:00,3.02,3.0252,3.01,3.01,3997,0
2017-10-25,18:00:00,3.01,3.01,3,3,13300,0
2017-10-25,18:25:00,2.99,2.99,2.99,2.99,1300,0
2017-10-25,18:50:00,3,3,3,3,1511,0
2017-10-25,19:30:00,3.013,3.013,3.013,3.013,1000,0
2017-10-25,19:50:00,2.99,2.99,2.99,2.99,100,0
2017-10-25,20:00:00,3.0049,3.0049,3.0049,3.0049,400,0
2017-10-25,20:25:00,2.99,2.99,2.99,2.99,100,0
2017-10-25,20:50:00,2.99,2.99,2.99,2.99,100,0
2017-10-25,20:55:00,2.995,3,2.995,3,200,0
2017-10-26,15:50:00,3.0277,3.0277,3.0277,3.0277,1100,0
2017-10-26,15:55:00,3.0161,3.0161,3.0161,3.0161,149,0
2017-10-26,16:50:00,3.026,3.026,3.026,3.026,150,0
2017-10-26,17:00:00,3.0292,3.0292,3.0292,3.0292,200,0
2017-10-26,17:40:00,3.037,3.037,3.037,3.037,169,0
2017-10-26,18:15:00,3.02,3.02,3.02,3.02,100,0
2017-10-26,19:40:00,3.03,3.0305,3.02,3.02,2800,0
2017-10-26,20:30:00,3.03,3.03,3.03,3.03,2000,0
2017-10-26,21:10:00,3.03,3.03,3.02,3.02,725,0
2017-10-26,21:25:00,3.02,3.02,3.02,3.02,100,0
2017-10-26,22:00:00,3.02,3.03,3.02,3.03,615,0
2017-10-27,15:35:00,2.9648,2.9949,2.9547,2.9547,2400,0
2017-10-27,15:40:00,3,3,3,3,100,0
2017-10-27,15:50:00,3,3,3,3,1200,0
2017-10-27,15:55:00,3,3,3,3,100,0
2017-10-27,16:05:00,3,3,2.9501,2.96,8300,0
2017-10-27,16:35:00,2.96,2.9747,2.96,2.9747,5100,0
2017-10-27,16:40:00,2.96,2.96,2.96,2.96,100,0
2017-10-27,17:00:00,2.96,2.9611,2.94,2.95,5100,0
2017-10-27,17:10:00,2.95,2.9501,2.9441,2.95,5375,0
2017-10-27,17:45:00,2.9467,2.9467,2.9467,2.9467,1000,0
2017-10-27,18:10:00,2.95,2.95,2.95,2.95,700,0
2017-10-27,19:25:00,2.97,2.974,2.97,2.974,3100,0
2017-10-27,19:45:00,2.9568,2.9683,2.95,2.9683,2200,0
2017-10-27,20:00:00,2.95,2.95,2.95,2.95,100,0
2017-10-27,20:25:00,2.95,2.95,2.95,2.95,6200,0
2017-10-27,21:30:00,2.95,2.96,2.95,2.96,1800,0
2017-10-27,21:45:00,2.9791,2.9791,2.96,2.96,3100,0
2017-10-27,22:00:00,2.96,2.96,2.96,2.96,100,0
2017-10-30,15:30:00,3,3.0033,2.95,2.96,11550,0
2017-10-30,15:50:00,2.974,2.974,2.974,2.974,1000,0
2017-10-30,16:05:00,3,3.01,3,3.01,10000,0
2017-10-30,16:10:00,2.96,2.96,2.96,2.96,100,0
2017-10-30,16:25:00,2.9799,3.02,2.9799,3.02,9971,0
2017-10-30,16:30:00,3.0142,3.0142,3.0142,3.0142,1000,0
2017-10-30,16:40:00,3,3,3,3,100,0
2017-10-30,17:30:00,3.01,3.029,3.01,3.029,2300,0
2017-10-30,17:35:00,3.01,3.01,3.01,3.01,100,0
2017-10-30,18:05:00,3.01,3.01,3.01,3.01,100,0
2017-10-30,18:45:00,3.03,3.05,3.03,3.05,900,0
2017-10-30,19:25:00,3.07,3.07,3.07,3.07,100,0
2017-10-30,20:20:00,3.0462,3.0462,3.0462,3.0462,4000,0
2017-10-30,20:30:00,3.031,3.031,3.031,3.031,138,0
2017-10-30,20:35:00,3.07,3.07,3.07,3.07,300,0
2017-10-30,20:50:00,3.03,3.03,3.03,3.03,700,0
2017-10-30,21:00:00,3.03,3.04,3.03,3.04,500,0
2017-10-31,15:10:00,3.0552,3.0552,3.0552,3.0552,100,0
2017-10-31,15:30:00,3.05,3.12,2.96,3.03,11000,0
2017-10-31,15:35:00,3.02,3.035,3.02,3.035,1100,0
2017-10-31,15:40:00,3.1,3.1,3.0152,3.0152,2600,0
2017-10-31,15:45:00,3.05,3.08,3.05,3.08,200,0
2017-10-31,15:50:00,3.08,3.08,3.02,3.02,300,0
2017-10-31,16:00:00,3.005,3.005,3.005,3.005,100,0
2017-10-31,16:05:00,3.01,3.01,3.01,3.01,100,0
2017-10-31,16:10:00,3,3,3,3,100,0
2017-10-31,16:15:00,3,3,3,3,200,0
2017-10-31,16:25:00,3.02,3.02,3.02,3.02,100,0
2017-10-31,16:30:00,3.02,3.02,3.02,3.02,100,0
2017-10-31,16:35:00,3.02,3.02,3.02,3.02,100,0
2017-10-31,16:40:00,3.02,3.02,3.02,3.02,600,0
2017-10-31,16:45:00,3.02,3.02,3.02,3.02,300,0
2017-10-31,16:50:00,3.02,3.02,3.02,3.02,900,0
2017-10-31,16:55:00,3.02,3.02,3.02,3.02,900,0
2017-10-31,17:00:00,3.02,3.02,3.02,3.02,1300,0
2017-10-31,17:05:00,3.02,3.02,3.02,3.02,300,0
2017-10-31,17:10:00,3.02,3.02,3.02,3.02,200,0
2017-10-31,17:20:00,3.02,3.02,3.02,3.02,200,0
2017-10-31,17:30:00,3.02,3.02,3.02,3.02,200,0
2017-10-31,17:40:00,3.02,3.02,3.02,3.02,200,0
2017-10-31,17:45:00,3.01,3.02,3.01,3.02,300,0
2017-10-31,17:50:00,3.0199,3.0199,3.0199,3.0199,500,0
2017-10-31,17:55:00,3.02,3.02,3.02,3.02,200,0
2017-10-31,18:05:00,3.02,3.02,3.02,3.02,200,0
2017-10-31,18:15:00,3.02,3.02,3.015,3.015,1700,0
2017-10-31,18:25:00,3.02,3.02,3.02,3.02,300,0
2017-10-31,18:35:00,3.02,3.02,3.02,3.02,200,0
2017-10-31,18:40:00,3.02,3.02,3.02,3.02,1097,0
2017-10-31,18:50:00,3.02,3.02,3.02,3.02,300,0
2017-10-31,19:00:00,3.02,3.02,3.02,3.02,200,0
2017-10-31,19:05:00,3.01,3.01,3.01,3.01,200,0
2017-10-31,19:10:00,3.02,3.02,3.02,3.02,200,0
2017-10-31,19:20:00,3.02,3.02,3.02,3.02,500,0
2017-10-31,19:25:00,3.01,3.02,3,3.02,1396,0
2017-10-31,19:40:00,3.01,3.01,3,3.001,1000,0
2017-10-31,19:45:00,3.01,3.01,3.01,3.01,100,0
2017-10-31,19:50:00,3.01,3.01,3.01,3.01,200,0
2017-10-31,20:00:00,3.02,3.02,3.02,3.02,100,0
2017-10-31,20:05:00,3.02,3.02,3.02,3.02,200,0
2017-10-31,20:10:00,3.02,3.02,3.02,3.02,200,0
2017-10-31,20:15:00,3.02,3.02,3.02,3.02,200,0
2017-10-31,20:20:00,3.02,3.02,3.02,3.02,600,0
2017-10-31,20:25:00,3.02,3.02,3,3.02,1154,0
2017-10-31,20:35:00,3.01,3.01,3.01,3.01,200,0
2017-10-31,20:40:00,3.01,3.01,3.01,3.01,200,0
2017-10-31,20:45:00,3.01,3.02,3.01,3.02,200,0
2017-10-31,20:50:00,3.02,3.06,3.02,3.02,9503,0
2017-10-31,20:55:00,3.02,3.03,2.98,3.03,6708,0
2017-10-31,21:00:00,3.03,3.11,3.03,3.09,21080,0
2017-11-01,16:40:00,3.05,3.05,2.9901,3,6638,0
2017-11-01,16:45:00,2.98,2.98,2.98,2.98,100,0
2017-11-01,16:55:00,3.03,3.04,3.02,3.03,5100,0
2017-11-01,17:25:00,2.98,2.98,2.98,2.98,100,0
2017-11-01,17:45:00,2.98,2.987,2.98,2.987,504,0
2017-11-01,17:50:00,2.98,2.98,2.98,2.98,100,0
2017-11-01,18:10:00,3.01,3.01,3.01,3.01,200,0
2017-11-01,18:15:00,3.01,3.01,3.01,3.01,100,0
2017-11-01,18:30:00,3.0201,3.0201,3.0201,3.0201,1000,0
2017-11-01,18:45:00,3.0204,3.0204,3.0204,3.0204,125,0
2017-11-01,19:10:00,3.0599,3.0599,3.0599,3.0599,5000,0
2017-11-01,19:20:00,3.03,3.03,3.02,3.02,200,0
2017-11-01,19:25:00,3.02,3.02,3.02,3.02,900,0
2017-11-01,19:35:00,2.99,2.99,2.99,2.99,300,0
2017-11-01,19:40:00,2.99,2.99,2.99,2.99,200,0
2017-11-01,20:15:00,2.97,2.99,2.97,2.99,400,0
2017-11-01,20:20:00,2.9701,2.98,2.9701,2.98,2100,0
2017-11-01,20:50:00,2.98,2.98,2.95,2.98,6200,0
2017-11-01,21:00:00,2.98,3.02,2.98,3.02,200,0
2017-11-02,16:25:00,3.006,3.006,3,3,300,0
2017-11-02,16:30:00,3.0001,3.0001,3.0001,3.0001,100,0
2017-11-02,17:25:00,3.01,3.01,3.01,3.01,1000,0
2017-11-02,17:30:00,3,3,3,3,200,0
2017-11-02,17:35:00,3.01,3.01,3,3,600,0
2017-11-02,17:45:00,3.01,3.02,3.01,3.02,5000,0
2017-11-02,17:50:00,3,3,3,3,100,0
2017-11-02,18:10:00,3.01,3.02,3.01,3.02,5000,0
2017-11-02,18:15:00,3.01,3.01,3.01,3.01,300,0
2017-11-02,18:25:00,3,3,3,3,200,0
2017-11-02,18:30:00,3,3,3,3,200,0
2017-11-02,18:50:00,3.02,3.02,3.02,3.02,300,0
2017-11-02,19:30:00,3.0001,3.0011,2.9985,2.9985,4000,0
2017-11-02,19:40:00,2.99,2.99,2.99,2.99,100,0
2017-11-02,19:45:00,2.99,2.99,2.99,2.99,100,0
2017-11-02,20:00:00,2.9911,2.9911,2.9911,2.9911,3000,0
2017-11-02,20:05:00,2.98,2.9816,2.95,2.96,7300,0
2017-11-02,20:15:00,2.96,2.96,2.96,2.96,200,0
2017-11-02,20:40:00,2.95,2.95,2.95,2.95,100,0
2017-11-02,20:45:00,2.9501,2.9586,2.95,2.9586,7600,0
2017-11-02,21:00:00,2.95,2.95,2.95,2.95,200,0
2017-11-03,14:35:00,2.96,2.96,2.96,2.96,175,0
2017-11-03,14:40:00,2.96,2.96,2.9,2.9,2950,0
2017-11-03,14:50:00,2.91,2.91,2.91,2.91,322,0
2017-11-03,14:55:00,2.93,2.93,2.93,2.93,100,0
2017-11-03,15:20:00,2.9027,2.94,2.9027,2.93,1400,0
2017-11-03,15:25:00,2.93,2.93,2.93,2.93,400,0
2017-11-03,18:35:00,2.923,2.923,2.923,2.923,5000,0
2017-11-03,18:55:00,2.92,2.92,2.92,2.92,100,0
2017-11-03,19:50:00,2.9201,2.9201,2.9201,2.9201,1000,0
2017-11-03,21:00:00,2.92,2.92,2.92,2.92,200,0
2017-11-06,15:35:00,2.9,2.9,2.9,2.9,3550,0
2017-11-06,15:40:00,2.91,2.91,2.91,2.91,400,0
2017-11-06,15:45:00,2.98,2.98,2.98,2.98,4000,0
2017-11-06,15:55:00,2.9652,2.9652,2.9266,2.9266,500,0
2017-11-06,16:25:00,2.94,2.94,2.94,2.94,2101,0
2017-11-06,17:00:00,2.9401,2.9442,2.92,2.92,5901,0
2017-11-06,17:10:00,2.9382,2.9382,2.9382,2.9382,200,0
2017-11-06,19:25:00,2.93,2.9399,2.92,2.92,3800,0
2017-11-06,20:30:00,2.928,2.93,2.928,2.93,1173,0
2017-11-06,20:35:00,2.9331,2.9331,2.9331,2.9331,100,0
2017-11-06,21:20:00,2.92,2.9202,2.92,2.9202,4000,0
2017-11-06,22:00:00,2.92,2.92,2.92,2.92,100,0
2017-11-07,15:40:00,2.92,2.92,2.92,2.92,200,0
2017-11-07,15:45:00,2.92,2.92,2.92,2.92,100,0
2017-11-07,16:00:00,2.9101,2.9101,2.9101,2.9101,1000,0
2017-11-07,16:05:00,2.92,2.92,2.92,2.92,100,0
2017-11-07,16:10:00,2.92,2.94,2.91,2.91,1400,0
2017-11-07,16:15:00,2.99,2.99,2.98,2.98,300,0
2017-11-07,16:20:00,2.98,2.98,2.98,2.98,400,0
2017-11-07,16:25:00,2.98,2.98,2.96,2.96,400,0
2017-11-07,16:35:00,2.94,2.94,2.94,2.94,100,0
2017-11-07,16:40:00,2.94,3.01,2.94,2.95,1000,0
2017-11-07,16:55:00,2.94,2.94,2.94,2.94,100,0
2017-11-07,17:05:00,2.94,2.99,2.94,2.99,2000,0
2017-11-07,17:10:00,2.97,2.97,2.97,2.97,600,0
2017-11-07,17:15:00,2.97,2.97,2.97,2.97,600,0
2017-11-07,17:30:00,2.96,2.96,2.96,2.96,1400,0
2017-11-07,17:50:00,2.94,2.98,2.94,2.96,2000,0
2017-11-07,17:55:00,2.94,2.95,2.94,2.95,400,0
2017-11-07,18:25:00,2.96,2.96,2.94,2.94,1300,0
2017-11-07,18:30:00,2.99,3,2.99,3,700,0
2017-11-07,19:05:00,2.98,3.01,2.9557,2.9557,1500,0
2017-11-07,19:25:00,2.99,2.99,2.99,2.99,3000,0
2017-11-07,19:30:00,2.99,2.99,2.99,2.99,800,0
2017-11-07,19:45:00,2.99,2.99,2.98,2.99,300,0
2017-11-07,20:10:00,2.98,2.98,2.98,2.98,1100,0
2017-11-07,20:25:00,2.97,2.97,2.97,2.97,400,0
2017-11-07,20:35:00,3,3.01,3,3.01,1400,0
2017-11-07,20:55:00,3.01,3.01,3.01,3.01,400,0
2017-11-07,21:05:00,3,3,3,3,500,0
2017-11-07,21:10:00,2.98,2.98,2.98,2.98,650,0
2017-11-07,21:15:00,2.9727,2.98,2.9727,2.98,200,0
2017-11-07,21:20:00,2.99,2.99,2.99,2.99,400,0
2017-11-07,21:25:00,2.99,3,2.9592,2.99,3500,0
2017-11-07,21:30:00,2.99,2.99,2.99,2.99,500,0
2017-11-07,21:35:00,2.99,2.99,2.99,2.99,100,0
2017-11-07,21:40:00,3,3,3,3,800,0
2017-11-07,21:45:00,2.99,3,2.97,3,2600,0
2017-11-07,21:50:00,3,3,3,3,500,0
2017-11-07,21:55:00,3,3,3,3,700,0
2017-11-07,22:00:00,3,3,2.97,3,2800,0
2017-11-08,15:35:00,3.01,3.01,3.01,3.01,100,0
2017-11-08,15:40:00,3.01,3.01,3.01,3.01,100,0
2017-11-08,15:45:00,3,3.01,3,3.01,500,0
2017-11-08,15:55:00,3.02,3.074,3.02,3.074,8500,0
2017-11-08,16:05:00,3.03,3.035,3.03,3.03,400,0
2017-11-08,16:30:00,3.03,3.03,3.03,3.03,400,0
2017-11-08,17:10:00,3.03,3.05,3.03,3.05,2000,0
2017-11-08,17:30:00,3.05,3.1,3.05,3.1,3900,0
2017-11-08,17:35:00,3.065,3.065,3.065,3.065,100,0
2017-11-08,17:45:00,3.04,3.04,3.04,3.04,100,0
2017-11-08,18:05:00,3.07,3.07,3.07,3.07,600,0
2017-11-08,18:20:00,3.0603,3.0603,3.0603,3.0603,1000,0
2017-11-08,19:25:00,3.0479,3.0479,3.0479,3.0479,150,0
2017-11-08,19:55:00,3.03,3.03,3.02,3.02,15572,0
2017-11-08,21:45:00,2.96,2.96,2.96,2.96,200,0
2017-11-08,21:50:00,2.94,2.9599,2.94,2.94,3000,0
2017-11-08,21:55:00,2.93,2.93,2.93,2.93,100,0
2017-11-09,15:35:00,2.95,2.95,2.95,2.95,200,0
2017-11-09,15:55:00,2.95,2.95,2.95,2.95,400,0
2017-11-09,16:00:00,2.95,2.95,2.95,2.95,1700,0
2017-11-09,16:10:00,2.95,2.95,2.95,2.95,100,0
2017-11-09,16:15:00,2.95,2.95,2.95,2.95,200,0
2017-11-09,17:25:00,2.9623,2.9623,2.95,2.9501,3367,0
2017-11-09,17:30:00,2.951,2.951,2.95,2.95,200,0
2017-11-09,17:45:00,2.95,2.95,2.95,2.95,1000,0
2017-11-09,18:00:00,2.969,2.9699,2.964,2.9699,2540,0
2017-11-09,18:45:00,2.964,2.964,2.964,2.964,2795,0
2017-11-09,18:50:00,2.95,2.95,2.95,2.95,200,0
2017-11-09,18:55:00,2.95,2.95,2.95,2.95,100,0
2017-11-09,19:45:00,2.95,2.95,2.95,2.95,100,0
2017-11-09,19:55:00,2.95,2.95,2.94,2.94,9510,0
2017-11-09,20:40:00,2.91,2.91,2.91,2.91,100,0
2017-11-09,22:00:00,2.9299,2.93,2.9299,2.9299,1600,0
2017-11-10,15:35:00,2.92,2.92,2.92,2.92,654,0
2017-11-10,15:55:00,2.9336,2.9356,2.9336,2.9356,3000,0
2017-11-10,16:00:00,2.92,2.92,2.92,2.92,100,0
2017-11-10,16:05:00,2.94,2.94,2.94,2.94,100,0
2017-11-10,16:20:00,2.9838,2.9838,2.95,2.95,2100,0
2017-11-10,16:35:00,2.98,2.99,2.98,2.99,600,0
2017-11-10,16:45:00,2.9356,2.9356,2.9356,2.9356,350,0
2017-11-10,17:30:00,2.9307,2.9307,2.9307,2.9307,500,0
2017-11-10,18:45:00,2.92,2.92,2.92,2.92,100,0
2017-11-10,19:20:00,2.9301,2.9301,2.93,2.93,10000,0
2017-11-10,19:40:00,2.92,2.92,2.92,2.92,100,0
2017-11-10,19:45:00,2.9284,2.9284,2.9284,2.9284,5000,0
2017-11-10,19:55:00,2.9259,2.9259,2.9259,2.9259,900,0
2017-11-10,21:40:00,2.9472,2.9472,2.9472,2.9472,1100,0
2017-11-10,21:50:00,2.952,2.952,2.952,2.952,1300,0
2017-11-10,22:00:00,2.94,2.94,2.92,2.92,200,0
2017-11-13,15:50:00,2.921,2.921,2.921,2.921,500,0
2017-11-13,16:05:00,2.9747,2.9747,2.9747,2.9747,770,0
2017-11-13,16:25:00,2.97,2.97,2.97,2.97,200,0
2017-11-13,16:50:00,2.96,3.02,2.96,3.02,8842,0
2017-11-13,16:55:00,3.01,3.02,3.01,3.02,400,0
2017-11-13,17:00:00,3.0037,3.05,3.0037,3.05,5700,0
2017-11-13,17:05:00,3.05,3.08,3.0499,3.08,16000,0
2017-11-13,17:10:00,3.08,3.14,3.07,3.14,16100,0
2017-11-13,17:15:00,3.14,3.14,3.14,3.14,7100,0
2017-11-13,17:20:00,3.05,3.05,3.05,3.05,100,0
2017-11-13,18:35:00,3.03,3.03,3.027,3.03,900,0
2017-11-13,18:40:00,3.0171,3.09,3.0171,3.05,4400,0
2017-11-13,19:20:00,3.02,3.02,3.02,3.02,100,0
2017-11-13,22:00:00,3.03,3.1,3.03,3.07,500,0
2017-11-14,15:35:00,3.07,3.07,3.07,3.07,200,0
2017-11-14,15:40:00,3.05,3.0511,3.01,3.02,5200,0
2017-11-14,16:05:00,3.0261,3.0317,3.01,3.01,4900,0
2017-11-14,16:15:00,2.9732,2.9732,2.9732,2.9732,200,0
2017-11-14,16:30:00,2.961,2.961,2.961,2.961,2100,0
2017-11-14,16:45:00,2.97,2.97,2.97,2.97,100,0
2017-11-14,18:00:00,2.97,2.97,2.97,2.97,100,0
2017-11-14,18:05:00,2.97,2.97,2.97,2.97,200,0
2017-11-14,18:40:00,2.97,2.97,2.97,2.97,350,0
2017-11-14,19:00:00,2.9673,2.9673,2.9673,2.9673,439,0
2017-11-14,19:15:00,2.97,3,2.97,3,2835,0
2017-11-14,19:20:00,3.05,3.18,3.05,3.17,17557,0
2017-11-14,19:25:00,3.08,3.08,3.08,3.08,200,0
2017-11-14,21:00:00,2.967,2.967,2.967,2.967,1000,0
2017-11-14,21:30:00,2.998,2.998,2.998,2.998,1850,0
2017-11-14,22:00:00,3.02,3.02,2.98,2.98,2600,0
2017-11-15,15:35:00,2.97,3.05,2.97,3.05,3500,0
2017-11-15,15:40:00,3.1429,3.1429,3.1429,3.1429,500,0
2017-11-15,16:00:00,3.1143,3.1143,3.0811,3.0811,1500,0
2017-11-15,16:05:00,3.0471,3.0471,3.0471,3.0471,1000,0
2017-11-15,16:25:00,3.0557,3.0557,3.0557,3.0557,500,0
2017-11-15,16:30:00,3.05,3.05,3.03,3.03,800,0
2017-11-15,16:50:00,3.02,3.02,3.02,3.02,600,0
2017-11-15,17:00:00,3.04,3.04,3.04,3.04,1000,0
2017-11-15,17:20:00,3.04,3.04,3.04,3.04,100,0
2017-11-15,17:35:00,3.06,3.06,3.06,3.06,100,0
2017-11-15,17:50:00,3.06,3.07,3.06,3.07,400,0
2017-11-15,18:30:00,3.1,3.1001,3.07,3.09,4595,0
2017-11-15,18:50:00,3.1,3.1,3.1,3.1,200,0
2017-11-15,19:10:00,3.09,3.1,3.09,3.1,1500,0
2017-11-15,19:40:00,3.1,3.1,3.0731,3.0731,800,0
2017-11-15,19:45:00,3.09,3.12,3.0618,3.12,3500,0
2017-11-15,19:50:00,3.12,3.12,3.04,3.04,2250,0
2017-11-15,20:10:00,3.07,3.07,3.07,3.07,2900,0
2017-11-15,20:15:00,3.1042,3.12,3.1042,3.12,4593,0
2017-11-15,20:20:00,3.1199,3.1199,3.1199,3.1199,1100,0
2017-11-15,20:45:00,3.119,3.119,3.119,3.119,200,0
2017-11-15,20:50:00,3.04,3.04,3.04,3.04,100,0
2017-11-15,21:00:00,3.0731,3.0731,3.0731,3.0731,400,0
2017-11-15,21:05:00,3.0471,3.0938,3.0471,3.0938,890,0
2017-11-15,21:20:00,3.0518,3.0518,3.01,3.01,600,0
2017-11-15,21:30:00,3.074,3.074,3.074,3.074,390,0
2017-11-15,21:35:00,3.06,3.06,3.06,3.06,100,0
2017-11-15,21:50:00,3.02,3.02,3.02,3.02,100,0
2017-11-15,21:55:00,3.0497,3.0499,3.0293,3.0409,2115,0
2017-11-15,22:00:00,3.0398,3.05,3.0283,3.0395,3294,0
2017-11-16,15:35:00,2.94,2.94,2.9,2.928,6434,0
2017-11-16,15:40:00,2.9247,2.94,2.9247,2.94,2303,0
2017-11-16,15:45:00,2.96,2.96,2.96,2.96,390,0
2017-11-16,15:50:00,2.9843,3.0038,2.9843,2.9943,4440,0
2017-11-16,16:00:00,3.01,3.0251,3.01,3.0251,1600,0
2017-11-16,16:05:00,3,3.0499,3,3.04,800,0
2017-11-16,16:10:00,3.0245,3.0245,3.0245,3.0245,600,0
2017-11-16,16:15:00,3.02,3.02,2.99,3,700,0
2017-11-16,16:20:00,2.99,3.01,2.99,3.01,1900,0
2017-11-16,16:25:00,3.03,3.03,3,3,2859,0
2017-11-16,16:30:00,3.0075,3.015,3,3.015,5900,0
2017-11-16,16:35:00,2.9847,3,2.9847,3,600,0
2017-11-16,16:40:00,2.99,2.99,2.97,2.97,500,0
2017-11-16,16:45:00,2.995,2.995,2.97,2.976,7400,0
2017-11-16,17:10:00,2.9923,2.9923,2.9923,2.9923,473,0
2017-11-16,17:15:00,2.99,2.995,2.98,2.995,1500,0
2017-11-16,17:20:00,3.0004,3.0004,3.0004,3.0004,400,0
2017-11-16,17:35:00,3.0099,3.011,3.0099,3.011,1534,0
2017-11-16,17:40:00,3.01,3.0115,2.97,2.98,7019,0
2017-11-16,17:45:00,2.98,2.98,2.98,2.98,100,0
2017-11-16,17:50:00,2.97,2.97,2.97,2.97,100,0
2017-11-16,17:55:00,2.986,2.986,2.986,2.986,390,0
2017-11-16,18:00:00,2.974,2.98,2.974,2.98,900,0
2017-11-16,18:05:00,2.99,2.99,2.99,2.99,100,0
2017-11-16,18:25:00,2.99,3,2.99,3,300,0
2017-11-16,18:30:00,2.995,2.995,2.99,2.99,2100,0
2017-11-16,18:50:00,2.99,2.9901,2.99,2.99,2500,0
2017-11-16,19:00:00,2.995,2.995,2.99,2.99,3400,0
2017-11-16,19:05:00,2.96,2.97,2.96,2.97,2100,0
2017-11-16,19:10:00,2.96,2.9644,2.96,2.961,5941,0
2017-11-16,19:15:00,2.99,3.0001,2.98,3.0001,8913,0
2017-11-16,19:20:00,3.01,3.01,3,3.01,5200,0
2017-11-16,19:25:00,3.01,3.01,3,3.01,5000,0
2017-11-16,19:30:00,3.01,3.01,3.01,3.01,500,0
2017-11-16,19:40:00,3.015,3.04,3.01,3.015,5700,0
2017-11-16,19:55:00,3.03,3.06,3.02,3.05,8181,0
2017-11-16,20:00:00,3.12,3.13,3.12,3.12,1300,0
2017-11-16,20:10:00,3.114,3.114,3.114,3.114,1000,0
2017-11-16,20:30:00,3.0506,3.0506,3.0506,3.0506,1000,0
2017-11-16,20:55:00,3.045,3.045,3.045,3.045,100,0
2017-11-16,21:00:00,3.05,3.05,3.0347,3.0347,300,0
2017-11-16,21:10:00,3.0413,3.05,3.0413,3.05,1600,0
2017-11-16,21:15:00,3.05,3.05,3.05,3.05,100,0
2017-11-16,21:20:00,3.031,3.04,3.031,3.04,890,0
2017-11-16,21:30:00,3.03,3.03,3.03,3.03,100,0
2017-11-16,21:40:00,3.04,3.04,3.04,3.04,200,0
2017-11-16,21:45:00,3.0325,3.0414,3.0325,3.0414,1436,0
2017-11-16,21:55:00,3.031,3.05,3.03,3.05,5500,0
2017-11-17,15:35:00,3.01,3.01,3.01,3.01,1200,0
2017-11-17,16:05:00,3.0254,3.0254,3,3.01,4952,0
2017-11-17,16:40:00,2.97,2.97,2.97,2.97,200,0
2017-11-17,16:55:00,2.9666,2.9666,2.9666,2.9666,500,0
2017-11-17,17:00:00,2.966,2.966,2.966,2.966,400,0
2017-11-17,17:05:00,2.98,3,2.98,2.99,7438,0
2017-11-17,17:15:00,2.9979,2.9979,2.9979,2.9979,2600,0
2017-11-17,17:20:00,2.99,2.99,2.99,2.99,1400,0
2017-11-17,17:30:00,2.987,2.987,2.987,2.987,200,0
2017-11-17,17:50:00,2.99,2.99,2.99,2.99,100,0
2017-11-17,18:20:00,2.977,2.977,2.977,2.977,2200,0
2017-11-17,18:25:00,2.96,2.96,2.96,2.96,100,0
2017-11-17,19:10:00,3,3,2.995,2.995,300,0
2017-11-17,20:00:00,2.98,2.98,2.98,2.98,100,0
2017-11-17,20:30:00,2.9816,2.9816,2.9816,2.9816,2000,0
2017-11-17,20:35:00,3,3,3,3,400,0
2017-11-17,21:15:00,2.99,2.99,2.99,2.99,200,0
2017-11-17,21:25:00,3,3,2.99,2.99,2800,0
2017-11-17,21:30:00,2.987,2.987,2.987,2.987,2000,0
2017-11-17,21:40:00,3,3,2.99,2.99,2450,0
2017-11-17,21:55:00,3.038,3.038,3.038,3.038,2600,0
2017-11-17,22:00:00,3.02,3.02,2.97,2.97,6651,0
2017-11-20,16:00:00,2.9721,2.9721,2.9721,2.9721,403,0
2017-11-20,16:10:00,3,3,3,3,100,0
2017-11-20,16:25:00,3,3.022,3,3.022,900,0
2017-11-20,16:35:00,3.022,3.022,2.945,2.95,33763,0
2017-11-20,16:40:00,2.95,2.95,2.95,2.95,17887,0
2017-11-20,16:45:00,2.97,2.97,2.93,2.9321,15338,0
2017-11-20,17:40:00,2.935,2.95,2.935,2.95,1200,0
2017-11-20,17:45:00,2.95,2.95,2.9484,2.9484,4727,0
2017-11-20,18:00:00,2.931,2.9378,2.93,2.9367,11500,0
2017-11-20,18:10:00,2.93,2.9359,2.93,2.9359,800,0
2017-11-20,18:25:00,2.93,2.93,2.93,2.93,300,0
2017-11-20,19:30:00,2.9301,2.9301,2.9301,2.9301,300,0
2017-11-20,19:35:00,2.9368,2.9368,2.9368,2.9368,1600,0
2017-11-20,20:00:00,2.93,2.9359,2.93,2.9359,5000,0
2017-11-20,20:10:00,2.9402,2.9402,2.9402,2.9402,140,0
2017-11-20,20:50:00,2.94,2.94,2.9376,2.9376,500,0
2017-11-20,21:00:00,2.949,2.95,2.93,2.93,9300,0
2017-11-20,21:15:00,2.93,2.9366,2.93,2.93,8839,0
2017-11-20,21:30:00,2.9169,2.92,2.9169,2.92,200,0
2017-11-20,21:40:00,2.91,2.91,2.91,2.91,100,0
2017-11-20,22:00:00,2.9198,2.94,2.9198,2.94,637,0
2017-11-21,15:35:00,2.92,2.9452,2.92,2.9447,620,0
2017-11-21,15:40:00,2.99,2.99,2.9101,2.9101,534,0
2017-11-21,15:55:00,2.9201,2.9201,2.9201,2.9201,110,0
2017-11-21,16:55:00,2.9382,2.9382,2.9382,2.9382,500,0
2017-11-21,19:00:00,2.92,2.92,2.92,2.92,500,0
2017-11-21,20:10:00,2.921,2.9315,2.9,2.9124,24986,0
2017-11-21,20:15:00,2.9017,2.9017,2.9,2.9,5000,0
2017-11-21,20:55:00,2.9,2.9,2.9,2.9,100,0
2017-11-21,21:00:00,2.93,2.93,2.93,2.93,100,0
2017-11-21,21:35:00,2.9,2.9099,2.9,2.9099,400,0
2017-11-22,15:35:00,2.9,2.9,2.9,2.9,2500,0
2017-11-22,15:40:00,2.9,2.9,2.9,2.9,200,0
2017-11-22,15:45:00,2.9,2.9,2.9,2.9,400,0
2017-11-22,16:00:00,2.9099,2.91,2.9099,2.91,1200,0
2017-11-22,16:35:00,2.9101,2.9101,2.9101,2.9101,200,0
2017-11-22,17:10:00,2.93,2.93,2.91,2.91,200,0
2017-11-22,17:15:00,2.93,2.93,2.93,2.93,300,0
2017-11-22,17:20:00,2.93,2.93,2.91,2.93,300,0
2017-11-22,17:25:00,2.93,2.93,2.93,2.93,600,0
2017-11-22,17:30:00,2.93,2.93,2.93,2.93,200,0
2017-11-22,17:35:00,2.93,2.93,2.93,2.93,2720,0
2017-11-22,17:40:00,2.94,2.94,2.93,2.93,300,0
2017-11-22,17:45:00,2.94,2.94,2.94,2.94,200,0
2017-11-22,17:50:00,2.94,2.94,2.94,2.94,200,0
2017-11-22,17:55:00,2.95,2.95,2.94,2.94,300,0
2017-11-22,18:00:00,2.94,2.94,2.94,2.94,200,0
2017-11-22,18:05:00,2.95,2.95,2.95,2.95,200,0
2017-11-22,18:10:00,2.95,2.95,2.95,2.95,200,0
2017-11-22,18:15:00,2.95,2.95,2.95,2.95,200,0
2017-11-22,18:20:00,2.95,2.95,2.95,2.95,200,0
2017-11-22,18:25:00,2.95,2.95,2.95,2.95,200,0
2017-11-22,18:30:00,2.95,2.95,2.95,2.95,100,0
2017-11-22,18:35:00,2.95,2.95,2.95,2.95,200,0
2017-11-22,18:40:00,2.95,2.95,2.95,2.95,200,0
2017-11-22,18:45:00,2.95,2.95,2.95,2.95,200,0
2017-11-22,18:50:00,2.95,2.95,2.95,2.95,900,0
2017-11-22,18:55:00,2.95,2.95,2.95,2.95,200,0
2017-11-22,19:00:00,2.95,2.95,2.95,2.95,100,0
2017-11-22,19:05:00,2.95,2.95,2.9422,2.9422,400,0
2017-11-22,19:10:00,2.95,2.95,2.95,2.95,200,0
2017-11-22,19:15:00,2.95,2.95,2.95,2.95,200,0
2017-11-22,19:20:00,2.95,2.95,2.94,2.95,16791,0
2017-11-22,19:25:00,2.96,3.09,2.96,3.09,4422,0
2017-11-22,19:30:00,3.09,3.09,3.09,3.09,200,0
2017-11-22,19:35:00,3.09,3.1,3.09,3.1,200,0
2017-11-22,19:40:00,3.11,3.11,3.1,3.1,300,0
2017-11-22,19:45:00,3.11,3.12,3.11,3.12,200,0
2017-11-22,19:50:00,3.07,3.07,3.06,3.06,200,0
2017-11-22,19:55:00,3.07,3.07,3.07,3.07,200,0
2017-11-22,20:00:00,3.07,3.09,3.07,3.09,400,0
2017-11-22,20:05:00,3.09,3.09,3.09,3.09,200,0
2017-11-22,20:10:00,3.09,3.09,3.07,3.07,200,0
2017-11-22,20:15:00,3.07,3.08,3.07,3.08,200,0
2017-11-22,20:20:00,3.09,3.09,3.09,3.09,200,0
2017-11-22,20:25:00,3.09,3.09,3.05,3.08,300,0
2017-11-22,20:30:00,3.09,3.09,3.09,3.09,200,0
2017-11-22,20:35:00,3.08,3.09,3.03,3.09,1200,0
2017-11-22,20:40:00,3.09,3.09,3.09,3.09,200,0
2017-11-22,20:45:00,3.09,3.09,3.09,3.09,200,0
2017-11-22,20:50:00,3.09,3.09,3.09,3.09,200,0
2017-11-22,20:55:00,3.09,3.09,3.08,3.08,200,0
2017-11-22,21:00:00,3.09,3.09,3.09,3.09,300,0
2017-11-22,21:05:00,3.09,3.09,3.09,3.09,200,0
2017-11-22,21:10:00,3.09,3.09,3.08,3.08,300,0
2017-11-22,21:15:00,3.08,3.08,3.08,3.08,200,0
2017-11-22,21:20:00,3.08,3.08,3.08,3.08,300,0
2017-11-22,21:25:00,3.09,3.09,3.09,3.09,200,0
2017-11-22,21:30:00,3.09,3.09,3.09,3.09,300,0
2017-11-22,21:35:00,3.09,3.09,3.09,3.09,300,0
2017-11-22,21:40:00,3.09,3.09,3.09,3.09,600,0
2017-11-22,21:45:00,3.09,3.09,3.0722,3.075,3200,0
2017-11-22,21:50:00,3.09,3.09,3.09,3.09,500,0
2017-11-22,21:55:00,3.1,3.1,3.09,3.1,900,0
2017-11-22,22:00:00,3.1,3.1,3.09,3.09,1902,0
2017-11-24,15:35:00,3.1,3.1,3.1,3.1,900,0
2017-11-24,15:50:00,3.088,3.088,3,3.04,12321,0
2017-11-24,15:55:00,3.04,3.055,3,3.055,11616,0
2017-11-24,16:10:00,3,3,3,3,5500,0
2017-11-24,16:20:00,3.093,3.093,3.093,3.093,100,0
2017-11-24,16:30:00,3.09,3.09,3.09,3.09,100,0
2017-11-24,16:35:00,3.068,3.068,3.038,3.038,2372,0
2017-11-24,16:50:00,3.1,3.1,3.0635,3.0635,500,0
2017-11-24,17:00:00,3.03,3.03,3.01,3.01,1450,0
2017-11-24,17:10:00,3.02,3.02,3.02,3.02,281,0
2017-11-24,17:20:00,3.09,3.09,3.09,3.09,100,0
2017-11-24,17:25:00,3.0722,3.0882,3.0722,3.0882,400,0
2017-11-24,17:40:00,3.1,3.1,3.1,3.1,100,0
2017-11-24,17:55:00,3.1,3.1,3.1,3.1,100,0
2017-11-24,18:00:00,3.0999,3.0999,3.0999,3.0999,2600,0
2017-11-24,18:15:00,3.07,3.1,3.07,3.1,1600,0
2017-11-24,18:25:00,3.1,3.1,3.1,3.1,100,0
2017-11-24,18:30:00,3.1,3.1,3.1,3.1,100,0
2017-11-24,18:45:00,3.1,3.1,3.1,3.1,100,0
2017-11-24,18:50:00,3.08,3.08,3.03,3.03,1130,0
2017-11-24,18:55:00,3.0301,3.0301,3.0301,3.0301,220,0
2017-11-24,19:00:00,3.09,3.1,3.09,3.1,200,0
2017-11-24,19:05:00,3.1,3.1,3.1,3.1,100,0
2017-11-27,15:35:00,3.08,3.08,3.08,3.08,500,0
2017-11-27,15:40:00,3.1,3.1,3.1,3.1,200,0
2017-11-27,15:55:00,3.07,3.08,2.98,2.9849,3840,0
2017-11-27,16:15:00,3,3.0051,2.99,2.99,1200,0
2017-11-27,16:20:00,3,3.02,2.99,3,7100,0
2017-11-27,16:25:00,3,3,3,3,1300,0
2017-11-27,16:30:00,3,3,3,3,3700,0
2017-11-27,16:35:00,3.05,3.05,3.05,3.05,7200,0
2017-11-27,16:45:00,3.0001,3.0001,3,3,930,0
2017-11-27,16:55:00,3,3,3,3,600,0
2017-11-27,17:30:00,3.03,3.06,3.03,3.06,200,0
2017-11-27,18:40:00,3.0669,3.0669,3.0669,3.0669,600,0
2017-11-27,19:05:00,3.05,3.0561,3.05,3.0561,2000,0
2017-11-27,19:20:00,3.05,3.05,3,3,8360,0
2017-11-27,19:40:00,3.032,3.032,3.032,3.032,1000,0
2017-11-27,20:35:00,3,3,3,3,100,0
2017-11-27,20:40:00,3.03,3.08,3.03,3.08,600,0
2017-11-27,21:35:00,3.01,3.025,3.01,3.025,400,0
2017-11-27,21:40:00,3.0021,3.01,2.99,2.99,1893,0
2017-11-27,21:45:00,3,3,2.995,3,300,0
2017-11-27,21:50:00,2.995,3,2.995,3,1963,0
2017-11-27,22:00:00,3.03,3.03,3.03,3.03,100,0
2017-11-28,15:35:00,3.05,3.05,3.05,3.05,100,0
2017-11-28,15:55:00,3.0292,3.0292,3.0292,3.0292,2500,0
2017-11-28,16:20:00,3.03,3.03,3.02,3.02,2500,0
2017-11-28,16:30:00,2.99,2.99,2.99,2.99,100,0
2017-11-28,16:50:00,2.983,3,2.98,3,5036,0
2017-11-28,16:55:00,3.0175,3.0175,3.0175,3.0175,200,0
2017-11-28,17:25:00,3.05,3.05,3.05,3.05,1000,0
2017-11-28,18:05:00,3.04,3.04,3.0101,3.0101,1000,0
2017-11-28,18:35:00,3.026,3.026,3.026,3.026,1000,0
2017-11-28,22:00:00,3.01,3.0299,3,3,5100,0
2017-11-29,15:35:00,2.96,2.96,2.96,2.96,2827,0
2017-11-29,15:50:00,2.9655,2.9655,2.9655,2.9655,1000,0
2017-11-29,16:20:00,2.97,2.9771,2.9599,2.9599,2090,0
2017-11-29,16:25:00,3.022,3.022,3.022,3.022,100,0
2017-11-29,16:50:00,2.995,3.005,2.995,3.005,550,0
2017-11-29,18:15:00,2.99,2.99,2.99,2.99,700,0
2017-11-29,18:45:00,2.9849,2.99,2.9849,2.99,355,0
2017-11-29,18:55:00,2.99,2.99,2.98,2.99,400,0
2017-11-29,20:25:00,2.98,2.99,2.98,2.99,300,0
2017-11-29,20:55:00,2.98,2.98,2.97,2.9701,600,0
2017-11-29,21:35:00,2.97,2.97,2.97,2.97,100,0
2017-11-29,22:00:00,2.985,2.985,2.98,2.98,1320,0
2017-11-30,15:35:00,3,3,3,3,505,0
2017-11-30,15:55:00,3.01,3.01,3.01,3.01,300,0
2017-11-30,16:00:00,3.01,3.01,3.01,3.01,500,0
2017-11-30,16:30:00,3.0099,3.0099,3.0099,3.0099,3000,0
2017-11-30,16:35:00,3.0092,3.0092,3.0092,3.0092,2000,0
2017-11-30,17:05:00,3,3,3,3,100,0
2017-11-30,17:10:00,3.0009,3.0009,3.0009,3.0009,100,0
2017-11-30,17:15:00,3,3,3,3,100,0
2017-11-30,17:30:00,3,3.0033,3,3.0033,2000,0
2017-11-30,17:35:00,3,3.0001,3,3.0001,2000,0
2017-11-30,18:05:00,3,3.0001,3,3.0001,720,0
2017-11-30,18:25:00,3,3,3,3,100,0
2017-11-30,21:10:00,3,3.005,3,3.005,8000,0
2017-11-30,21:50:00,3,3.0001,3,3.0001,9600,0
2017-12-01,15:35:00,2.97,3,2.97,3,3725,0
2017-12-01,15:40:00,2.99,2.99,2.99,2.99,1000,0
2017-12-01,15:55:00,3.0001,3.0001,3.0001,3.0001,4890,0
2017-12-01,16:05:00,3.0142,3.0142,3,3,550,0
2017-12-01,16:30:00,2.99,3,2.99,3,6700,0
2017-12-01,16:50:00,2.995,3,2.99,3,4770,0
2017-12-01,16:55:00,2.994,2.995,2.994,2.995,1200,0
2017-12-01,17:15:00,2.995,2.995,2.98,2.99,9360,0
2017-12-01,18:35:00,2.96,2.96,2.945,2.945,2100,0
2017-12-01,18:40:00,2.94,2.95,2.94,2.95,8700,0
2017-12-01,18:45:00,2.95,2.95,2.945,2.945,5700,0
2017-12-01,18:50:00,2.9495,2.95,2.9401,2.95,4850,0
2017-12-01,19:55:00,2.945,2.95,2.9446,2.95,1200,0
2017-12-01,20:50:00,2.95,2.95,2.95,2.95,2300,0
2017-12-01,21:15:00,2.9401,2.95,2.9401,2.95,900,0
2017-12-01,21:40:00,2.945,2.95,2.94,2.95,4297,0
2017-12-01,22:00:00,2.95,2.95,2.95,2.95,100,0
2017-12-04,15:35:00,2.94,2.95,2.94,2.95,700,0
2017-12-04,15:40:00,2.94,2.94,2.94,2.94,822,0
2017-12-04,15:55:00,2.9251,2.94,2.9251,2.94,600,0
2017-12-04,16:10:00,2.94,2.94,2.94,2.94,100,0
2017-12-04,16:20:00,2.92,2.95,2.92,2.92,14133,0
2017-12-04,16:40:00,2.94,2.94,2.94,2.94,100,0
2017-12-04,16:45:00,2.9287,2.9287,2.9287,2.9287,190,0
2017-12-04,17:05:00,2.94,2.94,2.94,2.94,400,0
2017-12-04,17:10:00,2.925,2.94,2.9132,2.94,3350,0
2017-12-04,17:40:00,2.94,2.94,2.94,2.94,200,0
2017-12-04,18:10:00,2.93,2.93,2.93,2.93,100,0
2017-12-04,18:20:00,2.94,2.94,2.94,2.94,100,0
2017-12-04,20:15:00,2.93,2.93,2.93,2.93,1000,0
2017-12-04,20:20:00,2.93,2.93,2.93,2.93,100,0
2017-12-04,20:25:00,2.92,2.93,2.92,2.92,400,0
2017-12-04,20:45:00,2.92,2.93,2.895,2.93,16029,0
2017-12-04,20:50:00,2.93,2.93,2.93,2.93,100,0
2017-12-04,21:00:00,2.93,2.93,2.93,2.93,100,0
2017-12-04,21:05:00,2.93,2.93,2.93,2.93,100,0
2017-12-04,21:10:00,2.94,2.94,2.94,2.94,100,0
2017-12-04,21:25:00,2.94,2.94,2.94,2.94,100,0
2017-12-04,21:35:00,2.94,2.94,2.93,2.93,200,0
2017-12-04,22:00:00,2.92,2.92,2.91,2.92,600,0
2017-12-05,15:35:00,2.899,2.899,2.899,2.899,1800,0
2017-12-05,15:40:00,2.9199,2.92,2.9199,2.92,6100,0
2017-12-05,15:45:00,2.9097,2.92,2.9097,2.92,3500,0
2017-12-05,15:55:00,2.9,2.92,2.9,2.92,4450,0
2017-12-05,16:05:00,2.91,2.91,2.91,2.91,700,0
2017-12-05,16:10:00,2.91,2.92,2.91,2.91,1300,0
2017-12-05,17:15:00,2.91,2.91,2.9001,2.9001,2000,0
2017-12-05,17:40:00,2.915,2.915,2.915,2.915,200,0
2017-12-05,17:55:00,2.9096,2.92,2.9025,2.92,2310,0
2017-12-05,18:50:00,2.9072,2.92,2.9072,2.92,1300,0
2017-12-05,18:55:00,2.9095,2.91,2.9001,2.9001,875,0
2017-12-05,19:05:00,2.9199,2.92,2.9199,2.92,1308,0
2017-12-05,19:10:00,2.9102,2.9102,2.9102,2.9102,175,0
2017-12-05,19:20:00,2.9103,2.92,2.9103,2.92,200,0
2017-12-05,19:30:00,2.92,2.92,2.92,2.92,100,0
2017-12-05,20:25:00,2.91,2.92,2.9089,2.92,6315,0
2017-12-06,15:35:00,2.93,2.93,2.93,2.93,2250,0
2017-12-06,16:15:00,2.9153,2.9153,2.9153,2.9153,300,0
2017-12-06,16:45:00,2.91,2.93,2.9,2.93,8892,0
2017-12-06,16:55:00,2.911,2.911,2.91,2.91,1100,0
2017-12-06,17:10:00,2.91,2.91,2.8931,2.9,2610,0
2017-12-06,17:35:00,2.89,2.89,2.89,2.89,3006,0
2017-12-06,17:40:00,2.89,2.89,2.89,2.89,500,0
2017-12-06,18:15:00,2.895,2.9,2.895,2.9,1000,0
2017-12-06,18:25:00,2.89,2.89,2.89,2.89,200,0
2017-12-06,18:35:00,2.89,2.8944,2.89,2.8944,1284,0
2017-12-06,19:35:00,2.89,2.89,2.89,2.89,100,0
2017-12-06,19:50:00,2.89,2.8908,2.89,2.89,2200,0
2017-12-06,19:55:00,2.89,2.89,2.89,2.89,300,0
2017-12-06,20:05:00,2.89,2.89,2.89,2.89,1000,0
2017-12-06,20:10:00,2.89,2.89,2.89,2.89,100,0
2017-12-06,21:20:00,2.88,2.88,2.88,2.88,100,0
2017-12-06,21:40:00,2.8861,2.8861,2.8861,2.8861,2000,0
2017-12-06,21:55:00,2.89,2.89,2.88,2.88,2100,0
2017-12-06,22:00:00,2.88,2.88,2.88,2.88,100,0
