Date,Time,Open,High,Low,Close,Volume,OpenInt
2017-11-16,15:35:00,0.3145,0.3145,0.3,0.3036,16941,0
2017-11-16,15:40:00,0.3,0.305,0.3,0.3048,16456,0
2017-11-16,15:45:00,0.3048,0.3048,0.2925,0.3015,50044,0
2017-11-16,15:50:00,0.3002,0.3002,0.2951,0.2989,32209,0
2017-11-16,15:55:00,0.2951,0.2999,0.2951,0.29521,22625,0
2017-11-16,16:00:00,0.2961,0.3,0.2953,0.3,11484,0
2017-11-16,16:05:00,0.3,0.3016,0.2998,0.3,13202,0
2017-11-16,16:10:00,0.3,0.3016,0.3,0.3016,11966,0
2017-11-16,16:15:00,0.3015,0.3035,0.3015,0.3026,30338,0
2017-11-16,16:20:00,0.305,0.3075,0.3029,0.3074,14926,0
2017-11-16,16:25:00,0.3074,0.3074,0.3031,0.3054,8700,0
2017-11-16,16:30:00,0.30321,0.3037,0.3032,0.3037,21903,0
2017-11-16,16:35:00,0.304,0.3046,0.304,0.304,1683,0
2017-11-16,16:40:00,0.304,0.30511,0.304,0.30511,1660,0
2017-11-16,16:45:00,0.3062,0.3075,0.305,0.3075,3421,0
2017-11-16,16:50:00,0.3075,0.3125,0.3065,0.3125,26268,0
2017-11-16,16:55:00,0.312,0.312,0.309,0.30901,9921,0
2017-11-16,17:00:00,0.3107,0.3107,0.3107,0.3107,200,0
2017-11-16,17:05:00,0.3097,0.313,0.309,0.3124,5676,0
2017-11-16,17:10:00,0.3124,0.3124,0.3076,0.31,2599,0
2017-11-16,17:15:00,0.31,0.3125,0.31,0.3124,12510,0
2017-11-16,17:20:00,0.3125,0.3125,0.3085,0.3085,651,0
2017-11-16,17:25:00,0.3078,0.3078,0.3078,0.3078,300,0
2017-11-16,17:30:00,0.3077,0.3077,0.3077,0.3077,1010,0
2017-11-16,17:35:00,0.309,0.309,0.3077,0.3077,1260,0
2017-11-16,17:40:00,0.3077,0.309,0.3077,0.309,5135,0
2017-11-16,17:45:00,0.309,0.3096,0.309,0.3095,1840,0
2017-11-16,17:50:00,0.31,0.315,0.31,0.3147,19357,0
2017-11-16,17:55:00,0.3126,0.3126,0.3125,0.3125,2500,0
2017-11-16,18:00:00,0.3124,0.3127,0.3124,0.3126,33493,0
2017-11-16,18:05:00,0.3126,0.3126,0.3094,0.3094,33653,0
2017-11-16,18:10:00,0.30771,0.30771,0.3,0.301,45265,0
2017-11-16,18:15:00,0.3042,0.3048,0.3042,0.3047,6048,0
2017-11-16,18:20:00,0.3048,0.305,0.3,0.3,9385,0
2017-11-16,18:25:00,0.3036,0.3036,0.2957,0.299,18473,0
2017-11-16,18:30:00,0.2999,0.3025,0.2997,0.3025,8326,0
2017-11-16,18:35:00,0.305,0.305,0.304,0.305,1750,0
2017-11-16,18:40:00,0.30001,0.3039,0.30001,0.3039,316,0
2017-11-16,18:45:00,0.30011,0.30011,0.30011,0.30011,700,0
2017-11-16,18:50:00,0.3002,0.3036,0.3002,0.301,3425,0
2017-11-16,18:55:00,0.3036,0.3036,0.3027,0.3027,781,0
2017-11-16,19:00:00,0.3025,0.3034,0.3025,0.3034,650,0
2017-11-16,19:05:00,0.3036,0.3036,0.3036,0.3036,600,0
2017-11-16,19:10:00,0.3025,0.3025,0.3025,0.3025,800,0
2017-11-16,19:15:00,0.3025,0.3049,0.3025,0.30251,3426,0
2017-11-16,19:20:00,0.3025,0.3049,0.3025,0.3025,1689,0
2017-11-16,19:25:00,0.3025,0.3049,0.3025,0.3049,2400,0
2017-11-16,19:30:00,0.3049,0.3049,0.3049,0.3049,1565,0
2017-11-16,19:40:00,0.3025,0.3025,0.3025,0.3025,100,0
2017-11-16,19:45:00,0.3049,0.3049,0.3049,0.3049,130,0
2017-11-16,19:55:00,0.3025,0.3025,0.3025,0.3025,4000,0
2017-11-16,20:00:00,0.3049,0.3049,0.3049,0.3049,200,0
2017-11-16,20:10:00,0.3025,0.3025,0.3025,0.3025,385,0
2017-11-16,20:15:00,0.3049,0.3049,0.3049,0.3049,400,0
2017-11-16,20:25:00,0.3025,0.3025,0.3,0.3024,18921,0
2017-11-16,20:30:00,0.3,0.3,0.2998,0.2999,4569,0
2017-11-16,20:35:00,0.2999,0.3021,0.2999,0.29991,5307,0
2017-11-16,20:40:00,0.3021,0.3021,0.3021,0.3021,2000,0
2017-11-16,20:45:00,0.3,0.3021,0.2999,0.3021,4078,0
2017-11-16,20:50:00,0.3002,0.301,0.3,0.301,9000,0
2017-11-16,20:55:00,0.302,0.302,0.302,0.302,5000,0
2017-11-16,21:05:00,0.3,0.3002,0.3,0.3002,2000,0
2017-11-16,21:10:00,0.3,0.3,0.2995,0.2995,17565,0
2017-11-16,21:15:00,0.2999,0.2999,0.299,0.2996,11867,0
2017-11-16,21:20:00,0.299,0.299,0.2955,0.296,10171,0
2017-11-16,21:25:00,0.2969,0.2995,0.2956,0.2995,13433,0
2017-11-16,21:30:00,0.2968,0.2995,0.2951,0.2995,13636,0
2017-11-16,21:35:00,0.2952,0.2952,0.2952,0.2952,815,0
2017-11-16,21:40:00,0.2994,0.2995,0.2985,0.2994,6797,0
2017-11-16,21:45:00,0.2994,0.2994,0.2953,0.2953,1411,0
2017-11-16,21:50:00,0.2995,0.3025,0.2995,0.3001,10741,0
2017-11-16,21:55:00,0.3025,0.3047,0.2953,0.3007,24906,0
2017-11-16,22:00:00,0.3047,0.3048,0.3007,0.304,49542,0
2017-11-17,15:35:00,0.309,0.309,0.2952,0.3,41776,0
2017-11-17,15:40:00,0.3,0.3,0.2976,0.2981,7728,0
2017-11-17,15:45:00,0.2987,0.302,0.2987,0.2992,23378,0
2017-11-17,15:50:00,0.3019,0.3059,0.2992,0.3059,8899,0
2017-11-17,15:55:00,0.3059,0.3059,0.3006,0.3016,3775,0
2017-11-17,16:00:00,0.3056,0.306,0.3011,0.3011,4507,0
2017-11-17,16:05:00,0.3011,0.3014,0.3011,0.3011,13232,0
2017-11-17,16:10:00,0.301,0.3049,0.298,0.3049,15278,0
2017-11-17,16:15:00,0.3042,0.3042,0.3042,0.3042,100,0
2017-11-17,16:20:00,0.3049,0.3049,0.2981,0.304,3887,0
2017-11-17,16:30:00,0.2985,0.3038,0.2985,0.2987,17405,0
2017-11-17,16:35:00,0.3037,0.3037,0.2989,0.3029,7346,0
2017-11-17,16:40:00,0.2991,0.3001,0.2991,0.2992,1232,0
2017-11-17,16:45:00,0.3029,0.3029,0.2993,0.2993,8246,0
2017-11-17,16:50:00,0.3029,0.3029,0.3002,0.302,1433,0
2017-11-17,16:55:00,0.3026,0.3036,0.3021,0.3025,4372,0
2017-11-17,17:00:00,0.3026,0.3035,0.3011,0.3011,7125,0
2017-11-17,17:10:00,0.3003,0.3003,0.3003,0.3003,52069,0
2017-11-17,17:15:00,0.3036,0.3036,0.3004,0.3004,1330,0
2017-11-17,17:20:00,0.3019,0.302,0.3019,0.302,500,0
2017-11-17,17:25:00,0.3011,0.3011,0.3011,0.3011,615,0
2017-11-17,17:30:00,0.3015,0.3022,0.3011,0.302,9917,0
2017-11-17,17:35:00,0.3022,0.3022,0.3021,0.3022,6400,0
2017-11-17,17:40:00,0.3021,0.3021,0.3021,0.3021,6489,0
2017-11-17,17:45:00,0.3003,0.3003,0.3003,0.3003,100,0
2017-11-17,17:50:00,0.302,0.3021,0.3003,0.3003,1951,0
2017-11-17,17:55:00,0.3003,0.3022,0.3003,0.3022,5967,0
2017-11-17,18:05:00,0.302,0.3022,0.302,0.3022,4400,0
2017-11-17,18:15:00,0.3002,0.3002,0.3002,0.3002,14327,0
2017-11-17,18:20:00,0.3018,0.3018,0.3018,0.3018,375,0
2017-11-17,18:25:00,0.3015,0.3047,0.3009,0.30161,7499,0
2017-11-17,18:30:00,0.3017,0.3047,0.3017,0.3044,3135,0
2017-11-17,18:35:00,0.30161,0.30161,0.30161,0.30161,575,0
2017-11-17,18:40:00,0.3032,0.3044,0.3029,0.3044,14127,0
2017-11-17,18:45:00,0.3044,0.3044,0.3044,0.3044,100,0
2017-11-17,18:50:00,0.3039,0.3039,0.3036,0.3036,300,0
2017-11-17,18:55:00,0.3036,0.3036,0.3036,0.3036,1649,0
2017-11-17,19:00:00,0.3044,0.3047,0.3041,0.3041,3996,0
2017-11-17,19:05:00,0.30441,0.3047,0.30441,0.3047,2594,0
2017-11-17,19:15:00,0.3044,0.3049,0.3044,0.3049,6450,0
2017-11-17,19:20:00,0.3031,0.3031,0.3031,0.3031,119,0
2017-11-17,19:25:00,0.3049,0.3049,0.3031,0.3031,1311,0
2017-11-17,19:30:00,0.3032,0.3032,0.3032,0.3032,1000,0
2017-11-17,19:35:00,0.3037,0.3037,0.3032,0.3032,2500,0
2017-11-17,19:40:00,0.3039,0.3048,0.3039,0.3048,2214,0
2017-11-17,19:45:00,0.3041,0.3041,0.304,0.304,8860,0
2017-11-17,19:50:00,0.3048,0.3048,0.3041,0.3041,2456,0
2017-11-17,19:55:00,0.3041,0.3045,0.3022,0.3045,5081,0
2017-11-17,20:00:00,0.3037,0.3046,0.3022,0.3045,7846,0
2017-11-17,20:05:00,0.3022,0.3022,0.3022,0.3022,600,0
2017-11-17,20:15:00,0.3022,0.3046,0.3015,0.304,10020,0
2017-11-17,20:20:00,0.3015,0.3031,0.3003,0.3003,4889,0
2017-11-17,20:25:00,0.3024,0.3024,0.3002,0.3002,4498,0
2017-11-17,20:30:00,0.3,0.3,0.2997,0.2997,9581,0
2017-11-17,20:40:00,0.2997,0.2997,0.299,0.299,3512,0
2017-11-17,20:45:00,0.299,0.3,0.2987,0.3,5347,0
2017-11-17,20:50:00,0.3,0.3,0.3,0.3,209,0
2017-11-17,20:55:00,0.3001,0.3009,0.3001,0.3001,3600,0
2017-11-17,21:00:00,0.3001,0.3022,0.3,0.3022,4250,0
2017-11-17,21:05:00,0.3022,0.3022,0.3022,0.3022,225,0
2017-11-17,21:10:00,0.3022,0.3022,0.3022,0.3022,200,0
2017-11-17,21:20:00,0.3003,0.302,0.3003,0.302,5650,0
2017-11-17,21:25:00,0.3002,0.302,0.3002,0.302,2500,0
2017-11-17,21:30:00,0.302,0.302,0.2991,0.2991,5205,0
2017-11-17,21:35:00,0.2991,0.2991,0.299,0.2991,5535,0
2017-11-17,21:40:00,0.2999,0.2999,0.2999,0.2999,1000,0
2017-11-17,21:45:00,0.2992,0.2995,0.2985,0.2995,47229,0
2017-11-17,21:50:00,0.2995,0.301,0.2995,0.2998,8023,0
2017-11-17,21:55:00,0.2995,0.2995,0.298,0.298,7036,0
2017-11-17,22:00:00,0.299,0.2998,0.2951,0.2997,27878,0
2017-11-20,15:35:00,0.306,0.306,0.302,0.304,32389,0
2017-11-20,15:40:00,0.302,0.3029,0.3,0.3,7126,0
2017-11-20,15:45:00,0.3001,0.3001,0.2958,0.2958,25993,0
2017-11-20,15:50:00,0.2955,0.299,0.2902,0.298,53983,0
2017-11-20,15:55:00,0.2978,0.2978,0.2916,0.2974,7041,0
2017-11-20,16:00:00,0.2941,0.2969,0.294,0.2969,5754,0
2017-11-20,16:05:00,0.2968,0.2968,0.2919,0.2944,12632,0
2017-11-20,16:10:00,0.2912,0.2945,0.2911,0.2943,26823,0
2017-11-20,16:15:00,0.2914,0.2914,0.291,0.2912,3195,0
2017-11-20,16:20:00,0.2912,0.2944,0.29,0.2911,52865,0
2017-11-20,16:25:00,0.2911,0.2911,0.29011,0.2902,3780,0
2017-11-20,16:30:00,0.2903,0.2913,0.2903,0.2903,1534,0
2017-11-20,16:35:00,0.2919,0.2943,0.2919,0.2941,2350,0
2017-11-20,16:40:00,0.292,0.295,0.2903,0.295,23601,0
2017-11-20,16:45:00,0.295,0.295,0.2925,0.2925,6210,0
2017-11-20,16:50:00,0.2949,0.2949,0.2909,0.2909,6732,0
2017-11-20,16:55:00,0.2909,0.293,0.2908,0.293,3947,0
2017-11-20,17:00:00,0.2925,0.2925,0.2908,0.2909,1055,0
2017-11-20,17:05:00,0.2909,0.2909,0.2909,0.2909,600,0
2017-11-20,17:10:00,0.291,0.2958,0.2909,0.2958,4626,0
2017-11-20,17:15:00,0.29331,0.2949,0.29331,0.2949,2000,0
2017-11-20,17:20:00,0.2948,0.2949,0.2933,0.29331,2019,0
2017-11-20,17:25:00,0.2933,0.29331,0.2933,0.29331,783,0
2017-11-20,17:30:00,0.2949,0.2949,0.2949,0.2949,140,0
2017-11-20,17:35:00,0.2946,0.2946,0.2935,0.2935,1735,0
2017-11-20,17:40:00,0.2944,0.2999,0.2944,0.2999,1856,0
2017-11-20,17:50:00,0.295,0.2951,0.2949,0.2949,1189,0
2017-11-20,17:55:00,0.2949,0.2949,0.293,0.2932,14565,0
2017-11-20,18:00:00,0.2933,0.295,0.2933,0.295,5625,0
2017-11-20,18:05:00,0.29331,0.2961,0.29331,0.2961,6669,0
2017-11-20,18:10:00,0.2974,0.2999,0.2974,0.2975,3161,0
2017-11-20,18:15:00,0.29751,0.29751,0.2975,0.2975,2994,0
2017-11-20,18:20:00,0.2975,0.2975,0.2933,0.2966,4742,0
2017-11-20,18:25:00,0.295,0.295,0.295,0.295,200,0
2017-11-20,18:30:00,0.295,0.295,0.293,0.293,5003,0
2017-11-20,18:35:00,0.2931,0.2931,0.2931,0.2931,350,0
2017-11-20,18:40:00,0.2931,0.2931,0.2931,0.2931,6900,0
2017-11-20,18:45:00,0.2931,0.2931,0.2924,0.2924,2564,0
2017-11-20,18:50:00,0.2927,0.295,0.2927,0.295,7000,0
2017-11-20,18:55:00,0.2935,0.2935,0.2929,0.2929,1765,0
2017-11-20,19:00:00,0.2924,0.2924,0.2911,0.2911,5817,0
2017-11-20,19:05:00,0.291,0.291,0.2855,0.2899,52103,0
2017-11-20,19:10:00,0.2899,0.2899,0.2875,0.2899,6785,0
2017-11-20,19:15:00,0.2909,0.2909,0.2909,0.2909,1250,0
2017-11-20,19:20:00,0.291,0.2924,0.29,0.2924,2100,0
2017-11-20,19:25:00,0.2901,0.2901,0.2901,0.2901,175,0
2017-11-20,19:30:00,0.2924,0.2924,0.2901,0.2901,370,0
2017-11-20,19:35:00,0.2924,0.2924,0.2902,0.2902,1249,0
2017-11-20,19:40:00,0.2902,0.2902,0.2902,0.2902,385,0
2017-11-20,19:45:00,0.2924,0.295,0.2924,0.295,4500,0
2017-11-20,19:50:00,0.294,0.295,0.2926,0.2949,2600,0
2017-11-20,19:55:00,0.2939,0.2939,0.2939,0.2939,200,0
2017-11-20,20:00:00,0.295,0.295,0.295,0.295,100,0
2017-11-20,20:05:00,0.2931,0.295,0.2931,0.295,200,0
2017-11-20,20:10:00,0.2937,0.2937,0.2937,0.2937,1320,0
2017-11-20,20:15:00,0.2938,0.2938,0.2938,0.2938,243,0
2017-11-20,20:20:00,0.2938,0.2939,0.2938,0.2939,1000,0
2017-11-20,20:25:00,0.2926,0.2926,0.2926,0.2926,2400,0
2017-11-20,20:30:00,0.29241,0.2927,0.29,0.29,6561,0
2017-11-20,20:40:00,0.2903,0.2911,0.29,0.29,37687,0
2017-11-20,20:45:00,0.2948,0.2948,0.2947,0.2947,550,0
2017-11-20,20:50:00,0.2948,0.2948,0.2947,0.2947,778,0
2017-11-20,20:55:00,0.2937,0.2937,0.2902,0.2902,2525,0
2017-11-20,21:00:00,0.29021,0.29021,0.29021,0.29021,198,0
2017-11-20,21:05:00,0.2904,0.2904,0.2901,0.2901,3114,0
2017-11-20,21:10:00,0.2901,0.2901,0.2901,0.2901,400,0
2017-11-20,21:15:00,0.2901,0.2901,0.29,0.29,1087,0
2017-11-20,21:20:00,0.29,0.29,0.29,0.29,5232,0
2017-11-20,21:25:00,0.29,0.29,0.29,0.29,923,0
2017-11-20,21:30:00,0.29,0.29,0.2899,0.29,2200,0
2017-11-20,21:35:00,0.2895,0.2895,0.2875,0.2882,10550,0
2017-11-20,21:40:00,0.2881,0.2881,0.2851,0.2861,39020,0
2017-11-20,21:45:00,0.2852,0.2861,0.2852,0.2854,9710,0
2017-11-20,21:50:00,0.2855,0.2874,0.2855,0.2874,5395,0
2017-11-20,21:55:00,0.286,0.2874,0.2855,0.2855,29639,0
2017-11-20,22:00:00,0.2854,0.2874,0.285,0.2852,58225,0
2017-11-21,15:35:00,0.285,0.2874,0.285,0.286,29712,0
2017-11-21,15:40:00,0.286,0.287,0.282,0.282,28476,0
2017-11-21,15:45:00,0.2857,0.2857,0.28,0.28,49367,0
2017-11-21,15:50:00,0.28,0.2849,0.28,0.282,92287,0
2017-11-21,15:55:00,0.2801,0.2847,0.2801,0.2821,15641,0
2017-11-21,16:00:00,0.2847,0.2847,0.2821,0.2847,2025,0
2017-11-21,16:05:00,0.2847,0.2847,0.282,0.282,9492,0
2017-11-21,16:10:00,0.283,0.2831,0.2828,0.2829,22265,0
2017-11-21,16:15:00,0.2837,0.2847,0.283,0.283,9594,0
2017-11-21,16:20:00,0.283,0.287,0.283,0.287,13393,0
2017-11-21,16:25:00,0.287,0.287,0.2851,0.2851,227,0
2017-11-21,16:30:00,0.2861,0.2861,0.285,0.285,2390,0
2017-11-21,16:35:00,0.285,0.2865,0.2831,0.285,9200,0
2017-11-21,16:40:00,0.2864,0.2864,0.282,0.2821,16652,0
2017-11-21,16:45:00,0.2837,0.2837,0.282,0.282,15270,0
2017-11-21,16:50:00,0.2817,0.2817,0.281,0.2811,2650,0
2017-11-21,16:55:00,0.2811,0.282,0.281,0.282,5939,0
2017-11-21,17:00:00,0.282,0.282,0.2802,0.2811,23232,0
2017-11-21,17:05:00,0.2845,0.2845,0.28,0.2802,21529,0
2017-11-21,17:10:00,0.28101,0.2845,0.28101,0.2811,2220,0
2017-11-21,17:15:00,0.2821,0.2845,0.2821,0.2845,450,0
2017-11-21,17:20:00,0.282,0.2849,0.2801,0.281,4020,0
2017-11-21,17:25:00,0.2805,0.2805,0.2723,0.2726,138777,0
2017-11-21,17:30:00,0.2729,0.2776,0.2721,0.2769,26815,0
2017-11-21,17:35:00,0.2769,0.2776,0.275,0.2776,11908,0
2017-11-21,17:40:00,0.2776,0.2785,0.2773,0.2785,5387,0
2017-11-21,17:45:00,0.279,0.28,0.2774,0.2784,34245,0
2017-11-21,17:50:00,0.2783,0.285,0.2779,0.2848,43999,0
2017-11-21,17:55:00,0.2837,0.286,0.2837,0.285,12032,0
2017-11-21,18:00:00,0.2845,0.2845,0.284,0.2841,8832,0
2017-11-21,18:05:00,0.28405,0.285,0.28,0.2806,32893,0
2017-11-21,18:10:00,0.2848,0.2848,0.2848,0.2848,5149,0
2017-11-21,18:15:00,0.2813,0.2813,0.28,0.28,10068,0
2017-11-21,18:20:00,0.2821,0.2847,0.28201,0.2847,1870,0
2017-11-21,18:25:00,0.2821,0.2821,0.28201,0.28201,2500,0
2017-11-21,18:30:00,0.2821,0.2821,0.2821,0.2821,1189,0
2017-11-21,18:35:00,0.2834,0.2845,0.282,0.282,4600,0
2017-11-21,18:40:00,0.2821,0.2821,0.279,0.279,15528,0
2017-11-21,18:45:00,0.27945,0.27945,0.2794,0.2794,700,0
2017-11-21,18:50:00,0.2799,0.2799,0.2794,0.2799,8717,0
2017-11-21,18:55:00,0.2799,0.2799,0.279,0.2798,10696,0
2017-11-21,19:00:00,0.2798,0.2798,0.2798,0.2798,1700,0
2017-11-21,19:05:00,0.2798,0.2798,0.279,0.279,1871,0
2017-11-21,19:10:00,0.2798,0.2798,0.27501,0.27501,11664,0
2017-11-21,19:15:00,0.276,0.2848,0.276,0.2848,22261,0
2017-11-21,19:20:00,0.283,0.283,0.2802,0.2802,1268,0
2017-11-21,19:25:00,0.283,0.283,0.275,0.2802,3068,0
2017-11-21,19:30:00,0.2805,0.2805,0.2759,0.2801,51726,0
2017-11-21,19:35:00,0.2802,0.2802,0.2801,0.2801,550,0
2017-11-21,19:40:00,0.2802,0.2802,0.2802,0.2802,500,0
2017-11-21,19:45:00,0.2801,0.2825,0.28,0.2825,2676,0
2017-11-21,19:50:00,0.2805,0.285,0.2789,0.2845,23629,0
2017-11-21,19:55:00,0.2845,0.2848,0.281,0.2845,4405,0
2017-11-21,20:00:00,0.2811,0.2811,0.2811,0.2811,287,0
2017-11-21,20:15:00,0.284,0.284,0.284,0.284,1357,0
2017-11-21,20:20:00,0.2839,0.2839,0.282,0.2838,4335,0
2017-11-21,20:30:00,0.282,0.282,0.2811,0.282,12268,0
2017-11-21,20:35:00,0.2839,0.2839,0.2839,0.2839,300,0
2017-11-21,21:00:00,0.2816,0.2816,0.2816,0.2816,100,0
2017-11-21,21:05:00,0.2839,0.2839,0.2839,0.2839,1600,0
2017-11-21,21:10:00,0.2825,0.2839,0.2824,0.2839,4787,0
2017-11-21,21:15:00,0.2839,0.2839,0.2799,0.282,18699,0
2017-11-21,21:20:00,0.2801,0.282,0.2801,0.282,7980,0
2017-11-21,21:25:00,0.2805,0.2817,0.2805,0.2805,3653,0
2017-11-21,21:30:00,0.2815,0.2825,0.2815,0.2825,8469,0
2017-11-21,21:35:00,0.2825,0.2825,0.2815,0.2824,17400,0
2017-11-21,21:40:00,0.2805,0.2811,0.2799,0.2799,1470,0
2017-11-21,21:45:00,0.2814,0.284,0.2799,0.2799,31168,0
2017-11-21,21:50:00,0.28,0.2802,0.28,0.28,4549,0
2017-11-21,21:55:00,0.2839,0.284,0.28,0.2839,9349,0
2017-11-21,22:00:00,0.284,0.2847,0.28,0.28,7198,0
2017-11-22,15:35:00,0.285,0.2858,0.2801,0.2848,15457,0
2017-11-22,15:40:00,0.2857,0.2857,0.28,0.2834,17127,0
2017-11-22,15:45:00,0.2801,0.2834,0.2801,0.2833,8330,0
2017-11-22,15:50:00,0.2834,0.2834,0.2801,0.2801,1862,0
2017-11-22,15:55:00,0.2834,0.2834,0.2807,0.2816,5522,0
2017-11-22,16:00:00,0.2807,0.2833,0.28061,0.2833,5057,0
2017-11-22,16:05:00,0.282,0.282,0.2805,0.2805,6600,0
2017-11-22,16:10:00,0.2805,0.2828,0.2805,0.2805,1998,0
2017-11-22,16:15:00,0.2806,0.2806,0.28011,0.28011,3085,0
2017-11-22,16:20:00,0.2829,0.2829,0.275,0.2764,31092,0
2017-11-22,16:25:00,0.2771,0.2798,0.2771,0.279,6128,0
2017-11-22,16:30:00,0.2776,0.2787,0.2776,0.2785,1400,0
2017-11-22,16:35:00,0.2782,0.2786,0.2775,0.2775,9140,0
2017-11-22,16:40:00,0.2771,0.2785,0.275,0.2784,4051,0
2017-11-22,16:45:00,0.2784,0.2785,0.272,0.2785,61827,0
2017-11-22,16:50:00,0.2734,0.278,0.273,0.2751,10667,0
2017-11-22,16:55:00,0.2754,0.278,0.2735,0.2751,23760,0
2017-11-22,17:00:00,0.278,0.2785,0.273,0.278,13497,0
2017-11-22,17:05:00,0.2755,0.282,0.2755,0.282,43720,0
2017-11-22,17:10:00,0.282,0.284,0.282,0.284,4265,0
2017-11-22,17:15:00,0.2831,0.2831,0.283,0.283,600,0
2017-11-22,17:20:00,0.282,0.282,0.278,0.278,6133,0
2017-11-22,17:25:00,0.278,0.279,0.278,0.278,7575,0
2017-11-22,17:30:00,0.2779,0.278,0.2733,0.278,14000,0
2017-11-22,17:35:00,0.277,0.278,0.277,0.278,5200,0
2017-11-22,17:40:00,0.27791,0.278,0.2779,0.278,5240,0
2017-11-22,17:45:00,0.278,0.278,0.278,0.278,10000,0
2017-11-22,17:50:00,0.27701,0.278,0.27701,0.2779,1387,0
2017-11-22,17:55:00,0.278,0.28,0.2779,0.28,5700,0
2017-11-22,18:00:00,0.2779,0.2825,0.2779,0.2825,73792,0
2017-11-22,18:05:00,0.2825,0.2825,0.2822,0.2825,41700,0
2017-11-22,18:10:00,0.2765,0.2824,0.2765,0.2815,17000,0
2017-11-22,18:15:00,0.28125,0.2857,0.2761,0.2835,15141,0
2017-11-22,18:20:00,0.2816,0.2816,0.2801,0.2816,1885,0
2017-11-22,18:30:00,0.285,0.285,0.2821,0.2821,1201,0
2017-11-22,18:35:00,0.2823,0.2823,0.2823,0.2823,700,0
2017-11-22,18:40:00,0.28,0.28,0.28,0.28,500,0
2017-11-22,18:45:00,0.2799,0.2799,0.275,0.275,6864,0
2017-11-22,18:50:00,0.27575,0.27995,0.275,0.2799,13062,0
2017-11-22,18:55:00,0.28,0.2834,0.28,0.2834,12500,0
2017-11-22,19:00:00,0.2835,0.2835,0.2835,0.2835,285,0
2017-11-22,19:05:00,0.2801,0.2829,0.2801,0.2825,4322,0
2017-11-22,19:10:00,0.281,0.281,0.2799,0.28,10400,0
2017-11-22,19:15:00,0.2799,0.2799,0.2785,0.2785,1792,0
2017-11-22,19:20:00,0.2785,0.28,0.275,0.28,1800,0
2017-11-22,19:25:00,0.2785,0.2785,0.2745,0.275,8972,0
2017-11-22,19:30:00,0.275,0.275,0.2745,0.2745,4624,0
2017-11-22,19:35:00,0.275,0.275,0.275,0.275,411,0
2017-11-22,19:40:00,0.2749,0.275,0.2735,0.275,10954,0
2017-11-22,19:45:00,0.27331,0.27331,0.2733,0.2733,12250,0
2017-11-22,19:50:00,0.2733,0.2734,0.273,0.2733,5350,0
2017-11-22,19:55:00,0.273,0.273,0.272,0.2724,24945,0
2017-11-22,20:00:00,0.2724,0.2725,0.2723,0.2725,15600,0
2017-11-22,20:05:00,0.2725,0.2765,0.2725,0.275,2146,0
2017-11-22,20:10:00,0.2764,0.28,0.2764,0.2795,28567,0
2017-11-22,20:15:00,0.275,0.2751,0.273,0.273,40600,0
2017-11-22,20:20:00,0.2739,0.2739,0.273,0.2731,1600,0
2017-11-22,20:25:00,0.273,0.275,0.272,0.2749,25381,0
2017-11-22,20:30:00,0.273,0.2749,0.273,0.2749,3300,0
2017-11-22,20:35:00,0.2749,0.279,0.2749,0.279,37000,0
2017-11-22,20:40:00,0.2784,0.2784,0.2784,0.2784,250,0
2017-11-22,20:45:00,0.2731,0.2768,0.2731,0.2768,1223,0
2017-11-22,20:50:00,0.2731,0.2733,0.273,0.273,8677,0
2017-11-22,20:55:00,0.2741,0.2741,0.273,0.2736,8400,0
2017-11-22,21:00:00,0.2731,0.2731,0.2731,0.2731,14000,0
2017-11-22,21:05:00,0.2725,0.2725,0.2725,0.2725,100,0
2017-11-22,21:10:00,0.2724,0.2725,0.2724,0.2725,1275,0
2017-11-22,21:15:00,0.2724,0.2724,0.272,0.272,3203,0
2017-11-22,21:20:00,0.2721,0.2721,0.2721,0.2721,2735,0
2017-11-22,21:25:00,0.2721,0.2721,0.2721,0.2721,6000,0
2017-11-22,21:30:00,0.2721,0.2724,0.272,0.2724,1950,0
2017-11-22,21:35:00,0.273,0.275,0.273,0.275,623,0
2017-11-22,21:40:00,0.274,0.274,0.273,0.2739,720,0
2017-11-22,21:50:00,0.273,0.275,0.2722,0.2722,6223,0
2017-11-22,21:55:00,0.2725,0.274,0.2725,0.274,800,0
2017-11-22,22:00:00,0.273,0.275,0.2721,0.2721,9752,0
2017-11-24,15:35:00,0.2756,0.279,0.27221,0.2723,13888,0
2017-11-24,15:40:00,0.2737,0.2737,0.272,0.272,8971,0
2017-11-24,15:45:00,0.2728,0.2756,0.2719,0.2724,35309,0
2017-11-24,15:50:00,0.2723,0.274,0.27,0.27,38795,0
2017-11-24,15:55:00,0.2701,0.274,0.27,0.27,26017,0
2017-11-24,16:00:00,0.2701,0.273,0.27,0.273,23281,0
2017-11-24,16:05:00,0.2726,0.2727,0.27,0.2727,5700,0
2017-11-24,16:10:00,0.2717,0.2727,0.2717,0.2727,1000,0
2017-11-24,16:15:00,0.2705,0.2717,0.2702,0.2715,3395,0
2017-11-24,16:20:00,0.2715,0.2715,0.2705,0.271,6486,0
2017-11-24,16:25:00,0.2715,0.2715,0.271,0.2715,25000,0
2017-11-24,16:30:00,0.2727,0.2727,0.2712,0.2712,5200,0
2017-11-24,16:35:00,0.2712,0.2729,0.271,0.2711,6325,0
2017-11-24,16:40:00,0.2711,0.273,0.2705,0.2714,11215,0
2017-11-24,16:45:00,0.271,0.2727,0.271,0.2727,2012,0
2017-11-24,16:50:00,0.272,0.272,0.27,0.27,1550,0
2017-11-24,16:55:00,0.2705,0.2705,0.2705,0.2705,100,0
2017-11-24,17:00:00,0.2727,0.2727,0.2727,0.2727,793,0
2017-11-24,17:05:00,0.2729,0.2729,0.2712,0.2712,3300,0
2017-11-24,17:10:00,0.2729,0.2729,0.2729,0.2729,100,0
2017-11-24,17:15:00,0.2729,0.2729,0.2729,0.2729,300,0
2017-11-24,17:20:00,0.272,0.274,0.272,0.273,20786,0
2017-11-24,17:25:00,0.273,0.273,0.2723,0.2723,5100,0
2017-11-24,17:30:00,0.2721,0.2721,0.2721,0.2721,1500,0
2017-11-24,17:40:00,0.2723,0.273,0.2711,0.2712,9126,0
2017-11-24,17:45:00,0.2719,0.2719,0.271,0.271,13070,0
2017-11-24,17:50:00,0.271,0.274,0.271,0.274,5487,0
2017-11-24,18:05:00,0.2728,0.2728,0.2714,0.2714,264,0
2017-11-24,18:10:00,0.2718,0.274,0.2711,0.274,1785,0
2017-11-24,18:30:00,0.272,0.2735,0.2717,0.2717,2089,0
2017-11-24,18:35:00,0.271,0.2738,0.271,0.2724,16592,0
2017-11-24,18:45:00,0.272,0.2724,0.271,0.2724,8550,0
2017-11-24,18:50:00,0.271,0.2724,0.271,0.2723,1414,0
2017-11-24,18:55:00,0.271,0.2724,0.2702,0.2723,16776,0
2017-11-24,19:00:00,0.2702,0.2724,0.2702,0.2703,1807,0
2017-11-24,19:05:00,0.2724,0.2724,0.2724,0.2724,295,0
2017-11-24,19:15:00,0.2724,0.2724,0.2724,0.2724,0,0
2017-11-24,21:35:00,0.2724,0.2724,0.2724,0.2724,0,0
2017-11-24,22:00:00,0.2724,0.2724,0.2724,0.2724,0,0
2017-11-27,15:35:00,0.272,0.2724,0.27,0.27,94272,0
2017-11-27,15:40:00,0.27,0.274,0.27,0.2739,24553,0
2017-11-27,15:45:00,0.2738,0.2738,0.2704,0.2704,1975,0
2017-11-27,15:50:00,0.2738,0.2738,0.2705,0.271561,4608,0
2017-11-27,15:55:00,0.2705,0.2738,0.27,0.2733,9161,0
2017-11-27,16:00:00,0.27,0.2738,0.27,0.2738,88540,0
2017-11-27,16:05:00,0.2737,0.2737,0.267,0.2671,23226,0
2017-11-27,16:10:00,0.267,0.2698,0.266,0.2666,17950,0
2017-11-27,16:15:00,0.2667,0.2699,0.2667,0.2693,8911,0
2017-11-27,16:20:00,0.2697,0.2698,0.2669,0.2675,10460,0
2017-11-27,16:25:00,0.2675,0.2695,0.2675,0.2695,707,0
2017-11-27,16:30:00,0.268,0.2691,0.2666,0.268,27067,0
2017-11-27,16:35:00,0.2677,0.2699,0.2677,0.2699,24647,0
2017-11-27,16:40:00,0.2683,0.2697,0.2663,0.26701,11647,0
2017-11-27,16:50:00,0.267,0.2698,0.267,0.2697,11267,0
2017-11-27,16:55:00,0.267,0.2699,0.267,0.2699,9835,0
2017-11-27,17:00:00,0.2699,0.2699,0.2671,0.2671,3800,0
2017-11-27,17:05:00,0.2697,0.2699,0.2697,0.2697,6447,0
2017-11-27,17:10:00,0.2699,0.2699,0.2699,0.2699,500,0
2017-11-27,17:15:00,0.2697,0.2697,0.2697,0.2697,3729,0
2017-11-27,17:20:00,0.2697,0.2697,0.2697,0.2697,1150,0
2017-11-27,17:25:00,0.2699,0.2699,0.2699,0.2699,296,0
2017-11-27,17:30:00,0.2697,0.2699,0.266,0.267,19806,0
2017-11-27,17:35:00,0.267,0.267,0.265,0.267,43157,0
2017-11-27,17:40:00,0.266,0.2694,0.266,0.266,22954,0
2017-11-27,17:45:00,0.2695,0.2695,0.2695,0.2695,100,0
2017-11-27,17:50:00,0.27,0.27,0.266,0.266,12750,0
2017-11-27,17:55:00,0.2661,0.27,0.266,0.27,446,0
2017-11-27,18:00:00,0.269,0.269,0.269,0.269,2747,0
2017-11-27,18:05:00,0.269,0.269,0.265,0.2651,14195,0
2017-11-27,18:20:00,0.267,0.2689,0.2637,0.2689,29866,0
2017-11-27,18:25:00,0.265,0.265,0.265,0.265,37232,0
2017-11-27,18:30:00,0.265,0.265,0.2618,0.2618,4154,0
2017-11-27,18:35:00,0.2648,0.2648,0.26,0.2647,60386,0
2017-11-27,18:40:00,0.2647,0.265,0.26,0.26,46141,0
2017-11-27,18:45:00,0.266,0.268,0.26,0.2606,555,0
2017-11-27,18:50:00,0.261,0.2611,0.26,0.2601,6600,0
2017-11-27,18:55:00,0.2614,0.265,0.2614,0.265,2651,0
2017-11-27,19:00:00,0.261,0.2676,0.261,0.2676,250,0
2017-11-27,19:05:00,0.2625,0.265,0.2625,0.265,15612,0
2017-11-27,19:10:00,0.2635,0.264,0.2635,0.2636,700,0
2017-11-27,19:15:00,0.2635,0.2635,0.2635,0.2635,200,0
2017-11-27,19:20:00,0.2635,0.2635,0.2635,0.2635,105,0
2017-11-27,19:30:00,0.262,0.2635,0.2602,0.2602,14190,0
2017-11-27,19:35:00,0.2626,0.2634,0.2595,0.2634,26874,0
2017-11-27,19:40:00,0.2601,0.2605,0.2591,0.2591,4600,0
2017-11-27,19:45:00,0.25911,0.26,0.25911,0.2597,6944,0
2017-11-27,19:50:00,0.26,0.26,0.252,0.2589,47122,0
2017-11-27,19:55:00,0.2588,0.26,0.257,0.2595,26469,0
2017-11-27,20:00:00,0.2593,0.2624,0.2593,0.2624,35460,0
2017-11-27,20:05:00,0.2612,0.265,0.258,0.2622,19602,0
2017-11-27,20:10:00,0.2599,0.2624,0.25981,0.2612,2717,0
2017-11-27,20:20:00,0.2624,0.265,0.2619,0.265,23497,0
2017-11-27,20:25:00,0.2612,0.2631,0.2612,0.2631,1627,0
2017-11-27,20:30:00,0.2614,0.2614,0.2614,0.2614,500,0
2017-11-27,20:40:00,0.264,0.264,0.264,0.264,200,0
2017-11-27,20:45:00,0.26191,0.2649,0.26191,0.2649,300,0
2017-11-27,20:50:00,0.2634,0.265,0.2634,0.265,874,0
2017-11-27,20:55:00,0.265,0.265,0.2649,0.2649,1219,0
2017-11-27,21:05:00,0.262,0.262,0.26,0.26,12200,0
2017-11-27,21:10:00,0.2648,0.2648,0.2648,0.2648,100,0
2017-11-27,21:15:00,0.2602,0.2625,0.26,0.2625,10066,0
2017-11-27,21:20:00,0.2649,0.265,0.2648,0.2648,10125,0
2017-11-27,21:25:00,0.2648,0.2648,0.26,0.26,12340,0
2017-11-27,21:30:00,0.26,0.2612,0.255,0.255,9185,0
2017-11-27,21:35:00,0.25501,0.2648,0.252,0.2562,22814,0
2017-11-27,21:40:00,0.253,0.2612,0.253,0.2578,12588,0
2017-11-27,21:45:00,0.256,0.256,0.255,0.256,9877,0
2017-11-27,21:50:00,0.2586,0.265,0.2561,0.2637,5003,0
2017-11-27,21:55:00,0.25871,0.2629,0.25871,0.2629,2085,0
2017-11-27,22:00:00,0.26,0.26,0.2587,0.2588,14244,0
2017-11-28,15:35:00,0.26,0.2649,0.26,0.2648,28436,0
2017-11-28,15:40:00,0.2606,0.2649,0.26,0.26,11532,0
2017-11-28,15:45:00,0.26,0.26,0.255,0.2598,12302,0
2017-11-28,15:50:00,0.2552,0.2599,0.253,0.253,21405,0
2017-11-28,15:55:00,0.2549,0.2578,0.2521,0.253,21404,0
2017-11-28,16:00:00,0.2531,0.2569,0.25,0.25251,67844,0
2017-11-28,16:05:00,0.2525,0.2525,0.25,0.2514,39183,0
2017-11-28,16:10:00,0.2502,0.2545,0.25,0.254,54318,0
2017-11-28,16:15:00,0.2543,0.26,0.253,0.26,80456,0
2017-11-28,16:20:00,0.2544,0.2614,0.2544,0.2545,6450,0
2017-11-28,16:25:00,0.26,0.2605,0.26,0.26,7410,0
2017-11-28,16:30:00,0.2614,0.27,0.2613,0.2651,32603,0
2017-11-28,16:35:00,0.267,0.2699,0.2665,0.2699,8601,0
2017-11-28,16:40:00,0.2699,0.2699,0.266,0.266,2200,0
2017-11-28,16:45:00,0.2658,0.269,0.26575,0.269,5575,0
2017-11-28,16:50:00,0.267,0.267,0.2655,0.2655,5220,0
2017-11-28,16:55:00,0.265,0.265,0.265,0.265,160,0
2017-11-28,17:00:00,0.265,0.265,0.2635,0.2635,9667,0
2017-11-28,17:05:00,0.2556,0.2635,0.25,0.25,60325,0
2017-11-28,17:10:00,0.256,0.2563,0.2514,0.2563,2896,0
2017-11-28,17:15:00,0.2563,0.2595,0.2548,0.2592,6295,0
2017-11-28,17:20:00,0.255,0.2584,0.255,0.2584,500,0
2017-11-28,17:25:00,0.255,0.2585,0.255,0.2585,1670,0
2017-11-28,17:30:00,0.255,0.2594,0.255,0.2592,10600,0
2017-11-28,17:35:00,0.2594,0.2594,0.2592,0.2592,300,0
2017-11-28,17:40:00,0.255,0.2584,0.2515,0.2584,12365,0
2017-11-28,17:45:00,0.2582,0.2582,0.2515,0.2515,1200,0
2017-11-28,17:50:00,0.2515,0.256,0.2513,0.256,5700,0
2017-11-28,17:55:00,0.2522,0.2522,0.2522,0.2522,934,0
2017-11-28,18:00:00,0.2566,0.2584,0.2551,0.2583,8213,0
2017-11-28,18:05:00,0.2583,0.26,0.2551,0.2582,8454,0
2017-11-28,18:10:00,0.259,0.259,0.259,0.259,5000,0
2017-11-28,18:20:00,0.2599,0.2599,0.257,0.2571,3288,0
2017-11-28,18:25:00,0.2599,0.2602,0.259,0.2602,7630,0
2017-11-28,18:30:00,0.26,0.2602,0.26,0.2602,200,0
2017-11-28,18:35:00,0.2636,0.2636,0.2636,0.2636,288,0
2017-11-28,18:40:00,0.261,0.277,0.26,0.2768,145807,0
2017-11-28,18:45:00,0.2709,0.2709,0.2639,0.269,24243,0
2017-11-28,18:55:00,0.2651,0.27,0.2651,0.2651,12788,0
2017-11-28,19:00:00,0.27,0.27,0.265,0.265,8758,0
2017-11-28,19:05:00,0.2668,0.2668,0.2668,0.2668,1900,0
2017-11-28,19:10:00,0.2651,0.2698,0.2651,0.2698,600,0
2017-11-28,19:15:00,0.2697,0.2697,0.2652,0.2652,1950,0
2017-11-28,19:20:00,0.2694,0.27,0.2652,0.2675,4358,0
2017-11-28,19:30:00,0.2663,0.2663,0.2663,0.2663,1900,0
2017-11-28,19:35:00,0.26511,0.2742,0.26511,0.274,16400,0
2017-11-28,19:40:00,0.2674,0.2698,0.2674,0.2698,4263,0
2017-11-28,19:45:00,0.273,0.273,0.2704,0.2726,9671,0
2017-11-28,19:50:00,0.27,0.2726,0.27,0.2714,5100,0
2017-11-28,19:55:00,0.2701,0.2701,0.2672,0.2672,12990,0
2017-11-28,20:05:00,0.2689,0.2693,0.265,0.268,18224,0
2017-11-28,20:15:00,0.2706,0.2706,0.2706,0.2706,2200,0
2017-11-28,20:20:00,0.266,0.266,0.26,0.2638,31700,0
2017-11-28,20:30:00,0.2636,0.2637,0.2636,0.2637,450,0
2017-11-28,20:35:00,0.2671,0.2671,0.2671,0.2671,400,0
2017-11-28,20:40:00,0.2669,0.2669,0.2669,0.2669,1500,0
2017-11-28,20:45:00,0.265,0.265,0.2636,0.2637,2794,0
2017-11-28,20:50:00,0.2671,0.2671,0.2671,0.2671,300,0
2017-11-28,20:55:00,0.2659,0.2659,0.2659,0.2659,117,0
2017-11-28,21:00:00,0.2659,0.2659,0.2637,0.2637,827,0
2017-11-28,21:10:00,0.266,0.266,0.266,0.266,100,0
2017-11-28,21:20:00,0.266,0.266,0.266,0.266,535,0
2017-11-28,21:30:00,0.2659,0.266,0.2657,0.266,1853,0
2017-11-28,21:40:00,0.267,0.267,0.267,0.267,1000,0
2017-11-28,21:45:00,0.267,0.267,0.267,0.267,200,0
2017-11-28,21:50:00,0.2671,0.2671,0.2671,0.2671,100,0
2017-11-28,21:55:00,0.2699,0.2699,0.2699,0.2699,100,0
2017-11-28,22:00:00,0.2698,0.2698,0.267,0.267,1300,0
2017-11-29,15:35:00,0.277,0.277,0.266,0.267,16012,0
2017-11-29,15:40:00,0.2725,0.2725,0.265,0.27,11789,0
2017-11-29,15:45:00,0.2698,0.2728,0.265,0.2689,20817,0
2017-11-29,15:50:00,0.2661,0.2689,0.265,0.265,3800,0
2017-11-29,15:55:00,0.265,0.265,0.26,0.26,59653,0
2017-11-29,16:00:00,0.2599,0.2634,0.257,0.257,11430,0
2017-11-29,16:05:00,0.2633,0.2634,0.26,0.26,4850,0
2017-11-29,16:10:00,0.259,0.2633,0.2566,0.2599,15608,0
2017-11-29,16:15:00,0.2633,0.2633,0.2566,0.2632,4002,0
2017-11-29,16:20:00,0.2632,0.2632,0.2621,0.263,3100,0
2017-11-29,16:30:00,0.2569,0.2631,0.2569,0.2631,3100,0
2017-11-29,16:35:00,0.2569,0.261,0.2568,0.261,1987,0
2017-11-29,16:40:00,0.2575,0.261,0.2575,0.261,700,0
2017-11-29,16:45:00,0.2599,0.2632,0.2575,0.2576,15483,0
2017-11-29,16:50:00,0.2628,0.2629,0.26,0.2628,5453,0
2017-11-29,16:55:00,0.2621,0.2621,0.2621,0.2621,145,0
2017-11-29,17:00:00,0.26,0.2622,0.26,0.2622,5790,0
2017-11-29,17:05:00,0.2623,0.2623,0.2622,0.2622,2021,0
2017-11-29,17:10:00,0.26,0.26,0.26,0.26,199,0
2017-11-29,17:15:00,0.2623,0.2623,0.26,0.26,1900,0
2017-11-29,17:20:00,0.2623,0.2623,0.262,0.262,1300,0
2017-11-29,17:25:00,0.26,0.26,0.26,0.26,1500,0
2017-11-29,17:30:00,0.2588,0.26,0.2588,0.26,1014,0
2017-11-29,17:35:00,0.259,0.2622,0.259,0.2622,2737,0
2017-11-29,17:40:00,0.2623,0.2623,0.2622,0.2623,1591,0
2017-11-29,17:45:00,0.2632,0.2632,0.2632,0.2632,100,0
2017-11-29,17:55:00,0.2623,0.2664,0.2623,0.2664,11550,0
2017-11-29,18:00:00,0.265,0.265,0.2624,0.2624,300,0
2017-11-29,18:05:00,0.2624,0.2633,0.2624,0.2633,5100,0
2017-11-29,18:10:00,0.267,0.267,0.267,0.267,100,0
2017-11-29,18:15:00,0.267,0.267,0.267,0.267,4000,0
2017-11-29,18:20:00,0.267,0.267,0.2621,0.2621,2700,0
2017-11-29,18:30:00,0.2621,0.2621,0.2621,0.2621,350,0
2017-11-29,18:40:00,0.2623,0.2623,0.259,0.259,37980,0
2017-11-29,18:45:00,0.259,0.2619,0.259,0.261,15766,0
2017-11-29,18:55:00,0.26,0.2609,0.26,0.2609,440,0
2017-11-29,19:00:00,0.2609,0.2609,0.26,0.26,2005,0
2017-11-29,19:05:00,0.2601,0.2603,0.2588,0.2588,15111,0
2017-11-29,19:15:00,0.2599,0.2599,0.2599,0.2599,6100,0
2017-11-29,19:20:00,0.26,0.26,0.2599,0.2599,5750,0
2017-11-29,19:25:00,0.26,0.2634,0.26,0.2634,1900,0
2017-11-29,19:30:00,0.2635,0.265,0.2635,0.2647,9794,0
2017-11-29,19:35:00,0.2648,0.2648,0.2648,0.2648,100,0
2017-11-29,19:40:00,0.2601,0.2601,0.2601,0.2601,8198,0
2017-11-29,19:50:00,0.2644,0.2644,0.2644,0.2644,100,0
2017-11-29,19:55:00,0.2645,0.2645,0.2645,0.2645,1100,0
2017-11-29,20:05:00,0.264,0.265,0.264,0.265,999,0
2017-11-29,20:10:00,0.2649,0.2649,0.2626,0.2645,1000,0
2017-11-29,20:20:00,0.265,0.2664,0.265,0.2664,1253,0
2017-11-29,20:25:00,0.265,0.265,0.26,0.26,4667,0
2017-11-29,20:30:00,0.2599,0.26,0.2599,0.26,1065,0
2017-11-29,20:35:00,0.26,0.26,0.26,0.26,332,0
2017-11-29,20:40:00,0.26,0.2625,0.26,0.2624,14268,0
2017-11-29,20:50:00,0.2624,0.2624,0.2624,0.2624,600,0
2017-11-29,20:55:00,0.2624,0.2624,0.2601,0.2624,3184,0
2017-11-29,21:00:00,0.2624,0.2625,0.2624,0.2625,2615,0
2017-11-29,21:05:00,0.2645,0.2645,0.2645,0.2645,425,0
2017-11-29,21:10:00,0.2645,0.2645,0.2639,0.2639,300,0
2017-11-29,21:15:00,0.2603,0.2634,0.2603,0.2634,1148,0
2017-11-29,21:20:00,0.263,0.2633,0.26,0.2601,5686,0
2017-11-29,21:30:00,0.2633,0.2633,0.26,0.2607,6671,0
2017-11-29,21:40:00,0.2634,0.2634,0.262,0.262,2400,0
2017-11-29,21:45:00,0.2633,0.2633,0.2633,0.2633,4600,0
2017-11-29,21:50:00,0.2631,0.2632,0.262,0.262,9484,0
2017-11-29,21:55:00,0.2618,0.2619,0.2599,0.2599,5760,0
2017-11-29,22:00:00,0.2617,0.2617,0.2608,0.2608,3094,0
2017-11-30,15:35:00,0.252,0.266,0.252,0.266,308211,0
2017-11-30,15:40:00,0.2661,0.273,0.266,0.2696,35618,0
2017-11-30,15:45:00,0.273,0.2834,0.266,0.27,175626,0
2017-11-30,15:50:00,0.2661,0.279,0.2661,0.2685,38291,0
2017-11-30,15:55:00,0.273,0.2789,0.2685,0.273,106011,0
2017-11-30,16:00:00,0.2732,0.28,0.2732,0.28,40785,0
2017-11-30,16:05:00,0.2786,0.289,0.2786,0.2786,107546,0
2017-11-30,16:10:00,0.28,0.28,0.2765,0.2785,66194,0
2017-11-30,16:15:00,0.2773,0.282,0.2721,0.2759,68386,0
2017-11-30,16:20:00,0.2759,0.2759,0.2721,0.2741,6035,0
2017-11-30,16:25:00,0.2754,0.2759,0.2665,0.2701,33027,0
2017-11-30,16:30:00,0.2729,0.273,0.2699,0.273,10780,0
2017-11-30,16:35:00,0.273,0.275,0.2671,0.2745,16565,0
2017-11-30,16:40:00,0.2673,0.27,0.2673,0.2699,7174,0
2017-11-30,16:45:00,0.27,0.27,0.2673,0.2673,1500,0
2017-11-30,16:50:00,0.2673,0.2698,0.2672,0.2686,4400,0
2017-11-30,16:55:00,0.2698,0.2698,0.2698,0.2698,1720,0
2017-11-30,17:00:00,0.2672,0.2672,0.2672,0.2672,1129,0
2017-11-30,17:05:00,0.2699,0.2699,0.2697,0.2697,1055,0
2017-11-30,17:10:00,0.269,0.2699,0.269,0.2699,2500,0
2017-11-30,17:15:00,0.268,0.2699,0.268,0.2699,51230,0
2017-11-30,17:20:00,0.2699,0.2699,0.2699,0.2699,100,0
2017-11-30,17:25:00,0.2694,0.2697,0.2689,0.2697,12400,0
2017-11-30,17:30:00,0.2681,0.2697,0.268,0.268,2500,0
2017-11-30,17:35:00,0.2698,0.2698,0.2698,0.2698,160,0
2017-11-30,17:40:00,0.2699,0.2699,0.2681,0.2699,10900,0
2017-11-30,17:45:00,0.2681,0.2681,0.266,0.267,90694,0
2017-11-30,17:50:00,0.2698,0.2698,0.2698,0.2698,278,0
2017-11-30,18:00:00,0.2699,0.2699,0.2699,0.2699,10000,0
2017-11-30,18:10:00,0.2697,0.2697,0.2697,0.2697,4000,0
2017-11-30,18:15:00,0.2697,0.2697,0.26771,0.2678,3287,0
2017-11-30,18:20:00,0.2697,0.2697,0.2697,0.2697,6368,0
2017-11-30,18:25:00,0.268,0.2697,0.268,0.2697,8398,0
2017-11-30,18:30:00,0.2687,0.2699,0.2687,0.2699,29600,0
2017-11-30,18:35:00,0.2699,0.2699,0.2699,0.2699,13430,0
2017-11-30,18:40:00,0.27,0.2717,0.27,0.2717,5895,0
2017-11-30,18:45:00,0.2717,0.2717,0.2697,0.2697,352,0
2017-11-30,18:50:00,0.2717,0.2757,0.2717,0.2757,1396,0
2017-11-30,18:55:00,0.2759,0.28,0.2748,0.2777,61748,0
2017-11-30,19:00:00,0.2797,0.28,0.2787,0.28,1925,0
2017-11-30,19:05:00,0.2778,0.279,0.2778,0.2778,1735,0
2017-11-30,19:10:00,0.2777,0.2777,0.2737,0.2737,11207,0
2017-11-30,19:15:00,0.2737,0.275,0.2737,0.2744,3485,0
2017-11-30,19:25:00,0.2749,0.2749,0.2749,0.2749,105,0
2017-11-30,19:30:00,0.2749,0.275,0.2716,0.2749,5845,0
2017-11-30,19:35:00,0.2716,0.2716,0.2716,0.2716,146,0
2017-11-30,19:45:00,0.2749,0.2749,0.2749,0.2749,1000,0
2017-11-30,19:50:00,0.275,0.275,0.2732,0.275,4445,0
2017-11-30,19:55:00,0.2749,0.2749,0.274,0.274,700,0
2017-11-30,20:00:00,0.2739,0.2739,0.2739,0.2739,3180,0
2017-11-30,20:05:00,0.2739,0.275,0.2739,0.275,5951,0
2017-11-30,20:10:00,0.274,0.275,0.27,0.27,5089,0
2017-11-30,20:15:00,0.27,0.2714,0.27,0.27,22237,0
2017-11-30,20:25:00,0.2714,0.2714,0.2714,0.2714,750,0
2017-11-30,20:30:00,0.2701,0.2701,0.2701,0.2701,284,0
2017-11-30,20:35:00,0.2714,0.2714,0.2714,0.2714,2500,0
2017-11-30,20:40:00,0.2713,0.2713,0.2713,0.2713,200,0
2017-11-30,20:45:00,0.2707,0.275,0.2707,0.275,27490,0
2017-11-30,20:50:00,0.2749,0.2749,0.2747,0.2747,4275,0
2017-11-30,20:55:00,0.275,0.275,0.2728,0.275,3448,0
2017-11-30,21:00:00,0.2751,0.2769,0.2751,0.2751,5402,0
2017-11-30,21:05:00,0.27505,0.2751,0.275,0.2751,2300,0
2017-11-30,21:10:00,0.275,0.275,0.275,0.275,300,0
2017-11-30,21:15:00,0.2751,0.2751,0.275,0.2751,2695,0
2017-11-30,21:20:00,0.2751,0.2751,0.275,0.275,6499,0
2017-11-30,21:25:00,0.2749,0.2749,0.2749,0.2749,226,0
2017-11-30,21:30:00,0.274,0.274,0.274,0.274,1000,0
2017-11-30,21:40:00,0.2715,0.275,0.2708,0.275,2301,0
2017-11-30,21:45:00,0.271,0.275,0.271,0.2715,9021,0
2017-11-30,21:50:00,0.2748,0.275,0.2715,0.2715,3872,0
2017-11-30,21:55:00,0.27325,0.275,0.2718,0.2718,20150,0
2017-11-30,22:00:00,0.275,0.2751,0.2745,0.2745,20854,0
2017-12-01,15:35:00,0.2751,0.2751,0.265,0.27,20260,0
2017-12-01,15:40:00,0.2666,0.277,0.2666,0.277,31310,0
2017-12-01,15:45:00,0.2769,0.2799,0.2769,0.2799,32329,0
2017-12-01,15:50:00,0.2797,0.2798,0.2736,0.274,30811,0
2017-12-01,15:55:00,0.274,0.275,0.274,0.274,2400,0
2017-12-01,16:00:00,0.275,0.289,0.275,0.2875,111222,0
2017-12-01,16:05:00,0.2874,0.2875,0.2805,0.2844,24786,0
2017-12-01,16:10:00,0.2801,0.284,0.28,0.284,87217,0
2017-12-01,16:15:00,0.28,0.2805,0.2714,0.28,61384,0
2017-12-01,16:20:00,0.2804,0.2804,0.2735,0.2749,12552,0
2017-12-01,16:25:00,0.275,0.275,0.2733,0.2733,700,0
2017-12-01,16:30:00,0.2743,0.2798,0.27,0.2798,6246,0
2017-12-01,16:35:00,0.2798,0.2798,0.2798,0.2798,5400,0
2017-12-01,16:40:00,0.2798,0.2798,0.2798,0.2798,600,0
2017-12-01,16:45:00,0.2798,0.2799,0.2736,0.2798,3869,0
2017-12-01,16:50:00,0.2798,0.2798,0.2702,0.274,53809,0
2017-12-01,16:55:00,0.2749,0.275,0.2703,0.2703,6829,0
2017-12-01,17:00:00,0.2726,0.28,0.2703,0.277,32670,0
2017-12-01,17:05:00,0.275,0.275,0.267,0.2698,43966,0
2017-12-01,17:10:00,0.2696,0.2699,0.2696,0.2698,14750,0
2017-12-01,17:15:00,0.2699,0.2699,0.2666,0.2666,14709,0
2017-12-01,17:20:00,0.2653,0.2701,0.2653,0.2701,13624,0
2017-12-01,17:25:00,0.2735,0.277,0.2729,0.2729,1100,0
2017-12-01,17:30:00,0.2702,0.2729,0.265,0.2679,122125,0
2017-12-01,17:35:00,0.268,0.27,0.2623,0.2623,16454,0
2017-12-01,17:40:00,0.2626,0.2698,0.2625,0.2633,734,0
2017-12-01,17:45:00,0.2625,0.2627,0.2625,0.2627,10101,0
2017-12-01,17:50:00,0.2699,0.2699,0.2699,0.2699,200,0
2017-12-01,17:55:00,0.263,0.2631,0.263,0.2631,447,0
2017-12-01,18:00:00,0.2665,0.27,0.2665,0.27,740,0
2017-12-01,18:10:00,0.2699,0.2699,0.2699,0.2699,100,0
2017-12-01,18:15:00,0.266,0.2699,0.266,0.2699,1500,0
2017-12-01,18:20:00,0.2699,0.2699,0.2699,0.2699,100,0
2017-12-01,18:30:00,0.266,0.27,0.266,0.2661,1400,0
2017-12-01,18:40:00,0.2671,0.2671,0.2671,0.2671,225,0
2017-12-01,18:45:00,0.27,0.27,0.2671,0.2671,15852,0
2017-12-01,18:55:00,0.2671,0.2699,0.267,0.2697,6200,0
2017-12-01,19:00:00,0.2672,0.2699,0.2672,0.2699,2417,0
2017-12-01,19:05:00,0.2695,0.2698,0.2695,0.2698,6100,0
2017-12-01,19:10:00,0.2678,0.2699,0.2678,0.2699,3400,0
2017-12-01,19:25:00,0.267,0.2698,0.2661,0.2698,1645,0
2017-12-01,19:35:00,0.2686,0.2686,0.2686,0.2686,1400,0
2017-12-01,19:40:00,0.2661,0.2665,0.2661,0.2665,2018,0
2017-12-01,19:45:00,0.2666,0.2666,0.266,0.266,7088,0
2017-12-01,19:50:00,0.265,0.2698,0.265,0.2695,4916,0
2017-12-01,19:55:00,0.2664,0.2664,0.266,0.266,1118,0
2017-12-01,20:00:00,0.26701,0.26701,0.26701,0.26701,450,0
2017-12-01,20:05:00,0.2698,0.2698,0.2698,0.2698,8100,0
2017-12-01,20:10:00,0.267,0.267,0.266,0.266,1110,0
2017-12-01,20:15:00,0.266,0.2698,0.266,0.2698,2374,0
2017-12-01,20:25:00,0.2697,0.2698,0.2697,0.2698,2000,0
2017-12-01,20:30:00,0.2698,0.2698,0.2698,0.2698,4996,0
2017-12-01,20:40:00,0.2698,0.2698,0.268,0.268,1700,0
2017-12-01,20:45:00,0.26661,0.26661,0.26661,0.26661,5451,0
2017-12-01,20:50:00,0.2666,0.2666,0.2666,0.2666,158,0
2017-12-01,21:00:00,0.26805,0.2692,0.268,0.2685,3100,0
2017-12-01,21:10:00,0.2669,0.2669,0.2666,0.2666,9350,0
2017-12-01,21:15:00,0.2676,0.2676,0.2666,0.2666,11671,0
2017-12-01,21:20:00,0.2661,0.2667,0.266,0.2667,10636,0
2017-12-01,21:25:00,0.2697,0.2698,0.2666,0.2672,4660,0
2017-12-01,21:30:00,0.2697,0.2697,0.2697,0.2697,100,0
2017-12-01,21:35:00,0.2697,0.2697,0.2697,0.2697,200,0
2017-12-01,21:40:00,0.2666,0.2666,0.2666,0.2666,645,0
2017-12-01,21:45:00,0.267,0.267,0.267,0.267,122,0
2017-12-01,21:50:00,0.2694,0.2697,0.2694,0.2697,1000,0
2017-12-01,21:55:00,0.26901,0.26901,0.267,0.2684,8660,0
2017-12-01,22:00:00,0.267,0.2697,0.2661,0.2661,13266,0
2017-12-04,15:35:00,0.27,0.27,0.256,0.2634,49990,0
2017-12-04,15:40:00,0.2635,0.2739,0.2635,0.2739,10017,0
2017-12-04,15:45:00,0.2711,0.274,0.2671,0.274,8919,0
2017-12-04,15:50:00,0.274,0.277,0.2719,0.2719,8905,0
2017-12-04,15:55:00,0.2693,0.2693,0.2693,0.2693,1390,0
2017-12-04,16:00:00,0.2699,0.2768,0.2693,0.2693,8988,0
2017-12-04,16:05:00,0.2768,0.2768,0.2687,0.2687,2790,0
2017-12-04,16:10:00,0.2768,0.2768,0.27,0.27,11400,0
2017-12-04,16:15:00,0.2729,0.2749,0.27,0.27,13111,0
2017-12-04,16:20:00,0.27,0.27,0.27,0.27,2709,0
2017-12-04,16:25:00,0.2748,0.2748,0.2694,0.2694,747,0
2017-12-04,16:30:00,0.2694,0.2694,0.2671,0.2694,930,0
2017-12-04,16:40:00,0.2671,0.2699,0.2671,0.2699,5836,0
2017-12-04,16:45:00,0.2699,0.2699,0.2699,0.2699,500,0
2017-12-04,16:50:00,0.2671,0.2699,0.2671,0.268,6926,0
2017-12-04,16:55:00,0.2681,0.2681,0.2671,0.2671,500,0
2017-12-04,17:00:00,0.2699,0.2699,0.2699,0.2699,550,0
2017-12-04,17:05:00,0.2699,0.2699,0.2672,0.2699,1541,0
2017-12-04,17:10:00,0.27,0.27,0.2672,0.2672,600,0
2017-12-04,17:25:00,0.27,0.27,0.2673,0.27,6413,0
2017-12-04,17:30:00,0.2674,0.2674,0.2673,0.2673,3562,0
2017-12-04,17:35:00,0.2694,0.27,0.267,0.267,21572,0
2017-12-04,17:45:00,0.2671,0.2671,0.2624,0.2624,5850,0
2017-12-04,17:50:00,0.2694,0.2694,0.2626,0.2649,33693,0
2017-12-04,17:55:00,0.2611,0.2611,0.2601,0.2602,750,0
2017-12-04,18:00:00,0.2603,0.26275,0.2585,0.2588,39190,0
2017-12-04,18:05:00,0.25761,0.2599,0.257,0.257,10696,0
2017-12-04,18:10:00,0.257,0.26,0.257,0.26,4673,0
2017-12-04,18:15:00,0.2588,0.26,0.257,0.26,11127,0
2017-12-04,18:20:00,0.26,0.26,0.2594,0.26,9454,0
2017-12-04,18:25:00,0.2585,0.26,0.257,0.26,11150,0
2017-12-04,18:30:00,0.26,0.2601,0.2585,0.26,8487,0
2017-12-04,18:35:00,0.26,0.26,0.2599,0.2599,1063,0
2017-12-04,18:40:00,0.26,0.26,0.2587,0.26,27847,0
2017-12-04,18:45:00,0.26,0.2601,0.2588,0.2601,39333,0
2017-12-04,18:55:00,0.2626,0.2626,0.2626,0.2626,100,0
2017-12-04,19:00:00,0.2614,0.265,0.2614,0.265,650,0
2017-12-04,19:05:00,0.265,0.265,0.26011,0.26011,7956,0
2017-12-04,19:15:00,0.2601,0.265,0.2601,0.2649,1082,0
2017-12-04,19:20:00,0.262,0.2632,0.261,0.2632,7387,0
2017-12-04,19:30:00,0.262,0.262,0.262,0.262,593,0
2017-12-04,19:40:00,0.2649,0.2649,0.2649,0.2649,500,0
2017-12-04,20:00:00,0.2627,0.2627,0.2627,0.2627,300,0
2017-12-04,20:05:00,0.2627,0.2627,0.2627,0.2627,100,0
2017-12-04,20:10:00,0.2625,0.2625,0.2625,0.2625,900,0
2017-12-04,20:15:00,0.2621,0.2621,0.2621,0.2621,3883,0
2017-12-04,20:20:00,0.262,0.262,0.262,0.262,127,0
2017-12-04,20:25:00,0.2626,0.265,0.2626,0.264,1250,0
2017-12-04,20:30:00,0.2627,0.265,0.262,0.265,23358,0
2017-12-04,20:45:00,0.2627,0.2627,0.2627,0.2627,211,0
2017-12-04,20:50:00,0.2627,0.2627,0.2627,0.2627,395,0
2017-12-04,20:55:00,0.2627,0.2627,0.2627,0.2627,900,0
2017-12-04,21:00:00,0.262,0.2625,0.262,0.2625,2782,0
2017-12-04,21:05:00,0.2611,0.2625,0.261,0.2625,1600,0
2017-12-04,21:10:00,0.2613,0.2613,0.2613,0.2613,993,0
2017-12-04,21:15:00,0.2622,0.2625,0.2622,0.2623,4400,0
2017-12-04,21:20:00,0.26251,0.26251,0.2615,0.262,8384,0
2017-12-04,21:25:00,0.262,0.262,0.262,0.262,150,0
2017-12-04,21:30:00,0.261,0.262,0.261,0.262,4619,0
2017-12-04,21:35:00,0.261,0.261,0.26,0.26,4748,0
2017-12-04,21:40:00,0.2602,0.2605,0.26,0.26,12800,0
2017-12-04,21:45:00,0.26,0.26,0.26,0.26,1900,0
2017-12-04,21:50:00,0.26,0.261,0.26,0.2601,6969,0
2017-12-04,21:55:00,0.26,0.2601,0.26,0.2601,17501,0
2017-12-04,22:00:00,0.26,0.261,0.26,0.261,8000,0
2017-12-05,15:35:00,0.262,0.2625,0.255,0.2562,34993,0
2017-12-05,15:40:00,0.26,0.262,0.26,0.262,2047,0
2017-12-05,15:45:00,0.263,0.263,0.263,0.263,1480,0
2017-12-05,15:50:00,0.25801,0.263,0.258,0.2618,1274,0
2017-12-05,15:55:00,0.2586,0.26,0.2586,0.2593,1360,0
2017-12-05,16:00:00,0.2592,0.2612,0.2591,0.2612,3746,0
2017-12-05,16:05:00,0.2612,0.2626,0.2612,0.2626,5483,0
2017-12-05,16:10:00,0.2615,0.263,0.26,0.26,700,0
2017-12-05,16:15:00,0.2626,0.2626,0.2596,0.2609,450,0
2017-12-05,16:20:00,0.26001,0.2601,0.26,0.26,7828,0
2017-12-05,16:30:00,0.26,0.26,0.259,0.2599,1644,0
2017-12-05,16:35:00,0.2599,0.2599,0.2599,0.2599,117,0
2017-12-05,16:45:00,0.259,0.2591,0.257,0.25701,2028,0
2017-12-05,16:50:00,0.258,0.258,0.258,0.258,1730,0
2017-12-05,16:55:00,0.2595,0.2608,0.2595,0.2608,1190,0
2017-12-05,17:00:00,0.26,0.26,0.2582,0.2582,486,0
2017-12-05,17:10:00,0.2581,0.259,0.2581,0.259,410,0
2017-12-05,17:15:00,0.2581,0.2581,0.2581,0.2581,350,0
2017-12-05,17:20:00,0.258,0.2583,0.258,0.2583,8600,0
2017-12-05,17:25:00,0.2599,0.2599,0.2582,0.2582,5344,0
2017-12-05,17:40:00,0.26,0.26,0.2599,0.2599,2914,0
2017-12-05,17:45:00,0.26,0.26,0.26,0.26,575,0
2017-12-05,17:55:00,0.2599,0.2599,0.2599,0.2599,134,0
2017-12-05,18:00:00,0.2599,0.26,0.2599,0.26,528,0
2017-12-05,18:05:00,0.26,0.26,0.2599,0.2599,1100,0
2017-12-05,18:10:00,0.26,0.26,0.2599,0.2599,706,0
2017-12-05,18:15:00,0.2599,0.2599,0.258,0.258,10000,0
2017-12-05,18:25:00,0.2581,0.2581,0.2581,0.2581,378,0
2017-12-05,18:30:00,0.2581,0.2581,0.2581,0.2581,2506,0
2017-12-05,18:40:00,0.2581,0.26,0.2581,0.2581,26734,0
2017-12-05,18:45:00,0.258,0.258,0.258,0.258,7500,0
2017-12-05,18:50:00,0.2599,0.2599,0.2599,0.2599,2000,0
2017-12-05,19:10:00,0.26,0.26,0.26,0.26,300,0
2017-12-05,19:15:00,0.259,0.259,0.259,0.259,500,0
2017-12-05,19:20:00,0.2585,0.2585,0.258,0.2582,4350,0
2017-12-05,19:30:00,0.258,0.259,0.2573,0.258,117000,0
2017-12-05,19:40:00,0.2571,0.2571,0.2571,0.2571,113,0
2017-12-05,19:50:00,0.2566,0.2566,0.2566,0.2566,250,0
2017-12-05,20:05:00,0.2599,0.2599,0.2599,0.2599,200,0
2017-12-05,20:10:00,0.2599,0.2599,0.2565,0.259,1965,0
2017-12-05,20:15:00,0.2598,0.2598,0.2597,0.2597,965,0
2017-12-05,20:20:00,0.2565,0.2565,0.2565,0.2565,490,0
2017-12-05,20:25:00,0.2566,0.2566,0.2566,0.2566,200,0
2017-12-05,20:30:00,0.2565,0.2597,0.2565,0.2597,2260,0
2017-12-05,20:35:00,0.2565,0.259,0.2561,0.2561,13100,0
2017-12-05,20:40:00,0.2589,0.2589,0.2589,0.2589,100,0
2017-12-05,20:45:00,0.2589,0.2589,0.2589,0.2589,400,0
2017-12-05,20:50:00,0.259,0.259,0.2589,0.2589,350,0
2017-12-05,20:55:00,0.259,0.259,0.2589,0.259,300,0
2017-12-05,21:00:00,0.2589,0.2589,0.2589,0.2589,300,0
2017-12-05,21:05:00,0.2561,0.2561,0.2561,0.2561,100,0
2017-12-05,21:10:00,0.256,0.256,0.253,0.253,18384,0
2017-12-05,21:15:00,0.2561,0.2561,0.2534,0.2534,889,0
2017-12-05,21:20:00,0.2565,0.2565,0.25301,0.2561,1254,0
2017-12-05,21:25:00,0.253,0.2536,0.253,0.2536,554,0
2017-12-05,21:30:00,0.255,0.2563,0.255,0.2563,1250,0
2017-12-05,21:35:00,0.2563,0.2563,0.2536,0.2536,1354,0
2017-12-05,21:40:00,0.2536,0.2559,0.2536,0.2559,1169,0
2017-12-05,21:45:00,0.255,0.2561,0.2549,0.2561,3800,0
2017-12-05,21:50:00,0.2538,0.2559,0.25,0.2504,35855,0
2017-12-05,21:55:00,0.2558,0.2558,0.25125,0.25125,700,0
2017-12-05,22:00:00,0.25125,0.2521,0.245,0.2521,68435,0
2017-12-06,15:35:00,0.2573,0.2573,0.25,0.2571,10233,0
2017-12-06,15:40:00,0.2572,0.2572,0.255,0.2569,2550,0
2017-12-06,15:45:00,0.2546,0.2546,0.2486,0.2498,24035,0
2017-12-06,15:50:00,0.2451,0.2484,0.241,0.241,36099,0
2017-12-06,15:55:00,0.2448,0.2448,0.235,0.2369,63886,0
2017-12-06,16:00:00,0.2365,0.2365,0.22,0.2252,122505,0
2017-12-06,16:05:00,0.2252,0.239,0.2206,0.2206,84199,0
2017-12-06,16:10:00,0.2341,0.2341,0.2275,0.2308,3940,0
2017-12-06,16:15:00,0.2308,0.238,0.2308,0.2345,24618,0
2017-12-06,16:20:00,0.2379,0.24,0.2347,0.2399,2740,0
2017-12-06,16:25:00,0.238,0.239,0.2335,0.2379,11194,0
2017-12-06,16:30:00,0.238,0.239,0.238,0.239,632,0
2017-12-06,16:35:00,0.235,0.239,0.235,0.236,6913,0
2017-12-06,16:40:00,0.2389,0.239,0.236,0.236,1646,0
2017-12-06,16:45:00,0.2381,0.239,0.2381,0.239,9690,0
2017-12-06,16:50:00,0.2389,0.239,0.2389,0.239,1518,0
2017-12-06,16:55:00,0.239,0.239,0.2389,0.2389,425,0
2017-12-06,17:00:00,0.2389,0.2389,0.236,0.2389,4437,0
2017-12-06,17:05:00,0.2388,0.239,0.2388,0.239,6494,0
2017-12-06,17:10:00,0.239,0.239,0.2389,0.2389,900,0
2017-12-06,17:15:00,0.2389,0.2389,0.236,0.2389,6300,0
2017-12-06,17:20:00,0.2362,0.2389,0.2362,0.2389,14650,0
2017-12-06,17:25:00,0.2388,0.2388,0.237,0.237,9400,0
2017-12-06,17:35:00,0.2369,0.2369,0.2369,0.2369,1258,0
2017-12-06,17:40:00,0.2369,0.2369,0.2368,0.2368,2321,0
2017-12-06,17:45:00,0.2368,0.2368,0.236,0.236,3300,0
2017-12-06,17:50:00,0.2352,0.2352,0.235,0.235,8769,0
2017-12-06,17:55:00,0.2352,0.2352,0.2349,0.2349,8563,0
2017-12-06,18:00:00,0.2348,0.2348,0.231,0.231,5725,0
2017-12-06,18:05:00,0.2311,0.2338,0.2311,0.2338,3263,0
2017-12-06,18:15:00,0.2338,0.2338,0.2338,0.2338,200,0
2017-12-06,18:20:00,0.2337,0.2337,0.2313,0.2337,1850,0
2017-12-06,18:25:00,0.2337,0.2337,0.2313,0.2337,2200,0
2017-12-06,18:30:00,0.2337,0.2337,0.2313,0.2337,2979,0
2017-12-06,18:35:00,0.2349,0.2349,0.2349,0.2349,200,0
2017-12-06,18:40:00,0.2349,0.2349,0.2331,0.2348,1230,0
2017-12-06,18:45:00,0.2349,0.2349,0.2349,0.2349,723,0
2017-12-06,18:50:00,0.2349,0.2349,0.2349,0.2349,800,0
2017-12-06,18:55:00,0.2349,0.2349,0.2349,0.2349,390,0
2017-12-06,19:00:00,0.2349,0.2349,0.231,0.2349,9147,0
2017-12-06,19:10:00,0.23131,0.2315,0.2313,0.2315,2453,0
2017-12-06,19:15:00,0.2315,0.2349,0.2295,0.2295,26090,0
2017-12-06,19:20:00,0.23,0.23,0.2299,0.2299,9026,0
2017-12-06,19:25:00,0.2295,0.2299,0.2295,0.2299,713,0
2017-12-06,19:30:00,0.2299,0.2299,0.22,0.22,64202,0
2017-12-06,19:35:00,0.2214,0.227,0.2214,0.2263,12209,0
2017-12-06,19:40:00,0.2263,0.2295,0.2263,0.229,1347,0
2017-12-06,19:45:00,0.2295,0.2295,0.2294,0.2294,15150,0
2017-12-06,19:50:00,0.2294,0.2295,0.2291,0.2295,7400,0
2017-12-06,19:55:00,0.2295,0.2295,0.2201,0.2201,6209,0
2017-12-06,20:00:00,0.22,0.2289,0.22,0.2259,23857,0
2017-12-06,20:05:00,0.2288,0.2289,0.2288,0.2289,2000,0
2017-12-06,20:10:00,0.2289,0.2295,0.2289,0.2295,8361,0
2017-12-06,20:15:00,0.2295,0.2295,0.2295,0.2295,300,0
2017-12-06,20:20:00,0.2295,0.2295,0.2295,0.2295,910,0
2017-12-06,20:25:00,0.2295,0.2295,0.2295,0.2295,1819,0
2017-12-06,20:30:00,0.2295,0.2295,0.2295,0.2295,200,0
2017-12-06,20:35:00,0.2295,0.2295,0.2295,0.2295,6000,0
2017-12-06,20:40:00,0.2295,0.2295,0.2295,0.2295,4470,0
2017-12-06,20:45:00,0.2295,0.2295,0.2295,0.2295,4725,0
2017-12-06,20:50:00,0.2295,0.233,0.2275,0.233,16879,0
2017-12-06,20:55:00,0.2341,0.2341,0.2341,0.2341,100,0
2017-12-06,21:00:00,0.2348,0.2348,0.234,0.234,700,0
2017-12-06,21:05:00,0.2344,0.2344,0.2295,0.23,10497,0
2017-12-06,21:10:00,0.2295,0.2295,0.2295,0.2295,1400,0
2017-12-06,21:15:00,0.2294,0.2294,0.226,0.226,650,0
2017-12-06,21:20:00,0.2295,0.2295,0.225,0.225,2311,0
2017-12-06,21:25:00,0.2295,0.2362,0.2295,0.2295,4024,0
2017-12-06,21:30:00,0.22695,0.227,0.225,0.227,5014,0
2017-12-06,21:35:00,0.2248,0.2487,0.224,0.2487,38324,0
2017-12-06,21:40:00,0.24,0.24,0.24,0.24,100,0
2017-12-06,21:50:00,0.235,0.235,0.233,0.233,2000,0
2017-12-06,21:55:00,0.2296,0.23,0.2296,0.23,2425,0
2017-12-06,22:00:00,0.2306,0.24,0.2306,0.24,5998,0
