Date,Time,Open,High,Low,Close,Volume,OpenInt
2017-10-19,15:35:00,28.98,28.98,28.98,28.98,101,0
2017-10-19,17:00:00,28.98,29.129,28.98,29.129,1612,0
2017-10-19,17:05:00,29.129,29.129,29.129,29.129,101,0
2017-10-19,17:10:00,29.039,29.039,29.039,29.039,805,0
2017-10-19,17:15:00,29.169,29.169,29.109,29.119,905,0
2017-10-19,17:20:00,29.109,29.109,29.039,29.039,704,0
2017-10-19,17:30:00,29.069,29.069,29.059,29.059,503,0
2017-10-19,17:35:00,29.039,29.039,29.039,29.039,1239,0
2017-10-19,17:50:00,29.019,29.019,29.019,29.019,101,0
2017-10-19,17:55:00,28.98,28.98,28.98,28.98,101,0
2017-10-19,18:10:00,29,29,29,29,101,0
2017-10-19,18:20:00,29.019,29.019,28.975,29.019,402,0
2017-10-19,18:40:00,29.019,29.019,29,29,201,0
2017-10-19,19:05:00,29.019,29.019,28.92,28.92,905,0
2017-10-19,19:10:00,28.91,28.91,28.91,28.91,503,0
2017-10-19,19:20:00,28.88,28.88,28.88,28.88,101,0
2017-10-19,19:25:00,28.99,29.019,28.97,29.019,503,0
2017-10-19,19:30:00,29.019,29.019,28.995,29.019,1408,0
2017-10-19,19:35:00,28.97,28.97,28.95,28.97,1509,0
2017-10-19,19:40:00,28.87,29.029,28.87,29.029,1710,0
2017-10-19,19:45:00,29.099,29.129,29.099,29.129,201,0
2017-10-19,19:50:00,29.049,29.084,29.049,29.084,402,0
2017-10-19,20:05:00,29.069,29.069,29.069,29.069,101,0
2017-10-19,20:10:00,29.069,29.074,29.069,29.074,201,0
2017-10-19,20:25:00,29.079,29.079,29.079,29.079,302,0
2017-10-19,20:35:00,29.129,29.129,29.129,29.129,1106,0
2017-10-19,20:40:00,29.129,29.129,29.129,29.129,704,0
2017-10-19,20:45:00,29.129,29.129,29.129,29.129,101,0
2017-10-19,21:05:00,29.109,29.109,29.009,29.009,503,0
2017-10-19,21:10:00,29.064,29.064,29.064,29.064,101,0
2017-10-19,21:15:00,29.079,29.079,28.975,29.049,1811,0
2017-10-19,21:25:00,28.98,28.98,28.98,28.98,101,0
2017-10-19,21:30:00,28.96,28.96,28.96,28.96,101,0
2017-10-19,21:50:00,28.95,28.98,28.95,28.98,1002,0
2017-10-19,21:55:00,28.98,28.98,28.97,28.98,953,0
2017-10-19,22:00:00,28.93,28.93,28.89,28.92,5170,0
2017-10-20,15:35:00,29.318,29.318,29.318,29.318,4089,0
2017-10-20,15:50:00,28.98,28.98,28.98,28.98,1123,0
2017-10-20,16:05:00,29.328,29.328,29.328,29.328,101,0
2017-10-20,16:25:00,29.228,29.228,29.089,29.089,302,0
2017-10-20,16:30:00,29.089,29.089,29.089,29.089,101,0
2017-10-20,17:00:00,29.089,29.328,29.089,29.288,2816,0
2017-10-20,17:05:00,29.308,29.308,29.308,29.308,101,0
2017-10-20,17:35:00,29.268,29.268,29.268,29.268,302,0
2017-10-20,17:55:00,29.298,29.298,29.298,29.298,101,0
2017-10-20,18:05:00,29.305,29.305,29.305,29.305,101,0
2017-10-20,18:10:00,29.305,29.305,29.305,29.305,101,0
2017-10-20,18:15:00,29.278,29.288,29.268,29.288,503,0
2017-10-20,18:45:00,29.328,29.328,29.328,29.328,132,0
2017-10-20,19:10:00,29.258,29.258,29.258,29.258,101,0
2017-10-20,20:35:00,29.328,29.328,29.328,29.328,201,0
2017-10-20,21:15:00,29.328,29.328,29.328,29.328,101,0
2017-10-20,21:20:00,29.328,29.328,29.328,29.328,101,0
2017-10-20,21:35:00,29.308,29.308,29.149,29.308,3018,0
2017-10-20,21:40:00,29.328,29.328,29.308,29.323,302,0
2017-10-20,21:45:00,29.328,29.328,29.328,29.328,101,0
2017-10-20,21:55:00,29.328,29.328,29.328,29.328,402,0
2017-10-20,22:00:00,29.328,29.328,29.218,29.258,2111,0
2017-10-23,15:35:00,29.268,29.268,28.811,28.811,330,0
2017-10-23,16:00:00,29.188,29.188,29.188,29.188,101,0
2017-10-23,16:20:00,29.268,29.268,29.268,29.268,101,0
2017-10-23,16:25:00,29.218,29.218,29.159,29.159,295,0
2017-10-23,17:55:00,29.045,29.045,29.045,29.045,101,0
2017-10-23,21:05:00,28.94,28.94,28.94,28.94,101,0
2017-10-23,21:40:00,29.278,29.278,29.278,29.278,101,0
2017-10-23,21:50:00,28.865,28.865,28.865,28.865,101,0
2017-10-23,22:00:00,29.069,29.069,28.85,28.85,3047,0
2017-10-24,15:35:00,29.029,29.029,29.029,29.029,311,0
2017-10-24,16:00:00,29.019,29.029,29.019,29.029,805,0
2017-10-24,16:05:00,29.039,29.039,29.029,29.029,302,0
2017-10-24,16:15:00,29.278,29.278,29.278,29.278,101,0
2017-10-24,16:35:00,29.228,29.228,29.208,29.218,402,0
2017-10-24,17:25:00,29.188,29.188,29.188,29.188,101,0
2017-10-24,17:30:00,29.169,29.169,29.169,29.169,482,0
2017-10-24,17:55:00,29.169,29.169,29.169,29.169,101,0
2017-10-24,18:25:00,29.188,29.188,29.188,29.188,101,0
2017-10-24,19:10:00,29.278,29.283,29.278,29.283,302,0
2017-10-24,19:15:00,29.328,29.328,29.258,29.298,1327,0
2017-10-24,19:35:00,29.072,29.072,29.072,29.072,106,0
2017-10-24,20:15:00,29.079,29.079,29.079,29.079,201,0
2017-10-24,20:30:00,29.099,29.099,29.099,29.099,201,0
2017-10-24,20:40:00,29.099,29.109,29.099,29.109,201,0
2017-10-24,20:45:00,29.119,29.119,29.119,29.119,101,0
2017-10-24,20:55:00,29.099,29.139,29.099,29.114,604,0
2017-10-24,21:10:00,29.109,29.109,29.019,29.019,201,0
2017-10-24,21:30:00,29.029,29.029,29.009,29.009,302,0
2017-10-24,21:40:00,28.9,28.9,28.9,28.9,101,0
2017-10-24,21:50:00,28.98,28.995,28.9,28.9,402,0
2017-10-24,21:55:00,29,29,28.99,28.99,2100,0
2017-10-24,22:00:00,28.975,29.004,28.91,28.93,5251,0
2017-10-25,15:35:00,29.119,29.119,29.119,29.119,302,0
2017-10-25,16:25:00,29.049,29.049,29.049,29.049,101,0
2017-10-25,16:30:00,29.049,29.049,29.049,29.049,395,0
2017-10-25,17:15:00,28.92,28.96,28.92,28.96,402,0
2017-10-25,17:30:00,29.069,29.099,29.069,29.099,201,0
2017-10-25,17:35:00,29.079,29.129,29.079,29.129,1439,0
2017-10-25,17:40:00,29.099,29.129,29.099,29.099,1609,0
2017-10-25,17:55:00,29.089,29.089,29.089,29.089,201,0
2017-10-25,18:05:00,29.089,29.099,29.089,29.099,503,0
2017-10-25,18:10:00,29.119,29.129,29.119,29.129,1247,0
2017-10-25,18:20:00,29.099,29.124,29.099,29.124,201,0
2017-10-25,18:25:00,29.119,29.119,29.119,29.119,101,0
2017-10-25,18:30:00,29.129,29.129,29.129,29.129,302,0
2017-10-25,18:35:00,29.119,29.129,29.119,29.129,933,0
2017-10-25,19:00:00,29.526,29.526,29.457,29.457,302,0
2017-10-25,21:15:00,29.616,29.616,29.586,29.586,696,0
2017-10-25,21:20:00,29.54,29.54,29.54,29.54,302,0
2017-10-25,22:00:00,29.715,29.715,29.676,29.676,1803,0
2017-10-26,15:35:00,29.815,29.825,29.815,29.825,1168,0
2017-10-26,15:40:00,29.994,30.033,29.994,30.033,905,0
2017-10-26,15:45:00,30.421,30.421,30.371,30.371,302,0
2017-10-26,15:50:00,30.282,30.282,30.212,30.212,805,0
2017-10-26,15:55:00,30.123,30.123,30.123,30.123,1494,0
2017-10-26,16:05:00,29.845,29.845,29.845,29.845,101,0
2017-10-26,16:40:00,30.024,30.024,30.024,30.024,101,0
2017-10-26,17:10:00,30.322,30.42,30.322,30.371,402,0
2017-10-26,17:15:00,30.332,30.332,30.083,30.083,1274,0
2017-10-26,17:50:00,30.222,30.222,30.222,30.222,201,0
2017-10-26,17:55:00,30.212,30.212,30.202,30.202,201,0
2017-10-26,18:00:00,30.103,30.103,30.103,30.103,101,0
2017-10-26,18:05:00,30.173,30.173,30.088,30.088,201,0
2017-10-26,18:40:00,30.004,30.004,30.004,30.004,101,0
2017-10-26,18:50:00,29.974,29.974,29.974,29.974,101,0
2017-10-26,19:20:00,29.944,29.944,29.536,29.536,1710,0
2017-10-26,19:55:00,29.854,29.854,29.854,29.854,101,0
2017-10-26,20:25:00,30.123,30.163,30.123,30.123,704,0
2017-10-26,20:35:00,30.173,30.173,30.173,30.173,101,0
2017-10-26,20:55:00,30.083,30.122,30.083,30.122,302,0
2017-10-26,21:00:00,30.143,30.143,30.143,30.143,101,0
2017-10-26,21:10:00,30.024,30.073,30.024,30.073,201,0
2017-10-26,21:15:00,30.073,30.073,30.073,30.073,149,0
2017-10-26,21:25:00,30.073,30.073,30.014,30.073,1550,0
2017-10-26,21:30:00,30.083,30.143,30.083,30.093,302,0
2017-10-26,21:35:00,30.153,30.362,30.153,30.362,604,0
2017-10-26,21:40:00,30.362,30.371,30.362,30.371,201,0
2017-10-26,21:45:00,30.362,30.362,30.362,30.362,101,0
2017-10-26,21:50:00,30.391,30.391,30.391,30.391,101,0
2017-10-26,21:55:00,30.381,30.6,30.282,30.6,2315,0
2017-10-26,22:00:00,30.61,30.63,30.292,30.352,9229,0
2017-10-27,15:35:00,29.384,29.384,29.384,29.384,101,0
2017-10-27,15:40:00,30.073,30.073,30.073,30.073,101,0
2017-10-27,15:45:00,30.073,30.212,30.073,30.212,624,0
2017-10-27,16:30:00,30.004,30.004,29.984,29.984,201,0
2017-10-27,16:45:00,30.197,30.197,30.197,30.197,101,0
2017-10-27,16:55:00,30.501,30.501,30.501,30.501,101,0
2017-10-27,17:20:00,30.55,30.55,30.55,30.55,101,0
2017-10-27,18:10:00,30.779,30.819,30.63,30.63,1006,0
2017-10-27,18:15:00,30.819,30.819,30.819,30.819,215,0
2017-10-27,18:25:00,30.923,30.923,30.923,30.923,201,0
2017-10-27,18:50:00,30.854,30.854,30.854,30.854,101,0
2017-10-27,19:40:00,31.047,31.067,30.874,30.913,913,0
2017-10-27,19:45:00,30.799,30.819,30.769,30.769,604,0
2017-10-27,19:50:00,30.839,30.839,30.774,30.774,507,0
2017-10-27,20:05:00,30.988,31.008,30.988,31.008,302,0
2017-10-27,20:15:00,31.028,31.038,31.028,31.038,302,0
2017-10-27,20:25:00,31.018,31.018,30.923,30.923,402,0
2017-10-27,20:40:00,30.869,30.869,30.799,30.809,2125,0
2017-10-27,20:55:00,30.759,30.799,30.635,30.759,2012,0
2017-10-27,21:05:00,30.709,30.709,30.531,30.531,704,0
2017-10-27,21:10:00,30.531,30.531,30.531,30.531,302,0
2017-10-27,21:15:00,30.57,30.57,30.511,30.511,1035,0
2017-10-27,21:25:00,30.55,30.64,30.55,30.64,302,0
2017-10-27,21:30:00,30.65,30.7,30.615,30.67,900,0
2017-10-27,22:00:00,30.56,30.705,30.56,30.65,4928,0
2017-10-30,15:10:00,30.173,30.173,30.173,30.173,503,0
2017-10-30,15:15:00,30.322,30.332,30.322,30.322,425,0
2017-10-30,15:35:00,30.158,30.158,30.158,30.158,101,0
2017-10-30,15:45:00,30.004,30.254,29.974,30.254,805,0
2017-10-30,16:05:00,30.103,30.103,30.103,30.103,101,0
2017-10-30,16:30:00,29.954,29.954,29.874,29.874,805,0
2017-10-30,16:35:00,29.785,29.785,29.602,29.602,1509,0
2017-10-30,16:40:00,29.79,29.79,29.79,29.79,101,0
2017-10-30,16:45:00,29.924,29.924,29.924,29.924,101,0
2017-10-30,17:25:00,29.805,29.805,29.805,29.805,101,0
2017-10-30,17:40:00,29.735,29.805,29.725,29.805,1207,0
2017-10-30,17:45:00,29.725,29.725,29.526,29.526,488,0
2017-10-30,18:10:00,29.546,29.546,29.536,29.536,302,0
2017-10-30,18:15:00,29.536,29.536,29.477,29.477,815,0
2017-10-30,18:20:00,29.477,29.477,29.477,29.477,231,0
2017-10-30,18:25:00,29.437,29.437,29.437,29.437,101,0
2017-10-30,18:35:00,29.477,29.477,29.338,29.338,869,0
2017-10-30,18:40:00,29.347,29.367,29.347,29.367,1106,0
2017-10-30,18:45:00,29.357,29.357,29.357,29.357,101,0
2017-10-30,19:10:00,29.581,29.581,29.581,29.581,101,0
2017-10-30,19:15:00,29.427,29.581,29.427,29.581,201,0
2017-10-30,19:45:00,29.437,29.477,29.437,29.477,201,0
2017-10-30,19:55:00,29.417,29.417,29.328,29.328,1308,0
2017-10-30,20:20:00,28.93,28.93,28.93,28.93,101,0
2017-10-30,20:30:00,29.149,29.357,29.149,29.357,201,0
2017-10-30,20:40:00,28.95,28.95,28.95,28.95,136,0
2017-10-30,20:55:00,29.248,29.248,29.238,29.238,302,0
2017-10-30,21:00:00,29.139,29.347,29.139,29.248,6785,0
2017-10-31,14:35:00,29.367,29.367,28.859,28.859,434,0
2017-10-31,14:50:00,29.308,29.357,29.188,29.188,503,0
2017-10-31,15:25:00,29.397,29.397,29.059,29.059,704,0
2017-10-31,15:30:00,29.427,29.566,29.318,29.566,2112,0
2017-10-31,15:35:00,29.626,29.626,29.407,29.452,2963,0
2017-10-31,15:40:00,29.457,29.514,29.457,29.514,239,0
2017-10-31,15:50:00,29.516,29.516,29.516,29.516,201,0
2017-10-31,15:55:00,29.626,29.626,29.576,29.626,1006,0
2017-10-31,16:00:00,29.606,29.626,29.536,29.606,2012,0
2017-10-31,16:05:00,29.636,29.636,29.636,29.636,302,0
2017-10-31,16:10:00,29.646,29.725,29.646,29.725,930,0
2017-10-31,16:15:00,29.725,29.725,29.725,29.725,101,0
2017-10-31,16:20:00,29.775,29.835,29.775,29.835,805,0
2017-10-31,16:45:00,30.014,30.014,30.014,30.014,101,0
2017-10-31,16:50:00,29.785,29.785,29.785,29.785,101,0
2017-10-31,16:55:00,29.934,29.934,29.864,29.864,296,0
2017-10-31,17:00:00,29.651,29.651,29.487,29.487,201,0
2017-10-31,17:20:00,29.725,29.725,29.725,29.725,101,0
2017-10-31,17:25:00,29.725,29.725,29.676,29.676,402,0
2017-10-31,17:40:00,29.705,29.705,29.507,29.507,1044,0
2017-10-31,18:15:00,29.516,29.516,29.487,29.487,201,0
2017-10-31,18:20:00,29.591,29.591,29.591,29.591,101,0
2017-10-31,18:55:00,29.626,29.631,29.586,29.586,402,0
2017-10-31,19:05:00,29.984,29.984,29.984,29.984,101,0
2017-10-31,19:35:00,29.666,29.666,29.666,29.666,101,0
2017-10-31,19:55:00,29.984,30.024,29.984,30.024,402,0
2017-10-31,20:00:00,30.093,30.093,30.083,30.083,503,0
2017-10-31,20:30:00,30.173,30.173,30.173,30.173,201,0
2017-10-31,20:40:00,30.113,30.113,29.964,29.964,302,0
2017-10-31,20:45:00,29.954,29.954,29.954,29.954,101,0
2017-10-31,20:50:00,29.934,29.964,29.795,29.825,1408,0
2017-10-31,20:55:00,29.874,29.929,29.795,29.805,805,0
2017-10-31,21:00:00,29.715,29.785,29.636,29.695,11878,0
2017-11-01,14:35:00,30.073,30.073,30.073,30.073,282,0
2017-11-01,14:40:00,30.6,31.028,29.869,30.819,16158,0
2017-11-01,14:45:00,31.008,31.207,30.948,31.167,3118,0
2017-11-01,14:50:00,31.197,32.047,31.197,32.032,6105,0
2017-11-01,14:55:00,31.763,31.992,31.564,31.952,1006,0
2017-11-01,15:00:00,31.999,32.002,31.999,32.002,929,0
2017-11-01,15:10:00,31.813,31.912,31.743,31.813,7970,0
2017-11-01,15:15:00,31.805,31.805,31.694,31.694,1509,0
2017-11-01,15:25:00,31.674,31.773,31.674,31.773,201,0
2017-11-01,15:30:00,31.733,31.733,31.733,31.733,201,0
2017-11-01,15:35:00,31.614,31.614,31.545,31.594,604,0
2017-11-01,15:40:00,31.564,31.594,31.564,31.594,302,0
2017-11-01,15:45:00,31.594,31.614,31.594,31.614,2088,0
2017-11-01,15:50:00,31.624,31.654,31.594,31.654,503,0
2017-11-01,16:00:00,31.614,31.773,31.614,31.773,1106,0
2017-11-01,16:05:00,31.714,31.773,31.588,31.644,3404,0
2017-11-01,16:15:00,31.624,31.624,31.574,31.574,302,0
2017-11-01,16:20:00,31.724,31.724,31.724,31.724,101,0
2017-11-01,16:25:00,31.644,31.644,31.545,31.574,1609,0
2017-11-01,16:35:00,31.614,31.614,31.604,31.604,201,0
2017-11-01,16:40:00,31.455,31.614,31.455,31.614,201,0
2017-11-01,16:45:00,31.604,31.614,31.604,31.614,201,0
2017-11-01,16:50:00,31.644,31.644,31.644,31.644,101,0
2017-11-01,16:55:00,31.654,31.654,31.405,31.624,1811,0
2017-11-01,17:05:00,31.614,31.654,31.614,31.654,201,0
2017-11-01,17:10:00,31.614,31.654,31.614,31.654,302,0
2017-11-01,17:15:00,31.545,31.654,31.515,31.515,1509,0
2017-11-01,17:20:00,31.515,31.525,31.515,31.525,201,0
2017-11-01,17:30:00,31.515,31.574,31.515,31.515,302,0
2017-11-01,17:35:00,31.515,31.515,31.515,31.515,101,0
2017-11-01,17:40:00,31.515,31.515,31.371,31.465,704,0
2017-11-01,17:45:00,31.465,31.465,31.405,31.405,704,0
2017-11-01,17:50:00,31.356,31.356,31.356,31.356,101,0
2017-11-01,18:00:00,31.291,31.385,31.291,31.376,474,0
2017-11-01,18:10:00,31.236,31.236,31.236,31.236,201,0
2017-11-01,18:15:00,31.117,31.117,31.117,31.117,1213,0
2017-11-01,18:20:00,31.107,31.117,31.077,31.077,604,0
2017-11-01,18:25:00,31.117,31.117,31.117,31.117,2126,0
2017-11-01,18:30:00,31.117,31.117,30.988,31.018,1609,0
2017-11-01,18:35:00,31.057,31.107,30.998,30.998,302,0
2017-11-01,18:40:00,31.008,31.057,30.958,30.958,1308,0
2017-11-01,18:45:00,30.998,30.998,30.998,30.998,101,0
2017-11-01,18:50:00,30.998,30.998,30.998,30.998,201,0
2017-11-01,18:55:00,30.998,30.998,30.998,30.998,201,0
2017-11-01,19:00:00,30.998,30.998,30.869,30.874,1911,0
2017-11-01,19:10:00,30.955,30.955,30.839,30.839,402,0
2017-11-01,19:15:00,30.829,30.829,30.829,30.829,1106,0
2017-11-01,19:25:00,30.998,30.998,30.968,30.973,1033,0
2017-11-01,19:35:00,31.157,31.157,31.157,31.157,503,0
2017-11-01,19:40:00,31.157,31.157,31.087,31.087,805,0
2017-11-01,19:50:00,31.097,31.167,31.018,31.018,905,0
2017-11-01,19:55:00,31.077,31.167,31.077,31.097,302,0
2017-11-01,20:00:00,31.167,31.216,31.167,31.216,503,0
2017-11-01,20:05:00,31.097,31.097,31.067,31.067,201,0
2017-11-01,20:15:00,31.047,31.216,31.047,31.052,805,0
2017-11-01,20:20:00,31.052,31.197,30.769,30.849,4159,0
2017-11-01,20:25:00,30.859,30.859,30.859,30.859,201,0
2017-11-01,20:30:00,30.839,30.958,30.839,30.839,302,0
2017-11-01,20:35:00,30.968,30.968,30.729,30.839,3219,0
2017-11-01,20:40:00,30.898,30.928,30.819,30.898,1609,0
2017-11-01,20:45:00,30.918,30.938,30.779,30.918,2320,0
2017-11-01,20:50:00,30.789,30.918,30.749,30.749,905,0
2017-11-01,20:55:00,30.789,30.898,30.759,30.898,302,0
2017-11-01,21:00:00,30.779,30.779,30.56,30.62,8347,0
2017-11-02,14:35:00,30.75,30.75,30.75,30.75,346,0
2017-11-02,15:50:00,30.39,30.5,30.135,30.3,2363,0
2017-11-02,15:55:00,30.19,30.3,30.17,30.3,1244,0
2017-11-02,16:00:00,30.37,30.37,30.37,30.37,300,0
2017-11-02,16:10:00,30.3,30.36,30.085,30.36,1215,0
2017-11-02,16:25:00,30.05,30.05,30.05,30.05,200,0
2017-11-02,16:45:00,30.13,30.32,30.11,30.32,400,0
2017-11-02,16:50:00,30.19,30.21,30.17,30.17,400,0
2017-11-02,17:10:00,30.3,30.3,30.09,30.3,700,0
2017-11-02,17:15:00,29.96,30.05,29.96,30.04,3642,0
2017-11-02,17:20:00,30.01,30.2,29.94,30.2,3099,0
2017-11-02,17:45:00,30.1,30.1,30.1,30.1,900,0
2017-11-02,17:50:00,30.1,30.1,30.1,30.1,600,0
2017-11-02,17:55:00,30.1,30.1,30.05,30.06,500,0
2017-11-02,18:10:00,30.06,30.06,30.03,30.03,647,0
2017-11-02,18:15:00,29.945,29.99,29.945,29.99,1032,0
2017-11-02,18:25:00,29.94,29.94,29.94,29.94,100,0
2017-11-02,18:40:00,29.96,29.96,29.96,29.96,100,0
2017-11-02,19:20:00,29.96,29.96,29.96,29.96,100,0
2017-11-02,19:30:00,30.2,30.2,30.2,30.2,400,0
2017-11-02,19:35:00,30.2,30.2,30.2,30.2,400,0
2017-11-02,19:40:00,30.2,30.2,30.2,30.2,1015,0
2017-11-02,20:00:00,29.9398,29.9398,29.9398,29.9398,600,0
2017-11-02,20:10:00,30.05,30.05,30.03,30.03,408,0
2017-11-02,20:35:00,29.895,30,29.895,30,1000,0
2017-11-02,20:40:00,30,30,29.96,29.96,1000,0
2017-11-02,20:45:00,30,30.01,30,30.01,511,0
2017-11-02,20:50:00,30,30.01,30,30.01,1500,0
2017-11-02,20:55:00,29.91,29.91,29.87,29.87,1300,0
2017-11-02,21:00:00,29.75,29.83,29.72,29.82,2873,0
2017-11-03,14:35:00,29.81,29.81,29.81,29.81,100,0
2017-11-03,15:15:00,29.64,29.71,29.64,29.7,1000,0
2017-11-03,15:20:00,29.66,29.74,29.3973,29.74,908,0
2017-11-03,16:10:00,29.45,29.45,29.45,29.45,100,0
2017-11-03,16:15:00,29.435,29.48,29.3,29.3,1960,0
2017-11-03,16:20:00,29.36,29.36,29.3,29.3,772,0
2017-11-03,16:25:00,29.3,29.5,29.3,29.5,700,0
2017-11-03,16:40:00,29.35,29.35,29.35,29.35,200,0
2017-11-03,16:45:00,29.22,29.22,29.22,29.22,100,0
2017-11-03,17:00:00,29.18,29.18,29.18,29.18,100,0
2017-11-03,17:15:00,29.22,29.22,29.22,29.22,200,0
2017-11-03,17:20:00,29.21,29.21,29.21,29.21,100,0
2017-11-03,17:30:00,29.2,29.2,29.12,29.12,300,0
2017-11-03,17:45:00,29.22,29.37,29.17,29.37,1818,0
2017-11-03,18:05:00,29.48,29.48,29.48,29.48,100,0
2017-11-03,19:10:00,29.3327,29.3327,29.3327,29.3327,180,0
2017-11-03,19:25:00,29.305,29.305,29.305,29.305,100,0
2017-11-03,19:35:00,29.31,29.31,29.31,29.31,100,0
2017-11-03,20:15:00,29.395,29.395,29.39,29.39,500,0
2017-11-03,20:20:00,29.32,29.32,29.31,29.31,200,0
2017-11-03,20:30:00,29.28,29.28,29.28,29.28,200,0
2017-11-03,20:40:00,29.36,29.43,29.36,29.43,300,0
2017-11-03,20:55:00,29.39,29.39,29.21,29.21,1100,0
2017-11-03,21:00:00,29.26,29.26,29.18,29.19,3574,0
2017-11-06,15:35:00,29.21,29.21,29.21,29.21,200,0
2017-11-06,16:25:00,29.26,29.34,29.26,29.3,375,0
2017-11-06,16:40:00,29.33,29.33,29.3,29.3,300,0
2017-11-06,16:45:00,29.3,29.31,29.12,29.14,1700,0
2017-11-06,17:05:00,29.105,29.105,29.105,29.105,100,0
2017-11-06,17:10:00,29.13,29.13,29.13,29.13,100,0
2017-11-06,17:15:00,29.17,29.17,29.165,29.165,400,0
2017-11-06,17:20:00,29.155,29.155,29.155,29.155,100,0
2017-11-06,17:25:00,29.2,29.2,29.125,29.125,200,0
2017-11-06,18:00:00,29.14,29.14,29.14,29.14,100,0
2017-11-06,18:25:00,29.1,29.1,29.1,29.1,100,0
2017-11-06,18:45:00,29.12,29.29,29.12,29.16,1900,0
2017-11-06,18:50:00,29.165,29.165,29.165,29.165,100,0
2017-11-06,19:00:00,29.26,29.26,29.26,29.26,100,0
2017-11-06,19:10:00,29.155,29.155,29.155,29.155,100,0
2017-11-06,19:35:00,29.18,29.18,29.18,29.18,100,0
2017-11-06,20:05:00,29.18,29.18,29.18,29.18,100,0
2017-11-06,20:40:00,29.17,29.17,29.17,29.17,100,0
2017-11-06,21:00:00,29.18,29.18,29.16,29.179,300,0
2017-11-06,21:05:00,29.185,29.185,29.185,29.185,100,0
2017-11-06,21:10:00,29.15,29.15,29.15,29.15,100,0
2017-11-06,21:15:00,29.15,29.15,29.15,29.15,100,0
2017-11-06,21:20:00,29.15,29.18,29.15,29.18,300,0
2017-11-06,21:35:00,29.16,29.16,29.16,29.16,100,0
2017-11-06,21:40:00,29.2,29.2,29.2,29.2,100,0
2017-11-06,21:45:00,29.2,29.2,29.2,29.2,100,0
2017-11-06,21:50:00,29.17,29.17,29.17,29.17,200,0
2017-11-06,21:55:00,29.16,29.215,29.05,29.05,1700,0
2017-11-06,22:00:00,29.09,29.13,29,29.08,2200,0
2017-11-07,15:35:00,29.11,29.11,29.11,29.11,124,0
2017-11-07,16:25:00,28.79,28.8,28.41,28.44,1822,0
2017-11-07,16:45:00,28.56,28.56,28.56,28.56,100,0
2017-11-07,18:25:00,28.05,28.05,28.05,28.05,100,0
2017-11-07,18:35:00,28.05,28.05,27.91,27.91,200,0
2017-11-07,19:05:00,28.03,28.03,28.03,28.03,100,0
2017-11-07,19:20:00,28.02,28.02,28.02,28.02,500,0
2017-11-07,19:45:00,28.2,28.2,28.2,28.2,300,0
2017-11-07,20:05:00,27.8767,27.94,27.8767,27.935,2476,0
2017-11-07,20:10:00,28.05,28.2,28.05,28.2,700,0
2017-11-07,20:25:00,28.2,28.2,28.055,28.06,993,0
2017-11-07,20:30:00,28.2,28.2,28.2,28.2,400,0
2017-11-07,20:45:00,28.065,28.065,28.065,28.065,100,0
2017-11-07,20:50:00,28.06,28.06,28.06,28.06,100,0
2017-11-07,20:55:00,27.98,27.98,27.98,27.98,100,0
2017-11-07,21:00:00,27.95,28.095,27.95,28.02,1600,0
2017-11-07,21:10:00,27.86,27.86,27.86,27.86,300,0
2017-11-07,21:20:00,27.75,27.75,27.75,27.75,100,0
2017-11-07,21:25:00,27.74,27.74,27.74,27.74,192,0
2017-11-07,21:30:00,27.82,27.82,27.74,27.74,2400,0
2017-11-07,21:40:00,27.74,27.74,27.74,27.74,100,0
2017-11-07,21:50:00,27.91,28.045,27.84,27.84,1200,0
2017-11-07,22:00:00,27.89,27.9,27.73,27.75,3178,0
2017-11-08,15:35:00,27.62,27.62,27.62,27.62,701,0
2017-11-08,15:45:00,27.5,27.71,27.5,27.64,300,0
2017-11-08,15:50:00,27.505,27.505,27.5,27.5,1324,0
2017-11-08,16:10:00,27.42,27.42,27.42,27.42,100,0
2017-11-08,16:25:00,27.34,27.34,27.34,27.34,500,0
2017-11-08,16:40:00,27.19,27.19,27.19,27.19,100,0
2017-11-08,16:45:00,27.11,27.11,27.11,27.11,100,0
2017-11-08,16:50:00,27.19,27.28,27.19,27.28,300,0
2017-11-08,16:55:00,27.39,27.55,27.39,27.55,400,0
2017-11-08,17:05:00,27.77,27.77,27.69,27.69,900,0
2017-11-08,18:25:00,27.4,27.43,27.4,27.43,700,0
2017-11-08,18:55:00,27.64,27.64,27.64,27.64,100,0
2017-11-08,19:05:00,27.715,27.715,27.715,27.715,100,0
2017-11-08,19:10:00,27.59,27.59,27.59,27.59,200,0
2017-11-08,19:15:00,27.56,27.56,27.55,27.55,200,0
2017-11-08,19:20:00,27.47,27.5,27.47,27.5,200,0
2017-11-08,19:25:00,27.49,27.49,27.49,27.49,100,0
2017-11-08,19:30:00,27.65,27.68,27.65,27.68,460,0
2017-11-08,19:45:00,27.49,27.49,27.49,27.49,100,0
2017-11-08,20:05:00,27.58,27.58,27.58,27.58,100,0
2017-11-08,20:15:00,27.6,27.6,27.6,27.6,300,0
2017-11-08,20:35:00,27.66,27.66,27.66,27.66,100,0
2017-11-08,20:55:00,27.68,27.89,27.68,27.79,839,0
2017-11-08,21:20:00,27.76,27.76,27.76,27.76,200,0
2017-11-08,21:25:00,27.94,27.94,27.94,27.94,100,0
2017-11-08,21:35:00,28.02,28.02,28.02,28.02,100,0
2017-11-08,21:55:00,27.96,27.96,27.96,27.96,300,0
2017-11-08,22:00:00,27.94,27.94,27.84,27.84,2219,0
2017-11-09,15:35:00,27.56,27.56,27.56,27.56,161,0
2017-11-09,15:40:00,26.97,26.97,26.97,26.97,100,0
2017-11-09,15:55:00,27.29,27.3,27.29,27.3,200,0
2017-11-09,16:05:00,27.74,27.74,27.74,27.74,100,0
2017-11-09,16:10:00,27.67,27.76,27.67,27.76,200,0
2017-11-09,16:15:00,27.76,27.78,27.76,27.77,300,0
2017-11-09,16:20:00,28.09,28.09,27.96,27.96,200,0
2017-11-09,16:35:00,28.19,28.19,28.19,28.19,100,0
2017-11-09,16:40:00,27.88,27.88,27.8,27.8,400,0
2017-11-09,16:45:00,27.68,27.68,27.55,27.55,200,0
2017-11-09,17:05:00,27.84,27.84,27.84,27.84,100,0
2017-11-09,17:20:00,27.869,27.869,27.869,27.869,100,0
2017-11-09,17:25:00,27.87,27.87,27.569,27.569,3009,0
2017-11-09,17:30:00,27.82,27.82,27.75,27.75,200,0
2017-11-09,17:35:00,27.85,27.85,27.85,27.85,100,0
2017-11-09,17:45:00,27.86,27.86,27.86,27.86,1700,0
2017-11-09,17:50:00,27.81,27.81,27.81,27.81,100,0
2017-11-09,18:05:00,27.84,27.86,27.84,27.86,200,0
2017-11-09,18:20:00,27.82,27.82,27.82,27.82,100,0
2017-11-09,18:30:00,27.8,27.8,27.8,27.8,100,0
2017-11-09,18:45:00,27.78,27.78,27.78,27.78,100,0
2017-11-09,18:55:00,27.81,27.81,27.785,27.81,400,0
2017-11-09,19:00:00,27.807,27.8092,27.807,27.8092,200,0
2017-11-09,19:15:00,27.78,27.78,27.78,27.78,100,0
2017-11-09,19:20:00,27.77,27.77,27.77,27.77,100,0
2017-11-09,19:45:00,27.647,27.6492,27.647,27.6492,200,0
2017-11-09,19:55:00,27.65,27.81,27.65,27.72,700,0
2017-11-09,20:00:00,27.9,27.9,27.9,27.9,100,0
2017-11-09,20:15:00,27.89,27.89,27.89,27.89,100,0
2017-11-09,20:30:00,27.85,27.85,27.8144,27.8144,200,0
2017-11-09,20:40:00,27.77,27.805,27.62,27.62,1440,0
2017-11-09,21:00:00,27.74,27.74,27.74,27.74,100,0
2017-11-09,21:05:00,27.55,27.55,27.435,27.54,500,0
2017-11-09,21:25:00,27.695,27.695,27.695,27.695,100,0
2017-11-09,21:35:00,27.699,27.699,27.699,27.699,100,0
2017-11-09,21:55:00,27.66,27.66,27.66,27.66,200,0
2017-11-09,22:00:00,27.7,27.75,27.67,27.74,2055,0
2017-11-10,15:35:00,27.79,27.79,27.79,27.79,103,0
2017-11-10,15:40:00,28.33,28.33,28.33,28.33,100,0
2017-11-10,15:45:00,27.7169,27.7169,27.7169,27.7169,1500,0
2017-11-10,15:55:00,27.71,27.71,27.71,27.71,100,0
2017-11-10,16:15:00,28.04,28.05,28.04,28.05,200,0
2017-11-10,16:20:00,27.93,27.93,27.93,27.93,200,0
2017-11-10,16:25:00,27.975,27.98,27.9101,27.9101,911,0
2017-11-10,16:45:00,27.96,27.96,27.96,27.96,400,0
2017-11-10,16:50:00,27.87,27.87,27.87,27.87,100,0
2017-11-10,17:05:00,27.975,27.975,27.975,27.975,100,0
2017-11-10,17:10:00,28,28,27.96,27.96,325,0
2017-11-10,17:20:00,28,28.055,28,28.055,1057,0
2017-11-10,18:10:00,28.09,28.09,28.09,28.09,100,0
2017-11-10,18:20:00,28.055,28.055,28.055,28.055,100,0
2017-11-10,19:00:00,27.99,27.99,27.99,27.99,100,0
2017-11-10,19:05:00,27.74,27.75,27.725,27.75,600,0
2017-11-10,21:05:00,27.97,27.97,27.97,27.97,100,0
2017-11-10,21:10:00,27.95,27.95,27.95,27.95,500,0
2017-11-10,21:15:00,27.89,27.89,27.89,27.89,100,0
2017-11-10,21:40:00,27.87,28,27.87,28,900,0
2017-11-10,21:50:00,27.89,28.04,27.88,27.88,343,0
2017-11-10,21:55:00,27.87,27.87,27.85,27.85,390,0
2017-11-10,22:00:00,27.56,27.79,27.56,27.78,5157,0
2017-11-13,15:35:00,28.13,28.13,28.13,28.13,100,0
2017-11-13,15:55:00,27.51,27.51,27.41,27.51,2220,0
2017-11-13,16:00:00,27.423,27.423,27.423,27.423,420,0
2017-11-13,16:10:00,27.61,27.61,27.61,27.61,100,0
2017-11-13,16:50:00,27.615,27.615,27.615,27.615,100,0
2017-11-13,17:05:00,27.495,27.495,27.49,27.49,300,0
2017-11-13,17:10:00,27.495,27.495,27.495,27.495,300,0
2017-11-13,17:40:00,27.61,27.61,27.61,27.61,100,0
2017-11-13,18:25:00,27.75,27.75,27.73,27.73,200,0
2017-11-13,19:05:00,27.72,27.72,27.72,27.72,100,0
2017-11-13,19:10:00,27.75,27.75,27.74,27.74,458,0
2017-11-13,19:25:00,27.81,27.85,27.81,27.85,300,0
2017-11-13,19:55:00,27.95,27.97,27.95,27.97,319,0
2017-11-13,20:05:00,28,28.14,28,28.05,2300,0
2017-11-13,20:10:00,28,28,27.97,27.97,200,0
2017-11-13,20:20:00,27.91,27.91,27.91,27.91,200,0
2017-11-13,20:30:00,28.0008,28.0008,28.0008,28.0008,530,0
2017-11-13,20:35:00,28.08,28.08,28.08,28.08,100,0
2017-11-13,20:50:00,28.045,28.045,28.045,28.045,1000,0
2017-11-13,20:55:00,27.99,28.01,27.99,28.01,300,0
2017-11-13,21:15:00,28.0067,28.0067,28.0067,28.0067,100,0
2017-11-13,21:20:00,28.04,28.04,28.04,28.04,100,0
2017-11-13,21:45:00,27.955,27.98,27.94,27.95,1900,0
2017-11-13,21:50:00,27.85,27.98,27.85,27.92,2200,0
2017-11-13,21:55:00,28.05,28.05,27.92,27.92,2120,0
2017-11-13,22:00:00,28.02,28.02,27.86,27.87,1500,0
2017-11-14,15:55:00,27.9,27.9,27.9,27.9,100,0
2017-11-14,16:00:00,27.89,27.89,27.89,27.89,100,0
2017-11-14,16:05:00,27.87,27.89,27.82,27.82,700,0
2017-11-14,16:10:00,28.01,28.06,28.01,28.06,200,0
2017-11-14,16:15:00,27.935,27.935,27.88,27.88,300,0
2017-11-14,17:30:00,27.88,27.955,27.88,27.955,200,0
2017-11-14,17:45:00,27.88,27.88,27.88,27.88,100,0
2017-11-14,18:05:00,27.805,27.805,27.805,27.805,100,0
2017-11-14,18:50:00,27.848,27.848,27.848,27.848,116,0
2017-11-14,19:15:00,27.95,28.03,27.95,28.03,300,0
2017-11-14,19:25:00,28.05,28.05,28.05,28.05,100,0
2017-11-14,19:45:00,27.865,27.865,27.865,27.865,100,0
2017-11-14,20:20:00,28.13,28.13,28.13,28.13,100,0
2017-11-14,20:40:00,28.1,28.1,28.1,28.1,100,0
2017-11-14,21:05:00,28.05,28.05,28.05,28.05,100,0
2017-11-14,21:15:00,28.12,28.12,28.12,28.12,300,0
2017-11-14,21:20:00,28.105,28.105,28.105,28.105,100,0
2017-11-14,21:25:00,28.22,28.22,28.22,28.22,100,0
2017-11-14,21:35:00,28.17,28.22,28.11,28.11,1900,0
2017-11-14,21:40:00,28.092,28.1,28.092,28.1,200,0
2017-11-14,21:45:00,28.18,28.18,28.18,28.18,100,0
2017-11-14,21:55:00,28.2,28.27,28.16,28.22,700,0
2017-11-14,22:00:00,28.22,28.22,28.06,28.12,5994,0
2017-11-15,15:35:00,27.86,27.86,27.86,27.86,327,0
2017-11-15,16:20:00,28.24,28.24,28.23,28.23,400,0
2017-11-15,16:35:00,28.175,28.175,28.16,28.16,200,0
2017-11-15,17:05:00,28.12,28.21,28.08,28.08,900,0
2017-11-15,17:10:00,28.12,28.25,28.12,28.14,800,0
2017-11-15,17:25:00,28.34,28.34,28.205,28.205,200,0
2017-11-15,17:55:00,28.34,28.34,28.25,28.25,200,0
2017-11-15,18:05:00,28.41,28.41,28.41,28.41,100,0
2017-11-15,18:15:00,28.4,28.4,28.4,28.4,100,0
2017-11-15,18:25:00,28.36,28.41,28.36,28.41,200,0
2017-11-15,18:35:00,28.43,28.43,28.43,28.43,100,0
2017-11-15,18:40:00,28.41,28.63,28.41,28.58,400,0
2017-11-15,19:05:00,28.6,28.6,28.6,28.6,100,0
2017-11-15,19:10:00,28.63,28.63,28.63,28.63,100,0
2017-11-15,19:25:00,28.63,28.63,28.485,28.485,200,0
2017-11-15,19:35:00,28.61,28.61,28.61,28.61,100,0
2017-11-15,19:55:00,28.465,28.51,28.41,28.41,700,0
2017-11-15,20:00:00,28.37,28.37,28.33,28.33,200,0
2017-11-15,20:20:00,28.375,28.375,28.375,28.375,100,0
2017-11-15,20:25:00,28.42,28.42,28.42,28.42,100,0
2017-11-15,20:30:00,28.36,28.42,28.36,28.42,200,0
2017-11-15,20:45:00,28.58,28.58,28.58,28.58,100,0
2017-11-15,20:55:00,28.56,28.57,28.51,28.51,700,0
2017-11-15,21:00:00,28.51,28.57,28.45,28.56,1300,0
2017-11-15,21:05:00,28.55,28.55,28.46,28.46,300,0
2017-11-15,21:10:00,28.56,28.56,28.56,28.56,100,0
2017-11-15,21:15:00,28.55,28.55,28.55,28.55,100,0
2017-11-15,21:25:00,28.52,28.52,28.52,28.52,200,0
2017-11-15,21:30:00,28.52,28.52,28.46,28.46,500,0
2017-11-15,21:35:00,28.45,28.45,28.45,28.45,200,0
2017-11-15,21:40:00,28.48,28.5,28.48,28.5,500,0
2017-11-15,21:45:00,28.5,28.51,28.42,28.42,700,0
2017-11-15,21:55:00,28.42,28.42,28.42,28.42,200,0
2017-11-15,22:00:00,28.36,28.39,28.33,28.39,6620,0
2017-11-16,15:35:00,28.4,28.4,28.04,28.04,1300,0
2017-11-16,15:40:00,28.34,28.34,28.34,28.34,100,0
2017-11-16,15:50:00,28.37,28.37,28.37,28.37,100,0
2017-11-16,15:55:00,28.33,28.43,28.33,28.43,600,0
2017-11-16,16:10:00,28.55,28.64,28.22,28.22,700,0
2017-11-16,16:20:00,28.26,28.26,28.26,28.26,100,0
2017-11-16,16:25:00,28.34,28.495,28.34,28.495,200,0
2017-11-16,16:35:00,28.42,28.53,28.42,28.42,400,0
2017-11-16,16:45:00,28.64,28.64,28.52,28.57,1100,0
2017-11-16,16:55:00,28.73,28.73,28.5,28.5,600,0
2017-11-16,17:05:00,28.5,28.65,28.5,28.52,500,0
2017-11-16,17:10:00,28.625,28.7,28.56,28.7,600,0
2017-11-16,17:25:00,28.56,28.56,28.56,28.56,100,0
2017-11-16,17:30:00,28.66,28.74,28.66,28.74,200,0
2017-11-16,17:35:00,28.65,28.65,28.6,28.6,200,0
2017-11-16,17:45:00,28.71,28.71,28.71,28.71,200,0
2017-11-16,17:50:00,28.73,28.73,28.73,28.73,200,0
2017-11-16,17:55:00,28.75,28.75,28.75,28.75,200,0
2017-11-16,18:10:00,28.94,28.94,28.94,28.94,100,0
2017-11-16,18:30:00,28.71,28.91,28.71,28.91,300,0
2017-11-16,18:40:00,28.91,28.91,28.815,28.815,2000,0
2017-11-16,18:45:00,28.74,28.74,28.74,28.74,100,0
2017-11-16,18:50:00,28.76,28.76,28.685,28.76,300,0
2017-11-16,18:55:00,28.725,28.89,28.7,28.7,700,0
2017-11-16,19:00:00,28.87,28.87,28.87,28.87,100,0
2017-11-16,19:05:00,28.89,29.16,28.89,28.95,500,0
2017-11-16,19:15:00,28.8,28.8,28.8,28.8,100,0
2017-11-16,19:25:00,28.96,28.99,28.89,28.96,500,0
2017-11-16,19:30:00,28.9425,28.9425,28.82,28.82,209,0
2017-11-16,19:35:00,28.92,28.93,28.88,28.88,300,0
2017-11-16,19:45:00,28.85,28.93,28.6,28.69,1773,0
2017-11-16,19:50:00,28.77,28.79,28.55,28.55,2200,0
2017-11-16,19:55:00,28.54,28.57,28.54,28.55,2200,0
2017-11-16,20:00:00,28.55,28.55,28.545,28.55,400,0
2017-11-16,20:20:00,28.32,28.32,28.32,28.32,100,0
2017-11-16,20:30:00,28.36,28.36,28.36,28.36,100,0
2017-11-16,20:35:00,28.415,28.45,28.41,28.44,1744,0
2017-11-16,20:40:00,28.435,28.435,28.36,28.36,500,0
2017-11-16,20:45:00,28.34,28.34,28.34,28.34,100,0
2017-11-16,20:50:00,28.405,28.405,28.405,28.405,100,0
2017-11-16,21:00:00,28.22,28.22,28.22,28.22,100,0
2017-11-16,21:10:00,28.14,28.14,28.14,28.14,100,0
2017-11-16,21:20:00,28.38,28.38,28.38,28.38,100,0
2017-11-16,21:25:00,28.15,28.15,28.15,28.15,100,0
2017-11-16,21:35:00,28.38,28.38,28.38,28.38,100,0
2017-11-16,21:40:00,28.19,28.19,28.19,28.19,100,0
2017-11-16,21:45:00,28.21,28.36,28.21,28.36,300,0
2017-11-16,21:50:00,28.23,28.27,28.23,28.27,200,0
2017-11-16,21:55:00,28.33,28.34,28.21,28.21,1408,0
2017-11-16,22:00:00,28.32,28.38,28.3,28.33,4257,0
2017-11-17,15:35:00,28.1,28.36,28.1,28.15,2544,0
2017-11-17,16:10:00,28.34,28.36,28.105,28.36,4300,0
2017-11-17,16:15:00,28.4,28.4,28.4,28.4,100,0
2017-11-17,16:25:00,28.31,28.31,28.29,28.29,400,0
2017-11-17,16:35:00,28.15,28.15,28.15,28.15,400,0
2017-11-17,16:45:00,28.315,28.315,28.17,28.17,200,0
2017-11-17,16:55:00,28.32,28.32,28.32,28.32,100,0
2017-11-17,17:15:00,28.32,28.32,28.32,28.32,100,0
2017-11-17,17:20:00,28.225,28.225,27.88,28.21,5600,0
2017-11-17,17:25:00,28.27,28.27,28.14,28.25,600,0
2017-11-17,17:50:00,28.25,28.25,28.19,28.2,3190,0
2017-11-17,17:55:00,28.225,28.225,28.02,28.04,1232,0
2017-11-17,18:00:00,28.13,28.15,28.13,28.14,400,0
2017-11-17,18:10:00,28.13,28.13,28.13,28.13,100,0
2017-11-17,18:15:00,28.29,28.29,28.12,28.12,200,0
2017-11-17,18:20:00,28.26,28.26,28.26,28.26,100,0
2017-11-17,18:25:00,28.165,28.245,28.165,28.245,200,0
2017-11-17,18:30:00,28.27,28.27,28.165,28.2,599,0
2017-11-17,18:55:00,28.2,28.2,28.2,28.2,100,0
2017-11-17,19:15:00,28.2,28.2,28.2,28.2,200,0
2017-11-17,19:25:00,28.21,28.21,28.09,28.09,200,0
2017-11-17,19:30:00,28.265,28.265,28.265,28.265,100,0
2017-11-17,19:45:00,28.215,28.215,28.215,28.215,100,0
2017-11-17,19:55:00,28.35,28.35,28.2,28.205,300,0
2017-11-17,20:05:00,28.2,28.2,28.2,28.2,100,0
2017-11-17,20:10:00,28.28,28.28,28.19,28.22,1800,0
2017-11-17,20:20:00,28.31,28.31,28.29,28.29,300,0
2017-11-17,20:40:00,28.335,28.335,28.335,28.335,100,0
2017-11-17,20:45:00,28.23,28.23,28.1,28.1,500,0
2017-11-17,21:05:00,28.34,28.34,28.06,28.18,700,0
2017-11-17,21:15:00,28.26,28.27,28.26,28.27,500,0
2017-11-17,21:25:00,28.22,28.22,28.22,28.22,495,0
2017-11-17,21:30:00,28.22,28.35,28.22,28.35,4505,0
2017-11-17,21:35:00,28.335,28.335,28.335,28.335,522,0
2017-11-17,21:40:00,28.315,28.33,28.25,28.28,1694,0
2017-11-17,21:45:00,28.3,28.3,28.3,28.3,300,0
2017-11-17,21:50:00,28.22,28.24,28.22,28.22,6665,0
2017-11-17,21:55:00,28.22,28.22,28.22,28.22,2836,0
2017-11-17,22:00:00,28.22,28.28,28.18,28.22,5597,0
2017-11-20,15:35:00,28.22,28.22,28.22,28.22,676,0
2017-11-20,15:40:00,28.25,28.25,28.25,28.25,200,0
2017-11-20,15:45:00,28.25,28.25,28.25,28.25,500,0
2017-11-20,16:05:00,28.3421,28.3421,28.3421,28.3421,160,0
2017-11-20,16:15:00,28.4241,28.4241,28.4241,28.4241,151,0
2017-11-20,16:20:00,28.3,28.3,28.3,28.3,100,0
2017-11-20,16:35:00,28.28,28.28,28.28,28.28,100,0
2017-11-20,16:55:00,28.42,28.48,28.42,28.42,1556,0
2017-11-20,17:15:00,28.52,28.595,28.31,28.31,800,0
2017-11-20,17:25:00,28.445,28.53,28.445,28.53,300,0
2017-11-20,17:30:00,28.38,28.38,28.38,28.38,100,0
2017-11-20,18:05:00,28.43,28.43,28.41,28.41,300,0
2017-11-20,18:40:00,28.45,28.45,28.45,28.45,100,0
2017-11-20,18:45:00,28.45,28.48,28.45,28.48,700,0
2017-11-20,19:30:00,28.52,28.565,28.5,28.54,800,0
2017-11-20,19:40:00,28.7,28.7,28.46,28.46,494,0
2017-11-20,19:45:00,28.57,28.57,28.57,28.57,100,0
2017-11-20,20:00:00,28.565,28.565,28.565,28.565,100,0
2017-11-20,20:05:00,28.53,28.53,28.53,28.53,100,0
2017-11-20,20:10:00,28.55,28.55,28.51,28.51,300,0
2017-11-20,20:20:00,28.505,28.57,28.505,28.505,300,0
2017-11-20,20:40:00,28.6,28.6,28.52,28.6,400,0
2017-11-20,20:45:00,28.59,28.59,28.55,28.55,200,0
2017-11-20,21:00:00,28.6,28.6,28.6,28.6,100,0
2017-11-20,21:05:00,28.6,28.6,28.5,28.6,800,0
2017-11-20,21:20:00,28.65,28.65,28.56,28.56,200,0
2017-11-20,21:25:00,28.64,28.7,28.63,28.7,1114,0
2017-11-20,21:35:00,28.74,28.91,28.74,28.855,1177,0
2017-11-20,21:40:00,28.8,28.84,28.79,28.84,300,0
2017-11-20,21:45:00,28.76,28.76,28.75,28.75,300,0
2017-11-20,21:50:00,28.6751,28.6751,28.6751,28.6751,200,0
2017-11-20,21:55:00,28.775,28.91,28.775,28.91,500,0
2017-11-20,22:00:00,28.98,29.02,28.85,29.02,5483,0
2017-11-21,15:35:00,29.1,29.1,29.1,29.1,452,0
2017-11-21,15:40:00,29.2384,29.2384,29.2384,29.2384,150,0
2017-11-21,16:10:00,29.1,29.35,29.05,29.35,3201,0
2017-11-21,16:15:00,29.45,29.45,29.45,29.45,100,0
2017-11-21,16:20:00,29.47,29.5,29.47,29.49,600,0
2017-11-21,16:25:00,29.47,29.47,29.31,29.31,1500,0
2017-11-21,16:30:00,29.215,29.27,29.19,29.27,600,0
2017-11-21,16:35:00,29.35,29.35,29.285,29.345,700,0
2017-11-21,16:40:00,29.44,29.45,29.375,29.45,600,0
2017-11-21,16:50:00,29.43,29.44,29.37,29.44,647,0
2017-11-21,16:55:00,29.37,29.37,29.37,29.37,200,0
2017-11-21,17:05:00,29.37,29.37,29.37,29.37,200,0
2017-11-21,17:10:00,29.26,29.26,29.26,29.26,100,0
2017-11-21,17:15:00,29.25,29.25,29.25,29.25,100,0
2017-11-21,17:20:00,29.22,29.22,29.22,29.22,100,0
2017-11-21,17:30:00,29.215,29.215,29.215,29.215,100,0
2017-11-21,17:35:00,29.24,29.24,29.23,29.24,400,0
2017-11-21,17:40:00,29.215,29.26,29.215,29.26,400,0
2017-11-21,17:45:00,29.22,29.22,29.22,29.22,100,0
2017-11-21,17:50:00,29.21,29.21,29.21,29.21,100,0
2017-11-21,18:00:00,29.33,29.33,29.2274,29.24,985,0
2017-11-21,18:30:00,29.23,29.23,29.19,29.19,500,0
2017-11-21,18:35:00,29.26,29.26,29.1483,29.1532,1100,0
2017-11-21,19:00:00,29.27,29.27,29.27,29.27,100,0
2017-11-21,19:15:00,29.3,29.3,29.3,29.3,100,0
2017-11-21,19:30:00,29.3,29.3,29.3,29.3,100,0
2017-11-21,19:45:00,29.25,29.25,29.25,29.25,300,0
2017-11-21,20:00:00,29.185,29.185,29.185,29.185,100,0
2017-11-21,20:15:00,29.23,29.24,29.23,29.24,200,0
2017-11-21,20:20:00,29.25,29.25,29.25,29.25,100,0
2017-11-21,20:25:00,29.24,29.24,29.24,29.24,100,0
2017-11-21,20:30:00,29.35,29.44,29.35,29.44,500,0
2017-11-21,20:35:00,29.3549,29.45,29.3549,29.45,325,0
2017-11-21,20:50:00,29.43,29.43,29.43,29.43,100,0
2017-11-21,20:55:00,29.43,29.58,29.43,29.55,1800,0
2017-11-21,21:10:00,29.47,29.47,29.42,29.42,600,0
2017-11-21,21:15:00,29.35,29.36,29.35,29.36,400,0
2017-11-21,21:20:00,29.34,29.34,29.34,29.34,100,0
2017-11-21,21:25:00,29.31,29.34,29.31,29.34,400,0
2017-11-21,21:50:00,29.35,29.35,29.34,29.34,748,0
2017-11-21,21:55:00,29.35,29.35,29.3,29.3,1111,0
2017-11-21,22:00:00,29.21,29.47,29.21,29.42,5159,0
2017-11-22,15:35:00,29.43,29.43,29.43,29.43,354,0
2017-11-22,16:35:00,29.76,29.76,29.76,29.76,231,0
2017-11-22,16:40:00,29.29,29.2999,28.99,28.99,300,0
2017-11-22,16:45:00,29.22,29.5,29.22,29.5,600,0
2017-11-22,16:50:00,29.5,29.5,29.5,29.5,200,0
2017-11-22,16:55:00,29.5076,29.5076,29.38,29.38,400,0
2017-11-22,17:05:00,29.29,29.4,29.29,29.4,800,0
2017-11-22,17:10:00,29.32,29.32,29.32,29.32,200,0
2017-11-22,17:15:00,29.4,29.4,29.3,29.32,1663,0
2017-11-22,17:20:00,29.27,29.27,29.27,29.27,200,0
2017-11-22,17:55:00,29.36,29.36,29.1,29.23,500,0
2017-11-22,18:05:00,29.44,29.44,29.44,29.44,100,0
2017-11-22,18:15:00,29.1,29.15,29.1,29.15,200,0
2017-11-22,19:05:00,29.235,29.235,29.235,29.235,100,0
2017-11-22,19:55:00,29.47,29.47,29.47,29.47,100,0
2017-11-22,20:00:00,29.5,29.5,29.4,29.4,500,0
2017-11-22,20:05:00,29.4,29.43,29.4,29.43,500,0
2017-11-22,20:30:00,29.64,29.64,29.64,29.64,100,0
2017-11-22,20:55:00,29.66,29.66,29.5005,29.5005,700,0
2017-11-22,21:15:00,29.5,29.5,29.355,29.355,1102,0
2017-11-22,21:30:00,29.26,29.26,29.26,29.26,100,0
2017-11-22,21:40:00,29.24,29.24,29.24,29.24,100,0
2017-11-22,21:45:00,29.35,29.35,29.35,29.35,100,0
2017-11-22,21:55:00,29.295,29.395,29.29,29.29,500,0
2017-11-22,22:00:00,29.28,29.37,29.22,29.23,5916,0
2017-11-24,16:10:00,29.21,29.21,28.92,28.95,400,0
2017-11-24,16:50:00,29.14,29.14,28.97,28.97,200,0
2017-11-24,17:35:00,29,29,29,29,100,0
2017-11-24,18:15:00,28.66,28.66,28.66,28.66,100,0
2017-11-24,18:20:00,28.65,28.65,28.65,28.65,100,0
2017-11-24,18:25:00,28.67,28.67,28.67,28.67,100,0
2017-11-24,18:30:00,28.74,28.74,28.74,28.74,291,0
2017-11-24,18:45:00,28.77,28.77,28.77,28.77,100,0
2017-11-24,18:50:00,28.78,28.78,28.74,28.74,200,0
2017-11-24,19:00:00,28.73,28.73,28.73,28.73,300,0
2017-11-24,19:05:00,28.78,28.78,28.78,28.78,1699,0
2017-11-27,15:50:00,29.15,29.15,29.15,29.15,100,0
2017-11-27,16:00:00,28.95,28.95,28.95,28.95,100,0
2017-11-27,16:35:00,29.1,29.16,29.1,29.16,200,0
2017-11-27,16:50:00,29.11,29.11,29.11,29.11,100,0
2017-11-27,16:55:00,29.11,29.11,29.09,29.09,300,0
2017-11-27,17:25:00,28.965,28.965,28.95,28.95,200,0
2017-11-27,17:35:00,28.88,28.96,28.88,28.96,300,0
2017-11-27,19:00:00,29,29,29,29,100,0
2017-11-27,19:10:00,29.27,29.27,29.27,29.27,100,0
2017-11-27,20:20:00,29.25,29.25,29.25,29.25,100,0
2017-11-27,20:35:00,29.39,29.39,29.39,29.39,100,0
2017-11-27,20:40:00,29.39,29.41,29.38,29.39,1500,0
2017-11-27,20:45:00,29.47,29.47,29.42,29.465,674,0
2017-11-27,20:55:00,29.38,29.38,29.38,29.38,100,0
2017-11-27,21:00:00,29.55,29.55,29.49,29.49,584,0
2017-11-27,21:05:00,29.44,29.64,29.44,29.64,300,0
2017-11-27,21:10:00,29.63,29.63,29.63,29.63,100,0
2017-11-27,21:15:00,29.65,29.65,29.525,29.525,400,0
2017-11-27,21:20:00,29.66,29.66,29.66,29.66,100,0
2017-11-27,21:25:00,29.66,29.66,29.66,29.66,300,0
2017-11-27,21:35:00,29.645,29.76,29.645,29.76,500,0
2017-11-27,21:40:00,29.84,29.84,29.84,29.84,100,0
2017-11-27,21:45:00,29.63,29.63,29.61,29.61,400,0
2017-11-27,21:55:00,29.41,29.41,29.2,29.4,900,0
2017-11-27,22:00:00,29.34,29.5,29.31,29.46,4833,0
2017-11-28,15:35:00,29.46,29.46,29.46,29.46,442,0
2017-11-28,16:00:00,28.78,28.8999,28.78,28.8999,200,0
2017-11-28,16:05:00,28.965,29.2,28.965,29.2,518,0
2017-11-28,16:10:00,29.15,29.45,29.15,29.45,200,0
2017-11-28,16:25:00,29.13,29.13,29.13,29.13,100,0
2017-11-28,16:30:00,29.35,29.35,29.23,29.23,341,0
2017-11-28,16:45:00,29.35,29.35,29.35,29.35,100,0
2017-11-28,16:50:00,29.5,29.55,29.5,29.55,800,0
2017-11-28,16:55:00,29.48,29.5,29.45,29.45,500,0
2017-11-28,17:00:00,29.43,29.43,29.43,29.43,200,0
2017-11-28,17:55:00,29.34,29.35,29.34,29.35,200,0
2017-11-28,18:15:00,29.5,29.5,29.42,29.5,700,0
2017-11-28,18:20:00,29.55,29.6,29.55,29.6,400,0
2017-11-28,18:25:00,29.65,29.65,29.65,29.65,300,0
2017-11-28,18:30:00,29.65,29.65,29.65,29.65,100,0
2017-11-28,18:50:00,29.65,29.65,29.65,29.65,200,0
2017-11-28,19:10:00,29.74,29.8,29.74,29.8,1000,0
2017-11-28,19:20:00,29.85,29.87,29.85,29.87,200,0
2017-11-28,20:00:00,29.63,29.63,29.63,29.63,100,0
2017-11-28,20:45:00,29.63,29.63,29.62,29.62,300,0
2017-11-28,20:50:00,29.62,29.7,29.53,29.7,1565,0
2017-11-28,20:55:00,29.7,29.85,29.7,29.82,900,0
2017-11-28,21:10:00,29.9,29.9,29.9,29.9,300,0
2017-11-28,21:15:00,30.13,30.18,30.13,30.18,200,0
2017-11-28,21:20:00,30.23,30.27,30.145,30.145,1400,0
2017-11-28,21:25:00,30.15,30.15,30.15,30.15,100,0
2017-11-28,21:30:00,30.2,30.21,30.16,30.16,400,0
2017-11-28,21:35:00,30.14,30.14,30.14,30.14,100,0
2017-11-28,21:45:00,30.125,30.18,29.86,30.015,4200,0
2017-11-28,21:50:00,30.01,30.12,30.01,30.12,2637,0
2017-11-28,21:55:00,30.12,30.12,30.11,30.12,611,0
2017-11-28,22:00:00,30.12,30.15,30.1,30.13,5403,0
2017-11-29,15:35:00,30.29,30.29,29.93,29.93,365,0
2017-11-29,15:40:00,29.77,29.77,29.65,29.65,700,0
2017-11-29,16:00:00,29.97,29.97,29.97,29.97,100,0
2017-11-29,16:05:00,30.47,30.5,30.47,30.5,500,0
2017-11-29,16:20:00,30.7,30.7,30.7,30.7,100,0
2017-11-29,16:45:00,30.89,30.89,30.89,30.89,100,0
2017-11-29,17:05:00,30.89,30.89,30.89,30.89,309,0
2017-11-29,17:20:00,30.87,30.88,30.87,30.88,200,0
2017-11-29,17:35:00,30.69,30.91,30.69,30.91,500,0
2017-11-29,17:40:00,30.92,30.94,30.92,30.94,500,0
2017-11-29,17:45:00,30.81,30.81,30.81,30.81,100,0
2017-11-29,17:50:00,30.84,30.84,30.84,30.84,100,0
2017-11-29,17:55:00,30.95,30.96,30.86,30.86,300,0
2017-11-29,18:00:00,30.87,30.87,30.84,30.84,300,0
2017-11-29,18:05:00,30.83,30.83,30.8,30.8,701,0
2017-11-29,18:10:00,30.92,30.93,30.82,30.93,300,0
2017-11-29,18:15:00,30.86,30.92,30.83,30.83,300,0
2017-11-29,18:25:00,30.8,30.8,30.8,30.8,100,0
2017-11-29,18:30:00,30.81,30.81,30.81,30.81,100,0
2017-11-29,18:40:00,30.81,30.91,30.81,30.91,786,0
2017-11-29,18:45:00,30.81,30.84,30.78,30.84,400,0
2017-11-29,18:50:00,30.9,30.9,30.81,30.81,300,0
2017-11-29,18:55:00,30.83,30.83,30.83,30.83,100,0
2017-11-29,19:10:00,30.79,30.79,30.75,30.75,600,0
2017-11-29,19:15:00,30.66,30.6876,30.63,30.6875,700,0
2017-11-29,19:20:00,30.63,30.63,30.63,30.63,200,0
2017-11-29,19:25:00,30.29,30.29,30.29,30.29,100,0
2017-11-29,19:30:00,30.33,30.35,30.33,30.35,200,0
2017-11-29,19:35:00,30.43,30.44,30.27,30.29,1095,0
2017-11-29,19:40:00,30.37,30.37,30.37,30.37,100,0
2017-11-29,19:45:00,30.29,30.3698,30.29,30.3698,205,0
2017-11-29,19:50:00,30.27,30.27,30.27,30.27,100,0
2017-11-29,19:55:00,30.28,30.28,30.28,30.28,100,0
2017-11-29,20:00:00,30.36,30.36,30.36,30.36,100,0
2017-11-29,20:05:00,30.38,30.42,30.27,30.42,400,0
2017-11-29,20:10:00,30.22,30.22,30.22,30.22,100,0
2017-11-29,20:15:00,30.33,30.33,30.33,30.33,200,0
2017-11-29,20:20:00,30.33,30.33,30.33,30.33,100,0
2017-11-29,20:25:00,30.36,30.36,30.36,30.36,100,0
2017-11-29,20:30:00,30.39,30.39,30.39,30.39,100,0
2017-11-29,20:35:00,30.34,30.34,30.34,30.34,100,0
2017-11-29,20:40:00,30.3001,30.3001,30.3,30.3,318,0
2017-11-29,20:45:00,30.3,30.3,30.3,30.3,100,0
2017-11-29,20:55:00,30.26,30.26,30.26,30.26,100,0
2017-11-29,21:00:00,30.26,30.26,30.26,30.26,100,0
2017-11-29,21:10:00,30.491,30.69,30.35,30.35,400,0
2017-11-29,21:30:00,30.5,30.5,30.5,30.5,100,0
2017-11-29,21:40:00,30.3,30.3,30.3,30.3,100,0
2017-11-29,21:45:00,30.28,30.28,30.28,30.28,100,0
2017-11-29,21:50:00,30.31,30.33,30.31,30.33,200,0
2017-11-29,21:55:00,30.33,30.33,30.31,30.31,200,0
2017-11-29,22:00:00,30.52,30.67,30.35,30.67,6287,0
2017-11-30,15:35:00,30.87,30.87,30.5,30.5,693,0
2017-11-30,16:15:00,30.59,30.59,30.59,30.59,301,0
2017-11-30,16:20:00,30.54,30.54,30.54,30.54,100,0
2017-11-30,16:25:00,30.6,30.6,30.6,30.6,200,0
2017-11-30,16:40:00,30.47,30.47,30.47,30.47,300,0
2017-11-30,17:25:00,30.59,30.59,30.59,30.59,100,0
2017-11-30,18:20:00,30.68,30.68,30.68,30.68,100,0
2017-11-30,18:35:00,30.66,30.66,30.535,30.535,200,0
2017-11-30,18:45:00,30.68,30.69,30.68,30.69,700,0
2017-11-30,20:10:00,30.425,30.425,30.4,30.4,300,0
2017-11-30,20:15:00,30.43,30.46,30.43,30.46,300,0
2017-11-30,20:20:00,30.36,30.36,30.35,30.35,900,0
2017-11-30,20:45:00,30.27,30.27,30.17,30.17,200,0
2017-11-30,20:55:00,30.24,30.27,30.24,30.27,300,0
2017-11-30,21:00:00,30.16,30.16,30.15,30.15,200,0
2017-11-30,21:30:00,29.8,29.8,29.8,29.8,100,0
2017-11-30,21:35:00,29.8,29.91,29.76,29.76,300,0
2017-11-30,21:40:00,30.11,30.11,30.11,30.11,100,0
2017-11-30,21:45:00,30.08,30.09,30.08,30.09,200,0
2017-11-30,21:50:00,30.035,30.36,30.035,30.19,800,0
2017-11-30,21:55:00,30.19,30.3,29.98,30.13,900,0
2017-11-30,22:00:00,30.11,30.23,29.9,30,14306,0
2017-12-01,16:30:00,30.0328,30.0328,30.0328,30.0328,121,0
2017-12-01,16:35:00,29.9,29.9,29.9,29.9,100,0
2017-12-01,16:45:00,30.21,30.21,30.21,30.21,100,0
2017-12-01,17:00:00,29.88,29.88,29.88,29.88,100,0
2017-12-01,17:10:00,29.83,29.83,29.83,29.83,100,0
2017-12-01,17:15:00,29.81,29.81,29.58,29.58,200,0
2017-12-01,18:25:00,30.04,30.04,30.04,30.04,100,0
2017-12-01,19:10:00,29.01,29.01,29.01,29.01,100,0
2017-12-01,19:20:00,29.95,29.95,29.95,29.95,100,0
2017-12-01,20:00:00,29.53,29.92,29.53,29.92,200,0
2017-12-01,20:15:00,29.88,30.25,29.86,30.03,771,0
2017-12-01,20:25:00,29.9,30.0425,29.9,30.0425,200,0
2017-12-01,20:55:00,30.18,30.18,30.18,30.18,100,0
2017-12-01,21:05:00,30.22,30.22,30.22,30.22,100,0
2017-12-01,21:10:00,30.01,30.01,30,30,400,0
2017-12-01,21:15:00,29.95,30.01,29.95,30.01,600,0
2017-12-01,21:25:00,30.01,30.03,30.01,30.01,400,0
2017-12-01,21:35:00,30,30,30,30,200,0
2017-12-01,21:40:00,29.99,29.99,29.99,29.99,100,0
2017-12-01,21:50:00,29.95,29.99,29.95,29.99,600,0
2017-12-01,22:00:00,30.05,30.16,29.85,30.1,4331,0
2017-12-04,15:35:00,30.7,30.7,30.28,30.28,704,0
2017-12-04,16:10:00,30.66,30.67,30.605,30.605,1200,0
2017-12-04,16:15:00,30.55,30.62,30.54,30.58,500,0
2017-12-04,16:20:00,30.43,30.43,30.43,30.43,420,0
2017-12-04,16:30:00,30.62,30.62,30.62,30.62,100,0
2017-12-04,17:10:00,30.755,30.755,30.7407,30.7407,200,0
2017-12-04,17:15:00,30.755,30.755,30.7502,30.7502,200,0
2017-12-04,17:35:00,30.9099,30.9099,30.9099,30.9099,116,0
2017-12-04,17:40:00,30.88,30.89,30.7,30.84,700,0
2017-12-04,17:45:00,30.81,30.81,30.81,30.81,100,0
2017-12-04,18:05:00,30.8,30.86,30.8,30.86,590,0
2017-12-04,18:15:00,30.54,30.54,30.54,30.54,100,0
2017-12-04,18:30:00,30.81,30.81,30.7,30.8,2400,0
2017-12-04,18:35:00,30.7,30.76,30.7,30.7,500,0
2017-12-04,18:40:00,30.72,30.73,30.695,30.73,800,0
2017-12-04,18:45:00,30.72,30.9,30.72,30.77,500,0
2017-12-04,18:50:00,30.8,30.8,30.8,30.8,100,0
2017-12-04,18:55:00,30.83,30.83,30.72,30.72,200,0
2017-12-04,19:20:00,30.72,30.72,30.7,30.7,400,0
2017-12-04,19:25:00,30.7,30.74,30.54,30.58,1374,0
2017-12-04,19:35:00,30.65,30.66,30.65,30.66,249,0
2017-12-04,19:50:00,30.7,30.7,30.7,30.7,100,0
2017-12-04,20:05:00,30.59,30.7328,30.59,30.7328,220,0
2017-12-04,20:15:00,30.64,30.64,30.64,30.64,200,0
2017-12-04,20:20:00,30.675,30.74,30.675,30.74,1200,0
2017-12-04,20:40:00,30.56,30.86,30.56,30.86,200,0
2017-12-04,20:55:00,30.89,30.89,30.85,30.85,200,0
2017-12-04,21:00:00,30.6,30.6,30.6,30.6,100,0
2017-12-04,21:05:00,30.88,30.88,30.88,30.88,100,0
2017-12-04,21:10:00,30.74,30.8,30.74,30.8,200,0
2017-12-04,21:20:00,30.72,30.72,30.71,30.71,200,0
2017-12-04,21:30:00,30.64,30.79,30.64,30.79,1385,0
2017-12-04,21:35:00,30.79,30.79,30.79,30.79,300,0
2017-12-04,21:40:00,30.79,30.81,30.74,30.79,900,0
2017-12-04,21:55:00,30.79,30.79,30.79,30.79,100,0
2017-12-04,22:00:00,30.64,30.83,30.64,30.79,4620,0
2017-12-05,15:35:00,30.9,30.9,30.9,30.9,184,0
2017-12-05,16:00:00,30.2595,30.2595,30.2595,30.2595,473,0
2017-12-05,17:35:00,30.73,30.73,30.73,30.73,200,0
2017-12-05,17:45:00,30.655,30.665,30.41,30.665,1739,0
2017-12-05,18:05:00,30.63,30.63,30.42,30.42,400,0
2017-12-05,18:55:00,30.87,30.87,30.87,30.87,127,0
2017-12-05,19:45:00,30.595,30.595,30.595,30.595,100,0
2017-12-05,20:20:00,30.31,30.31,30.31,30.31,100,0
2017-12-05,20:50:00,30.325,30.325,30.325,30.325,200,0
2017-12-05,21:05:00,30.51,30.52,30.501,30.501,300,0
2017-12-05,21:15:00,30.455,30.455,29.86,29.86,1809,0
2017-12-05,21:20:00,30.07,30.0985,30.07,30.0985,200,0
2017-12-05,21:30:00,30.0963,30.0963,29.85,29.85,366,0
2017-12-05,21:35:00,29.86,29.86,29.86,29.86,100,0
2017-12-05,21:55:00,30.1,30.1,30.1,30.1,100,0
2017-12-05,22:00:00,30.07,30.09,29.97,30.06,5015,0
2017-12-06,16:20:00,28.54,28.54,28.54,28.54,104,0
2017-12-06,16:45:00,29.64,30.05,29.64,30.05,400,0
2017-12-06,16:50:00,30.25,30.25,30.25,30.25,700,0
2017-12-06,18:40:00,29.95,29.95,29.95,29.95,100,0
2017-12-06,20:10:00,30.01,30.01,30.01,30.01,100,0
2017-12-06,20:15:00,30.025,30.025,30.025,30.025,100,0
2017-12-06,20:25:00,29.88,29.995,29.81,29.81,900,0
2017-12-06,20:50:00,29.7701,29.7701,29.7701,29.7701,200,0
2017-12-06,21:00:00,29.97,29.97,29.78,29.87,500,0
2017-12-06,21:05:00,29.845,29.845,29.8402,29.8402,300,0
2017-12-06,21:20:00,29.56,29.56,29.56,29.56,200,0
2017-12-06,21:50:00,29.725,29.725,29.725,29.725,100,0
2017-12-06,21:55:00,29.74,29.74,29.74,29.74,100,0
2017-12-06,22:00:00,29.72,29.88,29.55,29.72,3484,0
