Date,Time,Open,High,Low,Close,Volume,OpenInt
2017-11-17,15:35:00,39.71,39.84,39.7,39.84,79148,0
2017-11-17,15:40:00,39.84,39.85,39.815,39.835,4750,0
2017-11-17,15:45:00,39.85,39.8599,39.8,39.82,4877,0
2017-11-17,15:50:00,39.81,39.84,39.7601,39.84,3100,0
2017-11-17,15:55:00,39.82,39.87,39.82,39.86,3109,0
2017-11-17,16:00:00,39.87,39.87,39.83,39.835,2500,0
2017-11-17,16:05:00,39.8422,39.91,39.8293,39.91,9047,0
2017-11-17,16:10:00,39.909,39.95,39.9,39.93,198726,0
2017-11-17,16:15:00,39.93,39.935,39.88,39.88,15774,0
2017-11-17,16:20:00,39.89,39.92,39.84,39.915,11646,0
2017-11-17,16:25:00,39.92,39.94,39.88,39.93,10552,0
2017-11-17,16:30:00,39.92,39.92,39.85,39.86,5898,0
2017-11-17,16:35:00,39.86,39.86,39.83,39.83,7870,0
2017-11-17,16:40:00,39.84,39.85,39.81,39.81,3926,0
2017-11-17,16:45:00,39.81,39.83,39.8,39.81,3483,0
2017-11-17,16:50:00,39.81,39.81,39.76,39.79,4120,0
2017-11-17,16:55:00,39.8,39.83,39.785,39.8,6015,0
2017-11-17,17:00:00,39.8,39.8,39.74,39.76,6302,0
2017-11-17,17:05:00,39.76,39.8,39.74,39.79,3338,0
2017-11-17,17:10:00,39.78,39.79,39.75,39.76,7022,0
2017-11-17,17:15:00,39.75,39.76,39.71,39.74,5525,0
2017-11-17,17:20:00,39.74,39.76,39.72,39.72,4019,0
2017-11-17,17:25:00,39.72,39.75,39.715,39.72,6271,0
2017-11-17,17:30:00,39.73,39.73,39.69,39.7,2622,0
2017-11-17,17:35:00,39.705,39.74,39.705,39.735,2729,0
2017-11-17,17:40:00,39.7399,39.7399,39.7,39.715,7094,0
2017-11-17,17:45:00,39.71,39.78,39.71,39.78,6943,0
2017-11-17,17:50:00,39.78,39.79,39.77,39.77,4572,0
2017-11-17,17:55:00,39.77,39.77,39.73,39.74,5827,0
2017-11-17,18:00:00,39.74,39.75,39.69,39.74,10600,0
2017-11-17,18:05:00,39.76,39.765,39.71,39.71,6400,0
2017-11-17,18:10:00,39.715,39.74,39.71,39.725,1999,0
2017-11-17,18:15:00,39.72,39.76,39.71,39.75,13157,0
2017-11-17,18:20:00,39.74,39.7601,39.74,39.7601,4286,0
2017-11-17,18:25:00,39.77,39.77,39.72,39.725,7515,0
2017-11-17,18:30:00,39.725,39.75,39.72,39.75,5300,0
2017-11-17,18:35:00,39.75,39.75,39.72,39.72,12355,0
2017-11-17,18:40:00,39.72,39.74,39.71,39.73,4658,0
2017-11-17,18:45:00,39.74,39.74,39.71,39.73,4259,0
2017-11-17,18:50:00,39.72,39.725,39.695,39.7,5500,0
2017-11-17,18:55:00,39.7,39.71,39.68,39.68,14904,0
2017-11-17,19:00:00,39.7,39.705,39.675,39.695,12853,0
2017-11-17,19:05:00,39.69,39.71,39.69,39.71,4500,0
2017-11-17,19:10:00,39.72,39.73,39.7,39.7,5500,0
2017-11-17,19:15:00,39.7,39.75,39.7,39.74,9334,0
2017-11-17,19:20:00,39.745,39.75,39.73,39.74,4567,0
2017-11-17,19:25:00,39.73,39.74,39.73,39.73,4390,0
2017-11-17,19:30:00,39.735,39.74,39.73,39.74,1200,0
2017-11-17,19:35:00,39.73,39.76,39.73,39.745,9429,0
2017-11-17,19:40:00,39.75,39.78,39.75,39.77,5450,0
2017-11-17,19:45:00,39.775,39.8,39.775,39.8,7826,0
2017-11-17,19:50:00,39.79,39.8,39.79,39.793,4170,0
2017-11-17,19:55:00,39.7968,39.8,39.78,39.78,4250,0
2017-11-17,20:00:00,39.78,39.78,39.76,39.77,6201,0
2017-11-17,20:05:00,39.77,39.78,39.77,39.78,726,0
2017-11-17,20:10:00,39.77,39.78,39.77,39.775,400,0
2017-11-17,20:15:00,39.78,39.8,39.775,39.8,2310,0
2017-11-17,20:20:00,39.8,39.8,39.78,39.7985,5259,0
2017-11-17,20:25:00,39.795,39.795,39.79,39.795,600,0
2017-11-17,20:30:00,39.79,39.8,39.76,39.76,7634,0
2017-11-17,20:35:00,39.76,39.77,39.76,39.76,2439,0
2017-11-17,20:40:00,39.76,39.77,39.76,39.76,4200,0
2017-11-17,20:45:00,39.76,39.76,39.74,39.74,8039,0
2017-11-17,20:50:00,39.745,39.8,39.74,39.8,8346,0
2017-11-17,20:55:00,39.79,39.79,39.76,39.78,10420,0
2017-11-17,21:00:00,39.785,39.785,39.77,39.78,6604,0
2017-11-17,21:05:00,39.78,39.78,39.77,39.78,700,0
2017-11-17,21:10:00,39.775,39.8,39.775,39.8,4464,0
2017-11-17,21:15:00,39.8,39.8,39.79,39.8,3100,0
2017-11-17,21:20:00,39.8,39.805,39.78,39.805,14245,0
2017-11-17,21:25:00,39.81,39.83,39.8,39.8,17543,0
2017-11-17,21:30:00,39.795,39.795,39.77,39.775,10980,0
2017-11-17,21:35:00,39.77,39.8,39.77,39.79,59687,0
2017-11-17,21:40:00,39.795,39.89,39.79,39.89,40035,0
2017-11-17,21:45:00,39.89,39.91,39.83,39.83,67626,0
2017-11-17,21:50:00,39.835,39.86,39.72,39.755,99271,0
2017-11-17,21:55:00,39.76,39.83,39.75,39.825,66966,0
2017-11-17,22:00:00,39.83,39.92,39.82,39.91,444213,0
2017-11-20,15:35:00,39.85,39.97,39.85,39.97,14191,0
2017-11-20,15:40:00,39.96,39.97,39.87,39.88,2600,0
2017-11-20,15:45:00,39.88,39.88,39.775,39.775,7175,0
2017-11-20,15:50:00,39.79,39.8,39.765,39.77,8900,0
2017-11-20,15:55:00,39.79,39.85,39.78,39.84,2800,0
2017-11-20,16:00:00,39.82,39.83,39.8,39.81,7277,0
2017-11-20,16:05:00,39.79,39.83,39.79,39.815,13163,0
2017-11-20,16:10:00,39.82,39.926,39.82,39.915,6156,0
2017-11-20,16:15:00,39.92,39.9375,39.86,39.86,5430,0
2017-11-20,16:20:00,39.87,39.87,39.8201,39.86,15538,0
2017-11-20,16:25:00,39.87,39.88,39.85,39.86,11973,0
2017-11-20,16:30:00,39.85,39.87,39.83,39.83,10571,0
2017-11-20,16:35:00,39.83,39.8901,39.83,39.86,10096,0
2017-11-20,16:40:00,39.865,39.88,39.8601,39.87,4200,0
2017-11-20,16:45:00,39.875,39.88,39.81,39.81,15717,0
2017-11-20,16:50:00,39.81,39.85,39.81,39.84,8322,0
2017-11-20,16:55:00,39.85,39.89,39.845,39.87,4618,0
2017-11-20,17:00:00,39.8749,39.88,39.86,39.88,10753,0
2017-11-20,17:05:00,39.88,39.88,39.86,39.865,4700,0
2017-11-20,17:10:00,39.86,39.87,39.78,39.79,15991,0
2017-11-20,17:15:00,39.78,39.79,39.72,39.73,13419,0
2017-11-20,17:20:00,39.74,39.75,39.69,39.7301,9608,0
2017-11-20,17:25:00,39.74,39.74,39.73,39.73,3200,0
2017-11-20,17:30:00,39.74,39.74,39.73,39.74,8373,0
2017-11-20,17:35:00,39.73,39.75,39.685,39.745,22779,0
2017-11-20,17:40:00,39.75,39.75,39.74,39.74,2242,0
2017-11-20,17:45:00,39.74,39.74,39.7,39.715,16753,0
2017-11-20,17:50:00,39.7175,39.72,39.71,39.72,1519,0
2017-11-20,17:55:00,39.715,39.7197,39.67,39.675,13413,0
2017-11-20,18:00:00,39.68,39.72,39.67,39.7175,7440,0
2017-11-20,18:05:00,39.71,39.7195,39.69,39.69,11773,0
2017-11-20,18:10:00,39.7,39.72,39.69,39.72,9041,0
2017-11-20,18:15:00,39.725,39.75,39.72,39.73,15342,0
2017-11-20,18:20:00,39.7275,39.74,39.7275,39.735,5198,0
2017-11-20,18:25:00,39.735,39.76,39.72,39.76,12876,0
2017-11-20,18:30:00,39.76,39.86,39.76,39.86,10300,0
2017-11-20,18:35:00,39.86,39.87,39.81,39.815,15791,0
2017-11-20,18:40:00,39.82,39.84,39.78,39.84,18725,0
2017-11-20,18:45:00,39.8348,39.84,39.83,39.83,1000,0
2017-11-20,18:50:00,39.83,39.8375,39.77,39.78,11260,0
2017-11-20,18:55:00,39.78,39.78,39.77,39.775,2154,0
2017-11-20,19:00:00,39.78,39.85,39.78,39.83,10061,0
2017-11-20,19:05:00,39.825,39.83,39.77,39.77,6907,0
2017-11-20,19:10:00,39.77,39.82,39.77,39.815,6893,0
2017-11-20,19:15:00,39.82,39.825,39.805,39.825,10033,0
2017-11-20,19:20:00,39.83,39.87,39.8275,39.87,4747,0
2017-11-20,19:25:00,39.86,39.87,39.83,39.86,11426,0
2017-11-20,19:30:00,39.86,39.8799,39.85,39.87,6086,0
2017-11-20,19:35:00,39.88,39.88,39.855,39.875,9634,0
2017-11-20,19:40:00,39.88,39.88,39.85,39.87,9258,0
2017-11-20,19:45:00,39.875,39.9,39.87,39.88,12758,0
2017-11-20,19:50:00,39.875,39.89,39.875,39.885,4223,0
2017-11-20,19:55:00,39.88,39.89,39.88,39.89,4232,0
2017-11-20,20:00:00,39.885,39.89,39.88,39.89,6143,0
2017-11-20,20:05:00,39.89,39.89,39.83,39.835,18832,0
2017-11-20,20:10:00,39.84,39.84,39.71,39.71,43800,0
2017-11-20,20:15:00,39.71,39.715,39.6,39.62,28907,0
2017-11-20,20:20:00,39.62,39.67,39.615,39.63,6100,0
2017-11-20,20:25:00,39.63,39.63,39.55,39.58,16744,0
2017-11-20,20:30:00,39.57,39.65,39.57,39.64,8229,0
2017-11-20,20:35:00,39.63,39.65,39.63,39.64,7544,0
2017-11-20,20:40:00,39.64,39.645,39.6,39.645,23313,0
2017-11-20,20:45:00,39.64,39.67,39.64,39.645,11066,0
2017-11-20,20:50:00,39.645,39.65,39.64,39.645,936,0
2017-11-20,20:55:00,39.65,39.67,39.645,39.67,7942,0
2017-11-20,21:00:00,39.67,39.67,39.615,39.65,15846,0
2017-11-20,21:05:00,39.63,39.7,39.63,39.7,12027,0
2017-11-20,21:10:00,39.7,39.7,39.65,39.65,13659,0
2017-11-20,21:15:00,39.66,39.68,39.625,39.67,24701,0
2017-11-20,21:20:00,39.67,39.7,39.67,39.685,7759,0
2017-11-20,21:25:00,39.68,39.69,39.68,39.68,5752,0
2017-11-20,21:30:00,39.685,39.71,39.68,39.68,24182,0
2017-11-20,21:35:00,39.685,39.69,39.65,39.655,46967,0
2017-11-20,21:40:00,39.66,39.68,39.64,39.65,36938,0
2017-11-20,21:45:00,39.645,39.65,39.63,39.64,40014,0
2017-11-20,21:50:00,39.64,39.69,39.64,39.685,20964,0
2017-11-20,21:55:00,39.69,39.71,39.68,39.68,40079,0
2017-11-20,22:00:00,39.69,39.71,39.68,39.7,233528,0
2017-11-21,15:35:00,39.79,39.96,39.77,39.96,5487,0
2017-11-21,15:40:00,39.95,39.97,39.88,39.94,5982,0
2017-11-21,15:45:00,39.92,39.99,39.91,39.98,7717,0
2017-11-21,15:50:00,39.98,40.07,39.97,40.05,10560,0
2017-11-21,15:55:00,40.05,40.16,40.04,40.1,10500,0
2017-11-21,16:00:00,40.09,40.11,40.06,40.095,3241,0
2017-11-21,16:05:00,40.08,40.095,40.02,40.04,4520,0
2017-11-21,16:10:00,40.04,40.05,39.98,39.99,6000,0
2017-11-21,16:15:00,39.99,40.045,39.99,40.045,78948,0
2017-11-21,16:20:00,40.05,40.0899,40.03,40.08,8772,0
2017-11-21,16:25:00,40.08,40.09,40,40,16633,0
2017-11-21,16:30:00,40.01,40.03,39.99,40.02,12549,0
2017-11-21,16:35:00,40.015,40.09,40.015,40.07,20225,0
2017-11-21,16:40:00,40.075,40.085,40.07,40.085,13221,0
2017-11-21,16:45:00,40.085,40.1,40.07,40.09,41211,0
2017-11-21,16:50:00,40.1,40.12,40.07,40.085,15698,0
2017-11-21,16:55:00,40.09,40.11,40.09,40.11,8573,0
2017-11-21,17:00:00,40.1,40.14,40.1,40.11,7725,0
2017-11-21,17:05:00,40.1125,40.21,40.11,40.17,35593,0
2017-11-21,17:10:00,40.19,40.19,40.16,40.19,6295,0
2017-11-21,17:15:00,40.19,40.21,40.17,40.1775,7483,0
2017-11-21,17:20:00,40.175,40.2,40.17,40.195,4850,0
2017-11-21,17:25:00,40.195,40.2,40.18,40.18,16598,0
2017-11-21,17:30:00,40.185,40.19,40.18,40.185,4947,0
2017-11-21,17:35:00,40.19,40.19,40.15,40.15,12222,0
2017-11-21,17:40:00,40.16,40.18,40.16,40.17,2100,0
2017-11-21,17:45:00,40.17,40.18,40.17,40.17,4776,0
2017-11-21,17:50:00,40.17,40.18,40.16,40.17,9902,0
2017-11-21,17:55:00,40.17,40.175,40.15,40.165,15800,0
2017-11-21,18:00:00,40.165,40.17,40.15,40.155,9905,0
2017-11-21,18:05:00,40.1551,40.18,40.1551,40.175,7530,0
2017-11-21,18:10:00,40.175,40.19,40.175,40.18,6102,0
2017-11-21,18:15:00,40.18,40.185,40.155,40.16,13099,0
2017-11-21,18:20:00,40.16,40.17,40.15,40.15,15608,0
2017-11-21,18:25:00,40.15,40.16,40.13,40.13,18588,0
2017-11-21,18:30:00,40.135,40.17,40.13,40.165,94206,0
2017-11-21,18:35:00,40.16,40.17,40.16,40.1675,14778,0
2017-11-21,18:40:00,40.165,40.21,40.165,40.21,6941,0
2017-11-21,18:45:00,40.21,40.24,40.17,40.17,17107,0
2017-11-21,18:50:00,40.18,40.2,40.171,40.2,1539,0
2017-11-21,18:55:00,40.19,40.19,40.17,40.19,6235,0
2017-11-21,19:00:00,40.19,40.2,40.185,40.195,1300,0
2017-11-21,19:05:00,40.2,40.2,40.19,40.19,6976,0
2017-11-21,19:10:00,40.185,40.2,40.185,40.195,3211,0
2017-11-21,19:15:00,40.195,40.2,40.195,40.2,2821,0
2017-11-21,19:20:00,40.19,40.21,40.19,40.205,7711,0
2017-11-21,19:25:00,40.21,40.22,40.205,40.215,4000,0
2017-11-21,19:30:00,40.215,40.28,40.21,40.28,10124,0
2017-11-21,19:35:00,40.29,40.32,40.29,40.31,16138,0
2017-11-21,19:40:00,40.32,40.34,40.3108,40.315,62280,0
2017-11-21,19:45:00,40.315,40.37,40.31,40.37,4083,0
2017-11-21,19:50:00,40.37,40.41,40.37,40.405,10036,0
2017-11-21,19:55:00,40.41,40.445,40.405,40.435,8761,0
2017-11-21,20:00:00,40.44,40.44,40.38,40.38,14527,0
2017-11-21,20:05:00,40.39,40.41,40.385,40.41,5665,0
2017-11-21,20:10:00,40.405,40.43,40.405,40.42,9295,0
2017-11-21,20:15:00,40.425,40.45,40.4233,40.425,8369,0
2017-11-21,20:20:00,40.4248,40.43,40.385,40.39,8049,0
2017-11-21,20:25:00,40.395,40.4242,40.395,40.42,13022,0
2017-11-21,20:30:00,40.42,40.42,40.3,40.3,12069,0
2017-11-21,20:35:00,40.3,40.31,40.29,40.305,2260,0
2017-11-21,20:40:00,40.305,40.31,40.26,40.285,16640,0
2017-11-21,20:45:00,40.28,40.2801,40.24,40.25,9888,0
2017-11-21,20:50:00,40.2418,40.26,40.24,40.255,3379,0
2017-11-21,20:55:00,40.26,40.375,40.26,40.375,50649,0
2017-11-21,21:00:00,40.375,40.41,40.37,40.41,32192,0
2017-11-21,21:05:00,40.42,40.4225,40.35,40.38,18735,0
2017-11-21,21:10:00,40.39,40.41,40.385,40.405,13300,0
2017-11-21,21:15:00,40.405,40.405,40.38,40.385,31196,0
2017-11-21,21:20:00,40.39,40.41,40.385,40.41,11443,0
2017-11-21,21:25:00,40.4027,40.415,40.4,40.405,26820,0
2017-11-21,21:30:00,40.405,40.44,40.4,40.44,16876,0
2017-11-21,21:35:00,40.435,40.46,40.43,40.46,36305,0
2017-11-21,21:40:00,40.465,40.48,40.42,40.44,33639,0
2017-11-21,21:45:00,40.445,40.495,40.445,40.49,33896,0
2017-11-21,21:50:00,40.495,40.5,40.46,40.47,42045,0
2017-11-21,21:55:00,40.465,40.48,40.44,40.44,42467,0
2017-11-21,22:00:00,40.45,40.49,40.43,40.49,422636,0
2017-11-22,15:35:00,40.59,40.61,40.17,40.33,14759,0
2017-11-22,15:40:00,40.33,40.36,40.16,40.16,10660,0
2017-11-22,15:45:00,40.18,40.2,39.99,40.035,14355,0
2017-11-22,15:50:00,40.04,40.06,40.025,40.05,4557,0
2017-11-22,15:55:00,40.04,40.05,39.95,39.95,4415,0
2017-11-22,16:00:00,39.94,40.09,39.92,40.03,19005,0
2017-11-22,16:05:00,40.02,40.07,39.96,40.07,2690,0
2017-11-22,16:10:00,40.06,40.14,40.04,40.05,11300,0
2017-11-22,16:15:00,40.05,40.05,39.97,40.01,10355,0
2017-11-22,16:20:00,39.98,40.01,39.96,39.98,2790,0
2017-11-22,16:25:00,39.98,40.02,39.98,39.99,2300,0
2017-11-22,16:30:00,39.97,39.989,39.94,39.9499,1601,0
2017-11-22,16:35:00,39.94,40.03,39.94,40.03,3548,0
2017-11-22,16:40:00,40.03,40.06,40.01,40.05,2972,0
2017-11-22,16:45:00,40.06,40.075,40.05,40.07,2415,0
2017-11-22,16:50:00,40.07,40.08,40.04,40.08,6100,0
2017-11-22,16:55:00,40.06,40.1,40.06,40.08,2600,0
2017-11-22,17:00:00,40.1,40.1,40.0472,40.07,4600,0
2017-11-22,17:05:00,40.07,40.11,40.06,40.08,3101,0
2017-11-22,17:10:00,40.08,40.14,40.08,40.13,5062,0
2017-11-22,17:15:00,40.13,40.13,40.1,40.1,1100,0
2017-11-22,17:20:00,40.0901,40.11,40.09,40.095,1660,0
2017-11-22,17:25:00,40.095,40.1,40.03,40.05,6512,0
2017-11-22,17:30:00,40.04,40.04,40.03,40.03,2686,0
2017-11-22,17:35:00,40.04,40.085,40.04,40.06,3400,0
2017-11-22,17:40:00,40.0634,40.0634,40.055,40.06,2720,0
2017-11-22,17:45:00,40.06,40.07,40.04,40.07,9085,0
2017-11-22,17:50:00,40.06,40.07,40.03,40.07,17511,0
2017-11-22,17:55:00,40.069,40.23,40.065,40.22,14245,0
2017-11-22,18:00:00,40.225,40.225,40.16,40.17,5850,0
2017-11-22,18:05:00,40.165,40.165,40.13,40.15,8090,0
2017-11-22,18:10:00,40.15,40.19,40.14,40.15,14335,0
2017-11-22,18:15:00,40.15,40.17,40.15,40.17,1700,0
2017-11-22,18:20:00,40.17,40.17,40.12,40.13,5907,0
2017-11-22,18:25:00,40.12,40.15,40.11,40.15,3298,0
2017-11-22,18:30:00,40.15,40.16,40.13,40.13,2095,0
2017-11-22,18:35:00,40.13,40.13,40.1,40.12,1600,0
2017-11-22,18:40:00,40.12,40.12,40.11,40.12,1936,0
2017-11-22,18:45:00,40.11,40.12,40.11,40.11,2460,0
2017-11-22,18:50:00,40.11,40.115,40.07,40.095,47792,0
2017-11-22,18:55:00,40.095,40.11,40.09,40.11,4129,0
2017-11-22,19:00:00,40.115,40.12,40.11,40.11,1060,0
2017-11-22,19:05:00,40.11,40.12,40.1,40.115,5257,0
2017-11-22,19:10:00,40.115,40.12,40.1,40.1,11225,0
2017-11-22,19:15:00,40.09,40.1,40.09,40.09,400,0
2017-11-22,19:20:00,40.09,40.095,40.07,40.08,3582,0
2017-11-22,19:25:00,40.08,40.08,40.07,40.07,2170,0
2017-11-22,19:30:00,40.075,40.105,40.075,40.08,4740,0
2017-11-22,19:35:00,40.085,40.09,40.07,40.07,1418,0
2017-11-22,19:40:00,40.06,40.06,40.05,40.05,4598,0
2017-11-22,19:45:00,40.045,40.045,40.01,40.01,4942,0
2017-11-22,19:50:00,40.01,40.04,40,40.04,4127,0
2017-11-22,19:55:00,40.03,40.06,40.03,40.05,800,0
2017-11-22,20:00:00,40.05,40.06,40.04,40.05,5070,0
2017-11-22,20:05:00,40.04,40.05,40.04,40.04,1500,0
2017-11-22,20:10:00,40.045,40.11,40.045,40.1,7150,0
2017-11-22,20:15:00,40.1,40.1,40.07,40.1,7661,0
2017-11-22,20:20:00,40.09,40.09,40.055,40.06,3620,0
2017-11-22,20:25:00,40.07,40.07,40.0634,40.065,1593,0
2017-11-22,20:30:00,40.065,40.07,40.05,40.06,54251,0
2017-11-22,20:35:00,40.055,40.095,40.055,40.095,2692,0
2017-11-22,20:40:00,40.09,40.16,40.09,40.155,10946,0
2017-11-22,20:45:00,40.155,40.17,40.15,40.16,4541,0
2017-11-22,20:50:00,40.17,40.195,40.165,40.185,4003,0
2017-11-22,20:55:00,40.185,40.185,40.165,40.185,9829,0
2017-11-22,21:00:00,40.185,40.185,40.15,40.155,8407,0
2017-11-22,21:05:00,40.155,40.155,40.12,40.12,7113,0
2017-11-22,21:10:00,40.1262,40.14,40.12,40.13,5594,0
2017-11-22,21:15:00,40.13,40.16,40.13,40.155,4620,0
2017-11-22,21:20:00,40.155,40.16,40.125,40.135,5950,0
2017-11-22,21:25:00,40.135,40.14,40.1,40.1,5104,0
2017-11-22,21:30:00,40.1,40.1,40.05,40.055,10467,0
2017-11-22,21:35:00,40.05,40.08,40.05,40.08,6437,0
2017-11-22,21:40:00,40.08,40.09,40.075,40.085,7083,0
2017-11-22,21:45:00,40.085,40.09,40.07,40.07,14674,0
2017-11-22,21:50:00,40.08,40.135,40.075,40.095,21075,0
2017-11-22,21:55:00,40.095,40.1,40.09,40.09,12792,0
2017-11-22,22:00:00,40.09,40.11,40.07,40.11,177223,0
2017-11-24,15:35:00,40.19,40.45,40.19,40.42,8081,0
2017-11-24,15:40:00,40.38,40.38,40.18,40.18,3410,0
2017-11-24,15:45:00,40.2,40.2398,40.15,40.17,9899,0
2017-11-24,15:50:00,40.23,40.25,40.14,40.17,9650,0
2017-11-24,15:55:00,40.16,40.162,40.05,40.14,10444,0
2017-11-24,16:00:00,40.1401,40.2,40.1401,40.2,2446,0
2017-11-24,16:05:00,40.205,40.25,40.19,40.2,7628,0
2017-11-24,16:10:00,40.22,40.22,40.18,40.21,6442,0
2017-11-24,16:15:00,40.215,40.27,40.215,40.27,600,0
2017-11-24,16:20:00,40.27,40.31,40.255,40.305,4663,0
2017-11-24,16:25:00,40.3,40.3099,40.285,40.3099,3203,0
2017-11-24,16:30:00,40.29,40.37,40.29,40.29,5706,0
2017-11-24,16:35:00,40.285,40.285,40.24,40.24,2550,0
2017-11-24,16:40:00,40.26,40.265,40.25,40.25,2750,0
2017-11-24,16:45:00,40.2568,40.2755,40.23,40.2755,4750,0
2017-11-24,16:50:00,40.28,40.28,40.21,40.225,1900,0
2017-11-24,16:55:00,40.225,40.3,40.225,40.28,2150,0
2017-11-24,17:00:00,40.28,40.29,40.2504,40.27,5234,0
2017-11-24,17:05:00,40.25,40.25,40.21,40.2483,1842,0
2017-11-24,17:10:00,40.25,40.27,40.24,40.26,3100,0
2017-11-24,17:15:00,40.28,40.28,40.24,40.26,5164,0
2017-11-24,17:20:00,40.2416,40.2416,40.21,40.22,2006,0
2017-11-24,17:25:00,40.21,40.25,40.21,40.25,600,0
2017-11-24,17:30:00,40.245,40.26,40.23,40.24,8049,0
2017-11-24,17:35:00,40.2512,40.3,40.2512,40.2668,7150,0
2017-11-24,17:40:00,40.27,40.27,40.2033,40.265,6384,0
2017-11-24,17:45:00,40.2717,40.31,40.2696,40.28,3494,0
2017-11-24,17:50:00,40.27,40.31,40.26,40.29,2465,0
2017-11-24,17:55:00,40.3,40.3,40.27,40.27,5000,0
2017-11-24,18:00:00,40.29,40.32,40.28,40.315,5139,0
2017-11-24,18:05:00,40.315,40.33,40.27,40.28,6265,0
2017-11-24,18:10:00,40.285,40.29,40.27,40.29,3210,0
2017-11-24,18:15:00,40.3,40.32,40.28,40.305,6850,0
2017-11-24,18:20:00,40.3,40.32,40.24,40.24,5490,0
2017-11-24,18:25:00,40.23,40.25,40.23,40.23,3678,0
2017-11-24,18:30:00,40.23,40.245,40.22,40.24,8517,0
2017-11-24,18:35:00,40.25,40.34,40.25,40.33,7373,0
2017-11-24,18:40:00,40.33,40.37,40.33,40.36,6150,0
2017-11-24,18:45:00,40.37,40.38,40.35,40.365,14216,0
2017-11-24,18:50:00,40.37,40.39,40.35,40.39,13122,0
2017-11-24,18:55:00,40.38,40.48,40.38,40.48,23880,0
2017-11-24,19:00:00,40.48,40.58,40.475,40.53,80219,0
2017-11-24,19:05:00,40.54,40.54,40.54,40.54,82339,0
2017-11-27,15:35:00,40.46,40.63,40.46,40.52,8211,0
2017-11-27,15:40:00,40.53,40.53,40.406,40.48,8240,0
2017-11-27,15:45:00,40.48,40.49,40.45,40.47,7907,0
2017-11-27,15:50:00,40.48,40.5,40.47,40.495,5732,0
2017-11-27,15:55:00,40.5,40.57,40.495,40.54,16564,0
2017-11-27,16:00:00,40.55,40.6,40.55,40.6,20300,0
2017-11-27,16:05:00,40.6,40.7183,40.6,40.71,10290,0
2017-11-27,16:10:00,40.72,40.72,40.66,40.66,5290,0
2017-11-27,16:15:00,40.62,40.62,40.46,40.46,10363,0
2017-11-27,16:20:00,40.47,40.53,40.45,40.52,3100,0
2017-11-27,16:25:00,40.51,40.56,40.51,40.56,3790,0
2017-11-27,16:30:00,40.57,40.58,40.45,40.46,8828,0
2017-11-27,16:35:00,40.485,40.54,40.485,40.52,2079,0
2017-11-27,16:40:00,40.52,40.52,40.49,40.52,4450,0
2017-11-27,16:45:00,40.54,40.55,40.535,40.55,1710,0
2017-11-27,16:50:00,40.55,40.58,40.55,40.555,3900,0
2017-11-27,16:55:00,40.56,40.56,40.535,40.55,3028,0
2017-11-27,17:00:00,40.545,40.56,40.52,40.56,3099,0
2017-11-27,17:05:00,40.55,40.56,40.54,40.54,2290,0
2017-11-27,17:10:00,40.54,40.54,40.52,40.53,2392,0
2017-11-27,17:15:00,40.535,40.535,40.47,40.47,3961,0
2017-11-27,17:20:00,40.46,40.46,40.4,40.4,8707,0
2017-11-27,17:25:00,40.39,40.43,40.39,40.42,6197,0
2017-11-27,17:30:00,40.43,40.57,40.41,40.57,11605,0
2017-11-27,17:35:00,40.58,40.58,40.53,40.53,4863,0
2017-11-27,17:40:00,40.54,40.56,40.53,40.55,2254,0
2017-11-27,17:45:00,40.57,40.57,40.54,40.545,2600,0
2017-11-27,17:50:00,40.54,40.63,40.54,40.62,4623,0
2017-11-27,17:55:00,40.61,40.61,40.59,40.6,4304,0
2017-11-27,18:00:00,40.595,40.595,40.555,40.555,2755,0
2017-11-27,18:05:00,40.55,40.59,40.52,40.59,4316,0
2017-11-27,18:10:00,40.61,40.63,40.6,40.6,3317,0
2017-11-27,18:15:00,40.61,40.64,40.6,40.63,4935,0
2017-11-27,18:20:00,40.63,40.63,40.58,40.59,4057,0
2017-11-27,18:25:00,40.585,40.61,40.57,40.6,5060,0
2017-11-27,18:30:00,40.62,40.63,40.6,40.63,2400,0
2017-11-27,18:35:00,40.64,40.66,40.61,40.66,3500,0
2017-11-27,18:40:00,40.65,40.66,40.625,40.63,1703,0
2017-11-27,18:45:00,40.63,40.65,40.62,40.645,6914,0
2017-11-27,18:50:00,40.64,40.65,40.6,40.6,5511,0
2017-11-27,18:55:00,40.6,40.6,40.54,40.56,21313,0
2017-11-27,19:00:00,40.56,40.56,40.49,40.495,5977,0
2017-11-27,19:05:00,40.5,40.5,40.47,40.49,4352,0
2017-11-27,19:10:00,40.5,40.54,40.5,40.52,1683,0
2017-11-27,19:15:00,40.52,40.52,40.51,40.52,1900,0
2017-11-27,19:20:00,40.51,40.52,40.49,40.49,1874,0
2017-11-27,19:25:00,40.48,40.5,40.48,40.495,2679,0
2017-11-27,19:30:00,40.5,40.5,40.4801,40.5,2254,0
2017-11-27,19:35:00,40.5,40.52,40.4993,40.52,2309,0
2017-11-27,19:40:00,40.515,40.515,40.46,40.4661,6340,0
2017-11-27,19:45:00,40.47,40.49,40.46,40.49,2678,0
2017-11-27,19:50:00,40.49,40.54,40.49,40.54,3559,0
2017-11-27,19:55:00,40.55,40.56,40.53,40.55,13809,0
2017-11-27,20:00:00,40.55,40.55,40.49,40.495,3230,0
2017-11-27,20:05:00,40.5,40.52,40.48,40.48,6199,0
2017-11-27,20:10:00,40.47,40.48,40.44,40.471,3594,0
2017-11-27,20:15:00,40.49,40.49,40.47,40.49,2624,0
2017-11-27,20:20:00,40.49,40.49,40.47,40.4809,6082,0
2017-11-27,20:25:00,40.485,40.49,40.45,40.46,6068,0
2017-11-27,20:30:00,40.45,40.505,40.45,40.48,7365,0
2017-11-27,20:35:00,40.48,40.5,40.48,40.5,4637,0
2017-11-27,20:40:00,40.5,40.53,40.5,40.525,5974,0
2017-11-27,20:45:00,40.525,40.555,40.525,40.54,8142,0
2017-11-27,20:50:00,40.54,40.54,40.46,40.47,10153,0
2017-11-27,20:55:00,40.475,40.475,40.4401,40.4401,3557,0
2017-11-27,21:00:00,40.44,40.5,40.44,40.495,9751,0
2017-11-27,21:05:00,40.5,40.51,40.49,40.5063,5846,0
2017-11-27,21:10:00,40.5,40.51,40.46,40.47,7144,0
2017-11-27,21:15:00,40.47,40.47,40.44,40.44,6260,0
2017-11-27,21:20:00,40.44,40.51,40.44,40.46,14015,0
2017-11-27,21:25:00,40.465,40.47,40.45,40.45,6417,0
2017-11-27,21:30:00,40.45,40.47,40.45,40.46,9230,0
2017-11-27,21:35:00,40.46,40.47,40.46,40.465,6989,0
2017-11-27,21:40:00,40.465,40.47,40.46,40.465,6500,0
2017-11-27,21:45:00,40.47,40.47,40.43,40.43,19962,0
2017-11-27,21:50:00,40.43,40.44,40.39,40.39,25769,0
2017-11-27,21:55:00,40.391,40.395,40.295,40.32,36216,0
2017-11-27,22:00:00,40.32,40.355,40.29,40.34,159953,0
2017-11-28,15:35:00,40.47,40.48,40.36,40.36,6818,0
2017-11-28,15:40:00,40.39,40.405,40.295,40.34,3100,0
2017-11-28,15:45:00,40.37,40.44,40.37,40.435,5900,0
2017-11-28,15:50:00,40.46,40.46,40.365,40.365,9658,0
2017-11-28,15:55:00,40.38,40.38,40.33,40.34,2850,0
2017-11-28,16:00:00,40.33,40.335,40.2,40.335,12745,0
2017-11-28,16:05:00,40.35,40.36,40.25,40.25,3895,0
2017-11-28,16:10:00,40.28,40.2998,40.27,40.29,4527,0
2017-11-28,16:15:00,40.29,40.33,40.28,40.33,3437,0
2017-11-28,16:20:00,40.33,40.33,40.33,40.33,100,0
2017-11-28,16:25:00,40.32,40.38,40.32,40.37,2900,0
2017-11-28,16:30:00,40.37,40.385,40.37,40.385,6845,0
2017-11-28,16:35:00,40.39,40.43,40.39,40.4028,3740,0
2017-11-28,16:40:00,40.39,40.47,40.39,40.41,17761,0
2017-11-28,16:45:00,40.41,40.41,40.38,40.38,1500,0
2017-11-28,16:50:00,40.39,40.4,40.36,40.4,3600,0
2017-11-28,16:55:00,40.395,40.415,40.37,40.38,4873,0
2017-11-28,17:00:00,40.37,40.38,40.34,40.34,5759,0
2017-11-28,17:05:00,40.34,40.35,40.31,40.31,6486,0
2017-11-28,17:10:00,40.315,40.32,40.23,40.23,11322,0
2017-11-28,17:15:00,40.23,40.28,40.22,40.27,1919,0
2017-11-28,17:20:00,40.26,40.33,40.26,40.3,6115,0
2017-11-28,17:25:00,40.3,40.3,40.26,40.26,4182,0
2017-11-28,17:30:00,40.26,40.31,40.26,40.31,2001,0
2017-11-28,17:35:00,40.31,40.32,40.3,40.31,2595,0
2017-11-28,17:40:00,40.31,40.34,40.31,40.33,7580,0
2017-11-28,17:45:00,40.31,40.33,40.3,40.3,4350,0
2017-11-28,17:50:00,40.29,40.31,40.29,40.31,2266,0
2017-11-28,17:55:00,40.32,40.32,40.3,40.305,2500,0
2017-11-28,18:00:00,40.305,40.315,40.27,40.28,9957,0
2017-11-28,18:05:00,40.28,40.2852,40.28,40.285,2315,0
2017-11-28,18:10:00,40.285,40.29,40.285,40.285,5403,0
2017-11-28,18:15:00,40.285,40.3,40.28,40.3,6550,0
2017-11-28,18:20:00,40.3,40.325,40.29,40.29,3056,0
2017-11-28,18:25:00,40.29,40.3,40.29,40.295,3300,0
2017-11-28,18:30:00,40.295,40.3,40.25,40.25,5599,0
2017-11-28,18:35:00,40.25,40.27,40.245,40.27,2934,0
2017-11-28,18:40:00,40.27,40.27,40.2638,40.2638,1092,0
2017-11-28,18:45:00,40.265,40.275,40.26,40.26,4002,0
2017-11-28,18:50:00,40.2601,40.27,40.25,40.25,3545,0
2017-11-28,18:55:00,40.25,40.28,40.25,40.28,1700,0
2017-11-28,19:00:00,40.285,40.315,40.28,40.315,2770,0
2017-11-28,19:05:00,40.315,40.3234,40.31,40.32,6357,0
2017-11-28,19:10:00,40.31,40.32,40.295,40.315,5571,0
2017-11-28,19:15:00,40.32,40.33,40.31,40.325,2251,0
2017-11-28,19:20:00,40.325,40.325,40.31,40.31,2900,0
2017-11-28,19:25:00,40.315,40.32,40.28,40.28,3190,0
2017-11-28,19:30:00,40.29,40.29,40.28,40.29,800,0
2017-11-28,19:35:00,40.29,40.33,40.29,40.33,5393,0
2017-11-28,19:40:00,40.34,40.34,40.3,40.3,6575,0
2017-11-28,19:45:00,40.29,40.315,40.29,40.305,3236,0
2017-11-28,19:50:00,40.3,40.31,40.3,40.3,800,0
2017-11-28,19:55:00,40.3,40.31,40.25,40.25,3901,0
2017-11-28,20:00:00,40.26,40.26,40.23,40.235,2301,0
2017-11-28,20:05:00,40.235,40.235,40.2,40.23,5224,0
2017-11-28,20:10:00,40.235,40.27,40.235,40.27,1616,0
2017-11-28,20:15:00,40.28,40.295,40.28,40.28,3700,0
2017-11-28,20:20:00,40.28,40.32,40.28,40.32,3245,0
2017-11-28,20:25:00,40.315,40.35,40.31,40.34,3010,0
2017-11-28,20:30:00,40.34,40.35,40.305,40.305,9806,0
2017-11-28,20:35:00,40.305,40.34,40.3,40.335,7266,0
2017-11-28,20:40:00,40.335,40.34,40.32,40.325,5849,0
2017-11-28,20:45:00,40.33,40.33,40.315,40.325,13944,0
2017-11-28,20:50:00,40.33,40.34,40.3,40.315,19466,0
2017-11-28,20:55:00,40.315,40.335,40.31,40.33,16851,0
2017-11-28,21:00:00,40.33,40.34,40.32,40.335,9633,0
2017-11-28,21:05:00,40.335,40.335,40.32,40.325,8600,0
2017-11-28,21:10:00,40.325,40.33,40.31,40.325,13486,0
2017-11-28,21:15:00,40.325,40.325,40.26,40.28,20438,0
2017-11-28,21:20:00,40.28,40.295,40.27,40.28,22363,0
2017-11-28,21:25:00,40.285,40.31,40.285,40.3,12756,0
2017-11-28,21:30:00,40.29,40.305,40.285,40.3,9454,0
2017-11-28,21:35:00,40.3,40.31,40.29,40.29,18653,0
2017-11-28,21:40:00,40.29,40.32,40.29,40.3,16479,0
2017-11-28,21:45:00,40.3,40.31,40.29,40.3,16415,0
2017-11-28,21:50:00,40.295,40.31,40.28,40.28,24591,0
2017-11-28,21:55:00,40.29,40.31,40.28,40.28,36323,0
2017-11-28,22:00:00,40.285,40.38,40.28,40.38,694932,0
2017-11-29,15:35:00,40.43,40.48,40.34,40.36,9600,0
2017-11-29,15:40:00,40.35,40.4,40.34,40.38,9646,0
2017-11-29,15:45:00,40.385,40.49,40.385,40.475,6159,0
2017-11-29,15:50:00,40.48,40.48,40.42,40.45,10996,0
2017-11-29,15:55:00,40.45,40.495,40.44,40.495,5680,0
2017-11-29,16:00:00,40.495,40.53,40.48,40.48,9717,0
2017-11-29,16:05:00,40.495,40.5,40.385,40.41,15286,0
2017-11-29,16:10:00,40.41,40.41,40.36,40.3949,8946,0
2017-11-29,16:15:00,40.4,40.41,40.35,40.35,19724,0
2017-11-29,16:20:00,40.34,40.34,40.29,40.32,5226,0
2017-11-29,16:25:00,40.33,40.445,40.33,40.41,14500,0
2017-11-29,16:30:00,40.4,40.43,40.37,40.37,4900,0
2017-11-29,16:35:00,40.38,40.46,40.37,40.445,12318,0
2017-11-29,16:40:00,40.44,40.46,40.405,40.41,17160,0
2017-11-29,16:45:00,40.42,40.43,40.39,40.4,7676,0
2017-11-29,16:50:00,40.405,40.41,40.37,40.38,11323,0
2017-11-29,16:55:00,40.38,40.38,40.34,40.35,3648,0
2017-11-29,17:00:00,40.35,40.375,40.34,40.37,5500,0
2017-11-29,17:05:00,40.375,40.4,40.37,40.37,5130,0
2017-11-29,17:10:00,40.37,40.39,40.36,40.36,9130,0
2017-11-29,17:15:00,40.38,40.4,40.34,40.39,7151,0
2017-11-29,17:20:00,40.39,40.39,40.36,40.36,6900,0
2017-11-29,17:25:00,40.3813,40.39,40.36,40.375,5273,0
2017-11-29,17:30:00,40.36,40.37,40.33,40.35,3000,0
2017-11-29,17:35:00,40.35,40.38,40.28,40.28,15244,0
2017-11-29,17:40:00,40.28,40.28,40.25,40.28,6160,0
2017-11-29,17:45:00,40.2815,40.31,40.28,40.28,13291,0
2017-11-29,17:50:00,40.27,40.31,40.25,40.305,25331,0
2017-11-29,17:55:00,40.3,40.33,40.29,40.33,6542,0
2017-11-29,18:00:00,40.335,40.34,40.28,40.29,6609,0
2017-11-29,18:05:00,40.28,40.31,40.26,40.27,7272,0
2017-11-29,18:10:00,40.27,40.275,40.26,40.275,6872,0
2017-11-29,18:15:00,40.29,40.3,40.28,40.29,5555,0
2017-11-29,18:20:00,40.29,40.32,40.29,40.31,17133,0
2017-11-29,18:25:00,40.31,40.33,40.3,40.325,3620,0
2017-11-29,18:30:00,40.33,40.33,40.23,40.24,12732,0
2017-11-29,18:35:00,40.2425,40.26,40.23,40.26,7000,0
2017-11-29,18:40:00,40.26,40.28,40.26,40.28,3800,0
2017-11-29,18:45:00,40.28,40.33,40.27,40.32,1714,0
2017-11-29,18:50:00,40.32,40.32,40.29,40.29,4731,0
2017-11-29,18:55:00,40.2921,40.2921,40.26,40.26,3872,0
2017-11-29,19:00:00,40.26,40.3,40.25,40.29,2024,0
2017-11-29,19:05:00,40.29,40.31,40.28,40.31,4400,0
2017-11-29,19:10:00,40.3,40.31,40.28,40.28,5504,0
2017-11-29,19:15:00,40.29,40.3,40.27,40.28,5501,0
2017-11-29,19:20:00,40.28,40.3,40.27,40.29,3597,0
2017-11-29,19:25:00,40.3,40.3,40.275,40.285,3646,0
2017-11-29,19:30:00,40.28,40.3,40.28,40.29,4285,0
2017-11-29,19:35:00,40.285,40.29,40.23,40.23,7012,0
2017-11-29,19:40:00,40.23,40.24,40.23,40.24,2800,0
2017-11-29,19:45:00,40.24,40.24,40.22,40.22,3161,0
2017-11-29,19:50:00,40.239,40.26,40.23,40.26,27180,0
2017-11-29,19:55:00,40.265,40.28,40.25,40.25,18028,0
2017-11-29,20:00:00,40.24,40.25,40.21,40.23,5150,0
2017-11-29,20:05:00,40.235,40.26,40.235,40.25,11008,0
2017-11-29,20:10:00,40.25,40.25,40.22,40.25,4929,0
2017-11-29,20:15:00,40.25,40.27,40.22,40.25,6368,0
2017-11-29,20:20:00,40.25,40.28,40.2401,40.265,7709,0
2017-11-29,20:25:00,40.265,40.27,40.23,40.255,11484,0
2017-11-29,20:30:00,40.25,40.27,40.23,40.25,5694,0
2017-11-29,20:35:00,40.25,40.25,40.22,40.24,4170,0
2017-11-29,20:40:00,40.24,40.25,40.23,40.23,5425,0
2017-11-29,20:45:00,40.23,40.24,40.22,40.22,5800,0
2017-11-29,20:50:00,40.22,40.28,40.215,40.28,5235,0
2017-11-29,20:55:00,40.27,40.28,40.26,40.265,6391,0
2017-11-29,21:00:00,40.27,40.28,40.23,40.24,12751,0
2017-11-29,21:05:00,40.24,40.25,40.23,40.24,4930,0
2017-11-29,21:10:00,40.23,40.23,40.18,40.18,15850,0
2017-11-29,21:15:00,40.185,40.185,40.145,40.145,10140,0
2017-11-29,21:20:00,40.14,40.14,40.05,40.075,31069,0
2017-11-29,21:25:00,40.08,40.09,40.075,40.09,24930,0
2017-11-29,21:30:00,40.085,40.105,40.0634,40.09,18415,0
2017-11-29,21:35:00,40.095,40.17,40.095,40.17,15097,0
2017-11-29,21:40:00,40.17,40.2,40.1501,40.18,13696,0
2017-11-29,21:45:00,40.18,40.21,40.18,40.195,19708,0
2017-11-29,21:50:00,40.2,40.22,40.18,40.205,33989,0
2017-11-29,21:55:00,40.205,40.21,40.19,40.19,40837,0
2017-11-29,22:00:00,40.195,40.23,40.19,40.21,165282,0
2017-11-30,15:35:00,40.27,40.42,40.27,40.355,10812,0
2017-11-30,15:40:00,40.33,40.37,40.25,40.3,21952,0
2017-11-30,15:45:00,40.3,40.325,40.23,40.28,4028,0
2017-11-30,15:50:00,40.29,40.32,40.24,40.31,12400,0
2017-11-30,15:55:00,40.33,40.33,40.23,40.23,6732,0
2017-11-30,16:00:00,40.24,40.26,40.24,40.25,5291,0
2017-11-30,16:05:00,40.25,40.29,40.24,40.27,14473,0
2017-11-30,16:10:00,40.27,40.32,40.27,40.28,11992,0
2017-11-30,16:15:00,40.28,40.32,40.28,40.31,8475,0
2017-11-30,16:20:00,40.31,40.33,40.29,40.31,9073,0
2017-11-30,16:25:00,40.315,40.32,40.3,40.315,12829,0
2017-11-30,16:30:00,40.32,40.34,40.29,40.29,12731,0
2017-11-30,16:35:00,40.29,40.31,40.28,40.29,7856,0
2017-11-30,16:40:00,40.28,40.28,40.26,40.28,600,0
2017-11-30,16:45:00,40.27,40.2708,40.22,40.22,5432,0
2017-11-30,16:50:00,40.24,40.24,40.2,40.23,7629,0
2017-11-30,16:55:00,40.22,40.29,40.21,40.29,5865,0
2017-11-30,17:00:00,40.295,40.31,40.28,40.3,15271,0
2017-11-30,17:05:00,40.29,40.43,40.29,40.42,28053,0
2017-11-30,17:10:00,40.41,40.43,40.375,40.42,31584,0
2017-11-30,17:15:00,40.42,40.54,40.42,40.54,16371,0
2017-11-30,17:20:00,40.53,40.65,40.53,40.645,7737,0
2017-11-30,17:25:00,40.66,40.67,40.615,40.615,13106,0
2017-11-30,17:30:00,40.62,40.62,40.53,40.54,10758,0
2017-11-30,17:35:00,40.535,40.55,40.47,40.47,21558,0
2017-11-30,17:40:00,40.475,40.53,40.475,40.51,13544,0
2017-11-30,17:45:00,40.52,40.52,40.485,40.51,10604,0
2017-11-30,17:50:00,40.505,40.51,40.48,40.5,8172,0
2017-11-30,17:55:00,40.49,40.51,40.48,40.5075,11424,0
2017-11-30,18:00:00,40.505,40.51,40.48,40.5,12396,0
2017-11-30,18:05:00,40.505,40.51,40.49,40.49,7537,0
2017-11-30,18:10:00,40.49,40.51,40.48,40.505,9292,0
2017-11-30,18:15:00,40.51,40.52,40.505,40.52,14491,0
2017-11-30,18:20:00,40.52,40.53,40.52,40.52,6000,0
2017-11-30,18:25:00,40.525,40.545,40.52,40.545,9802,0
2017-11-30,18:30:00,40.545,40.57,40.54,40.57,23275,0
2017-11-30,18:35:00,40.57,40.57,40.56,40.56,15390,0
2017-11-30,18:40:00,40.57,40.6,40.57,40.595,15356,0
2017-11-30,18:45:00,40.59,40.62,40.55,40.615,14366,0
2017-11-30,18:50:00,40.62,40.62,40.58,40.58,11733,0
2017-11-30,18:55:00,40.585,40.605,40.585,40.605,3608,0
2017-11-30,19:00:00,40.605,40.605,40.58,40.6,5993,0
2017-11-30,19:05:00,40.6,40.61,40.59,40.61,13069,0
2017-11-30,19:10:00,40.61,40.615,40.51,40.52,8608,0
2017-11-30,19:15:00,40.526,40.53,40.4833,40.5,7721,0
2017-11-30,19:20:00,40.5,40.5,40.45,40.45,5083,0
2017-11-30,19:25:00,40.45,40.46,40.41,40.42,8951,0
2017-11-30,19:30:00,40.41,40.43,40.38,40.385,6912,0
2017-11-30,19:35:00,40.39,40.42,40.385,40.42,6896,0
2017-11-30,19:40:00,40.43,40.4659,40.43,40.4659,5083,0
2017-11-30,19:45:00,40.46,40.46,40.4137,40.4137,7424,0
2017-11-30,19:50:00,40.415,40.43,40.41,40.42,4360,0
2017-11-30,19:55:00,40.42,40.42,40.37,40.385,7542,0
2017-11-30,20:00:00,40.38,40.405,40.34,40.405,7088,0
2017-11-30,20:05:00,40.41,40.41,40.39,40.4,7305,0
2017-11-30,20:10:00,40.4,40.41,40.38,40.4,12913,0
2017-11-30,20:15:00,40.39,40.41,40.39,40.41,13355,0
2017-11-30,20:20:00,40.4,40.405,40.4,40.4,800,0
2017-11-30,20:25:00,40.405,40.41,40.4,40.405,6834,0
2017-11-30,20:30:00,40.405,40.48,40.395,40.48,27794,0
2017-11-30,20:35:00,40.49,40.52,40.47,40.505,4309,0
2017-11-30,20:40:00,40.5,40.5,40.475,40.48,8429,0
2017-11-30,20:45:00,40.47,40.49,40.47,40.47,10390,0
2017-11-30,20:50:00,40.46,40.46,40.41,40.41,5904,0
2017-11-30,20:55:00,40.415,40.47,40.415,40.47,13713,0
2017-11-30,21:00:00,40.46,40.47,40.415,40.44,6147,0
2017-11-30,21:05:00,40.44,40.445,40.41,40.41,6122,0
2017-11-30,21:10:00,40.41,40.44,40.39,40.405,10472,0
2017-11-30,21:15:00,40.405,40.42,40.38,40.39,12526,0
2017-11-30,21:20:00,40.4,40.41,40.38,40.38,9674,0
2017-11-30,21:25:00,40.38,40.38,40.36,40.37,11562,0
2017-11-30,21:30:00,40.375,40.43,40.37,40.43,8869,0
2017-11-30,21:35:00,40.43,40.44,40.42,40.42,7900,0
2017-11-30,21:40:00,40.425,40.45,40.4,40.41,16884,0
2017-11-30,21:45:00,40.41,40.45,40.4,40.445,14675,0
2017-11-30,21:50:00,40.45,40.46,40.42,40.44,64015,0
2017-11-30,21:55:00,40.45,40.45,40.43,40.435,66848,0
2017-11-30,22:00:00,40.44,40.46,40.41,40.43,311086,0
2017-12-01,15:35:00,40.46,40.48,40.32,40.37,14325,0
2017-12-01,15:40:00,40.36,40.42,40.25,40.27,7400,0
2017-12-01,15:45:00,40.25,40.3,40.18,40.24,9847,0
2017-12-01,15:50:00,40.27,40.37,40.25,40.27,17800,0
2017-12-01,15:55:00,40.2853,40.3086,40.27,40.29,2489,0
2017-12-01,16:00:00,40.3,40.3,40.27,40.28,4900,0
2017-12-01,16:05:00,40.27,40.27,40.1,40.25,13635,0
2017-12-01,16:10:00,40.25,40.335,40.25,40.3,12200,0
2017-12-01,16:15:00,40.31,40.32,40.241,40.29,12023,0
2017-12-01,16:20:00,40.29,40.33,40.27,40.33,12510,0
2017-12-01,16:25:00,40.345,40.345,40.29,40.29,26132,0
2017-12-01,16:30:00,40.3,40.31,40.26,40.3,13332,0
2017-12-01,16:35:00,40.31,40.355,40.29,40.29,16620,0
2017-12-01,16:40:00,40.29,40.37,40.26,40.36,27226,0
2017-12-01,16:45:00,40.39,40.43,40.38,40.425,5615,0
2017-12-01,16:50:00,40.43,40.44,40.39,40.41,12592,0
2017-12-01,16:55:00,40.42,40.44,40.4,40.42,7516,0
2017-12-01,17:00:00,40.425,40.43,40.39,40.39,9184,0
2017-12-01,17:05:00,40.4,40.41,40.36,40.38,16281,0
2017-12-01,17:10:00,40.385,40.4,40.2805,40.35,14341,0
2017-12-01,17:15:00,40.34,40.34,40.0102,40.155,27212,0
2017-12-01,17:20:00,40.185,40.26,40.145,40.255,11774,0
2017-12-01,17:25:00,40.255,40.275,40.17,40.19,18526,0
2017-12-01,17:30:00,40.15,40.21,40.06,40.09,14075,0
2017-12-01,17:35:00,40.07,40.21,40,40.18,20516,0
2017-12-01,17:40:00,40.16,40.5,40.13,40.46,14730,0
2017-12-01,17:45:00,40.5,40.5,40.34,40.36,26510,0
2017-12-01,17:50:00,40.385,40.385,40.34,40.37,7512,0
2017-12-01,17:55:00,40.35,40.45,40.33,40.35,11032,0
2017-12-01,18:00:00,40.36,40.42,40.32,40.4,48244,0
2017-12-01,18:05:00,40.43,40.43,40.36,40.41,7000,0
2017-12-01,18:10:00,40.42,40.45,40.36,40.4,27127,0
2017-12-01,18:15:00,40.38,40.4,40.3399,40.365,6725,0
2017-12-01,18:20:00,40.38,40.42,40.35,40.38,4200,0
2017-12-01,18:25:00,40.4,40.41,40.37,40.3852,6640,0
2017-12-01,18:30:00,40.4,40.44,40.4,40.44,24899,0
2017-12-01,18:35:00,40.46,40.4685,40.43,40.4685,6233,0
2017-12-01,18:40:00,40.47,40.51,40.4425,40.49,26740,0
2017-12-01,18:45:00,40.49,40.55,40.485,40.53,5040,0
2017-12-01,18:50:00,40.53,40.57,40.53,40.57,13358,0
2017-12-01,18:55:00,40.57,40.5847,40.57,40.5847,1745,0
2017-12-01,19:00:00,40.58,40.595,40.54,40.595,12719,0
2017-12-01,19:05:00,40.59,40.59,40.55,40.55,3390,0
2017-12-01,19:10:00,40.55,40.59,40.54,40.59,2700,0
2017-12-01,19:15:00,40.6,40.61,40.53,40.53,9593,0
2017-12-01,19:20:00,40.54,40.54,40.478,40.49,3039,0
2017-12-01,19:25:00,40.49,40.55,40.49,40.55,1700,0
2017-12-01,19:30:00,40.55,40.57,40.53,40.53,2675,0
2017-12-01,19:35:00,40.54,40.57,40.52,40.54,9060,0
2017-12-01,19:40:00,40.57,40.58,40.51,40.53,8337,0
2017-12-01,19:45:00,40.53,40.535,40.42,40.45,6521,0
2017-12-01,19:50:00,40.43,40.44,40.4,40.42,5089,0
2017-12-01,19:55:00,40.42,40.43,40.4,40.41,4720,0
2017-12-01,20:00:00,40.4,40.425,40.39,40.4,6191,0
2017-12-01,20:05:00,40.39,40.44,40.38,40.43,7519,0
2017-12-01,20:10:00,40.43,40.43,40.4,40.425,5600,0
2017-12-01,20:15:00,40.43,40.44,40.4117,40.42,7802,0
2017-12-01,20:20:00,40.41,40.43,40.41,40.41,6201,0
2017-12-01,20:25:00,40.415,40.44,40.4,40.42,12324,0
2017-12-01,20:30:00,40.42,40.43,40.4,40.43,9596,0
2017-12-01,20:35:00,40.43,40.44,40.42,40.43,7854,0
2017-12-01,20:40:00,40.43,40.45,40.43,40.44,11351,0
2017-12-01,20:45:00,40.445,40.445,40.42,40.43,22600,0
2017-12-01,20:50:00,40.435,40.47,40.42,40.46,12130,0
2017-12-01,20:55:00,40.45,40.46,40.44,40.46,5573,0
2017-12-01,21:00:00,40.45,40.52,40.45,40.52,5798,0
2017-12-01,21:05:00,40.52,40.53,40.47,40.505,19204,0
2017-12-01,21:10:00,40.5,40.51,40.49,40.49,14753,0
2017-12-01,21:15:00,40.495,40.5,40.48,40.49,5143,0
2017-12-01,21:20:00,40.48,40.5,40.48,40.49,13094,0
2017-12-01,21:25:00,40.485,40.495,40.47,40.47,15434,0
2017-12-01,21:30:00,40.47,40.5,40.47,40.495,9890,0
2017-12-01,21:35:00,40.495,40.51,40.48,40.48,27773,0
2017-12-01,21:40:00,40.49,40.49,40.48,40.48,17603,0
2017-12-01,21:45:00,40.49,40.54,40.489,40.54,31394,0
2017-12-01,21:50:00,40.54,40.58,40.53,40.535,34609,0
2017-12-01,21:55:00,40.535,40.54,40.45,40.45,40498,0
2017-12-01,22:00:00,40.45,40.58,40.45,40.58,271273,0
2017-12-04,15:35:00,40.74,40.75,40.04,40.7,25774,0
2017-12-04,15:40:00,40.69,40.73,40.67,40.69,4064,0
2017-12-04,15:45:00,40.69,40.73,40.67,40.715,7653,0
2017-12-04,15:50:00,40.7,40.71,40.52,40.55,10585,0
2017-12-04,15:55:00,40.52,40.54,40.44,40.47,8030,0
2017-12-04,16:00:00,40.45,40.47,40.39,40.42,6120,0
2017-12-04,16:05:00,40.42,40.48,40.42,40.48,2826,0
2017-12-04,16:10:00,40.5,40.58,40.49,40.58,4840,0
2017-12-04,16:15:00,40.58,40.6,40.44,40.445,7284,0
2017-12-04,16:20:00,40.44,40.45,40.37,40.4,6965,0
2017-12-04,16:25:00,40.41,40.4372,40.38,40.4,6593,0
2017-12-04,16:30:00,40.39,40.45,40.38,40.42,9600,0
2017-12-04,16:35:00,40.41,40.41,40.36,40.36,5342,0
2017-12-04,16:40:00,40.36,40.39,40.35,40.38,4970,0
2017-12-04,16:45:00,40.38,40.39,40.34,40.34,4051,0
2017-12-04,16:50:00,40.33,40.3352,40.24,40.24,9017,0
2017-12-04,16:55:00,40.26,40.26,40.18,40.18,5541,0
2017-12-04,17:00:00,40.18,40.25,40.18,40.19,9328,0
2017-12-04,17:05:00,40.21,40.24,40.21,40.22,6142,0
2017-12-04,17:10:00,40.225,40.26,40.225,40.25,8019,0
2017-12-04,17:15:00,40.24,40.24,40.22,40.24,2700,0
2017-12-04,17:20:00,40.24,40.27,40.24,40.24,6105,0
2017-12-04,17:25:00,40.25,40.26,40.24,40.24,5400,0
2017-12-04,17:30:00,40.25,40.25,40.15,40.15,12281,0
2017-12-04,17:35:00,40.17,40.17,40.12,40.13,17582,0
2017-12-04,17:40:00,40.12,40.18,40.11,40.175,12123,0
2017-12-04,17:45:00,40.17,40.17,40.1,40.1,9163,0
2017-12-04,17:50:00,40.1,40.16,40.1,40.16,5500,0
2017-12-04,17:55:00,40.16,40.17,40.13,40.14,7736,0
2017-12-04,18:00:00,40.14,40.14,40.1,40.11,4560,0
2017-12-04,18:05:00,40.1,40.17,40.1,40.17,2737,0
2017-12-04,18:10:00,40.17,40.17,40.14,40.15,33688,0
2017-12-04,18:15:00,40.15,40.2,40.15,40.19,8027,0
2017-12-04,18:20:00,40.2,40.2,40.15,40.15,7618,0
2017-12-04,18:25:00,40.15,40.16,40.09,40.09,13976,0
2017-12-04,18:30:00,40.09,40.1,40.08,40.09,6707,0
2017-12-04,18:35:00,40.08,40.08,40.04,40.04,134430,0
2017-12-04,18:40:00,40.04,40.06,39.9547,39.97,12879,0
2017-12-04,18:45:00,39.96,39.97,39.96,39.96,3202,0
2017-12-04,18:50:00,39.965,39.97,39.96,39.965,4400,0
2017-12-04,18:55:00,39.97,40.04,39.96,40.04,13991,0
2017-12-04,19:00:00,40.035,40.04,39.95,39.95,10544,0
2017-12-04,19:05:00,39.94,39.9447,39.9299,39.94,4084,0
2017-12-04,19:10:00,39.95,39.95,39.85,39.86,8829,0
2017-12-04,19:15:00,39.84,39.85,39.8,39.8,7169,0
2017-12-04,19:20:00,39.795,39.8,39.68,39.69,18546,0
2017-12-04,19:25:00,39.7,39.73,39.7,39.73,4490,0
2017-12-04,19:30:00,39.725,39.73,39.575,39.6,28277,0
2017-12-04,19:35:00,39.59,39.67,39.56,39.67,8825,0
2017-12-04,19:40:00,39.675,39.69,39.64,39.685,8192,0
2017-12-04,19:45:00,39.68,39.69,39.67,39.69,5110,0
2017-12-04,19:50:00,39.69,39.69,39.67,39.6726,3615,0
2017-12-04,19:55:00,39.68,39.81,39.68,39.81,8899,0
2017-12-04,20:00:00,39.81,39.81,39.73,39.75,10101,0
2017-12-04,20:05:00,39.77,39.77,39.76,39.76,3325,0
2017-12-04,20:10:00,39.77,39.77,39.71,39.72,17269,0
2017-12-04,20:15:00,39.73,39.74,39.72,39.74,2498,0
2017-12-04,20:20:00,39.74,39.75,39.7,39.71,12004,0
2017-12-04,20:25:00,39.71,39.71,39.67,39.68,10421,0
2017-12-04,20:30:00,39.67,39.7,39.65,39.65,17462,0
2017-12-04,20:35:00,39.65,39.655,39.59,39.6,13061,0
2017-12-04,20:40:00,39.6,39.66,39.59,39.65,13515,0
2017-12-04,20:45:00,39.64,39.65,39.56,39.585,20556,0
2017-12-04,20:50:00,39.58,39.59,39.35,39.38,77812,0
2017-12-04,20:55:00,39.38,39.48,39.38,39.48,9350,0
2017-12-04,21:00:00,39.475,39.48,39.42,39.44,16683,0
2017-12-04,21:05:00,39.44,39.44,39.3,39.41,36226,0
2017-12-04,21:10:00,39.42,39.42,39.36,39.375,32490,0
2017-12-04,21:15:00,39.38,39.39,39.37,39.38,7173,0
2017-12-04,21:20:00,39.38,39.48,39.38,39.48,21332,0
2017-12-04,21:25:00,39.48,39.53,39.48,39.53,19334,0
2017-12-04,21:30:00,39.53,39.6,39.53,39.58,18239,0
2017-12-04,21:35:00,39.58,39.67,39.57,39.67,33609,0
2017-12-04,21:40:00,39.68,39.7,39.59,39.64,39026,0
2017-12-04,21:45:00,39.64,39.74,39.64,39.74,46362,0
2017-12-04,21:50:00,39.74,39.82,39.715,39.81,98045,0
2017-12-04,21:55:00,39.81,39.85,39.7,39.705,109650,0
2017-12-04,22:00:00,39.705,39.705,39.66,39.69,450252,0
2017-12-05,15:35:00,39.63,39.755,39.51,39.66,10128,0
2017-12-05,15:40:00,39.66,39.72,39.5,39.67,12400,0
2017-12-05,15:45:00,39.67,39.74,39.62,39.7,14235,0
2017-12-05,15:50:00,39.7,39.7,39.48,39.51,7411,0
2017-12-05,15:55:00,39.49,39.61,39.45,39.595,15344,0
2017-12-05,16:00:00,39.5968,39.5968,39.49,39.495,38589,0
2017-12-05,16:05:00,39.495,39.54,39.49,39.505,21703,0
2017-12-05,16:10:00,39.51,39.68,39.505,39.68,21864,0
2017-12-05,16:15:00,39.7,39.78,39.7,39.78,11881,0
2017-12-05,16:20:00,39.773,39.855,39.76,39.85,22652,0
2017-12-05,16:25:00,39.86,39.87,39.81,39.85,18477,0
2017-12-05,16:30:00,39.855,39.9,39.8,39.87,31689,0
2017-12-05,16:35:00,39.86,39.89,39.81,39.875,13940,0
2017-12-05,16:40:00,39.875,39.875,39.75,39.76,30819,0
2017-12-05,16:45:00,39.76,39.79,39.75,39.765,20284,0
2017-12-05,16:50:00,39.76,39.79,39.75,39.785,20200,0
2017-12-05,16:55:00,39.785,39.84,39.77,39.78,13718,0
2017-12-05,17:00:00,39.785,39.815,39.77,39.775,17857,0
2017-12-05,17:05:00,39.775,39.78,39.72,39.755,18450,0
2017-12-05,17:10:00,39.755,39.76,39.75,39.76,5303,0
2017-12-05,17:15:00,39.76,39.78,39.755,39.769,10728,0
2017-12-05,17:20:00,39.77,39.77,39.67,39.76,24705,0
2017-12-05,17:25:00,39.75,39.78,39.75,39.77,13818,0
2017-12-05,17:30:00,39.77,39.775,39.76,39.77,14296,0
2017-12-05,17:35:00,39.765,39.79,39.76,39.79,14930,0
2017-12-05,17:40:00,39.8,39.8,39.785,39.79,11910,0
2017-12-05,17:45:00,39.781,39.81,39.78,39.81,25852,0
2017-12-05,17:50:00,39.805,39.81,39.795,39.81,16077,0
2017-12-05,17:55:00,39.81,39.83,39.805,39.81,17552,0
2017-12-05,18:00:00,39.82,39.83,39.78,39.79,13828,0
2017-12-05,18:05:00,39.79,39.8,39.745,39.79,11070,0
2017-12-05,18:10:00,39.78,39.8,39.775,39.79,10826,0
2017-12-05,18:15:00,39.79,39.79,39.73,39.76,15234,0
2017-12-05,18:20:00,39.75,39.795,39.75,39.77,23087,0
2017-12-05,18:25:00,39.77,39.78,39.76,39.78,4399,0
2017-12-05,18:30:00,39.78,39.79,39.77,39.77,13882,0
2017-12-05,18:35:00,39.77,39.805,39.77,39.805,35137,0
2017-12-05,18:40:00,39.81,39.81,39.79,39.79,11890,0
2017-12-05,18:45:00,39.8,39.82,39.79,39.82,16753,0
2017-12-05,18:50:00,39.81,39.815,39.78,39.81,10673,0
2017-12-05,18:55:00,39.805,39.84,39.805,39.84,4745,0
2017-12-05,19:00:00,39.84,39.84,39.79,39.82,18225,0
2017-12-05,19:05:00,39.825,39.83,39.81,39.8147,15816,0
2017-12-05,19:10:00,39.82,39.825,39.77,39.78,110385,0
2017-12-05,19:15:00,39.78,39.83,39.775,39.83,7873,0
2017-12-05,19:20:00,39.835,39.85,39.81,39.85,12347,0
2017-12-05,19:25:00,39.84,39.87,39.84,39.87,2146,0
2017-12-05,19:30:00,39.87,39.87,39.86,39.87,4981,0
2017-12-05,19:35:00,39.86,39.86,39.84,39.85,7087,0
2017-12-05,19:40:00,39.85,39.86,39.845,39.86,4729,0
2017-12-05,19:45:00,39.86,39.87,39.85,39.87,3131,0
2017-12-05,19:50:00,39.87,39.9,39.865,39.9,9797,0
2017-12-05,19:55:00,39.9,39.93,39.9,39.93,9168,0
2017-12-05,20:00:00,39.93,39.945,39.78,39.85,80829,0
2017-12-05,20:05:00,39.86,39.92,39.86,39.92,3605,0
2017-12-05,20:10:00,39.92,39.95,39.91,39.95,12077,0
2017-12-05,20:15:00,39.94,39.94,39.92,39.92,6200,0
2017-12-05,20:20:00,39.92,39.93,39.87,39.9,61403,0
2017-12-05,20:25:00,39.9,39.95,39.89,39.95,9271,0
2017-12-05,20:30:00,39.94,39.96,39.93,39.94,10690,0
2017-12-05,20:35:00,39.93,39.93,39.85,39.85,15705,0
2017-12-05,20:40:00,39.855,39.88,39.81,39.83,14221,0
2017-12-05,20:45:00,39.85,39.87,39.79,39.81,12154,0
2017-12-05,20:50:00,39.81,39.81,39.78,39.8,10092,0
2017-12-05,20:55:00,39.8,39.81,39.75,39.775,11172,0
2017-12-05,21:00:00,39.775,39.78,39.745,39.755,19731,0
2017-12-05,21:05:00,39.755,39.755,39.71,39.74,10035,0
2017-12-05,21:10:00,39.73,39.75,39.71,39.71,6928,0
2017-12-05,21:15:00,39.715,39.75,39.6799,39.74,46044,0
2017-12-05,21:20:00,39.735,39.75,39.7,39.72,8941,0
2017-12-05,21:25:00,39.73,39.79,39.72,39.79,11288,0
2017-12-05,21:30:00,39.79,39.83,39.77,39.8,12839,0
2017-12-05,21:35:00,39.795,39.81,39.71,39.72,24698,0
2017-12-05,21:40:00,39.715,39.75,39.69,39.73,36672,0
2017-12-05,21:45:00,39.725,39.77,39.72,39.77,12935,0
2017-12-05,21:50:00,39.77,39.795,39.76,39.78,23681,0
2017-12-05,21:55:00,39.77,39.77,39.72,39.725,36326,0
2017-12-05,22:00:00,39.73,39.87,39.725,39.87,299027,0
2017-12-06,15:35:00,39.78,39.86,39.65,39.77,17720,0
2017-12-06,15:40:00,39.78,39.88,39.69,39.88,50940,0
2017-12-06,15:45:00,39.88,39.89,39.7725,39.85,21402,0
2017-12-06,15:50:00,39.84,39.84,39.81,39.81,4460,0
2017-12-06,15:55:00,39.82,39.82,39.79,39.8,44171,0
2017-12-06,16:00:00,39.79,39.9,39.79,39.8,15654,0
2017-12-06,16:05:00,39.79,39.81,39.75,39.78,13878,0
2017-12-06,16:10:00,39.78,39.83,39.78,39.8,11581,0
2017-12-06,16:15:00,39.8,39.8,39.67,39.68,16644,0
2017-12-06,16:20:00,39.68,39.68,39.67,39.67,2831,0
2017-12-06,16:25:00,39.67,39.67,39.63,39.645,16809,0
2017-12-06,16:30:00,39.65,39.66,39.59,39.6,9838,0
2017-12-06,16:35:00,39.6,39.6,39.58,39.58,16973,0
2017-12-06,16:40:00,39.59,39.59,39.47,39.48,19872,0
2017-12-06,16:45:00,39.48,39.57,39.48,39.51,18408,0
2017-12-06,16:50:00,39.5142,39.57,39.5,39.53,17034,0
2017-12-06,16:55:00,39.51,39.52,39.46,39.52,14480,0
2017-12-06,17:00:00,39.51,39.53,39.49,39.5,11215,0
2017-12-06,17:05:00,39.5,39.55,39.5,39.55,7702,0
2017-12-06,17:10:00,39.55,39.64,39.55,39.63,13028,0
2017-12-06,17:15:00,39.62,39.65,39.61,39.65,5892,0
2017-12-06,17:20:00,39.65,39.65,39.62,39.62,10779,0
2017-12-06,17:25:00,39.63,39.64,39.6,39.6,6010,0
2017-12-06,17:30:00,39.5901,39.61,39.48,39.49,21606,0
2017-12-06,17:35:00,39.4852,39.49,39.435,39.435,24323,0
2017-12-06,17:40:00,39.435,39.44,39.406,39.41,12303,0
2017-12-06,17:45:00,39.41,39.41,39.34,39.34,22041,0
2017-12-06,17:50:00,39.345,39.56,39.335,39.505,44792,0
2017-12-06,17:55:00,39.5,39.52,39.46,39.5,9218,0
2017-12-06,18:00:00,39.48,39.505,39.44,39.49,12153,0
2017-12-06,18:05:00,39.47,39.5185,39.46,39.5,10582,0
2017-12-06,18:10:00,39.5,39.51,39.47,39.5,3041,0
2017-12-06,18:15:00,39.5,39.5,39.47,39.48,7100,0
2017-12-06,18:20:00,39.46,39.47,39.41,39.41,14180,0
2017-12-06,18:25:00,39.42,39.42,39.4,39.4,5392,0
2017-12-06,18:30:00,39.4,39.5,39.39,39.48,20116,0
2017-12-06,18:35:00,39.48,39.48,39.44,39.46,14134,0
2017-12-06,18:40:00,39.455,39.455,39.41,39.42,13715,0
2017-12-06,18:45:00,39.43,39.46,39.43,39.46,6444,0
2017-12-06,18:50:00,39.46,39.54,39.45,39.54,8568,0
2017-12-06,18:55:00,39.53,39.55,39.47,39.49,12053,0
2017-12-06,19:00:00,39.49,39.51,39.49,39.49,4400,0
2017-12-06,19:05:00,39.5,39.5,39.435,39.435,19936,0
2017-12-06,19:10:00,39.435,39.46,39.435,39.455,7117,0
2017-12-06,19:15:00,39.45,39.46,39.44,39.44,4342,0
2017-12-06,19:20:00,39.45,39.45,39.39,39.4,14474,0
2017-12-06,19:25:00,39.4,39.41,39.39,39.4,3354,0
2017-12-06,19:30:00,39.395,39.4,39.39,39.39,4165,0
2017-12-06,19:35:00,39.39,39.4,39.271,39.271,15235,0
2017-12-06,19:40:00,39.29,39.39,39.28,39.33,17886,0
2017-12-06,19:45:00,39.34,39.35,39.2901,39.2901,13019,0
2017-12-06,19:50:00,39.2901,39.36,39.28,39.31,15988,0
2017-12-06,19:55:00,39.32,39.32,39.285,39.285,9745,0
2017-12-06,20:00:00,39.2875,39.2875,39.27,39.27,6498,0
2017-12-06,20:05:00,39.27,39.35,39.27,39.3,20463,0
2017-12-06,20:10:00,39.3,39.32,39.29,39.31,14846,0
2017-12-06,20:15:00,39.305,39.32,39.21,39.22,24317,0
2017-12-06,20:20:00,39.21,39.24,39.17,39.19,31417,0
2017-12-06,20:25:00,39.18,39.2,39.13,39.2,15444,0
2017-12-06,20:30:00,39.19,39.19,39.06,39.13,34324,0
2017-12-06,20:35:00,39.13,39.1399,39.11,39.13,17553,0
2017-12-06,20:40:00,39.14,39.15,39.09,39.101,31814,0
2017-12-06,20:45:00,39.105,39.15,39.085,39.145,24617,0
2017-12-06,20:50:00,39.17,39.17,39.15,39.16,3840,0
2017-12-06,20:55:00,39.165,39.22,39.16,39.22,13783,0
2017-12-06,21:00:00,39.22,39.27,39.215,39.25,11777,0
2017-12-06,21:05:00,39.25,39.25,39.205,39.21,20602,0
2017-12-06,21:10:00,39.21,39.29,39.21,39.23,29722,0
2017-12-06,21:15:00,39.23,39.23,39.205,39.22,11691,0
2017-12-06,21:20:00,39.22,39.26,39.22,39.24,11082,0
2017-12-06,21:25:00,39.24,39.28,39.24,39.255,10611,0
2017-12-06,21:30:00,39.255,39.33,39.25,39.33,45436,0
2017-12-06,21:35:00,39.33,39.34,39.3136,39.32,27728,0
2017-12-06,21:40:00,39.31,39.31,39.27,39.29,32643,0
2017-12-06,21:45:00,39.3,39.4,39.29,39.38,34794,0
2017-12-06,21:50:00,39.39,39.4,39.35,39.36,50497,0
2017-12-06,21:55:00,39.35,39.35,39.3,39.3,74209,0
2017-12-06,22:00:00,39.31,39.42,39.285,39.42,209458,0
