Date,Time,Open,High,Low,Close,Volume,OpenInt
2017-10-25,15:35:00,23.1,23.1,23.1,23.1,650,0
2017-10-25,15:55:00,23.115,23.115,23.115,23.115,257,0
2017-10-25,16:10:00,23.11,23.11,23.11,23.11,800,0
2017-10-25,16:15:00,23.14,23.14,23.14,23.14,100,0
2017-10-25,16:50:00,23.08,23.08,23.08,23.08,135,0
2017-10-25,16:55:00,23.11,23.11,23.11,23.11,100,0
2017-10-25,17:00:00,23.11,23.1103,23.11,23.1103,200,0
2017-10-25,17:25:00,23.07,23.0701,23,23,475,0
2017-10-25,17:30:00,23.0598,23.0598,23.0598,23.0598,480,0
2017-10-25,17:55:00,23.064,23.0685,23.064,23.0685,733,0
2017-10-25,18:10:00,23.08,23.085,22.9577,23.08,2250,0
2017-10-25,18:15:00,23.088,23.088,23.088,23.088,100,0
2017-10-25,18:25:00,23.06,23.06,23.06,23.06,200,0
2017-10-25,18:35:00,23.06,23.0631,23.06,23.0631,875,0
2017-10-25,18:40:00,23.08,23.08,23.08,23.08,100,0
2017-10-25,18:50:00,23.0973,23.0973,23.0973,23.0973,400,0
2017-10-25,18:55:00,23.08,23.1,23.08,23.1,750,0
2017-10-25,19:10:00,23.089,23.089,23.089,23.089,344,0
2017-10-25,19:20:00,23.0985,23.0985,23.0983,23.0983,274,0
2017-10-25,19:30:00,23.076,23.076,23.076,23.076,500,0
2017-10-25,19:50:00,23.1,23.1,23.1,23.1,100,0
2017-10-25,20:25:00,23.1,23.1,23.1,23.1,100,0
2017-10-25,20:30:00,23.1,23.1,23.1,23.1,100,0
2017-10-25,20:50:00,23.1177,23.1177,23.1177,23.1177,190,0
2017-10-25,20:55:00,23.14,23.14,23.14,23.14,100,0
2017-10-25,21:45:00,23.1352,23.1352,23.1352,23.1352,500,0
2017-10-25,21:50:00,23.13,23.1335,23.13,23.1335,995,0
2017-10-25,21:55:00,23.14,23.14,23.14,23.14,100,0
2017-10-25,22:00:00,23.14,23.14,23.14,23.14,100,0
2017-10-26,15:35:00,23.17,23.17,23.17,23.17,200,0
2017-10-26,16:35:00,23.1174,23.1174,23.1174,23.1174,216,0
2017-10-26,16:45:00,23.15,23.18,23.1499,23.18,3642,0
2017-10-26,16:55:00,23.17,23.17,23.17,23.17,100,0
2017-10-26,17:00:00,23.17,23.17,23.17,23.17,100,0
2017-10-26,17:15:00,23.1601,23.1601,23.1601,23.1601,900,0
2017-10-26,17:20:00,23.17,23.17,23.1699,23.1699,200,0
2017-10-26,17:25:00,23.1692,23.1692,23.1692,23.1692,375,0
2017-10-26,17:35:00,23.161,23.18,23.16,23.18,430,0
2017-10-26,17:50:00,23.1798,23.1798,23.1798,23.1798,215,0
2017-10-26,18:10:00,23.168,23.178,23.168,23.178,467,0
2017-10-26,18:20:00,23.17,23.17,23.1646,23.1646,575,0
2017-10-26,18:30:00,23.1601,23.1601,23.1601,23.1601,225,0
2017-10-26,18:40:00,23.17,23.17,23.17,23.17,100,0
2017-10-26,18:45:00,23.1755,23.1755,23.1755,23.1755,200,0
2017-10-26,19:10:00,23.16,23.165,23.15,23.15,2529,0
2017-10-26,19:20:00,23.1507,23.1507,23.1507,23.1507,216,0
2017-10-26,19:40:00,23.1498,23.1498,23.1498,23.1498,500,0
2017-10-26,19:50:00,23.1445,23.1445,23.1445,23.1445,860,0
2017-10-26,20:05:00,23.15,23.15,23.15,23.15,100,0
2017-10-26,20:15:00,23.13,23.13,23.13,23.13,200,0
2017-10-26,20:20:00,23.071,23.071,23,23,1651,0
2017-10-26,20:25:00,23.0701,23.0801,23,23.06,1000,0
2017-10-26,20:30:00,23.06,23.0959,22.96,22.96,3033,0
2017-10-26,20:35:00,23.04,23.0401,22.95,22.95,600,0
2017-10-26,20:40:00,23.067,23.067,23.067,23.067,217,0
2017-10-26,21:00:00,23.0098,23.0098,23.0098,23.0098,107,0
2017-10-26,21:05:00,23.02,23.02,23.02,23.02,100,0
2017-10-26,21:20:00,23.0791,23.1123,23.0791,23.1123,900,0
2017-10-26,21:35:00,23.03,23.09,23,23.09,2000,0
2017-10-26,21:45:00,23.046,23.1287,23.046,23.1287,300,0
2017-10-26,22:00:00,23.119,23.119,23,23,1100,0
2017-10-27,15:35:00,22.98,22.98,22.98,22.98,1225,0
2017-10-27,15:50:00,23.1271,23.1271,23.1271,23.1271,500,0
2017-10-27,15:55:00,22.9801,22.9801,22.98,22.98,1000,0
2017-10-27,16:10:00,23.15,23.15,23.15,23.15,280,0
2017-10-27,16:25:00,23.1283,23.1283,23.1283,23.1283,800,0
2017-10-27,16:40:00,23.02,23.02,23.02,23.02,450,0
2017-10-27,16:50:00,23.1193,23.1193,23.1193,23.1193,220,0
2017-10-27,16:55:00,23.05,23.0535,23.05,23.0535,400,0
2017-10-27,17:05:00,23.0711,23.0711,23.0711,23.0711,150,0
2017-10-27,17:20:00,23.13,23.13,23.0733,23.0839,5062,0
2017-10-27,17:25:00,23.095,23.12,23.095,23.12,361,0
2017-10-27,17:40:00,23.06,23.06,23.06,23.06,100,0
2017-10-27,18:10:00,23.0833,23.0833,23.0833,23.0833,600,0
2017-10-27,18:20:00,23.13,23.13,23.12,23.13,1075,0
2017-10-27,18:25:00,23.15,23.15,23.15,23.15,100,0
2017-10-27,18:30:00,23.09,23.09,23.04,23.04,602,0
2017-10-27,18:35:00,23.06,23.06,23.06,23.06,100,0
2017-10-27,18:40:00,23.1093,23.1093,23.1093,23.1093,500,0
2017-10-27,18:50:00,23.05,23.05,23.05,23.05,100,0
2017-10-27,19:00:00,23.11,23.12,23.11,23.12,300,0
2017-10-27,19:05:00,23.05,23.05,23.05,23.05,100,0
2017-10-27,19:10:00,23.068,23.068,23.068,23.068,1000,0
2017-10-27,19:20:00,23.05,23.05,23.05,23.05,100,0
2017-10-27,19:30:00,23.1399,23.1399,23.1399,23.1399,300,0
2017-10-27,19:40:00,23.1392,23.1392,23.07,23.07,316,0
2017-10-27,20:00:00,23.07,23.14,23.07,23.14,400,0
2017-10-27,20:15:00,23.0561,23.0561,23.0561,23.0561,337,0
2017-10-27,20:25:00,23.03,23.03,23.03,23.03,100,0
2017-10-27,20:55:00,23.04,23.0861,23.04,23.0861,235,0
2017-10-27,21:00:00,23.06,23.06,23.06,23.06,200,0
2017-10-27,21:05:00,23.0952,23.0952,23.0952,23.0952,300,0
2017-10-27,21:20:00,23.07,23.085,23.01,23.01,2000,0
2017-10-27,21:25:00,23.03,23.03,23.03,23.03,100,0
2017-10-27,21:30:00,23.084,23.084,23,23.0003,1970,0
2017-10-27,21:35:00,23.0024,23.0024,22.98,22.98,1100,0
2017-10-27,21:40:00,22.98,22.985,22.98,22.98,1400,0
2017-10-27,21:45:00,22.98,22.9802,22.95,22.9503,8064,0
2017-10-27,21:50:00,22.96,22.9601,22.91,22.9101,4370,0
2017-10-27,21:55:00,22.9112,22.9112,22.91,22.91,2482,0
2017-10-27,22:00:00,22.91,22.93,22.91,22.93,800,0
2017-10-30,14:45:00,23.01,23.01,23.01,23.01,100,0
2017-10-30,15:10:00,22.99,22.9901,22.94,22.95,1574,0
2017-10-30,15:30:00,22.97,23.07,22.97,23.07,3747,0
2017-10-30,15:45:00,23.07,23.0749,23.07,23.07,300,0
2017-10-30,15:50:00,23.07,23.07,23.07,23.07,702,0
2017-10-30,15:55:00,23.07,23.07,23.07,23.07,100,0
2017-10-30,16:05:00,23.0166,23.0166,23.0166,23.0166,433,0
2017-10-30,16:10:00,23.01,23.02,23.0059,23.0059,1350,0
2017-10-30,16:15:00,23.01,23.01,23.01,23.01,300,0
2017-10-30,16:20:00,23.02,23.02,23.02,23.02,200,0
2017-10-30,16:30:00,23.04,23.04,23.0096,23.01,1270,0
2017-10-30,16:45:00,23.0399,23.06,23.0399,23.04,700,0
2017-10-30,16:50:00,23.06,23.06,23.05,23.05,475,0
2017-10-30,16:55:00,23.01,23.0175,22.95,22.95,2629,0
2017-10-30,17:20:00,22.95,22.95,22.95,22.95,100,0
2017-10-30,17:30:00,22.9999,22.9999,22.9999,22.9999,500,0
2017-10-30,17:40:00,22.96,22.965,22.95,22.965,2000,0
2017-10-30,17:50:00,22.95,22.95,22.95,22.95,300,0
2017-10-30,18:05:00,22.9556,22.9556,22.9556,22.9556,1500,0
2017-10-30,18:10:00,22.97,22.97,22.97,22.97,200,0
2017-10-30,18:30:00,22.9959,22.9959,22.9959,22.9959,100,0
2017-10-30,18:40:00,22.96,22.96,22.94,22.94,484,0
2017-10-30,18:45:00,22.96,22.96,22.94,22.94,502,0
2017-10-30,18:50:00,22.9112,22.92,22.9,22.9,12280,0
2017-10-30,18:55:00,22.9,22.9,22.9,22.9,300,0
2017-10-30,19:05:00,22.9,22.9,22.87,22.9,78200,0
2017-10-30,19:10:00,22.86,22.86,22.86,22.86,1700,0
2017-10-30,19:15:00,22.84,22.84,22.84,22.84,200,0
2017-10-30,19:30:00,22.85,22.85,22.83,22.83,300,0
2017-10-30,19:35:00,22.83,22.8333,22.83,22.8333,400,0
2017-10-30,19:40:00,22.89,22.9,22.89,22.9,800,0
2017-10-30,19:45:00,22.89,22.9,22.89,22.9,1000,0
2017-10-30,19:55:00,22.88,22.88,22.8,22.8,2936,0
2017-10-30,20:00:00,22.8,22.82,22.7,22.7,8800,0
2017-10-30,20:05:00,22.7,22.7,22.57,22.57,5830,0
2017-10-30,20:10:00,22.57,22.58,22.56,22.57,8839,0
2017-10-30,20:15:00,22.57,22.5751,22.5,22.51,6806,0
2017-10-30,20:20:00,22.51,22.53,22.46,22.53,6022,0
2017-10-30,20:25:00,22.53,22.59,22.4,22.4,5900,0
2017-10-30,20:30:00,22.4,22.56,22.4,22.4,6617,0
2017-10-30,20:35:00,22.4,22.41,22.4,22.4,5400,0
2017-10-30,20:40:00,22.4,22.56,22.4,22.4,6300,0
2017-10-30,20:45:00,22.4,22.4,22.4,22.4,5400,0
2017-10-30,20:50:00,22.4,22.49,22.4,22.49,5000,0
2017-10-30,20:55:00,22.49,22.55,22.48,22.55,7900,0
2017-10-30,21:00:00,22.56,22.59,22.55,22.59,39685,0
2017-10-31,14:45:00,22.6,22.64,22.6,22.64,733,0
2017-10-31,14:50:00,22.68,22.74,22.68,22.74,2346,0
2017-10-31,15:00:00,22.77,22.77,22.77,22.77,200,0
2017-10-31,15:05:00,22.78,22.8,22.78,22.78,388,0
2017-10-31,15:15:00,22.768,22.7999,22.768,22.7999,2100,0
2017-10-31,15:20:00,22.7501,22.7501,22.7501,22.7501,275,0
2017-10-31,15:30:00,22.79,22.8,22.79,22.8,4564,0
2017-10-31,15:45:00,22.782,22.83,22.782,22.83,500,0
2017-10-31,16:00:00,22.81,22.84,22.81,22.84,1440,0
2017-10-31,16:10:00,22.84,22.86,22.84,22.86,2200,0
2017-10-31,16:20:00,22.81,22.81,22.81,22.81,100,0
2017-10-31,16:25:00,22.84,22.84,22.84,22.84,500,0
2017-10-31,16:30:00,22.85,22.85,22.85,22.85,400,0
2017-10-31,16:45:00,22.85,22.85,22.85,22.85,200,0
2017-10-31,16:55:00,22.8499,22.85,22.8499,22.85,1000,0
2017-10-31,17:00:00,22.85,22.85,22.85,22.85,300,0
2017-10-31,17:05:00,22.84,22.84,22.8399,22.8399,1228,0
2017-10-31,17:15:00,22.79,22.79,22.7872,22.7872,720,0
2017-10-31,17:25:00,22.8,22.8,22.8,22.8,100,0
2017-10-31,17:30:00,22.8,22.8,22.8,22.8,200,0
2017-10-31,17:40:00,22.8,22.8,22.8,22.8,350,0
2017-10-31,17:50:00,22.72,22.72,22.72,22.72,50000,0
2017-10-31,18:00:00,22.76,22.8,22.76,22.8,1176,0
2017-10-31,18:10:00,22.81,22.81,22.81,22.81,868,0
2017-10-31,18:20:00,22.81,22.81,22.7933,22.7944,1016,0
2017-10-31,18:40:00,22.8,22.8,22.8,22.8,500,0
2017-10-31,18:55:00,22.81,22.81,22.81,22.81,100,0
2017-10-31,19:00:00,22.8,22.8392,22.8,22.8351,400,0
2017-10-31,19:15:00,22.8,22.84,22.8,22.84,750,0
2017-10-31,19:45:00,22.8,22.89,22.8,22.89,2699,0
2017-10-31,20:10:00,22.889,22.889,22.889,22.889,436,0
2017-10-31,20:15:00,22.88,22.9,22.88,22.88,3000,0
2017-10-31,20:20:00,22.783,22.783,22.783,22.783,300,0
2017-10-31,20:30:00,22.8577,22.8577,22.8577,22.8577,225,0
2017-10-31,20:45:00,22.85,22.85,22.85,22.85,835,0
2017-10-31,20:50:00,22.83,22.9,22.83,22.87,1297,0
2017-10-31,20:55:00,22.9,22.9,22.9,22.9,500,0
2017-10-31,21:00:00,22.88,22.9,22.88,22.9,675,0
2017-11-01,14:35:00,22.71,22.7243,22.71,22.7243,1185,0
2017-11-01,15:00:00,22.8512,22.8512,22.8512,22.8512,800,0
2017-11-01,15:15:00,22.78,22.78,22.78,22.78,100,0
2017-11-01,15:20:00,22.7468,22.7468,22.7468,22.7468,1000,0
2017-11-01,15:25:00,22.78,22.78,22.78,22.78,385,0
2017-11-01,15:30:00,22.85,22.85,22.8499,22.8499,640,0
2017-11-01,15:40:00,22.81,22.87,22.81,22.81,300,0
2017-11-01,15:50:00,22.78,22.78,22.74,22.74,900,0
2017-11-01,16:00:00,22.75,22.75,22.75,22.75,669,0
2017-11-01,16:05:00,22.8199,22.8199,22.8199,22.8199,500,0
2017-11-01,16:10:00,22.81,22.855,22.8099,22.855,340,0
2017-11-01,16:15:00,22.79,22.79,22.79,22.79,218,0
2017-11-01,16:20:00,22.8,22.8,22.8,22.8,100,0
2017-11-01,16:25:00,22.8,22.81,22.8,22.81,1040,0
2017-11-01,16:30:00,22.8494,22.8494,22.8494,22.8494,218,0
2017-11-01,16:50:00,22.83,22.83,22.8025,22.8025,2135,0
2017-11-01,17:05:00,22.7901,22.7901,22.7901,22.7901,950,0
2017-11-01,17:20:00,22.7901,22.7901,22.7901,22.7901,186,0
2017-11-01,17:30:00,22.8,22.8,22.8,22.8,100,0
2017-11-01,17:45:00,22.8,22.82,22.8,22.8199,680,0
2017-11-01,17:50:00,22.8,22.8,22.8,22.8,500,0
2017-11-01,18:00:00,22.8179,22.8179,22.8179,22.8179,300,0
2017-11-01,18:10:00,22.81,22.82,22.81,22.82,411,0
2017-11-01,19:00:00,22.806,22.806,22.806,22.806,700,0
2017-11-01,19:10:00,22.81,22.81,22.81,22.81,600,0
2017-11-01,19:30:00,22.81,22.81,22.81,22.81,2500,0
2017-11-01,19:40:00,22.81,22.81,22.81,22.81,100,0
2017-11-01,20:30:00,22.84,22.85,22.8299,22.8299,970,0
2017-11-01,21:00:00,22.83,22.83,22.8,22.82,537,0
2017-11-02,14:35:00,22.8,22.8,22.8,22.8,743,0
2017-11-02,14:45:00,22.76,22.7601,22.75,22.75,300,0
2017-11-02,14:55:00,22.8,22.82,22.8,22.82,1000,0
2017-11-02,15:25:00,22.7785,22.7785,22.7785,22.7785,745,0
2017-11-02,15:35:00,22.75,22.75,22.73,22.73,2282,0
2017-11-02,15:40:00,22.73,22.73,22.73,22.73,200,0
2017-11-02,15:50:00,22.71,22.745,22.71,22.745,300,0
2017-11-02,15:55:00,22.75,22.75,22.7399,22.7399,800,0
2017-11-02,16:00:00,22.7243,22.7243,22.71,22.7175,4166,0
2017-11-02,16:10:00,22.74,22.74,22.719,22.719,1100,0
2017-11-02,16:15:00,22.715,22.715,22.715,22.715,800,0
2017-11-02,16:25:00,22.73,22.73,22.73,22.73,200,0
2017-11-02,16:40:00,22.72,22.7275,22.7,22.7,5140,0
2017-11-02,16:45:00,22.7,22.7,22.7,22.7,200,0
2017-11-02,16:50:00,22.72,22.72,22.72,22.72,200,0
2017-11-02,17:10:00,22.625,22.625,22.625,22.625,2500,0
2017-11-02,17:50:00,22.635,22.64,22.61,22.64,1778,0
2017-11-02,18:00:00,22.67,22.67,22.67,22.67,300,0
2017-11-02,18:40:00,22.68,22.68,22.68,22.68,200,0
2017-11-02,18:50:00,22.6601,22.6601,22.6601,22.6601,1000,0
2017-11-02,19:00:00,22.71,22.71,22.71,22.71,300,0
2017-11-02,19:10:00,22.66,22.6996,22.65,22.6958,1250,0
2017-11-02,19:25:00,22.68,22.72,22.68,22.72,1143,0
2017-11-02,19:30:00,22.7376,22.7537,22.65,22.65,3440,0
2017-11-02,19:55:00,22.68,22.72,22.68,22.72,428,0
2017-11-02,20:05:00,22.7055,22.7055,22.7055,22.7055,2000,0
2017-11-02,20:15:00,22.729,22.729,22.729,22.729,400,0
2017-11-02,20:35:00,22.7167,22.7167,22.7,22.7,975,0
2017-11-02,20:40:00,22.709,22.709,22.6973,22.6973,800,0
2017-11-02,20:45:00,22.68,22.6993,22.66,22.6992,5402,0
2017-11-02,20:50:00,22.7,22.72,22.7,22.72,276,0
2017-11-02,21:00:00,22.72,22.7201,22.7,22.72,3536,0
2017-11-03,14:35:00,22.72,22.72,22.72,22.72,100,0
2017-11-03,14:40:00,22.79,22.8,22.79,22.7999,996,0
2017-11-03,14:45:00,22.75,22.75,22.745,22.745,2500,0
2017-11-03,15:10:00,22.76,22.76,22.74,22.7525,900,0
2017-11-03,15:15:00,22.76,22.77,22.76,22.7699,500,0
2017-11-03,15:35:00,22.7421,22.7421,22.7421,22.7421,350,0
2017-11-03,15:45:00,22.73,22.7383,22.73,22.7383,800,0
2017-11-03,15:55:00,22.76,22.76,22.76,22.76,1300,0
2017-11-03,16:00:00,22.737,22.737,22.737,22.737,1000,0
2017-11-03,16:05:00,22.7483,22.7483,22.7483,22.7483,200,0
2017-11-03,16:35:00,22.76,22.77,22.75,22.77,2062,0
2017-11-03,16:55:00,22.77,22.77,22.77,22.77,146,0
2017-11-03,17:55:00,22.76,22.7605,22.76,22.7605,1000,0
2017-11-03,18:00:00,22.76,22.77,22.75,22.77,1353,0
2017-11-03,18:10:00,22.78,22.78,22.78,22.78,100,0
2017-11-03,19:00:00,22.77,22.78,22.77,22.78,900,0
2017-11-03,19:20:00,22.78,22.78,22.76,22.76,850,0
2017-11-03,19:25:00,22.7837,22.7837,22.7837,22.7837,175,0
2017-11-03,19:50:00,22.76,22.76,22.76,22.76,595,0
2017-11-03,19:55:00,22.7902,22.7902,22.7902,22.7902,250,0
2017-11-03,20:05:00,22.75,22.75,22.75,22.75,700,0
2017-11-03,20:10:00,22.7783,22.7783,22.766,22.766,554,0
2017-11-03,20:15:00,22.79,22.8,22.79,22.8,300,0
2017-11-03,20:20:00,22.79,22.79,22.79,22.79,200,0
2017-11-03,20:25:00,22.8,22.8,22.8,22.8,100,0
2017-11-03,20:55:00,22.7638,22.7638,22.75,22.75,800,0
2017-11-03,21:00:00,22.75,22.75,22.75,22.75,1438,0
2017-11-06,15:35:00,22.83,22.83,22.83,22.83,1070,0
2017-11-06,16:05:00,22.784,22.784,22.784,22.784,224,0
2017-11-06,16:15:00,22.82,22.82,22.817,22.817,386,0
2017-11-06,16:35:00,22.76,22.76,22.75,22.75,1695,0
2017-11-06,17:10:00,22.75,22.75,22.75,22.75,605,0
2017-11-06,17:30:00,22.6713,22.6713,22.6713,22.6713,2000,0
2017-11-06,17:35:00,22.72,22.72,22.65,22.68,1100,0
2017-11-06,17:45:00,22.6454,22.65,22.64,22.65,4121,0
2017-11-06,17:50:00,22.68,22.68,22.68,22.68,2000,0
2017-11-06,18:10:00,22.72,22.72,22.72,22.72,250,0
2017-11-06,18:30:00,22.69,22.6905,22.69,22.6905,630,0
2017-11-06,19:35:00,22.7099,22.7099,22.7099,22.7099,1000,0
2017-11-06,20:00:00,22.7,22.7,22.7,22.7,177,0
2017-11-06,20:05:00,22.705,22.705,22.7,22.705,750,0
2017-11-06,20:25:00,22.705,22.7092,22.7,22.7092,600,0
2017-11-06,20:45:00,22.705,22.71,22.7,22.7,2868,0
2017-11-06,20:50:00,22.71,22.73,22.7,22.72,7503,0
2017-11-06,20:55:00,22.72,22.72,22.72,22.72,400,0
2017-11-06,21:00:00,22.725,22.725,22.72,22.724,3100,0
2017-11-06,21:10:00,22.73,22.74,22.72,22.7294,994,0
2017-11-06,21:25:00,22.73,22.74,22.73,22.73,1700,0
2017-11-06,21:30:00,22.74,22.74,22.74,22.74,100,0
2017-11-06,21:45:00,22.74,22.75,22.74,22.75,1200,0
2017-11-07,15:35:00,22.78,22.78,22.78,22.78,1565,0
2017-11-07,16:00:00,22.78,22.83,22.77,22.78,3800,0
2017-11-07,16:10:00,22.7601,22.775,22.75,22.775,2300,0
2017-11-07,16:25:00,22.75,22.7504,22.75,22.75,1624,0
2017-11-07,16:30:00,22.79,22.79,22.79,22.79,300,0
2017-11-07,16:40:00,22.77,22.79,22.762,22.7866,1640,0
2017-11-07,16:50:00,22.79,22.8,22.7885,22.8,1702,0
2017-11-07,17:05:00,22.79,22.8,22.79,22.79,461,0
2017-11-07,17:10:00,22.81,22.82,22.81,22.82,2000,0
2017-11-07,17:25:00,22.76,22.76,22.76,22.76,400,0
2017-11-07,17:30:00,22.82,22.82,22.8019,22.82,2960,0
2017-11-07,17:35:00,22.82,22.82,22.82,22.82,400,0
2017-11-07,17:45:00,22.82,22.82,22.82,22.82,420,0
2017-11-07,18:05:00,22.8,22.82,22.8,22.8108,1360,0
2017-11-07,18:10:00,22.794,22.794,22.794,22.794,400,0
2017-11-07,18:15:00,22.7974,22.7974,22.7974,22.7974,1020,0
2017-11-07,18:25:00,22.8196,22.83,22.805,22.83,700,0
2017-11-07,18:35:00,22.82,22.83,22.82,22.82,314,0
2017-11-07,18:40:00,22.83,22.83,22.805,22.83,3500,0
2017-11-07,18:50:00,22.83,22.83,22.83,22.83,3291,0
2017-11-07,19:00:00,22.83,22.83,22.82,22.82,1205,0
2017-11-07,19:50:00,22.8,22.8,22.8,22.8,600,0
2017-11-07,20:25:00,22.8139,22.8139,22.8139,22.8139,106,0
2017-11-07,20:40:00,22.87,22.87,22.87,22.87,300,0
2017-11-07,20:50:00,22.8422,22.8422,22.8422,22.8422,250,0
2017-11-07,21:00:00,22.8595,22.8595,22.8595,22.8595,175,0
2017-11-07,21:05:00,22.86,22.86,22.8525,22.8525,2000,0
2017-11-07,21:15:00,22.85,22.85,22.85,22.85,1000,0
2017-11-07,21:35:00,22.85,22.85,22.8479,22.8479,1812,0
2017-11-07,21:40:00,22.85,22.85,22.8499,22.8499,1404,0
2017-11-07,21:50:00,22.85,22.87,22.8499,22.87,1704,0
2017-11-07,21:55:00,22.87,22.9,22.8699,22.9,967,0
2017-11-07,22:00:00,22.8733,22.896,22.86,22.86,3626,0
2017-11-08,15:35:00,22.9,22.9,22.9,22.9,1393,0
2017-11-08,16:05:00,22.91,22.91,22.91,22.91,1100,0
2017-11-08,16:40:00,22.93,22.94,22.93,22.94,303,0
2017-11-08,17:05:00,22.89,22.891,22.88,22.8801,578,0
2017-11-08,17:15:00,22.98,22.98,22.98,22.98,132,0
2017-11-08,17:20:00,22.97,23,22.97,22.97,3700,0
2017-11-08,17:50:00,22.98,23,22.98,22.99,2850,0
2017-11-08,19:05:00,22.97,22.97,22.9509,22.9509,300,0
2017-11-08,19:35:00,22.9999,22.9999,22.9999,22.9999,525,0
2017-11-08,19:55:00,23,23,23,23,100,0
2017-11-08,20:00:00,22.91,22.91,22.91,22.91,300,0
2017-11-08,20:05:00,23,23,23,23,100,0
2017-11-08,20:10:00,22.9833,22.9833,22.9833,22.9833,740,0
2017-11-08,20:20:00,23,23.02,23,23.02,1700,0
2017-11-08,20:40:00,23,23,23,23,100,0
2017-11-08,21:00:00,23.0399,23.04,23,23.0185,1600,0
2017-11-08,21:05:00,23,23,23,23,599,0
2017-11-08,21:15:00,23.04,23.04,23.04,23.04,100,0
2017-11-08,21:20:00,23.0377,23.0377,23.0054,23.0054,1271,0
2017-11-08,21:30:00,22.99,22.99,22.99,22.99,566,0
2017-11-08,21:35:00,23.0399,23.0399,23.0399,23.0399,1000,0
2017-11-08,21:45:00,22.9901,22.9901,22.9901,22.9901,270,0
2017-11-08,21:55:00,22.99,22.9927,22.99,22.9927,400,0
2017-11-08,22:00:00,23,23,22.955,22.955,1100,0
2017-11-09,15:35:00,23.09,23.09,23.09,23.09,100,0
2017-11-09,15:45:00,22.841,22.841,22.841,22.841,525,0
2017-11-09,16:15:00,23.02,23.02,23.02,23.02,950,0
2017-11-09,16:20:00,23.02,23.02,22.9383,23.0086,2800,0
2017-11-09,16:35:00,23.02,23.02,23.02,23.02,100,0
2017-11-09,16:40:00,23.02,23.02,23.02,23.02,100,0
2017-11-09,16:50:00,23.02,23.04,23.02,23.04,200,0
2017-11-09,16:55:00,23,23,23,23,100,0
2017-11-09,17:05:00,23,23.04,23,23.04,750,0
2017-11-09,17:20:00,22.9959,22.9959,22.9959,22.9959,252,0
2017-11-09,17:25:00,23.05,23.1,23.05,23.1,500,0
2017-11-09,17:40:00,23.12,23.12,23.12,23.12,100,0
2017-11-09,17:45:00,23.12,23.17,23.12,23.17,1030,0
2017-11-09,17:55:00,23.14,23.17,23.1,23.17,1858,0
2017-11-09,18:10:00,23.11,23.11,23.1,23.1,505,0
2017-11-09,18:15:00,23.05,23.05,23.05,23.05,200,0
2017-11-09,18:35:00,23.05,23.05,23,23,2002,0
2017-11-09,18:50:00,22.998,22.998,22.998,22.998,350,0
2017-11-09,19:25:00,23.01,23.01,23.01,23.01,100,0
2017-11-09,19:50:00,23.06,23.078,23,23,1400,0
2017-11-09,19:55:00,23,23,22.96,22.96,200,0
2017-11-09,20:05:00,23.07,23.07,23.07,23.07,100,0
2017-11-09,20:45:00,23.06,23.1,22.99,23,5005,0
2017-11-09,20:55:00,23.1,23.1,23.1,23.1,100,0
2017-11-09,21:00:00,23.05,23.1,23.05,23.1,600,0
2017-11-09,21:15:00,23.1,23.1,23.01,23.0109,700,0
2017-11-09,21:20:00,23.045,23.045,23.045,23.045,100,0
2017-11-09,22:00:00,23.05,23.08,23.05,23.08,1300,0
2017-11-10,15:35:00,23.17,23.17,23.1424,23.1424,2133,0
2017-11-10,15:50:00,23.1077,23.1077,23.1077,23.1077,155,0
2017-11-10,16:00:00,23.14,23.15,23.0991,23.1379,1300,0
2017-11-10,16:05:00,23.067,23.067,23.067,23.067,592,0
2017-11-10,16:10:00,23.04,23.05,23.04,23.05,200,0
2017-11-10,16:15:00,23.12,23.15,23.12,23.15,1075,0
2017-11-10,16:25:00,23.0628,23.0628,23.0628,23.0628,585,0
2017-11-10,16:35:00,23.095,23.095,23.095,23.095,400,0
2017-11-10,16:45:00,23.1394,23.1394,23.1394,23.1394,1000,0
2017-11-10,17:00:00,23.1,23.1,23.08,23.08,600,0
2017-11-10,17:05:00,23.0309,23.0309,23.0309,23.0309,400,0
2017-11-10,17:40:00,23.11,23.12,23.11,23.11,460,0
2017-11-10,17:50:00,23.07,23.07,23.07,23.07,1455,0
2017-11-10,18:05:00,22.93,22.93,22.92,22.92,300,0
2017-11-10,18:10:00,22.92,22.92,22.92,22.92,900,0
2017-11-10,19:00:00,22.9201,22.9201,22.9201,22.9201,500,0
2017-11-10,19:10:00,22.999,22.999,22.999,22.999,109,0
2017-11-10,19:15:00,22.91,22.91,22.91,22.91,800,0
2017-11-10,19:20:00,22.91,22.91,22.91,22.91,200,0
2017-11-10,19:25:00,22.91,22.9351,22.91,22.9351,709,0
2017-11-10,19:35:00,22.9233,22.9233,22.91,22.91,1100,0
2017-11-10,19:40:00,22.91,22.9244,22.89,22.89,423,0
2017-11-10,19:45:00,22.9151,22.92,22.885,22.92,727,0
2017-11-10,19:50:00,22.92,22.93,22.885,22.93,900,0
2017-11-10,19:55:00,22.94,22.943,22.94,22.94,600,0
2017-11-10,20:00:00,22.943,22.95,22.943,22.943,500,0
2017-11-10,20:05:00,22.943,22.943,22.9,22.943,1420,0
2017-11-10,20:10:00,22.943,22.95,22.94,22.95,500,0
2017-11-10,20:15:00,22.95,22.95,22.943,22.95,500,0
2017-11-10,20:20:00,22.95,22.95,22.95,22.95,600,0
2017-11-10,20:25:00,22.95,22.95,22.95,22.95,600,0
2017-11-10,21:05:00,22.96,22.96,22.96,22.96,250,0
2017-11-10,21:15:00,22.9191,22.9191,22.9191,22.9191,200,0
2017-11-10,21:20:00,22.94,22.94,22.94,22.94,100,0
2017-11-10,21:30:00,22.9106,22.9106,22.9106,22.9106,825,0
2017-11-10,21:35:00,22.94,22.94,22.94,22.94,100,0
2017-11-10,22:00:00,22.9941,23.05,22.9941,23.05,1950,0
2017-11-13,15:35:00,23.05,23.05,23.05,23.05,3216,0
2017-11-13,15:45:00,22.9556,22.9556,22.9556,22.9556,150,0
2017-11-13,16:05:00,23.01,23.0245,23.01,23.0245,3206,0
2017-11-13,16:15:00,22.99,23.002,22.9702,23.002,1368,0
2017-11-13,16:20:00,22.99,22.99,22.99,22.99,139,0
2017-11-13,16:55:00,23,23,23,23,200,0
2017-11-13,17:00:00,22.95,22.95,22.95,22.95,399,0
2017-11-13,17:05:00,22.88,22.88,22.88,22.88,100,0
2017-11-13,17:20:00,22.9027,22.9799,22.9027,22.9451,3887,0
2017-11-13,17:25:00,22.94,22.94,22.94,22.94,1000,0
2017-11-13,17:30:00,22.88,22.88,22.88,22.88,100,0
2017-11-13,18:20:00,22.89,22.89,22.89,22.89,1378,0
2017-11-13,18:30:00,22.9,22.9135,22.9,22.905,2386,0
2017-11-13,20:05:00,22.9029,22.96,22.9029,22.9599,3117,0
2017-11-13,20:10:00,22.96,22.96,22.8966,22.8966,2000,0
2017-11-13,20:15:00,22.93,22.95,22.93,22.95,4000,0
2017-11-13,20:20:00,22.96,22.96,22.96,22.96,775,0
2017-11-13,20:40:00,22.8609,22.8609,22.8609,22.8609,500,0
2017-11-13,21:15:00,22.95,22.95,22.95,22.95,300,0
2017-11-13,21:35:00,22.92,22.94,22.92,22.9367,1250,0
2017-11-13,21:55:00,22.93,22.93,22.93,22.93,300,0
2017-11-13,22:00:00,22.93,22.93,22.925,22.925,2000,0
2017-11-14,15:35:00,22.95,22.95,22.95,22.95,1504,0
2017-11-14,15:40:00,22.9,22.9,22.9,22.9,1500,0
2017-11-14,15:50:00,22.9096,22.9096,22.9096,22.9096,1650,0
2017-11-14,16:15:00,22.851,22.851,22.85,22.85,2600,0
2017-11-14,16:20:00,22.8499,22.85,22.8499,22.85,1200,0
2017-11-14,16:25:00,22.8302,22.85,22.8302,22.8328,3450,0
2017-11-14,16:35:00,22.87,22.9,22.87,22.9,797,0
2017-11-14,16:40:00,22.8639,22.8639,22.8421,22.8421,1880,0
2017-11-14,16:50:00,22.84,22.84,22.84,22.84,200,0
2017-11-14,17:00:00,22.84,22.84,22.84,22.84,400,0
2017-11-14,17:05:00,22.75,22.75,22.75,22.75,102,0
2017-11-14,17:15:00,22.7872,22.7872,22.7872,22.7872,200,0
2017-11-14,18:00:00,22.7657,22.7657,22.7657,22.7657,193,0
2017-11-14,18:20:00,22.7796,22.7796,22.7796,22.7796,600,0
2017-11-14,18:35:00,22.7999,22.7999,22.7999,22.7999,1000,0
2017-11-14,18:45:00,22.79,22.8,22.78,22.78,1834,0
2017-11-14,18:50:00,22.7626,22.7626,22.7626,22.7626,150,0
2017-11-14,19:10:00,22.79,22.79,22.79,22.79,2300,0
2017-11-14,19:15:00,22.7615,22.7615,22.7615,22.7615,400,0
2017-11-14,19:30:00,22.7754,22.776,22.7754,22.776,450,0
2017-11-14,19:40:00,22.7608,22.7849,22.7608,22.7849,1400,0
2017-11-14,20:05:00,22.78,22.78,22.75,22.7519,4821,0
2017-11-14,20:15:00,22.7353,22.7353,22.69,22.69,583,0
2017-11-14,20:20:00,22.7381,22.7458,22.691,22.7458,3240,0
2017-11-14,20:40:00,22.71,22.71,22.692,22.692,400,0
2017-11-14,20:45:00,22.676,22.6828,22.676,22.6828,1465,0
2017-11-14,21:25:00,22.71,22.71,22.71,22.71,100,0
2017-11-14,21:30:00,22.6803,22.71,22.6803,22.71,822,0
2017-11-14,21:35:00,22.71,22.71,22.71,22.71,100,0
2017-11-14,21:40:00,22.7373,22.7373,22.7373,22.7373,3000,0
2017-11-15,15:40:00,22.65,22.65,22.65,22.65,704,0
2017-11-15,15:45:00,22.62,22.62,22.62,22.62,200,0
2017-11-15,16:15:00,22.59,22.61,22.59,22.61,482,0
2017-11-15,16:30:00,22.6001,22.6001,22.6001,22.6001,233,0
2017-11-15,16:35:00,22.6429,22.6429,22.615,22.615,2500,0
2017-11-15,16:40:00,22.602,22.6399,22.6,22.6399,2118,0
2017-11-15,16:50:00,22.64,22.75,22.631,22.631,5256,0
2017-11-15,16:55:00,22.7686,22.7686,22.7686,22.7686,500,0
2017-11-15,17:00:00,22.6513,22.6513,22.6513,22.6513,300,0
2017-11-15,17:05:00,22.662,22.662,22.662,22.662,2500,0
2017-11-15,17:15:00,22.7571,22.7571,22.7571,22.7571,300,0
2017-11-15,17:30:00,22.7183,22.7183,22.7183,22.7183,350,0
2017-11-15,17:35:00,22.7062,22.7062,22.7062,22.7062,3000,0
2017-11-15,17:40:00,22.7262,22.7262,22.7262,22.7262,439,0
2017-11-15,17:45:00,22.73,22.75,22.73,22.7412,536,0
2017-11-15,18:00:00,22.7388,22.79,22.7388,22.79,1404,0
2017-11-15,18:10:00,22.7604,22.7604,22.7604,22.7604,220,0
2017-11-15,18:15:00,22.764,22.764,22.764,22.764,313,0
2017-11-15,18:35:00,22.8,22.8,22.8,22.8,100,0
2017-11-15,19:35:00,22.7184,22.7184,22.7184,22.7184,450,0
2017-11-15,21:30:00,22.7427,22.7427,22.7427,22.7427,218,0
2017-11-15,21:35:00,22.7472,22.7472,22.7472,22.7472,500,0
2017-11-15,21:45:00,22.7507,22.7507,22.7507,22.7507,400,0
2017-11-15,21:50:00,22.7508,22.7508,22.7508,22.7508,400,0
2017-11-16,15:35:00,22.75,22.76,22.75,22.76,561,0
2017-11-16,15:40:00,22.76,22.76,22.76,22.76,100,0
2017-11-16,16:00:00,22.775,22.775,22.775,22.775,2000,0
2017-11-16,16:05:00,22.8,22.8,22.8,22.8,1100,0
2017-11-16,16:10:00,22.799,22.86,22.799,22.85,11377,0
2017-11-16,16:15:00,22.772,22.772,22.772,22.772,1000,0
2017-11-16,16:20:00,22.7995,22.7995,22.7995,22.7995,1500,0
2017-11-16,16:25:00,22.759,22.8,22.759,22.8,4700,0
2017-11-16,16:30:00,22.8,22.81,22.8,22.81,1100,0
2017-11-16,16:40:00,22.8,22.82,22.8,22.82,400,0
2017-11-16,16:45:00,22.8011,22.8011,22.8011,22.8011,525,0
2017-11-16,16:50:00,22.82,22.82,22.81,22.81,365,0
2017-11-16,17:00:00,22.8,22.81,22.8,22.81,1600,0
2017-11-16,17:15:00,22.8,22.8,22.8,22.8,800,0
2017-11-16,17:25:00,22.7646,22.8195,22.7646,22.8195,2225,0
2017-11-16,17:30:00,22.77,22.77,22.77,22.77,205,0
2017-11-16,18:10:00,22.7671,22.7913,22.7671,22.7913,1800,0
2017-11-16,18:15:00,22.78,22.8,22.78,22.8,1000,0
2017-11-16,18:35:00,22.7999,22.8043,22.7999,22.8043,2118,0
2017-11-16,18:40:00,22.82,22.9,22.82,22.9,300,0
2017-11-16,19:00:00,22.82,22.82,22.82,22.82,300,0
2017-11-16,19:15:00,22.8386,22.8386,22.8386,22.8386,207,0
2017-11-16,19:35:00,22.8411,22.8411,22.8411,22.8411,1500,0
2017-11-16,20:00:00,22.8298,22.8298,22.8298,22.8298,500,0
2017-11-16,20:10:00,22.8269,22.8269,22.8269,22.8269,773,0
2017-11-16,20:25:00,22.8425,22.8425,22.8425,22.8425,200,0
2017-11-16,20:30:00,22.81,22.81,22.8,22.8,400,0
2017-11-16,20:40:00,22.801,22.801,22.801,22.801,400,0
2017-11-16,20:45:00,22.8411,22.8411,22.8411,22.8411,100,0
2017-11-16,20:55:00,22.8249,22.8249,22.8,22.8,830,0
2017-11-16,21:30:00,22.8,22.8,22.79,22.79,400,0
2017-11-16,21:40:00,22.79,22.79,22.79,22.79,200,0
2017-11-16,21:55:00,22.79,22.795,22.775,22.795,2500,0
2017-11-16,22:00:00,22.78,22.8,22.78,22.8,211,0
2017-11-17,15:35:00,22.84,22.84,22.84,22.84,440,0
2017-11-17,15:40:00,22.8078,22.8078,22.8078,22.8078,200,0
2017-11-17,15:50:00,22.83,22.83,22.83,22.83,287,0
2017-11-17,16:30:00,22.86,22.8632,22.86,22.86,2391,0
2017-11-17,16:55:00,22.8412,22.8412,22.8412,22.8412,250,0
2017-11-17,17:05:00,22.856,22.856,22.856,22.856,500,0
2017-11-17,17:10:00,22.86,22.87,22.86,22.87,611,0
2017-11-17,17:20:00,22.8101,22.8101,22.8101,22.8101,500,0
2017-11-17,17:25:00,22.82,22.82,22.82,22.82,400,0
2017-11-17,17:30:00,22.815,22.82,22.8101,22.811,950,0
2017-11-17,17:35:00,22.811,22.811,22.811,22.811,300,0
2017-11-17,17:40:00,22.82,22.82,22.82,22.82,100,0
2017-11-17,17:45:00,22.81,22.8113,22.81,22.8113,3450,0
2017-11-17,17:50:00,22.8148,22.8148,22.8,22.8,2100,0
2017-11-17,17:55:00,22.8,22.81,22.8,22.8001,2260,0
2017-11-17,18:00:00,22.8026,22.8026,22.8001,22.8001,800,0
2017-11-17,18:15:00,22.8,22.81,22.8,22.81,1267,0
2017-11-17,18:20:00,22.8,22.82,22.8,22.82,1932,0
2017-11-17,18:40:00,22.8199,22.8199,22.8199,22.8199,100,0
2017-11-17,18:45:00,22.8,22.8,22.8,22.8,1108,0
2017-11-17,18:50:00,22.7901,22.7901,22.7901,22.7901,100,0
2017-11-17,19:10:00,22.79,22.79,22.79,22.79,100,0
2017-11-17,19:15:00,22.81,22.81,22.81,22.81,100,0
2017-11-17,19:30:00,22.8555,22.8555,22.8555,22.8555,500,0
2017-11-17,19:40:00,22.8466,22.86,22.8466,22.86,390,0
2017-11-17,19:55:00,22.86,22.89,22.86,22.89,3192,0
2017-11-17,20:05:00,22.86,22.86,22.86,22.86,1290,0
2017-11-17,20:25:00,22.89,22.89,22.89,22.89,1000,0
2017-11-17,20:40:00,22.8894,22.8894,22.8894,22.8894,500,0
2017-11-17,20:50:00,22.88,22.88,22.88,22.88,200,0
2017-11-17,20:55:00,22.8534,22.8534,22.8534,22.8534,300,0
2017-11-17,21:00:00,22.8644,22.8644,22.836,22.836,680,0
2017-11-17,21:05:00,22.86,22.8895,22.86,22.88,600,0
2017-11-17,21:10:00,22.87,22.8894,22.87,22.8894,560,0
2017-11-17,21:20:00,22.88,22.9053,22.88,22.9053,440,0
2017-11-17,21:25:00,22.9,22.92,22.9,22.92,617,0
2017-11-17,21:40:00,22.92,22.92,22.92,22.92,100,0
2017-11-17,21:45:00,22.91,22.91,22.9099,22.9099,500,0
2017-11-17,21:50:00,22.92,22.92,22.92,22.92,300,0
2017-11-17,21:55:00,22.878,22.8977,22.878,22.8977,937,0
2017-11-20,15:35:00,22.85,22.85,22.85,22.85,1036,0
2017-11-20,15:50:00,22.92,22.92,22.9196,22.9196,500,0
2017-11-20,15:55:00,22.89,22.89,22.89,22.89,100,0
2017-11-20,16:00:00,22.893,22.893,22.893,22.893,270,0
2017-11-20,16:10:00,22.9,22.9,22.9,22.9,431,0
2017-11-20,16:20:00,22.9176,22.9176,22.9176,22.9176,250,0
2017-11-20,16:35:00,22.9184,22.9184,22.9184,22.9184,100,0
2017-11-20,16:40:00,22.91,22.91,22.91,22.91,100,0
2017-11-20,16:45:00,22.9141,22.9141,22.9141,22.9141,800,0
2017-11-20,16:50:00,22.9112,22.9112,22.9112,22.9112,400,0
2017-11-20,16:55:00,22.9,22.9,22.9,22.9,400,0
2017-11-20,17:00:00,22.9396,22.95,22.9302,22.94,1505,0
2017-11-20,17:10:00,22.928,22.964,22.928,22.964,1216,0
2017-11-20,17:20:00,22.9357,22.9357,22.9357,22.9357,400,0
2017-11-20,17:40:00,22.9696,22.9696,22.9496,22.9496,575,0
2017-11-20,18:00:00,22.95,22.95,22.95,22.95,100,0
2017-11-20,18:15:00,22.98,22.98,22.98,22.98,612,0
2017-11-20,18:45:00,22.94,22.94,22.94,22.94,259,0
2017-11-20,19:00:00,22.93,22.93,22.92,22.92,587,0
2017-11-20,19:05:00,22.9227,22.9227,22.9227,22.9227,265,0
2017-11-20,19:20:00,22.9144,22.95,22.9144,22.95,2613,0
2017-11-20,19:40:00,22.904,22.97,22.904,22.9372,1283,0
2017-11-20,20:00:00,22.8909,22.8909,22.8909,22.8909,450,0
2017-11-20,20:35:00,22.9008,22.9008,22.9008,22.9008,620,0
2017-11-20,20:50:00,22.9588,22.9588,22.9394,22.9394,836,0
2017-11-20,20:55:00,22.945,22.98,22.945,22.98,491,0
2017-11-20,21:05:00,22.948,22.948,22.9235,22.9235,1300,0
2017-11-20,21:10:00,22.9497,22.9497,22.9497,22.9497,899,0
2017-11-20,21:15:00,22.9306,22.9306,22.9306,22.9306,205,0
2017-11-20,21:20:00,22.935,22.97,22.935,22.97,326,0
2017-11-20,21:35:00,22.9558,22.9558,22.9008,22.9008,1150,0
2017-11-20,21:40:00,22.95,22.95,22.95,22.95,400,0
2017-11-20,21:55:00,22.92,22.92,22.92,22.92,240,0
2017-11-21,15:35:00,22.86,22.9116,22.86,22.9116,350,0
2017-11-21,15:40:00,22.8701,22.9034,22.8701,22.9034,1015,0
2017-11-21,15:50:00,22.8877,22.8877,22.8877,22.8877,700,0
2017-11-21,15:55:00,22.9184,22.9184,22.9,22.9,500,0
2017-11-21,16:40:00,22.9,22.91,22.9,22.91,200,0
2017-11-21,16:55:00,22.8805,22.8805,22.8805,22.8805,279,0
2017-11-21,17:00:00,22.91,22.9796,22.9099,22.9796,1200,0
2017-11-21,17:05:00,22.91,22.91,22.91,22.91,100,0
2017-11-21,17:10:00,22.93,22.98,22.9008,22.9596,1584,0
2017-11-21,17:15:00,22.89,22.9259,22.89,22.9259,2520,0
2017-11-21,18:00:00,22.93,22.93,22.93,22.93,200,0
2017-11-21,18:05:00,22.944,22.944,22.944,22.944,500,0
2017-11-21,18:40:00,22.98,22.99,22.98,22.99,2525,0
2017-11-21,20:25:00,22.95,22.9643,22.95,22.9643,1050,0
2017-11-21,20:30:00,22.98,23,22.98,22.98,2730,0
2017-11-21,20:35:00,23,23,23,23,200,0
2017-11-21,20:55:00,23.0024,23.0024,23.0024,23.0024,653,0
2017-11-21,21:30:00,23.001,23.001,23,23,1297,0
2017-11-21,21:35:00,22.961,22.9788,22.95,22.9788,4046,0
2017-11-21,21:40:00,22.9998,22.9998,22.9998,22.9998,100,0
2017-11-21,21:50:00,22.9601,22.9601,22.9601,22.9601,445,0
2017-11-22,15:35:00,22.92,22.9458,22.92,22.9458,454,0
2017-11-22,15:40:00,23.0441,23.0441,23.0441,23.0441,979,0
2017-11-22,15:45:00,23.09,23.09,23.09,23.09,1000,0
2017-11-22,15:50:00,22.994,22.994,22.994,22.994,300,0
2017-11-22,16:00:00,23.0096,23.0096,22.88,22.9703,4390,0
2017-11-22,16:10:00,23.039,23.039,23.0086,23.0086,2550,0
2017-11-22,16:25:00,23.046,23.046,23.046,23.046,750,0
2017-11-22,16:40:00,22.8812,22.8812,22.8812,22.8812,1000,0
2017-11-22,17:05:00,22.9715,22.9715,22.9715,22.9715,100,0
2017-11-22,17:10:00,22.986,22.986,22.986,22.986,200,0
2017-11-22,17:20:00,22.9464,22.9464,22.928,22.928,2400,0
2017-11-22,17:30:00,22.9385,22.9385,22.9385,22.9385,675,0
2017-11-22,18:00:00,22.92,22.92,22.92,22.92,100,0
2017-11-22,18:10:00,22.9497,22.9497,22.9497,22.9497,1215,0
2017-11-22,18:15:00,22.9387,22.9387,22.9387,22.9387,325,0
2017-11-22,18:20:00,22.9211,22.9211,22.9211,22.9211,900,0
2017-11-22,18:35:00,22.94,22.97,22.94,22.97,400,0
2017-11-22,18:50:00,22.9521,22.9521,22.9521,22.9521,100,0
2017-11-22,19:30:00,22.96,22.96,22.9515,22.9515,473,0
2017-11-22,20:25:00,22.9899,22.9899,22.9899,22.9899,435,0
2017-11-22,20:30:00,22.9504,22.9504,22.9504,22.9504,233,0
2017-11-22,20:35:00,22.9871,22.9871,22.9871,22.9871,1065,0
2017-11-22,20:45:00,22.98,23,22.98,23,962,0
2017-11-22,20:55:00,23.0392,23.0392,23.0392,23.0392,635,0
2017-11-22,21:00:00,23.03,23.05,23.03,23.05,712,0
2017-11-22,22:00:00,23.06,23.08,23.04,23.06,1400,0
2017-11-24,15:35:00,22.93,23.06,22.93,23.06,600,0
2017-11-24,16:00:00,22.95,23.0703,22.95,23.0703,2585,0
2017-11-24,16:05:00,23.0031,23.0703,23.0031,23.0655,2010,0
2017-11-24,16:20:00,23.0734,23.0734,23.0734,23.0734,300,0
2017-11-24,16:40:00,23.0385,23.0385,23.0385,23.0385,1225,0
2017-11-24,17:05:00,23.0389,23.0389,23.0389,23.0389,1275,0
2017-11-24,17:30:00,23.0599,23.0599,23.0599,23.0599,2000,0
2017-11-24,17:50:00,23.015,23.06,23.015,23.06,400,0
2017-11-24,18:00:00,23.0578,23.0578,23.0578,23.0578,100,0
2017-11-24,18:05:00,23.0349,23.06,23.0264,23.0265,2100,0
2017-11-27,16:15:00,23.04,23.06,23.0286,23.0408,12295,0
2017-11-27,16:30:00,23.1,23.1,23.09,23.09,800,0
2017-11-27,16:40:00,23.1,23.1,23.059,23.059,1000,0
2017-11-27,16:50:00,23.1,23.1,23.1,23.1,5400,0
2017-11-27,16:55:00,23.12,23.14,23.12,23.14,626,0
2017-11-27,17:35:00,23.1396,23.1396,23.1396,23.1396,216,0
2017-11-27,17:40:00,23.1396,23.1396,23.1396,23.1396,100,0
2017-11-27,17:50:00,23.124,23.124,23.124,23.124,864,0
2017-11-27,18:25:00,23.14,23.14,23.108,23.14,900,0
2017-11-27,18:35:00,23.121,23.121,23.121,23.121,243,0
2017-11-27,18:55:00,23.14,23.14,23.14,23.14,170,0
2017-11-27,19:00:00,23.15,23.15,23.1485,23.15,370,0
2017-11-27,19:20:00,23.15,23.15,23.15,23.15,170,0
2017-11-27,19:30:00,23.15,23.15,23.1411,23.1411,470,0
2017-11-27,19:35:00,23.15,23.15,23.15,23.15,170,0
2017-11-27,19:40:00,23.15,23.15,23.1477,23.15,5269,0
2017-11-27,19:45:00,23.18,23.18,23.1785,23.1785,600,0
2017-11-27,19:50:00,23.1621,23.1621,23.1614,23.1614,200,0
2017-11-27,20:00:00,23.16,23.17,23.16,23.16,700,0
2017-11-27,20:30:00,23.19,23.19,23.1629,23.1629,1170,0
2017-11-27,20:45:00,23.19,23.19,23.16,23.16,1098,0
2017-11-27,20:50:00,23.1551,23.189,23.1551,23.189,800,0
2017-11-27,21:00:00,23.19,23.19,23.19,23.19,170,0
2017-11-27,21:20:00,23.172,23.19,23.165,23.165,600,0
2017-11-27,21:25:00,23.19,23.19,23.1867,23.1867,850,0
2017-11-27,21:35:00,23.141,23.15,23.14,23.15,1800,0
2017-11-27,21:50:00,23.14,23.14,23.14,23.14,749,0
2017-11-27,22:00:00,23.1494,23.1494,23.1066,23.1066,700,0
2017-11-28,16:10:00,23.1788,23.1788,23.1788,23.1788,500,0
2017-11-28,16:25:00,23.08,23.08,23.07,23.07,200,0
2017-11-28,16:30:00,23.1392,23.1392,23.1392,23.1392,500,0
2017-11-28,16:55:00,23.09,23.09,23.09,23.09,1000,0
2017-11-28,17:05:00,23.0738,23.0738,23.0738,23.0738,432,0
2017-11-28,17:25:00,23.084,23.0903,23.084,23.0903,500,0
2017-11-28,17:30:00,23.06,23.06,23.02,23.02,900,0
2017-11-28,17:35:00,23.1,23.1,23.1,23.1,1910,0
2017-11-28,18:10:00,23.068,23.068,23.068,23.068,100,0
2017-11-28,18:40:00,23.0752,23.076,23.0752,23.076,200,0
2017-11-28,19:05:00,23.081,23.081,23.081,23.081,217,0
2017-11-28,19:15:00,23.09,23.09,23.08,23.08,4100,0
2017-11-28,20:00:00,23.09,23.09,23.0872,23.0872,2230,0
2017-11-28,20:10:00,23.0728,23.08,23.07,23.07,500,0
2017-11-28,20:20:00,23.08,23.08,23.08,23.08,190,0
2017-11-28,20:50:00,23.0689,23.0689,23.0689,23.0689,105,0
2017-11-28,21:05:00,23.045,23.045,23.045,23.045,100,0
2017-11-28,21:10:00,23.0508,23.0508,23.0508,23.0508,800,0
2017-11-29,15:35:00,22.95,22.95,22.95,22.95,1100,0
2017-11-29,15:40:00,22.91,22.91,22.87,22.87,900,0
2017-11-29,15:45:00,22.87,22.88,22.87,22.87,1100,0
2017-11-29,15:50:00,22.87,22.87,22.87,22.87,600,0
2017-11-29,15:55:00,22.83,22.83,22.75,22.75,500,0
2017-11-29,16:00:00,22.67,22.69,22.67,22.68,600,0
2017-11-29,16:05:00,22.75,22.75,22.67,22.67,900,0
2017-11-29,16:10:00,22.67,22.67,22.65,22.65,600,0
2017-11-29,16:15:00,22.64,22.75,22.63,22.75,5920,0
2017-11-29,16:25:00,22.75,22.75,22.75,22.75,500,0
2017-11-29,16:30:00,22.68,22.68,22.67,22.67,500,0
2017-11-29,16:35:00,22.6943,22.73,22.67,22.72,700,0
2017-11-29,16:40:00,22.72,22.755,22.69,22.69,1100,0
2017-11-29,16:45:00,22.69,22.69,22.67,22.67,500,0
2017-11-29,16:50:00,22.67,22.67,22.67,22.67,600,0
2017-11-29,16:55:00,22.67,22.7574,22.67,22.67,850,0
2017-11-29,17:00:00,22.67,22.76,22.64,22.76,1500,0
2017-11-29,17:05:00,22.65,22.71,22.65,22.71,2000,0
2017-11-29,17:15:00,22.66,22.66,22.66,22.66,100,0
2017-11-29,17:20:00,22.66,22.66,22.65,22.65,600,0
2017-11-29,17:25:00,22.71,22.73,22.65,22.65,2000,0
2017-11-29,17:30:00,22.65,22.65,22.65,22.65,500,0
2017-11-29,17:35:00,22.65,22.65,22.65,22.65,500,0
2017-11-29,17:40:00,22.65,22.65,22.65,22.65,500,0
2017-11-29,17:45:00,22.65,22.7,22.64,22.64,1500,0
2017-11-29,17:50:00,22.64,22.65,22.64,22.65,600,0
2017-11-29,17:55:00,22.64,22.6751,22.64,22.64,1250,0
2017-11-29,18:00:00,22.64,22.683,22.64,22.64,1500,0
2017-11-29,18:05:00,22.64,22.65,22.64,22.65,500,0
2017-11-29,18:10:00,22.65,22.65,22.64,22.64,500,0
2017-11-29,18:15:00,22.64,22.674,22.64,22.674,600,0
2017-11-29,18:20:00,22.64,22.64,22.64,22.64,700,0
2017-11-29,18:25:00,22.64,22.71,22.64,22.71,600,0
2017-11-29,18:30:00,22.71,22.71,22.66,22.66,1000,0
2017-11-29,18:35:00,22.6752,22.6752,22.65,22.65,700,0
2017-11-29,18:40:00,22.65,22.65,22.65,22.65,400,0
2017-11-29,18:45:00,22.65,22.65,22.65,22.65,400,0
2017-11-29,18:50:00,22.66,22.66,22.66,22.66,400,0
2017-11-29,18:55:00,22.67,22.671,22.67,22.67,1800,0
2017-11-29,19:00:00,22.67,22.75,22.67,22.75,1507,0
2017-11-29,19:05:00,22.76,22.76,22.72,22.72,800,0
2017-11-29,19:15:00,22.72,22.72,22.72,22.72,200,0
2017-11-29,19:20:00,22.72,22.72,22.68,22.68,3400,0
2017-11-29,19:25:00,22.69,22.69,22.68,22.68,400,0
2017-11-29,19:30:00,22.69,22.69,22.69,22.69,300,0
2017-11-29,19:35:00,22.69,22.69,22.69,22.69,400,0
2017-11-29,19:40:00,22.69,22.7,22.69,22.69,400,0
2017-11-29,19:45:00,22.69,22.732,22.68,22.68,900,0
2017-11-29,19:50:00,22.68,22.69,22.68,22.69,400,0
2017-11-29,19:55:00,22.69,22.69,22.69,22.69,400,0
2017-11-29,20:00:00,22.69,22.69,22.67,22.67,945,0
2017-11-29,20:05:00,22.68,22.68,22.68,22.68,1100,0
2017-11-29,20:15:00,22.67,22.71,22.6605,22.7,1950,0
2017-11-29,20:20:00,22.6605,22.6605,22.66,22.66,320,0
2017-11-29,20:25:00,22.66,22.7095,22.66,22.67,1100,0
2017-11-29,20:30:00,22.69,22.72,22.69,22.69,1706,0
2017-11-29,20:35:00,22.69,22.69,22.6856,22.6856,1500,0
2017-11-29,20:40:00,22.68,22.69,22.68,22.69,400,0
2017-11-29,20:45:00,22.7277,22.7277,22.68,22.68,810,0
2017-11-29,20:50:00,22.68,22.71,22.68,22.69,1710,0
2017-11-29,20:55:00,22.7,22.74,22.69,22.73,1215,0
2017-11-29,21:00:00,22.74,22.75,22.73,22.75,2085,0
2017-11-29,21:05:00,22.7616,22.7616,22.7616,22.7616,600,0
2017-11-29,21:10:00,22.75,22.75,22.71,22.71,800,0
2017-11-29,21:15:00,22.75,22.75,22.7,22.71,1500,0
2017-11-29,21:20:00,22.7,22.7,22.7,22.7,600,0
2017-11-29,21:25:00,22.7,22.74,22.7,22.7,1588,0
2017-11-29,21:30:00,22.7,22.74,22.7,22.74,1500,0
2017-11-29,21:35:00,22.7116,22.74,22.7116,22.74,1200,0
2017-11-29,21:40:00,22.7314,22.7314,22.73,22.73,700,0
2017-11-29,21:45:00,22.73,22.7374,22.71,22.71,1854,0
2017-11-29,21:50:00,22.71,22.74,22.71,22.71,2500,0
2017-11-29,21:55:00,22.71,22.71,22.7,22.7,3151,0
2017-11-29,22:00:00,22.7,22.75,22.66,22.66,111465,0
2017-11-30,15:35:00,22.69,22.69,22.69,22.69,501,0
2017-11-30,15:50:00,22.7072,22.71,22.7072,22.71,300,0
2017-11-30,15:55:00,22.72,22.72,22.72,22.72,396,0
2017-11-30,16:00:00,22.71,22.71,22.71,22.71,136,0
2017-11-30,16:30:00,22.7528,22.7528,22.7528,22.7528,350,0
2017-11-30,16:35:00,22.8,22.8,22.8,22.8,200,0
2017-11-30,16:50:00,22.75,22.75,22.75,22.75,500,0
2017-11-30,16:55:00,22.7483,22.7483,22.7483,22.7483,1000,0
2017-11-30,17:00:00,22.7351,22.7351,22.7351,22.7351,190,0
2017-11-30,17:05:00,22.75,22.77,22.74,22.77,1799,0
2017-11-30,17:15:00,22.7534,22.8,22.7534,22.78,1826,0
2017-11-30,17:20:00,22.78,22.78,22.78,22.78,20000,0
2017-11-30,17:25:00,22.78,22.78,22.78,22.78,385,0
2017-11-30,17:40:00,22.79,22.8,22.78,22.7999,2600,0
2017-11-30,17:45:00,22.75,22.75,22.74,22.74,1190,0
2017-11-30,17:55:00,22.7601,22.7601,22.7601,22.7601,530,0
2017-11-30,18:05:00,22.73,22.73,22.73,22.73,320,0
2017-11-30,18:20:00,22.72,22.77,22.72,22.77,272,0
2017-11-30,18:35:00,22.77,22.77,22.77,22.77,200,0
2017-11-30,18:40:00,22.706,22.706,22.706,22.706,285,0
2017-11-30,18:45:00,22.75,22.76,22.75,22.75,1322,0
2017-11-30,18:55:00,22.74,22.74,22.74,22.74,170,0
2017-11-30,19:10:00,22.63,22.64,22.63,22.64,800,0
2017-11-30,19:15:00,22.64,22.64,22.6,22.6,1000,0
2017-11-30,19:20:00,22.645,22.645,22.54,22.6049,5671,0
2017-11-30,19:30:00,22.64,22.65,22.6,22.6,770,0
2017-11-30,19:35:00,22.6,22.61,22.6,22.61,2400,0
2017-11-30,19:40:00,22.54,22.54,22.53,22.53,600,0
2017-11-30,19:45:00,22.53,22.59,22.53,22.53,1500,0
2017-11-30,19:50:00,22.53,22.53,22.5,22.5,1000,0
2017-11-30,19:55:00,22.5,22.5,22.5,22.5,100,0
2017-11-30,20:05:00,22.57,22.57,22.56,22.57,5246,0
2017-11-30,20:20:00,22.53,22.53,22.5,22.5,400,0
2017-11-30,20:25:00,22.51,22.51,22.51,22.51,100,0
2017-11-30,20:30:00,22.51,22.51,22.5,22.5,1300,0
2017-11-30,20:35:00,22.5,22.63,22.5,22.63,11500,0
2017-11-30,20:40:00,22.6,22.6,22.6,22.6,1600,0
2017-11-30,20:45:00,22.6,22.6,22.55,22.55,1000,0
2017-11-30,20:50:00,22.55,22.6,22.55,22.56,2000,0
2017-11-30,20:55:00,22.56,22.56,22.54,22.54,1800,0
2017-11-30,21:00:00,22.53,22.54,22.5,22.5201,1500,0
2017-11-30,21:05:00,22.5,22.51,22.5,22.5,2400,0
2017-11-30,21:10:00,22.5,22.5,22.5,22.5,2300,0
2017-11-30,21:15:00,22.5,22.55,22.5,22.55,2400,0
2017-11-30,21:20:00,22.5,22.546,22.5,22.5,2700,0
2017-11-30,21:30:00,22.51,22.51,22.5,22.5,1182,0
2017-11-30,21:40:00,22.5142,22.5142,22.5142,22.5142,1100,0
2017-11-30,21:45:00,22.5525,22.6073,22.5525,22.6073,2224,0
2017-11-30,22:00:00,22.52,22.5673,22.5,22.5,59993,0
2017-12-01,15:35:00,22.5,22.5,22.5,22.5,502,0
2017-12-01,15:45:00,22.53,22.53,22.53,22.53,500,0
2017-12-01,16:10:00,22.5466,22.6,22.5466,22.6,8740,0
2017-12-01,16:15:00,22.6,22.6,22.59,22.6,600,0
2017-12-01,16:20:00,22.61,22.61,22.6,22.6,439,0
2017-12-01,16:25:00,22.6,22.6199,22.6,22.6199,2400,0
2017-12-01,16:55:00,22.6157,22.6157,22.6157,22.6157,1200,0
2017-12-01,17:00:00,22.571,22.571,22.571,22.571,233,0
2017-12-01,17:10:00,22.581,22.581,22.58,22.5801,700,0
2017-12-01,17:15:00,22.5795,22.5795,22.54,22.54,400,0
2017-12-01,17:25:00,22.5695,22.5695,22.5695,22.5695,200,0
2017-12-01,17:30:00,22.52,22.52,22.4,22.4169,2200,0
2017-12-01,17:35:00,22.41,22.41,22.41,22.41,200,0
2017-12-01,17:40:00,22.3054,22.3054,22.3,22.3,659,0
2017-12-01,17:55:00,22.3843,22.3843,22.3843,22.3843,1783,0
2017-12-01,18:00:00,22.4,22.41,22.4,22.41,470,0
2017-12-01,18:20:00,22.38,22.38,22.38,22.38,100,0
2017-12-01,18:25:00,22.35,22.36,22.35,22.36,300,0
2017-12-01,18:30:00,22.42,22.42,22.42,22.42,2600,0
2017-12-01,18:35:00,22.461,22.461,22.461,22.461,1100,0
2017-12-01,18:40:00,22.45,22.46,22.45,22.46,1101,0
2017-12-01,18:50:00,22.47,22.5,22.46,22.5,2190,0
2017-12-01,20:10:00,22.59,22.62,22.59,22.62,200,0
2017-12-01,20:25:00,22.55,22.55,22.55,22.55,400,0
2017-12-01,20:30:00,22.536,22.536,22.536,22.536,1500,0
2017-12-01,20:40:00,22.51,22.51,22.5,22.5,800,0
2017-12-01,20:45:00,22.51,22.51,22.51,22.51,100,0
2017-12-01,20:50:00,22.5414,22.5414,22.5414,22.5414,213,0
2017-12-01,21:00:00,22.51,22.52,22.51,22.52,300,0
2017-12-01,21:30:00,22.5496,22.5496,22.5496,22.5496,1000,0
2017-12-01,21:35:00,22.54,22.55,22.54,22.55,2986,0
2017-12-01,21:40:00,22.5977,22.5977,22.5977,22.5977,100,0
2017-12-01,21:50:00,22.59,22.6,22.59,22.6,800,0
2017-12-01,21:55:00,22.6,22.6,22.59,22.6,400,0
2017-12-01,22:00:00,22.615,22.63,22.58,22.58,1412,0
2017-12-04,15:35:00,22.69,22.77,22.69,22.77,1457,0
2017-12-04,15:45:00,22.74,22.77,22.7279,22.7279,7030,0
2017-12-04,15:50:00,22.77,22.77,22.77,22.77,475,0
2017-12-04,16:00:00,22.75,22.8225,22.75,22.8225,6650,0
2017-12-04,16:05:00,22.755,22.755,22.755,22.755,100,0
2017-12-04,16:15:00,22.755,22.8,22.755,22.8,2100,0
2017-12-04,16:20:00,22.692,22.7999,22.692,22.7999,1200,0
2017-12-04,16:25:00,22.7794,22.7794,22.7794,22.7794,2000,0
2017-12-04,16:45:00,22.75,22.75,22.74,22.74,464,0
2017-12-04,17:00:00,22.75,22.75,22.74,22.75,978,0
2017-12-04,17:05:00,22.7359,22.7359,22.7359,22.7359,100,0
2017-12-04,17:10:00,22.7203,22.75,22.72,22.75,1400,0
2017-12-04,17:15:00,22.75,22.75,22.75,22.75,800,0
2017-12-04,17:25:00,22.721,22.721,22.721,22.721,450,0
2017-12-04,17:45:00,22.731,22.736,22.731,22.736,400,0
2017-12-04,17:50:00,22.7899,22.7899,22.7899,22.7899,300,0
2017-12-04,17:55:00,22.75,22.75,22.75,22.75,9974,0
2017-12-04,18:15:00,22.7461,22.7461,22.7461,22.7461,500,0
2017-12-04,18:20:00,22.7899,22.7899,22.7899,22.7899,875,0
2017-12-04,18:25:00,22.79,22.79,22.767,22.767,1966,0
2017-12-04,18:35:00,22.79,22.79,22.75,22.75,979,0
2017-12-04,18:40:00,22.7503,22.7503,22.7503,22.7503,200,0
2017-12-04,18:45:00,22.759,22.7822,22.759,22.7822,1400,0
2017-12-04,19:05:00,22.7583,22.7583,22.7583,22.7583,1500,0
2017-12-04,19:10:00,22.7899,22.7899,22.7899,22.7899,1100,0
2017-12-04,19:20:00,22.79,22.79,22.79,22.79,200,0
2017-12-04,19:50:00,22.78,22.78,22.78,22.78,690,0
2017-12-04,19:55:00,22.76,22.7738,22.76,22.7738,1100,0
2017-12-04,20:00:00,22.75,22.7521,22.75,22.75,1511,0
2017-12-04,20:20:00,22.744,22.744,22.744,22.744,197,0
2017-12-04,20:25:00,22.75,22.75,22.75,22.75,500,0
2017-12-04,20:30:00,22.75,22.75,22.75,22.75,310,0
2017-12-04,20:55:00,22.75,22.75,22.75,22.75,463,0
2017-12-04,21:05:00,22.7342,22.7342,22.7342,22.7342,185,0
2017-12-04,21:10:00,22.73,22.74,22.73,22.74,1251,0
2017-12-04,21:15:00,22.74,22.74,22.74,22.74,1400,0
2017-12-04,21:45:00,22.75,22.75,22.75,22.75,112,0
2017-12-04,21:55:00,22.75,22.75,22.75,22.75,300,0
2017-12-04,22:00:00,22.7407,22.7407,22.73,22.73,2070,0
2017-12-05,15:35:00,22.7,22.75,22.7,22.75,4500,0
2017-12-05,15:45:00,22.75,22.75,22.75,22.75,1000,0
2017-12-05,15:55:00,22.75,22.75,22.75,22.75,1200,0
2017-12-05,16:00:00,22.7389,22.74,22.7,22.74,951,0
2017-12-05,16:05:00,22.75,22.75,22.75,22.75,200,0
2017-12-05,16:10:00,22.73,22.75,22.73,22.75,432,0
2017-12-05,16:15:00,22.75,22.75,22.74,22.74,3300,0
2017-12-05,16:25:00,22.75,22.75,22.75,22.75,200,0
2017-12-05,16:30:00,22.75,22.77,22.75,22.77,600,0
2017-12-05,16:45:00,22.7437,22.7437,22.7437,22.7437,300,0
2017-12-05,16:50:00,22.7499,22.7499,22.7443,22.7443,960,0
2017-12-05,17:00:00,22.75,22.78,22.75,22.78,4000,0
2017-12-05,17:15:00,22.75,22.7521,22.75,22.75,1000,0
2017-12-05,17:20:00,22.7437,22.7437,22.7437,22.7437,1000,0
2017-12-05,17:25:00,22.74,22.74,22.7,22.7,2300,0
2017-12-05,17:35:00,22.74,22.75,22.7322,22.737,3725,0
2017-12-05,17:45:00,22.75,22.75,22.75,22.75,100,0
2017-12-05,17:50:00,22.75,22.75,22.75,22.75,425,0
2017-12-05,18:00:00,22.7462,22.7462,22.7462,22.7462,1000,0
2017-12-05,19:25:00,22.73,22.75,22.7289,22.7405,1860,0
2017-12-05,19:30:00,22.74,22.74,22.74,22.74,200,0
2017-12-05,19:35:00,22.7214,22.7214,22.7214,22.7214,818,0
2017-12-05,19:40:00,22.711,22.711,22.711,22.711,300,0
2017-12-05,19:45:00,22.739,22.74,22.732,22.7333,1362,0
2017-12-05,20:05:00,22.711,22.711,22.711,22.711,1250,0
2017-12-05,20:10:00,22.73,22.73,22.726,22.726,200,0
2017-12-05,20:20:00,22.73,22.73,22.73,22.73,220,0
2017-12-05,21:20:00,22.74,22.74,22.74,22.74,100,0
2017-12-05,21:25:00,22.74,22.74,22.7362,22.74,1000,0
2017-12-05,21:30:00,22.74,22.74,22.74,22.74,100,0
2017-12-05,21:50:00,22.74,22.74,22.735,22.735,695,0
2017-12-05,22:00:00,22.725,22.7399,22.72,22.7399,1318,0
2017-12-06,15:35:00,22.72,22.75,22.72,22.75,1100,0
2017-12-06,15:45:00,22.78,22.78,22.78,22.78,700,0
2017-12-06,15:50:00,22.77,22.78,22.77,22.78,2900,0
2017-12-06,15:55:00,22.83,22.84,22.805,22.805,9960,0
2017-12-06,16:00:00,22.8399,22.8399,22.8395,22.8395,790,0
2017-12-06,16:10:00,22.8,22.8,22.8,22.8,400,0
2017-12-06,16:15:00,22.781,22.804,22.781,22.804,2617,0
2017-12-06,16:20:00,22.781,22.7828,22.77,22.77,2415,0
2017-12-06,16:45:00,22.76,22.76,22.75,22.75,1700,0
2017-12-06,16:50:00,22.76,22.76,22.76,22.76,100,0
2017-12-06,16:55:00,22.76,22.7698,22.76,22.7698,800,0
2017-12-06,17:10:00,22.77,22.77,22.77,22.77,2300,0
2017-12-06,17:20:00,22.78,22.78,22.78,22.78,200,0
2017-12-06,17:25:00,22.8188,22.8188,22.8188,22.8188,320,0
2017-12-06,17:30:00,22.815,22.83,22.815,22.83,7521,0
2017-12-06,17:35:00,22.79,22.79,22.79,22.79,1500,0
2017-12-06,18:15:00,22.7859,22.7859,22.7859,22.7859,800,0
2017-12-06,18:30:00,22.79,22.7986,22.79,22.7986,1000,0
2017-12-06,18:35:00,22.8105,22.8105,22.8105,22.8105,400,0
2017-12-06,18:40:00,22.8208,22.8208,22.8208,22.8208,2430,0
2017-12-06,18:50:00,22.7801,22.7801,22.7801,22.7801,300,0
2017-12-06,18:55:00,22.7971,22.7971,22.7971,22.7971,750,0
2017-12-06,19:00:00,22.7814,22.7814,22.78,22.78,254,0
2017-12-06,19:05:00,22.8,22.8,22.8,22.8,900,0
2017-12-06,19:25:00,22.84,22.84,22.84,22.84,100,0
2017-12-06,19:35:00,22.84,22.84,22.84,22.84,100,0
2017-12-06,19:45:00,22.84,22.84,22.84,22.84,100,0
2017-12-06,19:50:00,22.8,22.8,22.8,22.8,1000,0
2017-12-06,19:55:00,22.8399,22.84,22.8399,22.84,1000,0
2017-12-06,20:00:00,22.8,22.815,22.77,22.8,2100,0
2017-12-06,20:05:00,22.7995,22.7995,22.7995,22.7995,450,0
2017-12-06,20:10:00,22.815,22.83,22.815,22.83,200,0
2017-12-06,20:20:00,22.815,22.83,22.815,22.83,200,0
2017-12-06,20:25:00,22.8299,22.8299,22.8299,22.8299,100,0
2017-12-06,20:30:00,22.815,22.83,22.815,22.83,200,0
2017-12-06,20:45:00,22.815,22.815,22.8,22.815,5400,0
2017-12-06,21:15:00,22.8144,22.8144,22.8144,22.8144,100,0
2017-12-06,21:40:00,22.8,22.8,22.8,22.8,1689,0
2017-12-06,21:50:00,22.81,22.81,22.81,22.81,100,0
2017-12-06,21:55:00,22.81,22.82,22.81,22.82,1711,0
2017-12-06,22:00:00,22.8006,22.8006,22.8,22.8,2200,0
