Date,Time,Open,High,Low,Close,Volume,OpenInt
2017-05-30,17:35:00,26.979,26.979,26.979,26.979,185,0
2017-05-30,18:20:00,26.968,26.968,26.968,26.968,1030,0
2017-05-30,20:10:00,26.953,26.953,26.953,26.953,185,0
2017-05-31,15:55:00,26.922,26.922,26.922,26.922,515,0
2017-05-31,16:00:00,26.912,26.912,26.912,26.912,103,0
2017-05-31,16:15:00,26.912,26.912,26.912,26.912,206,0
2017-05-31,16:20:00,26.912,26.912,26.912,26.912,206,0
2017-05-31,16:30:00,26.999,27.029,26.999,27.029,1292,0
2017-05-31,17:00:00,26.922,26.922,26.922,26.922,103,0
2017-05-31,17:10:00,26.922,26.922,26.922,26.922,103,0
2017-05-31,17:45:00,26.99,26.99,26.99,26.99,206,0
2017-05-31,18:40:00,26.999,26.999,26.999,26.999,166,0
2017-05-31,20:10:00,26.957,26.957,26.957,26.957,104,0
2017-05-31,20:15:00,26.995,27.096,26.995,27.096,772,0
2017-05-31,20:40:00,27.158,27.158,27.144,27.144,1054,0
2017-05-31,20:55:00,27.1,27.1,27.1,27.1,111,0
2017-05-31,21:00:00,27.16,27.16,27.16,27.16,783,0
2017-06-01,15:35:00,27.009,27.009,27.009,27.009,206,0
2017-06-01,18:10:00,27.145,27.145,27.104,27.104,206,0
2017-06-01,19:00:00,27.038,27.038,26.999,26.999,309,0
2017-06-01,21:45:00,27.019,27.019,27.019,27.019,721,0
2017-06-01,21:50:00,26.999,26.999,26.999,26.999,911,0
2017-06-02,15:55:00,26.844,26.844,26.368,26.388,10194,0
2017-06-02,16:00:00,26.514,26.562,26.514,26.562,309,0
2017-06-02,16:35:00,26.611,26.766,26.611,26.747,4051,0
2017-06-02,17:05:00,26.713,26.776,26.713,26.776,1133,0
2017-06-02,17:25:00,26.941,26.941,26.766,26.766,2574,0
2017-06-02,17:30:00,26.679,26.679,26.679,26.679,103,0
2017-06-02,17:55:00,26.766,26.766,26.766,26.766,1544,0
2017-06-02,18:25:00,27.184,27.184,27.184,27.184,349,0
2017-06-02,20:25:00,27.174,27.174,27.174,27.174,103,0
2017-06-02,21:00:00,27.133,27.133,27.133,27.133,123,0
2017-06-02,21:20:00,27.174,27.174,27.174,27.174,103,0
2017-06-02,21:30:00,26.807,27.048,26.807,26.97,350,0
2017-06-02,21:35:00,26.886,26.886,26.886,26.886,201,0
2017-06-05,17:55:00,27.11,27.11,27.11,27.11,182,0
2017-06-05,18:15:00,27.134,27.134,27.134,27.134,110,0
2017-06-05,18:30:00,26.957,26.957,26.957,26.957,412,0
2017-06-05,21:10:00,27.099,27.099,27.099,27.099,489,0
2017-06-05,21:20:00,27.088,27.088,27.088,27.088,2471,0
2017-06-06,18:05:00,27.068,27.068,27.068,27.068,111,0
2017-06-06,20:30:00,27.005,27.005,27.005,27.005,258,0
2017-06-06,20:45:00,26.961,26.961,26.961,26.961,2059,0
2017-06-07,16:10:00,27.123,27.123,27.123,27.123,181,0
2017-06-07,16:20:00,26.987,26.987,26.987,26.987,134,0
2017-06-07,17:20:00,26.951,26.951,26.951,26.951,412,0
2017-06-07,19:05:00,26.97,26.97,26.97,26.97,185,0
2017-06-07,19:35:00,26.986,26.986,26.986,26.986,515,0
2017-06-07,19:40:00,27.154,27.154,27.154,27.154,680,0
2017-06-07,19:55:00,27.134,27.134,27.134,27.134,143,0
2017-06-07,20:15:00,27.071,27.071,27.071,27.071,319,0
2017-06-07,21:50:00,26.97,26.97,26.97,26.97,2059,0
2017-06-08,15:35:00,26.902,26.902,26.902,26.902,134,0
2017-06-08,18:15:00,27.053,27.053,27.053,27.053,114,0
2017-06-08,19:55:00,27,27,27,27,618,0
2017-06-09,17:45:00,27.194,27.194,27.019,27.019,490,0
2017-06-09,19:20:00,27.164,27.164,27.164,27.164,105,0
2017-06-09,19:25:00,27.194,27.194,27.192,27.192,222,0
2017-06-09,19:55:00,27.153,27.153,27.153,27.153,112,0
2017-06-09,20:20:00,27.096,27.164,27.096,27.164,515,0
2017-06-09,21:40:00,27.019,27.051,27.019,27.051,574,0
2017-06-12,15:50:00,26.973,26.973,26.973,26.973,515,0
2017-06-12,18:25:00,27.066,27.066,27.066,27.066,225,0
2017-06-12,19:00:00,27.17,27.17,27.17,27.17,184,0
2017-06-12,19:05:00,27.17,27.17,27.17,27.17,155,0
2017-06-12,19:10:00,27.089,27.089,27.089,27.089,308,0
2017-06-12,19:15:00,27.089,27.089,27.089,27.089,124,0
2017-06-12,20:00:00,27.048,27.048,27.048,27.048,118,0
2017-06-12,21:00:00,27.126,27.135,27.126,27.135,2685,0
2017-06-12,22:00:00,27.048,27.048,27.048,27.048,103,0
2017-06-13,19:30:00,27.067,27.067,26.853,26.854,4119,0
2017-06-13,19:50:00,26.893,26.893,26.893,26.893,103,0
2017-06-13,20:25:00,26.989,26.989,26.808,26.808,269,0
2017-06-13,20:35:00,26.808,26.808,26.808,26.808,311,0
2017-06-14,15:55:00,26.951,26.951,26.951,26.951,206,0
2017-06-14,18:05:00,27.161,27.161,27.161,27.161,264,0
2017-06-14,18:15:00,27.048,27.048,27.021,27.021,309,0
2017-06-14,18:25:00,27.182,27.182,27.182,27.182,148,0
2017-06-14,20:50:00,27.015,27.015,27.015,27.015,412,0
2017-06-15,17:05:00,27.155,27.155,27.114,27.114,206,0
2017-06-15,18:05:00,27.069,27.096,27.069,27.096,206,0
2017-06-15,19:15:00,26.951,27.194,26.951,27.194,323,0
2017-06-15,20:05:00,27.021,27.021,27.021,27.021,1030,0
2017-06-16,15:35:00,26.951,26.951,26.951,26.951,116,0
2017-06-16,16:20:00,26.951,26.951,26.951,26.951,206,0
2017-06-16,17:45:00,27.126,27.126,27.126,27.126,412,0
2017-06-16,18:10:00,26.961,27.009,26.961,26.961,1030,0
2017-06-16,19:15:00,26.961,27.002,26.951,26.951,2889,0
2017-06-16,20:30:00,27.143,27.143,27.143,27.143,109,0
2017-06-16,22:00:00,26.951,26.951,26.951,26.951,206,0
2017-06-19,19:30:00,26.991,26.991,26.991,26.991,169,0
2017-06-19,19:50:00,27.161,27.161,27.161,27.161,143,0
2017-06-19,20:45:00,27.194,27.194,27.194,27.194,183,0
2017-06-19,21:40:00,27.194,27.194,27.073,27.073,416,0
2017-06-20,18:40:00,27.021,27.021,27.021,27.021,250,0
2017-06-20,19:30:00,27.161,27.161,27.161,27.161,337,0
2017-06-20,20:55:00,27.135,27.182,27.135,27.182,515,0
2017-06-20,22:00:00,27.062,27.062,27.062,27.062,145,0
2017-06-21,16:15:00,27.106,27.116,27.075,27.075,309,0
2017-06-21,19:00:00,27.07,27.07,27.07,27.07,177,0
2017-06-21,19:15:00,27.009,27.179,27.009,27.179,420,0
2017-06-21,21:30:00,27.009,27.182,27.009,27.182,805,0
2017-06-21,21:55:00,27.145,27.184,27.145,27.184,970,0
2017-06-22,16:10:00,27.223,27.223,27.223,27.223,103,0
2017-06-22,18:05:00,27.232,27.232,27.232,27.232,103,0
2017-06-22,19:20:00,27.223,27.223,27.223,27.223,103,0
2017-06-22,20:20:00,27.232,27.232,27.232,27.232,103,0
2017-06-22,20:50:00,27.122,27.122,27.122,27.122,179,0
2017-06-22,21:00:00,27.096,27.096,27.096,27.096,412,0
2017-06-22,21:15:00,27.192,27.192,27.192,27.192,113,0
2017-06-22,21:25:00,27.232,27.232,27.232,27.232,103,0
2017-06-23,16:30:00,27.242,27.242,27.242,27.242,360,0
2017-06-23,17:50:00,27.143,27.143,27.143,27.143,309,0
2017-06-23,18:35:00,27.057,27.057,27.057,27.057,2059,0
2017-06-23,19:00:00,26.98,26.98,26.98,26.98,103,0
2017-06-23,19:35:00,27.223,27.223,27.223,27.223,197,0
2017-06-23,20:20:00,27.232,27.232,27.232,27.232,103,0
2017-06-23,21:00:00,27.151,27.151,27.151,27.151,258,0
2017-06-23,21:05:00,27.137,27.137,27.137,27.137,114,0
2017-06-23,21:20:00,27.137,27.213,27.137,27.213,673,0
2017-06-23,21:25:00,27.213,27.213,27.213,27.213,541,0
2017-06-26,16:30:00,26.864,26.864,26.864,26.864,103,0
2017-06-26,18:20:00,27.14,27.14,27.14,27.14,323,0
2017-06-26,20:45:00,27.179,27.179,27.179,27.179,611,0
2017-06-26,21:30:00,27.184,27.184,27.124,27.183,618,0
2017-06-27,15:40:00,27.232,27.232,27.232,27.232,214,0
2017-06-27,17:30:00,27.096,27.096,27.096,27.096,186,0
2017-06-27,17:35:00,27.096,27.096,27.096,27.096,639,0
2017-06-27,18:00:00,27.164,27.164,27.135,27.135,515,0
2017-06-27,18:15:00,27.135,27.184,27.135,27.184,309,0
2017-06-27,18:35:00,27.174,27.174,27.135,27.135,309,0
2017-06-27,18:40:00,27.194,27.194,27.194,27.194,103,0
2017-06-27,19:10:00,26.975,26.975,26.975,26.975,170,0
2017-06-27,21:25:00,27.059,27.059,26.98,26.98,412,0
2017-06-28,15:50:00,26.568,26.568,26.568,26.568,515,0
2017-06-28,16:10:00,27.242,27.242,27.242,27.242,103,0
2017-06-28,18:30:00,27.242,27.242,27.242,27.242,103,0
2017-06-28,18:55:00,26.747,26.747,26.747,26.747,176,0
2017-06-28,20:00:00,27.242,27.242,27.194,27.242,552,0
2017-06-28,20:25:00,27.202,27.202,27.202,27.202,103,0
2017-06-28,20:30:00,27.242,27.242,27.242,27.242,103,0
2017-06-28,21:00:00,27.368,27.368,27.368,27.368,103,0
2017-06-28,21:20:00,27.149,27.149,27.149,27.149,147,0
2017-06-28,21:25:00,27.388,27.388,27.388,27.388,103,0
2017-06-28,21:50:00,27.427,27.427,27.427,27.427,103,0
2017-06-29,17:15:00,27.757,27.757,27.757,27.757,103,0
2017-06-29,18:05:00,26.871,26.871,26.871,26.871,180,0
2017-06-29,18:15:00,27.757,27.873,27.757,27.873,412,0
2017-06-29,18:40:00,27.728,27.728,27.728,27.728,103,0
2017-06-29,19:35:00,27.611,27.611,27.611,27.611,103,0
2017-06-29,19:45:00,27.611,27.679,27.074,27.66,1778,0
2017-06-29,20:15:00,27.631,27.631,27.631,27.631,103,0
2017-06-29,20:35:00,27.631,27.679,27.611,27.67,659,0
2017-06-29,20:45:00,27.66,27.679,27.581,27.679,1789,0
2017-06-29,21:10:00,27.883,27.883,27.883,27.883,103,0
2017-06-29,21:40:00,27.747,27.747,27.747,27.747,180,0
2017-06-29,21:45:00,27.16,27.16,27.16,27.16,2383,0
2017-06-30,17:40:00,28.068,29.622,28.027,29.622,566,0
2017-06-30,20:10:00,27.932,27.932,27.932,27.932,113,0
2017-06-30,20:45:00,27.776,27.825,27.776,27.825,309,0
2017-07-03,16:20:00,26.611,26.611,26.611,26.611,515,0
2017-07-03,18:00:00,27.801,27.801,27.801,27.801,115,0
2017-07-03,18:40:00,27.227,27.227,27.227,27.227,130,0
2017-07-05,16:00:00,27.291,27.291,27.291,27.291,978,0
2017-07-05,18:50:00,27.56,27.56,27.56,27.56,138,0
2017-07-05,19:00:00,27.747,27.747,27.747,27.747,146,0
2017-07-06,17:40:00,27.448,27.448,27.448,27.448,132,0
2017-07-06,17:50:00,27.504,27.504,27.504,27.504,103,0
2017-07-06,18:10:00,27.504,27.504,27.504,27.504,927,0
2017-07-06,19:20:00,27.417,27.417,27.388,27.388,515,0
2017-07-06,19:25:00,27.388,27.388,27.388,27.388,515,0
2017-07-06,19:30:00,27.388,27.388,27.388,27.388,515,0
2017-07-06,20:10:00,27.485,27.485,27.485,27.485,373,0
2017-07-06,21:40:00,27.436,27.436,27.436,27.436,309,0
2017-07-06,21:45:00,27.436,27.436,27.436,27.436,412,0
2017-07-07,16:40:00,27.737,27.737,27.737,27.737,103,0
2017-07-07,17:25:00,27.559,27.559,27.559,27.559,2059,0
2017-07-07,17:50:00,27.553,27.573,27.553,27.573,496,0
2017-07-07,17:55:00,27.553,27.553,27.553,27.553,103,0
2017-07-07,18:00:00,27.553,27.582,27.553,27.582,1657,0
2017-07-07,18:55:00,27.582,27.582,27.573,27.573,1895,0
2017-07-07,19:10:00,27.582,27.582,27.582,27.582,1750,0
2017-07-07,19:25:00,27.628,27.628,27.628,27.628,109,0
2017-07-07,19:40:00,27.584,27.584,27.584,27.584,181,0
2017-07-07,20:00:00,27.464,27.464,27.433,27.464,412,0
2017-07-10,18:25:00,27.711,27.711,27.711,27.711,145,0
2017-07-10,19:45:00,27.632,27.632,27.632,27.632,478,0
2017-07-10,21:25:00,27.421,27.421,27.421,27.421,185,0
2017-07-10,21:40:00,27.583,27.583,27.583,27.583,154,0
2017-07-10,21:45:00,27.728,27.728,27.728,27.728,103,0
2017-07-11,16:10:00,27.631,27.631,27.631,27.631,309,0
2017-07-11,17:50:00,27.631,27.631,27.631,27.631,1280,0
2017-07-11,18:20:00,27.582,27.747,27.582,27.746,1026,0
2017-07-11,19:25:00,27.582,27.582,27.582,27.582,971,0
2017-07-11,20:05:00,27.632,27.632,27.632,27.632,166,0
2017-07-11,21:00:00,27.783,27.783,27.783,27.783,154,0
2017-07-11,21:15:00,27.782,27.782,27.782,27.782,161,0
2017-07-11,21:25:00,27.873,27.873,27.873,27.873,206,0
2017-07-12,15:35:00,27.776,27.776,27.776,27.776,141,0
2017-07-12,15:45:00,27.776,27.776,27.776,27.776,1403,0
2017-07-12,17:30:00,28.019,28.029,27.519,27.519,2576,0
2017-07-12,17:35:00,27.688,27.688,27.688,27.688,309,0
2017-07-12,17:40:00,27.699,27.699,27.699,27.699,559,0
2017-07-12,19:30:00,27.614,27.614,27.614,27.614,108,0
2017-07-12,20:05:00,27.437,27.437,27.437,27.437,476,0
2017-07-12,21:00:00,27.81,27.81,27.81,27.81,103,0
2017-07-12,21:10:00,27.844,27.844,27.844,27.844,179,0
2017-07-12,21:45:00,27.99,27.99,27.99,27.99,404,0
2017-07-13,16:30:00,27.99,27.99,27.99,27.99,700,0
2017-07-13,16:35:00,27.99,27.99,27.99,27.99,1300,0
2017-07-13,16:55:00,28.15,28.15,28.15,28.15,100,0
2017-07-13,17:20:00,28.02,28.0619,28.02,28.0619,200,0
2017-07-13,17:40:00,27.901,28.6481,27.901,27.94,310,0
2017-07-13,17:45:00,27.88,27.9,27.88,27.89,300,0
2017-07-13,17:50:00,27.91,27.91,27.91,27.91,150,0
2017-07-13,19:40:00,28.15,28.15,27.947,27.947,284,0
2017-07-13,20:10:00,27.91,27.91,27.91,27.91,100,0
2017-07-13,20:15:00,27.99,27.99,27.99,27.99,100,0
2017-07-14,15:55:00,28.01,28.01,28.01,28.01,200,0
2017-07-14,16:00:00,28.06,28.06,28.06,28.06,100,0
2017-07-14,16:40:00,28.156,28.156,28.05,28.05,1100,0
2017-07-14,16:45:00,27.852,27.852,27.852,27.852,150,0
2017-07-14,16:55:00,27.9171,27.9171,27.9171,27.9171,156,0
2017-07-14,17:25:00,28,28.03,28,28,800,0
2017-07-14,18:40:00,27.983,27.983,27.983,27.983,120,0
2017-07-14,19:05:00,27.72,27.72,27.72,27.72,100,0
2017-07-14,19:55:00,27.983,27.983,27.983,27.983,200,0
2017-07-14,21:50:00,28.1,28.1,27.907,27.907,262,0
2017-07-14,21:55:00,27.71,27.71,27.71,27.71,200,0
2017-07-14,22:00:00,27.73,27.73,27.73,27.73,100,0
2017-07-17,15:40:00,27.7,28.3,27.7,28.3,400,0
2017-07-17,15:45:00,27.8,27.9,27.8,27.9,300,0
2017-07-17,16:30:00,27.5696,27.5696,27.5696,27.5696,100,0
2017-07-17,17:10:00,27.615,27.615,27.61,27.61,200,0
2017-07-17,18:00:00,27.7,27.7,27.7,27.7,123,0
2017-07-17,18:55:00,27.9616,27.9616,27.9616,27.9616,981,0
2017-07-17,19:00:00,27.89,27.89,27.85,27.85,200,0
2017-07-17,19:10:00,27.89,27.89,27.73,27.73,320,0
2017-07-17,19:20:00,27.89,27.9,27.89,27.9,300,0
2017-07-17,19:30:00,28.43,28.43,28.43,28.43,121,0
2017-07-17,19:45:00,28.32,28.32,28.32,28.32,136,0
2017-07-17,20:25:00,28.8304,28.8304,28.8304,28.8304,102,0
2017-07-17,21:00:00,28.5,28.5,28.5,28.5,138,0
2017-07-18,17:35:00,28.5179,28.5179,28.5179,28.5179,106,0
2017-07-18,17:40:00,28.329,28.329,28.329,28.329,176,0
2017-07-18,18:30:00,28.4,28.4,28.4,28.4,220,0
2017-07-18,18:40:00,28.1,28.1,28.05,28.075,1925,0
2017-07-18,19:50:00,28.536,28.536,28.536,28.536,254,0
2017-07-18,20:35:00,28.4,28.4,28.4,28.4,100,0
2017-07-18,21:35:00,28.4,28.41,28.4,28.4,2950,0
2017-07-18,21:45:00,28.38,28.38,28.38,28.38,100,0
2017-07-18,22:00:00,28.06,28.06,28.06,28.06,200,0
2017-07-19,16:10:00,28.04,28.04,28.04,28.04,150,0
2017-07-19,18:55:00,28.13,28.13,28.13,28.13,200,0
2017-07-19,19:05:00,28.21,28.21,28.21,28.21,100,0
2017-07-19,19:55:00,28.4019,28.4019,28.4019,28.4019,137,0
2017-07-19,20:35:00,28.32,28.32,28.32,28.32,150,0
2017-07-19,21:15:00,28.5,28.5,28.5,28.5,200,0
2017-07-19,21:25:00,28.5,28.5,28.5,28.5,200,0
2017-07-19,21:30:00,28.0446,28.5,28.0446,28.1001,1930,0
2017-07-19,21:55:00,28.6599,28.6599,28.6599,28.6599,367,0
2017-07-19,22:00:00,28.1909,28.4373,28.1909,28.4373,700,0
2017-07-20,18:05:00,28.403,28.403,28.403,28.403,134,0
2017-07-20,18:10:00,28.41,28.4523,28.4,28.4423,700,0
2017-07-20,20:00:00,28.35,28.35,28.18,28.18,542,0
2017-07-20,20:40:00,28.38,28.38,28.38,28.38,100,0
2017-07-21,18:10:00,28.688,28.688,28.688,28.688,176,0
2017-07-21,19:25:00,28.355,28.355,28.355,28.355,200,0
2017-07-24,16:25:00,27.6798,27.6798,27.6798,27.6798,995,0
2017-07-24,18:00:00,28.628,28.628,28.628,28.628,110,0
2017-07-24,18:45:00,28.2072,28.2072,28.2072,28.2072,238,0
2017-07-24,20:15:00,28.337,28.337,28.337,28.337,198,0
2017-07-24,21:10:00,28.01,28.02,27.53,27.53,2052,0
2017-07-25,16:10:00,28.3487,28.3487,28.3487,28.3487,164,0
2017-07-25,16:45:00,27.63,27.7546,27.6,27.7546,700,0
2017-07-25,18:00:00,27.735,27.735,27.63,27.68,1100,0
2017-07-25,18:25:00,27.69,27.69,27.69,27.69,201,0
2017-07-25,18:30:00,27.7,27.7,27.7,27.7,400,0
2017-07-25,20:30:00,27.8804,27.8804,27.8804,27.8804,116,0
2017-07-25,20:45:00,27.71,27.71,27.7,27.7,2279,0
2017-07-25,20:55:00,27.59,27.68,27.4901,27.4901,3136,0
2017-07-25,21:40:00,27.7655,27.7655,27.74,27.74,798,0
2017-07-26,17:45:00,27.6192,27.6192,27.6192,27.6192,350,0
2017-07-26,18:15:00,27.6,27.6,27.6,27.6,200,0
2017-07-26,19:20:00,27.6399,27.6399,27.6399,27.6399,170,0
2017-07-26,19:25:00,27.6193,27.6193,27.6193,27.6193,300,0
2017-07-26,19:30:00,27.6193,27.6193,27.6193,27.6193,600,0
2017-07-26,19:55:00,27.52,27.52,27.52,27.52,800,0
2017-07-26,20:00:00,27.6399,27.8,27.61,27.8,3800,0
2017-07-26,20:05:00,27.8,27.8,27.8,27.8,300,0
2017-07-26,20:45:00,27.819,27.819,27.819,27.819,113,0
2017-07-26,20:55:00,27.79,27.82,27.633,27.633,600,0
2017-07-26,21:00:00,27.8,27.8,27.633,27.633,800,0
2017-07-26,21:10:00,27.633,27.633,27.633,27.633,118,0
2017-07-26,21:15:00,27.8,27.85,27.633,27.633,2628,0
2017-07-26,21:50:00,28.176,28.176,28.176,28.176,200,0
2017-07-27,16:10:00,27.64,27.66,27.64,27.66,300,0
2017-07-27,16:25:00,27.7,27.7,27.7,27.7,100,0
2017-07-27,17:25:00,27.66,27.66,27.66,27.66,100,0
2017-07-27,19:05:00,27.8,27.8,27.8,27.8,100,0
2017-07-27,20:00:00,27.88,27.89,27.8092,27.8092,528,0
2017-07-27,20:15:00,27.85,27.85,27.85,27.85,300,0
2017-07-27,20:20:00,27.89,27.9,27.89,27.9,800,0
2017-07-27,21:15:00,27.9,27.9,27.9,27.9,200,0
2017-07-28,17:20:00,27.799,27.799,27.799,27.799,538,0
2017-07-28,17:25:00,28.3893,28.392,28.2315,28.392,532,0
2017-07-28,17:50:00,28.4154,28.4154,28.4154,28.4154,204,0
2017-07-28,18:30:00,28.4407,28.4407,28.4407,28.4407,140,0
2017-07-31,18:10:00,28.1899,28.1899,28.1899,28.1899,105,0
2017-07-31,18:30:00,28.1899,28.1899,28.1899,28.1899,366,0
2017-07-31,18:45:00,28.1899,28.1899,28.1899,28.1899,319,0
2017-07-31,18:55:00,28.0462,28.0462,28.0462,28.0462,104,0
2017-07-31,19:10:00,28.15,28.18,27.8752,27.8752,750,0
2017-07-31,19:50:00,28.19,28.19,27.728,27.731,950,0
2017-07-31,20:35:00,27.8173,27.8173,27.8173,27.8173,300,0
2017-07-31,21:55:00,28.16,28.16,28.16,28.16,514,0
2017-08-01,16:55:00,28.2,28.2,27.815,27.815,222,0
2017-08-01,17:20:00,27.65,27.68,27.65,27.67,704,0
2017-08-01,17:50:00,28.1465,28.1465,28.1465,28.1465,117,0
2017-08-01,20:30:00,27.8017,27.8017,27.8017,27.8017,144,0
2017-08-02,17:00:00,27.8548,27.8548,27.8548,27.8548,113,0
2017-08-02,17:55:00,28,28,28,28,100,0
2017-08-02,18:00:00,28,28,28,28,100,0
2017-08-02,18:55:00,28.002,28.002,28.002,28.002,1000,0
2017-08-02,20:15:00,28,28,28,28,100,0
2017-08-02,20:30:00,28,28,28,28,100,0
2017-08-02,20:45:00,28.1558,28.1558,28.1558,28.1558,152,0
2017-08-02,21:00:00,28,28,28,28,100,0
2017-08-02,21:15:00,28,28,28,28,100,0
2017-08-02,21:20:00,28.19,28.2,28.19,28.2,940,0
2017-08-02,22:00:00,28,28,28,28,100,0
2017-08-03,15:45:00,28.2,28.2,28.1999,28.1999,950,0
2017-08-03,18:10:00,28.093,28.093,28.093,28.093,100,0
2017-08-03,18:15:00,28.0734,28.0734,28.0734,28.0734,200,0
2017-08-03,18:40:00,28.128,28.2,28.128,28.13,314,0
2017-08-03,19:15:00,28.2,28.2,28.15,28.15,730,0
2017-08-03,20:10:00,28.2,28.2,28.1995,28.1995,1200,0
2017-08-03,20:40:00,28.2,28.2,28.2,28.2,350,0
2017-08-03,20:45:00,28.2,28.2,28.19,28.19,550,0
2017-08-03,21:55:00,28.2,28.2,28.1157,28.1157,1750,0
2017-08-04,15:55:00,28.2,28.2,28.1956,28.1956,326,0
2017-08-04,17:15:00,28.2,28.2,28.2,28.2,366,0
2017-08-04,17:30:00,28.1583,28.1583,28.1583,28.1583,355,0
2017-08-04,18:35:00,28.2,28.2,28.1769,28.1769,342,0
2017-08-04,18:40:00,28.2,28.2,28.2,28.2,200,0
2017-08-04,19:15:00,28.24,28.24,28.24,28.24,111,0
2017-08-07,16:15:00,28.24,28.24,28.24,28.24,591,0
2017-08-07,19:35:00,27.853,27.853,27.853,27.853,287,0
2017-08-07,20:40:00,28.24,28.24,28.114,28.1383,1060,0
2017-08-07,20:50:00,27.8718,28.1981,27.8718,28.1981,352,0
2017-08-08,16:45:00,28.2,28.2,28.2,28.2,279,0
2017-08-08,17:15:00,28.2,28.2,28.1774,28.1774,212,0
2017-08-08,18:40:00,28.09,28.09,28.09,28.09,111,0
2017-08-08,20:10:00,27.9,27.9,27.9,27.9,1948,0
2017-08-08,21:55:00,27.8728,27.8728,27.8728,27.8728,460,0
2017-08-09,16:35:00,28,28,28,28,500,0
2017-08-09,17:00:00,28,28,28,28,525,0
2017-08-09,17:30:00,27.7701,27.7701,27.7701,27.7701,600,0
2017-08-09,18:50:00,28.241,28.241,28.241,28.241,196,0
2017-08-09,20:25:00,28.1067,28.1067,28.1067,28.1067,146,0
2017-08-09,21:35:00,28.24,28.24,28.2358,28.2358,308,0
2017-08-09,21:50:00,27.9247,27.9247,27.9247,27.9247,303,0
2017-08-10,15:50:00,27.79,27.79,27.64,27.7201,1832,0
2017-08-10,16:10:00,27.68,27.68,27.68,27.68,100,0
2017-08-10,16:20:00,27.68,27.68,27.68,27.68,100,0
2017-08-10,16:40:00,27.68,27.68,27.68,27.68,100,0
2017-08-10,17:25:00,27.681,27.681,27.68,27.68,2291,0
2017-08-10,19:35:00,27.663,27.663,27.663,27.663,130,0
2017-08-10,20:55:00,27.92,28.2238,27.92,28.2238,418,0
2017-08-11,15:50:00,28,28,28,28,1069,0
2017-08-11,16:45:00,28,28.15,28,28.0309,2488,0
2017-08-11,17:00:00,28.06,28.15,28.06,28.15,931,0
2017-08-11,19:00:00,28,28.0306,28,28,2000,0
2017-08-11,19:40:00,28.1199,28.1199,28.1199,28.1199,400,0
2017-08-11,20:20:00,28.01,28.05,28.01,28.05,900,0
2017-08-11,20:25:00,28.15,28.15,28.136,28.136,462,0
2017-08-11,20:30:00,28.15,28.15,28.136,28.136,214,0
2017-08-11,20:45:00,28.1499,28.1499,28.1499,28.1499,457,0
2017-08-11,21:15:00,28.108,28.108,28.108,28.108,235,0
2017-08-14,17:45:00,28.12,28.1499,28.12,28.1499,650,0
2017-08-14,18:15:00,28.0987,28.0987,28.0987,28.0987,178,0
2017-08-14,19:25:00,27.9894,27.9894,27.9894,27.9894,117,0
2017-08-14,21:05:00,28.0987,28.0987,28.0987,28.0987,142,0
2017-08-14,21:40:00,28.14,28.14,28.1386,28.1386,200,0
2017-08-14,22:00:00,28.1399,28.1399,28.1399,28.1399,345,0
2017-08-15,16:30:00,27.9052,27.9052,27.9052,27.9052,500,0
2017-08-15,17:00:00,28.1,28.1,27.867,27.867,300,0
2017-08-15,18:20:00,27.8077,27.8077,27.8077,27.8077,1000,0
2017-08-15,20:20:00,28.14,28.14,28.14,28.14,291,0
2017-08-16,15:35:00,28.15,28.15,28.15,28.15,100,0
2017-08-16,16:10:00,27.85,27.933,27.85,27.933,239,0
2017-08-16,18:20:00,27.88,27.88,27.88,27.88,100,0
2017-08-16,22:00:00,28,28,28,28,200,0
2017-08-18,16:10:00,27.64,27.64,27.64,27.64,100,0
2017-08-18,17:00:00,27.7986,27.7986,27.7986,27.7986,194,0
2017-08-18,17:50:00,27.789,27.789,27.789,27.789,500,0
2017-08-18,18:45:00,27.5501,27.5501,27.5501,27.5501,1500,0
2017-08-18,19:35:00,27.7573,27.7573,27.7573,27.7573,107,0
2017-08-18,20:20:00,27.84,27.84,27.84,27.84,350,0
2017-08-18,20:55:00,27.84,27.84,27.84,27.84,100,0
2017-08-21,16:40:00,27.9,28,27.9,28,1900,0
2017-08-21,16:45:00,28.15,28.15,28.15,28.15,121,0
2017-08-21,17:45:00,28.02,28.02,28.02,28.02,100,0
2017-08-21,18:55:00,28.14,28.14,28.0854,28.0854,660,0
2017-08-21,20:25:00,28.15,28.15,28.1423,28.1423,540,0
2017-08-21,21:05:00,28.073,28.073,28.073,28.073,195,0
2017-08-22,16:45:00,28.108,28.108,28.108,28.108,210,0
2017-08-22,16:55:00,28.108,28.108,28.108,28.108,106,0
2017-08-22,20:10:00,28.15,28.15,28.15,28.15,448,0
2017-08-22,20:35:00,28.15,28.15,28.01,28.01,312,0
2017-08-22,21:20:00,28.15,28.15,28.15,28.15,600,0
2017-08-22,21:25:00,28.15,28.15,28.15,28.15,221,0
2017-08-23,20:00:00,28.66,28.66,28.66,28.66,178,0
2017-08-23,20:15:00,29.118,29.118,29.118,29.118,257,0
2017-08-23,20:20:00,29.12,29.16,28.355,28.5001,2267,0
2017-08-23,20:30:00,28.5,28.5,28.5,28.5,214,0
2017-08-23,21:45:00,28.3865,28.3865,28.3865,28.3865,129,0
2017-08-24,17:20:00,27.9119,27.9119,27.9119,27.9119,1000,0
2017-08-24,17:40:00,27.9129,27.9129,27.9129,27.9129,200,0
2017-08-24,17:45:00,28.84,28.84,28.84,28.84,358,0
2017-08-24,18:15:00,27.8768,27.8768,27.8768,27.8768,137,0
2017-08-24,18:30:00,28.55,28.6,28.5008,28.5008,2726,0
2017-08-24,20:20:00,28.59,28.59,28.093,28.093,488,0
2017-08-25,16:40:00,29.74,29.74,28.534,28.6229,5212,0
2017-08-25,16:45:00,28.56,28.5601,28.56,28.56,1500,0
2017-08-25,17:15:00,28.12,28.12,28.08,28.08,400,0
2017-08-25,19:10:00,28.4579,28.4579,28.4579,28.4579,135,0
2017-08-25,19:20:00,28.2728,28.2728,28.2728,28.2728,400,0
2017-08-25,20:20:00,28.16,28.16,28.16,28.16,437,0
2017-08-25,20:50:00,28.1,28.1,28.1,28.1,349,0
2017-08-25,22:00:00,28.1,28.1,28.06,28.06,500,0
2017-08-28,15:35:00,28.15,28.15,28.15,28.15,700,0
2017-08-28,17:15:00,28.35,28.35,28.35,28.35,700,0
2017-08-28,19:00:00,28.01,28.01,28,28,883,0
2017-08-28,19:35:00,28.39,28.39,28.39,28.39,1282,0
2017-08-28,19:45:00,28.32,28.99,28.32,28.99,250,0
2017-08-28,21:55:00,28.0621,28.0621,28.0621,28.0621,189,0
2017-08-29,15:35:00,27.83,27.83,27.83,27.83,1068,0
2017-08-29,15:55:00,28,28,28,28,1000,0
2017-08-29,16:10:00,28,28,28,28,300,0
2017-08-29,16:20:00,28.02,28.02,28,28,1200,0
2017-08-29,16:30:00,28.4704,28.4704,28,28,700,0
2017-08-29,16:35:00,28.0445,28.4636,28,28,2292,0
2017-08-29,17:00:00,28.621,28.621,28.621,28.621,240,0
2017-08-29,18:25:00,28.522,28.522,28.522,28.522,312,0
2017-08-30,17:35:00,27.784,27.784,27.784,27.784,304,0
2017-08-30,19:55:00,27.91,27.91,27.91,27.91,132,0
2017-08-30,20:00:00,28.33,28.33,28.33,28.33,251,0
2017-08-30,20:15:00,28.3574,28.3574,28.3574,28.3574,545,0
2017-08-30,20:50:00,27.7516,27.7516,27.7516,27.7516,234,0
2017-08-30,21:15:00,27.99,28,27.99,28,1104,0
2017-08-30,21:20:00,28,28,28,28,100,0
2017-08-31,16:05:00,28.171,28.171,28.171,28.171,700,0
2017-08-31,17:55:00,28.19,28.198,28.19,28.198,715,0
2017-08-31,18:15:00,28.002,28.002,28.002,28.002,125,0
2017-08-31,19:45:00,28.14,28.14,28.14,28.14,300,0
2017-08-31,21:35:00,28.18,28.25,28.18,28.25,457,0
2017-09-01,17:25:00,28.3873,28.3873,28.35,28.35,414,0
2017-09-01,17:35:00,28.4351,28.4351,28.4351,28.4351,200,0
2017-09-01,18:00:00,28.3591,28.3591,28.35,28.35,200,0
2017-09-01,18:20:00,28.36,28.36,28.36,28.36,200,0
2017-09-01,19:15:00,28.1,28.1,28.1,28.1,100,0
2017-09-01,21:20:00,28.05,28.05,28.05,28.05,190,0
2017-09-06,16:10:00,28.895,28.895,28.895,28.895,123,0
2017-09-06,21:00:00,28.4,28.4,28.34,28.34,200,0
2017-09-06,21:05:00,28.4,28.4,28.4,28.4,110,0
2017-09-06,21:25:00,28.4,28.4,28.4,28.4,600,0
2017-09-07,15:45:00,28.25,28.25,28.25,28.25,100,0
2017-09-07,16:25:00,28.25,28.25,28.25,28.25,720,0
2017-09-07,20:10:00,28.26,28.408,28.26,28.408,1000,0
2017-09-08,17:25:00,28.99,28.99,28.99,28.99,114,0
2017-09-11,15:35:00,28.53,28.53,28.53,28.53,200,0
2017-09-11,16:25:00,28.95,28.9899,28.95,28.9899,621,0
2017-09-11,17:25:00,28.7725,28.7725,28.7725,28.7725,167,0
2017-09-11,17:30:00,28.5939,28.5939,28.52,28.52,1179,0
2017-09-11,17:35:00,28.52,28.52,28.52,28.52,769,0
2017-09-11,17:40:00,28.4492,28.4492,28.4492,28.4492,275,0
2017-09-11,21:30:00,28.52,28.52,28.52,28.52,158,0
2017-09-11,21:35:00,28.53,28.53,28.53,28.53,700,0
2017-09-12,16:15:00,28.5,28.5,28.5,28.5,500,0
2017-09-12,16:20:00,28.342,28.342,28.342,28.342,105,0
2017-09-12,18:40:00,28.0846,28.1257,28.03,28.1257,2000,0
2017-09-12,18:45:00,28.2248,28.2248,28.2248,28.2248,100,0
2017-09-12,22:00:00,28.632,28.632,28.632,28.632,387,0
2017-09-13,16:25:00,28.634,28.778,28.634,28.778,306,0
2017-09-13,16:35:00,28.6,28.6,28.6,28.6,222,0
2017-09-13,16:50:00,28.5231,28.5231,28.5231,28.5231,300,0
2017-09-13,18:25:00,28.2174,28.2174,28.2174,28.2174,600,0
2017-09-13,19:00:00,28.8,28.8,28.8,28.8,684,0
2017-09-14,16:00:00,28.744,28.744,28.336,28.336,1675,0
2017-09-14,18:55:00,28.256,28.256,28.256,28.256,229,0
2017-09-14,21:05:00,28.11,28.11,28.09,28.11,1032,0
2017-09-14,21:45:00,28.2564,28.2564,28.2564,28.2564,153,0
2017-09-14,22:00:00,28.2,28.2,28.2,28.2,300,0
2017-09-15,15:55:00,28.24,28.24,28.2,28.2,1623,0
2017-09-15,16:25:00,28.877,28.877,28.877,28.877,347,0
2017-09-15,16:50:00,28.17,28.17,28.17,28.17,100,0
2017-09-15,21:30:00,28.362,28.362,28.362,28.362,137,0
2017-09-15,21:55:00,28.4575,28.4575,28.4575,28.4575,179,0
2017-09-18,17:00:00,28.05,28.08,28.0301,28.0301,1776,0
2017-09-18,18:45:00,28.9127,28.9127,28.9127,28.9127,107,0
2017-09-18,19:10:00,28.538,28.538,28.538,28.538,360,0
2017-09-18,20:50:00,28.6236,28.6236,28.6236,28.6236,101,0
2017-09-18,21:25:00,28.4216,28.4216,28.4216,28.4216,217,0
2017-09-19,15:35:00,28.24,28.24,28.24,28.24,400,0
2017-09-19,15:50:00,28.24,28.24,28.24,28.24,300,0
2017-09-19,16:50:00,28.25,28.25,28.24,28.24,1400,0
2017-09-19,16:55:00,28.11,28.11,28.11,28.11,100,0
2017-09-19,17:00:00,28.154,28.154,28.154,28.154,105,0
2017-09-19,18:20:00,28.1499,28.1499,28.1499,28.1499,800,0
2017-09-19,18:25:00,28.14,28.14,28.14,28.14,1625,0
2017-09-19,18:30:00,28.145,28.15,28.13,28.15,1579,0
2017-09-19,19:05:00,28.08,28.08,28.08,28.08,100,0
2017-09-19,20:30:00,28.1,28.1,28.1,28.1,100,0
2017-09-19,20:35:00,28.105,28.105,28.105,28.105,700,0
2017-09-20,19:05:00,28.1,28.1,28.1,28.1,100,0
2017-09-20,19:15:00,28.15,28.15,28.15,28.15,163,0
2017-09-20,19:20:00,28.116,28.116,28.116,28.116,143,0
2017-09-20,19:40:00,28.1252,28.1252,28.1252,28.1252,474,0
2017-09-21,16:00:00,28.7881,28.7881,28.7881,28.7881,104,0
2017-09-21,18:30:00,28.58,28.58,28.58,28.58,177,0
2017-09-21,18:55:00,27.7464,27.7464,27.7464,27.7464,485,0
2017-09-21,20:30:00,28,28,28,28,460,0
2017-09-22,17:40:00,28.7643,28.7643,28.7643,28.7643,900,0
2017-09-22,17:55:00,28.6184,28.6184,28.6184,28.6184,307,0
2017-09-22,20:30:00,27.8958,27.8958,27.8958,27.8958,220,0
2017-09-25,16:55:00,28.7342,28.7342,28.7342,28.7342,229,0
2017-09-25,18:00:00,28.22,28.22,28.22,28.22,300,0
2017-09-25,20:40:00,28.375,28.375,28.375,28.375,145,0
2017-09-25,20:50:00,28.23,28.23,28.23,28.23,278,0
2017-09-26,15:45:00,28.3,28.3,28.3,28.3,158,0
2017-09-26,18:35:00,28.1383,28.1383,28.1383,28.1383,228,0
2017-09-26,20:25:00,28.18,28.18,28.1241,28.1241,200,0
2017-09-27,15:55:00,27.94,27.94,27.94,27.94,158,0
2017-09-27,19:20:00,28.13,28.15,28.12,28.15,1074,0
2017-09-27,19:25:00,28.13,28.13,28.13,28.13,1756,0
2017-09-27,19:40:00,27.9766,27.9766,27.9766,27.9766,458,0
2017-09-27,20:10:00,28.05,28.05,28.05,28.05,600,0
2017-09-27,21:00:00,28.1199,28.12,28.1199,28.12,500,0
2017-09-27,21:05:00,27.96,27.96,27.96,27.96,300,0
2017-09-29,19:35:00,27.96,27.96,27.96,27.96,100,0
2017-10-02,15:35:00,27.9945,27.9945,27.9945,27.9945,1000,0
2017-10-02,18:15:00,28.1405,28.1405,28.1405,28.1405,134,0
2017-10-02,19:00:00,28.167,28.167,28.167,28.167,147,0
2017-10-02,20:30:00,28.1176,28.1176,28.1176,28.1176,227,0
2017-10-03,16:30:00,28.0122,28.0122,28.0122,28.0122,177,0
2017-10-03,16:45:00,28.1881,28.1881,28.1881,28.1881,100,0
2017-10-03,17:50:00,28.097,28.097,28.097,28.097,300,0
2017-10-04,16:10:00,28.128,28.128,28.128,28.128,306,0
2017-10-04,21:10:00,28.0671,28.0671,28.0671,28.0671,320,0
2017-10-05,17:45:00,28.067,28.067,28.067,28.067,185,0
2017-10-05,20:25:00,28.075,28.075,26.23,26.42,12284,0
2017-10-05,21:05:00,27.21,27.24,27.06,27.1625,5700,0
2017-10-05,21:10:00,27.25,27.25,27.2,27.2,600,0
2017-10-05,21:15:00,27.31,27.31,27.31,27.31,100,0
2017-10-05,21:30:00,27.22,27.4,27.22,27.22,3167,0
2017-10-05,21:35:00,27.4992,27.4992,27.25,27.3255,500,0
2017-10-05,21:40:00,27.39,27.39,27.39,27.39,100,0
2017-10-05,21:45:00,27.37,27.38,27.3,27.38,500,0
2017-10-05,21:50:00,27.373,27.373,27.31,27.31,200,0
2017-10-05,21:55:00,27.36,27.4099,27.32,27.32,700,0
2017-10-06,17:00:00,27.3,27.3,27.3,27.3,100,0
2017-10-06,17:05:00,27.3,27.3,27.28,27.28,500,0
2017-10-06,17:15:00,27.66,27.66,27.66,27.66,300,0
2017-10-06,17:20:00,27.5,27.7,27.5,27.5,800,0
2017-10-06,18:05:00,27.52,27.52,27.51,27.51,500,0
2017-10-06,18:25:00,27.6545,27.6545,27.6545,27.6545,100,0
2017-10-06,18:50:00,27.775,27.775,27.51,27.51,550,0
2017-10-06,19:00:00,27.55,27.55,27.55,27.55,100,0
2017-10-06,19:10:00,27.616,27.616,27.55,27.55,400,0
2017-10-06,19:45:00,27.7126,27.7126,27.7126,27.7126,275,0
2017-10-06,20:15:00,27.65,27.65,27.65,27.65,300,0
2017-10-06,20:20:00,27.65,27.65,27.65,27.65,100,0
2017-10-06,20:30:00,27.6,27.6,27.55,27.55,800,0
2017-10-06,21:10:00,27.55,27.55,27.55,27.55,482,0
2017-10-06,21:50:00,27.55,27.55,27.55,27.55,300,0
2017-10-06,21:55:00,27.51,27.51,27.29,27.29,714,0
2017-10-09,16:25:00,27.88,27.88,27.36,27.36,1850,0
2017-10-09,17:35:00,27.6631,27.6631,27.4,27.4,539,0
2017-10-09,18:00:00,27.4,27.4,27.35,27.35,900,0
2017-10-09,19:30:00,26.84,26.97,26.81,26.97,300,0
2017-10-09,21:35:00,27.232,27.232,27.232,27.232,126,0
2017-10-09,22:00:00,26.96,27.02,26.96,27.02,260,0
2017-10-10,18:20:00,26.65,26.65,26.65,26.65,200,0
2017-10-10,20:45:00,27.2,27.2,27.2,27.2,3100,0
2017-10-10,21:20:00,27.8435,27.8435,27.8435,27.8435,341,0
2017-10-10,21:40:00,27.43,27.43,27.43,27.43,100,0
2017-10-10,22:00:00,27.78,27.8,27.75,27.8,2400,0
2017-10-11,15:45:00,27.75,27.75,27.65,27.65,700,0
2017-10-11,17:10:00,27.73,27.75,27.73,27.75,422,0
2017-10-11,17:35:00,27.75,27.8055,27.75,27.7727,4200,0
2017-10-11,17:40:00,27.7,27.7,27.7,27.7,250,0
2017-10-11,17:50:00,27.7,27.7,27.65,27.65,600,0
2017-10-11,18:35:00,27.74,27.74,27.7,27.7,400,0
2017-10-11,19:00:00,27.7,27.7,27.7,27.7,571,0
2017-10-11,19:05:00,27.7,27.7,27.65,27.65,300,0
2017-10-11,19:10:00,27.65,27.65,27.65,27.65,700,0
2017-10-11,19:15:00,27.73,27.73,27.73,27.73,100,0
2017-10-11,19:25:00,27.73,27.73,27.73,27.73,1000,0
2017-10-11,19:45:00,27.723,27.723,27.723,27.723,300,0
2017-10-11,20:30:00,27.66,27.66,27.66,27.66,200,0
2017-10-11,20:40:00,27.73,27.73,27.73,27.73,200,0
2017-10-11,20:55:00,27.73,27.73,27.73,27.73,500,0
2017-10-11,21:00:00,27.73,27.73,27.73,27.73,100,0
2017-10-11,21:25:00,27.73,27.73,27.73,27.73,300,0
2017-10-11,21:30:00,27.71,27.71,27.71,27.71,100,0
2017-10-11,21:40:00,27.66,27.66,27.66,27.66,100,0
2017-10-12,16:10:00,27.97,27.97,27.97,27.97,100,0
2017-10-12,18:10:00,27.8,27.8,27.8,27.8,2650,0
2017-10-12,18:40:00,27.918,27.99,27.822,27.822,408,0
2017-10-12,20:20:00,28.102,28.102,28.102,28.102,110,0
2017-10-12,20:45:00,27.83,27.83,27.83,27.83,132,0
2017-10-12,20:55:00,28.16,28.17,28.16,28.17,1100,0
2017-10-12,21:10:00,28.19,28.25,28.18,28.25,2222,0
2017-10-12,21:20:00,28.15,28.15,28.15,28.15,982,0
2017-10-13,15:35:00,28.7104,28.7104,28.7104,28.7104,122,0
2017-10-13,19:55:00,28.2594,28.2594,28.2594,28.2594,162,0
2017-10-13,21:30:00,27.8,27.9,27.02,27.03,5623,0
2017-10-13,21:35:00,28.19,28.38,27.33,27.75,1700,0
2017-10-13,21:40:00,28.29,28.44,27.75,28.02,1300,0
2017-10-13,21:45:00,28.4,28.45,27.895,28.45,1720,0
2017-10-13,21:50:00,28.45,28.45,28,28.45,1400,0
2017-10-13,21:55:00,28.45,28.45,28.44,28.44,400,0
2017-10-16,17:40:00,28.45,28.5,27.55,27.55,1604,0
2017-10-16,17:50:00,28.65,28.66,28.02,28.02,3800,0
2017-10-17,17:05:00,27.82,28.14,27.57,27.79,3700,0
2017-10-17,17:10:00,27.85,27.85,27.56,27.6,534,0
2017-10-17,17:15:00,27.8,27.8,27.8,27.8,2435,0
2017-10-17,17:35:00,29.7399,29.7399,29.7399,29.7399,171,0
2017-10-17,18:00:00,27.8,27.8,27.8,27.8,565,0
2017-10-17,19:15:00,27.98,28.001,27.98,28.001,200,0
2017-10-17,19:35:00,27.96,28,27.96,28,2000,0
2017-10-17,21:55:00,27.73,27.73,27.71,27.71,1500,0
2017-10-18,17:35:00,28.23,28.23,27.74,27.74,965,0
2017-10-18,19:30:00,28.25,28.25,27.74,27.74,650,0
2017-10-18,20:00:00,28.25,28.25,27.74,27.74,725,0
2017-10-18,21:00:00,27.962,27.962,27.962,27.962,100,0
2017-10-18,21:50:00,27.68,27.68,27.6515,27.6515,200,0
2017-10-19,16:00:00,28.2545,28.2545,28.2545,28.2545,204,0
2017-10-19,18:50:00,27.8125,27.8125,27.75,27.75,600,0
2017-10-19,20:00:00,28.0761,28.0761,27.77,27.77,744,0
2017-10-19,21:20:00,28.1,28.14,28.1,28.14,300,0
2017-10-19,21:25:00,28.08,28.08,28.08,28.08,100,0
2017-10-19,21:50:00,28.07,28.15,28.07,28.15,1745,0
2017-10-20,17:10:00,27.7,27.7,26.23,27,7058,0
2017-10-20,17:15:00,27,27,27,27,700,0
2017-10-20,17:20:00,27.25,27.5,27.25,27.45,1200,0
2017-10-20,17:25:00,27.49,27.49,27.4,27.4,400,0
2017-10-20,18:35:00,27.87,27.87,27.8296,27.8296,750,0
2017-10-20,19:20:00,27.6,27.6,27.6,27.6,100,0
2017-10-20,19:25:00,27.61,27.61,27.6,27.6,500,0
2017-10-20,19:30:00,27.78,27.82,27.78,27.82,400,0
2017-10-20,19:35:00,27.7,27.7,27.7,27.7,1120,0
2017-10-20,19:40:00,27.7,27.7,27.7,27.7,565,0
2017-10-20,19:45:00,27.7,27.7517,27.7,27.7517,300,0
2017-10-20,19:55:00,27.7,27.7,27.7,27.7,926,0
2017-10-20,20:05:00,27.77,27.77,27.77,27.77,200,0
2017-10-20,20:45:00,27.75,27.77,27.75,27.77,262,0
2017-10-20,21:50:00,27.6986,27.6991,27.6,27.6991,3148,0
2017-10-23,16:45:00,27.83,27.83,27.83,27.83,1075,0
2017-10-23,17:15:00,27.819,27.819,27.819,27.819,356,0
2017-10-23,17:40:00,27.7,27.7,27.7,27.7,100,0
2017-10-23,17:45:00,27.75,27.76,27.75,27.76,300,0
2017-10-23,18:15:00,27.83,27.84,27.83,27.84,300,0
2017-10-23,19:30:00,27.9295,27.9295,27.9295,27.9295,400,0
2017-10-23,19:45:00,27.81,27.81,27.81,27.81,700,0
2017-10-23,19:50:00,27.8,27.8,27.8,27.8,100,0
2017-10-23,20:10:00,27.81,27.81,27.8,27.81,300,0
2017-10-23,20:15:00,27.8,27.8,27.8,27.8,100,0
2017-10-23,20:40:00,27.947,27.947,27.947,27.947,107,0
2017-10-23,20:45:00,27.8432,27.8432,27.8432,27.8432,510,0
2017-10-23,21:05:00,27.93,28.05,27.93,28.05,400,0
2017-10-23,21:25:00,27.83,27.83,27.8036,27.8036,600,0
2017-10-23,21:35:00,27.8001,27.83,27.8,27.8,1100,0
2017-10-23,21:40:00,27.84,27.84,27.8,27.8,800,0
2017-10-23,21:45:00,27.823,27.823,27.823,27.823,600,0
2017-10-23,22:00:00,27.85,27.85,27.85,27.85,200,0
2017-10-24,16:15:00,27.79,27.79,27.79,27.79,100,0
2017-10-24,16:40:00,27.97,27.97,27.97,27.97,100,0
2017-10-24,17:10:00,28,28,28,28,200,0
2017-10-24,17:15:00,27.98,27.99,27.98,27.99,500,0
2017-10-24,18:30:00,28.0691,28.0691,28.0691,28.0691,143,0
2017-10-24,18:50:00,28.1507,28.1507,28.1507,28.1507,146,0
2017-10-24,19:05:00,28.226,28.226,28.226,28.226,182,0
2017-10-24,19:40:00,27.904,27.904,27.904,27.904,143,0
2017-10-24,20:15:00,28.21,28.21,28.21,28.21,167,0
2017-10-24,21:25:00,28.2262,28.2262,28.2262,28.2262,133,0
2017-10-25,17:35:00,27.71,27.73,27.71,27.73,4200,0
2017-10-25,17:50:00,27.73,27.75,27.73,27.75,3100,0
2017-10-25,18:00:00,27.96,27.96,27.96,27.96,100,0
2017-10-25,18:05:00,27.8,27.8,27.8,27.8,1515,0
2017-10-25,18:45:00,28.2,28.2,28.2,28.2,100,0
2017-10-25,18:50:00,28.15,28.15,28.15,28.15,100,0
2017-10-25,19:40:00,27.81,27.81,27.8,27.8,781,0
2017-10-25,19:55:00,27.9345,27.9345,27.9345,27.9345,106,0
2017-10-25,20:40:00,27.89,27.89,27.8,27.8,275,0
2017-10-25,21:25:00,27.9006,27.9006,27.8712,27.8712,354,0
2017-10-25,21:30:00,28.034,28.034,28.034,28.034,106,0
2017-10-25,21:45:00,27.9767,27.9767,27.9767,27.9767,354,0
2017-10-25,21:50:00,27.92,27.95,27.92,27.95,200,0
2017-10-25,21:55:00,27.95,27.95,27.95,27.95,100,0
2017-10-26,15:45:00,27.95,27.95,27.95,27.95,200,0
2017-10-26,17:05:00,28.2,28.2,28.2,28.2,253,0
2017-10-26,17:15:00,27.96,27.96,27.95,27.95,300,0
2017-10-26,17:25:00,27.95,27.95,27.95,27.95,3690,0
2017-10-26,17:45:00,28.22,28.22,28.22,28.22,500,0
2017-10-26,18:15:00,28.22,28.22,28.22,28.22,500,0
2017-10-26,18:45:00,27.95,27.95,27.95,27.95,400,0
2017-10-26,19:45:00,27.95,27.95,27.95,27.95,400,0
2017-10-26,19:50:00,27.95,27.95,27.95,27.95,750,0
2017-10-26,20:50:00,27.94,27.94,27.94,27.94,200,0
2017-10-26,21:05:00,27.95,27.95,27.95,27.95,500,0
2017-10-26,21:40:00,27.95,27.95,27.95,27.95,1000,0
2017-10-26,21:45:00,28.0101,28.0101,27.97,27.97,207,0
2017-10-26,21:50:00,27.95,27.95,27.95,27.95,500,0
2017-10-26,21:55:00,27.95,27.95,27.95,27.95,100,0
2017-10-27,16:25:00,28.24,28.24,28.24,28.24,301,0
2017-10-27,16:30:00,28,28,28,28,800,0
2017-10-27,16:50:00,27.7772,27.7772,27.7772,27.7772,135,0
2017-10-27,17:15:00,27.95,27.95,27.95,27.95,500,0
2017-10-27,17:35:00,28,28.38,28,28.38,1139,0
2017-10-27,18:10:00,28.43,28.685,28.4,28.4,1300,0
2017-10-27,18:15:00,28.1597,28.1597,28.1597,28.1597,120,0
2017-10-27,20:00:00,28.2577,28.35,28.22,28.22,1345,0
2017-10-27,20:05:00,28.1126,28.1468,27.7874,27.7874,3600,0
2017-10-27,20:25:00,28.06,28.06,28.06,28.06,100,0
2017-10-27,20:55:00,27.94,28.0205,27.84,28.0205,1000,0
2017-10-27,21:05:00,28.0043,28.12,27.84,28.12,1700,0
2017-10-27,21:10:00,28.07,28.07,28.07,28.07,100,0
2017-10-27,21:15:00,28.07,28.07,28.07,28.07,100,0
2017-10-27,21:25:00,28.07,28.07,28.07,28.07,100,0
2017-10-27,21:50:00,28.1,28.1,28.1,28.1,100,0
2017-10-30,16:10:00,28.418,28.418,28.418,28.418,225,0
2017-10-30,17:40:00,28.4567,28.4567,28.4567,28.4567,271,0
2017-10-30,18:00:00,28.2847,28.2847,28.25,28.25,655,0
2017-10-30,20:40:00,28.056,28.056,28.056,28.056,113,0
2017-10-31,16:35:00,28.2997,28.2997,28.2997,28.2997,120,0
2017-10-31,18:55:00,28.3,28.3,27.929,27.929,212,0
2017-10-31,19:35:00,28.0397,28.0397,28.0397,28.0397,300,0
2017-10-31,19:40:00,27.8544,27.8544,27.8544,27.8544,300,0
2017-10-31,20:10:00,28.03,28.1636,27.8,27.8,300,0
2017-10-31,20:15:00,28.3,28.3,28.3,28.3,100,0
2017-10-31,20:25:00,27.94,27.95,27.51,27.95,300,0
2017-10-31,20:35:00,28.25,28.25,27.94,27.94,300,0
2017-10-31,20:50:00,27.46,27.46,27.46,27.46,100,0
2017-10-31,20:55:00,27.803,27.803,27.803,27.803,100,0
2017-11-01,14:35:00,27.7,27.7,27.7,27.7,176,0
2017-11-01,15:10:00,28.1442,28.1442,27.9659,27.9659,300,0
2017-11-01,19:00:00,27.92,27.92,27.92,27.92,100,0
2017-11-01,20:30:00,28.1567,28.1567,28.1567,28.1567,100,0
2017-11-01,20:35:00,27.91,27.9936,27.86,27.9736,500,0
2017-11-01,20:40:00,28.1579,28.1579,28.1579,28.1579,100,0
2017-11-01,20:50:00,27.9,28.152,27.77,28.02,1300,0
2017-11-02,14:55:00,27.9,27.9,27.6,27.6,600,0
2017-11-02,15:15:00,27.85,27.85,27.83,27.83,800,0
2017-11-02,15:45:00,27.91,27.91,27.91,27.91,100,0
2017-11-02,17:15:00,28.4233,28.4233,28.4233,28.4233,209,0
2017-11-02,18:30:00,28.423,28.423,27.91,27.91,200,0
2017-11-02,19:10:00,28.1731,28.1731,28.1731,28.1731,100,0
2017-11-02,20:55:00,27.85,27.85,27.85,27.85,100,0
2017-11-03,16:45:00,28.1645,28.1645,28.1645,28.1645,100,0
2017-11-03,18:30:00,28.3866,28.3866,28.3866,28.3866,334,0
2017-11-03,21:00:00,27.8,27.8,27.8,27.8,100,0
2017-11-06,16:00:00,27.81,27.85,27.81,27.85,3367,0
2017-11-06,16:10:00,27.84,27.85,27.84,27.85,700,0
2017-11-06,17:10:00,27.85,27.85,27.85,27.85,4400,0
2017-11-06,17:15:00,27.8,27.8,27.8,27.8,1000,0
2017-11-06,17:20:00,27.795,27.84,27.795,27.84,700,0
2017-11-06,17:25:00,27.8,27.8,27.8,27.8,2000,0
2017-11-06,17:50:00,27.8,27.8,27.8,27.8,1000,0
2017-11-06,17:55:00,27.845,27.845,27.845,27.845,910,0
2017-11-06,18:00:00,27.845,27.845,27.845,27.845,650,0
2017-11-06,18:45:00,27.8,27.8,27.8,27.8,100,0
2017-11-06,19:00:00,27.82,27.82,27.82,27.82,600,0
2017-11-06,19:25:00,27.8399,27.8399,27.8399,27.8399,125,0
2017-11-06,19:30:00,27.8,27.8,27.8,27.8,141,0
2017-11-06,19:35:00,27.8197,27.8197,27.8197,27.8197,215,0
2017-11-06,19:45:00,27.8108,27.8108,27.8108,27.8108,360,0
2017-11-06,20:15:00,27.8,27.8,27.6055,27.6055,403,0
2017-11-06,20:30:00,27.675,27.7849,27.675,27.7849,689,0
2017-11-06,20:40:00,27.609,27.609,27.609,27.609,113,0
2017-11-06,21:10:00,27.741,27.807,27.741,27.741,1002,0
2017-11-06,21:15:00,27.849,27.85,27.849,27.85,1100,0
2017-11-06,21:50:00,27.68,27.68,27.68,27.68,270,0
2017-11-06,21:55:00,27.7,27.7,27.7,27.7,1200,0
2017-11-06,22:00:00,27.7,27.7,27.54,27.57,4130,0
2017-11-07,16:15:00,27.85,27.85,27.85,27.85,600,0
2017-11-07,16:25:00,27.7,27.7,27.7,27.7,200,0
2017-11-07,19:15:00,27.8442,27.8442,27.8442,27.8442,342,0
2017-11-07,20:50:00,28.07,28.07,28.07,28.07,100,0
2017-11-07,21:00:00,28.02,28.02,28.02,28.02,100,0
2017-11-07,21:10:00,27.77,27.95,27.76,27.95,1500,0
2017-11-07,21:15:00,27.77,27.77,27.75,27.75,415,0
2017-11-07,21:40:00,27.77,27.77,27.76,27.76,500,0
2017-11-07,21:45:00,27.8,27.8,27.8,27.8,1000,0
2017-11-07,21:50:00,27.88,27.88,27.88,27.88,100,0
2017-11-08,16:10:00,28.14,28.14,28.14,28.14,100,0
2017-11-08,17:15:00,28.0226,28.0226,28.0226,28.0226,103,0
2017-11-08,18:10:00,27.85,27.85,27.85,27.85,135,0
2017-11-08,18:50:00,28.1,28.1,28.1,28.1,100,0
2017-11-08,19:20:00,27.87,27.87,27.85,27.85,990,0
2017-11-08,20:15:00,27.85,27.85,27.85,27.85,289,0
2017-11-08,20:55:00,27.75,27.8484,27.71,27.8484,1000,0
2017-11-09,15:50:00,27.85,27.85,27.85,27.85,100,0
2017-11-09,16:10:00,27.85,27.85,27.85,27.85,400,0
2017-11-09,18:20:00,28.07,28.13,28.07,28.1189,1541,0
2017-11-09,18:30:00,28.1,28.1,28.1,28.1,100,0
2017-11-09,18:40:00,27.84,27.84,27.8,27.8,1091,0
2017-11-09,20:00:00,27.8,27.8,27.75,27.75,1200,0
2017-11-09,21:25:00,27.97,27.97,27.97,27.97,100,0
2017-11-09,22:00:00,27.85,27.89,27.85,27.89,200,0
2017-11-10,15:35:00,27.52,27.52,27.22,27.22,1596,0
2017-11-10,15:40:00,27.25,27.26,27.25,27.25,4300,0
2017-11-10,15:45:00,27.25,27.25,27.2,27.25,4600,0
2017-11-10,15:50:00,27.2,27.22,27.2,27.2,1500,0
2017-11-10,16:10:00,27.9457,27.9457,27.2,27.5,1721,0
2017-11-10,16:25:00,27.4,27.4,27.4,27.4,500,0
2017-11-10,16:30:00,27.3,27.3,27.2,27.2,1000,0
2017-11-10,16:35:00,27.35,27.4,27.2983,27.4,1600,0
2017-11-10,16:40:00,27.38,27.38,27.38,27.38,500,0
2017-11-10,16:45:00,27.35,27.4,27.35,27.4,475,0
2017-11-10,16:55:00,27.3,27.3,27.2,27.2,2500,0
2017-11-10,17:10:00,27.2,27.2,27.2,27.2,100,0
2017-11-10,17:20:00,27.2,27.2,27.2,27.2,100,0
2017-11-10,17:25:00,27.2,27.2,27.2,27.2,100,0
2017-11-10,17:30:00,27.11,27.2,27.11,27.2,1313,0
2017-11-10,17:35:00,27.4,27.4,27.4,27.4,500,0
2017-11-10,18:50:00,27.859,27.859,27.859,27.859,455,0
2017-11-10,19:25:00,27.795,27.795,27.795,27.795,211,0
2017-11-10,20:10:00,27.4,27.4,27.4,27.4,2330,0
2017-11-10,20:15:00,27.5937,27.5937,27.5937,27.5937,114,0
2017-11-10,20:45:00,27.6,27.6,27.6,27.6,200,0
2017-11-10,21:40:00,27.55,27.55,27.55,27.55,100,0
2017-11-13,16:40:00,27.52,27.52,27.5,27.51,800,0
2017-11-13,16:55:00,27.5,27.5,27.5,27.5,200,0
2017-11-13,17:45:00,27.5,27.5,27.5,27.5,500,0
2017-11-13,18:45:00,27.8851,27.8851,27.8851,27.8851,124,0
2017-11-13,19:00:00,28,28,28,28,300,0
2017-11-13,19:05:00,28,28,27.84,27.95,1100,0
2017-11-13,19:30:00,27.5,27.5,27.5,27.5,600,0
2017-11-13,20:50:00,28.0737,28.0737,28.0737,28.0737,117,0
2017-11-13,20:55:00,27.85,27.85,27.85,27.85,1000,0
2017-11-13,21:40:00,27.67,27.78,27.67,27.78,462,0
2017-11-13,22:00:00,27.67,27.67,27.67,27.67,100,0
2017-11-14,15:45:00,28,28,27.85,27.986,844,0
2017-11-14,15:50:00,27.99,27.99,27.99,27.99,100,0
2017-11-14,16:00:00,27.8617,27.8617,27.8617,27.8617,180,0
2017-11-14,16:10:00,27.8481,27.8481,27.8481,27.8481,180,0
2017-11-14,16:40:00,27.9,27.9,27.9,27.9,100,0
2017-11-14,18:15:00,27.9301,28,27.9,28,1111,0
2017-11-14,18:25:00,28.1705,28.1705,28.1705,28.1705,213,0
2017-11-14,18:30:00,28.3245,28.435,28.3245,28.38,400,0
2017-11-14,19:45:00,28.4625,28.4625,28.35,28.35,447,0
2017-11-14,20:00:00,28.1805,28.1805,28.1805,28.1805,409,0
2017-11-14,20:15:00,28.41,28.43,28.3445,28.4,1400,0
2017-11-14,20:30:00,28.4624,28.4624,28.4624,28.4624,274,0
2017-11-14,21:40:00,28.1,28.1,28,28,300,0
2017-11-14,21:45:00,28,28,27.7,27.7,1400,0
2017-11-14,21:50:00,27.7,27.82,27.7,27.7,500,0
2017-11-14,22:00:00,27.98,27.98,27.7,27.7,1196,0
2017-11-15,16:00:00,28.05,28.05,28.05,28.05,400,0
2017-11-15,16:05:00,27.735,27.735,27.735,27.735,184,0
2017-11-15,16:45:00,27.98,28,27.98,27.985,800,0
2017-11-15,16:50:00,28.04,28.29,28.03,28.29,600,0
2017-11-15,17:00:00,28,28,28,28,1030,0
2017-11-15,17:45:00,28.088,28.088,28.088,28.088,141,0
2017-11-15,18:00:00,28,28,28,28,750,0
2017-11-15,19:10:00,28.342,28.342,28.342,28.342,174,0
2017-11-15,19:40:00,28.347,28.347,28.347,28.347,398,0
2017-11-15,20:15:00,28,28.05,28,28.05,1814,0
2017-11-15,20:25:00,28.1792,28.1792,28.1792,28.1792,200,0
2017-11-15,20:40:00,28.1508,28.1508,28.1508,28.1508,100,0
2017-11-15,20:50:00,28.16,28.16,28.16,28.16,300,0
2017-11-15,21:00:00,28.35,28.35,28.35,28.35,1492,0
2017-11-15,21:40:00,28.3861,28.3861,28.3861,28.3861,400,0
2017-11-15,21:45:00,28.0749,28.16,28,28,2932,0
2017-11-15,21:50:00,28.01,28.01,28.01,28.01,3056,0
2017-11-16,15:55:00,28.1639,28.1639,28.1639,28.1639,278,0
2017-11-16,16:10:00,27.83,28.37,27.83,28.37,800,0
2017-11-16,16:45:00,27.9809,27.9809,27.9809,27.9809,142,0
2017-11-16,17:15:00,28.1,28.1,28.1,28.1,1000,0
2017-11-16,17:30:00,28.05,28.05,28.05,28.05,500,0
2017-11-16,17:50:00,28.288,28.288,28.288,28.288,312,0
2017-11-16,19:45:00,28.3,28.32,28.3,28.32,889,0
2017-11-16,19:55:00,28.31,28.31,28.31,28.31,100,0
2017-11-16,20:15:00,28.09,28.13,28.08,28.1,621,0
2017-11-16,20:45:00,28.3,28.32,28.3,28.32,400,0
2017-11-16,21:20:00,28.3,28.35,28.3,28.35,410,0
2017-11-17,15:35:00,28.35,28.39,28.35,28.39,1621,0
2017-11-17,15:45:00,28.039,28.039,28.039,28.039,200,0
2017-11-17,16:00:00,28.35,28.35,28.35,28.35,530,0
2017-11-17,16:35:00,28.35,28.35,28.35,28.35,585,0
2017-11-17,16:40:00,28.35,28.35,28.35,28.35,240,0
2017-11-17,17:05:00,28.259,28.259,28.259,28.259,110,0
2017-11-17,17:15:00,28.3992,28.3992,28.212,28.26,598,0
2017-11-17,18:10:00,28.38,28.38,28.38,28.38,100,0
2017-11-17,21:45:00,28.15,28.4,28.01,28.4,1198,0
2017-11-17,22:00:00,28.21,28.4,28.21,28.4,300,0
2017-11-20,15:40:00,28.33,28.33,28.33,28.33,100,0
2017-11-20,17:45:00,28.35,28.35,28.35,28.35,300,0
2017-11-20,17:50:00,28.34,28.34,28.34,28.34,300,0
2017-11-20,19:25:00,28.4,28.4,28.3965,28.3965,800,0
2017-11-20,20:30:00,28.4,28.4,28.4,28.4,379,0
2017-11-20,21:00:00,28.438,28.438,28.438,28.438,220,0
2017-11-20,21:35:00,28.2389,28.2389,28.2389,28.2389,350,0
2017-11-20,22:00:00,28.38,28.41,28.38,28.4,1200,0
2017-11-21,17:05:00,28.376,28.376,28.376,28.376,259,0
2017-11-21,19:10:00,28.0668,28.0668,28.0668,28.0668,263,0
2017-11-21,20:00:00,28.47,28.47,28.47,28.47,350,0
2017-11-21,21:05:00,28.465,28.465,28.465,28.465,1000,0
2017-11-22,15:35:00,28.46,28.47,28.46,28.47,265,0
2017-11-22,18:20:00,28.47,28.47,28.385,28.385,670,0
2017-11-22,19:00:00,28.386,28.386,28.386,28.386,140,0
2017-11-22,20:50:00,28.4,28.4,28.4,28.4,1000,0
2017-11-22,22:00:00,28.47,28.47,28.47,28.47,300,0
2017-11-24,15:35:00,28.48,28.48,28.48,28.48,631,0
2017-11-24,16:05:00,28.48,28.5,28.48,28.5,2100,0
2017-11-24,16:10:00,28.5,28.6,28.5,28.6,2231,0
2017-11-24,17:25:00,28.67,28.67,28.67,28.67,100,0
2017-11-27,16:30:00,28.65,28.65,28.65,28.65,355,0
2017-11-27,17:10:00,28.7,28.7,28.7,28.7,300,0
2017-11-27,17:20:00,28.68,28.7,28.68,28.7,1631,0
2017-11-27,17:25:00,28.12,28.12,28.12,28.12,300,0
2017-11-27,17:30:00,28.7,28.7,28.7,28.7,400,0
2017-11-27,17:35:00,28.69,28.7,28.5,28.5,300,0
2017-11-27,17:45:00,28.5,28.5,28.5,28.5,100,0
2017-11-27,17:55:00,28.5,28.5,28.5,28.5,100,0
2017-11-27,18:00:00,28.5,28.5662,28.5,28.5662,300,0
2017-11-27,18:10:00,28.5,28.5,28.28,28.28,300,0
2017-11-27,18:15:00,28.65,28.65,28.65,28.65,285,0
2017-11-27,19:00:00,28.33,28.33,28.295,28.295,200,0
2017-11-27,19:55:00,28.702,28.702,28.702,28.702,144,0
2017-11-27,20:25:00,28.8,28.8,28.57,28.57,540,0
2017-11-27,20:30:00,28.6839,28.77,28.6739,28.7139,900,0
2017-11-28,15:40:00,28.8,28.8,28.8,28.8,100,0
2017-11-28,15:45:00,29.38,30.16,29.37,29.66,4832,0
2017-11-28,15:50:00,29.68,29.7072,29.68,29.69,600,0
2017-11-28,16:00:00,29.2003,29.2003,29.2003,29.2003,100,0
2017-11-28,16:30:00,29.183,29.183,29.183,29.183,100,0
2017-11-28,16:35:00,29.2918,29.3172,29.155,29.155,547,0
2017-11-28,17:00:00,29.09,29.183,29.09,29.183,314,0
2017-11-28,17:35:00,29.09,29.09,29.09,29.09,1091,0
2017-11-28,18:10:00,29.02,29.02,29.02,29.02,100,0
2017-11-28,19:30:00,28.9431,28.9431,28.9431,28.9431,113,0
2017-11-28,19:45:00,28.823,29.0113,28.823,29.0113,1561,0
2017-11-29,15:35:00,28.82,28.82,28.82,28.82,171,0
2017-11-29,17:25:00,28.52,29.0085,28.52,29.0085,377,0
2017-11-29,17:30:00,28.1747,29.02,28.1747,28.9642,796,0
2017-11-29,18:10:00,29.1571,29.1571,29.1571,29.1571,272,0
2017-11-29,20:15:00,29,29.32,28.319,28.343,4680,0
2017-11-29,20:50:00,28.9401,28.9401,28.9401,28.9401,100,0
2017-11-29,20:55:00,29.1195,29.1195,29.1195,29.1195,100,0
2017-11-29,21:10:00,28.94,28.94,28.94,28.94,400,0
2017-11-29,21:15:00,28.5644,28.5644,28.5644,28.5644,1050,0
2017-11-29,21:20:00,28.3151,28.394,28.3147,28.394,2600,0
2017-11-29,21:35:00,28.5596,28.5596,28.37,28.37,800,0
2017-11-29,21:40:00,28.4064,28.5,28.24,28.405,3300,0
2017-11-29,21:45:00,28.2589,28.5596,28.2589,28.5596,1060,0
2017-11-29,21:50:00,28.6,28.6,28.23,28.2875,1275,0
2017-11-29,21:55:00,28.3147,28.3147,28.23,28.23,900,0
2017-11-29,22:00:00,28.3147,28.5723,28.21,28.5515,1560,0
2017-11-30,15:35:00,28.34,28.34,28.34,28.34,200,0
2017-11-30,17:10:00,28.7967,28.7967,28.7967,28.7967,101,0
2017-11-30,17:40:00,28.35,28.35,28.35,28.35,300,0
2017-11-30,18:05:00,28.25,28.5101,28.22,28.5101,1050,0
2017-11-30,18:10:00,28.44,28.6153,28.3047,28.3047,1535,0
2017-11-30,18:20:00,28.41,28.5903,27.88,28.44,1900,0
2017-11-30,18:25:00,28.03,28.03,28.03,28.03,100,0
2017-11-30,18:30:00,28.02,28.02,28.02,28.02,100,0
2017-11-30,21:15:00,28.04,28.075,28.03,28.075,1235,0
2017-11-30,21:20:00,28.345,28.345,28.345,28.345,184,0
2017-12-01,15:35:00,28.1,28.44,28.1,28.44,600,0
2017-12-01,15:40:00,28.44,28.44,28.44,28.44,100,0
2017-12-01,15:45:00,28.44,28.44,28.44,28.44,200,0
2017-12-01,16:35:00,28.07,28.2103,28.07,28.2103,200,0
2017-12-01,19:30:00,28.223,28.223,28.223,28.223,157,0
2017-12-01,20:10:00,28.903,28.903,28.903,28.903,110,0
2017-12-01,21:30:00,28.47,28.47,28.47,28.47,197,0
2017-12-01,22:00:00,28.25,28.25,28.19,28.19,280,0
2017-12-04,17:10:00,28.2371,28.2371,28.2371,28.2371,550,0
2017-12-04,17:20:00,28.33,28.33,28.3299,28.3299,1000,0
2017-12-04,22:00:00,28.23,28.23,28.23,28.23,140,0
2017-12-05,16:45:00,28.3042,28.3042,28.3042,28.3042,188,0
2017-12-05,17:20:00,28.428,28.428,28.428,28.428,400,0
2017-12-05,19:25:00,28.299,28.299,28.299,28.299,500,0
2017-12-05,19:30:00,28.4037,28.4037,28.4037,28.4037,201,0
2017-12-05,20:55:00,28.172,28.172,28.172,28.172,318,0
2017-12-06,16:00:00,28.14,28.14,28.02,28.02,2000,0
2017-12-06,16:10:00,28.04,28.18,28.04,28.18,262,0
2017-12-06,17:20:00,28.2,28.2216,28.02,28.1601,3934,0
2017-12-06,19:15:00,28.18,28.4556,28.18,28.4556,661,0
2017-12-06,22:00:00,28.03,28.03,28.03,28.03,200,0
