Date,Time,Open,High,Low,Close,Volume,OpenInt
2014-05-22,16:05:00,258.24,258.24,258.24,258.24,230,0
2014-05-22,21:40:00,268.57,268.57,268.57,268.57,230,0
2014-05-22,21:50:00,266.84,266.84,266.84,266.84,465,0
2014-05-27,18:50:00,262.55,262.55,262.55,262.55,580,0
2014-05-28,19:40:00,273.28,273.28,273.28,273.28,230,0
2014-05-28,20:45:00,273.72,273.72,272.03,272.03,834,0
2014-05-28,20:55:00,271.91,272.03,271.91,272.03,230,0
2014-05-28,21:10:00,270.3,270.3,270.3,270.3,465,0
2014-05-28,22:00:00,271.16,271.16,271.16,271.16,731,0
2014-05-29,15:55:00,274.95,274.95,274.95,274.95,230,0
2014-05-29,16:00:00,275.73,275.73,275.73,275.73,427,0
2014-05-29,17:55:00,274.87,274.87,274.87,274.87,116,0
2014-05-29,18:10:00,277.19,277.19,277.19,277.19,116,0
2014-05-29,18:20:00,273.74,273.74,273.74,273.74,116,0
2014-05-29,18:25:00,273.21,273.21,273.21,273.21,256,0
2014-05-29,20:00:00,275.45,275.45,275.45,275.45,116,0
2014-05-29,20:35:00,277.96,277.96,277.96,277.96,225,0
2014-05-29,20:45:00,278.47,278.47,278.47,278.47,116,0
2014-05-29,21:00:00,278.47,278.47,278.47,278.47,116,0
2014-05-29,21:05:00,280.47,280.47,280.47,280.47,139,0
2014-05-29,21:50:00,279.95,279.95,279.95,279.95,116,0
2014-05-29,21:55:00,279.96,279.96,279.96,279.96,116,0
2014-05-30,17:05:00,275.45,275.45,275.45,275.45,116,0
2014-05-30,18:00:00,278.03,278.03,278.03,278.03,116,0
2014-05-30,18:25:00,280.4,280.4,278.11,278.11,9293,0
2014-05-30,19:20:00,272.85,272.85,272.85,272.85,116,0
2014-05-30,20:35:00,272.43,272.92,272.09,272.92,811,0
2014-05-30,20:40:00,272.09,272.09,271.57,271.57,230,0
2014-05-30,21:40:00,272.87,272.87,272.87,272.87,230,0
2014-06-02,15:40:00,271.33,271.33,271.33,271.33,230,0
2014-06-02,15:45:00,272.85,272.85,272.85,272.85,116,0
2014-06-02,16:05:00,270.99,270.99,270.99,270.99,697,0
2014-06-02,17:30:00,274,274,274,274,230,0
2014-06-02,20:30:00,277.5,277.5,277.5,277.5,4763,0
2014-06-03,16:20:00,276.4,276.4,276.4,276.4,11618,0
2014-06-03,17:25:00,272.27,272.27,272.27,272.27,230,0
2014-06-03,17:30:00,272.79,272.79,272.53,272.53,291,0
2014-06-03,20:20:00,275.45,275.45,275.45,275.45,465,0
2014-06-03,20:50:00,275.45,275.45,275.45,275.45,116,0
2014-06-03,22:00:00,275.45,275.45,275.45,275.45,116,0
2014-06-04,16:45:00,275.45,275.45,275.45,275.45,465,0
2014-06-04,18:20:00,275.46,275.46,275.46,275.46,230,0
2014-06-04,21:40:00,275.48,275.48,275.48,275.48,230,0
2014-06-05,17:05:00,275.45,275.45,275.45,275.45,230,0
2014-06-05,20:10:00,276.09,276.09,276.09,276.09,1643,0
2014-06-06,16:55:00,279.77,282.45,279.77,282.45,4881,0
2014-06-06,17:45:00,282.45,282.45,282.45,282.45,116,0
2014-06-06,18:40:00,278.04,278.23,278.04,278.23,931,0
2014-06-06,19:05:00,279.76,279.77,279.76,279.77,349,0
2014-06-06,20:25:00,278.08,278.08,278.08,278.08,230,0
2014-06-06,21:55:00,278.64,278.64,278.64,278.64,116,0
2014-06-09,16:05:00,278.44,278.44,278.44,278.44,465,0
2014-06-09,18:25:00,279.77,279.77,279.77,279.77,230,0
2014-06-09,19:15:00,279.77,279.77,279.77,279.77,116,0
2014-06-09,19:20:00,279.59,279.59,279.59,279.59,116,0
2014-06-10,17:25:00,280.61,280.85,280.61,280.85,580,0
2014-06-10,17:35:00,280.61,280.61,280.61,280.61,230,0
2014-06-10,20:20:00,278.39,278.39,278.39,278.39,116,0
2014-06-10,20:40:00,280.55,280.55,280.55,280.55,116,0
2014-06-10,20:45:00,280.61,280.61,280.61,280.61,116,0
2014-06-11,15:35:00,276.46,276.46,276.46,276.46,116,0
2014-06-12,15:45:00,274.82,274.82,274.82,274.82,230,0
2014-06-12,19:45:00,274.58,274.58,274.58,274.58,116,0
2014-06-12,20:00:00,273.72,273.72,273.72,273.72,8474,0
2014-06-16,21:20:00,273.92,273.92,273.92,273.92,230,0
2014-06-16,21:35:00,275.46,275.46,275.46,275.46,116,0
2014-06-17,21:00:00,282.33,282.33,282.33,282.33,697,0
2014-06-17,21:10:00,279.77,279.77,279.77,279.77,116,0
2014-06-17,21:15:00,279.63,279.63,279.63,279.63,116,0
2014-06-17,21:45:00,278.32,278.32,278.32,278.32,116,0
2014-06-18,16:05:00,275.04,275.04,275.04,275.04,580,0
2014-06-18,19:05:00,276.01,276.01,276.01,276.01,116,0
2014-06-20,20:20:00,282.71,282.71,282.71,282.71,116,0
2014-06-20,20:40:00,283.13,283.13,283.13,283.13,116,0
2014-06-20,20:45:00,282.07,282.07,282.07,282.07,116,0
2014-06-20,21:25:00,279.77,279.77,279.77,279.77,116,0
2014-06-20,21:30:00,278.91,278.91,278.91,278.91,230,0
2014-06-20,22:00:00,284.08,284.08,284.08,284.08,116,0
2014-06-23,15:35:00,277.19,277.19,277.19,277.19,116,0
2014-06-24,16:25:00,278.08,278.08,278.08,278.08,230,0
2014-06-24,16:30:00,278.77,278.77,278.77,278.77,116,0
2014-06-24,18:40:00,278.47,278.47,278.47,278.47,230,0
2014-06-24,21:45:00,277.82,277.82,277.82,277.82,1162,0
2014-06-25,21:55:00,274.58,274.58,274.58,274.58,116,0
2014-06-30,17:40:00,280.14,280.14,280.14,280.14,349,0
2014-06-30,19:50:00,284.2,284.2,284.2,284.2,123,0
2014-06-30,20:15:00,284.2,284.2,284.2,284.2,230,0
2014-07-02,18:00:00,286.65,286.65,286.65,286.65,6970,0
2014-07-02,22:00:00,284.48,284.48,284.48,284.48,349,0
2014-07-03,16:30:00,287.63,287.63,287.63,287.63,349,0
2014-07-03,16:35:00,287.72,287.72,287.72,287.72,349,0
2014-07-03,16:40:00,289.94,289.94,289.94,289.94,633,0
2014-07-03,17:40:00,295.9,295.9,295.9,295.9,116,0
2014-07-07,22:00:00,275.89,275.89,275.89,275.89,116,0
2014-07-08,16:10:00,279,279,279,279,116,0
2014-07-08,16:25:00,280.33,281.21,280.33,281.21,230,0
2014-07-09,16:40:00,283.53,283.53,283.53,283.53,116,0
2014-07-09,18:30:00,282.66,282.66,282.66,282.66,116,0
2014-07-09,21:30:00,284.07,284.07,284.07,284.07,230,0
2014-07-10,17:55:00,282.56,282.56,282.56,282.56,1162,0
2014-07-10,20:15:00,282.08,282.08,281.2,281.2,230,0
2014-07-10,20:20:00,278.96,278.96,278.96,278.96,173,0
2014-07-10,20:45:00,278.34,278.34,278.34,278.34,116,0
2014-07-10,21:10:00,279.11,279.11,279.11,279.11,116,0
2014-07-14,15:50:00,284.07,284.07,284.07,284.07,230,0
2014-07-14,20:35:00,284.5,284.5,284.5,284.5,9293,0
2014-07-15,19:05:00,279.77,279.77,279.77,279.77,465,0
2014-07-16,20:55:00,278.03,278.03,278.03,278.03,230,0
2014-07-16,21:35:00,278.86,278.86,278.86,278.86,230,0
2014-07-18,15:50:00,277.54,277.54,277.54,277.54,230,0
2014-07-18,16:20:00,279.77,279.77,279.77,279.77,349,0
2014-07-18,17:00:00,282.62,282.62,282.62,282.62,116,0
2014-07-21,18:45:00,279.92,279.92,279.92,279.92,3485,0
2014-07-22,16:10:00,279.77,279.77,279.77,279.77,580,0
2014-07-22,18:45:00,283.06,283.06,283.06,283.06,580,0
2014-07-24,15:35:00,275.46,275.46,275.46,275.46,116,0
2014-07-28,17:25:00,272.03,272.03,272.03,272.03,230,0
2014-07-28,21:20:00,273.17,273.17,272.26,272.26,349,0
2014-07-29,16:25:00,274.89,274.89,274.89,274.89,465,0
2014-07-29,19:15:00,272.15,272.15,272.15,272.15,146,0
2014-07-30,17:25:00,273.78,273.78,273.78,273.78,116,0
2014-07-30,18:30:00,273.21,273.21,273.21,273.21,116,0
2014-07-31,16:20:00,277.94,277.94,277.94,277.94,232,0
2014-07-31,17:30:00,278.48,278.48,278.48,278.48,466,0
2014-08-06,17:35:00,282.66,282.66,282.66,282.66,116,0
2014-08-07,16:45:00,282.49,282.49,282.49,282.49,883,0
2014-08-07,16:50:00,282.51,282.51,282.51,282.51,116,0
2014-08-07,17:15:00,280.77,280.77,280.61,280.61,232,0
2014-08-07,19:30:00,277.19,277.19,277.19,277.19,230,0
2014-08-07,19:50:00,277.19,277.19,277.19,277.19,116,0
2014-08-11,18:00:00,284.93,284.93,284.93,284.93,232,0
2014-08-11,19:55:00,281.48,281.48,281.48,281.48,232,0
2014-08-12,19:40:00,279.06,279.06,279.06,279.06,116,0
2014-08-12,21:25:00,279.91,279.91,279.91,279.91,116,0
2014-08-13,20:10:00,284.07,284.07,284.07,284.07,466,0
2014-08-15,16:55:00,290.53,290.53,290.53,290.53,350,0
2014-08-18,20:50:00,301.29,302.78,301.29,302.78,1626,0
2014-08-18,21:40:00,301.29,301.29,301.29,301.29,116,0
2014-08-19,20:30:00,301.29,301.29,301.29,301.29,232,0
2014-08-20,22:00:00,300.65,300.65,300.65,300.65,116,0
2014-08-26,18:40:00,306.38,306.38,306.38,306.38,466,0
2014-08-28,16:55:00,305.41,305.41,305.41,305.41,590,0
2014-08-28,21:05:00,302.7,302.7,302.7,302.7,113,0
2014-08-29,20:20:00,308.5,308.5,308.5,308.5,227,0
2014-09-03,17:20:00,304.24,304.24,304.24,304.24,458,0
2014-09-04,18:25:00,305.93,305.93,305.93,305.93,113,0
2014-09-04,18:40:00,304.13,304.13,303.8,303.8,561,0
2014-09-09,17:15:00,296.91,296.91,296.91,296.91,227,0
2014-09-09,17:45:00,295.98,295.98,295.98,295.98,113,0
2014-09-09,17:50:00,295.5,295.72,295.5,295.72,915,0
2014-09-10,16:15:00,301.01,301.01,301.01,301.01,798,0
2014-09-11,19:00:00,299.39,299.39,299.39,299.39,344,0
2014-09-11,19:45:00,299.99,299.99,299.99,299.99,113,0
2014-09-12,16:25:00,302.79,302.79,302.79,302.79,113,0
2014-09-15,17:15:00,298.01,298.01,298.01,298.01,227,0
2014-09-15,18:05:00,297.45,297.45,297.45,297.45,113,0
2014-09-17,17:20:00,298.68,298.68,298.68,298.68,227,0
2014-09-18,21:20:00,295.67,295.67,295.67,295.67,113,0
2014-09-22,21:50:00,298.16,298.16,298.16,298.16,113,0
2014-09-30,20:25:00,296.32,296.32,296.32,296.32,113,0
2014-09-30,20:50:00,296.99,296.99,296.99,296.99,2971,0
2014-10-02,21:40:00,292.95,292.95,292.95,292.95,113,0
2014-10-07,18:35:00,295.44,295.44,295.44,295.44,113,0
2014-10-07,18:50:00,295.66,295.66,295.66,295.66,227,0
2014-10-13,17:10:00,287.78,287.78,287.78,287.78,458,0
2014-10-13,19:05:00,285.93,285.93,285.93,285.93,227,0
2014-10-14,22:00:00,286.16,286.16,286.16,286.16,113,0
2014-10-20,15:50:00,304.46,304.46,304.46,304.46,113,0
2014-10-21,17:20:00,305.32,306.2,305.32,306.2,1372,0
2014-10-28,20:15:00,304.24,304.24,304.24,304.24,227,0
2014-10-31,20:35:00,315.11,315.11,314.15,314.15,5716,0
2014-11-03,20:45:00,322.68,322.68,322.68,322.68,344,0
2014-11-04,19:40:00,340.51,340.53,340.51,340.53,458,0
2014-11-06,17:05:00,322.87,322.87,322.87,322.87,113,0
2014-11-07,15:55:00,321.78,321.78,321.78,321.78,227,0
2014-11-07,18:40:00,322.79,322.79,322.79,322.79,113,0
2014-11-07,21:50:00,321.82,321.82,321.82,321.82,227,0
2014-11-10,16:30:00,321.07,321.07,321.07,321.07,113,0
2014-11-10,16:35:00,320.75,320.75,320.26,320.26,227,0
2014-11-19,16:35:00,320.66,320.88,320.66,320.88,457,0
2014-11-19,21:45:00,310.57,310.57,310.57,310.57,227,0
2014-11-20,15:35:00,262.45,262.45,262.45,262.45,113,0
2014-11-20,15:40:00,301.82,305.51,301.82,304.5,457,0
2014-11-20,16:25:00,302.67,302.67,302.67,302.67,113,0
2014-11-20,17:45:00,313.83,313.83,313.83,313.83,113,0
2014-11-20,18:00:00,314.57,314.57,313.83,313.83,685,0
2014-11-20,21:35:00,314.86,314.86,314.86,314.86,113,0
2014-11-24,15:45:00,307.49,307.49,307.49,307.49,113,0
2014-11-24,15:50:00,307.24,307.24,306.61,306.61,227,0
2014-11-24,15:55:00,305.75,305.75,305.75,305.75,113,0
2014-11-24,16:00:00,304.85,304.85,304.85,304.85,342,0
2014-11-25,17:10:00,314.56,314.56,314.56,314.56,457,0
2014-11-25,17:55:00,319.3,319.3,319.3,319.3,342,0
2014-11-25,21:55:00,319.31,319.31,319.31,319.31,113,0
2014-12-02,19:30:00,303.71,303.71,303.71,303.71,112,0
2014-12-04,18:50:00,306.36,306.36,306.36,306.36,112,0
2014-12-05,16:10:00,301.43,301.43,301.43,301.43,112,0
2014-12-05,16:15:00,300.5,300.75,300.5,300.75,225,0
2014-12-10,15:55:00,309.84,309.84,309.84,309.84,225,0
2014-12-10,16:00:00,310.11,310.11,310.11,310.11,453,0
2014-12-10,21:30:00,301.81,301.81,301.81,301.81,112,0
2014-12-11,21:00:00,306.64,306.64,306.64,306.64,112,0
2014-12-12,15:55:00,306.25,306.25,306.25,306.25,112,0
2014-12-12,16:15:00,303.94,303.94,303.94,303.94,112,0
2014-12-12,18:50:00,305.71,305.71,305.71,305.71,112,0
2014-12-16,15:55:00,309.91,309.91,309.91,309.91,112,0
2014-12-16,18:40:00,310.89,310.89,310.89,310.89,112,0
2014-12-19,16:05:00,321.01,321.01,321.01,321.01,112,0
2014-12-19,16:40:00,323.54,323.54,323.54,323.54,112,0
2014-12-19,18:10:00,322.46,322.46,322.46,322.46,112,0
2014-12-19,20:10:00,319.8,319.8,319.8,319.8,453,0
2014-12-22,15:45:00,317.49,317.49,317.49,317.49,339,0
2014-12-23,17:30:00,316.81,316.81,316.81,316.81,112,0
2014-12-30,18:45:00,329.01,329.01,329.01,329.01,112,0
2014-12-30,20:40:00,323.54,323.54,323.54,323.54,225,0
2014-12-31,15:55:00,326.09,326.09,326.09,326.09,112,0
2014-12-31,16:30:00,322.16,322.16,322.16,322.16,565,0
2014-12-31,16:35:00,322.93,322.93,322.16,322.16,904,0
2014-12-31,16:40:00,318.23,318.23,318.23,318.23,112,0
2014-12-31,18:00:00,323.07,323.07,323.07,323.07,112,0
2014-12-31,22:00:00,323.82,323.82,323.82,323.82,112,0
2015-01-02,16:40:00,323.37,323.37,323.37,323.37,225,0
2015-01-02,16:45:00,323.37,323.37,323.37,323.37,790,0
2015-01-06,18:10:00,307.12,307.12,307.12,307.12,225,0
2015-01-12,16:10:00,311.55,311.55,311.55,311.55,225,0
2015-01-12,18:45:00,312.39,312.39,312.39,312.39,225,0
2015-01-13,16:25:00,319.02,319.02,319.02,319.02,678,0
2015-01-13,19:25:00,313.06,313.06,313.06,313.06,225,0
2015-01-13,21:05:00,305.78,305.78,305.78,305.78,112,0
2015-01-13,21:55:00,307.61,307.87,307.61,307.87,225,0
2015-01-14,20:00:00,306.25,306.25,306.25,306.25,225,0
2015-01-15,15:45:00,304.29,304.29,302.7,302.7,225,0
2015-01-15,15:55:00,300.26,323.64,294.96,294.96,1697,0
2015-01-26,15:55:00,305.3,305.3,305.3,305.3,453,0
2015-01-29,15:55:00,296.19,296.46,296.19,296.46,225,0
2015-01-29,16:05:00,296.8,296.8,296.8,296.8,678,0
2015-01-30,16:35:00,295.35,295.35,295.35,295.35,565,0
2015-02-02,15:50:00,291.86,291.86,287.17,287.17,1893,0
2015-02-02,18:50:00,291.01,291.01,291.01,291.01,453,0
2015-02-03,15:40:00,291.54,291.54,291.01,291.01,339,0
2015-02-03,16:00:00,290.49,296.15,289.95,295.88,565,0
2015-02-04,15:50:00,298.54,298.54,298.54,298.54,112,0
2015-02-04,18:25:00,298.88,298.88,298.88,298.88,225,0
2015-02-04,18:35:00,298.88,298.88,298.88,298.88,225,0
2015-02-04,20:15:00,297.11,297.11,297.11,297.11,225,0
2015-02-04,21:45:00,297.11,297.11,297.11,297.11,225,0
2015-02-11,15:35:00,300.03,300.03,300.03,300.03,339,0
2015-02-12,15:40:00,306.59,306.59,306.59,306.59,339,0
2015-02-12,15:55:00,306.59,306.59,306.59,306.59,112,0
2015-02-12,21:55:00,309.25,309.25,309.25,309.25,112,0
2015-02-19,16:00:00,310.84,310.84,310.84,310.84,565,0
2015-02-19,19:10:00,316.76,316.76,316.76,316.76,112,0
2015-02-24,15:45:00,319.52,319.52,319.52,319.52,225,0
2015-02-25,21:05:00,319.35,319.35,319.35,319.35,111,0
2015-02-26,21:50:00,323.34,323.34,323.34,323.34,111,0
2015-03-03,17:30:00,308.71,308.71,308.71,308.71,111,0
2015-03-13,19:35:00,306.54,306.54,306.09,306.09,223,0
2015-03-16,17:25:00,311.66,311.66,311.66,311.66,223,0
2015-03-16,17:45:00,311.66,311.66,311.66,311.66,223,0
2015-03-18,19:25:00,313.45,313.45,313.45,313.45,167,0
2015-03-19,18:45:00,315.01,315.01,315.01,315.01,558,0
2015-03-23,14:35:00,317.38,317.38,317.38,317.38,111,0
2015-03-27,15:20:00,312.64,312.64,312.64,312.64,111,0
2015-03-27,15:35:00,317.91,317.91,317.91,317.91,111,0
2015-03-31,19:20:00,316.41,316.41,316.41,316.41,223,0
2015-03-31,19:35:00,316.82,316.82,316.82,316.82,223,0
2015-03-31,21:25:00,315.1,315.1,315.1,315.1,671,0
2015-03-31,21:35:00,315.1,315.1,315.1,315.1,223,0
2015-04-01,17:55:00,323.03,323.03,322.75,322.75,223,0
2015-04-01,19:10:00,326.64,326.64,326.64,326.64,223,0
2015-04-01,21:20:00,327.69,327.69,327.1,327.1,223,0
2015-04-02,15:35:00,329.56,329.56,329.56,329.56,111,0
2015-04-02,17:25:00,332.47,332.47,332.47,332.47,223,0
2015-04-02,17:30:00,332.18,332.18,332.18,332.18,111,0
2015-04-02,17:55:00,333.98,333.98,333.98,333.98,111,0
2015-04-02,19:45:00,330.46,330.48,330.46,330.48,671,0
2015-04-02,19:50:00,330.38,330.38,330.38,330.38,111,0
2015-04-02,20:10:00,328.56,328.56,328.56,328.56,111,0
2015-04-02,20:20:00,330.84,330.84,330.84,330.84,111,0
2015-04-02,20:25:00,329.79,329.79,329.79,329.79,111,0
2015-04-06,17:40:00,327.77,327.77,327.77,327.77,558,0
2015-04-06,17:55:00,327.84,327.84,327.84,327.84,111,0
2015-04-06,19:45:00,331.26,331.57,330.84,330.84,334,0
2015-04-07,15:50:00,334.84,334.84,334.84,334.84,111,0
2015-04-08,15:45:00,334.94,334.94,334.94,334.94,111,0
2015-04-08,21:25:00,336.98,336.98,336.23,336.23,223,0
2015-04-08,21:30:00,336.08,336.08,336.08,336.08,111,0
2015-04-14,15:40:00,335.38,335.38,335.38,335.38,111,0
2015-04-15,19:25:00,342.11,342.11,342.11,342.11,111,0
2015-04-15,21:55:00,347.48,347.48,347.48,347.48,111,0
2015-04-16,18:30:00,349.27,349.27,349.27,349.27,245,0
2015-04-16,19:50:00,347.8,347.8,347.8,347.8,11166,0
2015-04-16,20:50:00,350.16,350.16,350.16,350.16,111,0
2015-04-20,16:55:00,348.36,348.36,348.36,348.36,111,0
2015-04-20,21:15:00,348.11,348.11,348.11,348.11,5317,0
2015-04-20,21:40:00,347.13,347.13,347.13,347.13,5585,0
2015-04-23,16:25:00,340.66,340.66,340.12,340.12,223,0
2015-04-27,21:30:00,341.38,341.38,341.38,341.38,3881,0
2015-05-04,21:55:00,327.5,327.5,327.5,327.5,111,0
2015-05-11,17:20:00,322.39,322.39,322.39,322.39,223,0
2015-05-11,17:35:00,330.24,330.24,330.24,330.24,189,0
2015-05-29,17:05:00,333.88,333.88,333.88,333.88,110,0
2015-05-29,21:15:00,337.52,337.52,337.52,337.52,7431,0
2015-05-29,21:20:00,337.91,337.91,337.91,337.91,5520,0
2015-06-09,15:50:00,329.29,329.29,329.29,329.29,110,0
2015-06-10,18:55:00,333.35,333.35,333.35,333.35,221,0
2015-06-10,21:50:00,333.58,333.58,333.58,333.58,221,0
2015-06-15,15:45:00,319.39,319.39,319.39,319.39,110,0
2015-06-15,16:00:00,324.41,324.41,324.41,324.41,110,0
2015-06-15,16:05:00,323.85,323.85,323.85,323.85,110,0
2015-06-18,16:05:00,326.14,326.14,326.14,326.14,110,0
2015-06-18,19:50:00,327.82,327.82,327.82,327.82,110,0
2015-06-18,21:30:00,328.72,328.72,328.72,328.72,110,0
2015-06-23,15:35:00,321.15,321.15,321.15,321.15,110,0
2015-06-23,20:00:00,322.59,323.99,322.59,323.99,2207,0
2015-06-26,16:00:00,321.05,321.05,321.05,321.05,110,0
2015-06-26,18:30:00,321.05,321.05,321.05,321.05,110,0
2015-06-29,20:10:00,311.28,311.28,311.28,311.28,497,0
2015-06-29,21:25:00,311.6,311.6,311.6,311.6,110,0
2015-06-30,16:45:00,303.39,303.39,303.39,303.39,221,0
2015-07-01,17:15:00,303.42,303.42,303.42,303.42,110,0
2015-07-06,15:45:00,286.89,286.89,285.59,285.59,221,0
2015-07-06,16:00:00,287.52,287.52,287.52,287.52,110,0
2015-07-06,16:30:00,289.28,289.28,289.28,289.28,221,0
2015-07-07,17:30:00,271.82,271.82,271.82,271.82,110,0
2015-07-08,16:35:00,275.35,275.35,275.35,275.35,110,0
2015-07-08,18:20:00,276.17,276.17,276.17,276.17,110,0
2015-07-10,21:50:00,280.79,280.79,280.79,280.79,5520,0
2015-07-13,20:45:00,284.55,284.55,284.55,284.55,110,0
2015-07-13,21:25:00,282.55,282.55,282.55,282.55,110,0
2015-07-14,15:35:00,293.51,293.51,293.51,293.51,110,0
2015-07-14,16:15:00,288.72,288.72,288.72,288.72,110,0
2015-07-15,18:50:00,284.79,284.86,284.79,284.86,443,0
2015-07-15,21:05:00,286.26,286.26,286.26,286.26,221,0
2015-07-16,20:10:00,282.37,282.37,282.37,282.37,110,0
2015-07-16,21:05:00,279.92,279.92,279.92,279.92,110,0
2015-07-17,15:35:00,255.47,255.47,255.47,255.47,110,0
2015-07-21,16:05:00,273.58,273.58,273.58,273.58,110,0
2015-07-21,21:50:00,276.31,276.31,276.31,276.31,110,0
2015-07-21,22:00:00,276.31,276.31,276.31,276.31,110,0
2015-07-27,21:15:00,253.64,253.64,253.64,253.64,221,0
2015-07-27,21:25:00,254.37,254.37,254.37,254.37,221,0
2015-07-31,18:35:00,264.18,264.47,264.18,264.47,221,0
2015-07-31,18:45:00,262.73,262.73,262.73,262.73,110,0
2015-07-31,19:15:00,264.52,264.52,264.52,264.52,110,0
2015-07-31,19:30:00,264.52,264.52,264.52,264.52,110,0
2015-07-31,19:35:00,263.61,263.61,263.61,263.61,110,0
2015-07-31,19:55:00,263.61,263.61,263.61,263.61,110,0
2015-07-31,20:25:00,264.52,264.52,264.52,264.52,110,0
2015-07-31,21:05:00,262.73,262.73,262.73,262.73,551,0
2015-08-04,15:35:00,241.88,242.14,241.32,241.61,882,0
2015-08-04,15:40:00,242.42,242.42,241.07,241.07,331,0
2015-08-04,17:15:00,251.61,251.61,251.61,251.61,110,0
2015-08-04,18:20:00,253.11,253.11,252.29,252.29,221,0
2015-08-04,18:45:00,249.86,249.86,249.86,249.86,221,0
2015-08-04,20:15:00,250.58,250.58,250.03,250.03,221,0
2015-08-04,20:25:00,246.24,246.24,246.24,246.24,110,0
2015-08-04,21:45:00,247.59,247.59,247.59,247.59,110,0
2015-08-04,21:50:00,248.13,248.13,248.13,248.13,110,0
2015-08-05,21:20:00,235.45,235.45,235.45,235.45,110,0
2015-08-05,21:55:00,240.98,240.98,240.98,240.98,110,0
2015-08-06,16:00:00,233.16,233.16,233.16,233.16,551,0
2015-08-07,15:35:00,246.14,246.14,246.14,246.14,110,0
2015-08-10,21:40:00,246.14,246.14,246.14,246.14,110,0
2015-08-12,16:10:00,242.83,242.83,242.83,242.83,110,0
2015-08-12,16:25:00,242.83,242.83,242.83,242.83,221,0
2015-08-12,17:00:00,241.88,241.88,241.88,241.88,110,0
2015-08-12,17:15:00,243.39,243.39,243.39,243.39,110,0
2015-08-12,17:30:00,243.92,243.92,243.92,243.92,110,0
2015-08-12,17:50:00,244.19,244.19,244.19,244.19,110,0
2015-08-12,18:30:00,244.38,244.73,244.38,244.73,272,0
2015-08-14,15:40:00,243.68,243.68,243.68,243.68,110,0
2015-08-14,16:20:00,245.61,245.61,244.74,244.74,637,0
2015-08-14,16:50:00,246.14,246.14,246.14,246.14,110,0
2015-08-14,17:05:00,245.94,245.94,245.94,245.94,110,0
2015-08-14,19:15:00,244.84,244.84,244.6,244.6,551,0
2015-08-17,20:40:00,249.13,249.13,249.13,249.13,110,0
2015-08-17,20:45:00,250.03,250.03,250.03,250.03,164,0
2015-08-17,20:55:00,246.41,246.41,246.41,246.41,221,0
2015-08-17,21:10:00,249.18,249.18,249.18,249.18,331,0
2015-08-18,17:05:00,248.63,248.63,248.63,248.63,110,0
2015-08-18,17:40:00,246.41,246.41,246.41,246.41,221,0
2015-08-18,18:30:00,246.87,246.87,246.87,246.87,110,0
2015-08-18,19:05:00,244.6,244.6,244.6,244.6,110,0
2015-08-18,19:35:00,245.36,245.36,245.36,245.36,110,0
2015-08-19,17:30:00,242.07,242.07,242.07,242.07,188,0
2015-08-20,18:35:00,242.33,242.33,242.33,242.33,110,0
2015-08-21,16:40:00,241.03,241.03,241.03,241.03,221,0
2015-08-21,18:15:00,242.36,242.36,242.36,242.36,110,0
2015-08-21,21:00:00,241.84,241.84,241.84,241.84,199,0
2015-08-21,21:30:00,241.56,241.56,241.56,241.56,443,0
2015-08-21,21:45:00,242.48,242.48,242.48,242.48,110,0
2015-08-21,22:00:00,240.98,240.98,240.98,240.98,110,0
2015-08-24,16:10:00,241.28,241.28,241.28,241.28,110,0
2015-08-24,18:55:00,242.24,242.24,242.24,242.24,110,0
2015-08-24,20:30:00,242.27,242.27,242.27,242.27,115,0
2015-08-25,15:35:00,284.22,284.22,249.98,249.98,236,0
2015-08-25,15:45:00,244.83,244.83,244.83,244.83,110,0
2015-08-25,15:55:00,240.16,240.16,240.16,240.16,110,0
2015-08-25,16:00:00,243.68,243.68,243.68,243.68,110,0
2015-08-25,16:05:00,244.02,244.02,244.02,244.02,443,0
2015-08-25,16:10:00,246.71,248.41,246.71,248.41,221,0
2015-08-25,17:40:00,242.43,242.43,242.33,242.33,919,0
2015-08-26,15:35:00,262.68,262.68,262.68,262.68,110,0
2015-08-26,17:00:00,244.88,244.88,244.88,244.88,110,0
2015-08-26,17:30:00,245.68,245.68,245.68,245.68,110,0
2015-08-26,17:40:00,245.41,245.41,245.41,245.41,110,0
2015-08-26,18:15:00,245.85,245.85,245.85,245.85,110,0
2015-08-26,18:30:00,246.36,246.36,246.36,246.36,221,0
2015-08-26,18:45:00,246.36,246.36,246.36,246.36,110,0
2015-08-26,21:50:00,247.83,247.83,247.83,247.83,110,0
2015-08-27,16:45:00,249.67,249.67,249.67,249.67,110,0
2015-08-27,17:45:00,251.03,251.03,251.03,251.03,278,0
2015-08-27,18:30:00,252.66,252.66,252.66,252.66,202,0
2015-08-28,17:40:00,253.53,253.53,253.53,253.53,107,0
2015-08-28,21:45:00,254.45,254.45,254.45,254.45,107,0
2015-08-28,21:50:00,257.08,257.08,257.08,257.08,218,0
2015-08-31,15:50:00,253.48,253.48,253.48,253.48,346,0
2015-08-31,16:05:00,250.65,250.65,250.65,250.65,279,0
2015-08-31,16:30:00,251.23,251.23,250.92,250.92,218,0
2015-08-31,18:15:00,256.63,256.63,256.63,256.63,107,0
2015-09-01,17:30:00,256.63,256.63,256.63,256.63,107,0
2015-09-01,17:45:00,253.87,253.87,253.87,253.87,218,0
2015-09-01,19:35:00,252.04,252.04,252.04,252.04,107,0
2015-09-01,19:40:00,252.04,252.85,252.04,252.85,232,0
2015-09-02,16:10:00,249.36,249.36,249.36,249.36,107,0
2015-09-02,16:55:00,244.46,244.46,244.46,244.46,107,0
2015-09-02,17:55:00,245.13,245.13,245.13,245.13,107,0
2015-09-02,18:00:00,243,243,243,243,10871,0
2015-09-02,18:25:00,243.74,243.74,243.74,243.74,107,0
2015-09-02,20:45:00,246.05,246.05,246.05,246.05,107,0
2015-09-02,20:55:00,246.05,250.1,246.05,250.1,460,0
2015-09-02,21:30:00,251.38,251.38,251.38,251.38,722,0
2015-09-02,21:50:00,249.14,249.14,249.14,249.14,120,0
2015-09-04,16:25:00,247.45,247.45,247.45,247.45,107,0
2015-09-08,21:50:00,246.06,246.06,246.06,246.06,107,0
2015-09-09,19:50:00,242.77,242.77,242.77,242.77,218,0
2015-09-11,17:25:00,243.3,243.3,243.3,243.3,107,0
2015-09-11,17:30:00,243.3,243.3,243.3,243.3,107,0
2015-09-11,17:40:00,243.3,243.3,243.3,243.3,107,0
2015-09-11,17:55:00,244.22,244.22,244.22,244.22,107,0
2015-09-11,18:05:00,244.22,244.22,244.22,244.22,107,0
2015-09-11,18:30:00,244.68,244.68,244.68,244.68,218,0
2015-09-16,17:00:00,252.69,252.69,252.69,252.69,107,0
2015-09-18,17:55:00,246.43,246.43,246.43,246.43,107,0
2015-09-21,19:55:00,244.68,244.68,244.68,244.68,107,0
2015-09-21,20:45:00,243.74,243.74,243.74,243.74,107,0
2015-09-28,18:20:00,226.21,228.65,226.21,228.65,488,0
2015-09-28,19:15:00,222.52,222.52,222.51,222.51,218,0
2015-09-28,20:55:00,224.06,224.06,224.06,224.06,107,0
2015-09-29,21:50:00,220.76,220.76,220.76,220.76,437,0
2015-10-01,17:00:00,224.35,224.35,224.06,224.06,218,0
2015-10-01,17:15:00,223.13,223.13,223.13,223.13,107,0
2015-10-01,17:20:00,223.13,223.13,223.13,223.13,107,0
2015-10-01,18:10:00,220.66,220.66,220.66,220.66,107,0
2015-10-01,18:35:00,220.75,220.75,220.75,220.75,325,0
2015-10-01,19:10:00,219.83,219.83,219.83,219.83,218,0
2015-10-01,19:50:00,221.23,221.23,221.23,221.23,264,0
2015-10-01,20:15:00,217.6,217.77,217.6,217.77,588,0
2015-10-01,21:40:00,220.3,220.3,220.3,220.3,325,0
2015-10-01,21:50:00,220.3,220.3,220.3,220.3,502,0
2015-10-02,15:45:00,221.88,221.88,221.88,221.88,107,0
2015-10-02,15:50:00,221.89,221.89,219.83,219.83,869,0
2015-10-02,16:40:00,219.56,219.56,219.56,219.56,325,0
2015-10-02,18:10:00,220.75,220.75,220.75,220.75,107,0
2015-10-02,18:25:00,221.68,221.68,221.68,221.68,218,0
2015-10-02,19:10:00,223.51,223.51,223.51,223.51,107,0
2015-10-05,16:50:00,227.44,227.44,227.44,227.44,107,0
2015-10-05,19:55:00,225.75,225.75,225.75,225.75,218,0
2015-10-13,16:45:00,245.75,245.75,245.75,245.75,107,0
2015-10-13,17:05:00,242.72,242.72,242.72,242.72,107,0
2015-10-14,20:20:00,242.83,242.83,242.83,242.83,107,0
2015-10-22,16:50:00,246.65,246.65,246.65,246.65,272,0
2015-10-27,15:35:00,243.17,243.17,243.17,243.17,5436,0
2015-10-28,14:40:00,236.39,236.39,236.39,236.39,107,0
2015-10-29,14:40:00,251.57,251.78,251.57,251.78,8408,0
2015-10-29,15:25:00,252.94,252.94,252.94,252.94,122,0
2015-10-29,16:10:00,252.94,252.94,252.94,252.94,218,0
2015-11-02,20:55:00,277.47,277.47,277.47,277.47,218,0
2015-11-03,19:05:00,286.91,286.91,286.91,286.91,18254,0
2015-11-03,19:10:00,285.7,285.7,285.7,285.7,18254,0
2015-11-10,21:15:00,271.96,271.96,271.96,271.96,107,0
2015-11-12,21:35:00,263.98,263.98,263.98,263.98,107,0
2015-11-13,15:40:00,263.98,263.98,263.98,263.98,107,0
2015-11-13,22:00:00,262.87,262.87,262.87,262.87,107,0
2015-11-16,17:30:00,259.86,259.86,259.86,259.86,18,0
2015-11-30,16:30:00,280.67,280.67,280.66,280.66,215,0
2015-12-01,15:35:00,279.95,279.95,279.95,279.95,215,0
2015-12-02,20:05:00,282.04,282.04,282.04,282.04,160,0
2015-12-09,19:00:00,279.55,279.55,279.55,279.55,160,0
2015-12-17,19:30:00,280.95,280.95,280.95,280.95,106,0
2015-12-17,19:55:00,280.14,280.14,280.02,280.02,215,0
2015-12-17,20:05:00,281.25,281.25,281.24,281.24,215,0
2015-12-17,20:15:00,280.3,280.3,280.3,280.3,106,0
2015-12-21,15:35:00,326.7,326.7,326.7,326.7,106,0
2015-12-21,20:15:00,280.78,280.78,280.78,280.78,106,0
2015-12-21,22:00:00,280.02,280.02,280.02,280.02,241,0
2015-12-22,16:50:00,290.13,290.13,290.13,290.13,106,0
2015-12-23,20:00:00,304.06,304.06,304.06,304.06,106,0
2015-12-23,20:30:00,307.1,307.1,307.1,307.1,106,0
2015-12-23,20:55:00,305.46,305.46,305.46,305.46,215,0
2015-12-23,21:20:00,302.96,302.96,302.96,302.96,106,0
2015-12-29,18:25:00,301.72,301.72,301.72,301.72,106,0
2015-12-29,19:10:00,300.55,300.55,300.55,300.55,106,0
2015-12-29,20:00:00,303.36,303.36,303.36,303.36,427,0
2015-12-30,16:20:00,299.63,299.63,299.63,299.63,427,0
2015-12-30,21:00:00,294.02,294.02,294.02,294.02,106,0
2015-12-31,16:40:00,294.02,294.02,294.02,294.02,106,0
2015-12-31,20:05:00,287.48,287.48,287.48,287.48,106,0
2016-01-05,15:40:00,289.35,289.35,289.35,289.35,106,0
2016-01-06,21:40:00,286.86,286.86,286.86,286.86,4285,0
2016-01-07,16:20:00,275.35,275.35,275.35,275.35,106,0
2016-01-07,20:25:00,268.44,268.44,259.48,259.48,215,0
2016-01-07,20:30:00,262.2,262.2,262.2,262.2,106,0
2016-01-11,15:50:00,260.95,260.95,260.95,260.95,55,0
2016-01-11,19:05:00,263.99,263.99,263.99,263.99,106,0
2016-01-12,18:45:00,258.55,258.55,258.55,258.55,106,0
2016-01-12,21:55:00,262.47,262.47,262.47,262.47,215,0
2016-01-14,20:30:00,263.22,263.22,263.22,263.22,106,0
2016-01-19,15:35:00,261.87,261.87,256.33,256.33,112,0
2016-01-19,16:15:00,254.04,254.04,254.04,254.04,44,0
2016-01-19,17:40:00,247.51,247.54,247.51,247.54,160,0
2016-01-19,19:25:00,259.05,259.05,259.05,259.05,7,0
2016-01-19,19:35:00,261.09,261.23,261.09,261.23,14,0
2016-01-19,20:40:00,253.65,253.89,253.65,253.89,131,0
2016-01-19,21:05:00,254.98,254.98,254.98,254.98,55,0
2016-01-19,21:15:00,255.78,255.78,255.78,255.78,7,0
2016-01-19,21:20:00,256.85,256.85,256.85,256.85,15,0
2016-01-20,21:20:00,248.28,248.28,248.28,248.28,106,0
2016-01-21,17:15:00,254.21,254.21,254.21,254.21,106,0
2016-01-21,19:30:00,248.28,248.28,248.28,248.28,106,0
2016-01-25,21:00:00,250.6,250.61,250.6,250.61,215,0
2016-01-25,21:50:00,248.94,248.94,248.94,248.94,106,0
2016-01-29,19:10:00,255.1,255.1,255.1,255.1,122,0
2016-02-01,18:55:00,254.82,254.82,254.82,254.82,106,0
2016-02-03,21:45:00,251.28,251.28,251.28,251.28,106,0
2016-02-03,21:50:00,251.28,251.28,251.28,251.28,106,0
2016-02-04,20:20:00,252.03,252.03,252.03,252.03,106,0
2016-02-04,20:30:00,252.03,252.03,252.03,252.03,106,0
2016-02-04,20:35:00,252.04,252.04,252.04,252.04,106,0
2016-02-05,18:20:00,252.39,252.39,252.39,252.39,106,0
2016-02-05,21:45:00,250.32,250.32,250.32,250.32,106,0
2016-02-05,21:55:00,250.15,250.15,250.15,250.15,106,0
2016-02-09,16:50:00,238.27,238.27,238.27,238.27,106,0
2016-02-09,16:55:00,238.02,238.02,238.02,238.02,106,0
2016-02-09,17:15:00,238.57,238.57,238.57,238.57,106,0
2016-02-09,18:05:00,236.9,236.9,236.9,236.9,106,0
2016-02-09,21:40:00,238.96,238.96,238.96,238.96,536,0
2016-02-12,19:50:00,252.94,252.94,252.94,252.94,106,0
2016-02-12,20:55:00,253.74,253.74,253.74,253.74,106,0
2016-02-19,18:15:00,274.41,274.41,274.41,274.41,536,0
2016-02-19,18:45:00,273.49,273.49,273.49,273.49,536,0
2016-02-22,17:25:00,271.16,271.16,271.16,271.16,215,0
2016-02-22,21:50:00,273.53,273.53,273.53,273.53,125,0
2016-02-25,16:15:00,244.55,244.55,244.55,244.55,106,0
2016-02-25,16:45:00,246.65,246.65,246.65,246.65,215,0
2016-03-01,20:20:00,253.47,253.47,253.47,253.47,104,0
2016-03-07,21:50:00,265.21,265.21,265.21,265.21,5272,0
2016-03-14,20:50:00,269.83,269.83,269.83,269.83,104,0
2016-03-21,17:55:00,273.18,273.18,273.18,273.18,104,0
2016-03-29,18:25:00,263.65,263.66,263.65,263.66,212,0
2016-03-30,16:15:00,270.88,271.17,270.88,271.17,212,0
2016-03-30,16:30:00,270.73,270.73,270.73,270.73,104,0
2016-03-30,17:05:00,272.24,272.24,272.24,272.24,104,0
2016-03-30,17:10:00,272.52,272.52,272.22,272.22,212,0
2016-03-30,17:20:00,273.61,273.61,273.61,273.61,104,0
2016-03-30,18:40:00,273.18,273.18,273.18,273.18,212,0
2016-03-30,21:50:00,276.14,276.14,276.14,276.14,104,0
2016-03-31,18:15:00,279,279,279,279,5272,0
2016-03-31,22:00:00,278.06,278.06,278.06,278.06,104,0
2016-04-01,18:35:00,272.26,272.26,272.26,272.26,104,0
2016-04-01,22:00:00,280.34,280.34,280.34,280.34,104,0
2016-04-04,17:05:00,283.04,283.04,283.04,283.04,104,0
2016-04-04,17:10:00,283.04,283.04,283.04,283.04,104,0
2016-04-05,16:55:00,276.87,276.87,276.87,276.87,104,0
2016-04-05,17:05:00,275.07,277.23,275.07,277.23,212,0
2016-04-05,17:10:00,277.84,277.84,277.84,277.84,104,0
2016-04-06,16:05:00,275.07,275.07,275.07,275.07,104,0
2016-04-06,18:15:00,277.25,277.25,270.8,270.8,316,0
2016-04-06,18:20:00,277.53,277.53,277.53,277.53,212,0
2016-04-06,21:45:00,275.26,275.26,275.26,275.26,104,0
2016-04-07,15:35:00,271.34,271.34,271.34,271.34,104,0
2016-04-07,15:40:00,269.69,269.92,263.56,269.92,528,0
2016-04-07,16:15:00,268.78,268.78,268.78,268.78,104,0
2016-04-07,16:25:00,268.22,268.22,268.22,268.22,104,0
2016-04-07,21:55:00,265.25,265.25,265.25,265.25,104,0
2016-04-08,16:30:00,266.97,266.97,266.97,266.97,104,0
2016-04-08,19:25:00,264.69,264.69,264.69,264.69,104,0
2016-04-08,20:00:00,266.35,266.35,266.35,266.35,104,0
2016-04-11,16:20:00,269.95,269.95,269.38,269.38,212,0
2016-04-11,16:25:00,267.96,267.96,267.96,267.96,104,0
2016-04-11,16:35:00,268.62,268.62,268.06,268.06,212,0
2016-04-11,16:50:00,274.53,274.53,274.53,274.53,104,0
2016-04-11,17:05:00,267.48,267.48,267.48,267.48,104,0
2016-04-11,17:20:00,267.2,267.2,267.2,267.2,104,0
2016-04-11,17:40:00,272.98,272.98,272.98,272.98,104,0
2016-04-11,18:00:00,272.98,272.98,272.98,272.98,104,0
2016-04-11,20:40:00,266.92,266.92,266.92,266.92,104,0
2016-04-11,20:50:00,266.92,266.92,266.92,266.92,104,0
2016-04-11,21:05:00,267.2,274.44,266.64,266.64,1055,0
2016-04-11,21:10:00,266.92,266.92,266.92,266.92,104,0
2016-04-11,21:15:00,273.49,273.49,267.02,267.02,316,0
2016-04-11,21:30:00,273.99,274.04,267.58,267.58,316,0
2016-04-11,21:35:00,267.3,273.74,267.02,271.86,528,0
2016-04-11,21:40:00,273.48,273.48,267.02,267.02,528,0
2016-04-12,20:45:00,271.66,275.74,271.66,275.74,212,0
2016-04-13,19:25:00,269.48,275.7,269.48,275.7,212,0
2016-04-13,20:15:00,274.23,274.23,274.23,274.23,104,0
2016-04-13,20:30:00,273.94,273.94,273.94,273.94,104,0
2016-04-14,15:40:00,267.73,269.15,267.73,269.15,212,0
2016-04-14,15:50:00,259,266.59,258.71,265.73,632,0
2016-04-14,15:55:00,266.59,266.59,259.57,259.57,212,0
2016-04-14,16:00:00,266.01,266.01,266.01,266.01,104,0
2016-04-14,16:05:00,259.86,266.87,259.86,266.87,316,0
2016-04-14,16:10:00,268.01,268.01,262.71,262.71,212,0
2016-04-14,16:15:00,268.29,268.29,268.29,268.29,104,0
2016-04-14,16:35:00,259.57,259.57,259.57,259.57,104,0
2016-04-14,17:00:00,260.13,260.13,260.13,260.13,104,0
2016-04-14,17:20:00,263.16,263.16,263.16,263.16,112,0
2016-04-14,17:30:00,263.42,263.42,263.42,263.42,212,0
2016-04-14,17:45:00,259.57,259.57,259.57,259.57,104,0
2016-04-14,18:15:00,259.26,266.31,259,259,421,0
2016-04-14,18:20:00,266.01,266.01,266.01,266.01,104,0
2016-04-14,19:00:00,265.73,265.73,258.71,258.71,212,0
2016-04-14,19:05:00,259.86,266.01,259.86,266.01,212,0
2016-04-14,20:25:00,262.97,262.97,262.97,262.97,104,0
2016-04-14,21:00:00,272.27,272.27,272.27,272.27,104,0
2016-04-14,21:30:00,272.85,272.85,272.85,272.85,104,0
2016-04-19,21:50:00,277.92,277.92,277.92,277.92,104,0
2016-04-21,18:50:00,277.45,277.45,277.45,277.45,104,0
2016-04-22,16:00:00,283.62,283.62,283.62,283.62,104,0
2016-04-22,17:45:00,287.41,287.41,287.41,287.41,104,0
2016-04-22,18:15:00,288.99,288.99,288.99,288.99,104,0
2016-04-22,18:45:00,285.48,285.48,285.48,285.48,143,0
2016-04-22,19:30:00,285.04,285.04,285.04,285.04,104,0
2016-04-22,20:10:00,285.62,285.62,285.62,285.62,104,0
2016-04-27,21:00:00,287.36,287.36,287.36,287.36,306,0
2016-04-29,16:40:00,281.91,281.91,281.91,281.91,104,0
2016-04-29,17:35:00,284.46,284.46,284.46,284.46,104,0
2016-04-29,17:40:00,283.04,283.04,283.04,283.04,104,0
2016-04-29,18:05:00,282.81,282.81,282.81,282.81,104,0
2016-04-29,18:30:00,285.65,285.65,285.65,285.65,104,0
2016-04-29,19:25:00,285.65,285.65,285.65,285.65,104,0
2016-04-29,19:45:00,284.8,284.8,284.8,284.8,104,0
2016-05-03,15:55:00,301.22,302.07,296.74,297.32,844,0
2016-05-03,16:00:00,300.36,300.36,300.36,300.36,212,0
2016-05-03,16:05:00,300.92,300.92,300.92,300.92,104,0
2016-05-03,16:10:00,301.22,301.22,301.07,301.07,212,0
2016-05-03,16:25:00,298.18,298.18,297.6,297.6,212,0
2016-05-03,16:40:00,302.64,302.64,302.64,302.64,104,0
2016-05-03,17:05:00,302.34,302.34,302.34,302.34,212,0
2016-05-03,17:15:00,297.04,297.04,297.04,297.04,104,0
2016-05-03,17:20:00,297.04,297.04,297.04,297.04,104,0
2016-05-03,17:25:00,295.62,295.62,295.62,295.62,104,0
2016-05-03,17:40:00,297.04,297.04,297.04,297.04,104,0
2016-05-03,17:45:00,297.04,297.04,297.04,297.04,104,0
2016-05-03,17:50:00,297.6,297.6,297.6,297.6,104,0
2016-05-03,18:20:00,301.63,301.63,301.63,301.63,104,0
2016-05-03,18:25:00,301.35,301.63,301.35,301.63,212,0
2016-05-03,18:30:00,301.35,301.35,301.35,301.35,104,0
2016-05-03,20:05:00,303.05,303.05,303.05,303.05,104,0
2016-05-03,20:25:00,301.93,301.93,301.93,301.93,104,0
2016-05-05,21:35:00,294.05,294.05,294.05,294.05,212,0
2016-05-09,18:20:00,291.06,291.06,291.06,291.06,104,0
2016-05-11,16:20:00,295.01,295.01,295.01,295.01,104,0
2016-05-13,15:35:00,295.27,295.27,295.27,295.27,104,0
2016-05-17,16:25:00,296.21,296.21,296.21,296.21,104,0
2016-05-19,21:35:00,293.33,293.33,293.33,293.33,104,0
2016-05-20,17:10:00,302.58,302.59,302.58,302.59,212,0
2016-05-20,17:15:00,302.59,302.59,302.59,302.59,212,0
2016-05-23,16:20:00,302.58,302.58,302.58,302.58,210,0
2016-05-27,15:50:00,299.56,299.56,299.56,299.56,113,0
2016-05-31,18:30:00,306.71,306.71,306.71,306.71,103,0
2016-06-01,16:00:00,300.28,300.28,300.28,300.28,103,0
2016-06-03,16:05:00,299.92,299.92,299.92,299.92,103,0
2016-06-14,16:15:00,297.06,297.06,297.06,297.06,146,0
2016-06-16,16:00:00,279.08,279.08,279.08,279.08,103,0
2016-06-21,16:50:00,300.45,300.45,300.45,300.45,131,0
2016-06-21,18:15:00,302.76,302.76,302.76,302.76,103,0
2016-06-30,15:35:00,306.54,306.54,306.54,306.54,103,0
2016-06-30,15:40:00,305.1,305.1,305.1,305.1,103,0
2016-06-30,16:20:00,304.24,304.24,304.24,304.24,103,0
2016-06-30,16:25:00,304.24,304.24,303.38,303.38,312,0
2016-06-30,16:50:00,304.82,304.83,304.82,304.83,209,0
2016-06-30,16:55:00,306.24,306.24,306.24,306.24,103,0
2016-06-30,17:05:00,307.37,307.37,307.37,307.37,103,0
2016-06-30,17:10:00,307.94,307.94,307.94,307.94,103,0
2016-06-30,17:15:00,311.79,311.79,311.79,311.79,103,0
2016-06-30,17:20:00,311.51,311.51,311.51,311.51,103,0
2016-06-30,17:25:00,310.66,310.66,310.66,310.66,103,0
2016-06-30,18:30:00,312.41,312.41,312.36,312.36,209,0
2016-06-30,20:05:00,312.92,312.92,312.92,312.92,103,0
2016-06-30,20:55:00,309.07,309.07,309.07,309.07,103,0
2016-06-30,22:00:00,310.76,310.76,310.76,310.76,103,0
2016-07-06,15:35:00,311.81,311.81,311.81,311.81,209,0
2016-07-06,15:45:00,307.65,307.65,307.65,307.65,103,0
2016-07-20,15:55:00,315.01,315.01,315.01,315.01,103,0
2016-07-20,19:25:00,322.37,322.37,322.37,322.37,103,0
2016-07-22,19:25:00,321.02,321.02,321.02,321.02,103,0
2016-07-22,19:35:00,320.92,320.92,320.92,320.92,103,0
2016-07-28,17:00:00,311.48,311.48,311.25,311.25,209,0
2016-07-28,19:05:00,315.91,315.91,315.91,315.91,103,0
2016-07-28,21:40:00,316.19,316.19,316.19,316.19,103,0
2016-07-29,15:35:00,316.37,316.37,316.37,316.37,103,0
2016-08-10,19:25:00,315.42,315.42,315.42,315.42,103,0
2016-08-10,21:45:00,313.41,313.41,313.37,313.37,312,0
2016-08-11,16:00:00,313.31,313.31,313.31,313.31,116,0
2016-08-11,16:15:00,312.03,312.03,312.03,312.03,205,0
2016-08-11,17:30:00,308.49,308.49,308.49,308.49,103,0
2016-08-24,17:10:00,308.08,308.08,308.08,308.08,103,0
2016-08-24,21:05:00,310.45,310.45,310.45,310.45,103,0
2016-08-26,19:30:00,303.68,303.68,303.68,303.68,103,0
2016-08-29,15:40:00,303.46,305.14,303.46,305.14,415,0
2016-08-29,15:45:00,301.29,301.29,300.16,300.16,209,0
2016-08-29,15:55:00,300.77,300.77,300.77,300.77,103,0
2016-08-29,16:10:00,301.64,301.64,301.64,301.64,103,0
2016-09-06,20:00:00,271.85,271.85,271.85,271.85,102,0
2016-09-06,20:40:00,269.89,269.89,269.89,269.89,102,0
2016-09-06,20:55:00,269.89,269.89,269.89,269.89,102,0
2016-09-06,21:50:00,267.95,267.95,267.95,267.95,447,0
2016-09-06,22:00:00,265.87,265.87,265.87,265.87,206,0
2016-09-07,16:20:00,269.82,269.82,269.82,269.82,102,0
2016-09-08,21:40:00,265.85,265.85,265.85,265.85,102,0
2016-09-08,21:45:00,265.51,265.51,265.51,265.51,206,0
2016-09-08,21:50:00,265.51,265.51,265.51,265.51,102,0
2016-09-12,17:05:00,266.55,267.86,266.55,267.86,308,0
2016-09-12,17:15:00,267.96,267.96,267.96,267.96,206,0
2016-09-12,19:40:00,266.07,266.07,266.04,266.04,308,0
2016-09-12,20:15:00,266.89,266.89,266.89,266.89,206,0
2016-09-14,15:40:00,265.72,265.72,265.72,265.72,206,0
2016-09-20,18:30:00,272.93,272.93,272.93,272.93,134,0
2016-10-04,19:25:00,292.27,292.27,292.27,292.27,102,0
2016-10-07,16:00:00,296.79,296.79,296.79,296.79,102,0
2016-10-07,21:10:00,294.95,294.95,294.95,294.95,102,0
2016-10-11,21:30:00,305.7,305.98,305.7,305.98,10264,0
2016-10-12,16:30:00,304.14,304.14,304.14,304.14,5132,0
2016-10-12,16:40:00,304.82,304.82,304.82,304.82,5132,0
2016-10-18,15:40:00,302.49,302.49,302.49,302.49,102,0
2016-10-18,17:55:00,302.14,302.14,302.14,302.14,102,0
2016-10-18,18:00:00,302.54,302.54,302.54,302.54,102,0
2016-10-18,21:20:00,300.5,301.39,300.5,301.39,206,0
2016-10-19,17:15:00,300.62,300.62,300.62,300.62,102,0
2016-10-19,17:30:00,300.91,300.91,300.91,300.91,102,0
2016-10-27,21:30:00,289.82,289.82,289.82,289.82,102,0
2016-11-02,15:25:00,287.44,287.44,287.44,287.44,102,0
2016-11-02,16:30:00,280.95,280.95,280.95,280.95,102,0
2016-11-02,16:35:00,280.91,282.24,280.91,282.24,206,0
2016-11-03,14:35:00,282.23,282.23,282.23,282.23,102,0
2016-11-03,14:40:00,282.33,282.33,282.33,282.33,102,0
2016-11-03,19:45:00,280.7,280.7,280.7,280.7,102,0
2016-11-03,20:45:00,282.73,282.73,282.73,282.73,102,0
2016-11-07,19:35:00,293.28,293.28,293.28,293.28,102,0
2016-11-14,15:35:00,303.02,303.02,303.02,303.02,102,0
2016-11-21,21:00:00,309.62,309.62,309.14,309.61,410,0
2016-11-21,21:10:00,309.14,309.61,309.14,309.61,206,0
2016-11-21,21:50:00,308.78,308.78,308.78,308.78,206,0
2016-11-28,20:45:00,316.53,316.53,316.53,316.53,206,0
2016-12-06,20:45:00,326.75,326.75,326.75,326.75,203,0
2016-12-06,20:50:00,326.75,326.75,326.75,326.75,203,0
2016-12-06,21:10:00,326.66,326.66,326.66,326.66,203,0
2016-12-07,16:25:00,327.31,327.31,327.3,327.3,203,0
2016-12-07,16:55:00,323.92,325.77,323.92,325.77,203,0
2016-12-07,21:40:00,330.69,330.69,330.69,330.69,101,0
2016-12-07,21:45:00,330.8,330.8,330.8,330.8,101,0
2016-12-07,22:00:00,328.77,328.77,328.73,328.73,203,0
2016-12-08,22:00:00,339.08,339.08,339.08,339.08,101,0
2016-12-12,21:00:00,336.82,336.82,336.82,336.82,101,0
2016-12-13,17:50:00,336.37,336.37,336.37,336.37,101,0
2016-12-14,20:40:00,335.17,335.17,335.17,335.17,101,0
2016-12-14,21:20:00,333.52,333.52,333.52,333.52,203,0
2016-12-15,20:10:00,342.55,342.55,342.55,342.55,101,0
2016-12-15,21:00:00,340.75,340.75,340.75,340.75,203,0
2016-12-15,21:05:00,340.76,340.76,340.76,340.76,101,0
2016-12-19,16:10:00,343.04,343.04,343.04,343.04,101,0
2016-12-19,18:45:00,354.65,354.65,354.65,354.65,101,0
2016-12-19,19:15:00,355.82,355.82,355.82,355.82,101,0
2016-12-20,15:45:00,364.29,364.29,364.29,364.29,101,0
2016-12-20,15:55:00,367.23,367.72,367.23,367.72,203,0
2016-12-20,16:00:00,367.38,367.38,367.38,367.38,101,0
2016-12-20,16:05:00,367.72,369.7,367.72,369.7,203,0
2016-12-20,17:20:00,361.26,361.26,360.94,360.94,203,0
2016-12-20,18:30:00,365.08,365.08,365.08,365.08,101,0
2016-12-20,19:45:00,367.18,367.18,367.18,367.18,101,0
2016-12-20,20:35:00,369.03,369.03,369.03,369.03,101,0
2016-12-20,21:45:00,376.61,376.61,376.61,376.61,101,0
2016-12-21,20:20:00,364.24,364.24,364.24,364.24,101,0
2016-12-22,20:05:00,353.38,353.38,353.38,353.38,101,0
2016-12-27,20:20:00,368.74,368.74,368.74,368.74,304,0
2017-01-04,15:35:00,360.59,360.59,360.59,360.59,101,0
2017-01-06,17:40:00,379.63,379.67,379.63,379.67,405,0
2017-01-12,18:05:00,378.5,378.53,373.83,376.81,405,0
2017-01-12,19:40:00,377.1,377.1,377.1,377.1,101,0
2017-01-17,20:15:00,379.21,379.21,379.21,379.21,177,0
2017-01-18,19:20:00,374.79,374.79,374.79,374.79,101,0
2017-01-18,20:45:00,375.13,375.13,375.13,375.13,203,0
2017-01-18,20:50:00,375.13,375.13,375.13,375.13,101,0
2017-01-18,21:05:00,375.13,375.13,375.13,375.13,101,0
2017-01-24,19:20:00,347.26,347.61,347.26,347.61,405,0
2017-02-09,21:25:00,345.01,345.05,345.01,345.05,304,0
2017-02-09,21:45:00,345.07,345.07,345.07,345.07,405,0
2017-02-22,17:30:00,330.7,330.7,330.7,330.7,101,0
2017-02-22,18:45:00,331.33,331.33,331.33,331.33,101,0
2017-02-23,15:45:00,336.44,336.44,336.44,336.44,203,0
2017-02-23,16:25:00,340.58,340.58,340.58,340.58,101,0
2017-02-23,17:00:00,334.13,334.13,334.13,334.13,101,0
2017-02-23,17:25:00,327.76,327.76,327.74,327.74,203,0
2017-02-23,17:50:00,324.85,324.85,324.7,324.7,388,0
2017-02-28,19:00:00,313.33,313.33,313.33,313.33,200,0
2017-02-28,19:35:00,310,310,310,310,100,0
2017-03-03,17:20:00,300,300,300,300,161,0
2017-03-13,19:45:00,313,313,313,313,200,0
2017-03-13,20:50:00,313,313,313,313,100,0
2017-03-15,15:40:00,321,321,321,321,100,0
2017-03-21,17:10:00,319,319,319,319,100,0
2017-03-30,17:40:00,336,336,336,336,100,0
2017-03-31,18:45:00,345,345,345,345,100,0
2017-04-03,15:40:00,345.52,345.52,345.52,345.52,100,0
2017-04-03,22:00:00,343.54,343.54,342.5,342.5,200,0
2017-04-05,17:50:00,351.26,351.26,351.26,351.26,300,0
2017-04-07,16:25:00,351.25,351.25,351.25,351.25,200,0
2017-04-07,17:45:00,343.55,343.55,343.55,343.55,400,0
2017-04-07,20:20:00,345.5,345.5,345.5,345.5,150,0
2017-04-07,20:30:00,345,345,345,345,600,0
2017-04-10,16:05:00,354,354,354,354,100,0
2017-06-20,18:40:00,372,372,372,372,100,0
2017-06-30,15:45:00,388.37,388.37,388.37,388.37,100,0
2017-06-30,17:10:00,386,386,386,386,100,0
2017-06-30,17:50:00,386,386,386,386,300,0
2017-06-30,21:30:00,386,386,386,386,100,0
2017-07-13,21:35:00,383.596,383.596,383.596,383.596,1000,0
2017-08-21,21:50:00,356.41,356.41,356.41,356.41,100,0
2017-08-25,21:25:00,360,360,360,360,700,0
2017-08-28,16:20:00,360,360,360,360,100,0
2017-08-30,21:40:00,375,375,375,375,787,0
2017-09-06,21:50:00,361.93,361.93,361.93,361.93,100,0
2017-09-08,21:40:00,348.55,348.55,348.55,348.55,100,0
2017-09-13,21:55:00,348,348,348,348,100,0
2017-09-26,21:00:00,359,359,359,359,200,0
2017-09-26,21:45:00,359,359,359,359,100,0
2017-10-04,19:45:00,394,394,394,394,2500,0
2017-10-05,16:40:00,396.22,396.22,396.22,396.22,100,0
2017-10-09,18:50:00,392,392,392,392,100,0
2017-10-09,19:30:00,397.23,397.23,397.23,397.23,100,0
2017-10-11,21:30:00,396.58,396.58,395.6801,395.6801,200,0
2017-10-12,15:45:00,393.05,393.05,393.05,393.05,100,0
2017-10-12,18:00:00,395,395,395,395,100,0
2017-10-18,18:55:00,394.5,394.5,394.5,394.5,113,0
2017-10-26,20:00:00,415.96,415.96,415.96,415.96,100,0
2017-10-27,20:45:00,434.87,434.87,434.87,434.87,100,0
2017-10-31,16:40:00,420.928,420.928,420.928,420.928,2629,0
2017-11-02,20:55:00,375.12,375.12,375.12,375.12,194,0
2017-11-03,14:45:00,372.03,372.03,372.03,372.03,100,0
2017-11-03,16:00:00,355.05,355.05,355.05,355.05,152,0
2017-11-07,16:35:00,380,380,380,380,200,0
2017-11-09,21:05:00,381.29,381.29,381.29,381.29,181,0
2017-11-29,21:15:00,426.5,426.5,426.5,426.5,100,0
2017-12-06,20:35:00,422.79,422.79,422.79,422.79,100,0
