Date,Time,Open,High,Low,Close,Volume,OpenInt
2017-11-17,15:35:00,18.6,18.6,18.6,18.6,5963,0
2017-11-17,15:40:00,18.55,18.55,18.55,18.55,100,0
2017-11-17,15:45:00,18.6,18.6003,18.6,18.6003,300,0
2017-11-17,15:50:00,18.625,18.625,18.625,18.625,100,0
2017-11-17,15:55:00,18.65,18.675,18.65,18.65,1400,0
2017-11-17,16:00:00,18.65,18.65,18.65,18.65,2100,0
2017-11-17,16:10:00,18.65,18.675,18.65,18.675,4834,0
2017-11-17,16:15:00,18.6501,18.6501,18.65,18.65,204,0
2017-11-17,16:20:00,18.65,18.715,18.65,18.65,2868,0
2017-11-17,16:25:00,18.7,18.7,18.7,18.7,100,0
2017-11-17,16:35:00,18.7,18.7,18.7,18.7,100,0
2017-11-17,16:40:00,18.675,18.675,18.675,18.675,100,0
2017-11-17,16:45:00,18.65,18.65,18.65,18.65,500,0
2017-11-17,16:50:00,18.65,18.7,18.65,18.65,3150,0
2017-11-17,16:55:00,18.65,18.675,18.65,18.65,1000,0
2017-11-17,17:00:00,18.65,18.65,18.65,18.65,3319,0
2017-11-17,17:05:00,18.675,18.675,18.65,18.65,200,0
2017-11-17,17:10:00,18.675,18.675,18.675,18.675,200,0
2017-11-17,17:15:00,18.675,18.675,18.675,18.675,300,0
2017-11-17,17:20:00,18.65,18.65,18.65,18.65,100,0
2017-11-17,17:25:00,18.65,18.65,18.65,18.65,100,0
2017-11-17,17:30:00,18.65,18.65,18.65,18.65,100,0
2017-11-17,17:35:00,18.675,18.675,18.675,18.675,100,0
2017-11-17,17:40:00,18.675,18.675,18.675,18.675,700,0
2017-11-17,17:45:00,18.675,18.675,18.675,18.675,200,0
2017-11-17,17:50:00,18.675,18.675,18.675,18.675,100,0
2017-11-17,17:55:00,18.7,18.7,18.65,18.65,10414,0
2017-11-17,18:00:00,18.6658,18.7,18.6658,18.7,1200,0
2017-11-17,18:05:00,18.675,18.675,18.675,18.675,200,0
2017-11-17,18:10:00,18.65,18.675,18.65,18.65,12960,0
2017-11-17,18:20:00,18.675,18.6792,18.65,18.65,900,0
2017-11-17,18:25:00,18.65,18.675,18.65,18.65,400,0
2017-11-17,18:35:00,18.675,18.675,18.675,18.675,100,0
2017-11-17,18:40:00,18.675,18.6773,18.65,18.6773,764,0
2017-11-17,18:45:00,18.65,18.675,18.65,18.675,300,0
2017-11-17,18:50:00,18.675,18.675,18.675,18.675,100,0
2017-11-17,18:55:00,18.65,18.65,18.65,18.65,200,0
2017-11-17,19:00:00,18.675,18.675,18.675,18.675,100,0
2017-11-17,19:05:00,18.65,18.675,18.65,18.667,600,0
2017-11-17,19:10:00,18.675,18.675,18.675,18.675,100,0
2017-11-17,19:15:00,18.675,18.675,18.625,18.65,11915,0
2017-11-17,19:20:00,18.6501,18.6501,18.65,18.65,200,0
2017-11-17,19:25:00,18.675,18.675,18.675,18.675,200,0
2017-11-17,19:30:00,18.675,18.675,18.65,18.65,200,0
2017-11-17,19:35:00,18.7,18.7,18.65,18.675,300,0
2017-11-17,19:45:00,18.7,18.7,18.65,18.675,13099,0
2017-11-17,19:50:00,18.65,18.65,18.65,18.65,100,0
2017-11-17,19:55:00,18.6657,18.6657,18.65,18.65,597,0
2017-11-17,20:05:00,18.675,18.675,18.65,18.675,400,0
2017-11-17,20:10:00,18.65,18.65,18.65,18.65,677,0
2017-11-17,20:15:00,18.65,18.675,18.65,18.65,400,0
2017-11-17,20:20:00,18.65,18.65,18.65,18.65,345,0
2017-11-17,20:25:00,18.65,18.675,18.65,18.65,1400,0
2017-11-17,20:30:00,18.65,18.65,18.65,18.65,100,0
2017-11-17,20:35:00,18.675,18.675,18.675,18.675,600,0
2017-11-17,20:40:00,18.675,18.675,18.65,18.675,400,0
2017-11-17,20:45:00,18.675,18.7,18.65,18.675,1400,0
2017-11-17,20:50:00,18.65,18.675,18.65,18.675,200,0
2017-11-17,20:55:00,18.6882,18.7,18.65,18.675,1300,0
2017-11-17,21:00:00,18.6657,18.6657,18.6657,18.6657,118,0
2017-11-17,21:10:00,18.675,18.675,18.675,18.675,100,0
2017-11-17,21:15:00,18.675,18.675,18.675,18.675,300,0
2017-11-17,21:20:00,18.675,18.675,18.65,18.675,300,0
2017-11-17,21:25:00,18.65,18.675,18.65,18.65,5921,0
2017-11-17,21:30:00,18.65,18.675,18.6,18.65,1600,0
2017-11-17,21:35:00,18.65,18.675,18.65,18.65,600,0
2017-11-17,21:40:00,18.65,18.65,18.65,18.65,100,0
2017-11-17,21:45:00,18.65,18.675,18.65,18.65,1000,0
2017-11-17,21:50:00,18.7,18.7,18.65,18.6501,1822,0
2017-11-17,21:55:00,18.65,18.7,18.65,18.7,2100,0
2017-11-17,22:00:00,18.7,18.7,18.6,18.6,56707,0
2017-11-20,15:35:00,18.7,18.7,18.6,18.7,4883,0
2017-11-20,15:40:00,18.6767,18.6767,18.675,18.675,1100,0
2017-11-20,15:45:00,18.675,18.7,18.675,18.675,99500,0
2017-11-20,15:50:00,18.65,18.6949,18.65,18.6949,530,0
2017-11-20,15:55:00,18.6767,18.6767,18.65,18.65,500,0
2017-11-20,16:00:00,18.65,18.675,18.65,18.675,400,0
2017-11-20,16:05:00,18.7,18.7,18.65,18.675,500,0
2017-11-20,16:10:00,18.675,18.675,18.65,18.65,213,0
2017-11-20,16:15:00,18.65,18.65,18.625,18.625,1361,0
2017-11-20,16:20:00,18.65,18.7,18.625,18.7,3425,0
2017-11-20,16:25:00,18.675,18.75,18.675,18.75,3116,0
2017-11-20,16:30:00,18.75,18.85,18.7249,18.85,19100,0
2017-11-20,16:35:00,18.825,18.9,18.825,18.9,1500,0
2017-11-20,16:40:00,18.9,18.9,18.8501,18.8501,724,0
2017-11-20,16:45:00,18.85,18.9,18.85,18.9,300,0
2017-11-20,16:50:00,18.875,18.9,18.85,18.9,500,0
2017-11-20,16:55:00,18.9,18.925,18.85,18.85,10100,0
2017-11-20,17:00:00,18.875,18.875,18.8,18.85,1732,0
2017-11-20,17:05:00,18.825,18.825,18.825,18.825,100,0
2017-11-20,17:10:00,18.825,18.8359,18.8,18.8359,1300,0
2017-11-20,17:15:00,18.85,18.85,18.825,18.825,1000,0
2017-11-20,17:20:00,18.85,18.925,18.85,18.9,6926,0
2017-11-20,17:25:00,18.9,18.9,18.85,18.85,1400,0
2017-11-20,17:30:00,18.888,18.9,18.85,18.9,491,0
2017-11-20,17:35:00,18.9,18.9,18.85,18.9,700,0
2017-11-20,17:40:00,18.9,18.9,18.875,18.9,1000,0
2017-11-20,17:45:00,18.88,18.9,18.85,18.85,1337,0
2017-11-20,17:50:00,18.8717,18.9,18.85,18.87,1200,0
2017-11-20,17:55:00,18.875,18.875,18.8,18.8,1369,0
2017-11-20,18:00:00,18.85,18.9,18.85,18.875,1600,0
2017-11-20,18:05:00,18.875,18.875,18.875,18.875,100,0
2017-11-20,18:10:00,18.875,18.875,18.875,18.875,100,0
2017-11-20,18:15:00,18.8616,18.8616,18.8616,18.8616,100,0
2017-11-20,18:20:00,18.875,18.875,18.85,18.85,300,0
2017-11-20,18:25:00,18.85,18.85,18.85,18.85,166,0
2017-11-20,18:30:00,18.875,18.9,18.85,18.9,1450,0
2017-11-20,18:40:00,18.85,18.875,18.85,18.85,700,0
2017-11-20,18:50:00,18.85,18.85,18.85,18.85,800,0
2017-11-20,18:55:00,18.85,18.875,18.85,18.875,200,0
2017-11-20,19:00:00,18.85,18.875,18.85,18.85,500,0
2017-11-20,19:05:00,18.875,18.875,18.875,18.875,300,0
2017-11-20,19:10:00,18.85,18.875,18.85,18.875,302,0
2017-11-20,19:20:00,18.875,18.875,18.875,18.875,100,0
2017-11-20,19:25:00,18.85,18.85,18.85,18.85,100,0
2017-11-20,19:30:00,18.875,18.9,18.85,18.875,1700,0
2017-11-20,19:35:00,18.85,18.875,18.85,18.875,310,0
2017-11-20,19:40:00,18.875,18.9,18.85,18.9,1010,0
2017-11-20,19:45:00,18.875,18.875,18.85,18.875,300,0
2017-11-20,19:50:00,18.875,18.875,18.875,18.875,200,0
2017-11-20,19:55:00,18.9,18.9,18.85,18.85,300,0
2017-11-20,20:00:00,18.85,18.9,18.85,18.9,842,0
2017-11-20,20:05:00,18.85,18.85,18.85,18.85,100,0
2017-11-20,20:10:00,18.85,18.875,18.85,18.875,700,0
2017-11-20,20:15:00,18.85,18.85,18.85,18.85,200,0
2017-11-20,20:20:00,18.875,18.875,18.875,18.875,100,0
2017-11-20,20:25:00,18.9,18.9,18.85,18.875,700,0
2017-11-20,20:30:00,18.9,18.9,18.875,18.875,2100,0
2017-11-20,20:35:00,18.875,18.9,18.875,18.9,1000,0
2017-11-20,20:40:00,18.9,18.9,18.875,18.9,800,0
2017-11-20,20:45:00,18.875,18.875,18.85,18.85,200,0
2017-11-20,20:50:00,18.85,18.9,18.85,18.875,500,0
2017-11-20,20:55:00,18.85,18.9,18.85,18.85,2219,0
2017-11-20,21:00:00,18.85,18.875,18.85,18.85,500,0
2017-11-20,21:05:00,18.85,18.85,18.85,18.85,200,0
2017-11-20,21:10:00,18.875,18.9,18.85,18.875,700,0
2017-11-20,21:15:00,18.85,18.8781,18.85,18.85,784,0
2017-11-20,21:20:00,18.85,18.9,18.85,18.875,2300,0
2017-11-20,21:25:00,18.85,18.85,18.85,18.85,201,0
2017-11-20,21:30:00,18.875,18.9,18.85,18.85,744,0
2017-11-20,21:35:00,18.875,18.9,18.85,18.85,1200,0
2017-11-20,21:40:00,18.9,18.9,18.85,18.85,4365,0
2017-11-20,21:45:00,18.85,18.875,18.85,18.85,700,0
2017-11-20,21:50:00,18.85,18.9,18.85,18.8875,1500,0
2017-11-20,21:55:00,18.875,18.9,18.85,18.85,8941,0
2017-11-20,22:00:00,18.875,18.9,18.85,18.85,25176,0
2017-11-21,15:35:00,18.95,19.05,18.9,19.05,7298,0
2017-11-21,15:40:00,19.05,19.05,18.95,18.975,7560,0
2017-11-21,15:45:00,18.95,18.95,18.95,18.95,200,0
2017-11-21,15:50:00,18.95,18.975,18.95,18.975,1000,0
2017-11-21,15:55:00,19,19,18.95,18.95,2700,0
2017-11-21,16:00:00,18.975,19.05,18.975,19.05,1046,0
2017-11-21,16:05:00,19.025,19.05,19,19,700,0
2017-11-21,16:10:00,19,19.075,19,19.075,1200,0
2017-11-21,16:15:00,19.075,19.075,19,19,1772,0
2017-11-21,16:20:00,19.05,19.05,19,19.05,2300,0
2017-11-21,16:25:00,19.05,19.05,19.05,19.05,100,0
2017-11-21,16:30:00,19,19.05,19,19.025,2800,0
2017-11-21,16:35:00,19.025,19.1,19.025,19.075,4317,0
2017-11-21,16:40:00,19.05,19.05,18.95,18.95,5962,0
2017-11-21,16:45:00,18.95,19,18.95,18.95,700,0
2017-11-21,16:50:00,18.95,18.975,18.95,18.95,1400,0
2017-11-21,16:55:00,18.95,19,18.95,18.95,800,0
2017-11-21,17:00:00,18.975,19,18.95,18.95,1400,0
2017-11-21,17:05:00,18.975,18.975,18.95,18.95,500,0
2017-11-21,17:10:00,18.95,18.975,18.95,18.975,400,0
2017-11-21,17:15:00,19,19,18.95,18.95,200,0
2017-11-21,17:20:00,18.9791,19,18.95,18.95,700,0
2017-11-21,17:25:00,19,19,18.95,18.975,1900,0
2017-11-21,17:30:00,18.975,18.975,18.95,18.95,400,0
2017-11-21,17:35:00,18.964,18.964,18.964,18.964,700,0
2017-11-21,17:40:00,18.975,18.975,18.95,18.95,1100,0
2017-11-21,17:45:00,18.95,18.95,18.9,18.9,1608,0
2017-11-21,17:50:00,18.925,19,18.9,18.95,9208,0
2017-11-21,18:00:00,18.95,18.95,18.95,18.95,100,0
2017-11-21,18:05:00,18.95,18.95,18.95,18.95,200,0
2017-11-21,18:10:00,18.95,18.95,18.95,18.95,2737,0
2017-11-21,18:15:00,18.95,18.95,18.925,18.95,4160,0
2017-11-21,18:20:00,18.975,18.975,18.975,18.975,100,0
2017-11-21,18:25:00,19,19,18.9739,18.975,500,0
2017-11-21,18:30:00,18.975,18.975,18.95,18.975,1214,0
2017-11-21,18:35:00,18.975,18.975,18.95,18.95,400,0
2017-11-21,18:45:00,18.95,19.0999,18.95,19.075,33253,0
2017-11-21,18:50:00,19.075,19.1,19.05,19.1,10200,0
2017-11-21,18:55:00,19.075,19.075,19.05,19.075,500,0
2017-11-21,19:00:00,19.1,19.15,19.075,19.1,7672,0
2017-11-21,19:05:00,19.05,19.15,19.05,19.1,5569,0
2017-11-21,19:15:00,19.1,19.125,19.1,19.125,700,0
2017-11-21,19:20:00,19.1,19.125,19.1,19.125,600,0
2017-11-21,19:25:00,19.1,19.1,19.1,19.1,300,0
2017-11-21,19:30:00,19.1,19.1,19.05,19.05,1162,0
2017-11-21,19:35:00,19.075,19.075,19.05,19.05,250,0
2017-11-21,19:40:00,19.075,19.075,19.05,19.05,800,0
2017-11-21,19:45:00,19.05,19.05,19.05,19.05,200,0
2017-11-21,19:50:00,19.051,19.075,19,19,5349,0
2017-11-21,19:55:00,19,19,19,19,200,0
2017-11-21,20:00:00,19.025,19.025,19,19.0249,650,0
2017-11-21,20:05:00,19,19.05,19,19,500,0
2017-11-21,20:10:00,19.025,19.025,19.025,19.025,200,0
2017-11-21,20:15:00,19.05,19.1,19.05,19.1,5905,0
2017-11-21,20:20:00,19.125,19.125,19.1,19.1001,700,0
2017-11-21,20:25:00,19.125,19.125,19.1,19.1,700,0
2017-11-21,20:30:00,19.1,19.125,19.1,19.1,737,0
2017-11-21,20:35:00,19.1,19.125,19.1,19.1,800,0
2017-11-21,20:40:00,19.1,19.125,19.1,19.1,1100,0
2017-11-21,20:45:00,19.125,19.125,19.1,19.1,900,0
2017-11-21,20:50:00,19.1,19.1,19.1,19.1,400,0
2017-11-21,20:55:00,19.125,19.125,19.1,19.125,800,0
2017-11-21,21:00:00,19.125,19.125,19.1,19.1,1014,0
2017-11-21,21:05:00,19.1,19.125,19.1,19.1,1300,0
2017-11-21,21:10:00,19.1,19.125,19.1,19.1,2834,0
2017-11-21,21:15:00,19.1,19.125,19.05,19.05,4282,0
2017-11-21,21:20:00,19.1,19.1,19.05,19.075,600,0
2017-11-21,21:25:00,19.05,19.075,19.05,19.075,900,0
2017-11-21,21:30:00,19.075,19.075,19.05,19.05,825,0
2017-11-21,21:35:00,19.05,19.1,19.05,19.05,5387,0
2017-11-21,21:40:00,19.05,19.075,19.05,19.075,959,0
2017-11-21,21:45:00,19.0622,19.1,19.05,19.075,1600,0
2017-11-21,21:50:00,19.075,19.125,19.05,19.1,27967,0
2017-11-21,21:55:00,19.125,19.125,19.05,19.1,8177,0
2017-11-21,22:00:00,19.075,19.1,19.05,19.1,44515,0
2017-11-22,15:35:00,19.1,19.2,19.1,19.1218,1979,0
2017-11-22,15:45:00,19.1014,19.15,19.1014,19.15,800,0
2017-11-22,15:50:00,19.1,19.15,19.1,19.125,4200,0
2017-11-22,15:55:00,19.125,19.15,19.1,19.125,12322,0
2017-11-22,16:00:00,19.1225,19.15,19.05,19.05,3421,0
2017-11-22,16:05:00,19.1,19.1,19.05,19.1,1200,0
2017-11-22,16:15:00,19.1,19.133,19.1,19.133,375,0
2017-11-22,16:25:00,19.1,19.125,19,19,4610,0
2017-11-22,16:30:00,19.019,19.019,19.019,19.019,400,0
2017-11-22,16:35:00,19.025,19.025,19,19,200,0
2017-11-22,16:40:00,19,19,19,19,100,0
2017-11-22,16:45:00,19.025,19.025,19,19,13400,0
2017-11-22,16:50:00,19,19,19,19,100,0
2017-11-22,16:55:00,19.025,19.025,19,19,200,0
2017-11-22,17:00:00,19,19.05,18.95,19,14587,0
2017-11-22,17:05:00,19.049,19.049,19,19,1480,0
2017-11-22,17:10:00,19,19,19,19,400,0
2017-11-22,17:15:00,19,19,19,19,300,0
2017-11-22,17:20:00,19,19.025,19,19.0144,1958,0
2017-11-22,17:25:00,19,19,19,19,200,0
2017-11-22,17:30:00,19.025,19.05,19,19.025,1372,0
2017-11-22,17:35:00,19,19,19,19,100,0
2017-11-22,17:40:00,19,19.025,19,19,500,0
2017-11-22,17:45:00,19,19,19,19,300,0
2017-11-22,17:50:00,19,19.025,19,19,1501,0
2017-11-22,17:55:00,19.025,19.025,18.975,19,6543,0
2017-11-22,18:00:00,19.025,19.025,19.025,19.025,100,0
2017-11-22,18:05:00,19.025,19.025,19,19,400,0
2017-11-22,18:10:00,19,19.025,19,19,600,0
2017-11-22,18:15:00,19,19.0001,19,19,300,0
2017-11-22,18:20:00,19,19.025,19,19.025,700,0
2017-11-22,18:25:00,19.0159,19.0159,19.0159,19.0159,610,0
2017-11-22,18:30:00,19,19,19,19,500,0
2017-11-22,18:35:00,19,19.025,19,19.025,400,0
2017-11-22,18:40:00,19,19,19,19,2856,0
2017-11-22,18:45:00,19,19,19,19,700,0
2017-11-22,18:50:00,19,19,19,19,100,0
2017-11-22,18:55:00,19.025,19.025,19.0008,19.0008,350,0
2017-11-22,19:00:00,19.025,19.025,19,19,1100,0
2017-11-22,19:05:00,19,19,19,19,400,0
2017-11-22,19:15:00,19,19.025,19,19,600,0
2017-11-22,19:20:00,19,19.0255,19,19.025,1000,0
2017-11-22,19:25:00,19.025,19.025,19,19,1228,0
2017-11-22,19:30:00,19,19,19,19,600,0
2017-11-22,19:35:00,19,19.05,18.95,19,13719,0
2017-11-22,19:40:00,19,19,19,19,200,0
2017-11-22,19:45:00,19,19,19,19,300,0
2017-11-22,19:50:00,19.0158,19.025,19,19,1241,0
2017-11-22,19:55:00,19,19.0142,19,19,1700,0
2017-11-22,20:00:00,19,19.025,19,19,878,0
2017-11-22,20:05:00,19.025,19.025,19,19,200,0
2017-11-22,20:10:00,19.025,19.025,19,19,5915,0
2017-11-22,20:15:00,19,19,18.95,19,35559,0
2017-11-22,20:20:00,19,19.05,19,19.025,9885,0
2017-11-22,20:25:00,19.025,19.025,18.95,19,11312,0
2017-11-22,20:30:00,19,19,19,19,4101,0
2017-11-22,20:35:00,19,19,18.975,19,2100,0
2017-11-22,20:40:00,19,19,19,19,100,0
2017-11-22,20:45:00,18.95,19.025,18.95,19,20697,0
2017-11-22,20:50:00,19,19.05,18.975,19,16878,0
2017-11-22,20:55:00,19,19.025,18.95,19,5868,0
2017-11-22,21:00:00,19,19,18.95,18.95,4003,0
2017-11-22,21:05:00,18.95,19,18.95,19,8194,0
2017-11-22,21:10:00,18.975,19,18.975,19,3200,0
2017-11-22,21:15:00,19,19,18.975,18.975,200,0
2017-11-22,21:20:00,18.95,18.95,18.925,18.95,20144,0
2017-11-22,21:25:00,18.95,18.975,18.95,18.95,1600,0
2017-11-22,21:30:00,19,19,18.95,18.95,200,0
2017-11-22,21:35:00,18.95,18.975,18.95,18.95,1100,0
2017-11-22,21:40:00,18.95,18.95,18.925,18.95,5672,0
2017-11-22,21:45:00,18.95,19,18.95,18.975,4778,0
2017-11-22,21:50:00,18.95,19,18.95,18.95,3019,0
2017-11-22,21:55:00,18.95,18.975,18.95,18.95,3676,0
2017-11-22,22:00:00,18.95,19.05,18.95,18.95,42734,0
2017-11-24,15:35:00,19.15,19.15,19.05,19.1,4961,0
2017-11-24,15:40:00,19,19.1,19,19.05,800,0
2017-11-24,15:45:00,19.075,19.1,19.05,19.075,800,0
2017-11-24,15:50:00,19.05,19.1,19.05,19.1,8052,0
2017-11-24,15:55:00,19.1,19.125,19.025,19.05,5600,0
2017-11-24,16:00:00,19.05,19.05,19.05,19.05,800,0
2017-11-24,16:05:00,19.05,19.05,19.05,19.05,100,0
2017-11-24,16:10:00,19.1,19.1,19.025,19.05,4500,0
2017-11-24,16:15:00,19.1,19.1,19.1,19.1,100,0
2017-11-24,16:25:00,19.05,19.099,19.025,19.025,4132,0
2017-11-24,16:30:00,19,19,19,19,700,0
2017-11-24,16:35:00,19.05,19.05,19,19,400,0
2017-11-24,16:40:00,19,19.025,19,19.025,2800,0
2017-11-24,16:45:00,19,19.025,19,19,300,0
2017-11-24,16:50:00,19,19,18.95,19,13118,0
2017-11-24,17:00:00,18.95,18.95,18.95,18.95,300,0
2017-11-24,17:05:00,18.95,19,18.95,18.975,500,0
2017-11-24,17:10:00,18.95,19,18.95,18.95,1493,0
2017-11-24,17:15:00,18.95,19,18.95,18.95,600,0
2017-11-24,17:20:00,19,19,18.95,18.975,800,0
2017-11-24,17:25:00,18.975,18.975,18.95,18.95,3400,0
2017-11-24,17:30:00,18.95,18.975,18.95,18.95,506,0
2017-11-24,17:35:00,18.975,18.975,18.96,18.96,300,0
2017-11-24,17:40:00,18.975,18.975,18.95,18.975,300,0
2017-11-24,17:45:00,18.95,19,18.95,18.95,1900,0
2017-11-24,17:50:00,19,19,18.95,18.975,700,0
2017-11-24,17:55:00,18.975,18.975,18.95,18.975,600,0
2017-11-24,18:00:00,18.975,19,18.95,18.975,800,0
2017-11-24,18:05:00,18.975,18.975,18.95,18.975,3500,0
2017-11-24,18:10:00,18.975,18.975,18.95,18.975,900,0
2017-11-24,18:15:00,18.975,18.975,18.95,18.95,200,0
2017-11-24,18:20:00,18.975,18.975,18.85,18.9,33873,0
2017-11-24,18:25:00,18.9,18.95,18.9,18.9,1000,0
2017-11-24,18:30:00,18.9,18.95,18.9,18.9,8059,0
2017-11-24,18:35:00,18.925,18.925,18.9,18.9,1378,0
2017-11-24,18:40:00,18.9,18.925,18.9,18.9,1500,0
2017-11-24,18:45:00,18.925,18.95,18.9,18.9,6310,0
2017-11-24,18:50:00,18.925,18.95,18.9,18.9,3900,0
2017-11-24,18:55:00,18.95,19.05,18.9,19.05,26234,0
2017-11-24,19:00:00,19.05,19.05,18.95,19,39625,0
2017-11-24,19:05:00,19,19,19,19,154805,0
2017-11-27,15:35:00,19,19.05,19,19.05,2457,0
2017-11-27,15:45:00,19.05,19.05,19,19,600,0
2017-11-27,15:50:00,19.031,19.031,19.031,19.031,100,0
2017-11-27,15:55:00,19.05,19.05,19.05,19.05,200,0
2017-11-27,16:05:00,19.05,19.05,19.025,19.025,1200,0
2017-11-27,16:10:00,19.0245,19.05,19.0245,19.025,2186,0
2017-11-27,16:15:00,19.05,19.1,19.015,19.05,7033,0
2017-11-27,16:20:00,19.025,19.025,19.025,19.025,200,0
2017-11-27,16:25:00,19.025,19.025,19.025,19.025,100,0
2017-11-27,16:30:00,19,19.025,19,19.025,1300,0
2017-11-27,16:35:00,19,19.075,19,19.075,20163,0
2017-11-27,16:40:00,19.075,19.075,19.05,19.05,300,0
2017-11-27,16:45:00,19.075,19.075,19,19,2716,0
2017-11-27,16:50:00,19,19,19,19,100,0
2017-11-27,16:55:00,19,19,19,19,900,0
2017-11-27,17:00:00,19.025,19.025,19.025,19.025,100,0
2017-11-27,17:05:00,19.025,19.025,19,19,200,0
2017-11-27,17:10:00,19.0286,19.0286,19,19.025,662,0
2017-11-27,17:15:00,19,19.05,19,19,1500,0
2017-11-27,17:20:00,19,19.025,19,19,800,0
2017-11-27,17:25:00,19,19.025,19,19,300,0
2017-11-27,17:30:00,19.025,19.025,19,19,300,0
2017-11-27,17:35:00,19.025,19.025,19,19,400,0
2017-11-27,17:40:00,19,19.05,18.975,19.025,62815,0
2017-11-27,17:50:00,19,19.05,19,19,700,0
2017-11-27,17:55:00,19,19,19,19,200,0
2017-11-27,18:00:00,19.025,19.05,19,19.025,1027,0
2017-11-27,18:05:00,19.025,19.025,19.025,19.025,200,0
2017-11-27,18:10:00,19,19,19,19,600,0
2017-11-27,18:15:00,19.025,19.05,19,19,1580,0
2017-11-27,18:20:00,19.05,19.05,19,19,400,0
2017-11-27,18:25:00,19.025,19.025,19.025,19.025,300,0
2017-11-27,18:30:00,19.05,19.05,19,19,33306,0
2017-11-27,18:35:00,19,19.025,19,19,400,0
2017-11-27,18:40:00,19,19.025,18.975,18.975,8300,0
2017-11-27,18:45:00,18.975,19,18.95,18.95,800,0
2017-11-27,18:50:00,18.95,18.95,18.95,18.95,600,0
2017-11-27,18:55:00,18.975,18.975,18.95,18.95,300,0
2017-11-27,19:00:00,18.95,18.95,18.95,18.95,600,0
2017-11-27,19:05:00,18.975,18.975,18.975,18.975,200,0
2017-11-27,19:10:00,18.95,19.05,18.95,19,9500,0
2017-11-27,19:15:00,19,19.0334,19,19,2502,0
2017-11-27,19:20:00,19,19.025,19,19,600,0
2017-11-27,19:25:00,19,19,19,19,700,0
2017-11-27,19:30:00,19.025,19.05,19,19.05,400,0
2017-11-27,19:35:00,19,19,19,19,100,0
2017-11-27,19:40:00,19.0102,19.0102,19,19,3340,0
2017-11-27,19:50:00,19,19,19,19,200,0
2017-11-27,19:55:00,19,19.025,19,19.025,1200,0
2017-11-27,20:00:00,19,19,19,19,100,0
2017-11-27,20:05:00,19,19.025,19,19.025,1000,0
2017-11-27,20:10:00,19,19,19,19,100,0
2017-11-27,20:15:00,19.025,19.025,19,19,900,0
2017-11-27,20:20:00,19,19.036,19,19.0025,3646,0
2017-11-27,20:25:00,19.025,19.025,19,19,3415,0
2017-11-27,20:30:00,19.025,19.025,19,19.025,8476,0
2017-11-27,20:35:00,19.05,19.05,19,19,5600,0
2017-11-27,20:40:00,19.025,19.025,19,19,900,0
2017-11-27,20:45:00,19,19.025,19,19.025,651,0
2017-11-27,20:50:00,19,19.025,19,19.025,1949,0
2017-11-27,20:55:00,19,19.0336,19,19,12600,0
2017-11-27,21:00:00,19,19.05,19,19.05,28506,0
2017-11-27,21:05:00,19.025,19.05,19,19.05,1390,0
2017-11-27,21:10:00,19,19.05,19,19,2400,0
2017-11-27,21:15:00,19,19.025,19,19.025,900,0
2017-11-27,21:20:00,19,19.025,19,19,1500,0
2017-11-27,21:25:00,19,19,19,19,200,0
2017-11-27,21:30:00,19,19.025,19,19,800,0
2017-11-27,21:35:00,19.025,19.05,19,19.025,30477,0
2017-11-27,21:40:00,19,19.05,18.975,19,29063,0
2017-11-27,21:45:00,19,19.025,19,19,1300,0
2017-11-27,21:50:00,19,19.05,19,19.025,5300,0
2017-11-27,21:55:00,19,19.025,19,19,5200,0
2017-11-27,22:00:00,19,19.05,18.95,19.05,78125,0
2017-11-28,15:35:00,19.1,19.1,19.1,19.1,3268,0
2017-11-28,15:40:00,18.95,19,18.95,19,200,0
2017-11-28,15:45:00,19.05,19.1,19,19.1,1300,0
2017-11-28,15:50:00,19.1,19.1,19,19,1451,0
2017-11-28,15:55:00,19,19.1,19,19.05,700,0
2017-11-28,16:00:00,19.05,19.1,19.05,19.075,700,0
2017-11-28,16:05:00,19.05,19.05,19,19,1487,0
2017-11-28,16:10:00,19,19,18.95,18.975,2145,0
2017-11-28,16:15:00,18.95,18.9673,18.9,18.9,1399,0
2017-11-28,16:20:00,18.9,18.945,18.9,18.925,2315,0
2017-11-28,16:25:00,18.9,18.95,18.9,18.9,6122,0
2017-11-28,16:30:00,18.9,18.9,18.8,18.85,9165,0
2017-11-28,16:35:00,18.85,18.9,18.85,18.85,7910,0
2017-11-28,16:40:00,18.85,18.875,18.825,18.875,1100,0
2017-11-28,16:45:00,18.85,18.875,18.85,18.875,800,0
2017-11-28,16:50:00,18.875,18.925,18.85,18.9,4300,0
2017-11-28,16:55:00,18.9,18.95,18.9,18.9,800,0
2017-11-28,17:00:00,18.9,18.9,18.85,18.85,1786,0
2017-11-28,17:05:00,18.85,18.85,18.85,18.85,400,0
2017-11-28,17:10:00,18.85,18.883,18.85,18.85,1689,0
2017-11-28,17:15:00,18.85,18.85,18.85,18.85,700,0
2017-11-28,17:20:00,18.85,18.85,18.85,18.85,1300,0
2017-11-28,17:25:00,18.85,18.85,18.85,18.85,1400,0
2017-11-28,17:30:00,18.8501,18.9,18.85,18.85,3150,0
2017-11-28,17:35:00,18.875,18.875,18.825,18.85,4700,0
2017-11-28,17:40:00,18.86,18.86,18.85,18.85,3000,0
2017-11-28,17:45:00,18.85,18.85,18.85,18.85,3100,0
2017-11-28,17:50:00,18.85,18.8657,18.85,18.8657,700,0
2017-11-28,17:55:00,18.85,18.9,18.85,18.85,800,0
2017-11-28,18:00:00,18.85,18.85,18.85,18.85,600,0
2017-11-28,18:05:00,18.85,18.9,18.85,18.85,600,0
2017-11-28,18:10:00,18.85,18.875,18.85,18.85,800,0
2017-11-28,18:15:00,18.8851,18.9,18.85,18.85,4800,0
2017-11-28,18:20:00,18.85,18.85,18.85,18.85,1500,0
2017-11-28,18:25:00,18.85,18.875,18.85,18.85,500,0
2017-11-28,18:30:00,18.85,18.875,18.85,18.85,800,0
2017-11-28,18:35:00,18.85,18.85,18.85,18.85,1300,0
2017-11-28,18:40:00,18.85,18.9,18.85,18.85,1100,0
2017-11-28,18:45:00,18.85,18.875,18.85,18.85,600,0
2017-11-28,18:50:00,18.85,18.875,18.85,18.85,800,0
2017-11-28,18:55:00,18.85,18.875,18.85,18.865,1992,0
2017-11-28,19:00:00,18.85,18.875,18.85,18.85,700,0
2017-11-28,19:05:00,18.85,18.85,18.8,18.8,1200,0
2017-11-28,19:10:00,18.82,18.825,18.8,18.825,650,0
2017-11-28,19:15:00,18.825,18.85,18.8,18.8,1400,0
2017-11-28,19:20:00,18.8,18.8,18.8,18.8,400,0
2017-11-28,19:25:00,18.8,18.8,18.8,18.8,800,0
2017-11-28,19:30:00,18.8,18.8,18.775,18.775,3159,0
2017-11-28,19:35:00,18.75,18.8,18.75,18.75,500,0
2017-11-28,19:40:00,18.75,18.7755,18.75,18.75,600,0
2017-11-28,19:45:00,18.75,18.775,18.75,18.75,1230,0
2017-11-28,19:50:00,18.75,18.775,18.75,18.75,400,0
2017-11-28,19:55:00,18.775,18.775,18.75,18.75,400,0
2017-11-28,20:00:00,18.75,18.8,18.75,18.75,700,0
2017-11-28,20:05:00,18.75,18.775,18.75,18.75,800,0
2017-11-28,20:10:00,18.75,18.775,18.7,18.7,5351,0
2017-11-28,20:15:00,18.7,18.75,18.7,18.725,1700,0
2017-11-28,20:20:00,18.725,18.75,18.7,18.725,1000,0
2017-11-28,20:25:00,18.7,18.75,18.7,18.75,12379,0
2017-11-28,20:30:00,18.725,18.75,18.7,18.75,1300,0
2017-11-28,20:35:00,18.725,18.75,18.7,18.7,3840,0
2017-11-28,20:40:00,18.75,18.75,18.7,18.7,1900,0
2017-11-28,20:45:00,18.75,18.775,18.7,18.75,15684,0
2017-11-28,20:50:00,18.75,18.75,18.725,18.75,10800,0
2017-11-28,20:55:00,18.725,18.75,18.7,18.75,4047,0
2017-11-28,21:00:00,18.75,18.75,18.7,18.75,4111,0
2017-11-28,21:05:00,18.72,18.75,18.7,18.725,2410,0
2017-11-28,21:10:00,18.7,18.725,18.7,18.725,400,0
2017-11-28,21:15:00,18.725,18.75,18.65,18.675,6933,0
2017-11-28,21:20:00,18.65,18.7,18.65,18.65,3211,0
2017-11-28,21:25:00,18.7,18.75,18.675,18.725,5436,0
2017-11-28,21:30:00,18.725,18.75,18.7,18.7,2400,0
2017-11-28,21:35:00,18.7,18.75,18.7,18.7,2602,0
2017-11-28,21:40:00,18.7,18.75,18.7,18.7,1900,0
2017-11-28,21:45:00,18.7,18.7,18.65,18.65,14286,0
2017-11-28,21:50:00,18.65,18.7,18.65,18.65,6053,0
2017-11-28,21:55:00,18.675,18.75,18.65,18.75,10835,0
2017-11-28,22:00:00,18.725,18.75,18.7,18.75,33515,0
2017-11-29,15:35:00,18.75,18.9,18.75,18.8,5144,0
2017-11-29,15:40:00,18.85,18.85,18.8,18.85,800,0
2017-11-29,15:45:00,18.85,18.85,18.8,18.8,3217,0
2017-11-29,15:50:00,18.75,18.8,18.75,18.8,4008,0
2017-11-29,15:55:00,18.8,18.8,18.8,18.8,1300,0
2017-11-29,16:00:00,18.75,18.75,18.75,18.75,100,0
2017-11-29,16:05:00,18.75,18.8,18.75,18.8,4000,0
2017-11-29,16:10:00,18.75,18.8,18.725,18.775,62672,0
2017-11-29,16:15:00,18.8,18.9,18.775,18.9,11320,0
2017-11-29,16:20:00,18.85,18.9,18.825,18.9,5053,0
2017-11-29,16:25:00,18.8,18.85,18.8,18.85,1080,0
2017-11-29,16:30:00,18.8,18.85,18.8,18.8,3376,0
2017-11-29,16:35:00,18.8,18.8,18.75,18.75,1100,0
2017-11-29,16:40:00,18.775,18.8,18.75,18.75,11663,0
2017-11-29,16:45:00,18.8,18.8,18.75,18.75,1900,0
2017-11-29,16:50:00,18.775,18.8,18.775,18.8,230,0
2017-11-29,16:55:00,18.7984,18.7984,18.75,18.75,4102,0
2017-11-29,17:00:00,18.775,18.8,18.7,18.75,31747,0
2017-11-29,17:05:00,18.8,18.8,18.8,18.8,148,0
2017-11-29,17:10:00,18.8,18.8,18.8,18.8,100,0
2017-11-29,17:15:00,18.775,18.775,18.75,18.75,1400,0
2017-11-29,17:20:00,18.775,18.8,18.75,18.775,700,0
2017-11-29,17:25:00,18.75,18.75,18.75,18.75,2000,0
2017-11-29,17:30:00,18.8,18.8,18.75,18.75,500,0
2017-11-29,17:35:00,18.75,18.8,18.75,18.8,1600,0
2017-11-29,17:40:00,18.8,18.8,18.75,18.751,420,0
2017-11-29,17:45:00,18.75,18.7755,18.75,18.75,2818,0
2017-11-29,17:50:00,18.75,18.775,18.75,18.775,500,0
2017-11-29,17:55:00,18.8,18.8,18.75,18.75,1800,0
2017-11-29,18:00:00,18.775,18.8,18.75,18.775,2400,0
2017-11-29,18:05:00,18.75,18.8,18.75,18.75,2300,0
2017-11-29,18:10:00,18.775,18.775,18.75,18.775,300,0
2017-11-29,18:15:00,18.775,18.8,18.75,18.775,9470,0
2017-11-29,18:20:00,18.775,18.8,18.75,18.75,600,0
2017-11-29,18:25:00,18.775,18.8,18.775,18.775,500,0
2017-11-29,18:30:00,18.8,18.8,18.75,18.775,400,0
2017-11-29,18:35:00,18.75,18.75,18.75,18.75,1200,0
2017-11-29,18:40:00,18.75,18.75,18.75,18.75,100,0
2017-11-29,18:45:00,18.8,18.8,18.75,18.775,1300,0
2017-11-29,18:50:00,18.775,18.775,18.75,18.75,5375,0
2017-11-29,18:55:00,18.775,18.8,18.775,18.775,600,0
2017-11-29,19:00:00,18.75,18.75,18.75,18.75,240,0
2017-11-29,19:05:00,18.75,18.775,18.75,18.75,1300,0
2017-11-29,19:10:00,18.75,18.775,18.75,18.75,4600,0
2017-11-29,19:15:00,18.8,18.8,18.75,18.75,300,0
2017-11-29,19:20:00,18.75,18.775,18.75,18.775,1972,0
2017-11-29,19:25:00,18.775,18.8,18.75,18.8,603,0
2017-11-29,19:30:00,18.7738,18.8,18.75,18.8,2011,0
2017-11-29,19:35:00,18.75,18.775,18.75,18.775,700,0
2017-11-29,19:40:00,18.75,18.775,18.75,18.775,1400,0
2017-11-29,19:45:00,18.8,18.8,18.75,18.775,800,0
2017-11-29,19:50:00,18.75,18.775,18.75,18.775,1100,0
2017-11-29,19:55:00,18.775,18.8,18.75,18.775,500,0
2017-11-29,20:00:00,18.775,18.8,18.75,18.775,13520,0
2017-11-29,20:05:00,18.775,18.8,18.775,18.775,2800,0
2017-11-29,20:10:00,18.775,18.775,18.75,18.75,600,0
2017-11-29,20:15:00,18.775,18.8,18.75,18.75,2200,0
2017-11-29,20:20:00,18.75,18.775,18.75,18.775,787,0
2017-11-29,20:25:00,18.775,18.775,18.75,18.75,800,0
2017-11-29,20:30:00,18.775,18.8,18.75,18.75,745,0
2017-11-29,20:35:00,18.775,18.8,18.775,18.8,442,0
2017-11-29,20:40:00,18.775,18.8,18.75,18.75,9654,0
2017-11-29,20:45:00,18.775,18.8,18.75,18.75,1069,0
2017-11-29,20:50:00,18.775,18.8,18.75,18.775,5274,0
2017-11-29,20:55:00,18.75,18.775,18.75,18.775,300,0
2017-11-29,21:00:00,18.8,18.8,18.75,18.75,1025,0
2017-11-29,21:05:00,18.75,18.775,18.75,18.75,400,0
2017-11-29,21:10:00,18.8,18.85,18.7501,18.85,30301,0
2017-11-29,21:15:00,18.85,18.9,18.85,18.9,7046,0
2017-11-29,21:20:00,18.9,18.9,18.9,18.9,1000,0
2017-11-29,21:25:00,18.95,18.95,18.925,18.95,700,0
2017-11-29,21:30:00,18.925,18.925,18.875,18.875,11729,0
2017-11-29,21:35:00,18.85,18.9,18.85,18.875,1903,0
2017-11-29,21:40:00,18.85,18.9,18.85,18.9,3321,0
2017-11-29,21:45:00,18.9,18.9,18.85,18.85,1800,0
2017-11-29,21:50:00,18.875,18.9,18.85,18.85,4815,0
2017-11-29,21:55:00,18.9,18.9,18.85,18.875,9192,0
2017-11-29,22:00:00,18.85,18.9,18.85,18.9,31216,0
2017-11-30,15:35:00,19,19.0999,18.95,18.95,8421,0
2017-11-30,15:40:00,19.05,19.05,19.05,19.05,400,0
2017-11-30,15:45:00,19,19,18.925,18.95,5904,0
2017-11-30,15:50:00,18.9082,18.9082,18.9082,18.9082,1100,0
2017-11-30,15:55:00,18.9484,19,18.9484,18.975,7830,0
2017-11-30,16:00:00,18.95,18.95,18.925,18.95,2856,0
2017-11-30,16:05:00,18.95,19,18.925,18.975,1600,0
2017-11-30,16:10:00,18.9565,19,18.9565,19,3100,0
2017-11-30,16:15:00,19,19,19,19,100,0
2017-11-30,16:20:00,18.975,18.975,18.95,18.975,500,0
2017-11-30,16:25:00,18.95,18.95,18.95,18.95,100,0
2017-11-30,16:30:00,18.95,18.975,18.95,18.95,600,0
2017-11-30,16:35:00,19,19,18.95,18.95,1400,0
2017-11-30,16:40:00,18.95,18.975,18.925,18.95,5700,0
2017-11-30,16:45:00,18.95,18.95,18.925,18.925,362,0
2017-11-30,16:50:00,18.925,18.925,18.9,18.9,200,0
2017-11-30,16:55:00,18.95,18.95,18.925,18.925,500,0
2017-11-30,17:00:00,18.95,19,18.95,18.95,4647,0
2017-11-30,17:05:00,19,19.05,18.975,19.05,12291,0
2017-11-30,17:10:00,19.1,19.1,19.1,19.1,500,0
2017-11-30,17:15:00,19.15,19.15,19.1,19.1155,610,0
2017-11-30,17:20:00,19.15,19.15,19.05,19.05,3313,0
2017-11-30,17:25:00,19.05,19.05,19.05,19.05,100,0
2017-11-30,17:30:00,19.05,19.1,19.05,19.05,3700,0
2017-11-30,17:35:00,19.05,19.05,19.05,19.05,200,0
2017-11-30,17:40:00,19.05,19.05,19.05,19.05,2231,0
2017-11-30,17:45:00,19,19.049,19,19.049,569,0
2017-11-30,17:50:00,19,19.0157,19,19.0157,500,0
2017-11-30,17:55:00,19,19,19,19,100,0
2017-11-30,18:00:00,19,19.05,19,19.05,6606,0
2017-11-30,18:05:00,19.05,19.05,19.05,19.05,200,0
2017-11-30,18:10:00,19.05,19.05,19.05,19.05,200,0
2017-11-30,18:15:00,19.05,19.05,19,19,1151,0
2017-11-30,18:20:00,19,19,19,19,300,0
2017-11-30,18:25:00,19,19,19,19,100,0
2017-11-30,18:30:00,19,19,19,19,100,0
2017-11-30,18:35:00,19,19,18.95,18.95,3122,0
2017-11-30,18:40:00,19,19,18.95,18.95,1019,0
2017-11-30,18:45:00,18.95,18.975,18.95,18.975,600,0
2017-11-30,18:50:00,18.95,18.95,18.95,18.95,200,0
2017-11-30,19:00:00,18.95,18.975,18.95,18.975,1000,0
2017-11-30,19:05:00,18.95,18.95,18.925,18.95,1823,0
2017-11-30,19:10:00,18.95,19,18.95,18.975,4035,0
2017-11-30,19:15:00,18.975,19,18.975,19,500,0
2017-11-30,19:20:00,18.975,18.975,18.95,18.95,2707,0
2017-11-30,19:25:00,18.95,18.95,18.95,18.95,100,0
2017-11-30,19:30:00,18.95,18.95,18.95,18.95,100,0
2017-11-30,19:35:00,18.975,18.975,18.95,18.95,1287,0
2017-11-30,19:40:00,18.95,18.95,18.95,18.95,400,0
2017-11-30,19:50:00,19,19,18.95,18.95,1100,0
2017-11-30,19:55:00,18.95,18.95,18.95,18.95,100,0
2017-11-30,20:00:00,18.925,18.925,18.9,18.9,1009,0
2017-11-30,20:05:00,18.9,18.9,18.9,18.9,200,0
2017-11-30,20:10:00,18.9,18.95,18.9,18.9,3300,0
2017-11-30,20:15:00,18.9,18.9,18.85,18.85,1600,0
2017-11-30,20:20:00,18.85,18.866,18.85,18.85,411,0
2017-11-30,20:25:00,18.85,18.85,18.85,18.85,500,0
2017-11-30,20:30:00,18.85,18.875,18.85,18.875,400,0
2017-11-30,20:35:00,18.8842,18.8842,18.85,18.85,1410,0
2017-11-30,20:40:00,18.85,18.85,18.85,18.85,1100,0
2017-11-30,20:45:00,18.875,18.9,18.85,18.875,8214,0
2017-11-30,20:50:00,18.875,18.875,18.85,18.85,200,0
2017-11-30,20:55:00,18.85,18.9,18.85,18.875,800,0
2017-11-30,21:00:00,18.8553,18.8553,18.85,18.85,1904,0
2017-11-30,21:05:00,18.85,18.9,18.85,18.85,2300,0
2017-11-30,21:10:00,18.85,18.85,18.85,18.85,900,0
2017-11-30,21:15:00,18.85,18.875,18.85,18.85,1100,0
2017-11-30,21:20:00,18.85,18.85,18.85,18.85,730,0
2017-11-30,21:25:00,18.85,18.85,18.85,18.85,400,0
2017-11-30,21:30:00,18.85,18.875,18.85,18.85,1900,0
2017-11-30,21:35:00,18.85,18.9,18.85,18.85,800,0
2017-11-30,21:40:00,18.8868,18.9,18.85,18.85,28420,0
2017-11-30,21:45:00,18.875,18.875,18.85,18.85,6271,0
2017-11-30,21:50:00,18.875,18.9,18.85,18.875,13558,0
2017-11-30,21:55:00,18.875,18.9,18.85,18.85,14437,0
2017-11-30,22:00:00,18.85,18.875,18.8,18.8,136352,0
2017-12-01,15:35:00,18.8,18.8,18.55,18.625,6854,0
2017-12-01,15:40:00,18.675,18.7,18.675,18.675,2400,0
2017-12-01,15:45:00,18.65,18.75,18.65,18.6935,2100,0
2017-12-01,15:50:00,18.675,18.675,18.675,18.675,900,0
2017-12-01,15:55:00,18.664,18.664,18.664,18.664,280,0
2017-12-01,16:00:00,18.675,18.75,18.675,18.75,3154,0
2017-12-01,16:05:00,18.7,18.7,18.7,18.7,737,0
2017-12-01,16:10:00,18.732,18.732,18.732,18.732,600,0
2017-12-01,16:15:00,18.725,18.75,18.725,18.75,200,0
2017-12-01,16:20:00,18.7,18.7,18.7,18.7,300,0
2017-12-01,16:25:00,18.7499,18.75,18.7,18.725,2700,0
2017-12-01,16:30:00,18.725,18.75,18.725,18.7321,1900,0
2017-12-01,16:35:00,18.75,18.7977,18.75,18.775,9855,0
2017-12-01,16:40:00,18.75,18.8,18.75,18.7875,1500,0
2017-12-01,16:45:00,18.775,18.8,18.75,18.775,600,0
2017-12-01,16:50:00,18.775,18.8,18.75,18.775,6892,0
2017-12-01,16:55:00,18.775,18.775,18.775,18.775,500,0
2017-12-01,17:00:00,18.775,18.775,18.775,18.775,300,0
2017-12-01,17:05:00,18.775,18.775,18.7,18.75,4871,0
2017-12-01,17:10:00,18.7,18.725,18.55,18.55,2801,0
2017-12-01,17:15:00,18.55,18.55,18.5,18.5,6600,0
2017-12-01,17:20:00,18.5,18.525,18.45,18.5,5200,0
2017-12-01,17:25:00,18.45,18.5,18.45,18.5,3149,0
2017-12-01,17:30:00,18.475,18.475,18.4,18.4,3073,0
2017-12-01,17:35:00,18.425,18.425,18.2,18.25,12601,0
2017-12-01,17:40:00,18.275,18.4,18.275,18.4,6300,0
2017-12-01,17:45:00,18.4,18.45,18.375,18.45,1575,0
2017-12-01,17:50:00,18.45,18.45,18.35,18.375,2046,0
2017-12-01,17:55:00,18.35,18.375,18.35,18.35,8600,0
2017-12-01,18:00:00,18.35,18.375,18.275,18.375,5500,0
2017-12-01,18:05:00,18.375,18.45,18.375,18.45,11199,0
2017-12-01,18:10:00,18.45,18.5,18.425,18.425,4008,0
2017-12-01,18:15:00,18.45,18.475,18.45,18.45,3100,0
2017-12-01,18:20:00,18.45,18.475,18.45,18.45,300,0
2017-12-01,18:25:00,18.475,18.475,18.475,18.475,100,0
2017-12-01,18:30:00,18.475,18.475,18.475,18.475,600,0
2017-12-01,18:35:00,18.45,18.475,18.45,18.475,200,0
2017-12-01,18:40:00,18.475,18.475,18.475,18.475,600,0
2017-12-01,18:45:00,18.475,18.475,18.475,18.475,300,0
2017-12-01,18:50:00,18.45,18.475,18.45,18.475,1000,0
2017-12-01,18:55:00,18.475,18.55,18.475,18.55,9931,0
2017-12-01,19:00:00,18.55,18.55,18.4,18.4,7200,0
2017-12-01,19:05:00,18.45,18.45,18.4,18.4,4800,0
2017-12-01,19:10:00,18.45,18.45,18.4,18.4,1600,0
2017-12-01,19:15:00,18.4,18.425,18.375,18.4,6695,0
2017-12-01,19:20:00,18.4,18.4,18.375,18.4,5400,0
2017-12-01,19:25:00,18.425,18.425,18.4,18.4,400,0
2017-12-01,19:30:00,18.425,18.45,18.35,18.4,8968,0
2017-12-01,19:35:00,18.4,18.45,18.4,18.425,4837,0
2017-12-01,19:40:00,18.425,18.425,18.4,18.425,1400,0
2017-12-01,19:45:00,18.425,18.425,18.425,18.425,300,0
2017-12-01,19:50:00,18.425,18.425,18.4,18.4,1200,0
2017-12-01,19:55:00,18.425,18.425,18.4001,18.4001,600,0
2017-12-01,20:00:00,18.4,18.425,18.4,18.425,400,0
2017-12-01,20:05:00,18.425,18.45,18.4,18.4,3829,0
2017-12-01,20:10:00,18.425,18.45,18.4,18.425,4408,0
2017-12-01,20:15:00,18.425,18.45,18.4,18.4001,6705,0
2017-12-01,20:20:00,18.425,18.5,18.4,18.45,17812,0
2017-12-01,20:25:00,18.475,18.475,18.45,18.475,4000,0
2017-12-01,20:30:00,18.475,18.475,18.45,18.45,4900,0
2017-12-01,20:35:00,18.5,18.5,18.45,18.5,500,0
2017-12-01,20:40:00,18.5,18.5,18.4501,18.4501,2100,0
2017-12-01,20:45:00,18.5,18.5,18.45,18.475,1860,0
2017-12-01,20:50:00,18.5,18.5,18.45,18.5,600,0
2017-12-01,20:55:00,18.45,18.475,18.45,18.45,1300,0
2017-12-01,21:00:00,18.5,18.5,18.45,18.45,2400,0
2017-12-01,21:05:00,18.45,18.5,18.4,18.45,69874,0
2017-12-01,21:10:00,18.475,18.475,18.45,18.45,14566,0
2017-12-01,21:15:00,18.45,18.5,18.45,18.45,21591,0
2017-12-01,21:20:00,18.45,18.55,18.45,18.55,8196,0
2017-12-01,21:25:00,18.55,18.55,18.5,18.525,300,0
2017-12-01,21:30:00,18.55,18.55,18.525,18.525,905,0
2017-12-01,21:35:00,18.55,18.55,18.5,18.5,1500,0
2017-12-01,21:40:00,18.525,18.525,18.5,18.525,2000,0
2017-12-01,21:45:00,18.55,18.55,18.5,18.525,3296,0
2017-12-01,21:50:00,18.5,18.55,18.5,18.55,2669,0
2017-12-01,21:55:00,18.525,18.55,18.5,18.5,5300,0
2017-12-01,22:00:00,18.55,18.55,18.5,18.55,41249,0
2017-12-04,15:35:00,18.7,18.85,18.7,18.8,4555,0
2017-12-04,15:40:00,18.85,18.85,18.7,18.7,1052,0
2017-12-04,15:45:00,18.75,18.75,18.75,18.75,200,0
2017-12-04,15:50:00,18.8,18.8,18.7,18.7,300,0
2017-12-04,15:55:00,18.8,18.9,18.7,18.9,7996,0
2017-12-04,16:00:00,18.875,18.95,18.85,18.9,9790,0
2017-12-04,16:05:00,18.925,18.95,18.925,18.95,300,0
2017-12-04,16:10:00,18.95,18.95,18.9,18.925,700,0
2017-12-04,16:15:00,18.95,18.95,18.95,18.95,1139,0
2017-12-04,16:20:00,18.95,18.95,18.925,18.95,9403,0
2017-12-04,16:25:00,18.9168,18.95,18.9,18.925,2000,0
2017-12-04,16:30:00,18.9,18.95,18.9,18.95,1900,0
2017-12-04,16:35:00,18.925,18.95,18.925,18.95,700,0
2017-12-04,16:40:00,18.95,18.95,18.9,18.95,1413,0
2017-12-04,16:45:00,18.925,18.95,18.85,18.875,11169,0
2017-12-04,16:50:00,18.875,18.9,18.875,18.9,300,0
2017-12-04,16:55:00,18.9,18.95,18.875,18.925,9649,0
2017-12-04,17:00:00,18.95,19,18.925,19,10048,0
2017-12-04,17:05:00,18.975,19,18.975,19,500,0
2017-12-04,17:10:00,19,19,18.95,18.975,4723,0
2017-12-04,17:15:00,18.95,18.975,18.95,18.975,800,0
2017-12-04,17:20:00,19,19,18.95,18.975,600,0
2017-12-04,17:25:00,19,19,18.95,19,800,0
2017-12-04,17:30:00,18.95,19,18.95,18.975,1000,0
2017-12-04,17:35:00,18.95,19,18.95,19,2000,0
2017-12-04,17:40:00,18.975,19,18.95,18.975,2688,0
2017-12-04,17:45:00,19,19,18.975,19,1000,0
2017-12-04,17:50:00,18.975,19,18.975,18.975,800,0
2017-12-04,17:55:00,19,19,18.975,18.975,1800,0
2017-12-04,18:00:00,18.975,19,18.95,18.975,700,0
2017-12-04,18:05:00,19,19,18.95,18.975,800,0
2017-12-04,18:10:00,19,19,18.975,19,500,0
2017-12-04,18:15:00,18.95,18.975,18.95,18.975,1400,0
2017-12-04,18:20:00,18.975,19,18.95,18.95,700,0
2017-12-04,18:25:00,18.975,19,18.95,18.95,932,0
2017-12-04,18:30:00,19,19,18.95,19,600,0
2017-12-04,18:35:00,19,19,18.9,18.9,10501,0
2017-12-04,18:40:00,18.925,18.925,18.925,18.925,100,0
2017-12-04,18:45:00,18.9,18.925,18.9,18.925,600,0
2017-12-04,18:50:00,18.925,18.95,18.9,18.9,500,0
2017-12-04,18:55:00,18.925,18.925,18.8,18.8,5234,0
2017-12-04,19:00:00,18.8,18.8,18.75,18.75,3276,0
2017-12-04,19:05:00,18.75,18.775,18.75,18.75,1100,0
2017-12-04,19:10:00,18.75,18.75,18.7,18.7,1200,0
2017-12-04,19:15:00,18.732,18.75,18.65,18.6875,4362,0
2017-12-04,19:20:00,18.675,18.675,18.65,18.65,2000,0
2017-12-04,19:25:00,18.65,18.675,18.65,18.65,1100,0
2017-12-04,19:30:00,18.65,18.65,18.625,18.65,13466,0
2017-12-04,19:35:00,18.65,18.7,18.65,18.675,7802,0
2017-12-04,19:40:00,18.675,18.7,18.65,18.675,2317,0
2017-12-04,19:45:00,18.7,18.7,18.65,18.65,2100,0
2017-12-04,19:50:00,18.65,18.65,18.6,18.6,7160,0
2017-12-04,19:55:00,18.6253,18.6253,18.6,18.6,2000,0
2017-12-04,20:00:00,18.6,18.625,18.6,18.6,3242,0
2017-12-04,20:05:00,18.625,18.625,18.55,18.55,3799,0
2017-12-04,20:10:00,18.55,18.575,18.5,18.55,5713,0
2017-12-04,20:15:00,18.55,18.55,18.55,18.55,1200,0
2017-12-04,20:20:00,18.55,18.55,18.55,18.55,1113,0
2017-12-04,20:25:00,18.55,18.6,18.525,18.55,8000,0
2017-12-04,20:30:00,18.501,18.501,18.5,18.5,500,0
2017-12-04,20:35:00,18.5,18.55,18.5,18.55,3159,0
2017-12-04,20:40:00,18.55,18.6,18.55,18.575,2859,0
2017-12-04,20:45:00,18.55,18.55,18.55,18.55,1300,0
2017-12-04,20:50:00,18.55,18.5894,18.55,18.55,3500,0
2017-12-04,20:55:00,18.55,18.6,18.525,18.575,8500,0
2017-12-04,21:00:00,18.55,18.6,18.55,18.55,1700,0
2017-12-04,21:05:00,18.55,18.55,18.5,18.55,5943,0
2017-12-04,21:10:00,18.5,18.6,18.5,18.575,5449,0
2017-12-04,21:15:00,18.575,18.6,18.55,18.6,800,0
2017-12-04,21:20:00,18.6,18.6,18.55,18.55,900,0
2017-12-04,21:25:00,18.55,18.6,18.55,18.55,1500,0
2017-12-04,21:30:00,18.55,18.6,18.55,18.55,2591,0
2017-12-04,21:35:00,18.55,18.575,18.518,18.525,9338,0
2017-12-04,21:40:00,18.5,18.525,18.5,18.5,12598,0
2017-12-04,21:45:00,18.5,18.525,18.5,18.525,4772,0
2017-12-04,21:50:00,18.5,18.55,18.475,18.525,13029,0
2017-12-04,21:55:00,18.5,18.525,18.5,18.5,22435,0
2017-12-04,22:00:00,18.5,18.55,18.5,18.55,102708,0
2017-12-05,15:35:00,18.55,18.55,18.55,18.55,1914,0
2017-12-05,15:40:00,18.55,18.55,18.5,18.55,7600,0
2017-12-05,15:45:00,18.55,18.55,18.55,18.55,2000,0
2017-12-05,15:55:00,18.55,18.55,18.475,18.525,17902,0
2017-12-05,16:00:00,18.525,18.525,18.5,18.5,2300,0
2017-12-05,16:05:00,18.525,18.525,18.5,18.5,1159,0
2017-12-05,16:10:00,18.525,18.525,18.525,18.525,400,0
2017-12-05,16:15:00,18.5,18.5,18.5,18.5,200,0
2017-12-05,16:20:00,18.5352,18.5352,18.5,18.525,405,0
2017-12-05,16:25:00,18.5,18.525,18.5,18.525,200,0
2017-12-05,16:30:00,18.5,18.525,18.5,18.5,5400,0
2017-12-05,16:35:00,18.525,18.525,18.5,18.525,700,0
2017-12-05,16:40:00,18.5,18.5,18.5,18.5,200,0
2017-12-05,16:45:00,18.5,18.5335,18.5,18.525,957,0
2017-12-05,16:50:00,18.5,18.5289,18.5,18.525,500,0
2017-12-05,16:55:00,18.5,18.5,18.5,18.5,200,0
2017-12-05,17:00:00,18.525,18.55,18.5,18.5,900,0
2017-12-05,17:05:00,18.525,18.55,18.5,18.5,1800,0
2017-12-05,17:10:00,18.55,18.55,18.525,18.525,700,0
2017-12-05,17:15:00,18.525,18.525,18.525,18.525,700,0
2017-12-05,17:20:00,18.5001,18.525,18.5001,18.525,5500,0
2017-12-05,17:25:00,18.55,18.55,18.5,18.5,200,0
2017-12-05,17:30:00,18.525,18.525,18.525,18.525,500,0
2017-12-05,17:35:00,18.525,18.525,18.525,18.525,100,0
2017-12-05,17:40:00,18.525,18.55,18.5,18.55,3400,0
2017-12-05,17:45:00,18.525,18.525,18.5,18.5,600,0
2017-12-05,17:50:00,18.525,18.525,18.5,18.5,300,0
2017-12-05,17:55:00,18.525,18.55,18.5,18.55,700,0
2017-12-05,18:00:00,18.525,18.55,18.5,18.5,1900,0
2017-12-05,18:05:00,18.525,18.55,18.5,18.5,1568,0
2017-12-05,18:10:00,18.5,18.55,18.5,18.55,200,0
2017-12-05,18:20:00,18.525,18.525,18.525,18.525,400,0
2017-12-05,18:25:00,18.525,18.55,18.525,18.525,400,0
2017-12-05,18:30:00,18.525,18.525,18.501,18.525,1162,0
2017-12-05,18:35:00,18.5,18.5,18.5,18.5,100,0
2017-12-05,18:40:00,18.525,18.525,18.5,18.5,832,0
2017-12-05,18:45:00,18.525,18.525,18.525,18.525,100,0
2017-12-05,18:50:00,18.525,18.55,18.525,18.55,500,0
2017-12-05,18:55:00,18.525,18.55,18.5,18.525,2671,0
2017-12-05,19:05:00,18.525,18.55,18.525,18.55,400,0
2017-12-05,19:10:00,18.525,18.525,18.5,18.5,3300,0
2017-12-05,19:25:00,18.525,18.55,18.5,18.525,1100,0
2017-12-05,19:30:00,18.525,18.525,18.5,18.525,1300,0
2017-12-05,19:35:00,18.525,18.525,18.525,18.525,500,0
2017-12-05,19:40:00,18.5237,18.525,18.5,18.525,4700,0
2017-12-05,19:45:00,18.525,18.525,18.525,18.525,200,0
2017-12-05,19:50:00,18.525,18.525,18.5,18.5,1400,0
2017-12-05,19:55:00,18.55,18.55,18.5,18.525,1100,0
2017-12-05,20:00:00,18.525,18.525,18.5,18.525,300,0
2017-12-05,20:05:00,18.525,18.55,18.525,18.55,400,0
2017-12-05,20:10:00,18.52,18.55,18.5,18.525,1105,0
2017-12-05,20:15:00,18.525,18.55,18.5,18.525,1536,0
2017-12-05,20:20:00,18.5,18.525,18.5,18.525,1300,0
2017-12-05,20:25:00,18.525,18.53,18.5,18.525,1396,0
2017-12-05,20:30:00,18.5,18.5,18.5,18.5,100,0
2017-12-05,20:35:00,18.525,18.525,18.5,18.5,2700,0
2017-12-05,20:40:00,18.5,18.525,18.5,18.525,1300,0
2017-12-05,20:45:00,18.525,18.525,18.5,18.525,1300,0
2017-12-05,20:50:00,18.525,18.5343,18.5,18.5,1600,0
2017-12-05,20:55:00,18.525,18.525,18.5,18.525,1300,0
2017-12-05,21:00:00,18.5,18.533,18.5,18.525,5470,0
2017-12-05,21:05:00,18.525,18.525,18.5,18.525,1400,0
2017-12-05,21:10:00,18.525,18.55,18.5,18.525,1100,0
2017-12-05,21:15:00,18.5,18.55,18.5,18.525,2500,0
2017-12-05,21:20:00,18.525,18.525,18.5,18.525,2800,0
2017-12-05,21:25:00,18.5,18.55,18.5,18.525,1700,0
2017-12-05,21:30:00,18.525,18.55,18.5,18.55,1500,0
2017-12-05,21:35:00,18.5,18.55,18.5,18.525,2712,0
2017-12-05,21:40:00,18.5,18.525,18.5,18.5,2523,0
2017-12-05,21:45:00,18.525,18.525,18.5,18.5,11686,0
2017-12-05,21:50:00,18.525,18.55,18.45,18.5,39541,0
2017-12-05,21:55:00,18.475,18.525,18.45,18.525,58885,0
2017-12-05,22:00:00,18.55,18.55,18.5,18.5,35045,0
2017-12-06,15:35:00,18.6,18.65,18.6,18.65,5039,0
2017-12-06,15:40:00,18.6,18.7,18.6,18.7,1200,0
2017-12-06,15:45:00,18.675,18.7,18.675,18.7,600,0
2017-12-06,15:50:00,18.65,18.65,18.6,18.6,7450,0
2017-12-06,16:00:00,18.625,18.65,18.6,18.65,941,0
2017-12-06,16:05:00,18.625,18.625,18.55,18.55,7028,0
2017-12-06,16:10:00,18.575,18.575,18.575,18.575,100,0
2017-12-06,16:15:00,18.55,18.55,18.55,18.55,1342,0
2017-12-06,16:20:00,18.5,18.525,18.5,18.5,500,0
2017-12-06,16:25:00,18.5,18.55,18.5,18.5,875,0
2017-12-06,16:30:00,18.5,18.55,18.5,18.5,300,0
2017-12-06,16:35:00,18.55,18.55,18.5,18.5,300,0
2017-12-06,16:40:00,18.55,18.55,18.5,18.5,300,0
2017-12-06,16:45:00,18.5,18.55,18.5,18.525,317,0
2017-12-06,16:50:00,18.55,18.55,18.5,18.5,300,0
2017-12-06,16:55:00,18.55,18.55,18.5,18.525,3100,0
2017-12-06,17:00:00,18.55,18.575,18.525,18.575,8732,0
2017-12-06,17:05:00,18.575,18.575,18.575,18.575,200,0
2017-12-06,17:10:00,18.575,18.575,18.575,18.575,1500,0
2017-12-06,17:15:00,18.575,18.575,18.575,18.575,200,0
2017-12-06,17:20:00,18.575,18.575,18.575,18.575,200,0
2017-12-06,17:25:00,18.575,18.6,18.575,18.6,1900,0
2017-12-06,17:30:00,18.55,18.575,18.55,18.575,500,0
2017-12-06,17:35:00,18.575,18.575,18.55,18.575,400,0
2017-12-06,17:40:00,18.575,18.575,18.55,18.575,1700,0
2017-12-06,17:45:00,18.575,18.575,18.55,18.55,500,0
2017-12-06,17:50:00,18.575,18.575,18.55,18.575,900,0
2017-12-06,17:55:00,18.575,18.6,18.575,18.575,1200,0
2017-12-06,18:00:00,18.575,18.575,18.5,18.55,3883,0
2017-12-06,18:05:00,18.5,18.501,18.5,18.501,200,0
2017-12-06,18:10:00,18.5,18.5347,18.5,18.525,2400,0
2017-12-06,18:15:00,18.525,18.55,18.5,18.525,1200,0
2017-12-06,18:20:00,18.5163,18.55,18.5163,18.55,232,0
2017-12-06,18:25:00,18.5,18.55,18.5,18.5,400,0
2017-12-06,18:30:00,18.525,18.55,18.5,18.5,400,0
2017-12-06,18:35:00,18.525,18.55,18.525,18.525,1820,0
2017-12-06,18:40:00,18.55,18.55,18.5,18.5,200,0
2017-12-06,18:45:00,18.525,18.55,18.525,18.525,1100,0
2017-12-06,18:50:00,18.525,18.55,18.5,18.5,400,0
2017-12-06,18:55:00,18.525,18.55,18.5,18.55,800,0
2017-12-06,19:00:00,18.525,18.55,18.525,18.55,200,0
2017-12-06,19:05:00,18.525,18.55,18.525,18.55,200,0
2017-12-06,19:10:00,18.525,18.55,18.5,18.5,300,0
2017-12-06,19:15:00,18.525,18.55,18.525,18.55,200,0
2017-12-06,19:20:00,18.55,18.55,18.525,18.55,500,0
2017-12-06,19:25:00,18.5,18.55,18.5,18.55,400,0
2017-12-06,19:30:00,18.525,18.55,18.525,18.55,200,0
2017-12-06,19:35:00,18.544,18.55,18.525,18.55,900,0
2017-12-06,19:40:00,18.55,18.55,18.525,18.55,14927,0
2017-12-06,19:45:00,18.55,18.55,18.525,18.55,1400,0
2017-12-06,19:50:00,18.55,18.55,18.525,18.525,1900,0
2017-12-06,19:55:00,18.55,18.55,18.525,18.525,400,0
2017-12-06,20:00:00,18.525,18.55,18.525,18.525,1300,0
2017-12-06,20:05:00,18.5,18.55,18.5,18.55,300,0
2017-12-06,20:10:00,18.525,18.55,18.5,18.525,500,0
2017-12-06,20:15:00,18.55,18.55,18.5335,18.5335,400,0
2017-12-06,20:20:00,18.55,18.55,18.5,18.55,1300,0
2017-12-06,20:25:00,18.5,18.55,18.5,18.5,9078,0
2017-12-06,20:30:00,18.5,18.525,18.5,18.5,400,0
2017-12-06,20:35:00,18.5,18.525,18.5,18.5,700,0
2017-12-06,20:40:00,18.5,18.525,18.5,18.525,700,0
2017-12-06,20:45:00,18.525,18.525,18.5,18.5,700,0
2017-12-06,20:50:00,18.5,18.525,18.5,18.5,1300,0
2017-12-06,20:55:00,18.5,18.525,18.5,18.5,1000,0
2017-12-06,21:00:00,18.525,18.525,18.5,18.5,700,0
2017-12-06,21:05:00,18.5,18.525,18.5,18.5,3200,0
2017-12-06,21:10:00,18.5,18.525,18.5,18.525,600,0
2017-12-06,21:15:00,18.5,18.525,18.5,18.5,400,0
2017-12-06,21:20:00,18.5,18.525,18.5,18.5,1300,0
2017-12-06,21:25:00,18.5,18.525,18.5,18.5,1500,0
2017-12-06,21:30:00,18.525,18.525,18.5,18.5,600,0
2017-12-06,21:35:00,18.5,18.525,18.5,18.5,2164,0
2017-12-06,21:40:00,18.525,18.525,18.5,18.525,1698,0
2017-12-06,21:45:00,18.525,18.525,18.5,18.5,2071,0
2017-12-06,21:50:00,18.525,18.55,18.5,18.525,4860,0
2017-12-06,21:55:00,18.5,18.525,18.45,18.45,51721,0
2017-12-06,22:00:00,18.475,18.55,18.45,18.55,111246,0
