Date,Time,Open,High,Low,Close,Volume,OpenInt
2017-11-17,15:35:00,45.74,45.87,45.74,45.76,27704,0
2017-11-17,15:40:00,45.74,45.84,45.74,45.83,1400,0
2017-11-17,15:45:00,45.87,46.0499,45.86,46.04,4612,0
2017-11-17,15:50:00,46.05,46.28,46.05,46.28,5329,0
2017-11-17,15:55:00,46.2,46.24,46.19,46.21,3192,0
2017-11-17,16:00:00,46.23,46.27,46.2,46.27,3900,0
2017-11-17,16:05:00,46.29,46.4,46.29,46.39,9413,0
2017-11-17,16:10:00,46.38,46.41,46.38,46.41,2468,0
2017-11-17,16:15:00,46.38,46.38,46.28,46.29,4765,0
2017-11-17,16:20:00,46.25,46.32,46.21,46.285,3470,0
2017-11-17,16:25:00,46.28,46.32,46.28,46.32,1200,0
2017-11-17,16:30:00,46.3475,46.3475,46.32,46.32,1525,0
2017-11-17,16:35:00,46.32,46.32,46.25,46.25,2828,0
2017-11-17,16:40:00,46.265,46.31,46.26,46.285,2781,0
2017-11-17,16:45:00,46.29,46.38,46.29,46.36,11933,0
2017-11-17,16:50:00,46.355,46.39,46.35,46.35,2700,0
2017-11-17,16:55:00,46.35,46.4,46.33,46.39,23083,0
2017-11-17,17:00:00,46.41,46.41,46.37,46.37,2641,0
2017-11-17,17:05:00,46.41,46.43,46.38,46.38,2442,0
2017-11-17,17:10:00,46.37,46.37,46.3,46.32,3050,0
2017-11-17,17:15:00,46.31,46.32,46.3,46.315,1621,0
2017-11-17,17:20:00,46.33,46.38,46.3,46.32,3314,0
2017-11-17,17:25:00,46.33,46.34,46.275,46.33,2161,0
2017-11-17,17:30:00,46.321,46.34,46.31,46.34,2381,0
2017-11-17,17:35:00,46.34,46.35,46.32,46.34,4610,0
2017-11-17,17:40:00,46.33,46.35,46.32,46.33,2032,0
2017-11-17,17:45:00,46.32,46.35,46.32,46.35,2315,0
2017-11-17,17:50:00,46.35,46.385,46.35,46.385,2200,0
2017-11-17,17:55:00,46.39,46.4,46.37,46.4,1022,0
2017-11-17,18:00:00,46.4,46.43,46.38,46.43,1686,0
2017-11-17,18:05:00,46.41,46.41,46.33,46.345,4309,0
2017-11-17,18:10:00,46.36,46.37,46.34,46.37,3729,0
2017-11-17,18:15:00,46.4,46.41,46.385,46.4,1608,0
2017-11-17,18:20:00,46.41,46.42,46.4,46.4025,900,0
2017-11-17,18:25:00,46.41,46.42,46.38,46.395,3100,0
2017-11-17,18:30:00,46.41,46.4147,46.36,46.37,11473,0
2017-11-17,18:35:00,46.38,46.38,46.35,46.37,4276,0
2017-11-17,18:40:00,46.36,46.44,46.36,46.41,1600,0
2017-11-17,18:45:00,46.42,46.4507,46.42,46.4507,4066,0
2017-11-17,18:50:00,46.43,46.46,46.43,46.455,1000,0
2017-11-17,18:55:00,46.47,46.49,46.47,46.47,2600,0
2017-11-17,19:00:00,46.48,46.53,46.48,46.53,3988,0
2017-11-17,19:05:00,46.52,46.52,46.48,46.49,2600,0
2017-11-17,19:10:00,46.51,46.51,46.495,46.51,3282,0
2017-11-17,19:15:00,46.5,46.51,46.49,46.4956,2105,0
2017-11-17,19:20:00,46.49,46.49,46.45,46.45,2497,0
2017-11-17,19:25:00,46.445,46.46,46.43,46.43,1598,0
2017-11-17,19:30:00,46.42,46.43,46.41,46.43,2558,0
2017-11-17,19:35:00,46.43,46.45,46.43,46.45,1133,0
2017-11-17,19:40:00,46.43,46.46,46.43,46.44,3800,0
2017-11-17,19:45:00,46.45,46.46,46.42,46.45,5376,0
2017-11-17,19:50:00,46.45,46.45,46.43,46.45,814,0
2017-11-17,19:55:00,46.445,46.46,46.44,46.44,3183,0
2017-11-17,20:00:00,46.45,46.45,46.425,46.45,3172,0
2017-11-17,20:05:00,46.45,46.46,46.43,46.44,1530,0
2017-11-17,20:10:00,46.43,46.45,46.43,46.445,1714,0
2017-11-17,20:15:00,46.45,46.46,46.44,46.445,3081,0
2017-11-17,20:20:00,46.44,46.44,46.42,46.425,1300,0
2017-11-17,20:25:00,46.43,46.43,46.42,46.425,1239,0
2017-11-17,20:30:00,46.43,46.43,46.38,46.395,4544,0
2017-11-17,20:35:00,46.4,46.41,46.38,46.385,2483,0
2017-11-17,20:40:00,46.385,46.41,46.385,46.41,2400,0
2017-11-17,20:45:00,46.405,46.44,46.39,46.44,2695,0
2017-11-17,20:50:00,46.43,46.44,46.42,46.44,5947,0
2017-11-17,20:55:00,46.445,46.45,46.43,46.43,4049,0
2017-11-17,21:00:00,46.447,46.455,46.44,46.44,3435,0
2017-11-17,21:05:00,46.45,46.46,46.415,46.42,2386,0
2017-11-17,21:10:00,46.42,46.44,46.41,46.44,5172,0
2017-11-17,21:15:00,46.44,46.45,46.43,46.44,7174,0
2017-11-17,21:20:00,46.44,46.44,46.41,46.42,7785,0
2017-11-17,21:25:00,46.41,46.41,46.39,46.4,3980,0
2017-11-17,21:30:00,46.4,46.42,46.4,46.42,3749,0
2017-11-17,21:35:00,46.415,46.43,46.41,46.43,4430,0
2017-11-17,21:40:00,46.43,46.43,46.4,46.43,13664,0
2017-11-17,21:45:00,46.43,46.44,46.41,46.41,8944,0
2017-11-17,21:50:00,46.41,46.41,46.36,46.385,14743,0
2017-11-17,21:55:00,46.39,46.42,46.385,46.42,10611,0
2017-11-17,22:00:00,46.42,46.45,46.4,46.45,251734,0
2017-11-20,15:35:00,46.51,46.54,46.5,46.51,9538,0
2017-11-20,15:40:00,46.49,46.62,46.43,46.5197,8954,0
2017-11-20,15:45:00,46.5,46.55,46.47,46.47,1050,0
2017-11-20,15:50:00,46.52,46.52,46.38,46.45,2613,0
2017-11-20,15:55:00,46.49,46.49,46.4,46.4,1000,0
2017-11-20,16:00:00,46.36,46.41,46.31,46.39,3309,0
2017-11-20,16:05:00,46.4,46.42,46.34,46.39,7311,0
2017-11-20,16:10:00,46.39,46.48,46.39,46.47,7298,0
2017-11-20,16:15:00,46.45,46.4703,46.4,46.4,3794,0
2017-11-20,16:20:00,46.4,46.42,46.365,46.38,10284,0
2017-11-20,16:25:00,46.38,46.4,46.325,46.325,4591,0
2017-11-20,16:30:00,46.31,46.36,46.3,46.33,4269,0
2017-11-20,16:35:00,46.32,46.36,46.32,46.345,4120,0
2017-11-20,16:40:00,46.34,46.39,46.34,46.38,3244,0
2017-11-20,16:45:00,46.38,46.41,46.32,46.32,3200,0
2017-11-20,16:50:00,46.33,46.39,46.33,46.39,5047,0
2017-11-20,16:55:00,46.395,46.415,46.38,46.39,4814,0
2017-11-20,17:00:00,46.3969,46.425,46.3969,46.42,2475,0
2017-11-20,17:05:00,46.42,46.44,46.41,46.425,2400,0
2017-11-20,17:10:00,46.43,46.47,46.43,46.46,3464,0
2017-11-20,17:15:00,46.45,46.47,46.41,46.42,4120,0
2017-11-20,17:20:00,46.43,46.44,46.4,46.42,4216,0
2017-11-20,17:25:00,46.405,46.41,46.39,46.4,3929,0
2017-11-20,17:30:00,46.4,46.41,46.39,46.39,2700,0
2017-11-20,17:35:00,46.4,46.4,46.375,46.39,3467,0
2017-11-20,17:40:00,46.39,46.4,46.31,46.31,3310,0
2017-11-20,17:45:00,46.34,46.4,46.34,46.38,3399,0
2017-11-20,17:50:00,46.385,46.43,46.3401,46.39,8400,0
2017-11-20,17:55:00,46.3985,46.41,46.35,46.35,1362,0
2017-11-20,18:00:00,46.37,46.37,46.35,46.36,1706,0
2017-11-20,18:05:00,46.36,46.38,46.36,46.38,3293,0
2017-11-20,18:10:00,46.38,46.38,46.34,46.36,500,0
2017-11-20,18:15:00,46.33,46.35,46.33,46.3428,406,0
2017-11-20,18:20:00,46.33,46.34,46.29,46.31,1979,0
2017-11-20,18:25:00,46.32,46.35,46.31,46.33,2736,0
2017-11-20,18:30:00,46.34,46.38,46.33,46.37,2900,0
2017-11-20,18:35:00,46.34,46.38,46.33,46.38,1056,0
2017-11-20,18:40:00,46.39,46.41,46.39,46.41,1500,0
2017-11-20,18:45:00,46.42,46.44,46.37,46.385,4835,0
2017-11-20,18:50:00,46.37,46.39,46.36,46.36,3935,0
2017-11-20,18:55:00,46.3627,46.37,46.34,46.37,2437,0
2017-11-20,19:00:00,46.37,46.37,46.35,46.36,1300,0
2017-11-20,19:05:00,46.37,46.37,46.34,46.34,3210,0
2017-11-20,19:10:00,46.35,46.38,46.35,46.37,3825,0
2017-11-20,19:15:00,46.3614,46.38,46.3614,46.37,1041,0
2017-11-20,19:20:00,46.374,46.41,46.37,46.4,6845,0
2017-11-20,19:25:00,46.4,46.41,46.4,46.405,1000,0
2017-11-20,19:30:00,46.41,46.47,46.41,46.47,3569,0
2017-11-20,19:35:00,46.5,46.5,46.44,46.46,830,0
2017-11-20,19:40:00,46.4425,46.45,46.44,46.4462,1699,0
2017-11-20,19:45:00,46.45,46.45,46.43,46.44,900,0
2017-11-20,19:50:00,46.43,46.46,46.43,46.455,2563,0
2017-11-20,19:55:00,46.455,46.48,46.45,46.48,9069,0
2017-11-20,20:00:00,46.48,46.4931,46.465,46.4931,6244,0
2017-11-20,20:05:00,46.5,46.5,46.44,46.445,6982,0
2017-11-20,20:10:00,46.455,46.47,46.45,46.47,2535,0
2017-11-20,20:15:00,46.465,46.465,46.4,46.44,6164,0
2017-11-20,20:20:00,46.43,46.43,46.41,46.419,2868,0
2017-11-20,20:25:00,46.41,46.42,46.36,46.36,4960,0
2017-11-20,20:30:00,46.36,46.38,46.3593,46.38,3791,0
2017-11-20,20:35:00,46.37,46.37,46.35,46.36,3631,0
2017-11-20,20:40:00,46.36,46.38,46.32,46.37,12009,0
2017-11-20,20:45:00,46.365,46.4,46.35,46.4,3786,0
2017-11-20,20:50:00,46.395,46.41,46.35,46.37,5197,0
2017-11-20,20:55:00,46.37,46.37,46.33,46.34,8513,0
2017-11-20,21:00:00,46.335,46.35,46.33,46.33,6280,0
2017-11-20,21:05:00,46.335,46.35,46.33,46.35,3802,0
2017-11-20,21:10:00,46.36,46.38,46.35,46.35,4953,0
2017-11-20,21:15:00,46.35,46.35,46.32,46.33,4500,0
2017-11-20,21:20:00,46.33,46.345,46.315,46.33,11466,0
2017-11-20,21:25:00,46.32,46.32,46.295,46.32,6892,0
2017-11-20,21:30:00,46.31,46.32,46.31,46.32,3258,0
2017-11-20,21:35:00,46.32,46.32,46.27,46.275,14799,0
2017-11-20,21:40:00,46.27,46.29,46.255,46.28,19802,0
2017-11-20,21:45:00,46.28,46.28,46.26,46.265,6591,0
2017-11-20,21:50:00,46.26,46.34,46.26,46.34,12017,0
2017-11-20,21:55:00,46.35,46.355,46.32,46.34,22293,0
2017-11-20,22:00:00,46.35,46.36,46.32,46.34,201425,0
2017-11-21,15:35:00,46.45,46.65,46.4,46.49,10394,0
2017-11-21,15:40:00,46.45,46.57,46.43,46.43,5233,0
2017-11-21,15:45:00,46.4003,46.45,46.26,46.36,6397,0
2017-11-21,15:50:00,46.34,46.39,46.19,46.21,5400,0
2017-11-21,15:55:00,46.2,46.2373,46.08,46.17,6568,0
2017-11-21,16:00:00,46.1401,46.2,46.1401,46.2,2332,0
2017-11-21,16:05:00,46.2,46.2414,46.14,46.21,8162,0
2017-11-21,16:10:00,46.2,46.23,46.18,46.19,4122,0
2017-11-21,16:15:00,46.19,46.2,46.16,46.18,2401,0
2017-11-21,16:20:00,46.19,46.26,46.19,46.26,1901,0
2017-11-21,16:25:00,46.25,46.26,46.2,46.2,6719,0
2017-11-21,16:30:00,46.18,46.22,46.17,46.2,5017,0
2017-11-21,16:35:00,46.19,46.2025,46.17,46.2025,4900,0
2017-11-21,16:40:00,46.205,46.21,46.17,46.17,4975,0
2017-11-21,16:45:00,46.15,46.18,46.15,46.16,7911,0
2017-11-21,16:50:00,46.14,46.17,46.14,46.16,3512,0
2017-11-21,16:55:00,46.17,46.23,46.16,46.21,30489,0
2017-11-21,17:00:00,46.2,46.24,46.2,46.226,4300,0
2017-11-21,17:05:00,46.235,46.24,46.21,46.22,2100,0
2017-11-21,17:10:00,46.215,46.22,46.18,46.18,3498,0
2017-11-21,17:15:00,46.19,46.21,46.17,46.21,854,0
2017-11-21,17:20:00,46.21,46.26,46.21,46.24,1000,0
2017-11-21,17:25:00,46.255,46.28,46.255,46.27,3000,0
2017-11-21,17:30:00,46.27,46.3,46.27,46.2785,2882,0
2017-11-21,17:35:00,46.29,46.3407,46.285,46.3138,5029,0
2017-11-21,17:40:00,46.3,46.3,46.2,46.2,6517,0
2017-11-21,17:45:00,46.195,46.2101,46.19,46.21,3268,0
2017-11-21,17:50:00,46.22,46.29,46.22,46.29,2400,0
2017-11-21,17:55:00,46.31,46.33,46.28,46.33,1900,0
2017-11-21,18:00:00,46.32,46.38,46.32,46.36,34171,0
2017-11-21,18:05:00,46.37,46.37,46.34,46.34,2134,0
2017-11-21,18:10:00,46.34,46.34,46.27,46.27,5491,0
2017-11-21,18:15:00,46.28,46.28,46.24,46.26,2610,0
2017-11-21,18:20:00,46.26,46.26,46.245,46.245,5191,0
2017-11-21,18:25:00,46.24,46.3,46.24,46.28,3126,0
2017-11-21,18:30:00,46.2701,46.3,46.27,46.3,4236,0
2017-11-21,18:35:00,46.3,46.31,46.28,46.31,3200,0
2017-11-21,18:40:00,46.31,46.3135,46.3,46.31,4492,0
2017-11-21,18:45:00,46.29,46.32,46.28,46.3,4301,0
2017-11-21,18:50:00,46.31,46.33,46.31,46.32,2137,0
2017-11-21,18:55:00,46.315,46.33,46.315,46.315,2478,0
2017-11-21,19:00:00,46.32,46.3438,46.315,46.3438,5200,0
2017-11-21,19:05:00,46.34,46.37,46.34,46.3551,2682,0
2017-11-21,19:10:00,46.35,46.37,46.35,46.36,300,0
2017-11-21,19:15:00,46.36,46.42,46.35,46.4,8516,0
2017-11-21,19:20:00,46.4,46.4,46.37,46.37,3600,0
2017-11-21,19:25:00,46.365,46.37,46.35,46.35,5756,0
2017-11-21,19:30:00,46.36,46.37,46.34,46.35,2722,0
2017-11-21,19:35:00,46.35,46.37,46.35,46.365,2388,0
2017-11-21,19:40:00,46.37,46.37,46.36,46.36,4730,0
2017-11-21,19:45:00,46.36,46.37,46.355,46.355,2579,0
2017-11-21,19:50:00,46.36,46.37,46.355,46.37,3233,0
2017-11-21,19:55:00,46.37,46.395,46.365,46.39,4130,0
2017-11-21,20:00:00,46.385,46.3875,46.35,46.35,3508,0
2017-11-21,20:05:00,46.33,46.33,46.29,46.3,4530,0
2017-11-21,20:10:00,46.3,46.31,46.3,46.3,1800,0
2017-11-21,20:15:00,46.3,46.34,46.3,46.325,3808,0
2017-11-21,20:20:00,46.34,46.36,46.33,46.36,4282,0
2017-11-21,20:25:00,46.355,46.37,46.335,46.34,7561,0
2017-11-21,20:30:00,46.34,46.35,46.32,46.32,7038,0
2017-11-21,20:35:00,46.32,46.32,46.31,46.31,3175,0
2017-11-21,20:40:00,46.32,46.34,46.3,46.34,12991,0
2017-11-21,20:45:00,46.35,46.4,46.35,46.4,2303,0
2017-11-21,20:50:00,46.4,46.44,46.395,46.42,7170,0
2017-11-21,20:55:00,46.42,46.425,46.38,46.4012,5447,0
2017-11-21,21:00:00,46.41,46.41,46.39,46.395,6257,0
2017-11-21,21:05:00,46.4,46.415,46.3534,46.36,6936,0
2017-11-21,21:10:00,46.36,46.38,46.36,46.38,1711,0
2017-11-21,21:15:00,46.37,46.37,46.335,46.34,7853,0
2017-11-21,21:20:00,46.34,46.34,46.315,46.33,6701,0
2017-11-21,21:25:00,46.31,46.325,46.27,46.29,9700,0
2017-11-21,21:30:00,46.285,46.285,46.25,46.27,9362,0
2017-11-21,21:35:00,46.2688,46.33,46.261,46.33,9280,0
2017-11-21,21:40:00,46.33,46.345,46.3,46.34,14206,0
2017-11-21,21:45:00,46.33,46.34,46.33,46.33,12449,0
2017-11-21,21:50:00,46.32,46.32,46.27,46.32,12827,0
2017-11-21,21:55:00,46.32,46.37,46.305,46.37,19402,0
2017-11-21,22:00:00,46.37,46.4,46.35,46.4,286903,0
2017-11-22,15:35:00,46.4,46.43,46.3,46.42,15209,0
2017-11-22,15:40:00,46.42,46.56,46.38,46.5,9395,0
2017-11-22,15:45:00,46.5,46.5,46.43,46.48,10831,0
2017-11-22,15:50:00,46.48,46.78,46.47,46.78,6800,0
2017-11-22,15:55:00,46.77,46.77,46.57,46.57,7161,0
2017-11-22,16:00:00,46.5,46.54,46.45,46.48,6530,0
2017-11-22,16:05:00,46.48,46.49,46.42,46.43,2930,0
2017-11-22,16:10:00,46.43,46.5,46.43,46.5,700,0
2017-11-22,16:15:00,46.475,46.475,46.41,46.42,4093,0
2017-11-22,16:20:00,46.4,46.41,46.37,46.37,3048,0
2017-11-22,16:25:00,46.37,46.39,46.29,46.29,1711,0
2017-11-22,16:30:00,46.33,46.4,46.33,46.36,1900,0
2017-11-22,16:35:00,46.36,46.365,46.33,46.34,3600,0
2017-11-22,16:40:00,46.33,46.37,46.32,46.32,6479,0
2017-11-22,16:45:00,46.32,46.34,46.31,46.33,3830,0
2017-11-22,16:50:00,46.345,46.43,46.345,46.415,4050,0
2017-11-22,16:55:00,46.41,46.42,46.38,46.405,3114,0
2017-11-22,17:00:00,46.4,46.415,46.38,46.38,5060,0
2017-11-22,17:05:00,46.38,46.38,46.35,46.375,3500,0
2017-11-22,17:10:00,46.38,46.39,46.35,46.37,6285,0
2017-11-22,17:15:00,46.37,46.405,46.34,46.405,5025,0
2017-11-22,17:20:00,46.39,46.4,46.38,46.38,3713,0
2017-11-22,17:25:00,46.38,46.4,46.38,46.395,1356,0
2017-11-22,17:30:00,46.4,46.41,46.385,46.39,2601,0
2017-11-22,17:35:00,46.41,46.44,46.41,46.42,1800,0
2017-11-22,17:40:00,46.425,46.5,46.425,46.49,5299,0
2017-11-22,17:45:00,46.4869,46.5,46.46,46.461,5356,0
2017-11-22,17:50:00,46.47,46.47,46.435,46.445,5790,0
2017-11-22,17:55:00,46.45,46.48,46.45,46.47,7200,0
2017-11-22,18:00:00,46.45,46.45,46.41,46.41,5226,0
2017-11-22,18:05:00,46.405,46.44,46.405,46.43,2504,0
2017-11-22,18:10:00,46.44,46.5,46.43,46.49,2900,0
2017-11-22,18:15:00,46.49,46.52,46.48,46.515,16334,0
2017-11-22,18:20:00,46.515,46.56,46.5,46.555,14605,0
2017-11-22,18:25:00,46.55,46.56,46.513,46.54,8002,0
2017-11-22,18:30:00,46.53,46.53,46.515,46.53,708,0
2017-11-22,18:35:00,46.51,46.515,46.48,46.48,5023,0
2017-11-22,18:40:00,46.48,46.5,46.48,46.482,2573,0
2017-11-22,18:45:00,46.48,46.485,46.46,46.47,2150,0
2017-11-22,18:50:00,46.46,46.51,46.46,46.49,2595,0
2017-11-22,18:55:00,46.49,46.5,46.4801,46.5,2932,0
2017-11-22,19:00:00,46.485,46.5,46.48,46.495,2800,0
2017-11-22,19:05:00,46.495,46.5,46.49,46.5,1000,0
2017-11-22,19:10:00,46.495,46.505,46.46,46.46,16963,0
2017-11-22,19:15:00,46.455,46.455,46.42,46.425,1700,0
2017-11-22,19:20:00,46.42,46.46,46.39,46.4,9046,0
2017-11-22,19:25:00,46.405,46.405,46.37,46.385,2160,0
2017-11-22,19:30:00,46.385,46.45,46.385,46.45,5091,0
2017-11-22,19:35:00,46.43,46.45,46.42,46.43,1600,0
2017-11-22,19:40:00,46.44,46.45,46.43,46.445,2537,0
2017-11-22,19:45:00,46.44,46.45,46.44,46.45,1500,0
2017-11-22,19:50:00,46.45,46.45,46.415,46.415,3800,0
2017-11-22,19:55:00,46.415,46.435,46.415,46.43,3731,0
2017-11-22,20:00:00,46.44,46.45,46.425,46.44,3225,0
2017-11-22,20:05:00,46.44,46.44,46.425,46.425,3590,0
2017-11-22,20:10:00,46.43,46.43,46.4,46.425,5823,0
2017-11-22,20:15:00,46.42,46.435,46.41,46.42,5857,0
2017-11-22,20:20:00,46.41,46.41,46.33,46.33,3800,0
2017-11-22,20:25:00,46.33,46.34,46.32,46.33,6184,0
2017-11-22,20:30:00,46.33,46.335,46.315,46.32,4058,0
2017-11-22,20:35:00,46.32,46.37,46.32,46.34,5000,0
2017-11-22,20:40:00,46.35,46.37,46.34,46.37,2570,0
2017-11-22,20:45:00,46.38,46.4,46.38,46.39,6434,0
2017-11-22,20:50:00,46.39,46.46,46.39,46.45,3815,0
2017-11-22,20:55:00,46.45,46.45,46.43,46.44,3319,0
2017-11-22,21:00:00,46.445,46.45,46.41,46.42,3839,0
2017-11-22,21:05:00,46.42,46.44,46.415,46.42,4438,0
2017-11-22,21:10:00,46.415,46.445,46.415,46.445,3826,0
2017-11-22,21:15:00,46.45,46.48,46.445,46.48,4200,0
2017-11-22,21:20:00,46.48,46.5,46.47,46.5,4119,0
2017-11-22,21:25:00,46.495,46.55,46.495,46.55,4151,0
2017-11-22,21:30:00,46.55,46.5825,46.52,46.58,8197,0
2017-11-22,21:35:00,46.58,46.61,46.57,46.6,7601,0
2017-11-22,21:40:00,46.605,46.66,46.6,46.66,12652,0
2017-11-22,21:45:00,46.66,46.66,46.62,46.62,12762,0
2017-11-22,21:50:00,46.62,46.66,46.61,46.64,12695,0
2017-11-22,21:55:00,46.65,46.685,46.64,46.65,20314,0
2017-11-22,22:00:00,46.66,46.665,46.61,46.65,118876,0
2017-11-24,15:35:00,46.85,46.85,46.54,46.8,11276,0
2017-11-24,15:40:00,46.8,46.8,46.65,46.69,1800,0
2017-11-24,15:45:00,46.7,46.71,46.64,46.64,743,0
2017-11-24,15:50:00,46.68,46.68,46.56,46.56,2334,0
2017-11-24,15:55:00,46.6,46.74,46.6,46.74,2500,0
2017-11-24,16:00:00,46.7162,46.7162,46.63,46.67,3700,0
2017-11-24,16:05:00,46.67,46.67,46.62,46.62,802,0
2017-11-24,16:10:00,46.62,46.66,46.58,46.66,1430,0
2017-11-24,16:15:00,46.65,46.68,46.65,46.66,600,0
2017-11-24,16:20:00,46.6876,46.73,46.67,46.67,745,0
2017-11-24,16:25:00,46.6755,46.68,46.59,46.59,2619,0
2017-11-24,16:30:00,46.6,46.6235,46.5997,46.61,2873,0
2017-11-24,16:35:00,46.61,46.62,46.6,46.6,1200,0
2017-11-24,16:40:00,46.62,46.63,46.56,46.56,1945,0
2017-11-24,16:45:00,46.55,46.56,46.5,46.54,3895,0
2017-11-24,16:50:00,46.53,46.54,46.51,46.5315,1680,0
2017-11-24,16:55:00,46.51,46.51,46.46,46.46,2500,0
2017-11-24,17:00:00,46.46,46.49,46.44,46.49,2818,0
2017-11-24,17:05:00,46.52,46.55,46.52,46.54,1500,0
2017-11-24,17:10:00,46.58,46.58,46.53,46.53,726,0
2017-11-24,17:15:00,46.53,46.55,46.53,46.55,1600,0
2017-11-24,17:20:00,46.54,46.54,46.5,46.5,2100,0
2017-11-24,17:25:00,46.48,46.51,46.48,46.51,2928,0
2017-11-24,17:30:00,46.5,46.5007,46.49,46.49,658,0
2017-11-24,17:35:00,46.4744,46.4768,46.46,46.47,1372,0
2017-11-24,17:40:00,46.49,46.52,46.49,46.52,3200,0
2017-11-24,17:45:00,46.52,46.53,46.51,46.53,1595,0
2017-11-24,17:50:00,46.5101,46.53,46.5101,46.5188,1122,0
2017-11-24,17:55:00,46.51,46.53,46.51,46.5269,1708,0
2017-11-24,18:00:00,46.52,46.54,46.52,46.525,2599,0
2017-11-24,18:05:00,46.53,46.53,46.52,46.53,2158,0
2017-11-24,18:10:00,46.52,46.53,46.51,46.53,3257,0
2017-11-24,18:15:00,46.54,46.54,46.52,46.52,2824,0
2017-11-24,18:20:00,46.52,46.52,46.51,46.51,2795,0
2017-11-24,18:25:00,46.51,46.52,46.48,46.52,7096,0
2017-11-24,18:30:00,46.51,46.52,46.505,46.52,1724,0
2017-11-24,18:35:00,46.53,46.53,46.5024,46.5024,4416,0
2017-11-24,18:40:00,46.51,46.52,46.49,46.51,5230,0
2017-11-24,18:45:00,46.5,46.5,46.47,46.5,3000,0
2017-11-24,18:50:00,46.5,46.5,46.47,46.5,3889,0
2017-11-24,18:55:00,46.5,46.51,46.46,46.465,7618,0
2017-11-24,19:00:00,46.47,46.47,46.42,46.45,15730,0
2017-11-24,19:05:00,46.46,46.49,46.46,46.49,44815,0
2017-11-27,15:35:00,46.51,46.56,46.41,46.47,11770,0
2017-11-27,15:40:00,46.46,46.49,46.41,46.44,3297,0
2017-11-27,15:45:00,46.44,46.51,46.43,46.49,5396,0
2017-11-27,15:50:00,46.51,46.52,46.46,46.49,8786,0
2017-11-27,15:55:00,46.47,46.47,46.4,46.41,3801,0
2017-11-27,16:00:00,46.4,46.42,46.395,46.41,3900,0
2017-11-27,16:05:00,46.43,46.44,46.39,46.43,2620,0
2017-11-27,16:10:00,46.426,46.426,46.28,46.28,28213,0
2017-11-27,16:15:00,46.28,46.35,46.28,46.35,1600,0
2017-11-27,16:20:00,46.37,46.44,46.37,46.44,4382,0
2017-11-27,16:25:00,46.45,46.46,46.43,46.46,2400,0
2017-11-27,16:30:00,46.45,46.46,46.4,46.46,7053,0
2017-11-27,16:35:00,46.46,46.49,46.46,46.4668,3043,0
2017-11-27,16:40:00,46.46,46.46,46.43,46.44,2742,0
2017-11-27,16:45:00,46.405,46.405,46.31,46.31,8387,0
2017-11-27,16:50:00,46.3,46.355,46.29,46.355,7726,0
2017-11-27,16:55:00,46.34,46.43,46.34,46.43,4723,0
2017-11-27,17:00:00,46.43,46.45,46.42,46.43,5181,0
2017-11-27,17:05:00,46.43,46.43,46.39,46.4,5120,0
2017-11-27,17:10:00,46.395,46.41,46.37,46.37,3000,0
2017-11-27,17:15:00,46.3766,46.38,46.35,46.35,7798,0
2017-11-27,17:20:00,46.3437,46.44,46.3437,46.44,6855,0
2017-11-27,17:25:00,46.44,46.46,46.4,46.45,4798,0
2017-11-27,17:30:00,46.46,46.47,46.41,46.43,3941,0
2017-11-27,17:35:00,46.44,46.48,46.44,46.475,6041,0
2017-11-27,17:40:00,46.48,46.52,46.44,46.52,16541,0
2017-11-27,17:45:00,46.51,46.555,46.505,46.53,8223,0
2017-11-27,17:50:00,46.53,46.58,46.53,46.57,2300,0
2017-11-27,17:55:00,46.569,46.569,46.525,46.54,2715,0
2017-11-27,18:00:00,46.53,46.53,46.495,46.5,5697,0
2017-11-27,18:05:00,46.52,46.55,46.52,46.54,1273,0
2017-11-27,18:10:00,46.56,46.57,46.555,46.56,7014,0
2017-11-27,18:15:00,46.56,46.56,46.51,46.53,5465,0
2017-11-27,18:20:00,46.53,46.54,46.49,46.5,5215,0
2017-11-27,18:25:00,46.5,46.53,46.5,46.52,2800,0
2017-11-27,18:30:00,46.5159,46.53,46.5,46.53,4405,0
2017-11-27,18:35:00,46.53,46.54,46.52,46.52,19902,0
2017-11-27,18:40:00,46.53,46.55,46.5,46.52,19181,0
2017-11-27,18:45:00,46.52,46.525,46.51,46.51,4675,0
2017-11-27,18:50:00,46.51,46.56,46.51,46.53,15289,0
2017-11-27,18:55:00,46.53,46.55,46.53,46.54,5113,0
2017-11-27,19:00:00,46.55,46.57,46.53,46.57,7391,0
2017-11-27,19:05:00,46.565,46.59,46.54,46.56,9621,0
2017-11-27,19:10:00,46.56,46.57,46.55,46.55,6004,0
2017-11-27,19:15:00,46.57,46.58,46.55,46.56,4079,0
2017-11-27,19:20:00,46.56,46.57,46.54,46.54,14619,0
2017-11-27,19:25:00,46.53,46.56,46.5,46.55,13391,0
2017-11-27,19:30:00,46.56,46.58,46.55,46.575,3021,0
2017-11-27,19:35:00,46.56,46.57,46.55,46.5575,2435,0
2017-11-27,19:40:00,46.555,46.56,46.51,46.53,6248,0
2017-11-27,19:45:00,46.54,46.54,46.52,46.52,2999,0
2017-11-27,19:50:00,46.52,46.53,46.51,46.51,2328,0
2017-11-27,19:55:00,46.51,46.54,46.51,46.51,2100,0
2017-11-27,20:00:00,46.53,46.53,46.515,46.52,1200,0
2017-11-27,20:05:00,46.515,46.515,46.485,46.5,7302,0
2017-11-27,20:10:00,46.51,46.53,46.51,46.52,1816,0
2017-11-27,20:15:00,46.52,46.53,46.5,46.505,4107,0
2017-11-27,20:20:00,46.5,46.54,46.5,46.52,7438,0
2017-11-27,20:25:00,46.525,46.53,46.5,46.51,6200,0
2017-11-27,20:30:00,46.515,46.54,46.515,46.53,3034,0
2017-11-27,20:35:00,46.53,46.55,46.53,46.53,6282,0
2017-11-27,20:40:00,46.525,46.53,46.5,46.5,4143,0
2017-11-27,20:45:00,46.51,46.52,46.5,46.5056,6330,0
2017-11-27,20:50:00,46.5,46.5,46.49,46.49,10052,0
2017-11-27,20:55:00,46.4948,46.51,46.47,46.48,4571,0
2017-11-27,21:00:00,46.48,46.505,46.47,46.48,21191,0
2017-11-27,21:05:00,46.47,46.47,46.45,46.46,4813,0
2017-11-27,21:10:00,46.45,46.4765,46.44,46.4765,6041,0
2017-11-27,21:15:00,46.475,46.5,46.47,46.49,8297,0
2017-11-27,21:20:00,46.5,46.5,46.48,46.49,5729,0
2017-11-27,21:25:00,46.49,46.5,46.48,46.49,4497,0
2017-11-27,21:30:00,46.495,46.5,46.47,46.47,3100,0
2017-11-27,21:35:00,46.48,46.4833,46.46,46.46,15963,0
2017-11-27,21:40:00,46.465,46.5,46.455,46.455,14648,0
2017-11-27,21:45:00,46.46,46.49,46.445,46.49,16755,0
2017-11-27,21:50:00,46.49,46.49,46.42,46.445,20276,0
2017-11-27,21:55:00,46.45,46.45,46.43,46.44,16400,0
2017-11-27,22:00:00,46.45,46.47,46.43,46.45,91551,0
2017-11-28,15:35:00,46.5,46.6,46.4,46.525,22859,0
2017-11-28,15:40:00,46.56,46.56,46.535,46.535,500,0
2017-11-28,15:45:00,46.54,46.56,46.5056,46.5056,1307,0
2017-11-28,15:50:00,46.515,46.52,46.4575,46.46,2100,0
2017-11-28,15:55:00,46.47,46.48,46.47,46.48,310,0
2017-11-28,16:00:00,46.5,46.59,46.49,46.585,10028,0
2017-11-28,16:05:00,46.56,46.66,46.55,46.64,3505,0
2017-11-28,16:10:00,46.655,46.68,46.63,46.67,3500,0
2017-11-28,16:15:00,46.645,46.66,46.59,46.6,11349,0
2017-11-28,16:20:00,46.63,46.66,46.63,46.66,1800,0
2017-11-28,16:25:00,46.68,46.7,46.65,46.65,1068,0
2017-11-28,16:30:00,46.68,46.68,46.63,46.65,1000,0
2017-11-28,16:35:00,46.62,46.66,46.62,46.66,1097,0
2017-11-28,16:40:00,46.69,46.749,46.68,46.749,1470,0
2017-11-28,16:45:00,46.8,46.8,46.77,46.77,527,0
2017-11-28,16:50:00,46.78,46.79,46.77,46.77,900,0
2017-11-28,16:55:00,46.76,46.845,46.75,46.845,3062,0
2017-11-28,17:00:00,46.845,46.88,46.845,46.86,2181,0
2017-11-28,17:05:00,46.85,46.87,46.84,46.8699,3140,0
2017-11-28,17:10:00,46.86,46.86,46.79,46.7999,3000,0
2017-11-28,17:15:00,46.78,46.7999,46.78,46.79,900,0
2017-11-28,17:20:00,46.79,46.82,46.7801,46.7801,1263,0
2017-11-28,17:25:00,46.8,46.81,46.78,46.81,4100,0
2017-11-28,17:30:00,46.83,46.87,46.81,46.855,2400,0
2017-11-28,17:35:00,46.85,46.87,46.83,46.87,13669,0
2017-11-28,17:40:00,46.88,46.9202,46.87,46.91,12091,0
2017-11-28,17:45:00,46.91,46.91,46.88,46.89,4827,0
2017-11-28,17:50:00,46.9,46.91,46.88,46.91,4101,0
2017-11-28,17:55:00,46.92,46.94,46.91,46.92,900,0
2017-11-28,18:00:00,46.903,46.94,46.89,46.9,3535,0
2017-11-28,18:05:00,46.9,47,46.89,46.98,5433,0
2017-11-28,18:10:00,46.98,46.98,46.96,46.98,1124,0
2017-11-28,18:15:00,46.97,47.03,46.97,47.01,1461,0
2017-11-28,18:20:00,47.01,47.03,47,47.03,1952,0
2017-11-28,18:25:00,47.03,47.1,47.0198,47.09,5986,0
2017-11-28,18:30:00,47.0883,47.0883,47.02,47.02,1459,0
2017-11-28,18:35:00,47.01,47.03,47.01,47.02,400,0
2017-11-28,18:40:00,47,47.03,47,47.0132,2335,0
2017-11-28,18:45:00,47,47,46.95,46.95,3907,0
2017-11-28,18:50:00,46.95,46.9746,46.93,46.9402,4045,0
2017-11-28,18:55:00,46.94,46.96,46.94,46.94,9171,0
2017-11-28,19:00:00,46.95,46.98,46.94,46.94,7502,0
2017-11-28,19:05:00,46.95,46.96,46.945,46.95,14999,0
2017-11-28,19:10:00,46.97,47.03,46.97,47.03,2319,0
2017-11-28,19:15:00,47.04,47.04,47.02,47.02,1036,0
2017-11-28,19:20:00,47.035,47.035,46.98,47,5199,0
2017-11-28,19:25:00,46.98,47,46.95,46.95,1980,0
2017-11-28,19:30:00,46.96,46.98,46.92,46.98,2927,0
2017-11-28,19:35:00,46.98,46.99,46.95,46.99,1400,0
2017-11-28,19:40:00,46.9868,47.005,46.98,46.99,4088,0
2017-11-28,19:45:00,46.97,46.99,46.97,46.98,1805,0
2017-11-28,19:50:00,46.99,47,46.97,46.97,1127,0
2017-11-28,19:55:00,46.97,46.97,46.91,46.91,1264,0
2017-11-28,20:00:00,46.9,46.9,46.805,46.81,7143,0
2017-11-28,20:05:00,46.82,46.82,46.74,46.82,10070,0
2017-11-28,20:10:00,46.83,46.855,46.82,46.85,3697,0
2017-11-28,20:15:00,46.85,46.86,46.83,46.83,4006,0
2017-11-28,20:20:00,46.84,46.87,46.84,46.85,3058,0
2017-11-28,20:25:00,46.86,46.88,46.85,46.865,3572,0
2017-11-28,20:30:00,46.87,46.9,46.86,46.9,4809,0
2017-11-28,20:35:00,46.9,46.9133,46.87,46.9,5167,0
2017-11-28,20:40:00,46.89,46.92,46.87,46.92,4818,0
2017-11-28,20:45:00,46.93,46.93,46.9,46.9,3709,0
2017-11-28,20:50:00,46.9,46.9226,46.9,46.92,4871,0
2017-11-28,20:55:00,46.91,46.95,46.9,46.95,8018,0
2017-11-28,21:00:00,46.95,46.99,46.94,46.99,3413,0
2017-11-28,21:05:00,47,47,46.96,47,1120,0
2017-11-28,21:10:00,47.01,47.07,47,47.07,5260,0
2017-11-28,21:15:00,47.05,47.13,47.05,47.12,9715,0
2017-11-28,21:20:00,47.13,47.17,47.13,47.17,7399,0
2017-11-28,21:25:00,47.17,47.22,47.17,47.2,3283,0
2017-11-28,21:30:00,47.19,47.19,47.13,47.16,5199,0
2017-11-28,21:35:00,47.14,47.18,47.13,47.18,11417,0
2017-11-28,21:40:00,47.18,47.19,47.17,47.17,3140,0
2017-11-28,21:45:00,47.17,47.23,47.17,47.23,8280,0
2017-11-28,21:50:00,47.23,47.33,47.23,47.31,16128,0
2017-11-28,21:55:00,47.31,47.36,47.3,47.36,19118,0
2017-11-28,22:00:00,47.36,47.36,47.32,47.35,167938,0
2017-11-29,15:35:00,47.48,47.48,47.31,47.36,9548,0
2017-11-29,15:40:00,47.33,47.52,47.33,47.51,2996,0
2017-11-29,15:45:00,47.57,47.83,47.56,47.83,6555,0
2017-11-29,15:50:00,47.775,47.9,47.775,47.9,4592,0
2017-11-29,15:55:00,47.865,47.98,47.83,47.98,6522,0
2017-11-29,16:00:00,47.98,48.16,47.98,48.16,11059,0
2017-11-29,16:05:00,48.16,48.24,48.11,48.24,3557,0
2017-11-29,16:10:00,48.23,48.23,48.13,48.2,2700,0
2017-11-29,16:15:00,48.18,48.22,48.15,48.19,4501,0
2017-11-29,16:20:00,48.24,48.31,48.19,48.28,11810,0
2017-11-29,16:25:00,48.28,48.32,48.2437,48.32,6061,0
2017-11-29,16:30:00,48.33,48.35,48.11,48.11,30875,0
2017-11-29,16:35:00,48.09,48.27,48.09,48.27,4128,0
2017-11-29,16:40:00,48.27,48.27,48.12,48.12,8750,0
2017-11-29,16:45:00,48.135,48.2,48.13,48.14,3971,0
2017-11-29,16:50:00,48.15,48.16,48.08,48.16,3700,0
2017-11-29,16:55:00,48.2,48.2,48.135,48.135,5426,0
2017-11-29,17:00:00,48.17,48.28,48.15,48.25,5891,0
2017-11-29,17:05:00,48.24,48.27,48.195,48.24,4052,0
2017-11-29,17:10:00,48.26,48.29,48.23,48.29,3500,0
2017-11-29,17:15:00,48.28,48.3499,48.27,48.305,6718,0
2017-11-29,17:20:00,48.26,48.33,48.26,48.31,4800,0
2017-11-29,17:25:00,48.34,48.34,48.28,48.31,4219,0
2017-11-29,17:30:00,48.31,48.31,48.27,48.27,2400,0
2017-11-29,17:35:00,48.265,48.32,48.265,48.32,2213,0
2017-11-29,17:40:00,48.3132,48.34,48.29,48.31,3921,0
2017-11-29,17:45:00,48.31,48.32,48.25,48.26,3560,0
2017-11-29,17:50:00,48.26,48.29,48.26,48.27,10992,0
2017-11-29,17:55:00,48.27,48.31,48.26,48.305,7049,0
2017-11-29,18:00:00,48.315,48.32,48.295,48.31,5000,0
2017-11-29,18:05:00,48.3,48.32,48.29,48.295,2955,0
2017-11-29,18:10:00,48.3,48.33,48.3,48.3,3351,0
2017-11-29,18:15:00,48.31,48.33,48.3,48.3,2903,0
2017-11-29,18:20:00,48.31,48.315,48.27,48.2987,34030,0
2017-11-29,18:25:00,48.29,48.42,48.29,48.38,5905,0
2017-11-29,18:30:00,48.37,48.37,48.282,48.282,2500,0
2017-11-29,18:35:00,48.28,48.28,48.2,48.225,7000,0
2017-11-29,18:40:00,48.23,48.25,48.19,48.225,5904,0
2017-11-29,18:45:00,48.21,48.22,48.185,48.21,3500,0
2017-11-29,18:50:00,48.19,48.2,48.17,48.195,4544,0
2017-11-29,18:55:00,48.19,48.19,48.15,48.15,2300,0
2017-11-29,19:00:00,48.159,48.18,48.13,48.18,7502,0
2017-11-29,19:05:00,48.18,48.21,48.17,48.2,4512,0
2017-11-29,19:10:00,48.18,48.22,48.1299,48.13,4200,0
2017-11-29,19:15:00,48.13,48.14,48.12,48.12,1565,0
2017-11-29,19:20:00,48.12,48.14,48.065,48.065,2893,0
2017-11-29,19:25:00,48.075,48.09,48.06,48.08,4003,0
2017-11-29,19:30:00,48.095,48.14,48.0912,48.11,3435,0
2017-11-29,19:35:00,48.09,48.09,48.02,48.03,2511,0
2017-11-29,19:40:00,48.02,48.02,47.93,47.9699,5864,0
2017-11-29,19:45:00,47.97,47.97,47.95,47.97,1100,0
2017-11-29,19:50:00,47.99,47.99,47.96,47.97,1242,0
2017-11-29,19:55:00,47.98,47.98,47.95,47.9586,1500,0
2017-11-29,20:00:00,47.96,47.97,47.93,47.95,2755,0
2017-11-29,20:05:00,47.96,48.1,47.96,48.06,6521,0
2017-11-29,20:10:00,48.07,48.08,48.03,48.03,946,0
2017-11-29,20:15:00,48.03,48.1025,48.03,48.075,4044,0
2017-11-29,20:20:00,48.06,48.12,48.06,48.11,2723,0
2017-11-29,20:25:00,48.125,48.165,48.11,48.14,5961,0
2017-11-29,20:30:00,48.13,48.19,48.12,48.18,4168,0
2017-11-29,20:35:00,48.2,48.2,48.17,48.18,6977,0
2017-11-29,20:40:00,48.17,48.1725,48.12,48.14,7198,0
2017-11-29,20:45:00,48.14,48.16,48.13,48.16,1949,0
2017-11-29,20:50:00,48.13,48.14,48.11,48.1375,5390,0
2017-11-29,20:55:00,48.14,48.15,48.07,48.11,9853,0
2017-11-29,21:00:00,48.1,48.1,48.075,48.1,7701,0
2017-11-29,21:05:00,48.11,48.13,48.1,48.1299,5555,0
2017-11-29,21:10:00,48.125,48.14,48.11,48.1382,6611,0
2017-11-29,21:15:00,48.14,48.1797,48.13,48.1797,8523,0
2017-11-29,21:20:00,48.18,48.21,48.17,48.19,12687,0
2017-11-29,21:25:00,48.18,48.19,48.11,48.13,7853,0
2017-11-29,21:30:00,48.125,48.13,48.08,48.085,8012,0
2017-11-29,21:35:00,48.08,48.11,48.07,48.09,13341,0
2017-11-29,21:40:00,48.08,48.085,48.02,48.03,6740,0
2017-11-29,21:45:00,48.035,48.05,48,48.05,12923,0
2017-11-29,21:50:00,48.05,48.06,48.02,48.035,12590,0
2017-11-29,21:55:00,48.03,48.07,48.02,48.06,15485,0
2017-11-29,22:00:00,48.06,48.12,48.05,48.1,157283,0
2017-11-30,15:35:00,48.03,48.31,48.03,48.31,14079,0
2017-11-30,15:40:00,48.31,48.51,48.31,48.46,3905,0
2017-11-30,15:45:00,48.5,48.54,48.41,48.51,6287,0
2017-11-30,15:50:00,48.51,48.6,48.41,48.41,8878,0
2017-11-30,15:55:00,48.35,48.5,48.32,48.5,2571,0
2017-11-30,16:00:00,48.5,48.68,48.5,48.68,3503,0
2017-11-30,16:05:00,48.62,48.65,48.54,48.58,5604,0
2017-11-30,16:10:00,48.56,48.56,48.44,48.44,5216,0
2017-11-30,16:15:00,48.45,48.5,48.43,48.465,5094,0
2017-11-30,16:20:00,48.45,48.45,48.31,48.4,5821,0
2017-11-30,16:25:00,48.38,48.39,48.29,48.29,5757,0
2017-11-30,16:30:00,48.25,48.3,48.25,48.29,3077,0
2017-11-30,16:35:00,48.29,48.29,48.14,48.14,6416,0
2017-11-30,16:40:00,48.13,48.17,48.04,48.04,6373,0
2017-11-30,16:45:00,48.05,48.15,48.05,48.08,6624,0
2017-11-30,16:50:00,48.11,48.14,48.1,48.1,3765,0
2017-11-30,16:55:00,48.1,48.17,48.09,48.11,5780,0
2017-11-30,17:00:00,48.14,48.3,48.13,48.27,7527,0
2017-11-30,17:05:00,48.3,48.35,48.22,48.29,5884,0
2017-11-30,17:10:00,48.3,48.39,48.29,48.29,3957,0
2017-11-30,17:15:00,48.29,48.35,48.28,48.315,4033,0
2017-11-30,17:20:00,48.3,48.3,48.24,48.24,7261,0
2017-11-30,17:25:00,48.22,48.24,48.17,48.21,3443,0
2017-11-30,17:30:00,48.22,48.28,48.22,48.28,3528,0
2017-11-30,17:35:00,48.29,48.33,48.23,48.3,6082,0
2017-11-30,17:40:00,48.3,48.3,48.27,48.28,2418,0
2017-11-30,17:45:00,48.2807,48.31,48.27,48.296,3269,0
2017-11-30,17:50:00,48.29,48.32,48.28,48.31,4773,0
2017-11-30,17:55:00,48.305,48.305,48.29,48.305,678,0
2017-11-30,18:00:00,48.32,48.33,48.3,48.31,5081,0
2017-11-30,18:05:00,48.32,48.34,48.31,48.32,6235,0
2017-11-30,18:10:00,48.32,48.37,48.3,48.37,3179,0
2017-11-30,18:15:00,48.37,48.44,48.36,48.44,3025,0
2017-11-30,18:20:00,48.43,48.4716,48.43,48.46,11693,0
2017-11-30,18:25:00,48.46,48.55,48.46,48.51,4451,0
2017-11-30,18:30:00,48.495,48.51,48.48,48.51,4381,0
2017-11-30,18:35:00,48.51,48.59,48.5088,48.59,9086,0
2017-11-30,18:40:00,48.57,48.675,48.56,48.675,5189,0
2017-11-30,18:45:00,48.67,48.72,48.63,48.72,4330,0
2017-11-30,18:50:00,48.7107,48.8,48.7038,48.76,5186,0
2017-11-30,18:55:00,48.78,48.8,48.71,48.74,3407,0
2017-11-30,19:00:00,48.72,48.735,48.68,48.7,6250,0
2017-11-30,19:05:00,48.71,48.76,48.69,48.71,3914,0
2017-11-30,19:10:00,48.71,48.7216,48.695,48.7,3729,0
2017-11-30,19:15:00,48.6766,48.7,48.675,48.69,7944,0
2017-11-30,19:20:00,48.67,48.67,48.62,48.65,3541,0
2017-11-30,19:25:00,48.66,48.66,48.57,48.57,6227,0
2017-11-30,19:30:00,48.6,48.64,48.575,48.575,4000,0
2017-11-30,19:35:00,48.56,48.59,48.52,48.55,2725,0
2017-11-30,19:40:00,48.55,48.56,48.52,48.54,3563,0
2017-11-30,19:45:00,48.54,48.57,48.51,48.51,3840,0
2017-11-30,19:50:00,48.52,48.53,48.49,48.505,4112,0
2017-11-30,19:55:00,48.52,48.52,48.44,48.45,6955,0
2017-11-30,20:00:00,48.4424,48.54,48.43,48.52,5829,0
2017-11-30,20:05:00,48.53,48.55,48.51,48.55,3671,0
2017-11-30,20:10:00,48.56,48.57,48.49,48.49,5247,0
2017-11-30,20:15:00,48.4931,48.56,48.47,48.52,10962,0
2017-11-30,20:20:00,48.5194,48.55,48.49,48.515,5291,0
2017-11-30,20:25:00,48.53,48.63,48.52,48.5966,11520,0
2017-11-30,20:30:00,48.5901,48.64,48.56,48.63,6004,0
2017-11-30,20:35:00,48.61,48.61,48.57,48.6,6579,0
2017-11-30,20:40:00,48.6,48.61,48.51,48.55,6903,0
2017-11-30,20:45:00,48.57,48.57,48.495,48.51,9957,0
2017-11-30,20:50:00,48.51,48.53,48.495,48.5,4476,0
2017-11-30,20:55:00,48.5093,48.51,48.47,48.49,6318,0
2017-11-30,21:00:00,48.485,48.49,48.42,48.425,8215,0
2017-11-30,21:05:00,48.43,48.43,48.36,48.36,5247,0
2017-11-30,21:10:00,48.37,48.39,48.31,48.31,11786,0
2017-11-30,21:15:00,48.32,48.38,48.315,48.38,9083,0
2017-11-30,21:20:00,48.4,48.42,48.34,48.34,7467,0
2017-11-30,21:25:00,48.34,48.4,48.33,48.36,8748,0
2017-11-30,21:30:00,48.36,48.38,48.335,48.355,7927,0
2017-11-30,21:35:00,48.39,48.41,48.37,48.385,10362,0
2017-11-30,21:40:00,48.4,48.4347,48.35,48.36,16554,0
2017-11-30,21:45:00,48.36,48.39,48.33,48.335,18228,0
2017-11-30,21:50:00,48.33,48.4,48.29,48.4,66994,0
2017-11-30,21:55:00,48.38,48.45,48.36,48.45,29329,0
2017-11-30,22:00:00,48.43,48.45,48.1,48.24,623402,0
2017-12-01,15:35:00,48.39,48.39,48.23,48.29,13828,0
2017-12-01,15:40:00,48.26,48.29,48.153,48.175,1800,0
2017-12-01,15:45:00,48.21,48.29,48.2,48.2,5312,0
2017-12-01,15:50:00,48.17,48.27,48.17,48.25,2626,0
2017-12-01,15:55:00,48.24,48.24,48.15,48.17,3641,0
2017-12-01,16:00:00,48.155,48.24,48.14,48.19,2432,0
2017-12-01,16:05:00,48.18,48.18,48,48.03,4345,0
2017-12-01,16:10:00,48.015,48.08,48.015,48.05,1800,0
2017-12-01,16:15:00,48.0535,48.19,48.0535,48.15,3400,0
2017-12-01,16:20:00,48.13,48.17,48.06,48.13,3512,0
2017-12-01,16:25:00,48.1102,48.1352,48.03,48.03,2055,0
2017-12-01,16:30:00,48.02,48.06,48.02,48.06,2178,0
2017-12-01,16:35:00,48.07,48.1,48,48.01,8218,0
2017-12-01,16:40:00,48,48.005,47.91,47.91,51860,0
2017-12-01,16:45:00,47.885,47.95,47.86,47.92,11219,0
2017-12-01,16:50:00,47.92,47.92,47.9,47.915,2950,0
2017-12-01,16:55:00,47.915,47.915,47.87,47.88,5742,0
2017-12-01,17:00:00,47.88,47.92,47.87,47.88,16901,0
2017-12-01,17:05:00,47.88,47.88,47.76,47.8,7091,0
2017-12-01,17:10:00,47.785,47.7938,47.52,47.59,6420,0
2017-12-01,17:15:00,47.585,47.585,46.92,47.06,13107,0
2017-12-01,17:20:00,47.135,47.445,47.135,47.37,5050,0
2017-12-01,17:25:00,47.395,47.395,47.1,47.11,4000,0
2017-12-01,17:30:00,47.13,47.19,46.99,47.06,23130,0
2017-12-01,17:35:00,47.02,47.1925,46.87,47.1,32971,0
2017-12-01,17:40:00,47.02,47.22,46.96,47.22,97642,0
2017-12-01,17:45:00,47.215,47.28,47.15,47.25,5900,0
2017-12-01,17:50:00,47.24,47.29,47.16,47.29,2123,0
2017-12-01,17:55:00,47.27,47.37,47.135,47.33,11772,0
2017-12-01,18:00:00,47.31,47.57,47.19,47.57,7841,0
2017-12-01,18:05:00,47.5865,47.6137,47.47,47.61,7200,0
2017-12-01,18:10:00,47.59,47.671,47.44,47.53,2983,0
2017-12-01,18:15:00,47.52,47.57,47.52,47.57,2100,0
2017-12-01,18:20:00,47.65,47.73,47.52,47.56,4930,0
2017-12-01,18:25:00,47.58,47.6,47.53,47.6,2860,0
2017-12-01,18:30:00,47.61,47.63,47.57,47.61,2808,0
2017-12-01,18:35:00,47.62,47.62,47.57,47.61,1200,0
2017-12-01,18:40:00,47.63,47.74,47.63,47.68,3094,0
2017-12-01,18:45:00,47.67,47.72,47.67,47.67,2900,0
2017-12-01,18:50:00,47.66,47.73,47.64,47.73,2338,0
2017-12-01,18:55:00,47.7162,47.8,47.71,47.71,3979,0
2017-12-01,19:00:00,47.73,47.8,47.73,47.79,2000,0
2017-12-01,19:05:00,47.78,47.81,47.78,47.78,1329,0
2017-12-01,19:10:00,47.74,47.74,47.73,47.74,1400,0
2017-12-01,19:15:00,47.74,47.81,47.74,47.79,3229,0
2017-12-01,19:20:00,47.8,47.87,47.79,47.85,2000,0
2017-12-01,19:25:00,47.84,47.87,47.83,47.86,3269,0
2017-12-01,19:30:00,47.88,47.97,47.85,47.95,26290,0
2017-12-01,19:35:00,47.94,48,47.92,48,3944,0
2017-12-01,19:40:00,48.01,48.03,47.96,47.96,2208,0
2017-12-01,19:45:00,47.95,47.95,47.91,47.91,1754,0
2017-12-01,19:50:00,47.89,47.89,47.86,47.87,5365,0
2017-12-01,19:55:00,47.87,47.93,47.866,47.92,2500,0
2017-12-01,20:00:00,47.91,47.98,47.91,47.93,3300,0
2017-12-01,20:05:00,47.95,48.02,47.92,48.01,1801,0
2017-12-01,20:10:00,48.01,48.01,47.968,47.99,3152,0
2017-12-01,20:15:00,48.01,48.06,48,48,3589,0
2017-12-01,20:20:00,47.995,48,47.97,48,1600,0
2017-12-01,20:25:00,47.98,47.98,47.97,47.97,1100,0
2017-12-01,20:30:00,48,48.02,47.99,48.02,1432,0
2017-12-01,20:35:00,47.99,48.01,47.98,47.98,1346,0
2017-12-01,20:40:00,47.98,48,47.95,47.95,5270,0
2017-12-01,20:45:00,47.92,47.92,47.87,47.89,3340,0
2017-12-01,20:50:00,47.89,47.9237,47.88,47.9237,3547,0
2017-12-01,20:55:00,47.9,47.96,47.9,47.96,1000,0
2017-12-01,21:00:00,47.97,47.97,47.93,47.95,4834,0
2017-12-01,21:05:00,47.94,47.95,47.88,47.89,12433,0
2017-12-01,21:10:00,47.87,47.88,47.85,47.86,4300,0
2017-12-01,21:15:00,47.87,47.87,47.81,47.815,6460,0
2017-12-01,21:20:00,47.8,47.82,47.76,47.765,15600,0
2017-12-01,21:25:00,47.78,47.8,47.78,47.795,2601,0
2017-12-01,21:30:00,47.8,47.89,47.8,47.89,8141,0
2017-12-01,21:35:00,47.89,47.895,47.82,47.84,15888,0
2017-12-01,21:40:00,47.85,47.91,47.85,47.89,14651,0
2017-12-01,21:45:00,47.9,47.92,47.88,47.89,27156,0
2017-12-01,21:50:00,47.89,47.89,47.73,47.75,38331,0
2017-12-01,21:55:00,47.76,47.82,47.73,47.805,42641,0
2017-12-01,22:00:00,47.81,47.92,47.81,47.88,142525,0
2017-12-04,15:35:00,48.27,48.32,48.145,48.32,15537,0
2017-12-04,15:40:00,48.39,48.46,48.39,48.4596,874,0
2017-12-04,15:45:00,48.48,48.65,48.47,48.55,3782,0
2017-12-04,15:50:00,48.52,48.57,48.47,48.56,4523,0
2017-12-04,15:55:00,48.56,48.6,48.43,48.45,3241,0
2017-12-04,16:00:00,48.54,48.659,48.54,48.64,830,0
2017-12-04,16:05:00,48.66,48.73,48.66,48.73,600,0
2017-12-04,16:10:00,48.77,48.96,48.77,48.96,2800,0
2017-12-04,16:15:00,48.95,49.07,48.9,48.95,8221,0
2017-12-04,16:20:00,48.99,49.055,48.99,49.03,5200,0
2017-12-04,16:25:00,49.02,49.07,49.02,49.02,1883,0
2017-12-04,16:30:00,49.02,49.12,49.02,49.11,2074,0
2017-12-04,16:35:00,49.11,49.17,49.11,49.12,3963,0
2017-12-04,16:40:00,49.11,49.11,49.06,49.065,816,0
2017-12-04,16:45:00,49.05,49.05,48.79,48.79,5760,0
2017-12-04,16:50:00,48.76,48.86,48.72,48.775,9485,0
2017-12-04,16:55:00,48.81,48.81,48.66,48.69,5280,0
2017-12-04,17:00:00,48.725,48.91,48.71,48.91,2645,0
2017-12-04,17:05:00,48.9,48.9,48.805,48.83,2862,0
2017-12-04,17:10:00,48.85,48.87,48.82,48.845,900,0
2017-12-04,17:15:00,48.86,48.87,48.81,48.87,3241,0
2017-12-04,17:20:00,48.87,48.92,48.84,48.86,1400,0
2017-12-04,17:25:00,48.87,48.91,48.86,48.91,1776,0
2017-12-04,17:30:00,48.87,48.89,48.86,48.86,1403,0
2017-12-04,17:35:00,48.87,48.88,48.85,48.86,2220,0
2017-12-04,17:40:00,48.88,48.95,48.85,48.9,5900,0
2017-12-04,17:45:00,48.93,48.93,48.91,48.92,1952,0
2017-12-04,17:50:00,48.91,48.97,48.91,48.97,7500,0
2017-12-04,17:55:00,49,49.01,48.94,48.94,4743,0
2017-12-04,18:00:00,48.98,48.98,48.9587,48.98,1125,0
2017-12-04,18:05:00,48.98,49,48.95,49,5199,0
2017-12-04,18:10:00,49.01,49.05,49,49.02,1874,0
2017-12-04,18:15:00,49.02,49.02,48.99,49.02,7676,0
2017-12-04,18:20:00,49.0205,49.05,49.0165,49.05,990,0
2017-12-04,18:25:00,49.06,49.06,48.99,49,3747,0
2017-12-04,18:30:00,48.99,49,48.98,49,2200,0
2017-12-04,18:35:00,48.98,48.98,48.87,48.89,5983,0
2017-12-04,18:40:00,48.88,48.9,48.85,48.8693,2179,0
2017-12-04,18:45:00,48.89,48.96,48.89,48.91,4980,0
2017-12-04,18:50:00,48.93,48.966,48.91,48.92,2450,0
2017-12-04,18:55:00,48.93,48.97,48.92,48.92,4615,0
2017-12-04,19:00:00,48.92,48.99,48.91,48.99,3315,0
2017-12-04,19:05:00,48.97,49.04,48.97,49,3721,0
2017-12-04,19:10:00,49.03,49.04,49.01,49.04,1400,0
2017-12-04,19:15:00,49.04,49.08,49.02,49.08,2153,0
2017-12-04,19:20:00,49.07,49.09,48.98,48.98,4700,0
2017-12-04,19:25:00,48.96,48.99,48.95,48.97,1742,0
2017-12-04,19:30:00,48.99,49,48.95,48.97,2278,0
2017-12-04,19:35:00,48.985,49.02,48.985,49.02,2572,0
2017-12-04,19:40:00,49.02,49.06,49.02,49.05,2291,0
2017-12-04,19:45:00,49.05,49.05,48.98,48.995,4075,0
2017-12-04,19:50:00,48.98,48.995,48.98,48.985,1020,0
2017-12-04,19:55:00,48.98,48.98,48.93,48.95,4522,0
2017-12-04,20:00:00,48.95,48.98,48.94,48.98,5356,0
2017-12-04,20:05:00,48.995,48.995,48.95,48.95,1680,0
2017-12-04,20:10:00,48.965,48.965,48.82,48.82,5526,0
2017-12-04,20:15:00,48.83,48.83,48.77,48.77,7412,0
2017-12-04,20:20:00,48.8,48.81,48.76,48.79,4795,0
2017-12-04,20:25:00,48.77,48.77,48.73,48.73,2792,0
2017-12-04,20:30:00,48.73,48.76,48.725,48.75,3000,0
2017-12-04,20:35:00,48.755,48.77,48.72,48.74,4803,0
2017-12-04,20:40:00,48.76,48.78,48.74,48.78,9326,0
2017-12-04,20:45:00,48.79,48.825,48.76,48.82,6999,0
2017-12-04,20:50:00,48.805,48.805,48.76,48.76,5426,0
2017-12-04,20:55:00,48.76,48.83,48.76,48.83,4185,0
2017-12-04,21:00:00,48.82,48.835,48.81,48.81,4791,0
2017-12-04,21:05:00,48.825,48.825,48.78,48.82,6663,0
2017-12-04,21:10:00,48.82,48.86,48.8,48.85,6047,0
2017-12-04,21:15:00,48.85,48.85,48.8,48.82,6449,0
2017-12-04,21:20:00,48.82,48.82,48.7,48.712,10144,0
2017-12-04,21:25:00,48.72,48.76,48.71,48.745,8375,0
2017-12-04,21:30:00,48.745,48.745,48.71,48.72,6871,0
2017-12-04,21:35:00,48.72,48.75,48.69,48.72,12965,0
2017-12-04,21:40:00,48.725,48.755,48.6,48.62,16394,0
2017-12-04,21:45:00,48.61,48.64,48.52,48.52,28591,0
2017-12-04,21:50:00,48.525,48.54,48.38,48.39,47508,0
2017-12-04,21:55:00,48.4,48.43,48.37,48.41,38712,0
2017-12-04,22:00:00,48.41,48.44,48.28,48.3,215689,0
2017-12-05,15:35:00,48.31,48.34,48.09,48.3167,11464,0
2017-12-05,15:40:00,48.28,48.295,47.88,47.89,8205,0
2017-12-05,15:45:00,47.88,47.9,47.68,47.9,4583,0
2017-12-05,15:50:00,47.9,47.92,47.69,47.77,4656,0
2017-12-05,15:55:00,47.87,48.05,47.85,48.015,5441,0
2017-12-05,16:00:00,48.015,48.03,47.8,47.88,10035,0
2017-12-05,16:05:00,47.8782,47.89,47.82,47.836,7103,0
2017-12-05,16:10:00,47.83,47.89,47.72,47.8,7225,0
2017-12-05,16:15:00,47.8,47.89,47.775,47.82,8172,0
2017-12-05,16:20:00,47.8264,47.8264,47.71,47.79,5363,0
2017-12-05,16:25:00,47.79,47.82,47.74,47.75,3020,0
2017-12-05,16:30:00,47.73,47.76,47.68,47.7,9466,0
2017-12-05,16:35:00,47.69,47.73,47.6,47.63,10641,0
2017-12-05,16:40:00,47.63,47.7,47.61,47.61,5897,0
2017-12-05,16:45:00,47.63,47.66,47.57,47.6,15149,0
2017-12-05,16:50:00,47.6,47.63,47.56,47.63,6751,0
2017-12-05,16:55:00,47.64,47.66,47.59,47.59,5273,0
2017-12-05,17:00:00,47.61,47.68,47.58,47.66,13007,0
2017-12-05,17:05:00,47.655,47.69,47.65,47.67,3621,0
2017-12-05,17:10:00,47.7,47.75,47.68,47.69,19516,0
2017-12-05,17:15:00,47.705,47.72,47.63,47.63,7185,0
2017-12-05,17:20:00,47.655,47.66,47.64,47.65,5888,0
2017-12-05,17:25:00,47.65,47.65,47.56,47.57,3821,0
2017-12-05,17:30:00,47.56,47.58,47.56,47.58,3271,0
2017-12-05,17:35:00,47.59,47.72,47.59,47.695,8321,0
2017-12-05,17:40:00,47.71,47.76,47.69,47.7535,33461,0
2017-12-05,17:45:00,47.75,47.75,47.67,47.67,14976,0
2017-12-05,17:50:00,47.65,47.695,47.635,47.655,7691,0
2017-12-05,17:55:00,47.64,47.64,47.62,47.6271,6317,0
2017-12-05,18:00:00,47.63,47.65,47.62,47.62,2661,0
2017-12-05,18:05:00,47.64,47.64,47.49,47.5007,7105,0
2017-12-05,18:10:00,47.5,47.51,47.47,47.48,4944,0
2017-12-05,18:15:00,47.49,47.518,47.48,47.5,5604,0
2017-12-05,18:20:00,47.51,47.52,47.49,47.501,5021,0
2017-12-05,18:25:00,47.51,47.51,47.47,47.48,2522,0
2017-12-05,18:30:00,47.48,47.49,47.43,47.43,6547,0
2017-12-05,18:35:00,47.45,47.52,47.445,47.51,4770,0
2017-12-05,18:40:00,47.53,47.54,47.51,47.52,2400,0
2017-12-05,18:45:00,47.53,47.54,47.51,47.51,4542,0
2017-12-05,18:50:00,47.51,47.51,47.5,47.51,400,0
2017-12-05,18:55:00,47.52,47.62,47.52,47.62,3223,0
2017-12-05,19:00:00,47.61,47.65,47.57,47.59,9271,0
2017-12-05,19:05:00,47.6,47.7,47.6,47.67,6844,0
2017-12-05,19:10:00,47.6814,47.75,47.67,47.73,3708,0
2017-12-05,19:15:00,47.72,47.74,47.71,47.72,1402,0
2017-12-05,19:20:00,47.72,47.73,47.67,47.73,9206,0
2017-12-05,19:25:00,47.71,47.76,47.71,47.74,4369,0
2017-12-05,19:30:00,47.71,47.71,47.66,47.66,7710,0
2017-12-05,19:35:00,47.66,47.7,47.66,47.7,3192,0
2017-12-05,19:40:00,47.71,47.74,47.6832,47.69,5994,0
2017-12-05,19:45:00,47.71,47.74,47.71,47.74,773,0
2017-12-05,19:50:00,47.76,47.76,47.73,47.73,4536,0
2017-12-05,19:55:00,47.75,47.77,47.75,47.75,3097,0
2017-12-05,20:00:00,47.74,47.78,47.74,47.78,4444,0
2017-12-05,20:05:00,47.77,47.8,47.77,47.8,1213,0
2017-12-05,20:10:00,47.81,47.82,47.8,47.8,1646,0
2017-12-05,20:15:00,47.79,47.81,47.73,47.74,5694,0
2017-12-05,20:20:00,47.74,47.74,47.68,47.69,2997,0
2017-12-05,20:25:00,47.7,47.7,47.65,47.66,4641,0
2017-12-05,20:30:00,47.6642,47.68,47.63,47.67,4809,0
2017-12-05,20:35:00,47.66,47.66,47.63,47.645,5442,0
2017-12-05,20:40:00,47.65,47.65,47.62,47.62,3708,0
2017-12-05,20:45:00,47.63,47.7,47.625,47.7,1600,0
2017-12-05,20:50:00,47.69,47.7,47.62,47.63,6978,0
2017-12-05,20:55:00,47.62,47.62,47.52,47.54,12241,0
2017-12-05,21:00:00,47.5364,47.6,47.52,47.6,32442,0
2017-12-05,21:05:00,47.61,47.66,47.59,47.64,8485,0
2017-12-05,21:10:00,47.63,47.65,47.62,47.64,4031,0
2017-12-05,21:15:00,47.64,47.64,47.595,47.595,18626,0
2017-12-05,21:20:00,47.6,47.64,47.56,47.63,15668,0
2017-12-05,21:25:00,47.63,47.68,47.62,47.67,6390,0
2017-12-05,21:30:00,47.675,47.69,47.65,47.67,16635,0
2017-12-05,21:35:00,47.7,47.725,47.7,47.71,15346,0
2017-12-05,21:40:00,47.7,47.7,47.62,47.63,14277,0
2017-12-05,21:45:00,47.625,47.64,47.57,47.57,10358,0
2017-12-05,21:50:00,47.56,47.58,47.5,47.5,21521,0
2017-12-05,21:55:00,47.53,47.53,47.48,47.505,20104,0
2017-12-05,22:00:00,47.505,47.57,47.505,47.51,123377,0
2017-12-06,15:35:00,47.27,47.27,46.95,47.02,39600,0
2017-12-06,15:40:00,47.01,47.03,46.87,46.88,4603,0
2017-12-06,15:45:00,46.88,47.0567,46.88,47.0425,11081,0
2017-12-06,15:50:00,47.02,47.1325,46.97,47.09,13948,0
2017-12-06,15:55:00,47.105,47.18,46.9,46.9,17563,0
2017-12-06,16:00:00,46.935,47.05,46.935,46.97,12199,0
2017-12-06,16:05:00,47,47.07,46.9,46.93,13646,0
2017-12-06,16:10:00,46.955,47.02,46.88,46.93,7555,0
2017-12-06,16:15:00,46.94,46.94,46.82,46.83,27697,0
2017-12-06,16:20:00,46.85,46.8699,46.7,46.71,7144,0
2017-12-06,16:25:00,46.73,46.85,46.72,46.835,7289,0
2017-12-06,16:30:00,46.82,46.86,46.82,46.82,4499,0
2017-12-06,16:35:00,46.82,46.82,46.71,46.79,6809,0
2017-12-06,16:40:00,46.77,46.77,46.32,46.4,48866,0
2017-12-06,16:45:00,46.46,46.55,46.46,46.53,9533,0
2017-12-06,16:50:00,46.52,46.67,46.52,46.55,15485,0
2017-12-06,16:55:00,46.53,46.69,46.53,46.54,17018,0
2017-12-06,17:00:00,46.54,46.6,46.49,46.56,11456,0
2017-12-06,17:05:00,46.57,46.65,46.55,46.65,4995,0
2017-12-06,17:10:00,46.63,46.64,46.56,46.58,8379,0
2017-12-06,17:15:00,46.61,46.62,46.5,46.525,8001,0
2017-12-06,17:20:00,46.54,46.6,46.48,46.53,15403,0
2017-12-06,17:25:00,46.54,46.58,46.45,46.46,11087,0
2017-12-06,17:30:00,46.43,46.54,46.43,46.515,8058,0
2017-12-06,17:35:00,46.49,46.49,46.39,46.4,6224,0
2017-12-06,17:40:00,46.4199,46.4199,46.35,46.37,9223,0
2017-12-06,17:45:00,46.38,46.4,46.38,46.39,19687,0
2017-12-06,17:50:00,46.3966,46.4,46.305,46.305,18864,0
2017-12-06,17:55:00,46.32,46.35,46.29,46.34,13536,0
2017-12-06,18:00:00,46.34,46.34,46.26,46.3,8893,0
2017-12-06,18:05:00,46.27,46.4,46.27,46.39,33535,0
2017-12-06,18:10:00,46.4,46.4,46.28,46.32,45584,0
2017-12-06,18:15:00,46.31,46.33,46.29,46.3,22541,0
2017-12-06,18:20:00,46.28,46.38,46.26,46.32,6822,0
2017-12-06,18:25:00,46.3,46.31,46.21,46.21,8025,0
2017-12-06,18:30:00,46.22,46.28,46.22,46.24,9453,0
2017-12-06,18:35:00,46.24,46.33,46.24,46.33,40749,0
2017-12-06,18:40:00,46.3525,46.36,46.25,46.26,5558,0
2017-12-06,18:45:00,46.25,46.28,46.21,46.21,4097,0
2017-12-06,18:50:00,46.21,46.22,46.16,46.2,5905,0
2017-12-06,18:55:00,46.18,46.25,46.165,46.245,3162,0
2017-12-06,19:00:00,46.24,46.26,46.22,46.23,6160,0
2017-12-06,19:05:00,46.23,46.29,46.22,46.25,5226,0
2017-12-06,19:10:00,46.22,46.285,46.2,46.22,4500,0
2017-12-06,19:15:00,46.23,46.25,46.21,46.22,2347,0
2017-12-06,19:20:00,46.25,46.28,46.23,46.23,6766,0
2017-12-06,19:25:00,46.23,46.26,46.21,46.21,2926,0
2017-12-06,19:30:00,46.22,46.23,46.16,46.17,7960,0
2017-12-06,19:35:00,46.15,46.24,46.14,46.2,4799,0
2017-12-06,19:40:00,46.2,46.27,46.2,46.2,3525,0
2017-12-06,19:45:00,46.2,46.25,46.2,46.2,6060,0
2017-12-06,19:50:00,46.19,46.255,46.19,46.255,4052,0
2017-12-06,19:55:00,46.25,46.26,46.19,46.19,3300,0
2017-12-06,20:00:00,46.19,46.205,46.18,46.19,2100,0
2017-12-06,20:05:00,46.18,46.19,46.15,46.15,6121,0
2017-12-06,20:10:00,46.17,46.19,46.14,46.14,5646,0
2017-12-06,20:15:00,46.14,46.15,46.1,46.1,4700,0
2017-12-06,20:20:00,46.08,46.09,46.02,46.04,7985,0
2017-12-06,20:25:00,46.03,46.03,45.945,45.9775,14963,0
2017-12-06,20:30:00,45.9897,46,45.96,45.96,8992,0
2017-12-06,20:35:00,45.96,45.97,45.93,45.95,8867,0
2017-12-06,20:40:00,45.95,46,45.945,45.97,18344,0
2017-12-06,20:45:00,45.9705,46,45.94,45.99,29029,0
2017-12-06,20:50:00,45.99,46,45.93,45.96,15946,0
2017-12-06,20:55:00,45.96,45.96,45.89,45.9,16610,0
2017-12-06,21:00:00,45.91,45.93,45.9,45.93,6418,0
2017-12-06,21:05:00,45.9244,45.9244,45.82,45.89,18288,0
2017-12-06,21:10:00,45.91,45.96,45.9,45.94,11075,0
2017-12-06,21:15:00,45.95,45.95,45.86,45.86,12502,0
2017-12-06,21:20:00,45.84,46,45.84,46,18619,0
2017-12-06,21:25:00,46,46.07,45.94,46.07,26670,0
2017-12-06,21:30:00,46.07,46.11,46.065,46.08,18193,0
2017-12-06,21:35:00,46.07,46.12,46.07,46.08,19910,0
2017-12-06,21:40:00,46.08,46.12,46.06,46.08,21438,0
2017-12-06,21:45:00,46.075,46.15,46.07,46.15,16553,0
2017-12-06,21:50:00,46.15,46.15,46.05,46.05,27079,0
2017-12-06,21:55:00,46.05,46.07,46.01,46.06,35836,0
2017-12-06,22:00:00,46.06,46.07,45.99,46.04,217898,0
