Date,Time,Open,High,Low,Close,Volume,OpenInt
2017-11-03,14:35:00,13.951,13.951,13.951,13.951,1916,0
2017-11-03,14:40:00,13.966,13.966,13.941,13.96,2561,0
2017-11-03,14:50:00,13.956,13.956,13.941,13.941,1917,0
2017-11-03,14:55:00,13.941,13.941,13.941,13.941,145,0
2017-11-03,15:00:00,13.941,13.941,13.941,13.941,904,0
2017-11-03,15:10:00,13.941,13.941,13.941,13.941,100,0
2017-11-03,15:15:00,13.941,13.941,13.941,13.941,100,0
2017-11-03,15:20:00,13.941,13.941,13.941,13.941,3816,0
2017-11-03,16:30:00,13.931,13.931,13.931,13.931,305,0
2017-11-03,16:40:00,13.941,13.941,13.941,13.941,100,0
2017-11-03,16:45:00,13.931,13.931,13.931,13.931,166,0
2017-11-03,16:55:00,13.941,13.941,13.941,13.941,100,0
2017-11-03,17:00:00,13.941,13.941,13.941,13.941,100,0
2017-11-03,17:20:00,13.941,13.941,13.941,13.941,201,0
2017-11-03,17:25:00,13.941,13.941,13.941,13.941,100,0
2017-11-03,17:35:00,13.941,13.941,13.941,13.941,100,0
2017-11-03,18:00:00,13.931,13.931,13.931,13.931,100,0
2017-11-03,18:15:00,13.941,13.941,13.941,13.941,100,0
2017-11-03,18:20:00,13.941,13.941,13.934,13.934,1108,0
2017-11-03,18:50:00,13.951,13.951,13.951,13.951,100,0
2017-11-03,19:00:00,13.951,13.951,13.941,13.941,201,0
2017-11-03,19:05:00,13.948,13.948,13.948,13.948,402,0
2017-11-03,19:15:00,13.951,13.951,13.951,13.951,100,0
2017-11-03,19:20:00,13.941,13.941,13.931,13.931,5822,0
2017-11-03,19:25:00,13.931,13.931,13.931,13.931,100,0
2017-11-03,19:30:00,13.931,13.931,13.931,13.931,100,0
2017-11-03,19:45:00,13.941,13.941,13.941,13.941,2008,0
2017-11-03,19:50:00,13.931,13.931,13.931,13.931,100,0
2017-11-03,19:55:00,13.941,13.941,13.941,13.941,100,0
2017-11-03,20:05:00,13.931,13.932,13.915,13.915,2410,0
2017-11-03,20:15:00,13.911,13.981,13.911,13.981,17072,0
2017-11-03,20:25:00,13.931,13.931,13.931,13.931,100,0
2017-11-03,20:30:00,13.941,13.941,13.921,13.921,301,0
2017-11-03,20:35:00,13.921,13.921,13.921,13.921,603,0
2017-11-03,20:40:00,13.921,13.921,13.911,13.911,1004,0
2017-11-03,20:45:00,13.911,13.941,13.911,13.941,3022,0
2017-11-03,20:50:00,13.911,13.911,13.911,13.911,803,0
2017-11-03,20:55:00,13.911,13.911,13.911,13.911,703,0
2017-11-03,21:00:00,13.911,13.946,13.901,13.931,10922,0
2017-11-06,15:35:00,13.991,13.991,13.911,13.961,6532,0
2017-11-06,15:45:00,13.965,13.965,13.959,13.959,5724,0
2017-11-06,15:50:00,13.951,13.971,13.951,13.971,402,0
2017-11-06,16:20:00,13.981,13.981,13.961,13.961,1205,0
2017-11-06,16:25:00,13.941,13.941,13.941,13.941,201,0
2017-11-06,17:00:00,13.941,13.941,13.941,13.941,603,0
2017-11-06,17:05:00,13.941,13.941,13.941,13.941,100,0
2017-11-06,17:10:00,13.931,13.931,13.931,13.931,201,0
2017-11-06,17:15:00,13.951,13.951,13.941,13.941,603,0
2017-11-06,17:25:00,13.954,13.954,13.941,13.941,1119,0
2017-11-06,17:30:00,13.961,13.961,13.961,13.961,2310,0
2017-11-06,17:45:00,13.96,13.96,13.96,13.96,954,0
2017-11-06,17:50:00,13.969,13.969,13.956,13.956,1431,0
2017-11-06,17:55:00,13.964,13.964,13.964,13.964,1406,0
2017-11-06,18:30:00,13.961,13.971,13.961,13.961,2059,0
2017-11-06,18:35:00,13.966,13.966,13.961,13.961,550,0
2017-11-06,18:40:00,13.97,13.97,13.97,13.97,301,0
2017-11-06,19:05:00,13.961,13.961,13.961,13.961,331,0
2017-11-06,19:10:00,13.961,13.961,13.961,13.961,412,0
2017-11-06,19:30:00,13.971,13.981,13.971,13.971,2310,0
2017-11-06,19:40:00,13.981,13.981,13.971,13.979,1707,0
2017-11-06,20:00:00,13.981,13.981,13.981,13.981,201,0
2017-11-06,20:15:00,13.971,13.971,13.961,13.961,3673,0
2017-11-06,20:20:00,13.981,13.981,13.981,13.981,703,0
2017-11-06,20:45:00,13.968,13.968,13.968,13.968,2991,0
2017-11-06,20:50:00,13.961,13.991,13.961,13.991,2460,0
2017-11-06,21:30:00,13.991,13.991,13.961,13.961,517,0
2017-11-06,21:45:00,13.961,13.961,13.961,13.961,301,0
2017-11-06,21:50:00,13.971,13.991,13.971,13.991,2783,0
2017-11-06,21:55:00,13.981,13.981,13.961,13.961,3415,0
2017-11-06,22:00:00,13.961,13.981,13.951,13.981,3603,0
2017-11-07,15:35:00,13.951,13.986,13.951,13.986,6689,0
2017-11-07,15:40:00,13.961,13.991,13.961,13.991,2106,0
2017-11-07,15:45:00,13.991,13.991,13.981,13.981,703,0
2017-11-07,15:50:00,13.981,13.981,13.971,13.971,301,0
2017-11-07,15:55:00,13.971,13.971,13.971,13.971,201,0
2017-11-07,16:00:00,13.971,13.981,13.971,13.981,201,0
2017-11-07,16:05:00,13.981,13.981,13.981,13.981,100,0
2017-11-07,16:15:00,13.981,13.981,13.981,13.981,201,0
2017-11-07,16:35:00,13.971,13.971,13.971,13.971,100,0
2017-11-07,16:40:00,13.961,13.971,13.951,13.971,4362,0
2017-11-07,16:45:00,13.971,13.971,13.971,13.971,301,0
2017-11-07,16:50:00,13.981,13.981,13.971,13.971,301,0
2017-11-07,18:30:00,13.971,13.971,13.971,13.971,6628,0
2017-11-07,18:45:00,14.001,14.021,14.001,14.021,2209,0
2017-11-07,18:50:00,14.031,14.031,14.031,14.031,1305,0
2017-11-07,18:55:00,14.031,14.031,14.031,14.031,603,0
2017-11-07,19:00:00,14.031,14.031,14.031,14.031,1607,0
2017-11-07,19:05:00,14.031,14.031,13.991,14.011,3343,0
2017-11-07,19:10:00,14.01,14.031,14.01,14.031,1205,0
2017-11-07,19:20:00,14.041,14.041,14.011,14.021,4077,0
2017-11-07,19:25:00,14.031,14.031,14.031,14.031,1406,0
2017-11-07,19:45:00,14.021,14.036,14.021,14.036,1305,0
2017-11-07,19:50:00,14.05,14.05,14.05,14.05,713,0
2017-11-07,20:10:00,14.021,14.021,14.021,14.021,100,0
2017-11-07,20:45:00,14.041,14.041,14.041,14.041,577,0
2017-11-07,21:00:00,14.051,14.051,14.036,14.051,1607,0
2017-11-07,21:25:00,14.021,14.021,14.021,14.021,914,0
2017-11-07,21:35:00,14.011,14.011,14.011,14.011,1757,0
2017-11-07,21:40:00,14.011,14.021,14.011,14.011,2008,0
2017-11-07,21:45:00,14.021,14.021,14.021,14.021,1406,0
2017-11-07,22:00:00,14.001,14.031,14.001,14.031,1444,0
2017-11-08,15:35:00,14.061,14.061,14.03,14.03,4193,0
2017-11-08,15:40:00,14.031,14.051,14.031,14.051,672,0
2017-11-08,15:45:00,14.051,14.051,14.051,14.051,803,0
2017-11-08,15:50:00,14.051,14.051,14.051,14.051,301,0
2017-11-08,15:55:00,14.031,14.031,14.031,14.031,100,0
2017-11-08,16:00:00,14.041,14.041,14.041,14.041,100,0
2017-11-08,16:05:00,14.051,14.051,14.051,14.051,201,0
2017-11-08,16:10:00,14.041,14.041,14.041,14.041,100,0
2017-11-08,16:15:00,14.041,14.041,14.041,14.041,100,0
2017-11-08,16:20:00,14.051,14.051,14.041,14.041,201,0
2017-11-08,16:25:00,14.031,14.031,14.031,14.031,100,0
2017-11-08,16:30:00,14.051,14.051,14.051,14.051,100,0
2017-11-08,16:35:00,14.031,14.031,14.031,14.031,100,0
2017-11-08,16:40:00,14.031,14.031,14.031,14.031,201,0
2017-11-08,16:45:00,14.026,14.041,14.026,14.041,1707,0
2017-11-08,16:55:00,14.041,14.041,14.021,14.021,201,0
2017-11-08,17:00:00,14.041,14.041,14.021,14.031,2784,0
2017-11-08,17:10:00,14.021,14.021,14.021,14.021,100,0
2017-11-08,17:20:00,14.031,14.031,14.031,14.031,603,0
2017-11-08,17:30:00,14.041,14.041,14.041,14.041,100,0
2017-11-08,17:35:00,14.021,14.021,14.021,14.021,100,0
2017-11-08,17:45:00,14.041,14.041,14.041,14.041,201,0
2017-11-08,17:50:00,14.021,14.021,14.021,14.021,100,0
2017-11-08,18:00:00,14.021,14.021,14.021,14.021,100,0
2017-11-08,18:05:00,14.041,14.041,14.041,14.041,869,0
2017-11-08,18:15:00,14.021,14.021,14.021,14.021,100,0
2017-11-08,18:25:00,14.021,14.021,14.021,14.021,201,0
2017-11-08,18:35:00,14.021,14.021,14.021,14.021,100,0
2017-11-08,18:50:00,14.011,14.011,14.011,14.011,100,0
2017-11-08,19:05:00,14.011,14.011,14.011,14.011,100,0
2017-11-08,19:20:00,14.011,14.011,14.011,14.011,100,0
2017-11-08,19:30:00,14.011,14.011,14.011,14.011,100,0
2017-11-08,19:40:00,14.011,14.011,14.011,14.011,100,0
2017-11-08,19:50:00,14.011,14.011,14.011,14.011,301,0
2017-11-08,19:55:00,14.011,14.011,14.011,14.011,100,0
2017-11-08,20:05:00,14.011,14.011,14.011,14.011,883,0
2017-11-08,20:15:00,14.001,14.011,14.001,14.011,271,0
2017-11-08,20:25:00,14.001,14.001,14.001,14.001,402,0
2017-11-08,20:40:00,14.001,14.001,14.001,14.001,100,0
2017-11-08,20:50:00,14.001,14.001,14.001,14.001,100,0
2017-11-08,20:55:00,14.001,14.001,14.001,14.001,100,0
2017-11-08,21:00:00,14.001,14.001,13.991,13.991,3145,0
2017-11-08,21:05:00,13.991,13.991,13.991,13.991,100,0
2017-11-08,21:10:00,14.001,14.001,14.001,14.001,502,0
2017-11-08,21:15:00,13.991,13.991,13.991,13.991,100,0
2017-11-08,21:20:00,13.991,13.991,13.991,13.991,100,0
2017-11-08,21:30:00,13.991,13.991,13.991,13.991,100,0
2017-11-08,21:35:00,13.991,13.991,13.971,13.971,11221,0
2017-11-08,21:40:00,13.971,13.971,13.966,13.971,1305,0
2017-11-08,21:55:00,13.961,13.981,13.961,13.97,4341,0
2017-11-08,22:00:00,13.971,13.971,13.971,13.971,277,0
2017-11-09,15:35:00,13.971,13.971,13.971,13.971,2190,0
2017-11-09,15:45:00,13.981,13.981,13.961,13.981,1029,0
2017-11-09,15:55:00,13.981,13.981,13.981,13.981,201,0
2017-11-09,16:00:00,13.981,13.981,13.981,13.981,201,0
2017-11-09,16:05:00,13.981,13.981,13.981,13.981,201,0
2017-11-09,16:10:00,13.981,13.981,13.981,13.981,201,0
2017-11-09,16:15:00,13.981,13.981,13.981,13.981,100,0
2017-11-09,16:20:00,13.981,13.981,13.981,13.981,301,0
2017-11-09,16:25:00,13.981,13.981,13.981,13.981,201,0
2017-11-09,16:30:00,13.981,13.991,13.981,13.991,301,0
2017-11-09,16:35:00,13.991,13.991,13.991,13.991,201,0
2017-11-09,16:40:00,13.991,13.991,13.991,13.991,201,0
2017-11-09,16:45:00,13.991,13.991,13.991,13.991,301,0
2017-11-09,16:50:00,13.982,13.991,13.98,13.991,1160,0
2017-11-09,16:55:00,13.991,13.991,13.991,13.991,603,0
2017-11-09,17:00:00,14.001,14.001,14.001,14.001,1179,0
2017-11-09,17:05:00,14.001,14.001,14.001,14.001,201,0
2017-11-09,17:10:00,14.001,14.001,13.998,14.001,502,0
2017-11-09,17:15:00,14.001,14.001,14.001,14.001,201,0
2017-11-09,17:20:00,14.001,14.001,14.001,14.001,100,0
2017-11-09,17:25:00,14.001,14.001,14.001,14.001,201,0
2017-11-09,17:30:00,14.001,14.001,13.991,14.001,633,0
2017-11-09,17:35:00,14.001,14.001,14.001,14.001,100,0
2017-11-09,17:40:00,14.001,14.001,14.001,14.001,201,0
2017-11-09,17:45:00,14.001,14.001,14.001,14.001,301,0
2017-11-09,17:50:00,14.001,14.001,14.001,14.001,100,0
2017-11-09,17:55:00,14.001,14.001,13.996,13.998,1205,0
2017-11-09,18:00:00,14.001,14.001,14.001,14.001,100,0
2017-11-09,18:05:00,13.991,13.991,13.941,13.951,2061,0
2017-11-09,18:10:00,13.941,13.941,13.941,13.941,201,0
2017-11-09,18:15:00,13.941,13.941,13.941,13.941,502,0
2017-11-09,18:20:00,13.941,13.941,13.941,13.941,301,0
2017-11-09,18:25:00,13.968,13.97,13.951,13.951,603,0
2017-11-09,18:30:00,13.951,13.951,13.951,13.951,703,0
2017-11-09,18:40:00,13.941,13.941,13.941,13.941,402,0
2017-11-09,18:45:00,13.941,13.941,13.941,13.941,201,0
2017-11-09,18:55:00,13.941,13.941,13.941,13.941,609,0
2017-11-09,19:00:00,13.961,14.031,13.959,13.981,18313,0
2017-11-09,19:05:00,14.021,14.021,14.021,14.021,100,0
2017-11-09,19:10:00,14.021,14.021,14.021,14.021,100,0
2017-11-09,19:15:00,14.021,14.021,14.021,14.021,100,0
2017-11-09,19:20:00,14.021,14.021,14.001,14.001,603,0
2017-11-09,19:25:00,14.001,14.001,14.001,14.001,100,0
2017-11-09,19:35:00,14.001,14.001,14.001,14.001,100,0
2017-11-09,19:40:00,14.011,14.011,14.011,14.011,100,0
2017-11-09,19:45:00,14.021,14.021,14.021,14.021,100,0
2017-11-09,19:50:00,14.021,14.031,14.021,14.031,301,0
2017-11-09,19:55:00,14.031,14.031,13.991,13.991,642,0
2017-11-09,20:00:00,14.031,14.031,14.031,14.031,100,0
2017-11-09,20:05:00,14.031,14.031,14.031,14.031,201,0
2017-11-09,20:10:00,14.031,14.031,14.031,14.031,402,0
2017-11-09,20:15:00,14.031,14.031,14.031,14.031,201,0
2017-11-09,20:20:00,14.031,14.031,14.031,14.031,100,0
2017-11-09,20:25:00,14.021,14.031,14.021,14.031,5222,0
2017-11-09,20:30:00,14.031,14.031,14.031,14.031,100,0
2017-11-09,20:35:00,14.031,14.031,14.031,14.031,201,0
2017-11-09,20:40:00,14.031,14.031,14.031,14.031,100,0
2017-11-09,20:45:00,14.031,14.031,14.031,14.031,201,0
2017-11-09,20:50:00,14.031,14.031,14.021,14.021,1004,0
2017-11-09,20:55:00,14.021,14.031,14.021,14.021,1169,0
2017-11-09,21:00:00,14.021,14.021,14.021,14.021,201,0
2017-11-09,21:05:00,14.021,14.021,14.018,14.018,552,0
2017-11-09,21:10:00,14.021,14.021,14.021,14.021,201,0
2017-11-09,21:15:00,14.021,14.021,14.021,14.021,201,0
2017-11-09,21:20:00,14.021,14.021,14.018,14.021,2586,0
2017-11-09,21:25:00,14.021,14.021,13.991,13.991,11247,0
2017-11-09,21:30:00,14.001,14.001,14.001,14.001,201,0
2017-11-09,21:35:00,14.021,14.021,14.021,14.021,100,0
2017-11-09,21:40:00,14.021,14.021,14.021,14.021,201,0
2017-11-09,21:45:00,14.021,14.021,13.991,13.991,9540,0
2017-11-09,21:50:00,13.981,13.981,13.981,13.981,452,0
2017-11-09,21:55:00,14.001,14.021,14.001,14.021,703,0
2017-11-09,22:00:00,14.021,14.021,14.011,14.021,1105,0
2017-11-10,15:35:00,13.991,13.991,13.971,13.991,4227,0
2017-11-10,15:45:00,13.986,13.986,13.986,13.986,201,0
2017-11-10,15:50:00,13.991,13.991,13.991,13.991,5222,0
2017-11-10,15:55:00,13.991,13.991,13.991,13.991,201,0
2017-11-10,16:25:00,13.981,13.981,13.981,13.981,603,0
2017-11-10,16:35:00,13.971,14.001,13.971,13.986,2966,0
2017-11-10,16:40:00,13.951,13.951,13.911,13.911,15063,0
2017-11-10,16:45:00,13.921,13.921,13.911,13.911,2002,0
2017-11-10,16:55:00,13.931,13.931,13.931,13.931,301,0
2017-11-10,17:00:00,13.941,13.941,13.941,13.941,500,0
2017-11-10,17:05:00,13.941,13.953,13.941,13.953,2597,0
2017-11-10,17:15:00,13.951,13.951,13.951,13.951,201,0
2017-11-10,17:40:00,13.941,13.941,13.941,13.941,753,0
2017-11-10,17:45:00,13.961,13.961,13.961,13.961,703,0
2017-11-10,17:50:00,13.948,13.948,13.948,13.948,1004,0
2017-11-10,17:55:00,13.951,13.951,13.951,13.951,100,0
2017-11-10,18:20:00,13.941,13.942,13.921,13.942,9530,0
2017-11-10,18:25:00,13.951,13.951,13.951,13.951,1305,0
2017-11-10,18:55:00,13.937,13.937,13.937,13.937,1858,0
2017-11-10,19:20:00,13.938,13.945,13.938,13.945,3312,0
2017-11-10,19:50:00,13.951,13.961,13.944,13.944,1289,0
2017-11-10,19:55:00,13.961,13.961,13.951,13.951,733,0
2017-11-10,20:05:00,13.961,13.961,13.941,13.941,201,0
2017-11-10,20:40:00,13.941,13.942,13.931,13.932,2611,0
2017-11-10,21:05:00,13.961,13.971,13.961,13.961,2418,0
2017-11-10,21:15:00,13.951,13.951,13.951,13.951,100,0
2017-11-10,21:20:00,13.951,13.991,13.951,13.961,2977,0
2017-11-10,21:35:00,13.991,13.991,13.98,13.98,1627,0
2017-11-10,21:40:00,13.951,13.951,13.951,13.951,106,0
2017-11-10,21:50:00,13.951,13.951,13.951,13.951,347,0
2017-11-10,22:00:00,13.961,13.961,13.961,13.961,420,0
2017-11-13,15:35:00,13.941,13.941,13.941,13.941,1572,0
2017-11-13,16:00:00,13.983,13.983,13.983,13.983,344,0
2017-11-13,16:05:00,14.011,14.011,13.986,14.011,2711,0
2017-11-13,16:10:00,14.011,14.011,14.011,14.011,100,0
2017-11-13,16:15:00,13.991,13.991,13.991,13.991,502,0
2017-11-13,16:20:00,14.011,14.011,14.011,14.011,100,0
2017-11-13,16:35:00,14.006,14.011,14.001,14.011,1896,0
2017-11-13,16:45:00,14.001,14.001,14.001,14.001,100,0
2017-11-13,16:55:00,14.001,14.001,13.981,13.981,402,0
2017-11-13,17:00:00,14.008,14.008,14.008,14.008,502,0
2017-11-13,17:10:00,13.981,13.981,13.981,13.981,100,0
2017-11-13,17:15:00,14.011,14.011,14.001,14.001,1518,0
2017-11-13,17:20:00,13.994,13.994,13.991,13.991,1105,0
2017-11-13,17:35:00,13.981,13.981,13.981,13.981,100,0
2017-11-13,17:45:00,14.001,14.001,13.991,13.991,1707,0
2017-11-13,17:55:00,13.991,13.991,13.991,13.991,1004,0
2017-11-13,18:25:00,14.001,14.001,14,14,201,0
2017-11-13,18:35:00,13.981,14.001,13.981,13.991,2879,0
2017-11-13,19:05:00,13.996,14.006,13.996,14.001,1047,0
2017-11-13,20:10:00,14.021,14.031,14.004,14.004,1808,0
2017-11-13,20:20:00,14.021,14.021,14.001,14.001,1019,0
2017-11-13,20:25:00,14.021,14.031,14.001,14.011,1176,0
2017-11-13,20:35:00,14.01,14.031,14.01,14.031,4363,0
2017-11-13,20:45:00,14.016,14.016,14.001,14.016,1105,0
2017-11-13,21:45:00,14.031,14.031,13.991,13.991,14160,0
2017-11-13,21:50:00,13.995,13.995,13.995,13.995,265,0
2017-11-13,21:55:00,14.021,14.021,14.001,14.001,603,0
2017-11-13,22:00:00,14.011,14.011,13.991,13.991,1925,0
2017-11-14,15:35:00,13.991,14.031,13.991,14.031,2277,0
2017-11-14,15:40:00,14.021,14.021,14.021,14.021,904,0
2017-11-14,15:45:00,14.031,14.031,14.031,14.031,100,0
2017-11-14,15:55:00,14.051,14.061,14.041,14.056,4419,0
2017-11-14,16:00:00,14.071,14.071,14.041,14.041,414,0
2017-11-14,16:20:00,14.061,14.061,14.061,14.061,201,0
2017-11-14,16:25:00,14.061,14.061,14.061,14.061,301,0
2017-11-14,16:30:00,14.061,14.061,14.061,14.061,201,0
2017-11-14,16:35:00,14.061,14.061,14.061,14.061,201,0
2017-11-14,16:40:00,14.061,14.061,14.047,14.061,1312,0
2017-11-14,16:45:00,14.061,14.061,14.042,14.061,335,0
2017-11-14,16:50:00,14.061,14.061,14.061,14.061,301,0
2017-11-14,16:55:00,14.051,14.061,14.051,14.061,3515,0
2017-11-14,17:00:00,14.061,14.061,14.061,14.061,201,0
2017-11-14,17:05:00,14.071,14.071,14.041,14.071,2342,0
2017-11-14,17:10:00,14.071,14.071,14.071,14.071,201,0
2017-11-14,17:15:00,14.071,14.08,14.053,14.078,5841,0
2017-11-14,17:20:00,14.1,14.1,14.1,14.1,603,0
2017-11-14,17:25:00,14.1,14.1,14.1,14.1,402,0
2017-11-14,17:30:00,14.1,14.1,14.1,14.1,502,0
2017-11-14,17:50:00,14.092,14.11,14.092,14.11,6001,0
2017-11-14,18:05:00,14.1,14.1,14.085,14.085,1865,0
2017-11-14,18:25:00,14.09,14.09,14.09,14.09,502,0
2017-11-14,18:55:00,14.041,14.041,14.041,14.041,251,0
2017-11-14,19:00:00,14.053,14.053,14.053,14.053,994,0
2017-11-14,19:20:00,14.053,14.053,14.053,14.053,362,0
2017-11-14,19:35:00,14.041,14.041,14.041,14.041,990,0
2017-11-14,20:15:00,14.067,14.067,14.067,14.067,1178,0
2017-11-14,20:30:00,14.078,14.078,14.078,14.078,1255,0
2017-11-14,20:40:00,14.08,14.08,14.08,14.08,301,0
2017-11-14,20:45:00,14.1,14.13,14.1,14.13,1506,0
2017-11-14,20:50:00,14.13,14.15,14.13,14.15,1808,0
2017-11-14,20:55:00,14.15,14.16,14.15,14.16,1990,0
2017-11-14,21:05:00,14.15,14.15,14.15,14.15,443,0
2017-11-14,21:10:00,14.14,14.14,14.09,14.09,1740,0
2017-11-14,21:15:00,14.159,14.159,14.159,14.159,201,0
2017-11-14,21:50:00,14.16,14.16,14.15,14.15,5122,0
2017-11-14,21:55:00,14.16,14.16,14.145,14.16,797,0
2017-11-14,22:00:00,14.16,14.17,14.16,14.17,3394,0
2017-11-15,15:35:00,14.2,14.2,14.2,14.2,1829,0
2017-11-15,15:40:00,14.19,14.19,14.16,14.17,828,0
2017-11-15,15:45:00,14.18,14.18,14.18,14.18,100,0
2017-11-15,15:50:00,14.15,14.15,14.15,14.15,100,0
2017-11-15,15:55:00,14.16,14.16,14.16,14.16,1195,0
2017-11-15,16:00:00,14.165,14.165,14.165,14.165,502,0
2017-11-15,16:05:00,14.19,14.19,14.19,14.19,402,0
2017-11-15,16:15:00,14.172,14.172,14.172,14.172,904,0
2017-11-15,16:20:00,14.17,14.17,14.17,14.17,706,0
2017-11-15,16:25:00,14.151,14.151,14.151,14.151,111,0
2017-11-15,16:30:00,14.18,14.18,14.18,14.18,502,0
2017-11-15,16:40:00,14.18,14.19,14.18,14.19,402,0
2017-11-15,16:45:00,14.185,14.2,14.185,14.2,201,0
2017-11-15,16:50:00,14.19,14.2,14.19,14.2,201,0
2017-11-15,16:55:00,14.2,14.2,14.17,14.2,7389,0
2017-11-15,17:00:00,14.2,14.2,14.185,14.185,402,0
2017-11-15,17:05:00,14.198,14.2,14.198,14.2,619,0
2017-11-15,17:15:00,14.2,14.2,14.2,14.2,301,0
2017-11-15,17:20:00,14.2,14.2,14.2,14.2,201,0
2017-11-15,17:25:00,14.2,14.2,14.2,14.2,201,0
2017-11-15,17:30:00,14.2,14.2,14.2,14.2,2575,0
2017-11-15,17:35:00,14.2,14.2,14.2,14.2,201,0
2017-11-15,17:40:00,14.2,14.2,14.2,14.2,201,0
2017-11-15,17:45:00,14.2,14.2,14.2,14.2,1205,0
2017-11-15,17:50:00,14.2,14.2,14.19,14.2,2209,0
2017-11-15,17:55:00,14.21,14.21,14.21,14.21,100,0
2017-11-15,18:00:00,14.21,14.21,14.189,14.189,1473,0
2017-11-15,18:05:00,14.183,14.195,14.183,14.195,5222,0
2017-11-15,18:10:00,14.19,14.19,14.19,14.19,1931,0
2017-11-15,18:15:00,14.192,14.192,14.192,14.192,251,0
2017-11-15,18:30:00,14.19,14.2,14.19,14.19,1004,0
2017-11-15,18:35:00,14.198,14.198,14.198,14.198,100,0
2017-11-15,18:40:00,14.198,14.198,14.198,14.198,201,0
2017-11-15,18:45:00,14.195,14.2,14.19,14.19,530,0
2017-11-15,18:55:00,14.186,14.186,14.186,14.186,603,0
2017-11-15,19:25:00,14.2,14.2,14.198,14.198,1917,0
2017-11-15,19:50:00,14.21,14.21,14.198,14.2,19565,0
2017-11-15,19:55:00,14.2,14.21,14.2,14.21,502,0
2017-11-15,20:00:00,14.21,14.22,14.195,14.22,854,0
2017-11-15,20:15:00,14.22,14.22,14.195,14.195,2008,0
2017-11-15,20:20:00,14.191,14.191,14.191,14.191,462,0
2017-11-15,20:30:00,14.204,14.204,14.196,14.196,509,0
2017-11-15,20:35:00,14.22,14.22,14.2,14.2,3113,0
2017-11-15,20:50:00,14.2,14.21,14.2,14.21,603,0
2017-11-15,21:05:00,14.21,14.22,14.195,14.22,2109,0
2017-11-15,21:15:00,14.22,14.22,14.2,14.21,2812,0
2017-11-15,21:20:00,14.21,14.21,14.21,14.21,502,0
2017-11-15,21:30:00,14.2,14.21,14.2,14.21,1205,0
2017-11-15,21:45:00,14.21,14.21,14.205,14.205,2109,0
2017-11-15,22:00:00,14.205,14.22,14.205,14.22,1707,0
2017-11-16,15:35:00,14.24,14.24,14.24,14.24,5214,0
2017-11-16,15:40:00,14.25,14.25,14.19,14.19,1741,0
2017-11-16,15:50:00,14.26,14.26,14.26,14.26,100,0
2017-11-16,15:55:00,14.231,14.24,14.22,14.22,324,0
2017-11-16,16:00:00,14.203,14.215,14.202,14.215,2008,0
2017-11-16,16:15:00,14.24,14.24,14.231,14.231,1506,0
2017-11-16,16:40:00,14.24,14.24,14.23,14.23,502,0
2017-11-16,16:55:00,14.24,14.24,14.24,14.24,100,0
2017-11-16,17:05:00,14.23,14.24,14.23,14.23,402,0
2017-11-16,17:10:00,14.24,14.24,14.24,14.24,402,0
2017-11-16,17:30:00,14.24,14.24,14.19,14.19,5071,0
2017-11-16,17:40:00,14.21,14.21,14.21,14.21,100,0
2017-11-16,17:45:00,14.22,14.22,14.205,14.205,502,0
2017-11-16,17:55:00,14.22,14.22,14.22,14.22,100,0
2017-11-16,18:00:00,14.23,14.23,14.23,14.23,128,0
2017-11-16,18:05:00,14.23,14.23,14.23,14.23,100,0
2017-11-16,18:10:00,14.201,14.201,14.201,14.201,589,0
2017-11-16,18:15:00,14.23,14.23,14.23,14.23,100,0
2017-11-16,18:20:00,14.24,14.24,14.24,14.24,100,0
2017-11-16,18:25:00,14.222,14.24,14.222,14.222,1205,0
2017-11-16,18:30:00,14.24,14.24,14.24,14.24,301,0
2017-11-16,18:55:00,14.24,14.24,14.237,14.237,2812,0
2017-11-16,19:05:00,14.24,14.24,14.24,14.24,3515,0
2017-11-16,19:10:00,14.235,14.24,14.235,14.24,3057,0
2017-11-16,19:15:00,14.235,14.235,14.23,14.235,2109,0
2017-11-16,19:20:00,14.23,14.235,14.23,14.235,1707,0
2017-11-16,19:40:00,14.23,14.23,14.22,14.22,1707,0
2017-11-16,19:45:00,14.225,14.225,14.22,14.225,1908,0
2017-11-16,20:00:00,14.23,14.23,14.227,14.227,633,0
2017-11-16,20:10:00,14.23,14.238,14.23,14.238,803,0
2017-11-16,20:20:00,14.24,14.24,14.222,14.222,2472,0
2017-11-16,20:40:00,14.235,14.24,14.235,14.24,2008,0
2017-11-16,20:50:00,14.235,14.24,14.235,14.24,2043,0
2017-11-16,20:55:00,14.24,14.24,14.24,14.24,100,0
2017-11-16,21:05:00,14.25,14.25,14.25,14.25,1275,0
2017-11-16,21:10:00,14.26,14.26,14.26,14.26,100,0
2017-11-16,21:20:00,14.258,14.258,14.258,14.258,412,0
2017-11-16,21:25:00,14.26,14.26,14.25,14.25,3013,0
2017-11-16,21:30:00,14.24,14.25,14.24,14.241,1105,0
2017-11-16,21:35:00,14.26,14.26,14.25,14.26,1607,0
2017-11-16,21:40:00,14.27,14.27,14.27,14.27,502,0
2017-11-16,21:45:00,14.27,14.28,14.27,14.28,904,0
2017-11-16,21:50:00,14.28,14.28,14.275,14.28,1004,0
2017-11-16,21:55:00,14.28,14.29,14.28,14.29,803,0
2017-11-16,22:00:00,14.29,14.3,14.28,14.28,5311,0
2017-11-17,15:35:00,14.309,14.323,14.309,14.323,1915,0
2017-11-17,15:50:00,14.319,14.329,14.309,14.309,3692,0
2017-11-17,15:55:00,14.309,14.309,14.309,14.309,502,0
2017-11-17,16:05:00,14.309,14.312,14.309,14.312,4439,0
2017-11-17,16:15:00,14.309,14.309,14.28,14.28,1906,0
2017-11-17,16:25:00,14.29,14.329,14.29,14.329,7578,0
2017-11-17,16:30:00,14.329,14.339,14.309,14.309,6632,0
2017-11-17,16:35:00,14.319,14.319,14.309,14.309,969,0
2017-11-17,16:40:00,14.309,14.309,14.309,14.309,100,0
2017-11-17,17:00:00,14.309,14.309,14.309,14.309,1004,0
2017-11-17,17:10:00,14.3,14.304,14.3,14.304,1512,0
2017-11-17,17:15:00,14.309,14.309,14.309,14.309,201,0
2017-11-17,17:20:00,14.3,14.309,14.3,14.309,1552,0
2017-11-17,17:25:00,14.309,14.309,14.3,14.3,904,0
2017-11-17,17:30:00,14.302,14.302,14.302,14.302,2234,0
2017-11-17,17:35:00,14.3,14.3,14.3,14.3,733,0
2017-11-17,17:40:00,14.3,14.303,14.29,14.3,4419,0
2017-11-17,17:45:00,14.291,14.291,14.29,14.29,301,0
2017-11-17,17:55:00,14.309,14.309,14.29,14.29,4318,0
2017-11-17,18:00:00,14.281,14.281,14.26,14.26,10042,0
2017-11-17,18:05:00,14.27,14.27,14.24,14.27,31355,0
2017-11-17,18:10:00,14.265,14.267,14.265,14.267,2445,0
2017-11-17,18:15:00,14.26,14.26,14.26,14.26,201,0
2017-11-17,18:20:00,14.26,14.267,14.22,14.248,4961,0
2017-11-17,18:35:00,14.269,14.269,14.233,14.233,2109,0
2017-11-17,18:45:00,14.24,14.24,14.22,14.228,4204,0
2017-11-17,18:50:00,14.22,14.22,14.2,14.208,5147,0
2017-11-17,19:05:00,14.215,14.215,14.2,14.2,1004,0
2017-11-17,19:20:00,14.229,14.229,14.229,14.229,100,0
2017-11-17,19:30:00,14.23,14.23,14.23,14.23,100,0
2017-11-17,19:40:00,14.23,14.23,14.23,14.23,100,0
2017-11-17,19:45:00,14.23,14.23,14.23,14.23,703,0
2017-11-17,19:50:00,14.22,14.22,14.202,14.202,502,0
2017-11-17,19:55:00,14.22,14.22,14.22,14.22,100,0
2017-11-17,20:00:00,14.22,14.22,14.22,14.22,201,0
2017-11-17,20:05:00,14.219,14.219,14.219,14.219,100,0
2017-11-17,20:10:00,14.219,14.22,14.219,14.22,201,0
2017-11-17,20:15:00,14.217,14.22,14.217,14.22,311,0
2017-11-17,20:20:00,14.219,14.219,14.219,14.219,201,0
2017-11-17,20:25:00,14.219,14.219,14.219,14.219,100,0
2017-11-17,20:30:00,14.19,14.22,14.19,14.22,301,0
2017-11-17,20:35:00,14.219,14.219,14.219,14.219,100,0
2017-11-17,20:40:00,14.219,14.219,14.219,14.219,201,0
2017-11-17,20:45:00,14.21,14.21,14.2,14.2,803,0
2017-11-17,21:10:00,14.2,14.2,14.2,14.2,502,0
2017-11-17,21:30:00,14.209,14.209,14.209,14.209,2620,0
2017-11-17,21:40:00,14.19,14.21,14.19,14.21,904,0
2017-11-17,21:45:00,14.2,14.22,14.2,14.22,603,0
2017-11-17,22:00:00,14.2,14.23,14.19,14.23,696,0
2017-11-20,15:35:00,14.22,14.22,14.22,14.22,2305,0
2017-11-20,15:45:00,14.22,14.24,14.21,14.24,1105,0
2017-11-20,16:05:00,14.22,14.23,14.22,14.23,418,0
2017-11-20,16:15:00,14.22,14.23,14.22,14.23,607,0
2017-11-20,16:20:00,14.222,14.222,14.222,14.222,151,0
2017-11-20,16:25:00,14.228,14.228,14.228,14.228,422,0
2017-11-20,16:30:00,14.21,14.21,14.21,14.21,100,0
2017-11-20,16:35:00,14.22,14.23,14.21,14.23,502,0
2017-11-20,16:40:00,14.21,14.21,14.21,14.21,201,0
2017-11-20,16:45:00,14.23,14.23,14.21,14.22,1004,0
2017-11-20,16:50:00,14.21,14.21,14.21,14.21,201,0
2017-11-20,16:55:00,14.22,14.22,14.21,14.21,603,0
2017-11-20,17:00:00,14.21,14.22,14.19,14.19,4073,0
2017-11-20,17:05:00,14.209,14.209,14.19,14.19,771,0
2017-11-20,17:10:00,14.18,14.18,14.18,14.18,803,0
2017-11-20,17:15:00,14.18,14.18,14.17,14.17,1105,0
2017-11-20,17:20:00,14.17,14.17,14.17,14.17,603,0
2017-11-20,17:25:00,14.17,14.178,14.17,14.17,954,0
2017-11-20,17:30:00,14.17,14.17,14.16,14.16,402,0
2017-11-20,17:35:00,14.16,14.16,14.16,14.16,402,0
2017-11-20,17:40:00,14.16,14.16,14.16,14.16,402,0
2017-11-20,17:45:00,14.16,14.163,14.15,14.15,2962,0
2017-11-20,17:50:00,14.15,14.15,14.14,14.14,1607,0
2017-11-20,17:55:00,14.14,14.14,14.14,14.14,502,0
2017-11-20,18:00:00,14.14,14.14,14.13,14.13,703,0
2017-11-20,18:05:00,14.16,14.16,14.13,14.13,402,0
2017-11-20,18:10:00,14.13,14.15,14.13,14.15,402,0
2017-11-20,18:15:00,14.13,14.13,14.13,14.13,402,0
2017-11-20,18:20:00,14.13,14.13,14.13,14.13,402,0
2017-11-20,18:25:00,14.13,14.13,14.13,14.13,301,0
2017-11-20,18:30:00,14.13,14.145,14.13,14.13,582,0
2017-11-20,18:35:00,14.13,14.13,14.13,14.13,201,0
2017-11-20,18:40:00,14.13,14.13,14.12,14.12,301,0
2017-11-20,18:45:00,14.12,14.12,14.12,14.12,703,0
2017-11-20,18:50:00,14.11,14.13,14.11,14.11,1157,0
2017-11-20,18:55:00,14.11,14.11,14.11,14.11,201,0
2017-11-20,19:00:00,14.11,14.11,14.11,14.11,201,0
2017-11-20,19:05:00,14.11,14.11,14.11,14.11,301,0
2017-11-20,19:10:00,14.11,14.119,14.11,14.119,3706,0
2017-11-20,19:15:00,14.11,14.11,14.11,14.11,603,0
2017-11-20,19:20:00,14.09,14.1,14.09,14.1,603,0
2017-11-20,19:25:00,14.09,14.1,14.09,14.09,703,0
2017-11-20,19:30:00,14.09,14.09,14.09,14.09,201,0
2017-11-20,19:35:00,14.09,14.1,14.09,14.1,3113,0
2017-11-20,19:40:00,14.11,14.11,14.11,14.11,1406,0
2017-11-20,19:50:00,14.11,14.13,14.11,14.11,517,0
2017-11-20,19:55:00,14.11,14.11,14.11,14.11,201,0
2017-11-20,20:00:00,14.11,14.11,14.11,14.11,904,0
2017-11-20,20:05:00,14.11,14.11,14.11,14.11,402,0
2017-11-20,20:10:00,14.11,14.11,14.11,14.11,201,0
2017-11-20,20:15:00,14.11,14.11,14.11,14.11,201,0
2017-11-20,20:20:00,14.11,14.11,14.11,14.11,301,0
2017-11-20,20:25:00,14.11,14.11,14.11,14.11,201,0
2017-11-20,20:30:00,14.11,14.11,14.11,14.11,201,0
2017-11-20,20:35:00,14.11,14.11,14.11,14.11,201,0
2017-11-20,20:40:00,14.11,14.11,14.11,14.11,201,0
2017-11-20,20:45:00,14.11,14.11,14.11,14.11,100,0
2017-11-20,20:50:00,14.11,14.11,14.11,14.11,11448,0
2017-11-20,20:55:00,14.1,14.1,14.1,14.1,2310,0
2017-11-20,21:00:00,14.1,14.1,14.1,14.1,402,0
2017-11-20,21:05:00,14.1,14.11,14.1,14.11,603,0
2017-11-20,21:10:00,14.1,14.1,14.1,14.1,301,0
2017-11-20,21:15:00,14.1,14.1,14.1,14.1,301,0
2017-11-20,21:20:00,14.1,14.109,14.1,14.1,5242,0
2017-11-20,21:25:00,14.1,14.11,14.1,14.11,1506,0
2017-11-20,21:30:00,14.1,14.1,14.1,14.1,502,0
2017-11-20,21:35:00,14.1,14.1,14.1,14.1,402,0
2017-11-20,21:40:00,14.1,14.1,14.09,14.09,1971,0
2017-11-20,21:45:00,14.09,14.09,14.09,14.09,502,0
2017-11-20,21:50:00,14.09,14.09,14.09,14.09,502,0
2017-11-20,21:55:00,14.09,14.095,14.09,14.09,1808,0
2017-11-20,22:00:00,14.09,14.1,14.09,14.1,968,0
2017-11-21,15:35:00,14.14,14.14,14.14,14.14,1636,0
2017-11-21,16:00:00,14.14,14.14,14.14,14.14,900,0
2017-11-21,16:05:00,14.14,14.22,14.14,14.21,32069,0
2017-11-21,16:10:00,14.21,14.21,14.21,14.21,900,0
2017-11-21,16:15:00,14.22,14.23,14.22,14.23,2109,0
2017-11-21,16:20:00,14.23,14.235,14.23,14.23,1209,0
2017-11-21,16:25:00,14.22,14.22,14.21,14.21,3214,0
2017-11-21,16:35:00,14.21,14.21,14.21,14.21,100,0
2017-11-21,16:40:00,14.21,14.23,14.21,14.22,477,0
2017-11-21,16:45:00,14.22,14.23,14.21,14.21,1205,0
2017-11-21,16:50:00,14.23,14.23,14.23,14.23,100,0
2017-11-21,16:55:00,14.23,14.23,14.22,14.221,2792,0
2017-11-21,17:05:00,14.22,14.22,14.2,14.2,2711,0
2017-11-21,17:10:00,14.2,14.2,14.2,14.2,1105,0
2017-11-21,17:20:00,14.2,14.21,14.2,14.21,1607,0
2017-11-21,17:25:00,14.21,14.22,14.21,14.22,1639,0
2017-11-21,17:35:00,14.22,14.23,14.22,14.23,844,0
2017-11-21,17:40:00,14.23,14.23,14.2,14.2,2704,0
2017-11-21,17:50:00,14.2,14.2,14.19,14.2,502,0
2017-11-21,17:55:00,14.2,14.2,14.2,14.2,402,0
2017-11-21,18:05:00,14.21,14.21,14.21,14.21,1958,0
2017-11-21,18:10:00,14.21,14.21,14.2,14.2,703,0
2017-11-21,18:15:00,14.21,14.21,14.21,14.21,301,0
2017-11-21,18:20:00,14.21,14.21,14.21,14.21,301,0
2017-11-21,18:30:00,14.21,14.21,14.2,14.2,402,0
2017-11-21,18:45:00,14.205,14.205,14.205,14.205,100,0
2017-11-21,18:50:00,14.21,14.21,14.21,14.21,201,0
2017-11-21,18:55:00,14.21,14.21,14.205,14.21,452,0
2017-11-21,19:00:00,14.22,14.23,14.22,14.23,703,0
2017-11-21,19:05:00,14.23,14.23,14.23,14.23,100,0
2017-11-21,19:10:00,14.24,14.24,14.2,14.2,2008,0
2017-11-21,19:15:00,14.2,14.2,14.2,14.2,201,0
2017-11-21,19:25:00,14.22,14.22,14.22,14.22,201,0
2017-11-21,19:30:00,14.22,14.22,14.22,14.22,201,0
2017-11-21,19:35:00,14.22,14.22,14.22,14.22,201,0
2017-11-21,19:40:00,14.22,14.24,14.22,14.24,301,0
2017-11-21,19:55:00,14.234,14.25,14.234,14.25,2611,0
2017-11-21,20:00:00,14.25,14.25,14.23,14.24,1572,0
2017-11-21,20:05:00,14.25,14.26,14.24,14.25,4194,0
2017-11-21,20:10:00,14.26,14.26,14.225,14.225,966,0
2017-11-21,20:15:00,14.23,14.23,14.21,14.21,603,0
2017-11-21,20:20:00,14.23,14.23,14.23,14.23,201,0
2017-11-21,20:25:00,14.23,14.23,14.22,14.23,703,0
2017-11-21,20:30:00,14.23,14.23,14.23,14.23,100,0
2017-11-21,20:35:00,14.23,14.23,14.23,14.23,100,0
2017-11-21,20:40:00,14.23,14.23,14.19,14.2,3716,0
2017-11-21,20:45:00,14.23,14.23,14.23,14.23,100,0
2017-11-21,20:50:00,14.215,14.23,14.201,14.23,989,0
2017-11-21,20:55:00,14.23,14.23,14.23,14.23,301,0
2017-11-21,21:10:00,14.23,14.23,14.23,14.23,301,0
2017-11-21,22:00:00,14.23,14.23,14.19,14.19,3736,0
2017-11-22,15:35:00,14.21,14.21,14.21,14.21,2864,0
2017-11-22,15:40:00,14.21,14.27,14.21,14.27,3181,0
2017-11-22,15:45:00,14.2534,14.26,14.2534,14.26,1200,0
2017-11-22,15:55:00,14.27,14.3,14.27,14.3,1300,0
2017-11-22,16:00:00,14.29,14.29,14.29,14.29,100,0
2017-11-22,16:05:00,14.28,14.28,14.27,14.27,600,0
2017-11-22,16:10:00,14.29,14.29,14.29,14.29,100,0
2017-11-22,16:15:00,14.27,14.27,14.27,14.27,300,0
2017-11-22,16:20:00,14.27,14.27,14.27,14.27,300,0
2017-11-22,16:30:00,14.27,14.27,14.27,14.27,100,0
2017-11-22,16:55:00,14.26,14.26,14.26,14.26,100,0
2017-11-22,17:00:00,14.27,14.27,14.26,14.26,700,0
2017-11-22,17:05:00,14.26,14.27,14.26,14.26,1200,0
2017-11-22,17:10:00,14.26,14.26,14.26,14.26,100,0
2017-11-22,17:15:00,14.25,14.25,14.24,14.25,1200,0
2017-11-22,17:20:00,14.24,14.24,14.24,14.24,100,0
2017-11-22,17:45:00,14.24,14.25,14.235,14.24,6600,0
2017-11-22,17:50:00,14.24,14.24,14.24,14.24,400,0
2017-11-22,17:55:00,14.24,14.24,14.24,14.24,500,0
2017-11-22,18:00:00,14.24,14.24,14.2399,14.2399,1778,0
2017-11-22,18:05:00,14.24,14.24,14.24,14.24,700,0
2017-11-22,18:10:00,14.24,14.24,14.235,14.24,1100,0
2017-11-22,18:15:00,14.24,14.24,14.24,14.24,500,0
2017-11-22,18:20:00,14.24,14.24,14.24,14.24,2500,0
2017-11-22,18:25:00,14.24,14.24,14.2308,14.24,3209,0
2017-11-22,18:30:00,14.24,14.24,14.24,14.24,400,0
2017-11-22,18:35:00,14.235,14.24,14.235,14.24,3900,0
2017-11-22,18:55:00,14.25,14.25,14.25,14.25,100,0
2017-11-22,19:15:00,14.24,14.24,14.24,14.24,100,0
2017-11-22,19:45:00,14.2469,14.2469,14.2469,14.2469,350,0
2017-11-22,20:00:00,14.245,14.245,14.245,14.245,100,0
2017-11-22,20:05:00,14.25,14.25,14.25,14.25,128,0
2017-11-22,20:10:00,14.245,14.25,14.245,14.2472,1516,0
2017-11-22,20:15:00,14.245,14.245,14.21,14.2237,8500,0
2017-11-22,20:30:00,14.24,14.24,14.239,14.239,900,0
2017-11-22,20:35:00,14.245,14.25,14.245,14.25,1000,0
2017-11-22,20:50:00,14.24,14.243,14.24,14.243,1125,0
2017-11-22,21:00:00,14.245,14.25,14.245,14.25,400,0
2017-11-22,21:05:00,14.25,14.25,14.25,14.25,300,0
2017-11-22,21:10:00,14.25,14.25,14.25,14.25,1700,0
2017-11-22,21:15:00,14.25,14.25,14.21,14.21,5656,0
2017-11-22,21:20:00,14.23,14.235,14.23,14.235,200,0
2017-11-22,21:25:00,14.225,14.25,14.225,14.25,300,0
2017-11-22,21:30:00,14.25,14.25,14.25,14.25,300,0
2017-11-22,21:35:00,14.25,14.25,14.24,14.25,500,0
2017-11-22,21:40:00,14.25,14.25,14.25,14.25,400,0
2017-11-22,21:45:00,14.25,14.25,14.24,14.25,3200,0
2017-11-22,21:50:00,14.25,14.25,14.2301,14.25,1231,0
2017-11-22,21:55:00,14.25,14.25,14.19,14.19,6069,0
2017-11-22,22:00:00,14.19,14.2,14.18,14.2,1027,0
2017-11-24,15:35:00,14.2,14.2,14.17,14.19,1698,0
2017-11-24,16:15:00,14.18,14.18,14.179,14.18,800,0
2017-11-24,16:25:00,14.16,14.17,14.15,14.17,2100,0
2017-11-24,16:45:00,14.16,14.16,14.16,14.16,300,0
2017-11-24,17:10:00,14.16,14.16,14.16,14.16,900,0
2017-11-24,17:35:00,14.16,14.16,14.1599,14.1599,200,0
2017-11-24,17:40:00,14.16,14.17,14.1599,14.17,3314,0
2017-11-24,18:00:00,14.17,14.17,14.17,14.17,600,0
2017-11-24,18:25:00,14.18,14.18,14.18,14.18,100,0
2017-11-24,18:50:00,14.16,14.1601,14.16,14.1601,1137,0
2017-11-24,19:00:00,14.18,14.18,14.18,14.18,100,0
2017-11-27,15:35:00,14.16,14.16,14.16,14.16,1334,0
2017-11-27,15:50:00,14.1799,14.1799,14.1799,14.1799,373,0
2017-11-27,16:00:00,14.16,14.16,14.16,14.16,600,0
2017-11-27,16:10:00,14.1699,14.1699,14.16,14.1601,2500,0
2017-11-27,17:00:00,14.15,14.15,14.15,14.15,699,0
2017-11-27,17:05:00,14.15,14.15,14.15,14.15,200,0
2017-11-27,17:20:00,14.16,14.16,14.15,14.15,1400,0
2017-11-27,17:25:00,14.155,14.1599,14.15,14.15,1300,0
2017-11-27,17:30:00,14.15,14.15,14.15,14.15,200,0
2017-11-27,17:35:00,14.1599,14.1599,14.155,14.155,200,0
2017-11-27,18:00:00,14.15,14.15,14.15,14.15,200,0
2017-11-27,18:15:00,14.15,14.1527,14.12,14.12,16160,0
2017-11-27,18:35:00,14.128,14.128,14.128,14.128,400,0
2017-11-27,18:40:00,14.12,14.12,14.12,14.12,100,0
2017-11-27,19:10:00,14.1201,14.1399,14.12,14.12,3162,0
2017-11-27,19:15:00,14.12,14.1356,14.11,14.13,2794,0
2017-11-27,20:10:00,14.11,14.128,14.11,14.1157,2000,0
2017-11-27,20:20:00,14.11,14.1101,14.1,14.1,3393,0
2017-11-27,21:00:00,14.1,14.1001,14.1,14.1001,3200,0
2017-11-27,21:40:00,14.11,14.11,14.11,14.11,1484,0
2017-11-27,21:55:00,14.1099,14.11,14.107,14.11,1998,0
2017-11-27,22:00:00,14.1,14.11,14.1,14.1,2761,0
2017-11-28,15:35:00,14.12,14.12,14.12,14.12,3568,0
2017-11-28,15:40:00,14.165,14.165,14.165,14.165,1000,0
2017-11-28,15:55:00,14.12,14.135,14.12,14.135,200,0
2017-11-28,16:10:00,14.125,14.125,14.1,14.1,2731,0
2017-11-28,16:30:00,14.11,14.11,14.11,14.11,200,0
2017-11-28,16:45:00,14.12,14.135,14.12,14.135,6200,0
2017-11-28,16:50:00,14.135,14.135,14.135,14.135,800,0
2017-11-28,16:55:00,14.135,14.1599,14.135,14.1599,1000,0
2017-11-28,17:10:00,14.12,14.12,14.12,14.12,200,0
2017-11-28,17:15:00,14.12,14.12,14.12,14.12,200,0
2017-11-28,17:30:00,14.11,14.11,14.11,14.11,100,0
2017-11-28,17:35:00,14.1144,14.1144,14.1144,14.1144,900,0
2017-11-28,17:50:00,14.12,14.12,14.12,14.12,803,0
2017-11-28,18:30:00,14.16,14.17,14.16,14.17,900,0
2017-11-28,18:50:00,14.15,14.1516,14.14,14.1516,3012,0
2017-11-28,19:45:00,14.1496,14.1496,14.1496,14.1496,707,0
2017-11-28,20:05:00,14.15,14.1551,14.15,14.1551,4150,0
2017-11-28,20:25:00,14.16,14.16,14.1599,14.1599,3630,0
2017-11-28,20:30:00,14.1596,14.1596,14.1596,14.1596,565,0
2017-11-28,20:35:00,14.1599,14.16,14.1599,14.1599,1399,0
2017-11-28,20:40:00,14.1324,14.1324,14.1324,14.1324,175,0
2017-11-28,20:45:00,14.1101,14.1101,14.11,14.11,910,0
2017-11-28,20:50:00,14.1325,14.1325,14.1325,14.1325,112,0
2017-11-28,21:05:00,14.11,14.11,14.11,14.11,100,0
2017-11-28,21:10:00,14.15,14.15,14.15,14.15,886,0
2017-11-28,21:20:00,14.15,14.1566,14.15,14.154,7136,0
2017-11-28,21:25:00,14.15,14.15,14.15,14.15,100,0
2017-11-28,21:45:00,14.1599,14.1599,14.1599,14.1599,560,0
2017-11-28,21:55:00,14.155,14.16,14.155,14.1599,1780,0
2017-11-28,22:00:00,14.17,14.19,14.17,14.19,976,0
2017-11-29,15:35:00,14.15,14.15,14.14,14.14,5030,0
2017-11-29,15:40:00,14.15,14.15,14.15,14.15,100,0
2017-11-29,15:45:00,14.149,14.15,14.149,14.15,500,0
2017-11-29,15:55:00,14.14,14.14,14.14,14.14,400,0
2017-11-29,16:00:00,14.11,14.13,14.11,14.13,1102,0
2017-11-29,16:15:00,14.1299,14.1299,14.1299,14.1299,217,0
2017-11-29,16:35:00,14.13,14.13,14.13,14.13,900,0
2017-11-29,16:40:00,14.13,14.13,14.12,14.12,1600,0
2017-11-29,16:45:00,14.12,14.1399,14.12,14.13,2117,0
2017-11-29,16:50:00,14.14,14.15,14.14,14.1489,536,0
2017-11-29,16:55:00,14.14,14.14,14.14,14.14,198,0
2017-11-29,17:00:00,14.1405,14.1405,14.1405,14.1405,787,0
2017-11-29,17:05:00,14.14,14.14,14.13,14.13,1839,0
2017-11-29,17:10:00,14.13,14.13,14.13,14.13,667,0
2017-11-29,17:30:00,14.13,14.13,14.13,14.13,100,0
2017-11-29,17:45:00,14.1201,14.1201,14.1201,14.1201,355,0
2017-11-29,17:50:00,14.13,14.13,14.13,14.13,300,0
2017-11-29,17:55:00,14.13,14.13,14.12,14.1201,600,0
2017-11-29,18:25:00,14.13,14.13,14.13,14.13,100,0
2017-11-29,18:35:00,14.13,14.13,14.13,14.13,300,0
2017-11-29,18:40:00,14.15,14.15,14.15,14.15,600,0
2017-11-29,18:45:00,14.15,14.15,14.15,14.15,108,0
2017-11-29,18:55:00,14.16,14.16,14.16,14.16,100,0
2017-11-29,19:15:00,14.17,14.17,14.1699,14.1699,569,0
2017-11-29,19:20:00,14.1601,14.1601,14.16,14.16,606,0
2017-11-29,19:25:00,14.1501,14.1501,14.1501,14.1501,175,0
2017-11-29,19:35:00,14.17,14.17,14.15,14.15,5522,0
2017-11-29,19:40:00,14.16,14.16,14.16,14.16,100,0
2017-11-29,19:50:00,14.1501,14.1522,14.1501,14.1522,500,0
2017-11-29,20:10:00,14.16,14.17,14.16,14.165,2100,0
2017-11-29,20:15:00,14.16,14.16,14.16,14.16,1062,0
2017-11-29,20:20:00,14.1501,14.1501,14.15,14.15,6508,0
2017-11-29,20:35:00,14.14,14.14,14.14,14.14,100,0
2017-11-29,20:45:00,14.14,14.1517,14.1284,14.1517,3200,0
2017-11-29,20:50:00,14.14,14.18,14.14,14.14,1300,0
2017-11-29,21:05:00,14.15,14.15,14.15,14.15,2100,0
2017-11-29,21:30:00,14.17,14.17,14.17,14.17,350,0
2017-11-29,21:45:00,14.1396,14.1396,14.12,14.1234,8690,0
2017-11-29,21:55:00,14.1288,14.1307,14.1196,14.1307,986,0
2017-11-29,22:00:00,14.11,14.13,14.1,14.1,12630,0
2017-11-30,15:35:00,14.14,14.1499,14.14,14.14,2718,0
2017-11-30,15:40:00,14.14,14.14,14.14,14.14,200,0
2017-11-30,15:45:00,14.1199,14.14,14.1199,14.14,336,0
2017-11-30,15:50:00,14.14,14.14,14.14,14.14,100,0
2017-11-30,15:55:00,14.14,14.14,14.139,14.139,8156,0
2017-11-30,16:00:00,14.14,14.14,14.14,14.14,900,0
2017-11-30,16:05:00,14.11,14.13,14.11,14.13,887,0
2017-11-30,16:10:00,14.16,14.16,14.16,14.16,100,0
2017-11-30,16:15:00,14.16,14.16,14.16,14.16,200,0
2017-11-30,16:20:00,14.17,14.17,14.17,14.17,2260,0
2017-11-30,16:40:00,14.18,14.18,14.18,14.18,400,0
2017-11-30,17:20:00,14.17,14.17,14.17,14.17,200,0
2017-11-30,17:25:00,14.16,14.17,14.16,14.17,300,0
2017-11-30,17:30:00,14.1799,14.1799,14.17,14.17,3207,0
2017-11-30,17:35:00,14.16,14.165,14.16,14.16,830,0
2017-11-30,17:40:00,14.145,14.145,14.145,14.145,100,0
2017-11-30,18:00:00,14.15,14.15,14.13,14.13,1270,0
2017-11-30,18:05:00,14.16,14.16,14.16,14.16,100,0
2017-11-30,18:10:00,14.16,14.16,14.13,14.148,445,0
2017-11-30,18:15:00,14.15,14.15,14.15,14.15,100,0
2017-11-30,18:40:00,14.155,14.155,14.155,14.155,300,0
2017-11-30,18:45:00,14.16,14.16,14.154,14.154,340,0
2017-11-30,18:50:00,14.155,14.155,14.15,14.15,307,0
2017-11-30,18:55:00,14.15,14.15,14.14,14.14,300,0
2017-11-30,19:00:00,14.15,14.15,14.15,14.15,100,0
2017-11-30,19:05:00,14.15,14.16,14.15,14.15,2000,0
2017-11-30,19:10:00,14.14,14.14,14.11,14.11,1000,0
2017-11-30,19:25:00,14.1303,14.1303,14.1303,14.1303,330,0
2017-11-30,19:30:00,14.14,14.15,14.14,14.15,1121,0
2017-11-30,19:35:00,14.15,14.15,14.15,14.15,500,0
2017-11-30,19:40:00,14.1404,14.15,14.1404,14.15,1875,0
2017-11-30,19:50:00,14.15,14.15,14.14,14.14,520,0
2017-11-30,19:55:00,14.16,14.19,14.14,14.15,24821,0
2017-11-30,20:05:00,14.16,14.16,14.13,14.13,1500,0
2017-11-30,20:30:00,14.1405,14.1405,14.1405,14.1405,500,0
2017-11-30,20:35:00,14.1384,14.1384,14.1384,14.1384,1147,0
2017-11-30,20:55:00,14.1599,14.1599,14.1599,14.1599,330,0
2017-11-30,21:05:00,14.14,14.15,14.14,14.1466,5050,0
2017-11-30,21:15:00,14.14,14.14,14.13,14.13,900,0
2017-11-30,21:20:00,14.13,14.13,14.1273,14.13,1869,0
2017-11-30,21:25:00,14.13,14.13,14.12,14.12,1700,0
2017-11-30,21:30:00,14.13,14.13,14.12,14.12,11014,0
2017-11-30,21:40:00,14.1218,14.13,14.1218,14.13,2685,0
2017-11-30,21:45:00,14.14,14.14,14.12,14.12,1068,0
2017-11-30,21:50:00,14.1299,14.1299,14.129,14.129,1675,0
2017-11-30,22:00:00,14.13,14.15,14.1,14.1,2995,0
2017-12-01,15:35:00,14.16,14.16,14.148,14.148,6155,0
2017-12-01,15:45:00,14.13,14.1348,14.13,14.1348,6700,0
2017-12-01,16:20:00,14.1672,14.18,14.1672,14.1695,528,0
2017-12-01,16:45:00,14.17,14.17,14.1695,14.1695,784,0
2017-12-01,16:55:00,14.165,14.165,14.165,14.165,100,0
2017-12-01,17:00:00,14.16,14.165,14.16,14.16,2437,0
2017-12-01,17:10:00,14.16,14.16,14.16,14.16,1500,0
2017-12-01,17:15:00,14.16,14.16,14.16,14.16,500,0
2017-12-01,17:20:00,14.19,14.19,14.19,14.19,300,0
2017-12-01,17:25:00,14.16,14.19,14.16,14.19,600,0
2017-12-01,17:30:00,14.16,14.18,14.15,14.18,1300,0
2017-12-01,17:40:00,14.16,14.16,14.16,14.16,700,0
2017-12-01,17:45:00,14.1704,14.183,14.1704,14.183,2419,0
2017-12-01,17:55:00,14.17,14.17,14.17,14.17,100,0
2017-12-01,18:00:00,14.16,14.16,14.16,14.16,4781,0
2017-12-01,18:05:00,14.2,14.2,14.2,14.2,1056,0
2017-12-01,18:20:00,14.1897,14.1897,14.1897,14.1897,177,0
2017-12-01,18:30:00,14.19,14.19,14.19,14.19,400,0
2017-12-01,18:35:00,14.2,14.2124,14.2,14.2124,7100,0
2017-12-01,18:40:00,14.22,14.22,14.22,14.22,27800,0
2017-12-01,18:45:00,14.23,14.25,14.23,14.25,2600,0
2017-12-01,18:50:00,14.3,14.3,14.3,14.3,200,0
2017-12-01,18:55:00,14.2601,14.275,14.2601,14.275,1100,0
2017-12-01,19:00:00,14.28,14.32,14.28,14.32,2100,0
2017-12-01,19:05:00,14.3,14.32,14.3,14.31,2398,0
2017-12-01,19:10:00,14.31,14.31,14.31,14.31,100,0
2017-12-01,19:15:00,14.31,14.34,14.31,14.34,5800,0
2017-12-01,19:20:00,14.335,14.335,14.32,14.32,2400,0
2017-12-01,19:35:00,14.32,14.33,14.32,14.33,10559,0
2017-12-01,19:40:00,14.315,14.315,14.27,14.271,1300,0
2017-12-01,19:50:00,14.28,14.6,14.28,14.39,27959,0
2017-12-01,19:55:00,14.4,14.47,14.39,14.41,5780,0
2017-12-01,20:00:00,14.38,14.39,14.35,14.39,3250,0
2017-12-01,20:15:00,14.36,14.36,14.35,14.35,2410,0
2017-12-01,20:20:00,14.35,14.35,14.25,14.251,15400,0
2017-12-01,20:55:00,14.27,14.27,14.27,14.27,1200,0
2017-12-01,21:05:00,14.27,14.27,14.27,14.27,100,0
2017-12-01,21:10:00,14.27,14.27,14.27,14.27,200,0
2017-12-01,21:20:00,14.27,14.27,14.27,14.27,100,0
2017-12-01,21:30:00,14.27,14.27,14.27,14.27,300,0
2017-12-01,21:40:00,14.3085,14.3085,14.3085,14.3085,250,0
2017-12-01,21:50:00,14.27,14.27,14.27,14.27,100,0
2017-12-01,21:55:00,14.27,14.2762,14.27,14.2762,886,0
2017-12-01,22:00:00,14.3,14.3,14.23,14.24,1784,0
2017-12-04,15:35:00,14.28,14.28,14.28,14.28,2996,0
2017-12-04,15:55:00,14.27,14.27,14.27,14.27,200,0
2017-12-04,16:05:00,14.275,14.275,14.24,14.25,1620,0
2017-12-04,16:20:00,14.22,14.25,14.22,14.25,749,0
2017-12-04,16:25:00,14.2145,14.2258,14.2145,14.2258,2430,0
2017-12-04,16:30:00,14.2392,14.2392,14.2301,14.2301,600,0
2017-12-04,16:35:00,14.22,14.22,14.21,14.22,4399,0
2017-12-04,16:45:00,14.21,14.22,14.16,14.1992,8009,0
2017-12-04,16:55:00,14.18,14.18,14.18,14.18,200,0
2017-12-04,17:10:00,14.16,14.16,14.15,14.15,6500,0
2017-12-04,17:20:00,14.15,14.15,14.1499,14.1499,905,0
2017-12-04,17:25:00,14.15,14.15,14.15,14.15,200,0
2017-12-04,17:30:00,14.15,14.183,14.15,14.183,4694,0
2017-12-04,17:45:00,14.15,14.16,14.15,14.16,400,0
2017-12-04,17:50:00,14.1301,14.1301,14.12,14.13,4389,0
2017-12-04,18:20:00,14.15,14.15,14.135,14.14,5214,0
2017-12-04,18:25:00,14.1417,14.15,14.13,14.13,4100,0
2017-12-04,18:30:00,14.12,14.14,14.12,14.14,600,0
2017-12-04,18:35:00,14.11,14.14,14.11,14.11,6100,0
2017-12-04,18:40:00,14.11,14.14,14.11,14.13,1408,0
2017-12-04,18:45:00,14.13,14.13,14.13,14.13,200,0
2017-12-04,18:50:00,14.13,14.14,14.13,14.14,800,0
2017-12-04,18:55:00,14.13,14.13,14.13,14.13,500,0
2017-12-04,19:00:00,14.1327,14.14,14.13,14.135,2400,0
2017-12-04,19:05:00,14.13,14.13,14.13,14.13,100,0
2017-12-04,19:10:00,14.13,14.14,14.13,14.135,1108,0
2017-12-04,19:15:00,14.13,14.13,14.13,14.13,200,0
2017-12-04,19:20:00,14.13,14.14,14.13,14.1392,1078,0
2017-12-04,19:25:00,14.13,14.135,14.13,14.13,3200,0
2017-12-04,19:30:00,14.13,14.13,14.13,14.13,300,0
2017-12-04,19:35:00,14.13,14.13,14.13,14.13,300,0
2017-12-04,19:40:00,14.13,14.13,14.13,14.13,300,0
2017-12-04,19:45:00,14.13,14.13,14.13,14.13,300,0
2017-12-04,19:50:00,14.13,14.13,14.13,14.13,300,0
2017-12-04,19:55:00,14.13,14.1349,14.13,14.13,800,0
2017-12-04,20:00:00,14.12,14.12,14.12,14.12,100,0
2017-12-04,20:05:00,14.12,14.12,14.12,14.12,300,0
2017-12-04,20:10:00,14.12,14.12,14.12,14.12,300,0
2017-12-04,20:15:00,14.12,14.12,14.12,14.12,300,0
2017-12-04,20:20:00,14.12,14.12,14.12,14.12,200,0
2017-12-04,20:25:00,14.12,14.13,14.12,14.12,1110,0
2017-12-04,20:30:00,14.13,14.13,14.12,14.12,700,0
2017-12-04,20:35:00,14.12,14.12,14.12,14.12,300,0
2017-12-04,20:40:00,14.12,14.13,14.12,14.12,10130,0
2017-12-04,20:45:00,14.12,14.12,14.12,14.12,100,0
2017-12-04,20:50:00,14.12,14.12,14.11,14.11,7449,0
2017-12-04,20:55:00,14.1,14.12,14.1,14.11,3394,0
2017-12-04,21:00:00,14.1,14.1146,14.1,14.1,2018,0
2017-12-04,21:05:00,14.1,14.11,14.1,14.1,6400,0
2017-12-04,21:10:00,14.1,14.11,14.1,14.1,500,0
2017-12-04,21:15:00,14.11,14.11,14.1,14.1,500,0
2017-12-04,21:20:00,14.1099,14.1099,14.1,14.1,1700,0
2017-12-04,21:25:00,14.1,14.11,14.1,14.1,700,0
2017-12-04,21:30:00,14.1,14.11,14.08,14.08,13155,0
2017-12-04,21:35:00,14.08,14.1,14.08,14.09,700,0
2017-12-04,21:40:00,14.1,14.1,14.09,14.095,900,0
2017-12-04,21:45:00,14.09,14.1,14.09,14.0901,1405,0
2017-12-04,21:50:00,14.095,14.13,14.095,14.1,5928,0
2017-12-04,21:55:00,14.09,14.1097,14.08,14.0999,14494,0
2017-12-04,22:00:00,14.1,14.15,14.09,14.15,3230,0
2017-12-05,15:35:00,14.14,14.14,14.14,14.14,2890,0
2017-12-05,15:40:00,14.1018,14.1018,14.1018,14.1018,400,0
2017-12-05,16:30:00,14.141,14.16,14.13,14.16,7500,0
2017-12-05,16:50:00,14.155,14.155,14.155,14.155,400,0
2017-12-05,17:05:00,14.15,14.15,14.14,14.14,2794,0
2017-12-05,17:25:00,14.145,14.145,14.145,14.145,300,0
2017-12-05,17:30:00,14.14,14.16,14.14,14.145,7142,0
2017-12-05,17:35:00,14.145,14.145,14.1401,14.1401,600,0
2017-12-05,18:00:00,14.1301,14.16,14.1301,14.16,5100,0
2017-12-05,18:10:00,14.16,14.16,14.16,14.16,100,0
2017-12-05,18:15:00,14.1523,14.1523,14.1523,14.1523,250,0
2017-12-05,18:20:00,14.16,14.16,14.16,14.16,100,0
2017-12-05,18:35:00,14.17,14.17,14.16,14.17,6400,0
2017-12-05,18:40:00,14.17,14.17,14.15,14.17,1286,0
2017-12-05,18:50:00,14.17,14.17,14.17,14.17,300,0
2017-12-05,18:55:00,14.17,14.17,14.1566,14.1566,1000,0
2017-12-05,19:10:00,14.17,14.17,14.17,14.17,300,0
2017-12-05,19:25:00,14.17,14.17,14.17,14.17,391,0
2017-12-05,19:35:00,14.17,14.18,14.17,14.18,5500,0
2017-12-05,19:40:00,14.18,14.18,14.18,14.18,300,0
2017-12-05,19:45:00,14.18,14.18,14.1706,14.1706,825,0
2017-12-05,19:55:00,14.18,14.18,14.18,14.18,300,0
2017-12-05,20:00:00,14.17,14.17,14.16,14.17,8300,0
2017-12-05,20:10:00,14.17,14.17,14.17,14.17,200,0
2017-12-05,20:15:00,14.17,14.17,14.17,14.17,5600,0
2017-12-05,20:20:00,14.17,14.18,14.17,14.18,300,0
2017-12-05,20:25:00,14.18,14.18,14.18,14.18,300,0
2017-12-05,20:30:00,14.18,14.18,14.18,14.18,300,0
2017-12-05,20:35:00,14.18,14.1872,14.18,14.1872,1503,0
2017-12-05,20:40:00,14.18,14.186,14.18,14.1859,2200,0
2017-12-05,21:05:00,14.1982,14.1982,14.1982,14.1982,445,0
2017-12-05,21:10:00,14.1716,14.1716,14.1716,14.1716,325,0
2017-12-05,21:30:00,14.17,14.17,14.16,14.1692,3700,0
2017-12-05,22:00:00,14.19,14.19,14.187,14.19,1236,0
2017-12-06,15:35:00,14.21,14.24,14.21,14.24,3999,0
2017-12-06,15:40:00,14.24,14.24,14.24,14.24,100,0
2017-12-06,15:50:00,14.26,14.28,14.26,14.28,500,0
2017-12-06,15:55:00,14.2651,14.28,14.2651,14.28,1100,0
2017-12-06,16:15:00,14.2999,14.2999,14.29,14.29,1365,0
2017-12-06,16:20:00,14.2872,14.2872,14.2872,14.2872,1000,0
2017-12-06,16:25:00,14.29,14.29,14.2701,14.2701,672,0
2017-12-06,16:30:00,14.27,14.27,14.27,14.27,100,0
2017-12-06,16:35:00,14.27,14.27,14.27,14.27,100,0
2017-12-06,16:40:00,14.29,14.29,14.26,14.26,550,0
2017-12-06,16:45:00,14.26,14.289,14.26,14.28,1100,0
2017-12-06,16:50:00,14.2772,14.2772,14.2772,14.2772,1000,0
2017-12-06,17:05:00,14.28,14.28,14.28,14.28,1600,0
2017-12-06,17:20:00,14.28,14.2837,14.279,14.2837,1645,0
2017-12-06,17:25:00,14.27,14.28,14.26,14.26,7066,0
2017-12-06,17:30:00,14.26,14.26,14.26,14.26,500,0
2017-12-06,17:40:00,14.26,14.2601,14.26,14.2601,550,0
2017-12-06,17:50:00,14.2679,14.27,14.2679,14.27,700,0
2017-12-06,17:55:00,14.27,14.27,14.26,14.2666,7485,0
2017-12-06,18:00:00,14.27,14.27,14.27,14.27,2900,0
2017-12-06,18:05:00,14.265,14.2794,14.265,14.2794,300,0
2017-12-06,18:10:00,14.289,14.289,14.289,14.289,800,0
2017-12-06,18:35:00,14.2833,14.2887,14.2833,14.2887,1506,0
2017-12-06,18:55:00,14.28,14.28,14.28,14.28,500,0
2017-12-06,19:00:00,14.28,14.28,14.28,14.28,100,0
2017-12-06,19:15:00,14.27,14.27,14.27,14.27,100,0
2017-12-06,19:30:00,14.27,14.27,14.27,14.27,100,0
2017-12-06,19:40:00,14.27,14.27,14.27,14.27,100,0
2017-12-06,19:45:00,14.27,14.27,14.27,14.27,100,0
2017-12-06,19:50:00,14.27,14.27,14.25,14.25,3754,0
2017-12-06,19:55:00,14.25,14.25,14.25,14.25,600,0
2017-12-06,20:05:00,14.24,14.24,14.24,14.24,100,0
2017-12-06,20:10:00,14.24,14.24,14.24,14.24,100,0
2017-12-06,20:15:00,14.2514,14.255,14.2514,14.255,792,0
2017-12-06,20:20:00,14.24,14.24,14.24,14.24,100,0
2017-12-06,20:30:00,14.258,14.258,14.24,14.24,280,0
2017-12-06,20:40:00,14.24,14.24,14.24,14.24,100,0
2017-12-06,20:45:00,14.24,14.24,14.24,14.24,100,0
2017-12-06,20:55:00,14.24,14.24,14.24,14.24,100,0
2017-12-06,21:00:00,14.255,14.27,14.255,14.2697,800,0
2017-12-06,21:05:00,14.24,14.24,14.24,14.24,100,0
2017-12-06,21:10:00,14.24,14.24,14.24,14.24,100,0
2017-12-06,21:20:00,14.24,14.24,14.24,14.24,100,0
2017-12-06,21:25:00,14.27,14.27,14.24,14.27,900,0
2017-12-06,21:30:00,14.24,14.27,14.24,14.27,200,0
2017-12-06,21:35:00,14.24,14.24,14.24,14.24,100,0
2017-12-06,21:40:00,14.2493,14.29,14.24,14.29,7072,0
2017-12-06,21:45:00,14.27,14.29,14.27,14.27,400,0
2017-12-06,21:50:00,14.29,14.33,14.29,14.32,3993,0
2017-12-06,21:55:00,14.33,14.33,14.33,14.33,100,0
2017-12-06,22:00:00,14.32,14.32,14.25,14.25,14321,0
