Date,Time,Open,High,Low,Close,Volume,OpenInt
2017-03-31,18:05:00,12.998,12.998,12.998,12.998,409,0
2017-04-03,17:35:00,12.97,12.97,12.95,12.97,2561,0
2017-04-03,18:00:00,12.97,12.97,12.97,12.97,819,0
2017-04-03,19:20:00,12.989,12.989,12.989,12.989,100,0
2017-04-03,19:25:00,12.998,12.998,12.998,12.998,408,0
2017-04-03,20:35:00,12.993,12.993,12.993,12.993,100,0
2017-04-03,21:15:00,12.989,12.99,12.964,12.964,4199,0
2017-04-03,21:50:00,12.998,12.998,12.998,12.998,100,0
2017-04-04,16:05:00,12.96,12.96,12.96,12.96,208,0
2017-04-04,17:15:00,12.989,12.989,12.989,12.989,208,0
2017-04-05,15:35:00,13.086,13.086,13.086,13.086,208,0
2017-04-05,16:10:00,12.98,13.008,12.98,13.008,513,0
2017-04-05,16:40:00,12.989,12.989,12.989,12.989,819,0
2017-04-05,17:45:00,12.98,12.98,12.98,12.98,2255,0
2017-04-05,21:50:00,12.911,12.911,12.911,12.911,100,0
2017-04-06,15:35:00,12.873,12.873,12.873,12.873,408,0
2017-04-06,15:40:00,12.916,12.916,12.916,12.916,501,0
2017-04-06,19:10:00,12.94,12.96,12.94,12.96,513,0
2017-04-06,19:20:00,12.97,12.97,12.97,12.97,100,0
2017-04-06,19:50:00,12.98,12.98,12.98,12.98,100,0
2017-04-06,19:55:00,12.98,12.989,12.98,12.989,680,0
2017-04-07,16:25:00,12.96,12.96,12.96,12.96,776,0
2017-04-07,16:35:00,12.97,12.97,12.95,12.95,1036,0
2017-04-07,16:45:00,13.018,13.018,13.018,13.018,100,0
2017-04-07,16:55:00,13.028,13.028,13.028,13.028,513,0
2017-04-07,17:00:00,13.038,13.038,13.028,13.028,513,0
2017-04-07,19:05:00,13.018,13.018,13.018,13.018,513,0
2017-04-10,16:10:00,13.068,13.068,13.068,13.068,100,0
2017-04-10,18:05:00,13.077,13.077,13.075,13.075,308,0
2017-04-10,18:25:00,13.058,13.06,13.058,13.06,2561,0
2017-04-10,19:00:00,13.07,13.07,13.068,13.068,2049,0
2017-04-10,19:05:00,13.07,13.07,13.07,13.07,1024,0
2017-04-10,19:10:00,13.077,13.104,13.077,13.092,1232,0
2017-04-10,19:15:00,13.106,13.186,13.086,13.146,7006,0
2017-04-10,19:20:00,13.195,13.224,13.172,13.19,6455,0
2017-04-10,19:25:00,13.186,13.186,13.186,13.186,1640,0
2017-04-10,19:30:00,13.224,13.224,13.224,13.224,208,0
2017-04-10,19:45:00,13.177,13.214,13.177,13.195,1948,0
2017-04-10,20:20:00,13.166,13.214,13.166,13.214,1332,0
2017-04-10,21:05:00,13.195,13.195,13.195,13.195,408,0
2017-04-10,22:00:00,13.176,13.176,13.176,13.176,308,0
2017-04-11,16:05:00,13.266,13.266,13.266,13.266,207,0
2017-04-11,17:10:00,13.241,13.241,13.241,13.241,816,0
2017-04-11,17:15:00,13.247,13.276,13.235,13.257,2451,0
2017-04-11,17:20:00,13.257,13.913,13.238,13.266,2782,0
2017-04-11,17:30:00,13.239,13.276,13.239,13.242,2859,0
2017-04-11,17:45:00,13.257,13.257,13.257,13.257,307,0
2017-04-11,19:10:00,13.247,13.247,13.247,13.247,100,0
2017-04-11,21:30:00,13.247,13.247,13.238,13.238,510,0
2017-04-12,16:45:00,13.208,13.208,13.13,13.13,2962,0
2017-04-12,17:10:00,13.167,13.173,13.167,13.173,1837,0
2017-04-12,20:40:00,13.15,13.15,13.15,13.15,614,0
2017-04-12,20:55:00,13.15,13.15,13.15,13.15,714,0
2017-04-12,21:45:00,13.218,13.218,13.218,13.218,407,0
2017-04-13,16:35:00,13.228,13.228,13.222,13.225,1021,0
2017-04-13,16:40:00,13.229,13.247,13.229,13.232,3065,0
2017-04-13,18:15:00,13.265,13.324,13.265,13.315,2451,0
2017-04-13,18:20:00,13.315,13.315,13.315,13.315,207,0
2017-04-13,19:05:00,13.317,13.317,13.317,13.317,3494,0
2017-04-13,19:35:00,13.315,13.315,13.315,13.315,1295,0
2017-04-13,20:20:00,13.315,13.315,13.315,13.315,207,0
2017-04-13,21:30:00,13.315,13.315,13.315,13.315,100,0
2017-04-17,16:30:00,13.328,13.328,13.328,13.328,211,0
2017-04-17,16:50:00,13.312,13.312,13.312,13.312,207,0
2017-04-17,18:00:00,13.286,13.286,13.286,13.286,100,0
2017-04-17,19:40:00,13.324,13.334,13.324,13.324,1123,0
2017-04-17,19:45:00,13.364,13.384,13.364,13.364,1837,0
2017-04-17,21:10:00,13.323,13.323,13.296,13.296,7929,0
2017-04-17,21:15:00,13.324,13.324,13.324,13.324,100,0
2017-04-17,21:25:00,13.324,13.324,13.324,13.324,100,0
2017-04-18,16:15:00,13.344,13.384,13.31,13.384,1621,0
2017-04-18,16:20:00,13.305,13.394,13.305,13.344,2002,0
2017-04-18,16:25:00,13.344,13.463,13.315,13.344,2012,0
2017-04-18,16:55:00,13.324,13.324,13.305,13.315,510,0
2017-04-18,17:45:00,13.354,13.354,13.354,13.354,207,0
2017-04-18,19:45:00,13.354,13.354,13.354,13.354,100,0
2017-04-18,21:00:00,13.344,13.344,13.344,13.344,510,0
2017-04-18,21:10:00,13.344,13.344,13.286,13.286,6740,0
2017-04-18,21:40:00,13.286,13.286,13.286,13.286,100,0
2017-04-18,22:00:00,13.344,13.344,13.266,13.266,207,0
2017-04-19,16:25:00,13.266,13.266,13.12,13.12,2144,0
2017-04-19,17:50:00,13.204,13.374,13.204,13.344,4062,0
2017-04-19,18:05:00,13.334,13.334,13.334,13.334,100,0
2017-04-20,15:35:00,13.199,13.199,13.199,13.199,715,0
2017-04-20,16:05:00,13.254,13.254,13.254,13.254,301,0
2017-04-20,16:10:00,13.296,13.315,13.296,13.315,1942,0
2017-04-20,16:30:00,13.257,13.257,13.257,13.257,100,0
2017-04-20,16:35:00,13.296,13.296,13.286,13.286,1635,0
2017-04-20,17:25:00,13.257,13.315,13.257,13.286,1123,0
2017-04-20,17:30:00,13.315,13.315,13.296,13.296,816,0
2017-04-20,17:35:00,13.315,13.404,13.315,13.404,512,0
2017-04-20,21:20:00,13.257,13.257,13.228,13.228,1532,0
2017-04-20,21:30:00,13.229,13.247,13.199,13.199,2962,0
2017-04-20,21:45:00,13.18,13.18,13.13,13.17,2401,0
2017-04-20,21:50:00,13.17,13.17,13.15,13.15,3891,0
2017-04-20,22:00:00,13.16,13.16,13.16,13.16,100,0
2017-04-21,16:30:00,13.286,13.286,13.286,13.286,1899,0
2017-04-21,16:55:00,13.189,13.189,13.189,13.189,1899,0
2017-04-21,17:40:00,13.257,13.257,13.257,13.257,367,0
2017-04-21,18:40:00,13.257,13.257,13.238,13.257,6026,0
2017-04-21,20:05:00,13.189,13.189,13.18,13.18,307,0
2017-04-21,21:10:00,13.16,13.175,13.16,13.175,407,0
2017-04-21,22:00:00,13.15,13.16,13.15,13.16,207,0
2017-04-25,16:35:00,13.12,13.12,13.041,13.11,1031,0
2017-04-25,19:50:00,13.011,13.021,13.011,13.021,816,0
2017-04-25,19:55:00,12.991,13.021,12.991,13.021,207,0
2017-04-25,20:35:00,13.07,13.09,13.07,13.09,1532,0
2017-04-25,21:45:00,13.081,13.081,13.08,13.08,614,0
2017-04-25,21:55:00,13.08,13.08,13.08,13.08,140,0
2017-04-26,16:00:00,13.09,13.09,13.09,13.09,100,0
2017-04-26,17:50:00,13.11,13.11,13.102,13.102,407,0
2017-04-26,18:50:00,13.1,13.1,13.1,13.1,207,0
2017-04-26,19:10:00,13.09,13.098,13.09,13.098,207,0
2017-04-27,16:05:00,13.12,13.12,13.12,13.12,100,0
2017-04-27,16:50:00,13.13,13.13,13.13,13.13,307,0
2017-04-27,17:10:00,13.12,13.12,13.12,13.12,207,0
2017-04-27,17:20:00,13.13,13.16,13.123,13.123,714,0
2017-04-27,17:45:00,13.12,13.12,13.12,13.12,307,0
2017-04-27,19:25:00,13.13,13.16,13.13,13.16,518,0
2017-04-27,21:10:00,13.15,13.199,13.15,13.199,2637,0
2017-04-27,21:15:00,13.199,13.218,13.199,13.218,510,0
2017-04-27,21:30:00,13.228,13.247,13.228,13.247,394,0
2017-04-28,16:10:00,13.238,13.334,13.238,13.334,307,0
2017-05-02,16:20:00,13.238,13.238,13.238,13.238,100,0
2017-05-02,17:05:00,13.247,13.266,13.247,13.266,307,0
2017-05-02,18:20:00,13.257,13.266,13.25,13.254,1228,0
2017-05-02,18:55:00,13.257,13.257,13.257,13.257,100,0
2017-05-02,19:35:00,13.247,13.265,13.247,13.265,1735,0
2017-05-02,19:45:00,13.266,13.266,13.266,13.266,634,0
2017-05-02,20:50:00,13.257,13.305,13.257,13.305,1553,0
2017-05-04,15:55:00,13.257,13.257,13.257,13.257,519,0
2017-05-04,16:40:00,13.276,13.276,13.276,13.276,207,0
2017-05-04,17:00:00,13.305,13.305,13.305,13.305,100,0
2017-05-04,17:30:00,13.315,13.315,13.315,13.315,207,0
2017-05-04,19:05:00,13.334,13.334,13.334,13.334,407,0
2017-05-04,20:45:00,13.323,13.324,13.323,13.324,407,0
2017-05-05,16:15:00,13.291,13.291,13.257,13.276,1377,0
2017-05-05,16:45:00,13.266,13.266,13.266,13.266,100,0
2017-05-05,17:35:00,13.257,13.281,13.257,13.281,1157,0
2017-05-05,17:50:00,13.247,13.247,13.247,13.247,100,0
2017-05-05,18:55:00,13.266,13.266,13.266,13.266,100,0
2017-05-05,20:50:00,13.262,13.262,13.262,13.262,207,0
2017-05-08,16:50:00,13.286,13.286,13.286,13.286,100,0
2017-05-08,18:05:00,13.276,13.276,13.276,13.276,100,0
2017-05-08,19:15:00,13.263,13.263,13.263,13.263,1532,0
2017-05-08,20:20:00,13.271,13.271,13.271,13.271,136,0
2017-05-08,20:55:00,13.298,13.298,13.298,13.298,307,0
2017-05-09,15:45:00,13.242,13.242,13.242,13.242,100,0
2017-05-09,15:55:00,13.219,13.219,13.219,13.219,232,0
2017-05-09,17:00:00,13.222,13.222,13.219,13.221,2712,0
2017-05-09,21:55:00,13.258,13.258,13.258,13.258,813,0
2017-05-10,18:40:00,13.222,13.232,13.222,13.232,752,0
2017-05-10,21:20:00,13.202,13.231,13.202,13.231,712,0
2017-05-11,16:35:00,13.212,13.212,13.212,13.212,206,0
2017-05-11,18:45:00,13.227,13.227,13.227,13.227,306,0
2017-05-11,21:00:00,13.214,13.214,13.192,13.192,3249,0
2017-05-11,21:05:00,13.213,13.213,13.213,13.213,712,0
2017-05-11,21:10:00,13.192,13.202,13.163,13.163,6276,0
2017-05-11,21:15:00,13.136,13.136,13.103,13.103,1986,0
2017-05-11,21:20:00,13.103,13.133,13.093,13.133,1936,0
2017-05-11,21:30:00,13.093,13.093,13.093,13.093,100,0
2017-05-11,22:00:00,13.113,13.113,13.113,13.113,100,0
2017-05-12,15:35:00,13.113,13.113,13.113,13.113,1172,0
2017-05-12,16:00:00,13.173,13.197,13.173,13.197,406,0
2017-05-12,16:05:00,13.173,13.173,13.173,13.173,100,0
2017-05-12,16:10:00,13.183,13.183,13.183,13.183,206,0
2017-05-12,16:20:00,13.202,13.202,13.202,13.202,100,0
2017-05-12,16:45:00,13.202,13.202,13.202,13.202,100,0
2017-05-12,16:55:00,13.202,13.202,13.202,13.202,206,0
2017-05-12,17:10:00,13.212,13.212,13.2,13.2,1141,0
2017-05-12,19:05:00,13.205,13.205,13.205,13.205,256,0
2017-05-12,21:35:00,13.212,13.212,13.212,13.212,100,0
2017-05-15,15:35:00,13.242,13.242,13.242,13.242,101,0
2017-05-15,16:15:00,13.163,13.163,13.163,13.163,100,0
2017-05-15,17:05:00,13.222,13.222,13.222,13.222,206,0
2017-05-15,17:50:00,13.232,13.232,13.232,13.232,100,0
2017-05-15,19:35:00,13.249,13.251,13.249,13.251,918,0
2017-05-15,19:50:00,13.251,13.251,13.237,13.237,1680,0
2017-05-15,20:40:00,13.237,13.242,13.237,13.242,206,0
2017-05-15,20:45:00,13.242,13.242,13.242,13.242,306,0
2017-05-15,21:20:00,13.243,13.243,13.243,13.243,470,0
2017-05-15,21:45:00,13.242,13.242,13.242,13.242,306,0
2017-05-15,21:55:00,13.242,13.242,13.242,13.242,100,0
2017-05-15,22:00:00,13.251,13.251,13.242,13.242,206,0
2017-05-16,15:45:00,13.153,13.183,13.153,13.183,3371,0
2017-05-16,16:10:00,13.251,13.251,13.242,13.242,1018,0
2017-05-16,16:30:00,13.242,13.242,13.242,13.242,100,0
2017-05-16,17:00:00,13.242,13.242,13.242,13.242,206,0
2017-05-16,17:25:00,13.232,13.232,13.232,13.232,100,0
2017-05-16,19:35:00,13.232,13.232,13.222,13.222,1119,0
2017-05-16,20:35:00,13.223,13.223,13.223,13.223,406,0
2017-05-16,21:10:00,13.228,13.228,13.228,13.228,508,0
2017-05-16,21:45:00,13.228,13.237,13.202,13.202,2740,0
2017-05-16,22:00:00,13.212,13.222,13.212,13.222,306,0
2017-05-17,15:35:00,13.251,13.251,13.251,13.251,136,0
2017-05-17,21:50:00,13.309,13.309,13.309,13.309,100,0
2017-05-18,15:35:00,13.358,13.358,13.358,13.358,117,0
2017-05-18,16:05:00,13.304,13.304,13.304,13.304,299,0
2017-05-18,16:10:00,13.261,13.261,13.261,13.261,306,0
2017-05-18,18:00:00,13.287,13.289,13.287,13.289,406,0
2017-05-18,21:25:00,13.28,13.28,13.251,13.251,1119,0
2017-05-18,21:45:00,13.261,13.261,13.261,13.261,100,0
2017-05-18,21:50:00,13.276,13.28,13.276,13.279,2443,0
2017-05-18,22:00:00,13.242,13.28,13.242,13.28,208,0
2017-05-19,15:45:00,13.192,13.219,13.192,13.219,1018,0
2017-05-19,17:25:00,13.212,13.212,13.212,13.212,1018,0
2017-05-19,18:35:00,13.269,13.269,13.269,13.269,813,0
2017-05-19,18:50:00,13.261,13.261,13.261,13.261,306,0
2017-05-19,21:50:00,13.276,13.299,13.232,13.299,3946,0
2017-05-19,21:55:00,13.29,13.29,13.222,13.29,689,0
2017-05-19,22:00:00,13.29,13.29,13.29,13.29,206,0
2017-05-22,20:30:00,13.269,13.358,13.269,13.358,7584,0
2017-05-22,20:35:00,13.328,13.328,13.299,13.299,206,0
2017-05-22,20:50:00,13.311,13.328,13.311,13.328,2745,0
2017-05-22,20:55:00,13.309,13.309,13.309,13.309,100,0
2017-05-22,21:25:00,13.347,13.347,13.347,13.347,100,0
2017-05-22,22:00:00,13.299,13.299,13.299,13.299,100,0
2017-05-23,18:25:00,13.358,13.358,13.358,13.358,406,0
2017-05-23,19:20:00,13.358,13.358,13.358,13.358,206,0
2017-05-23,19:45:00,13.384,13.384,13.384,13.384,306,0
2017-05-23,20:55:00,13.358,13.358,13.358,13.358,508,0
2017-05-23,21:00:00,13.361,13.361,13.358,13.358,968,0
2017-05-23,21:55:00,13.358,13.358,13.358,13.358,100,0
2017-05-24,17:25:00,13.317,13.317,13.309,13.31,6414,0
2017-05-24,19:05:00,13.29,13.29,13.232,13.232,3971,0
2017-05-24,19:20:00,13.258,13.26,13.258,13.26,406,0
2017-05-24,20:20:00,13.259,13.259,13.259,13.259,206,0
2017-05-24,20:25:00,13.232,13.232,13.232,13.232,100,0
2017-05-24,21:20:00,13.232,13.232,13.232,13.232,100,0
2017-05-24,21:30:00,13.232,13.232,13.232,13.232,918,0
2017-05-24,22:00:00,13.222,13.222,13.212,13.212,206,0
2017-05-25,15:55:00,13.242,13.265,13.242,13.265,712,0
2017-05-25,16:15:00,13.267,13.267,13.267,13.267,100,0
2017-05-25,16:35:00,13.237,13.237,13.237,13.237,406,0
2017-05-25,21:05:00,13.234,13.234,13.234,13.234,306,0
2017-05-26,16:15:00,13.242,13.242,13.242,13.242,390,0
2017-05-26,16:20:00,13.261,13.261,13.261,13.261,1018,0
2017-05-26,18:15:00,13.242,13.242,13.242,13.242,1847,0
2017-05-26,18:20:00,13.242,13.242,13.242,13.242,100,0
2017-05-26,18:25:00,13.232,13.242,13.232,13.242,918,0
2017-05-26,19:10:00,13.261,13.261,13.261,13.261,100,0
2017-05-26,19:45:00,13.261,13.261,13.261,13.261,1018,0
2017-05-26,20:05:00,13.27,13.27,13.27,13.27,100,0
2017-05-26,20:10:00,13.258,13.261,13.258,13.26,918,0
2017-05-26,20:55:00,13.222,13.222,13.222,13.222,100,0
2017-05-26,21:35:00,13.222,13.222,13.222,13.222,306,0
2017-05-26,22:00:00,13.222,13.222,13.222,13.222,100,0
2017-05-30,16:00:00,13.251,13.251,13.251,13.251,100,0
2017-05-30,16:35:00,13.261,13.261,13.261,13.261,1119,0
2017-05-30,21:55:00,13.251,13.261,13.251,13.261,508,0
2017-05-31,15:45:00,13.283,13.283,13.283,13.283,712,0
2017-05-31,15:50:00,13.309,13.338,13.309,13.328,2953,0
2017-05-31,16:05:00,13.328,13.408,13.309,13.408,6617,0
2017-05-31,16:10:00,13.318,13.328,13.318,13.318,306,0
2017-05-31,17:25:00,13.358,13.358,13.358,13.358,211,0
2017-05-31,18:50:00,13.348,13.348,13.348,13.348,528,0
2017-05-31,20:35:00,13.348,13.349,13.348,13.349,642,0
2017-05-31,21:40:00,13.358,13.358,13.358,13.358,913,0
2017-05-31,21:55:00,13.378,13.378,13.338,13.338,3258,0
2017-06-01,17:00:00,13.338,13.338,13.338,13.338,100,0
2017-06-01,18:25:00,13.328,13.328,13.309,13.309,612,0
2017-06-01,21:55:00,13.318,13.318,13.318,13.318,124,0
2017-06-02,16:00:00,13.408,13.408,13.398,13.398,1500,0
2017-06-02,20:15:00,13.417,13.427,13.417,13.427,508,0
2017-06-02,21:45:00,13.398,13.398,13.398,13.398,406,0
2017-06-05,15:35:00,13.27,13.27,13.27,13.27,376,0
2017-06-05,16:00:00,13.388,13.388,13.388,13.388,100,0
2017-06-05,16:35:00,13.388,13.388,13.388,13.388,100,0
2017-06-06,16:40:00,13.398,13.398,13.398,13.398,1358,0
2017-06-06,17:35:00,13.398,13.406,13.398,13.406,3055,0
2017-06-06,20:20:00,13.408,13.427,13.4,13.4,1425,0
2017-06-06,20:45:00,13.408,13.408,13.408,13.408,100,0
2017-06-06,21:45:00,13.408,13.408,13.388,13.393,2129,0
2017-06-06,21:55:00,13.388,13.388,13.388,13.388,100,0
2017-06-06,22:00:00,13.368,13.368,13.368,13.368,100,0
2017-06-07,19:10:00,13.358,13.358,13.358,13.358,918,0
2017-06-07,20:45:00,13.388,13.388,13.378,13.388,508,0
2017-06-08,15:55:00,13.431,13.431,13.431,13.431,735,0
2017-06-08,16:35:00,13.402,13.402,13.402,13.402,100,0
2017-06-08,17:00:00,13.402,13.411,13.402,13.411,205,0
2017-06-08,17:55:00,13.394,13.394,13.394,13.394,405,0
2017-06-09,20:00:00,13.352,13.352,13.352,13.352,205,0
2017-06-09,21:45:00,13.338,13.338,13.338,13.338,160,0
2017-06-12,15:50:00,13.332,13.332,13.332,13.332,100,0
2017-06-12,15:55:00,13.342,13.342,13.342,13.342,305,0
2017-06-13,18:40:00,13.342,13.344,13.342,13.344,874,0
2017-06-14,17:25:00,13.42,13.42,13.42,13.42,213,0
2017-06-14,19:40:00,13.372,13.372,13.372,13.372,205,0
2017-06-14,20:40:00,13.411,13.421,13.411,13.421,2030,0
2017-06-14,21:00:00,13.441,13.441,13.441,13.441,1015,0
2017-06-14,21:10:00,13.441,13.441,13.413,13.441,2130,0
2017-06-14,21:15:00,13.441,13.441,13.441,13.441,1015,0
2017-06-14,22:00:00,13.431,13.431,13.431,13.431,100,0
2017-06-15,20:20:00,13.431,13.432,13.431,13.432,1015,0
2017-06-15,20:25:00,13.431,13.431,13.431,13.431,726,0
2017-06-15,21:05:00,13.421,13.421,13.421,13.421,2030,0
2017-06-15,21:35:00,13.433,13.433,13.433,13.433,506,0
2017-06-16,16:10:00,13.421,13.421,13.421,13.421,100,0
2017-06-19,15:35:00,13.589,13.589,13.589,13.589,218,0
2017-06-19,16:05:00,13.463,13.463,13.463,13.463,300,0
2017-06-19,16:25:00,13.471,13.471,13.456,13.471,2030,0
2017-06-19,20:25:00,13.431,13.431,13.402,13.402,205,0
2017-06-19,20:40:00,13.402,13.441,13.382,13.441,4060,0
2017-06-19,20:55:00,13.372,13.372,13.372,13.372,100,0
2017-06-19,22:00:00,13.392,13.392,13.392,13.392,100,0
2017-06-20,17:55:00,13.406,13.407,13.406,13.407,2233,0
2017-06-20,18:35:00,13.395,13.395,13.395,13.395,506,0
2017-06-20,19:10:00,13.441,13.441,13.441,13.441,305,0
2017-06-20,20:00:00,13.441,13.441,13.441,13.441,405,0
2017-06-21,17:05:00,13.392,13.399,13.382,13.382,3551,0
2017-06-21,17:10:00,13.392,13.392,13.392,13.392,205,0
2017-06-21,18:40:00,13.402,13.402,13.402,13.402,205,0
2017-06-21,18:45:00,13.402,13.411,13.392,13.392,1115,0
2017-06-21,19:30:00,13.439,13.439,13.439,13.439,1015,0
2017-06-21,19:35:00,13.471,13.726,13.402,13.726,10107,0
2017-06-21,22:00:00,13.491,13.491,13.491,13.491,100,0
2017-06-22,15:35:00,13.579,13.579,13.579,13.579,137,0
2017-06-22,17:25:00,13.511,13.511,13.511,13.511,214,0
2017-06-22,19:35:00,13.511,13.511,13.511,13.511,1625,0
2017-06-22,19:50:00,13.53,13.55,13.53,13.55,305,0
2017-06-22,19:55:00,13.52,13.53,13.52,13.53,205,0
2017-06-22,20:15:00,13.517,13.517,13.517,13.517,760,0
2017-06-22,20:20:00,13.53,13.579,13.519,13.519,3206,0
2017-06-22,21:55:00,13.52,13.52,13.52,13.52,205,0
2017-06-23,16:50:00,13.493,13.493,13.493,13.493,239,0
2017-06-23,17:00:00,13.579,13.579,13.579,13.579,100,0
2017-06-23,17:05:00,13.471,13.471,13.471,13.471,1219,0
2017-06-23,17:55:00,13.481,13.481,13.481,13.481,3350,0
2017-06-23,19:55:00,13.511,13.511,13.511,13.511,205,0
2017-06-23,20:05:00,13.481,13.481,13.481,13.481,1521,0
2017-06-26,17:55:00,13.518,13.518,13.518,13.518,100,0
2017-06-26,19:30:00,13.53,13.53,13.53,13.53,305,0
2017-06-26,21:35:00,13.554,13.554,13.554,13.554,1334,0
2017-06-27,16:10:00,13.481,13.481,13.481,13.481,506,0
2017-06-27,16:55:00,13.53,13.55,13.53,13.55,449,0
2017-06-27,17:55:00,13.507,13.507,13.501,13.501,1219,0
2017-06-27,18:25:00,13.501,13.501,13.501,13.501,205,0
2017-06-29,17:10:00,13.402,13.402,13.402,13.402,100,0
2017-06-29,17:25:00,13.402,13.41,13.352,13.372,2453,0
2017-06-29,18:35:00,13.382,13.382,13.382,13.382,1219,0
2017-06-29,18:55:00,13.382,13.382,13.382,13.382,205,0
2017-06-29,19:05:00,13.382,13.382,13.382,13.382,506,0
2017-06-29,19:15:00,13.382,13.382,13.382,13.382,100,0
2017-06-29,21:50:00,13.372,13.373,13.372,13.372,859,0
2017-06-29,22:00:00,13.382,13.382,13.382,13.382,100,0
2017-06-30,16:15:00,13.394,13.394,13.394,13.394,915,0
2017-06-30,19:45:00,13.382,13.411,13.382,13.411,1015,0
2017-06-30,20:05:00,13.411,13.411,13.411,13.411,205,0
2017-06-30,20:35:00,13.431,13.441,13.431,13.431,3145,0
2017-06-30,20:40:00,13.441,13.441,13.411,13.411,3551,0
2017-06-30,21:40:00,13.416,13.416,13.372,13.372,1930,0
2017-06-30,22:00:00,13.382,13.382,13.342,13.342,1826,0
2017-07-03,15:35:00,13.342,13.352,13.342,13.342,1625,0
2017-07-03,17:30:00,13.441,13.441,13.441,13.441,205,0
2017-07-03,18:20:00,13.434,13.434,13.434,13.434,1015,0
2017-07-03,18:25:00,13.402,13.402,13.402,13.402,100,0
2017-07-05,16:00:00,13.402,13.402,13.402,13.402,506,0
2017-07-05,17:15:00,13.402,13.402,13.362,13.362,1015,0
2017-07-06,15:50:00,13.36,13.36,13.36,13.36,1015,0
2017-07-06,15:55:00,13.322,13.322,13.322,13.322,1015,0
2017-07-06,16:35:00,13.32,13.32,13.32,13.32,1015,0
2017-07-06,17:40:00,13.303,13.351,13.303,13.351,1617,0
2017-07-06,17:45:00,13.322,13.322,13.303,13.303,1115,0
2017-07-06,22:00:00,13.303,13.303,13.303,13.303,100,0
2017-07-07,20:10:00,13.317,13.317,13.317,13.317,506,0
2017-07-07,21:25:00,13.317,13.317,13.317,13.317,255,0
2017-07-07,21:40:00,13.313,13.322,13.313,13.322,710,0
2017-07-07,21:55:00,13.303,13.303,13.303,13.303,100,0
2017-07-10,16:20:00,13.352,13.352,13.352,13.352,100,0
2017-07-11,16:15:00,13.346,13.346,13.346,13.346,2124,0
2017-07-11,19:05:00,13.352,13.384,13.342,13.384,708,0
2017-07-12,15:35:00,13.195,13.195,13.195,13.195,404,0
2017-07-12,16:10:00,13.421,13.421,13.421,13.421,204,0
2017-07-12,16:25:00,13.421,13.421,13.421,13.421,100,0
2017-07-12,16:30:00,13.421,13.421,13.421,13.421,100,0
2017-07-12,20:10:00,13.421,13.421,13.421,13.421,100,0
2017-07-12,20:30:00,13.43,13.43,13.421,13.421,1449,0
2017-07-12,20:40:00,13.411,13.411,13.411,13.411,100,0
2017-07-12,22:00:00,13.421,13.421,13.421,13.421,100,0
2017-07-13,15:35:00,13.322,13.521,13.322,13.521,1554,0
2017-07-13,16:05:00,13.434,13.434,13.402,13.402,505,0
2017-07-13,16:10:00,13.421,13.421,13.421,13.421,1416,0
2017-07-13,16:15:00,13.421,13.421,13.402,13.402,204,0
2017-07-13,16:20:00,13.421,13.421,13.421,13.421,100,0
2017-07-13,16:35:00,13.421,13.421,13.421,13.421,100,0
2017-07-13,16:40:00,13.421,13.421,13.421,13.421,1416,0
2017-07-13,17:05:00,13.421,13.421,13.421,13.421,100,0
2017-07-13,17:30:00,13.411,13.411,13.411,13.411,204,0
2017-07-13,19:00:00,13.421,13.421,13.421,13.421,204,0
2017-07-13,20:55:00,13.411,13.411,13.411,13.411,204,0
2017-07-14,16:10:00,13.456,13.456,13.431,13.436,1236,0
2017-07-14,17:35:00,13.481,13.481,13.481,13.481,100,0
2017-07-14,18:20:00,13.467,13.467,13.467,13.467,2732,0
2017-07-14,18:55:00,13.471,13.471,13.471,13.471,100,0
2017-07-14,19:25:00,13.441,13.461,13.431,13.461,1517,0
2017-07-14,19:50:00,13.471,13.471,13.471,13.471,204,0
2017-07-14,19:55:00,13.441,13.441,13.441,13.441,184,0
2017-07-14,21:55:00,13.471,13.471,13.471,13.471,3522,0
2017-07-14,22:00:00,13.471,13.471,13.471,13.471,100,0
2017-07-17,17:15:00,13.47,13.47,13.47,13.47,213,0
2017-07-17,19:00:00,13.438,13.438,13.438,13.438,1012,0
2017-07-17,19:50:00,13.466,13.466,13.466,13.466,658,0
2017-07-17,21:15:00,13.461,13.461,13.461,13.461,100,0
2017-07-17,21:20:00,13.425,13.425,13.425,13.425,204,0
2017-07-17,21:55:00,13.451,13.451,13.451,13.451,100,0
2017-07-17,22:00:00,13.431,13.461,13.431,13.431,404,0
2017-07-18,16:50:00,13.471,13.471,13.471,13.471,868,0
2017-07-18,19:40:00,13.471,13.471,13.436,13.436,3333,0
2017-07-18,20:20:00,13.442,13.442,13.442,13.442,100,0
2017-07-19,16:05:00,13.441,13.442,13.431,13.441,1774,0
2017-07-19,16:10:00,13.441,13.441,13.441,13.441,204,0
2017-07-19,16:40:00,13.431,13.431,13.431,13.431,100,0
2017-07-19,17:00:00,13.441,13.441,13.441,13.441,505,0
2017-07-19,17:05:00,13.441,13.441,13.441,13.441,123,0
2017-07-19,17:20:00,13.451,13.451,13.451,13.451,100,0
2017-07-19,18:35:00,13.441,13.448,13.441,13.448,3365,0
2017-07-19,18:40:00,13.471,13.541,13.471,13.501,2014,0
2017-07-19,18:45:00,13.551,13.551,13.551,13.551,1215,0
2017-07-19,21:40:00,13.53,13.53,13.53,13.53,1416,0
2017-07-19,22:00:00,13.441,13.441,13.441,13.441,100,0
2017-07-20,15:35:00,13.501,13.501,13.501,13.501,112,0
2017-07-20,16:05:00,13.522,13.522,13.522,13.522,299,0
2017-07-20,21:55:00,13.476,13.49,13.476,13.49,1012,0
2017-07-20,22:00:00,13.482,13.482,13.482,13.482,1012,0
2017-07-21,15:35:00,13.421,13.421,13.421,13.421,892,0
2017-07-21,17:00:00,13.471,13.471,13.471,13.471,204,0
2017-07-21,17:10:00,13.461,13.461,13.451,13.451,505,0
2017-07-21,17:50:00,13.471,13.471,13.421,13.421,3538,0
2017-07-21,20:45:00,13.461,13.461,13.421,13.421,2470,0
2017-07-21,20:55:00,13.421,13.421,13.421,13.421,100,0
2017-07-21,22:00:00,13.421,13.421,13.421,13.421,100,0
2017-07-24,16:05:00,13.411,13.431,13.411,13.431,1215,0
2017-07-24,17:05:00,13.382,13.384,13.382,13.384,1924,0
2017-07-24,17:35:00,13.392,13.395,13.362,13.392,2832,0
2017-07-24,17:40:00,13.4,13.4,13.4,13.4,404,0
2017-07-24,20:25:00,13.397,13.397,13.397,13.397,204,0
2017-07-24,20:45:00,13.385,13.385,13.385,13.385,348,0
2017-07-25,15:35:00,13.342,13.342,13.342,13.342,708,0
2017-07-25,16:05:00,13.382,13.382,13.382,13.382,204,0
2017-07-25,18:00:00,13.372,13.372,13.372,13.372,100,0
2017-07-25,18:10:00,13.371,13.372,13.351,13.372,1720,0
2017-07-25,21:55:00,13.37,13.37,13.37,13.37,748,0
2017-07-26,15:35:00,13.362,13.362,13.362,13.362,100,0
2017-07-26,16:10:00,13.407,13.407,13.362,13.362,1012,0
2017-07-27,15:35:00,13.362,13.362,13.362,13.362,304,0
2017-07-27,20:35:00,13.362,13.382,13.342,13.362,5544,0
2017-07-27,20:40:00,13.362,13.362,13.362,13.362,100,0
2017-07-27,20:55:00,13.362,13.362,13.362,13.362,304,0
2017-07-27,21:15:00,13.362,13.362,13.362,13.362,204,0
2017-07-27,22:00:00,13.362,13.382,13.362,13.382,204,0
2017-07-28,15:35:00,13.372,13.372,13.372,13.372,100,0
2017-07-28,16:00:00,13.402,13.402,13.367,13.367,541,0
2017-07-28,16:20:00,13.411,13.411,13.411,13.411,100,0
2017-07-28,16:40:00,13.431,13.431,13.431,13.431,304,0
2017-07-28,17:35:00,13.441,13.441,13.441,13.441,2024,0
2017-07-28,19:00:00,13.441,13.441,13.441,13.441,2203,0
2017-07-28,19:40:00,13.46,13.46,13.46,13.46,204,0
2017-07-28,20:00:00,13.402,13.476,13.402,13.476,1316,0
2017-07-31,16:05:00,13.471,13.481,13.471,13.481,204,0
2017-07-31,16:35:00,13.501,13.501,13.501,13.501,100,0
2017-07-31,19:50:00,13.481,13.511,13.481,13.505,2955,0
2017-07-31,20:00:00,13.511,13.511,13.511,13.511,708,0
2017-07-31,20:05:00,13.511,13.57,13.511,13.57,2328,0
2017-07-31,20:15:00,13.486,13.486,13.486,13.486,204,0
2017-07-31,20:20:00,13.541,13.59,13.541,13.554,1820,0
2017-07-31,20:25:00,13.609,13.619,13.609,13.609,1590,0
2017-07-31,21:20:00,13.565,13.565,13.565,13.565,912,0
2017-07-31,21:40:00,13.572,13.572,13.561,13.571,1215,0
2017-08-01,16:05:00,13.58,13.58,13.561,13.561,505,0
2017-08-02,19:35:00,13.58,13.58,13.58,13.58,1983,0
2017-08-02,20:45:00,13.629,13.668,13.629,13.668,505,0
2017-08-02,20:55:00,13.668,13.668,13.668,13.668,950,0
2017-08-03,16:10:00,13.59,13.59,13.576,13.576,912,0
2017-08-03,16:30:00,13.678,13.678,13.678,13.678,100,0
2017-08-03,17:20:00,13.698,13.698,13.698,13.698,1012,0
2017-08-03,17:25:00,13.698,13.698,13.698,13.698,608,0
2017-08-03,17:45:00,13.708,13.708,13.708,13.708,254,0
2017-08-03,18:05:00,13.708,13.767,13.708,13.767,204,0
2017-08-03,18:30:00,13.747,13.747,13.745,13.745,1481,0
2017-08-03,20:50:00,13.687,13.687,13.687,13.687,726,0
2017-08-04,17:10:00,13.619,13.619,13.59,13.59,1620,0
2017-08-04,18:10:00,13.59,13.59,13.59,13.59,1620,0
2017-08-04,18:25:00,13.561,13.561,13.551,13.551,3410,0
2017-08-04,19:55:00,13.541,13.541,13.541,13.541,301,0
2017-08-04,20:50:00,13.561,13.561,13.561,13.561,1215,0
2017-08-07,15:35:00,13.777,13.777,13.777,13.777,100,0
2017-08-07,20:20:00,13.619,13.619,13.619,13.619,708,0
2017-08-07,20:25:00,13.619,13.629,13.619,13.629,1820,0
2017-08-07,21:00:00,13.619,13.619,13.619,13.619,304,0
2017-08-07,21:15:00,13.58,13.58,13.571,13.571,2024,0
2017-08-07,21:20:00,13.571,13.571,13.571,13.571,1215,0
2017-08-08,16:05:00,13.58,13.58,13.58,13.58,204,0
2017-08-08,18:15:00,13.59,13.59,13.59,13.59,100,0
2017-08-08,19:05:00,13.583,13.583,13.583,13.583,204,0
2017-08-08,19:20:00,13.58,13.58,13.58,13.58,204,0
2017-08-09,16:10:00,13.59,13.59,13.59,13.59,100,0
2017-08-09,16:45:00,13.58,13.58,13.58,13.58,203,0
2017-08-09,17:00:00,13.563,13.563,13.563,13.563,203,0
2017-08-09,17:05:00,13.571,13.571,13.561,13.561,303,0
2017-08-09,17:35:00,13.561,13.571,13.561,13.571,303,0
2017-08-09,21:30:00,13.551,13.818,13.551,13.633,5100,0
2017-08-09,21:40:00,13.629,13.629,13.629,13.629,100,0
2017-08-09,21:55:00,13.585,13.619,13.576,13.576,1615,0
2017-08-09,22:00:00,13.58,13.619,13.58,13.619,203,0
2017-08-10,16:30:00,13.582,13.582,13.582,13.582,100,0
2017-08-10,16:35:00,13.58,13.58,13.58,13.58,706,0
2017-08-10,16:40:00,13.571,13.571,13.548,13.548,419,0
2017-08-10,17:40:00,13.551,13.555,13.532,13.555,706,0
2017-08-10,17:55:00,13.578,13.578,13.578,13.578,238,0
2017-08-10,19:10:00,13.561,13.561,13.559,13.559,2931,0
2017-08-10,19:15:00,13.571,13.571,13.571,13.571,100,0
2017-08-10,19:20:00,13.639,13.668,13.639,13.658,1715,0
2017-08-10,19:50:00,13.629,13.629,13.629,13.629,606,0
2017-08-10,20:10:00,13.629,13.649,13.629,13.633,6228,0
2017-08-10,20:15:00,13.629,13.649,13.629,13.649,2487,0
2017-08-10,20:30:00,13.639,13.639,13.639,13.639,303,0
2017-08-10,20:35:00,13.639,13.639,13.639,13.639,203,0
2017-08-10,20:40:00,13.636,13.636,13.636,13.636,806,0
2017-08-10,21:00:00,13.629,13.629,13.629,13.629,403,0
2017-08-10,21:05:00,13.639,13.639,13.639,13.639,303,0
2017-08-10,21:15:00,13.649,13.658,13.649,13.658,706,0
2017-08-11,16:05:00,13.639,13.639,13.639,13.639,100,0
2017-08-11,16:50:00,13.639,13.639,13.629,13.629,706,0
2017-08-11,20:25:00,13.656,13.656,13.652,13.652,2521,0
2017-08-11,20:30:00,13.656,13.656,13.656,13.656,1109,0
2017-08-11,20:40:00,13.668,13.668,13.668,13.668,283,0
2017-08-14,16:05:00,13.619,13.619,13.619,13.619,100,0
2017-08-14,17:50:00,13.591,13.591,13.591,13.591,1512,0
2017-08-14,20:25:00,13.63,13.63,13.629,13.629,1751,0
2017-08-14,21:50:00,13.658,13.658,13.632,13.654,945,0
2017-08-15,16:10:00,13.58,13.58,13.58,13.58,100,0
2017-08-15,16:25:00,13.551,13.551,13.551,13.551,562,0
2017-08-15,16:40:00,13.551,13.551,13.551,13.551,100,0
2017-08-15,17:25:00,13.541,13.541,13.54,13.54,806,0
2017-08-15,18:10:00,13.531,13.531,13.531,13.531,100,0
2017-08-15,19:10:00,13.58,13.58,13.58,13.58,100,0
2017-08-16,16:35:00,13.6,13.6,13.6,13.6,100,0
2017-08-16,21:40:00,13.619,13.619,13.619,13.619,503,0
2017-08-17,19:50:00,13.568,13.57,13.568,13.57,403,0
2017-08-17,20:05:00,13.619,13.629,13.619,13.629,3974,0
2017-08-17,21:05:00,13.639,13.639,13.628,13.632,806,0
2017-08-17,21:35:00,13.663,13.663,13.663,13.663,503,0
2017-08-17,21:40:00,13.653,13.668,13.653,13.668,706,0
2017-08-17,21:45:00,13.658,13.678,13.658,13.678,836,0
2017-08-17,21:50:00,13.678,13.688,13.678,13.688,1211,0
2017-08-18,15:35:00,13.858,13.858,13.858,13.858,117,0
2017-08-18,16:05:00,13.665,13.665,13.665,13.665,296,0
2017-08-18,17:30:00,13.658,13.658,13.639,13.651,2220,0
2017-08-18,18:45:00,13.639,13.639,13.619,13.622,2521,0
2017-08-18,18:50:00,13.62,13.62,13.62,13.62,2521,0
2017-08-21,16:20:00,13.665,13.665,13.665,13.665,116,0
2017-08-21,16:50:00,13.647,13.647,13.647,13.647,303,0
2017-08-21,17:35:00,13.668,13.668,13.668,13.668,698,0
2017-08-21,17:45:00,13.66,13.66,13.66,13.66,1387,0
2017-08-21,18:55:00,13.638,13.638,13.638,13.638,433,0
2017-08-21,20:35:00,13.649,13.649,13.649,13.649,100,0
2017-08-22,17:15:00,13.638,13.638,13.62,13.62,1058,0
2017-08-22,18:00:00,13.678,13.678,13.678,13.678,100,0
2017-08-23,16:45:00,13.658,13.658,13.629,13.629,2774,0
2017-08-23,17:25:00,13.619,13.619,13.58,13.58,2321,0
2017-08-23,18:50:00,13.58,13.58,13.577,13.58,1109,0
2017-08-23,21:00:00,13.58,13.597,13.571,13.579,2926,0
2017-08-24,16:15:00,13.571,13.599,13.571,13.599,1590,0
2017-08-24,17:30:00,13.658,13.658,13.658,13.658,1009,0
2017-08-24,17:35:00,13.636,13.636,13.636,13.636,1009,0
2017-08-25,16:00:00,13.589,13.589,13.589,13.589,503,0
2017-08-25,16:50:00,13.639,13.639,13.639,13.639,531,0
2017-08-28,16:15:00,13.531,13.556,13.531,13.556,3515,0
2017-08-28,20:35:00,13.57,13.57,13.57,13.57,771,0
2017-08-28,20:45:00,13.531,13.531,13.531,13.531,1715,0
2017-08-29,16:10:00,13.619,13.619,13.619,13.619,100,0
2017-08-29,21:20:00,13.629,13.629,13.629,13.629,100,0
2017-08-29,21:55:00,13.619,13.619,13.619,13.619,100,0
2017-08-30,15:50:00,13.629,13.629,13.629,13.629,203,0
2017-08-30,16:00:00,13.619,13.619,13.619,13.619,100,0
2017-09-01,17:00:00,13.629,13.629,13.629,13.629,100,0
2017-09-01,17:05:00,13.629,13.629,13.629,13.629,303,0
2017-09-01,17:10:00,13.629,13.629,13.629,13.629,100,0
2017-09-01,17:50:00,13.649,13.649,13.649,13.649,100,0
2017-09-01,19:55:00,13.657,13.657,13.657,13.657,503,0
2017-09-01,20:25:00,13.649,13.658,13.649,13.658,203,0
2017-09-01,21:20:00,13.668,13.678,13.668,13.678,5003,0
2017-09-01,21:45:00,13.668,13.668,13.658,13.668,606,0
2017-09-01,22:00:00,13.654,13.688,13.654,13.688,2521,0
2017-09-05,16:05:00,13.609,13.609,13.609,13.609,303,0
2017-09-05,16:15:00,13.71,13.714,13.71,13.714,706,0
2017-09-05,18:20:00,13.708,13.716,13.708,13.716,2018,0
2017-09-05,19:10:00,13.711,13.711,13.711,13.711,2018,0
2017-09-05,20:25:00,13.688,13.748,13.688,13.748,4444,0
2017-09-05,20:30:00,13.748,13.748,13.748,13.748,100,0
2017-09-05,20:35:00,13.752,13.752,13.752,13.752,203,0
2017-09-05,20:40:00,13.748,13.748,13.748,13.748,100,0
2017-09-05,20:55:00,13.748,13.818,13.748,13.813,3565,0
2017-09-05,21:05:00,13.808,13.808,13.808,13.808,203,0
2017-09-05,21:30:00,13.818,13.818,13.808,13.808,1109,0
2017-09-05,21:50:00,13.797,13.797,13.797,13.797,100,0
2017-09-05,21:55:00,13.808,13.828,13.808,13.828,403,0
2017-09-06,15:45:00,13.707,13.707,13.707,13.707,191,0
2017-09-06,16:10:00,13.717,13.717,13.717,13.717,1512,0
2017-09-06,17:30:00,13.788,13.788,13.788,13.788,403,0
2017-09-06,20:05:00,13.858,13.858,13.788,13.788,7232,0
2017-09-06,20:50:00,13.756,13.756,13.756,13.756,1009,0
2017-09-06,21:10:00,13.768,13.768,13.768,13.768,100,0
2017-09-06,21:25:00,13.768,13.768,13.768,13.768,1615,0
2017-09-06,21:55:00,13.776,13.776,13.776,13.776,1815,0
2017-09-07,16:10:00,13.71,13.71,13.71,13.71,1009,0
2017-09-07,16:30:00,13.748,13.748,13.748,13.748,1211,0
2017-09-07,16:40:00,13.748,13.758,13.748,13.752,1512,0
2017-09-07,16:50:00,13.748,13.748,13.748,13.748,100,0
2017-09-07,17:40:00,13.778,13.778,13.778,13.778,100,0
2017-09-07,17:45:00,13.777,13.778,13.777,13.778,2756,0
2017-09-07,18:15:00,13.768,13.768,13.768,13.768,1790,0
2017-09-07,19:55:00,13.763,13.763,13.763,13.763,503,0
2017-09-07,20:05:00,13.748,13.749,13.748,13.749,1009,0
2017-09-07,20:35:00,13.778,13.778,13.778,13.778,100,0
2017-09-07,21:20:00,13.778,13.778,13.778,13.778,100,0
2017-09-07,21:30:00,13.778,13.778,13.778,13.778,100,0
2017-09-07,22:00:00,13.778,13.778,13.778,13.778,100,0
2017-09-08,16:10:00,13.957,13.957,13.769,13.769,3622,0
2017-09-08,18:00:00,13.818,13.818,13.818,13.818,704,0
2017-09-08,18:05:00,13.827,13.827,13.827,13.827,502,0
2017-09-08,21:40:00,13.768,13.768,13.619,13.718,2431,0
2017-09-08,21:50:00,13.698,13.725,13.698,13.725,444,0
2017-09-08,22:00:00,13.778,13.778,13.778,13.778,100,0
2017-09-11,17:30:00,13.778,13.778,13.768,13.768,302,0
2017-09-11,17:50:00,13.778,13.788,13.762,13.762,1005,0
2017-09-12,15:40:00,13.662,13.662,13.662,13.662,302,0
2017-09-12,16:00:00,13.688,13.688,13.688,13.688,1006,0
2017-09-12,16:10:00,13.658,13.688,13.619,13.688,2514,0
2017-09-12,17:45:00,13.668,13.668,13.649,13.649,202,0
2017-09-12,18:05:00,13.678,13.678,13.649,13.649,202,0
2017-09-12,19:40:00,13.697,13.697,13.688,13.688,1006,0
2017-09-12,19:50:00,13.698,13.703,13.698,13.698,1610,0
2017-09-12,21:50:00,13.694,13.694,13.694,13.694,302,0
2017-09-12,21:55:00,13.694,13.694,13.694,13.694,100,0
2017-09-13,16:05:00,13.696,13.696,13.696,13.696,100,0
2017-09-13,16:10:00,13.688,13.698,13.654,13.654,1408,0
2017-09-13,16:15:00,13.708,13.708,13.708,13.708,100,0
2017-09-13,17:55:00,13.678,13.678,13.678,13.678,202,0
2017-09-13,19:15:00,13.639,13.678,13.639,13.668,3384,0
2017-09-13,20:10:00,13.668,13.668,13.619,13.619,2112,0
2017-09-13,21:40:00,13.679,13.679,13.679,13.679,432,0
2017-09-14,16:10:00,13.639,13.639,13.639,13.639,100,0
2017-09-14,16:25:00,13.678,13.678,13.619,13.646,402,0
2017-09-14,16:30:00,13.649,13.649,13.649,13.649,100,0
2017-09-14,17:15:00,13.629,13.629,13.629,13.629,100,0
2017-09-14,19:10:00,13.639,13.639,13.639,13.639,100,0
2017-09-14,20:30:00,13.639,13.639,13.639,13.639,100,0
2017-09-14,20:40:00,13.629,13.629,13.629,13.629,100,0
2017-09-14,21:15:00,13.629,13.629,13.629,13.629,100,0
2017-09-14,21:20:00,13.643,13.643,13.643,13.643,3018,0
2017-09-14,21:30:00,13.62,13.644,13.599,13.644,5532,0
2017-09-14,21:50:00,13.619,13.639,13.619,13.639,402,0
2017-09-15,16:10:00,13.629,13.629,13.629,13.629,100,0
2017-09-15,16:15:00,13.649,13.649,13.55,13.589,1006,0
2017-09-15,19:20:00,13.661,13.661,13.661,13.661,1006,0
2017-09-15,21:55:00,13.639,13.668,13.639,13.668,302,0
2017-09-18,15:35:00,13.917,13.917,13.917,13.917,112,0
2017-09-18,16:05:00,13.672,13.672,13.672,13.672,282,0
2017-09-18,16:15:00,13.619,13.632,13.597,13.597,1308,0
2017-09-18,16:55:00,13.631,13.631,13.631,13.631,1006,0
2017-09-18,17:20:00,13.639,13.639,13.639,13.639,100,0
2017-09-18,17:25:00,13.632,13.632,13.632,13.632,125,0
2017-09-18,17:30:00,13.639,13.668,13.639,13.668,202,0
2017-09-18,18:20:00,13.649,13.649,13.649,13.649,100,0
2017-09-18,19:00:00,13.649,13.649,13.649,13.649,100,0
2017-09-18,19:25:00,13.649,13.649,13.649,13.649,100,0
2017-09-18,20:25:00,13.649,13.649,13.649,13.649,100,0
2017-09-18,20:40:00,13.658,13.658,13.658,13.658,202,0
2017-09-18,21:40:00,13.658,13.658,13.658,13.658,100,0
2017-09-18,21:50:00,13.658,13.658,13.658,13.658,202,0
2017-09-19,16:10:00,13.57,13.57,13.57,13.57,100,0
2017-09-19,16:30:00,13.665,13.665,13.665,13.665,804,0
2017-09-19,17:00:00,13.649,13.649,13.649,13.649,100,0
2017-09-19,17:05:00,13.66,13.66,13.658,13.658,202,0
2017-09-19,17:35:00,13.666,13.666,13.666,13.666,589,0
2017-09-19,18:40:00,13.642,13.642,13.642,13.642,1006,0
2017-09-19,21:30:00,13.632,13.632,13.632,13.632,1006,0
2017-09-19,21:55:00,13.609,13.625,13.609,13.625,906,0
2017-09-20,18:05:00,13.658,13.658,13.658,13.658,377,0
2017-09-21,19:05:00,13.55,13.55,13.51,13.51,4728,0
2017-09-21,19:15:00,13.49,13.52,13.49,13.52,202,0
2017-09-21,21:05:00,13.5,13.5,13.49,13.49,1106,0
2017-09-21,21:20:00,13.48,13.48,13.44,13.47,5432,0
2017-09-21,21:30:00,13.47,13.47,13.46,13.46,1912,0
2017-09-21,21:35:00,13.47,13.47,13.47,13.47,202,0
2017-09-21,21:45:00,13.44,13.46,13.44,13.46,2515,0
2017-09-22,15:35:00,13.738,13.738,13.56,13.56,452,0
2017-09-22,16:10:00,13.48,13.48,13.48,13.48,100,0
2017-09-22,16:15:00,13.52,13.52,13.52,13.52,100,0
2017-09-22,16:55:00,13.52,13.52,13.52,13.52,202,0
2017-09-22,19:05:00,13.501,13.501,13.501,13.501,1006,0
2017-09-22,19:45:00,13.482,13.482,13.434,13.434,1449,0
2017-09-22,19:50:00,13.51,13.51,13.51,13.51,604,0
2017-09-22,20:05:00,13.47,13.47,13.47,13.47,402,0
2017-09-22,20:10:00,13.46,13.46,13.46,13.46,502,0
2017-09-22,21:25:00,13.509,13.509,13.508,13.508,1308,0
2017-09-22,21:50:00,13.451,13.451,13.451,13.451,268,0
2017-09-25,17:05:00,13.49,13.49,13.49,13.49,100,0
2017-09-25,19:00:00,13.5,13.5,13.5,13.5,100,0
2017-09-25,19:45:00,13.49,13.49,13.49,13.49,302,0
2017-09-25,20:35:00,13.47,13.47,13.42,13.43,6036,0
2017-09-26,15:35:00,13.472,13.472,13.472,13.472,744,0
2017-09-26,16:00:00,13.46,13.46,13.46,13.46,100,0
2017-09-26,17:40:00,13.44,13.44,13.43,13.434,2112,0
2017-09-26,18:05:00,13.44,13.44,13.44,13.44,302,0
2017-09-26,18:10:00,13.44,13.44,13.44,13.44,202,0
2017-09-26,18:20:00,13.44,13.44,13.44,13.44,402,0
2017-09-26,18:30:00,13.44,13.44,13.44,13.44,100,0
2017-09-26,20:50:00,13.43,13.45,13.43,13.44,1408,0
2017-09-26,21:15:00,13.46,13.46,13.46,13.46,202,0
2017-09-26,22:00:00,13.44,13.44,13.44,13.44,402,0
2017-09-27,15:35:00,13.42,13.42,13.42,13.42,100,0
2017-09-27,15:50:00,13.41,13.41,13.408,13.408,906,0
2017-09-27,15:55:00,13.38,13.38,13.38,13.38,604,0
2017-09-27,19:25:00,13.39,13.39,13.38,13.38,1709,0
2017-09-27,20:45:00,13.38,13.38,13.38,13.38,100,0
2017-09-27,21:25:00,13.41,13.41,13.41,13.41,402,0
2017-09-28,15:35:00,13.36,13.36,13.36,13.36,100,0
2017-09-28,21:05:00,13.36,13.36,13.36,13.36,100,0
2017-09-28,21:30:00,13.36,13.36,13.36,13.36,103,0
2017-09-29,15:45:00,13.378,13.378,13.378,13.378,754,0
2017-09-29,15:50:00,13.35,13.35,13.35,13.35,206,0
2017-09-29,16:00:00,13.371,13.371,13.371,13.371,554,0
2017-09-29,16:15:00,13.357,13.357,13.357,13.357,100,0
2017-09-29,19:20:00,13.39,13.39,13.39,13.39,262,0
2017-09-29,20:20:00,13.373,13.373,13.373,13.373,302,0
2017-09-29,21:45:00,13.364,13.364,13.364,13.364,502,0
2017-10-02,15:35:00,13.192,13.192,13.192,13.192,303,0
2017-10-02,15:50:00,13.364,13.364,13.364,13.364,402,0
2017-10-02,16:10:00,13.35,13.35,13.35,13.35,100,0
2017-10-02,16:30:00,13.36,13.37,13.36,13.37,804,0
2017-10-02,16:35:00,13.36,13.363,13.36,13.363,402,0
2017-10-02,16:40:00,13.36,13.36,13.36,13.36,202,0
2017-10-02,17:00:00,13.362,13.362,13.362,13.362,202,0
2017-10-02,17:40:00,13.36,13.36,13.36,13.36,856,0
2017-10-02,17:50:00,13.35,13.35,13.35,13.35,100,0
2017-10-02,18:00:00,13.35,13.35,13.35,13.35,100,0
2017-10-02,18:20:00,13.33,13.35,13.291,13.33,2616,0
2017-10-02,18:45:00,13.34,13.34,13.34,13.34,100,0
2017-10-02,20:40:00,13.33,13.33,13.32,13.32,804,0
2017-10-02,21:45:00,13.35,13.35,13.35,13.35,100,0
2017-10-02,22:00:00,13.355,13.355,13.355,13.355,804,0
2017-10-03,16:00:00,13.365,13.365,13.365,13.365,1006,0
2017-10-03,18:05:00,13.35,13.35,13.35,13.35,202,0
2017-10-03,18:30:00,13.35,13.35,13.35,13.35,100,0
2017-10-03,18:45:00,13.36,13.36,13.36,13.36,1710,0
2017-10-03,19:10:00,13.36,13.36,13.36,13.36,100,0
2017-10-03,19:15:00,13.366,13.366,13.366,13.366,1610,0
2017-10-03,19:50:00,13.36,13.36,13.36,13.36,302,0
2017-10-03,20:20:00,13.35,13.35,13.35,13.35,1006,0
2017-10-03,21:30:00,13.361,13.361,13.361,13.361,874,0
2017-10-03,21:40:00,13.384,13.39,13.37,13.37,2414,0
2017-10-04,17:20:00,13.35,13.35,13.35,13.35,100,0
2017-10-04,19:55:00,13.33,13.33,13.261,13.261,2631,0
2017-10-04,20:20:00,13.359,13.359,13.359,13.359,906,0
2017-10-04,20:25:00,13.365,13.37,13.359,13.37,1660,0
2017-10-04,20:30:00,13.37,13.37,13.37,13.37,100,0
2017-10-04,20:55:00,13.38,13.4,13.38,13.4,1610,0
2017-10-04,21:10:00,13.4,13.4,13.4,13.4,100,0
2017-10-05,19:10:00,13.41,13.42,13.393,13.393,1810,0
2017-10-05,19:30:00,13.351,13.351,13.351,13.351,1006,0
2017-10-05,20:30:00,13.362,13.362,13.362,13.362,2198,0
2017-10-05,21:05:00,13.388,13.388,13.388,13.388,1006,0
2017-10-05,21:50:00,13.42,13.52,13.418,13.418,2012,0
2017-10-06,16:05:00,13.38,13.38,13.38,13.38,100,0
2017-10-06,18:00:00,13.42,13.42,13.42,13.42,100,0
2017-10-06,18:15:00,13.42,13.42,13.42,13.42,202,0
2017-10-06,19:20:00,13.45,13.45,13.45,13.45,100,0
2017-10-06,20:20:00,13.44,13.44,13.44,13.44,100,0
2017-10-06,20:25:00,13.45,13.45,13.45,13.45,502,0
2017-10-06,20:45:00,13.45,13.47,13.45,13.47,202,0
2017-10-06,20:50:00,13.45,13.45,13.45,13.45,100,0
2017-10-06,21:45:00,13.44,13.44,13.44,13.44,202,0
2017-10-09,19:15:00,13.45,13.45,13.45,13.45,202,0
2017-10-09,19:20:00,13.45,13.455,13.45,13.455,202,0
2017-10-09,20:55:00,13.45,13.45,13.41,13.41,3417,0
2017-10-09,21:45:00,13.5,13.5,13.5,13.5,100,0
2017-10-10,17:10:00,13.455,13.455,13.455,13.455,704,0
2017-10-10,18:20:00,13.43,13.43,13.43,13.43,302,0
2017-10-10,18:25:00,13.486,13.486,13.486,13.486,804,0
2017-10-11,16:05:00,13.51,13.51,13.499,13.499,3811,0
2017-10-11,20:10:00,13.427,13.427,13.427,13.427,136,0
2017-10-13,15:40:00,13.51,13.51,13.51,13.51,1872,0
2017-10-13,15:55:00,13.51,13.51,13.51,13.51,100,0
2017-10-13,17:35:00,13.48,13.48,13.47,13.47,613,0
2017-10-13,17:50:00,13.47,13.47,13.46,13.46,321,0
2017-10-13,19:40:00,13.462,13.462,13.462,13.462,391,0
2017-10-13,20:20:00,13.46,13.46,13.46,13.46,201,0
2017-10-13,20:25:00,13.465,13.465,13.465,13.465,1114,0
2017-10-13,20:45:00,13.46,13.46,13.46,13.46,100,0
2017-10-13,21:35:00,13.46,13.46,13.46,13.46,501,0
2017-10-13,21:45:00,13.46,13.46,13.46,13.46,602,0
2017-10-16,17:30:00,13.53,13.53,13.505,13.505,1003,0
2017-10-16,17:40:00,13.507,13.507,13.507,13.507,802,0
2017-10-16,18:15:00,13.46,13.474,13.46,13.474,1204,0
2017-10-16,18:20:00,13.489,13.489,13.489,13.489,501,0
2017-10-16,21:05:00,13.46,13.46,13.46,13.46,3009,0
2017-10-16,21:50:00,13.46,13.46,13.46,13.46,2507,0
2017-10-17,15:35:00,13.46,13.46,13.46,13.46,118,0
2017-10-17,16:30:00,13.51,13.51,13.51,13.51,100,0
2017-10-17,17:00:00,13.52,13.52,13.52,13.52,201,0
2017-10-17,20:40:00,13.51,13.51,13.51,13.51,100,0
2017-10-18,15:45:00,13.42,13.42,13.42,13.42,201,0
2017-10-19,15:35:00,13.54,13.54,13.54,13.54,104,0
2017-10-19,16:05:00,13.48,13.48,13.48,13.48,287,0
2017-10-19,16:10:00,13.55,13.55,13.55,13.55,100,0
2017-10-20,15:40:00,13.56,13.56,13.526,13.526,1304,0
2017-10-20,16:20:00,13.52,13.52,13.52,13.52,201,0
2017-10-20,16:25:00,13.5,13.5,13.5,13.5,501,0
2017-10-20,17:35:00,13.54,13.54,13.54,13.54,553,0
2017-10-20,17:45:00,13.519,13.519,13.519,13.519,767,0
2017-10-20,21:45:00,13.503,13.52,13.501,13.501,802,0
2017-10-20,21:50:00,13.5,13.513,13.5,13.513,1304,0
2017-10-23,17:05:00,13.53,13.55,13.52,13.55,1390,0
2017-10-23,20:20:00,13.512,13.512,13.512,13.512,394,0
2017-10-23,21:50:00,13.5,13.51,13.5,13.51,301,0
2017-10-24,17:25:00,13.482,13.482,13.482,13.482,3154,0
2017-10-24,18:30:00,13.48,13.48,13.47,13.47,301,0
2017-10-24,19:15:00,13.48,13.48,13.47,13.47,201,0
2017-10-24,20:15:00,13.5,13.5,13.5,13.5,100,0
2017-10-24,21:00:00,13.519,13.519,13.519,13.519,501,0
2017-10-24,21:35:00,13.509,13.509,13.509,13.509,752,0
2017-10-24,21:40:00,13.49,13.49,13.49,13.49,100,0
2017-10-24,21:45:00,13.509,13.509,13.509,13.509,752,0
2017-10-25,15:35:00,13.45,13.45,13.45,13.45,100,0
2017-10-25,15:45:00,13.46,13.46,13.46,13.46,517,0
2017-10-25,15:50:00,13.46,13.46,13.46,13.46,502,0
2017-10-25,15:55:00,13.46,13.46,13.46,13.46,1204,0
2017-10-25,16:10:00,13.47,13.47,13.47,13.47,100,0
2017-10-25,16:20:00,13.47,13.47,13.467,13.467,802,0
2017-10-25,16:25:00,13.46,13.46,13.46,13.46,1889,0
2017-10-25,16:50:00,13.45,13.45,13.45,13.45,100,0
2017-10-25,17:05:00,13.41,13.41,13.41,13.41,100,0
2017-10-25,17:20:00,13.36,13.36,13.36,13.36,207,0
2017-10-25,17:40:00,13.41,13.41,13.38,13.38,201,0
2017-10-25,17:50:00,13.399,13.399,13.397,13.397,1438,0
2017-10-26,16:00:00,13.41,13.41,13.41,13.41,301,0
2017-10-26,16:05:00,13.4,13.4,13.4,13.4,100,0
2017-10-26,16:10:00,13.4,13.4,13.4,13.4,100,0
2017-10-26,16:30:00,13.4,13.4,13.4,13.4,401,0
2017-10-26,16:55:00,13.39,13.39,13.38,13.389,1605,0
2017-10-26,17:15:00,13.38,13.38,13.38,13.38,201,0
2017-10-26,17:25:00,13.38,13.38,13.38,13.38,100,0
2017-10-26,17:35:00,13.38,13.38,13.38,13.38,802,0
2017-10-26,18:05:00,13.38,13.38,13.38,13.38,100,0
2017-10-26,18:20:00,13.39,13.39,13.39,13.39,231,0
2017-10-26,18:35:00,13.38,13.38,13.38,13.38,401,0
2017-10-26,18:40:00,13.385,13.385,13.385,13.385,401,0
2017-10-26,19:20:00,13.389,13.39,13.389,13.39,501,0
2017-10-26,20:50:00,13.38,13.38,13.38,13.38,330,0
2017-10-27,16:05:00,13.36,13.36,13.36,13.36,584,0
2017-10-27,16:45:00,13.419,13.419,13.419,13.419,991,0
2017-10-27,17:40:00,13.36,13.36,13.35,13.35,801,0
2017-10-27,19:25:00,13.35,13.37,13.35,13.37,4373,0
2017-10-27,19:45:00,13.37,13.41,13.37,13.41,3109,0
2017-10-27,20:20:00,13.37,13.41,13.37,13.39,2718,0
2017-10-27,21:10:00,13.341,13.35,13.341,13.35,201,0
2017-10-27,21:40:00,13.35,13.35,13.347,13.35,501,0
2017-10-30,16:50:00,13.36,13.36,13.36,13.36,100,0
2017-10-30,19:10:00,13.316,13.316,13.31,13.31,1822,0
2017-10-30,19:35:00,13.31,13.31,13.31,13.31,2808,0
2017-10-31,15:00:00,13.3,13.3,13.3,13.3,602,0
2017-10-31,15:05:00,13.301,13.301,13.301,13.301,501,0
2017-10-31,15:15:00,13.29,13.29,13.29,13.29,702,0
2017-10-31,15:30:00,13.279,13.279,13.279,13.279,802,0
2017-11-01,14:50:00,13.301,13.301,13.301,13.301,100,0
2017-11-02,14:35:00,13.161,13.161,13.161,13.161,331,0
2017-11-02,16:20:00,13.245,13.245,13.231,13.231,2658,0
2017-11-02,16:50:00,13.231,13.231,13.211,13.231,1103,0
2017-11-02,19:00:00,13.326,13.39,13.326,13.39,5030,0
2017-11-02,19:05:00,13.326,13.326,13.326,13.326,1118,0
2017-11-02,19:45:00,13.326,13.326,13.326,13.326,745,0
2017-11-02,20:30:00,13.27,13.27,13.27,13.27,351,0
2017-11-03,15:00:00,13.258,13.258,13.258,13.258,1003,0
2017-11-03,15:25:00,13.241,13.241,13.241,13.241,100,0
2017-11-03,15:35:00,13.238,13.238,13.238,13.238,923,0
2017-11-07,16:10:00,13.29,13.29,13.29,13.29,100,0
2017-11-07,17:40:00,13.31,13.31,13.31,13.31,802,0
2017-11-07,19:40:00,13.389,13.389,13.389,13.389,100,0
2017-11-08,20:30:00,13.357,13.357,13.357,13.357,2095,0
2017-11-09,15:35:00,13.41,13.41,13.41,13.41,100,0
2017-11-09,16:25:00,13.32,13.32,13.32,13.32,301,0
2017-11-09,18:10:00,13.36,13.36,13.36,13.36,100,0
2017-11-09,18:35:00,13.35,13.41,13.35,13.41,802,0
2017-11-10,15:40:00,13.35,13.35,13.35,13.35,100,0
2017-11-10,15:50:00,13.31,13.31,13.31,13.31,100,0
2017-11-10,16:50:00,13.31,13.31,13.31,13.31,100,0
2017-11-10,16:55:00,13.32,13.32,13.32,13.32,100,0
2017-11-10,18:35:00,13.31,13.31,13.31,13.31,400,0
2017-11-10,19:30:00,13.31,13.32,13.31,13.32,810,0
2017-11-10,19:45:00,13.3148,13.3148,13.3148,13.3148,700,0
2017-11-10,20:15:00,13.31,13.31,13.31,13.31,200,0
2017-11-13,15:35:00,13.22,13.22,13.22,13.22,1127,0
2017-11-13,15:40:00,13.32,13.35,13.32,13.324,4195,0
2017-11-13,15:50:00,13.34,13.39,13.3292,13.3292,4145,0
2017-11-13,16:00:00,13.3975,13.3975,13.3975,13.3975,500,0
2017-11-13,16:15:00,13.351,13.351,13.351,13.351,1200,0
2017-11-14,15:45:00,13.37,13.3865,13.37,13.3865,600,0
2017-11-14,15:55:00,13.4,13.4,13.26,13.39,2696,0
2017-11-14,16:30:00,13.3409,13.3409,13.3409,13.3409,1534,0
2017-11-14,17:05:00,13.36,13.36,13.35,13.35,450,0
2017-11-14,17:15:00,13.3064,13.3064,13.3064,13.3064,1740,0
2017-11-14,17:35:00,13.359,13.359,13.359,13.359,150,0
2017-11-14,17:45:00,13.3,13.3079,13.2801,13.2801,2250,0
2017-11-14,18:20:00,13.3125,13.3125,13.3125,13.3125,600,0
2017-11-14,18:55:00,13.2601,13.2601,13.2601,13.2601,1392,0
2017-11-14,22:00:00,13.31,13.31,13.31,13.31,100,0
2017-11-15,19:50:00,13.3463,13.3463,13.3463,13.3463,1325,0
2017-11-15,21:45:00,13.3205,13.3205,13.3,13.3122,1250,0
2017-11-16,15:50:00,13.3,13.3,13.29,13.2962,2400,0
2017-11-16,15:55:00,13.28,13.28,13.28,13.28,200,0
2017-11-16,16:10:00,13.28,13.28,13.28,13.28,500,0
2017-11-16,16:15:00,13.26,13.26,13.25,13.25,1950,0
2017-11-16,16:20:00,13.25,13.25,13.245,13.25,500,0
2017-11-16,16:25:00,13.25,13.25,13.25,13.25,200,0
2017-11-16,16:30:00,13.25,13.25,13.25,13.25,400,0
2017-11-16,16:35:00,13.25,13.25,13.25,13.25,400,0
2017-11-16,16:40:00,13.25,13.25,13.247,13.25,1650,0
2017-11-16,16:45:00,13.25,13.25,13.25,13.25,500,0
2017-11-16,19:00:00,13.32,13.32,13.32,13.32,100,0
2017-11-16,19:50:00,13.3292,13.3292,13.3292,13.3292,3355,0
2017-11-16,20:05:00,13.27,13.3,13.24,13.25,5200,0
2017-11-16,20:10:00,13.25,13.25,13.25,13.25,1400,0
2017-11-16,20:35:00,13.2784,13.2784,13.2784,13.2784,1333,0
2017-11-16,20:40:00,13.32,13.32,13.32,13.32,100,0
2017-11-16,21:10:00,13.2616,13.2616,13.2616,13.2616,300,0
2017-11-16,21:35:00,13.2812,13.2812,13.2812,13.2812,1000,0
2017-11-16,21:40:00,13.29,13.29,13.29,13.29,100,0
2017-11-17,16:50:00,13.314,13.314,13.314,13.314,700,0
2017-11-17,19:15:00,13.3,13.3,13.297,13.297,2016,0
2017-11-20,16:05:00,13.3,13.3,13.3,13.3,258,0
2017-11-20,20:25:00,13.28,13.28,13.28,13.28,200,0
2017-11-21,20:20:00,13.28,13.29,13.25,13.29,6300,0
2017-11-21,20:45:00,13.27,13.28,13.27,13.28,1475,0
2017-11-21,21:15:00,13.2952,13.2952,13.2952,13.2952,500,0
2017-11-21,21:55:00,13.27,13.27,13.27,13.27,100,0
2017-11-22,15:35:00,13.25,13.25,13.25,13.25,100,0
2017-11-22,17:25:00,13.2264,13.2264,13.2264,13.2264,800,0
2017-11-22,21:50:00,13.25,13.25,13.25,13.25,100,0
2017-11-27,17:35:00,13.2367,13.2367,13.2367,13.2367,350,0
2017-11-27,18:15:00,13.23,13.23,13.23,13.23,100,0
2017-11-27,19:50:00,13.2,13.2,13.2,13.2,887,0
2017-11-27,20:00:00,13.1961,13.1961,13.1961,13.1961,300,0
2017-11-27,20:20:00,13.1864,13.1864,13.1687,13.1687,1150,0
2017-11-28,16:20:00,13.17,13.17,13.1601,13.1601,491,0
2017-11-28,17:00:00,13.16,13.17,13.145,13.145,10100,0
2017-11-28,17:35:00,13.1572,13.1572,13.1572,13.1572,300,0
2017-11-28,17:40:00,13.16,13.16,13.16,13.16,336,0
2017-11-28,19:40:00,13.12,13.12,13.12,13.12,759,0
2017-11-28,21:45:00,13.15,13.15,13.1499,13.15,1000,0
2017-11-29,16:10:00,13.12,13.12,13.12,13.12,100,0
2017-11-29,16:30:00,13.06,13.061,13.06,13.061,3155,0
2017-11-29,16:35:00,13.07,13.07,13.07,13.07,100,0
2017-11-29,18:05:00,13.0669,13.0669,13.0669,13.0669,500,0
2017-11-29,18:50:00,13.07,13.07,13.07,13.07,400,0
2017-11-29,20:40:00,13.1253,13.1253,13.1253,13.1253,1000,0
2017-11-29,20:45:00,13.0873,13.09,13.08,13.0833,2080,0
2017-11-29,21:50:00,13.085,13.085,13.085,13.085,100,0
2017-11-29,22:00:00,13.1,13.1,13.1,13.1,200,0
2017-11-30,15:50:00,13.11,13.11,13.11,13.11,500,0
2017-11-30,16:10:00,13.11,13.11,13.11,13.11,350,0
2017-11-30,16:20:00,13.11,13.11,13.11,13.11,350,0
2017-11-30,16:45:00,13.1399,13.1399,13.1399,13.1399,503,0
2017-11-30,17:45:00,13.14,13.14,13.14,13.14,100,0
2017-11-30,19:40:00,13.13,13.13,13.13,13.13,500,0
2017-11-30,20:00:00,13.13,13.13,13.13,13.13,474,0
2017-11-30,20:15:00,13.1211,13.1211,13.1207,13.1207,500,0
2017-12-01,16:30:00,13.19,13.1912,13.18,13.191,5100,0
2017-12-01,16:35:00,13.1008,13.1008,13.1008,13.1008,1162,0
2017-12-01,17:15:00,13.1099,13.1099,13.1099,13.1099,202,0
2017-12-01,17:20:00,13.1,13.1,13.1,13.1,400,0
2017-12-01,22:00:00,13.14,13.14,13.14,13.14,100,0
2017-12-04,16:10:00,13.05,13.0629,13.05,13.0629,740,0
2017-12-04,16:30:00,13.14,13.17,13.14,13.17,3795,0
2017-12-04,16:45:00,13.16,13.16,13.1195,13.15,2120,0
2017-12-04,17:00:00,13.15,13.15,13.15,13.15,100,0
2017-12-04,19:10:00,13.15,13.15,13.15,13.15,100,0
2017-12-04,19:45:00,13.138,13.15,13.138,13.15,2100,0
2017-12-04,19:50:00,13.15,13.17,13.1499,13.1684,1600,0
2017-12-04,20:05:00,13.1085,13.1085,13.1085,13.1085,820,0
2017-12-04,20:50:00,13.1201,13.1293,13.1201,13.1293,1000,0
2017-12-04,21:05:00,13.14,13.14,13.14,13.14,100,0
2017-12-04,21:10:00,13.12,13.12,13.12,13.12,150,0
2017-12-04,21:20:00,13.1344,13.1344,13.1287,13.1287,1166,0
2017-12-04,22:00:00,13.14,13.14,13.14,13.14,200,0
2017-12-05,17:05:00,13.2,13.205,13.2,13.2039,900,0
2017-12-05,18:25:00,13.21,13.21,13.21,13.21,300,0
2017-12-05,19:05:00,13.21,13.21,13.21,13.21,200,0
2017-12-05,19:20:00,13.1999,13.1999,13.1999,13.1999,506,0
2017-12-05,19:35:00,13.19,13.2,13.19,13.2,1044,0
2017-12-06,16:00:00,13.3113,13.3113,13.3113,13.3113,1500,0
2017-12-06,16:05:00,13.26,13.28,13.26,13.28,200,0
2017-12-06,18:35:00,13.2845,13.2845,13.2845,13.2845,1500,0
2017-12-06,19:10:00,13.3,13.32,13.3,13.32,200,0
2017-12-06,19:25:00,13.3083,13.3083,13.3083,13.3083,500,0
2017-12-06,21:15:00,13.31,13.32,13.3055,13.3055,400,0
