Date,Time,Open,High,Low,Close,Volume,OpenInt
2017-11-09,15:35:00,6.64,6.64,6.4366,6.489,1999,0
2017-11-09,15:40:00,6.49,6.49,6.49,6.49,100,0
2017-11-09,15:45:00,6.5,6.52,6.47,6.47,800,0
2017-11-09,15:50:00,6.47,6.47,6.47,6.47,200,0
2017-11-09,15:55:00,6.4401,6.4899,6.4401,6.47,3000,0
2017-11-09,16:00:00,6.47,6.47,6.45,6.45,200,0
2017-11-09,16:05:00,6.46,6.46,6.46,6.46,100,0
2017-11-09,16:10:00,6.44,6.44,6.44,6.44,100,0
2017-11-09,16:15:00,6.47,6.47,6.44,6.45,800,0
2017-11-09,16:25:00,6.475,6.56,6.475,6.56,1500,0
2017-11-09,16:30:00,6.57,6.57,6.54,6.54,700,0
2017-11-09,16:35:00,6.54,6.58,6.54,6.57,2400,0
2017-11-09,16:45:00,6.55,6.55,6.55,6.55,100,0
2017-11-09,16:50:00,6.545,6.545,6.545,6.545,100,0
2017-11-09,16:55:00,6.55,6.55,6.55,6.55,100,0
2017-11-09,17:00:00,6.5502,6.5502,6.5502,6.5502,500,0
2017-11-09,17:05:00,6.54,6.55,6.54,6.55,200,0
2017-11-09,17:10:00,6.57,6.57,6.57,6.57,100,0
2017-11-09,17:15:00,6.55,6.55,6.4,6.4,21675,0
2017-11-09,17:20:00,6.48,6.51,6.48,6.51,340,0
2017-11-09,17:25:00,6.47,6.47,6.47,6.47,200,0
2017-11-09,17:30:00,6.45,6.47,6.45,6.47,800,0
2017-11-09,17:35:00,6.47,6.47,6.47,6.47,600,0
2017-11-09,17:40:00,6.47,6.47,6.47,6.47,100,0
2017-11-09,17:45:00,6.47,6.47,6.46,6.46,200,0
2017-11-09,17:50:00,6.45,6.45,6.38,6.425,1250,0
2017-11-09,17:55:00,6.4,6.41,6.38,6.38,600,0
2017-11-09,18:00:00,6.415,6.415,6.38,6.38,500,0
2017-11-09,18:05:00,6.39,6.4,6.37,6.37,300,0
2017-11-09,18:10:00,6.37,6.37,6.36,6.37,300,0
2017-11-09,18:15:00,6.36,6.375,6.36,6.375,300,0
2017-11-09,18:20:00,6.3601,6.3601,6.36,6.36,719,0
2017-11-09,18:25:00,6.36,6.39,6.36,6.375,2200,0
2017-11-09,18:30:00,6.37,6.37,6.35,6.35,9290,0
2017-11-09,18:35:00,6.35,6.35,6.33,6.34,1100,0
2017-11-09,18:45:00,6.32,6.339,6.32,6.339,200,0
2017-11-09,18:50:00,6.31,6.31,6.31,6.31,100,0
2017-11-09,18:55:00,6.34,6.34,6.34,6.34,200,0
2017-11-09,19:10:00,6.34,6.34,6.34,6.34,200,0
2017-11-09,19:15:00,6.33,6.35,6.33,6.35,437,0
2017-11-09,19:20:00,6.37,6.37,6.37,6.37,200,0
2017-11-09,19:25:00,6.37,6.37,6.37,6.37,200,0
2017-11-09,19:30:00,6.4,6.4,6.4,6.4,100,0
2017-11-09,19:40:00,6.42,6.43,6.42,6.43,300,0
2017-11-09,19:45:00,6.43,6.43,6.43,6.43,200,0
2017-11-09,19:50:00,6.48,6.48,6.48,6.48,100,0
2017-11-09,19:55:00,6.48,6.48,6.48,6.48,200,0
2017-11-09,20:00:00,6.47,6.47,6.47,6.47,100,0
2017-11-09,20:25:00,6.48,6.48,6.48,6.48,100,0
2017-11-09,20:30:00,6.475,6.475,6.475,6.475,251,0
2017-11-09,20:35:00,6.47,6.47,6.47,6.47,100,0
2017-11-09,20:40:00,6.47,6.47,6.47,6.47,100,0
2017-11-09,20:45:00,6.47,6.47,6.47,6.47,100,0
2017-11-09,21:00:00,6.47,6.47,6.47,6.47,100,0
2017-11-09,21:05:00,6.46,6.46,6.46,6.46,100,0
2017-11-09,21:25:00,6.47,6.47,6.47,6.47,100,0
2017-11-09,21:30:00,6.48,6.48,6.48,6.48,100,0
2017-11-09,21:35:00,6.48,6.48,6.48,6.48,100,0
2017-11-09,21:40:00,6.48,6.48,6.48,6.48,200,0
2017-11-09,21:45:00,6.49,6.49,6.49,6.49,112,0
2017-11-09,22:00:00,6.49,6.51,6.48,6.51,4915,0
2017-11-10,15:35:00,6.5,6.5,6.45,6.45,3103,0
2017-11-10,15:45:00,6.43,6.43,6.41,6.42,500,0
2017-11-10,15:50:00,6.38,6.38,6.38,6.38,100,0
2017-11-10,15:55:00,6.3968,6.3968,6.3968,6.3968,100,0
2017-11-10,16:05:00,6.38,6.38,6.37,6.37,200,0
2017-11-10,16:45:00,6.39,6.39,6.39,6.39,100,0
2017-11-10,16:50:00,6.37,6.37,6.37,6.37,100,0
2017-11-10,16:55:00,6.4,6.4,6.4,6.4,100,0
2017-11-10,17:00:00,6.3848,6.3848,6.3848,6.3848,500,0
2017-11-10,17:20:00,6.42,6.42,6.42,6.42,308,0
2017-11-10,17:30:00,6.44,6.44,6.44,6.44,500,0
2017-11-10,17:40:00,6.44,6.44,6.44,6.44,100,0
2017-11-10,17:45:00,6.44,6.44,6.43,6.43,1100,0
2017-11-10,17:55:00,6.41,6.41,6.41,6.41,100,0
2017-11-10,18:15:00,6.4,6.4,6.4,6.4,200,0
2017-11-10,18:20:00,6.4,6.41,6.4,6.41,500,0
2017-11-10,18:30:00,6.4,6.4,6.4,6.4,1000,0
2017-11-10,18:40:00,6.4,6.4,6.4,6.4,100,0
2017-11-10,18:55:00,6.39,6.39,6.39,6.39,200,0
2017-11-10,19:00:00,6.38,6.38,6.38,6.38,247,0
2017-11-10,19:05:00,6.33,6.33,6.33,6.33,100,0
2017-11-10,19:10:00,6.35,6.35,6.35,6.35,100,0
2017-11-10,19:20:00,6.32,6.32,6.32,6.32,100,0
2017-11-10,19:40:00,6.35,6.35,6.35,6.35,100,0
2017-11-10,19:50:00,6.37,6.38,6.37,6.38,200,0
2017-11-10,20:10:00,6.35,6.35,6.35,6.35,100,0
2017-11-10,20:30:00,6.3232,6.33,6.3232,6.33,900,0
2017-11-10,20:35:00,6.31,6.31,6.31,6.31,200,0
2017-11-10,20:40:00,6.33,6.3346,6.27,6.33,5604,0
2017-11-10,20:45:00,6.35,6.35,6.3,6.33,300,0
2017-11-10,20:50:00,6.34,6.34,6.34,6.34,100,0
2017-11-10,21:00:00,6.31,6.31,6.31,6.31,200,0
2017-11-10,21:05:00,6.3,6.3,6.3,6.3,300,0
2017-11-10,21:10:00,6.32,6.32,6.32,6.32,100,0
2017-11-10,21:15:00,6.3,6.3,6.3,6.3,100,0
2017-11-10,21:20:00,6.3,6.3,6.295,6.295,300,0
2017-11-10,21:25:00,6.31,6.31,6.31,6.31,300,0
2017-11-10,21:35:00,6.3,6.3,6.26,6.295,1144,0
2017-11-10,21:40:00,6.285,6.285,6.26,6.26,1065,0
2017-11-10,21:45:00,6.26,6.28,6.26,6.28,200,0
2017-11-10,21:55:00,6.26,6.28,6.26,6.26,900,0
2017-11-10,22:00:00,6.27,6.27,6.26,6.26,7312,0
2017-11-13,15:35:00,6.16,6.19,6.16,6.19,2277,0
2017-11-13,15:40:00,6.029,6.029,6.02,6.02,800,0
2017-11-13,15:45:00,6.01,6.01,5.98,5.98,1066,0
2017-11-13,15:50:00,5.99,5.99,5.99,5.99,100,0
2017-11-13,15:55:00,6.06,6.06,6.06,6.06,100,0
2017-11-13,16:00:00,6.075,6.08,6.06,6.08,2500,0
2017-11-13,16:05:00,6.07,6.07,6.06,6.06,510,0
2017-11-13,16:10:00,6.05,6.05,6.03,6.03,1900,0
2017-11-13,16:20:00,6.08,6.08,6.08,6.08,100,0
2017-11-13,16:25:00,6.06,6.06,6.05,6.05,200,0
2017-11-13,16:35:00,6.032,6.032,6.03,6.03,200,0
2017-11-13,16:40:00,6,6,6,6,100,0
2017-11-13,16:45:00,6.02,6.02,6.02,6.02,100,0
2017-11-13,16:50:00,6.015,6.015,6.015,6.015,100,0
2017-11-13,16:55:00,6.02,6.04,6.02,6.04,500,0
2017-11-13,17:05:00,6.025,6.03,6.025,6.03,400,0
2017-11-13,17:15:00,6.04,6.04,6.04,6.04,100,0
2017-11-13,17:25:00,6.059,6.059,6.059,6.059,100,0
2017-11-13,17:30:00,6.09,6.09,6.09,6.09,100,0
2017-11-13,17:50:00,6.06,6.06,6.06,6.06,204,0
2017-11-13,18:10:00,6.03,6.03,6.03,6.03,100,0
2017-11-13,18:15:00,6.01,6.01,6.01,6.01,100,0
2017-11-13,18:20:00,6.02,6.02,6.02,6.02,100,0
2017-11-13,18:40:00,6,6.02,6,6.02,1900,0
2017-11-13,18:45:00,6.02,6.02,6.02,6.02,100,0
2017-11-13,18:50:00,6.03,6.03,6.01,6.01,200,0
2017-11-13,18:55:00,6,6.02,5.99,6,400,0
2017-11-13,19:05:00,5.99,5.99,5.99,5.99,358,0
2017-11-13,19:10:00,5.99,6,5.93,5.95,1800,0
2017-11-13,19:15:00,5.95,5.95,5.95,5.95,100,0
2017-11-13,19:35:00,5.97,5.97,5.94,5.94,400,0
2017-11-13,19:40:00,5.99,6.005,5.99,5.99,1283,0
2017-11-13,19:45:00,5.99,6,5.99,6,200,0
2017-11-13,19:50:00,5.9966,5.9966,5.9966,5.9966,100,0
2017-11-13,19:55:00,5.98,5.98,5.98,5.98,100,0
2017-11-13,20:00:00,5.9999,5.9999,5.97,5.98,1800,0
2017-11-13,20:05:00,5.98,5.98,5.98,5.98,100,0
2017-11-13,20:10:00,5.97,5.99,5.96,5.96,300,0
2017-11-13,20:20:00,5.97,5.99,5.97,5.99,200,0
2017-11-13,20:30:00,5.97,5.97,5.91,5.91,2183,0
2017-11-13,20:35:00,5.95,5.99,5.91,5.99,3890,0
2017-11-13,20:50:00,5.99,6.01,5.97,6.01,1500,0
2017-11-13,20:55:00,6.03,6.03,6.03,6.03,200,0
2017-11-13,21:05:00,6.04,6.04,6.03,6.03,500,0
2017-11-13,21:10:00,6.035,6.035,6.035,6.035,100,0
2017-11-13,21:15:00,6.05,6.05,6.02,6.025,940,0
2017-11-13,21:20:00,6.03,6.03,6.03,6.03,600,0
2017-11-13,21:25:00,6.03,6.03,6.03,6.03,100,0
2017-11-13,21:35:00,6.04,6.04,6.04,6.04,100,0
2017-11-13,21:45:00,6.02,6.02,6.01,6.01,500,0
2017-11-13,21:55:00,6.01,6.01,6.01,6.01,1386,0
2017-11-13,22:00:00,6.01,6.02,6.01,6.01,7204,0
2017-11-14,15:35:00,6.02,6.02,5.81,5.939,2674,0
2017-11-14,15:45:00,5.9,5.92,5.9,5.9,1500,0
2017-11-14,15:50:00,5.9,5.9,5.9,5.9,300,0
2017-11-14,15:55:00,5.9,5.9,5.9,5.9,500,0
2017-11-14,16:00:00,5.9,5.91,5.9,5.9,1000,0
2017-11-14,16:05:00,5.9,5.9,5.9,5.9,400,0
2017-11-14,16:10:00,5.8401,5.865,5.8401,5.85,1100,0
2017-11-14,16:15:00,5.87,5.87,5.87,5.87,1000,0
2017-11-14,16:25:00,5.88,5.88,5.86,5.8683,2250,0
2017-11-14,16:30:00,5.87,5.87,5.87,5.87,200,0
2017-11-14,16:35:00,5.87,5.87,5.87,5.87,200,0
2017-11-14,16:45:00,5.88,5.905,5.88,5.9,400,0
2017-11-14,16:50:00,5.905,5.91,5.905,5.91,200,0
2017-11-14,17:05:00,5.89,5.91,5.89,5.91,300,0
2017-11-14,17:10:00,5.92,5.96,5.92,5.96,1427,0
2017-11-14,17:15:00,5.95,5.96,5.95,5.96,2036,0
2017-11-14,17:20:00,5.96,5.98,5.89,5.89,3100,0
2017-11-14,17:25:00,5.884,5.884,5.86,5.88,1000,0
2017-11-14,17:40:00,5.9,5.9,5.86,5.9,300,0
2017-11-14,17:55:00,5.89,5.89,5.89,5.89,100,0
2017-11-14,18:05:00,5.9,5.9,5.89,5.89,200,0
2017-11-14,18:10:00,5.87,5.89,5.87,5.89,200,0
2017-11-14,18:20:00,5.89,5.9,5.88,5.9,600,0
2017-11-14,18:30:00,5.87,5.9,5.87,5.9,200,0
2017-11-14,18:40:00,5.87,5.87,5.86,5.86,11916,0
2017-11-14,18:45:00,5.86,5.87,5.86,5.87,4800,0
2017-11-14,18:50:00,5.86,5.86,5.86,5.86,200,0
2017-11-14,18:55:00,5.86,5.86,5.86,5.86,400,0
2017-11-14,19:05:00,5.86,5.86,5.86,5.86,400,0
2017-11-14,19:10:00,5.8648,5.8648,5.8648,5.8648,250,0
2017-11-14,19:30:00,5.865,5.87,5.865,5.87,800,0
2017-11-14,19:40:00,5.86,5.86,5.86,5.86,100,0
2017-11-14,19:45:00,5.86,5.86,5.86,5.86,1350,0
2017-11-14,19:50:00,5.87,5.87,5.865,5.87,500,0
2017-11-14,19:55:00,5.87,5.87,5.86,5.86,200,0
2017-11-14,20:00:00,5.86,5.86,5.86,5.86,100,0
2017-11-14,20:05:00,5.88,5.88,5.88,5.88,100,0
2017-11-14,20:15:00,5.88,5.88,5.865,5.87,500,0
2017-11-14,20:20:00,5.87,5.88,5.87,5.88,500,0
2017-11-14,20:35:00,5.885,5.885,5.885,5.885,100,0
2017-11-14,20:40:00,5.89,5.9,5.89,5.9,500,0
2017-11-14,20:45:00,5.89,5.89,5.86,5.86,400,0
2017-11-14,20:50:00,5.85,5.87,5.85,5.87,1100,0
2017-11-14,20:55:00,5.885,5.885,5.885,5.885,100,0
2017-11-14,21:05:00,5.9,5.9,5.9,5.9,100,0
2017-11-14,21:10:00,5.9,5.94,5.9,5.94,800,0
2017-11-14,21:15:00,5.97,5.98,5.97,5.98,200,0
2017-11-14,21:20:00,5.965,5.98,5.95,5.98,400,0
2017-11-14,21:25:00,5.977,5.9799,5.95,5.95,900,0
2017-11-14,21:30:00,5.95,5.95,5.93,5.93,700,0
2017-11-14,21:40:00,5.9,5.93,5.9,5.9,300,0
2017-11-14,21:45:00,5.9,5.9,5.9,5.9,200,0
2017-11-14,21:55:00,5.88,5.9,5.88,5.88,500,0
2017-11-14,22:00:00,5.88,5.89,5.87,5.89,7147,0
2017-11-15,15:35:00,5.93,5.93,5.93,5.93,1428,0
2017-11-15,15:40:00,5.97,5.97,5.92,5.92,2200,0
2017-11-15,15:45:00,5.93,5.99,5.93,5.98,1800,0
2017-11-15,15:50:00,6,6.01,5.9824,5.9824,5078,0
2017-11-15,15:55:00,5.96,5.97,5.95,5.97,2635,0
2017-11-15,16:10:00,5.99,5.99,5.99,5.99,250,0
2017-11-15,16:15:00,5.98,5.98,5.95,5.95,500,0
2017-11-15,16:25:00,5.97,6,5.97,6,400,0
2017-11-15,16:40:00,5.97,5.97,5.97,5.97,100,0
2017-11-15,16:45:00,6,6,6,6,650,0
2017-11-15,16:50:00,6.01,6.01,5.97,5.97,1400,0
2017-11-15,17:00:00,6.01,6.01,6.01,6.01,100,0
2017-11-15,17:05:00,5.997,5.997,5.997,5.997,200,0
2017-11-15,17:15:00,6.01,6.01,5.97,6.01,500,0
2017-11-15,17:20:00,6,6.01,6,6.01,650,0
2017-11-15,17:30:00,6.06,6.06,6.06,6.06,100,0
2017-11-15,17:40:00,6.1,6.1,6.07,6.07,600,0
2017-11-15,17:50:00,6.11,6.11,6.08,6.11,2380,0
2017-11-15,17:55:00,6.08,6.08,6.08,6.08,100,0
2017-11-15,18:20:00,6.1,6.1,6.1,6.1,200,0
2017-11-15,18:25:00,6.1,6.1,6.1,6.1,100,0
2017-11-15,18:30:00,6.1,6.1,6.1,6.1,200,0
2017-11-15,18:45:00,6.11,6.11,6.11,6.11,100,0
2017-11-15,18:50:00,6.11,6.11,6.11,6.11,100,0
2017-11-15,19:00:00,6.11,6.11,6.08,6.11,799,0
2017-11-15,19:05:00,6.11,6.11,6.11,6.11,100,0
2017-11-15,19:10:00,6.09,6.1,6.085,6.085,400,0
2017-11-15,19:15:00,6.0706,6.0706,6.07,6.07,350,0
2017-11-15,19:30:00,6.08,6.08,6.08,6.08,200,0
2017-11-15,19:35:00,6.09,6.09,6.05,6.05,300,0
2017-11-15,19:50:00,6.04,6.04,6.03,6.03,300,0
2017-11-15,20:10:00,6.03,6.03,6.03,6.03,100,0
2017-11-15,20:15:00,6.03,6.03,6.03,6.03,100,0
2017-11-15,20:25:00,6.03,6.03,6.03,6.03,100,0
2017-11-15,20:30:00,6.0044,6.0044,5.99,5.99,462,0
2017-11-15,20:35:00,6,6.03,6,6.03,603,0
2017-11-15,20:40:00,6.03,6.03,6.03,6.03,200,0
2017-11-15,20:45:00,6.03,6.05,6.03,6.05,200,0
2017-11-15,20:55:00,6.05,6.07,6.05,6.07,1395,0
2017-11-15,21:00:00,6.07,6.07,6.07,6.07,200,0
2017-11-15,21:25:00,6.09,6.09,6.075,6.075,200,0
2017-11-15,21:30:00,6.06,6.07,6.06,6.07,400,0
2017-11-15,21:40:00,6.06,6.06,6.06,6.06,100,0
2017-11-15,21:50:00,6.07,6.07,6.06,6.06,1001,0
2017-11-15,21:55:00,6.05,6.05,6.05,6.05,800,0
2017-11-15,22:00:00,6.03,6.06,6.03,6.05,12067,0
2017-11-16,15:35:00,6.21,6.38,6.21,6.36,7069,0
2017-11-16,15:40:00,6.35,6.35,6.31,6.33,2408,0
2017-11-16,15:45:00,6.34,6.37,6.34,6.37,300,0
2017-11-16,15:55:00,6.43,6.43,6.43,6.43,100,0
2017-11-16,16:00:00,6.43,6.48,6.4,6.48,5340,0
2017-11-16,16:05:00,6.46,6.5,6.46,6.4847,2300,0
2017-11-16,16:10:00,6.49,6.52,6.4873,6.5,13081,0
2017-11-16,16:15:00,6.47,6.47,6.46,6.46,2700,0
2017-11-16,16:20:00,6.46,6.5,6.459,6.5,4000,0
2017-11-16,16:25:00,6.5,6.5,6.5,6.5,600,0
2017-11-16,16:30:00,6.5,6.5,6.5,6.5,100,0
2017-11-16,16:35:00,6.4871,6.5,6.4871,6.5,4260,0
2017-11-16,16:40:00,6.499,6.5,6.499,6.5,200,0
2017-11-16,16:45:00,6.5,6.5,6.5,6.5,1000,0
2017-11-16,16:50:00,6.5,6.5,6.5,6.5,100,0
2017-11-16,17:00:00,6.48,6.48,6.48,6.48,100,0
2017-11-16,17:10:00,6.49,6.49,6.46,6.48,1598,0
2017-11-16,17:20:00,6.46,6.5,6.46,6.5,400,0
2017-11-16,17:30:00,6.54,6.54,6.54,6.54,100,0
2017-11-16,17:35:00,6.54,6.54,6.54,6.54,385,0
2017-11-16,17:40:00,6.55,6.55,6.55,6.55,986,0
2017-11-16,17:45:00,6.555,6.555,6.555,6.555,100,0
2017-11-16,17:50:00,6.5438,6.5438,6.54,6.54,1100,0
2017-11-16,18:05:00,6.58,6.59,6.565,6.59,1000,0
2017-11-16,18:25:00,6.59,6.59,6.59,6.59,100,0
2017-11-16,18:30:00,6.57,6.57,6.53,6.53,3300,0
2017-11-16,18:35:00,6.55,6.55,6.55,6.55,100,0
2017-11-16,18:50:00,6.53,6.53,6.53,6.53,200,0
2017-11-16,19:00:00,6.521,6.521,6.521,6.521,121,0
2017-11-16,19:05:00,6.5371,6.55,6.53,6.55,2697,0
2017-11-16,19:15:00,6.58,6.58,6.58,6.58,100,0
2017-11-16,19:50:00,6.57,6.57,6.57,6.57,2200,0
2017-11-16,20:00:00,6.53,6.54,6.53,6.54,400,0
2017-11-16,20:20:00,6.53,6.53,6.53,6.53,600,0
2017-11-16,20:40:00,6.51,6.51,6.51,6.51,100,0
2017-11-16,20:50:00,6.54,6.55,6.54,6.55,400,0
2017-11-16,20:55:00,6.56,6.56,6.55,6.55,200,0
2017-11-16,21:05:00,6.52,6.54,6.52,6.54,200,0
2017-11-16,21:15:00,6.54,6.54,6.54,6.54,100,0
2017-11-16,21:20:00,6.53,6.53,6.53,6.53,300,0
2017-11-16,21:25:00,6.52,6.54,6.52,6.52,493,0
2017-11-16,21:30:00,6.535,6.535,6.535,6.535,200,0
2017-11-16,21:35:00,6.53,6.54,6.52,6.52,3500,0
2017-11-16,21:40:00,6.52,6.54,6.52,6.53,1200,0
2017-11-16,21:45:00,6.55,6.55,6.55,6.55,800,0
2017-11-16,21:50:00,6.55,6.56,6.55,6.56,600,0
2017-11-16,21:55:00,6.54,6.545,6.51,6.51,1500,0
2017-11-16,22:00:00,6.51,6.51,6.49,6.51,11448,0
2017-11-17,15:35:00,6.44,6.57,6.44,6.57,6215,0
2017-11-17,15:40:00,6.5,6.52,6.49,6.49,467,0
2017-11-17,15:45:00,6.52,6.52,6.52,6.52,830,0
2017-11-17,15:50:00,6.5,6.5,6.45,6.46,1133,0
2017-11-17,15:55:00,6.42,6.42,6.41,6.41,200,0
2017-11-17,16:00:00,6.42,6.47,6.42,6.42,300,0
2017-11-17,16:10:00,6.46,6.46,6.46,6.46,600,0
2017-11-17,16:20:00,6.46,6.47,6.42,6.44,989,0
2017-11-17,16:40:00,6.44,6.44,6.44,6.44,100,0
2017-11-17,16:50:00,6.48,6.48,6.48,6.48,600,0
2017-11-17,16:55:00,6.52,6.52,6.52,6.52,100,0
2017-11-17,17:00:00,6.4976,6.4976,6.48,6.48,2361,0
2017-11-17,17:15:00,6.48,6.48,6.47,6.47,525,0
2017-11-17,17:20:00,6.45,6.45,6.45,6.45,100,0
2017-11-17,17:35:00,6.46,6.49,6.46,6.49,500,0
2017-11-17,17:40:00,6.52,6.56,6.52,6.54,400,0
2017-11-17,17:45:00,6.57,6.57,6.57,6.57,100,0
2017-11-17,17:55:00,6.59,6.59,6.59,6.59,100,0
2017-11-17,18:00:00,6.57,6.57,6.57,6.57,100,0
2017-11-17,18:10:00,6.5414,6.5414,6.5414,6.5414,500,0
2017-11-17,18:15:00,6.57,6.57,6.52,6.52,670,0
2017-11-17,18:55:00,6.54,6.54,6.51,6.52,2000,0
2017-11-17,19:00:00,6.51,6.51,6.51,6.51,100,0
2017-11-17,19:05:00,6.53,6.53,6.51,6.51,300,0
2017-11-17,19:25:00,6.51,6.51,6.51,6.51,100,0
2017-11-17,19:45:00,6.54,6.59,6.53,6.57,1600,0
2017-11-17,19:50:00,6.54,6.54,6.54,6.54,100,0
2017-11-17,19:55:00,6.56,6.56,6.54,6.54,200,0
2017-11-17,20:00:00,6.555,6.57,6.54,6.54,700,0
2017-11-17,20:05:00,6.54,6.55,6.52,6.52,1500,0
2017-11-17,20:15:00,6.55,6.56,6.54,6.54,1400,0
2017-11-17,20:20:00,6.54,6.54,6.54,6.54,200,0
2017-11-17,20:30:00,6.56,6.56,6.56,6.56,100,0
2017-11-17,20:45:00,6.55,6.555,6.53,6.53,2280,0
2017-11-17,20:50:00,6.55,6.55,6.55,6.55,200,0
2017-11-17,20:55:00,6.53,6.5517,6.53,6.53,2400,0
2017-11-17,21:00:00,6.57,6.57,6.53,6.53,200,0
2017-11-17,21:10:00,6.56,6.56,6.56,6.56,100,0
2017-11-17,21:20:00,6.53,6.53,6.53,6.53,100,0
2017-11-17,21:25:00,6.53,6.54,6.53,6.54,200,0
2017-11-17,21:30:00,6.54,6.55,6.54,6.55,300,0
2017-11-17,21:40:00,6.54,6.54,6.54,6.54,600,0
2017-11-17,21:45:00,6.56,6.56,6.55,6.55,320,0
2017-11-17,21:55:00,6.53,6.57,6.53,6.545,3547,0
2017-11-17,22:00:00,6.53,6.56,6.53,6.54,6536,0
2017-11-20,15:35:00,6.61,6.8,6.61,6.72,5346,0
2017-11-20,15:40:00,6.73,6.73,6.7,6.72,400,0
2017-11-20,15:45:00,6.72,6.77,6.72,6.77,1000,0
2017-11-20,15:50:00,6.77,6.77,6.74,6.77,3101,0
2017-11-20,15:55:00,6.759,6.78,6.759,6.78,400,0
2017-11-20,16:00:00,6.77,6.79,6.76,6.79,3219,0
2017-11-20,16:05:00,6.8,6.8,6.77,6.8,2576,0
2017-11-20,16:10:00,6.78,6.78,6.78,6.78,100,0
2017-11-20,16:25:00,6.76,6.76,6.76,6.76,100,0
2017-11-20,16:30:00,6.77,6.7853,6.77,6.7853,449,0
2017-11-20,16:35:00,6.7748,6.8,6.7748,6.8,3740,0
2017-11-20,16:45:00,6.8,6.8,6.8,6.8,100,0
2017-11-20,16:55:00,6.79,6.79,6.79,6.79,200,0
2017-11-20,17:00:00,6.8,6.83,6.7999,6.83,8522,0
2017-11-20,17:05:00,6.82,6.83,6.82,6.825,850,0
2017-11-20,17:10:00,6.82,6.82,6.81,6.81,300,0
2017-11-20,17:15:00,6.81,6.82,6.81,6.82,654,0
2017-11-20,17:30:00,6.78,6.79,6.78,6.79,200,0
2017-11-20,17:35:00,6.77,6.77,6.77,6.77,1351,0
2017-11-20,17:45:00,6.77,6.79,6.77,6.79,400,0
2017-11-20,17:50:00,6.78,6.78,6.78,6.78,100,0
2017-11-20,18:15:00,6.78,6.78,6.78,6.78,200,0
2017-11-20,18:20:00,6.78,6.78,6.77,6.77,911,0
2017-11-20,18:30:00,6.77,6.78,6.75,6.75,767,0
2017-11-20,18:35:00,6.75,6.75,6.75,6.75,752,0
2017-11-20,18:40:00,6.74,6.74,6.73,6.73,800,0
2017-11-20,18:50:00,6.73,6.73,6.73,6.73,100,0
2017-11-20,19:05:00,6.72,6.72,6.72,6.72,373,0
2017-11-20,19:10:00,6.73,6.73,6.73,6.73,300,0
2017-11-20,19:15:00,6.74,6.74,6.74,6.74,200,0
2017-11-20,19:30:00,6.745,6.75,6.745,6.75,300,0
2017-11-20,19:35:00,6.73,6.75,6.73,6.75,800,0
2017-11-20,19:40:00,6.75,6.75,6.75,6.75,300,0
2017-11-20,19:45:00,6.73,6.74,6.73,6.74,300,0
2017-11-20,19:50:00,6.72,6.72,6.72,6.72,100,0
2017-11-20,19:55:00,6.73,6.73,6.73,6.73,100,0
2017-11-20,20:00:00,6.7,6.71,6.7,6.71,1100,0
2017-11-20,20:05:00,6.72,6.72,6.72,6.72,200,0
2017-11-20,20:15:00,6.71,6.71,6.71,6.71,100,0
2017-11-20,20:25:00,6.73,6.73,6.73,6.73,200,0
2017-11-20,20:30:00,6.72,6.72,6.72,6.72,100,0
2017-11-20,20:40:00,6.725,6.73,6.725,6.73,500,0
2017-11-20,20:50:00,6.72,6.72,6.71,6.71,200,0
2017-11-20,20:55:00,6.72,6.72,6.71,6.72,400,0
2017-11-20,21:00:00,6.72,6.73,6.72,6.73,400,0
2017-11-20,21:05:00,6.7181,6.7181,6.7181,6.7181,349,0
2017-11-20,21:10:00,6.716,6.72,6.716,6.72,1700,0
2017-11-20,21:15:00,6.73,6.73,6.73,6.73,100,0
2017-11-20,21:20:00,6.71,6.73,6.71,6.73,700,0
2017-11-20,21:25:00,6.72,6.72,6.72,6.72,100,0
2017-11-20,21:30:00,6.72,6.735,6.72,6.73,600,0
2017-11-20,21:35:00,6.73,6.74,6.725,6.73,1726,0
2017-11-20,21:40:00,6.73,6.73,6.73,6.73,200,0
2017-11-20,21:45:00,6.74,6.74,6.74,6.74,943,0
2017-11-20,21:50:00,6.735,6.79,6.735,6.77,2920,0
2017-11-20,21:55:00,6.77,6.78,6.76,6.77,1275,0
2017-11-20,22:00:00,6.77,6.79,6.77,6.79,5363,0
2017-11-21,15:35:00,6.79,6.8,6.74,6.74,2427,0
2017-11-21,15:40:00,6.74,6.74,6.74,6.74,100,0
2017-11-21,15:45:00,6.7497,6.77,6.7497,6.77,2050,0
2017-11-21,15:50:00,6.75,6.76,6.74,6.76,800,0
2017-11-21,15:55:00,6.77,6.77,6.77,6.77,900,0
2017-11-21,16:00:00,6.75,6.79,6.75,6.79,2300,0
2017-11-21,16:05:00,6.79,6.79,6.78,6.78,1000,0
2017-11-21,16:20:00,6.77,6.78,6.77,6.78,600,0
2017-11-21,16:25:00,6.79,6.79,6.77,6.79,390,0
2017-11-21,16:30:00,6.79,6.79,6.79,6.79,800,0
2017-11-21,16:35:00,6.79,6.85,6.79,6.85,3130,0
2017-11-21,16:40:00,6.88,6.88,6.88,6.88,100,0
2017-11-21,16:45:00,6.84,6.84,6.84,6.84,100,0
2017-11-21,16:50:00,6.8597,6.8597,6.8597,6.8597,1000,0
2017-11-21,16:55:00,6.85,6.85,6.85,6.85,200,0
2017-11-21,17:00:00,6.85,6.85,6.85,6.85,800,0
2017-11-21,17:10:00,6.85,6.85,6.85,6.85,300,0
2017-11-21,17:15:00,6.84,6.84,6.81,6.81,800,0
2017-11-21,17:20:00,6.75,6.75,6.75,6.75,100,0
2017-11-21,17:30:00,6.73,6.73,6.73,6.73,200,0
2017-11-21,17:35:00,6.78,6.78,6.78,6.78,400,0
2017-11-21,17:45:00,6.74,6.77,6.74,6.77,400,0
2017-11-21,17:50:00,6.775,6.79,6.775,6.79,200,0
2017-11-21,18:20:00,6.77,6.77,6.77,6.77,200,0
2017-11-21,18:25:00,6.73,6.75,6.73,6.7308,1400,0
2017-11-21,18:35:00,6.71,6.7116,6.71,6.71,2500,0
2017-11-21,18:40:00,6.72,6.73,6.72,6.73,600,0
2017-11-21,18:45:00,6.71,6.71,6.71,6.71,100,0
2017-11-21,18:50:00,6.74,6.74,6.74,6.74,300,0
2017-11-21,19:00:00,6.745,6.745,6.745,6.745,100,0
2017-11-21,19:05:00,6.76,6.76,6.76,6.76,200,0
2017-11-21,19:10:00,6.75,6.75,6.75,6.75,100,0
2017-11-21,19:15:00,6.79,6.79,6.76,6.76,300,0
2017-11-21,19:20:00,6.75,6.75,6.75,6.75,100,0
2017-11-21,19:30:00,6.74,6.75,6.74,6.75,500,0
2017-11-21,19:45:00,6.75,6.75,6.75,6.75,100,0
2017-11-21,19:50:00,6.77,6.78,6.77,6.78,300,0
2017-11-21,19:55:00,6.8,6.8,6.8,6.8,100,0
2017-11-21,20:05:00,6.78,6.8,6.78,6.8,1504,0
2017-11-21,20:10:00,6.77,6.77,6.77,6.77,300,0
2017-11-21,20:30:00,6.75,6.75,6.75,6.75,100,0
2017-11-21,20:40:00,6.77,6.77,6.76,6.76,800,0
2017-11-21,20:55:00,6.75,6.79,6.75,6.79,200,0
2017-11-21,21:00:00,6.75,6.77,6.75,6.77,200,0
2017-11-21,21:05:00,6.75,6.7575,6.7401,6.7575,690,0
2017-11-21,21:10:00,6.74,6.74,6.74,6.74,100,0
2017-11-21,21:15:00,6.74,6.74,6.74,6.74,200,0
2017-11-21,21:20:00,6.76,6.78,6.76,6.78,900,0
2017-11-21,21:25:00,6.78,6.78,6.78,6.78,100,0
2017-11-21,21:35:00,6.77,6.77,6.77,6.77,700,0
2017-11-21,21:40:00,6.75,6.75,6.75,6.75,118,0
2017-11-21,21:45:00,6.76,6.76,6.74,6.74,600,0
2017-11-21,21:50:00,6.74,6.76,6.74,6.76,1400,0
2017-11-21,21:55:00,6.75,6.755,6.71,6.74,1362,0
2017-11-21,22:00:00,6.75,6.79,6.73,6.79,9065,0
2017-11-22,15:35:00,6.8,7,6.8,6.96,7590,0
2017-11-22,15:40:00,6.93,6.93,6.93,6.93,1190,0
2017-11-22,15:45:00,6.97,7,6.97,6.99,2600,0
2017-11-22,15:50:00,6.98,7.04,6.98,7.04,6700,0
2017-11-22,15:55:00,7.07,7.07,7,7,2800,0
2017-11-22,16:00:00,7,7,7,7,600,0
2017-11-22,16:05:00,7,7,6.98,6.98,1700,0
2017-11-22,16:10:00,6.9799,6.9799,6.9706,6.9706,3500,0
2017-11-22,16:15:00,6.95,7,6.95,6.98,3535,0
2017-11-22,16:20:00,6.98,6.98,6.975,6.98,1000,0
2017-11-22,16:25:00,6.97,6.97,6.97,6.97,100,0
2017-11-22,16:30:00,6.98,6.98,6.9355,6.95,1100,0
2017-11-22,16:35:00,6.92,6.92,6.92,6.92,100,0
2017-11-22,16:40:00,6.95,6.96,6.95,6.96,600,0
2017-11-22,16:45:00,6.98,6.98,6.98,6.98,300,0
2017-11-22,16:55:00,6.98,6.99,6.98,6.98,1600,0
2017-11-22,17:00:00,6.97,6.97,6.94,6.94,1330,0
2017-11-22,17:05:00,6.9201,6.9201,6.9201,6.9201,109,0
2017-11-22,17:10:00,6.92,6.92,6.92,6.92,100,0
2017-11-22,17:25:00,6.93,6.93,6.9207,6.9207,1210,0
2017-11-22,17:30:00,6.93,6.94,6.93,6.94,300,0
2017-11-22,17:40:00,6.95,6.97,6.95,6.97,400,0
2017-11-22,17:45:00,6.98,6.98,6.98,6.98,100,0
2017-11-22,17:50:00,6.98,6.98,6.98,6.98,300,0
2017-11-22,17:55:00,6.97,6.97,6.97,6.97,100,0
2017-11-22,18:00:00,6.98,6.98,6.98,6.98,400,0
2017-11-22,18:05:00,6.97,6.97,6.97,6.97,100,0
2017-11-22,18:10:00,6.96,6.96,6.96,6.96,300,0
2017-11-22,18:15:00,6.95,6.95,6.95,6.95,300,0
2017-11-22,18:20:00,6.96,6.96,6.93,6.945,300,0
2017-11-22,18:25:00,6.96,6.96,6.94,6.94,400,0
2017-11-22,18:30:00,6.955,6.955,6.9301,6.95,999,0
2017-11-22,18:35:00,6.95,6.95,6.93,6.94,300,0
2017-11-22,18:40:00,6.95,6.95,6.95,6.95,100,0
2017-11-22,18:45:00,6.93,6.93,6.93,6.93,100,0
2017-11-22,18:50:00,6.93,6.93,6.93,6.93,100,0
2017-11-22,19:00:00,6.96,6.96,6.94,6.94,200,0
2017-11-22,19:10:00,6.94,6.94,6.94,6.94,100,0
2017-11-22,19:20:00,6.93,6.93,6.93,6.93,100,0
2017-11-22,19:25:00,6.95,6.95,6.92,6.95,1000,0
2017-11-22,19:35:00,6.94,6.94,6.94,6.94,100,0
2017-11-22,19:50:00,6.94,6.97,6.94,6.97,1000,0
2017-11-22,19:55:00,6.97,6.97,6.97,6.97,200,0
2017-11-22,20:00:00,6.96,6.96,6.96,6.96,100,0
2017-11-22,20:10:00,6.96,6.96,6.96,6.96,100,0
2017-11-22,20:15:00,6.97,6.97,6.97,6.97,100,0
2017-11-22,20:20:00,6.9622,6.9622,6.95,6.95,525,0
2017-11-22,20:30:00,6.97,6.97,6.97,6.97,100,0
2017-11-22,20:35:00,6.94,6.95,6.94,6.94,1300,0
2017-11-22,20:40:00,6.95,7,6.95,6.99,2200,0
2017-11-22,20:45:00,6.98,7.01,6.98,7.01,200,0
2017-11-22,20:55:00,7,7,6.9975,7,900,0
2017-11-22,21:00:00,6.9933,6.9933,6.9933,6.9933,493,0
2017-11-22,21:05:00,7.02,7.02,6.99,6.99,200,0
2017-11-22,21:15:00,6.98,7.01,6.98,7.01,300,0
2017-11-22,21:20:00,7,7,6.99,6.99,300,0
2017-11-22,21:25:00,7.01,7.01,7.01,7.01,100,0
2017-11-22,21:30:00,7.005,7.01,7.005,7.01,551,0
2017-11-22,21:35:00,7.02,7.02,7.01,7.01,300,0
2017-11-22,21:40:00,7.01,7.015,7.0095,7.0095,2672,0
2017-11-22,21:50:00,7,7,6.94,6.94,1530,0
2017-11-22,21:55:00,6.93,6.95,6.92,6.95,1658,0
2017-11-22,22:00:00,6.92,6.99,6.92,6.96,10703,0
2017-11-24,15:35:00,7,7.1,7,7.05,818,0
2017-11-24,15:40:00,7.089,7.11,7.06,7.11,4000,0
2017-11-24,15:45:00,7.11,7.1132,7.11,7.1132,3100,0
2017-11-24,15:50:00,7.11,7.11,7.11,7.11,100,0
2017-11-24,15:55:00,7.1101,7.134,7.11,7.134,800,0
2017-11-24,16:00:00,7.1101,7.1101,7.1101,7.1101,1000,0
2017-11-24,16:05:00,7.11,7.1307,7.11,7.1164,1826,0
2017-11-24,16:10:00,7.125,7.137,7.1,7.1,600,0
2017-11-24,16:15:00,7.13,7.14,7.13,7.14,300,0
2017-11-24,16:20:00,7.13,7.13,7.13,7.13,1200,0
2017-11-24,16:30:00,7.15,7.15,7.15,7.15,100,0
2017-11-24,16:35:00,7.13,7.13,7.13,7.13,200,0
2017-11-24,16:45:00,7.12,7.12,7.12,7.12,100,0
2017-11-24,16:50:00,7.15,7.15,7.13,7.13,200,0
2017-11-24,16:55:00,7.15,7.17,7.15,7.17,1932,0
2017-11-24,17:00:00,7.15,7.15,7.15,7.15,300,0
2017-11-24,17:05:00,7.13,7.15,7.13,7.15,1600,0
2017-11-24,17:10:00,7.15,7.15,7.15,7.15,530,0
2017-11-24,17:15:00,7.13,7.13,7.13,7.13,100,0
2017-11-24,17:20:00,7.12,7.12,7.12,7.12,100,0
2017-11-24,17:25:00,7.14,7.14,7.14,7.14,100,0
2017-11-24,17:30:00,7.15,7.15,7.15,7.15,100,0
2017-11-24,17:35:00,7.121,7.121,7.12,7.12,1500,0
2017-11-24,17:45:00,7.15,7.15,7.15,7.15,100,0
2017-11-24,17:50:00,7.15,7.15,7.1201,7.15,400,0
2017-11-24,17:55:00,7.12,7.135,7.1,7.1,1400,0
2017-11-24,18:00:00,7.07,7.1042,7.07,7.08,350,0
2017-11-24,18:20:00,7.11,7.11,7.09,7.09,500,0
2017-11-24,18:25:00,7.09,7.09,7.08,7.09,400,0
2017-11-24,18:30:00,7.11,7.11,7.11,7.11,100,0
2017-11-24,18:40:00,7.095,7.095,7.095,7.095,100,0
2017-11-24,18:45:00,7.095,7.11,7.08,7.11,302,0
2017-11-24,18:50:00,7.11,7.11,7.08,7.08,213,0
2017-11-24,18:55:00,7.08,7.09,7.08,7.09,400,0
2017-11-24,19:00:00,7.08,7.1,7.08,7.08,700,0
2017-11-24,19:05:00,7.11,7.11,7.11,7.11,3985,0
2017-11-27,15:35:00,7.14,7.14,7.12,7.12,922,0
2017-11-27,15:40:00,7.19,7.19,7.08,7.08,300,0
2017-11-27,15:45:00,7.139,7.139,7.1,7.1,525,0
2017-11-27,15:50:00,7.08,7.15,7.07,7.07,700,0
2017-11-27,15:55:00,7.0929,7.0929,7.0929,7.0929,405,0
2017-11-27,16:05:00,7.05,7.05,7.04,7.04,400,0
2017-11-27,16:10:00,7.02,7.035,6.99,7.035,1400,0
2017-11-27,16:25:00,7.02,7.02,7.02,7.02,100,0
2017-11-27,16:40:00,7.03,7.03,7.03,7.03,100,0
2017-11-27,16:45:00,7.05,7.11,7.05,7.11,696,0
2017-11-27,17:05:00,7.1,7.1,7.1,7.1,100,0
2017-11-27,17:15:00,7.08,7.08,7.08,7.08,100,0
2017-11-27,17:20:00,7.06,7.065,7.06,7.065,300,0
2017-11-27,17:35:00,7.0642,7.0642,7,7,1809,0
2017-11-27,17:45:00,7.02,7.02,7.02,7.02,200,0
2017-11-27,17:50:00,7.02,7.02,7.02,7.02,300,0
2017-11-27,17:55:00,7.02,7.02,7.02,7.02,300,0
2017-11-27,18:00:00,7,7.02,7,7.02,200,0
2017-11-27,18:10:00,7,7.02,7,7.02,600,0
2017-11-27,18:30:00,7,7.02,7,7.02,585,0
2017-11-27,18:35:00,7.02,7.02,7.02,7.02,200,0
2017-11-27,18:40:00,7.02,7.02,7.01,7.01,200,0
2017-11-27,18:45:00,6.9901,7.03,6.9901,7.03,3180,0
2017-11-27,18:50:00,7.03,7.03,7.03,7.03,100,0
2017-11-27,18:55:00,7,7,7,7,100,0
2017-11-27,19:00:00,7,7.02,7,7.015,300,0
2017-11-27,19:05:00,7.03,7.03,7.03,7.03,500,0
2017-11-27,19:15:00,7.03,7.05,7.03,7.05,1678,0
2017-11-27,19:30:00,7.02,7.02,7.02,7.02,100,0
2017-11-27,19:55:00,7.02,7.02,7.02,7.02,100,0
2017-11-27,20:05:00,7.07,7.07,7.07,7.07,200,0
2017-11-27,20:10:00,7.05,7.06,7.05,7.06,300,0
2017-11-27,20:15:00,7.06,7.06,7.06,7.06,200,0
2017-11-27,20:20:00,7.055,7.06,7.04,7.06,2369,0
2017-11-27,20:30:00,7.06,7.06,7.05,7.05,200,0
2017-11-27,20:35:00,7.06,7.07,7.06,7.07,400,0
2017-11-27,20:40:00,7.05,7.06,7.05,7.06,400,0
2017-11-27,20:45:00,7.07,7.07,7.065,7.065,200,0
2017-11-27,20:55:00,7.07,7.07,7.07,7.07,200,0
2017-11-27,21:00:00,7.08,7.12,7.08,7.12,500,0
2017-11-27,21:05:00,7.12,7.12,7.12,7.12,100,0
2017-11-27,21:10:00,7.1,7.1,7.1,7.1,100,0
2017-11-27,21:15:00,7.1,7.1,7.1,7.1,100,0
2017-11-27,21:20:00,7.11,7.11,7.11,7.11,300,0
2017-11-27,21:25:00,7.11,7.1164,7.11,7.1164,800,0
2017-11-27,21:30:00,7.1,7.1,7.1,7.1,100,0
2017-11-27,21:35:00,7.11,7.14,7.11,7.14,892,0
2017-11-27,21:40:00,7.1,7.1,7.04,7.04,1119,0
2017-11-27,21:45:00,7.03,7.03,7.03,7.03,200,0
2017-11-27,21:50:00,7.03,7.03,7.02,7.02,400,0
2017-11-27,21:55:00,7.05,7.08,7.02,7.08,1300,0
2017-11-27,22:00:00,7.07,7.07,7.04,7.04,2433,0
2017-11-28,15:35:00,7.06,7.06,7.06,7.06,212,0
2017-11-28,15:40:00,6.93,6.9327,6.93,6.9327,300,0
2017-11-28,15:50:00,6.93,6.93,6.93,6.93,100,0
2017-11-28,16:05:00,7,7,7,7,400,0
2017-11-28,16:10:00,7.01,7.03,7.01,7.03,200,0
2017-11-28,16:15:00,7.01,7.01,7.01,7.01,600,0
2017-11-28,16:25:00,7.01,7.01,6.95,6.964,3300,0
2017-11-28,16:30:00,6.97,6.97,6.97,6.97,300,0
2017-11-28,16:40:00,6.95,6.95,6.95,6.95,400,0
2017-11-28,16:45:00,6.96,6.99,6.96,6.96,500,0
2017-11-28,16:55:00,6.99,6.99,6.96,6.96,200,0
2017-11-28,17:10:00,6.96,6.96,6.96,6.96,200,0
2017-11-28,17:15:00,6.9426,6.9426,6.88,6.88,3290,0
2017-11-28,17:25:00,6.94,6.94,6.94,6.94,100,0
2017-11-28,17:35:00,6.94,6.94,6.94,6.94,100,0
2017-11-28,17:40:00,6.94,6.94,6.94,6.94,500,0
2017-11-28,17:45:00,6.96,6.96,6.96,6.96,300,0
2017-11-28,17:55:00,6.96,6.96,6.96,6.96,100,0
2017-11-28,18:00:00,6.96,6.96,6.96,6.96,100,0
2017-11-28,18:05:00,6.96,6.96,6.96,6.96,877,0
2017-11-28,18:15:00,6.99,6.99,6.99,6.99,200,0
2017-11-28,18:25:00,6.99,6.99,6.99,6.99,200,0
2017-11-28,18:30:00,6.95,6.95,6.95,6.95,100,0
2017-11-28,18:35:00,6.99,6.99,6.99,6.99,200,0
2017-11-28,18:45:00,6.97,6.99,6.97,6.99,200,0
2017-11-28,18:55:00,6.99,6.99,6.99,6.99,100,0
2017-11-28,19:05:00,6.99,6.99,6.97,6.97,200,0
2017-11-28,19:10:00,6.99,6.99,6.99,6.99,885,0
2017-11-28,19:20:00,7,7,7,7,200,0
2017-11-28,19:25:00,6.98,6.99,6.98,6.99,200,0
2017-11-28,19:30:00,6.99,6.99,6.99,6.99,100,0
2017-11-28,19:35:00,6.99,6.99,6.99,6.99,100,0
2017-11-28,19:40:00,6.97,6.99,6.97,6.99,300,0
2017-11-28,19:50:00,6.99,6.99,6.99,6.99,100,0
2017-11-28,20:00:00,6.97,6.97,6.97,6.97,100,0
2017-11-28,20:05:00,6.96,6.97,6.96,6.97,300,0
2017-11-28,20:10:00,6.97,6.97,6.95,6.97,700,0
2017-11-28,20:15:00,6.95,6.95,6.94,6.94,600,0
2017-11-28,20:20:00,6.93,6.93,6.93,6.93,100,0
2017-11-28,20:30:00,6.93,6.93,6.93,6.93,100,0
2017-11-28,20:35:00,6.93,6.93,6.93,6.93,100,0
2017-11-28,20:40:00,6.94,6.94,6.94,6.94,100,0
2017-11-28,20:45:00,6.94,6.95,6.94,6.95,700,0
2017-11-28,20:50:00,6.95,6.99,6.95,6.99,7568,0
2017-11-28,20:55:00,6.99,7.02,6.99,7.02,1590,0
2017-11-28,21:00:00,7.02,7.02,7.02,7.02,100,0
2017-11-28,21:05:00,7.01,7.01,6.995,6.995,200,0
2017-11-28,21:10:00,6.97,7.01,6.97,6.985,580,0
2017-11-28,21:15:00,7,7,7,7,500,0
2017-11-28,21:20:00,7,7.02,7,7.01,300,0
2017-11-28,21:25:00,7.03,7.05,7,7.05,700,0
2017-11-28,21:30:00,7,7.05,7,7.04,300,0
2017-11-28,21:35:00,7.05,7.08,7.05,7.08,2100,0
2017-11-28,21:40:00,7.07,7.07,7.06,7.07,800,0
2017-11-28,21:45:00,7.07,7.09,7.07,7.09,1700,0
2017-11-28,21:50:00,7.09,7.09,7.09,7.09,400,0
2017-11-28,21:55:00,7.09,7.09,7.06,7.07,1344,0
2017-11-28,22:00:00,7.09,7.11,7.07,7.1,14415,0
2017-11-29,15:35:00,7.04,7.04,7.04,7.04,1232,0
2017-11-29,15:40:00,6.93,6.93,6.93,6.93,100,0
2017-11-29,15:45:00,7.07,7.08,7.05,7.08,2527,0
2017-11-29,15:50:00,7.05,7.08,7.05,7.08,400,0
2017-11-29,16:00:00,7.1,7.13,7.1,7.13,1000,0
2017-11-29,16:10:00,7.13,7.14,7.13,7.14,600,0
2017-11-29,16:15:00,7.145,7.16,7.145,7.16,600,0
2017-11-29,16:20:00,7.125,7.15,7.125,7.15,300,0
2017-11-29,16:25:00,7.11,7.13,7.11,7.13,400,0
2017-11-29,16:30:00,7.135,7.15,7.11,7.15,900,0
2017-11-29,16:35:00,7.135,7.135,7.135,7.135,200,0
2017-11-29,16:40:00,7.15,7.15,7.15,7.15,497,0
2017-11-29,16:45:00,7.18,7.19,7.17,7.19,1000,0
2017-11-29,16:50:00,7.18,7.19,7.1692,7.19,300,0
2017-11-29,16:55:00,7.19,7.2,7.19,7.2,500,0
2017-11-29,17:00:00,7.18,7.18,7.18,7.18,100,0
2017-11-29,17:05:00,7.19,7.19,7.19,7.19,200,0
2017-11-29,17:15:00,7.2,7.2,7.2,7.2,1300,0
2017-11-29,17:20:00,7.2,7.2,7.2,7.2,100,0
2017-11-29,17:25:00,7.19,7.19,7.18,7.18,1093,0
2017-11-29,17:30:00,7.17,7.18,7.17,7.17,400,0
2017-11-29,17:35:00,7.16,7.16,7.16,7.16,100,0
2017-11-29,17:45:00,7.16,7.17,7.16,7.17,300,0
2017-11-29,18:05:00,7.16,7.16,7.16,7.16,100,0
2017-11-29,18:10:00,7.18,7.19,7.17,7.18,2685,0
2017-11-29,18:15:00,7.18,7.18,7.16,7.16,300,0
2017-11-29,18:25:00,7.19,7.2,7.19,7.2,1094,0
2017-11-29,18:30:00,7.19,7.21,7.19,7.2,1300,0
2017-11-29,18:35:00,7.195,7.195,7.18,7.185,700,0
2017-11-29,18:40:00,7.19,7.19,7.185,7.185,200,0
2017-11-29,18:50:00,7.175,7.18,7.17,7.175,1800,0
2017-11-29,18:55:00,7.175,7.175,7.16,7.16,300,0
2017-11-29,19:10:00,7.16,7.16,7.16,7.16,100,0
2017-11-29,19:20:00,7.16,7.16,7.16,7.16,100,0
2017-11-29,19:30:00,7.16,7.16,7.16,7.16,100,0
2017-11-29,19:40:00,7.16,7.16,7.13,7.13,1600,0
2017-11-29,19:45:00,7.14,7.14,7.14,7.14,200,0
2017-11-29,19:55:00,7.135,7.135,7.12,7.12,900,0
2017-11-29,20:00:00,7.12,7.12,7.115,7.12,600,0
2017-11-29,20:05:00,7.12,7.12,7.115,7.12,1410,0
2017-11-29,20:10:00,7.12,7.12,7.11,7.11,200,0
2017-11-29,20:15:00,7.1,7.103,7.094,7.094,900,0
2017-11-29,20:30:00,7.09,7.09,7.08,7.08,400,0
2017-11-29,20:35:00,7.06,7.06,7.06,7.06,100,0
2017-11-29,20:45:00,7.04,7.05,7.04,7.05,700,0
2017-11-29,20:50:00,7.04,7.04,7.04,7.04,300,0
2017-11-29,20:55:00,7.05,7.05,7.05,7.05,100,0
2017-11-29,21:00:00,7.06,7.06,7.04,7.04,300,0
2017-11-29,21:05:00,7.055,7.055,7.055,7.055,100,0
2017-11-29,21:10:00,7.04,7.04,7.04,7.04,381,0
2017-11-29,21:15:00,7.05,7.055,7.045,7.055,784,0
2017-11-29,21:25:00,7.06,7.06,7.06,7.06,1500,0
2017-11-29,21:30:00,7.055,7.055,7.055,7.055,100,0
2017-11-29,21:35:00,7.06,7.06,7.06,7.06,100,0
2017-11-29,21:40:00,7.04,7.05,7.04,7.04,300,0
2017-11-29,21:50:00,7.05,7.07,7.05,7.07,1300,0
2017-11-29,21:55:00,7.08,7.11,7.0715,7.1,1600,0
2017-11-29,22:00:00,7.11,7.12,7.1,7.11,7052,0
2017-11-30,15:35:00,7.1,7.1,7.01,7.0641,1142,0
2017-11-30,15:45:00,7.09,7.09,7.09,7.09,200,0
2017-11-30,15:55:00,7.095,7.095,7.095,7.095,100,0
2017-11-30,16:10:00,7.11,7.11,7.11,7.11,100,0
2017-11-30,16:15:00,7.11,7.13,7.09,7.12,800,0
2017-11-30,16:20:00,7.11,7.11,7.09,7.09,300,0
2017-11-30,16:40:00,7.09,7.09,7.09,7.09,200,0
2017-11-30,16:45:00,7.09,7.09,7.09,7.09,600,0
2017-11-30,16:50:00,7.09,7.09,7.09,7.09,100,0
2017-11-30,17:00:00,7.1,7.11,7.1,7.1,1460,0
2017-11-30,17:05:00,7.11,7.12,7.11,7.12,400,0
2017-11-30,17:10:00,7.115,7.115,7.1,7.1,200,0
2017-11-30,17:15:00,7.13,7.13,7.13,7.13,100,0
2017-11-30,17:20:00,7.1,7.1,7.1,7.1,100,0
2017-11-30,17:25:00,7.1,7.1,7.1,7.1,100,0
2017-11-30,17:35:00,7.09,7.09,7.09,7.09,100,0
2017-11-30,17:45:00,7.08,7.09,7.05,7.09,2534,0
2017-11-30,17:50:00,7.108,7.109,7.07,7.07,2800,0
2017-11-30,17:55:00,7.07,7.09,7.06,7.09,3300,0
2017-11-30,18:00:00,7.06,7.06,7.06,7.06,100,0
2017-11-30,18:20:00,7.0752,7.0752,7.0752,7.0752,450,0
2017-11-30,18:25:00,7.075,7.075,7.07,7.07,300,0
2017-11-30,18:40:00,7.07,7.07,7.05,7.05,500,0
2017-11-30,18:45:00,7.06,7.06,7.05,7.05,1500,0
2017-11-30,18:50:00,7.07,7.07,7.07,7.07,100,0
2017-11-30,18:55:00,7.09,7.09,7.07,7.07,3731,0
2017-11-30,19:10:00,7.075,7.075,7.06,7.06,300,0
2017-11-30,19:20:00,7.06,7.06,7.05,7.05,200,0
2017-11-30,19:25:00,7.05,7.05,7.05,7.05,700,0
2017-11-30,19:30:00,7.05,7.05,7.05,7.05,100,0
2017-11-30,19:40:00,7.055,7.055,7.05,7.05,400,0
2017-11-30,19:45:00,7.05,7.05,7.03,7.03,500,0
2017-11-30,19:50:00,7.03,7.03,7,7.025,900,0
2017-11-30,19:55:00,7.02,7.02,7.02,7.02,200,0
2017-11-30,20:00:00,7.03,7.03,7.03,7.03,100,0
2017-11-30,20:10:00,7.035,7.035,7.035,7.035,324,0
2017-11-30,20:15:00,7.02,7.02,7.02,7.02,200,0
2017-11-30,20:20:00,7.02,7.02,7.02,7.02,200,0
2017-11-30,20:30:00,7.02,7.02,7.02,7.02,100,0
2017-11-30,20:35:00,7.02,7.02,7.01,7.01,400,0
2017-11-30,20:40:00,7.04,7.04,7.04,7.04,100,0
2017-11-30,20:45:00,7.01,7.01,7.01,7.01,700,0
2017-11-30,20:55:00,7.01,7.01,7,7,200,0
2017-11-30,21:00:00,7,7,6.93,6.97,5200,0
2017-11-30,21:05:00,6.975,6.975,6.97,6.97,300,0
2017-11-30,21:10:00,6.98,7.01,6.98,7.01,1691,0
2017-11-30,21:20:00,7,7,7,7,100,0
2017-11-30,21:25:00,7,7.02,7,7.02,200,0
2017-11-30,21:30:00,7.01,7.01,7,7,1064,0
2017-11-30,21:35:00,7,7,7,7,200,0
2017-11-30,21:40:00,7.01,7.01,7,7,700,0
2017-11-30,21:45:00,7,7,6.98,6.98,700,0
2017-11-30,21:50:00,6.97,6.99,6.95,6.96,3400,0
2017-11-30,21:55:00,6.96,6.97,6.96,6.97,800,0
2017-11-30,22:00:00,6.97,6.99,6.97,6.98,5131,0
2017-12-01,15:35:00,7,7,7,7,278,0
2017-12-01,15:45:00,6.98,6.98,6.9303,6.9303,335,0
2017-12-01,15:50:00,6.855,6.87,6.85,6.8608,1200,0
2017-12-01,15:55:00,6.87,6.9051,6.87,6.9001,2120,0
2017-12-01,16:00:00,6.881,6.9245,6.881,6.9245,2000,0
2017-12-01,16:05:00,6.91,6.91,6.91,6.91,100,0
2017-12-01,16:10:00,6.87,6.87,6.86,6.86,250,0
2017-12-01,16:20:00,6.86,6.86,6.86,6.86,100,0
2017-12-01,16:30:00,6.89,6.89,6.89,6.89,500,0
2017-12-01,16:50:00,6.9,6.9,6.9,6.9,1400,0
2017-12-01,16:55:00,6.88,6.88,6.88,6.88,200,0
2017-12-01,17:05:00,6.85,6.85,6.85,6.85,100,0
2017-12-01,17:10:00,6.85,6.85,6.85,6.85,1300,0
2017-12-01,17:15:00,6.82,6.82,6.79,6.79,2050,0
2017-12-01,17:20:00,6.811,6.8284,6.77,6.79,2300,0
2017-12-01,17:25:00,6.76,6.76,6.72,6.72,2800,0
2017-12-01,17:30:00,6.71,6.71,6.68,6.68,600,0
2017-12-01,17:35:00,6.67,6.67,6.63,6.63,1300,0
2017-12-01,17:40:00,6.67,6.7,6.67,6.7,400,0
2017-12-01,17:45:00,6.68,6.68,6.68,6.68,100,0
2017-12-01,17:50:00,6.679,6.7,6.679,6.7,1800,0
2017-12-01,17:55:00,6.71,6.71,6.71,6.71,100,0
2017-12-01,18:00:00,6.71,6.72,6.71,6.72,200,0
2017-12-01,18:05:00,6.72,6.8,6.72,6.8,2591,0
2017-12-01,18:10:00,6.82,6.83,6.81,6.81,300,0
2017-12-01,18:25:00,6.8099,6.8099,6.8099,6.8099,280,0
2017-12-01,18:30:00,6.79,6.79,6.79,6.79,100,0
2017-12-01,18:35:00,6.78,6.78,6.78,6.78,100,0
2017-12-01,18:45:00,6.81,6.81,6.81,6.81,100,0
2017-12-01,19:35:00,6.83,6.83,6.83,6.83,100,0
2017-12-01,19:40:00,6.84,6.84,6.84,6.84,100,0
2017-12-01,19:45:00,6.82,6.82,6.82,6.82,100,0
2017-12-01,19:55:00,6.82,6.82,6.82,6.82,100,0
2017-12-01,20:00:00,6.835,6.835,6.835,6.835,210,0
2017-12-01,20:10:00,6.83,6.83,6.83,6.83,100,0
2017-12-01,20:20:00,6.823,6.823,6.823,6.823,200,0
2017-12-01,20:25:00,6.82,6.82,6.82,6.82,200,0
2017-12-01,20:35:00,6.8,6.8001,6.8,6.8001,2200,0
2017-12-01,20:40:00,6.81,6.81,6.81,6.81,300,0
2017-12-01,20:45:00,6.81,6.83,6.81,6.83,200,0
2017-12-01,21:00:00,6.79,6.79,6.79,6.79,100,0
2017-12-01,21:05:00,6.77,6.77,6.77,6.77,100,0
2017-12-01,21:25:00,6.78,6.78,6.78,6.78,100,0
2017-12-01,21:30:00,6.77,6.77,6.77,6.77,400,0
2017-12-01,21:35:00,6.78,6.81,6.78,6.81,2024,0
2017-12-01,21:40:00,6.837,6.84,6.837,6.84,700,0
2017-12-01,21:45:00,6.8399,6.8399,6.8399,6.8399,100,0
2017-12-01,21:50:00,6.82,6.82,6.82,6.82,300,0
2017-12-01,21:55:00,6.84,6.84,6.82,6.82,400,0
2017-12-01,22:00:00,6.85,6.88,6.84,6.88,3255,0
2017-12-04,15:35:00,6.94,6.94,6.94,6.94,410,0
2017-12-04,15:55:00,6.87,6.87,6.85,6.85,400,0
2017-12-04,16:00:00,6.9,6.91,6.9,6.91,200,0
2017-12-04,16:10:00,6.87,6.87,6.82,6.82,400,0
2017-12-04,16:20:00,6.85,6.85,6.8,6.8,200,0
2017-12-04,16:35:00,6.87,6.87,6.87,6.87,299,0
2017-12-04,16:45:00,6.87,6.87,6.87,6.87,200,0
2017-12-04,16:50:00,6.8321,6.8321,6.77,6.77,1500,0
2017-12-04,16:55:00,6.8,6.8,6.78,6.8,900,0
2017-12-04,17:00:00,6.82,6.83,6.82,6.83,300,0
2017-12-04,17:10:00,6.82,6.85,6.82,6.85,500,0
2017-12-04,17:25:00,6.85,6.85,6.85,6.85,100,0
2017-12-04,17:30:00,6.85,6.85,6.85,6.85,100,0
2017-12-04,17:40:00,6.83,6.84,6.83,6.84,200,0
2017-12-04,18:10:00,6.83,6.83,6.83,6.83,100,0
2017-12-04,18:15:00,6.86,6.86,6.86,6.86,100,0
2017-12-04,18:20:00,6.87,6.87,6.87,6.87,200,0
2017-12-04,18:25:00,6.8647,6.8647,6.8647,6.8647,500,0
2017-12-04,18:35:00,6.85,6.85,6.85,6.85,300,0
2017-12-04,18:50:00,6.86,6.87,6.86,6.87,200,0
2017-12-04,18:55:00,6.83,6.83,6.83,6.83,100,0
2017-12-04,19:30:00,6.87,6.87,6.87,6.87,100,0
2017-12-04,19:35:00,6.85,6.85,6.85,6.85,100,0
2017-12-04,19:40:00,6.85,6.85,6.85,6.85,200,0
2017-12-04,20:00:00,6.86,6.86,6.8,6.8,200,0
2017-12-04,20:10:00,6.7542,6.7542,6.7542,6.7542,250,0
2017-12-04,20:20:00,6.78,6.78,6.78,6.78,100,0
2017-12-04,20:35:00,6.76,6.76,6.73,6.7516,1100,0
2017-12-04,20:40:00,6.75,6.77,6.75,6.75,500,0
2017-12-04,20:45:00,6.76,6.77,6.74,6.76,800,0
2017-12-04,20:50:00,6.78,6.78,6.78,6.78,609,0
2017-12-04,21:10:00,6.83,6.83,6.83,6.83,100,0
2017-12-04,21:20:00,6.82,6.82,6.79,6.79,256,0
2017-12-04,21:30:00,6.77,6.77,6.77,6.77,100,0
2017-12-04,21:45:00,6.75,6.755,6.75,6.75,400,0
2017-12-04,21:50:00,6.75,6.75,6.73,6.73,300,0
2017-12-04,21:55:00,6.76,6.76,6.73,6.74,500,0
2017-12-04,22:00:00,6.73,6.73,6.71,6.73,3436,0
2017-12-05,15:35:00,6.77,6.77,6.77,6.77,123,0
2017-12-05,15:45:00,6.8,6.8,6.8,6.8,100,0
2017-12-05,15:50:00,6.66,6.69,6.66,6.69,700,0
2017-12-05,15:55:00,6.64,6.64,6.64,6.64,100,0
2017-12-05,16:30:00,6.63,6.63,6.63,6.63,100,0
2017-12-05,16:40:00,6.61,6.61,6.6,6.6,976,0
2017-12-05,16:45:00,6.63,6.63,6.63,6.63,100,0
2017-12-05,16:50:00,6.54,6.54,6.54,6.54,100,0
2017-12-05,17:05:00,6.53,6.53,6.53,6.53,104,0
2017-12-05,17:20:00,6.54,6.54,6.54,6.54,200,0
2017-12-05,17:25:00,6.57,6.57,6.57,6.57,1100,0
2017-12-05,17:30:00,6.56,6.57,6.53,6.56,1300,0
2017-12-05,17:50:00,6.56,6.56,6.56,6.56,200,0
2017-12-05,18:00:00,6.58,6.58,6.58,6.58,200,0
2017-12-05,18:10:00,6.56,6.56,6.56,6.56,100,0
2017-12-05,18:20:00,6.55,6.55,6.55,6.55,800,0
2017-12-05,18:30:00,6.55,6.5556,6.53,6.55,1946,0
2017-12-05,18:35:00,6.51,6.52,6.51,6.52,200,0
2017-12-05,18:45:00,6.52,6.53,6.52,6.53,200,0
2017-12-05,18:50:00,6.52,6.52,6.52,6.52,100,0
2017-12-05,18:55:00,6.51,6.51,6.51,6.51,100,0
2017-12-05,19:00:00,6.526,6.54,6.526,6.54,1600,0
2017-12-05,19:05:00,6.5,6.53,6.5,6.53,1190,0
2017-12-05,19:10:00,6.5,6.5,6.5,6.5,100,0
2017-12-05,19:15:00,6.5,6.5,6.5,6.5,100,0
2017-12-05,19:20:00,6.51,6.51,6.51,6.51,200,0
2017-12-05,19:25:00,6.54,6.54,6.54,6.54,300,0
2017-12-05,19:45:00,6.56,6.56,6.56,6.56,100,0
2017-12-05,19:50:00,6.53,6.53,6.53,6.53,200,0
2017-12-05,20:05:00,6.53,6.54,6.53,6.54,500,0
2017-12-05,20:20:00,6.53,6.53,6.53,6.53,500,0
2017-12-05,20:25:00,6.53,6.53,6.53,6.53,100,0
2017-12-05,20:30:00,6.55,6.56,6.55,6.56,400,0
2017-12-05,20:40:00,6.523,6.523,6.523,6.523,600,0
2017-12-05,20:45:00,6.52,6.54,6.52,6.54,300,0
2017-12-05,20:50:00,6.5351,6.5351,6.52,6.535,3300,0
2017-12-05,21:00:00,6.52,6.56,6.52,6.56,1994,0
2017-12-05,21:05:00,6.53,6.55,6.53,6.55,300,0
2017-12-05,21:10:00,6.54,6.54,6.54,6.54,100,0
2017-12-05,21:15:00,6.5301,6.5301,6.53,6.53,200,0
2017-12-05,21:20:00,6.53,6.54,6.53,6.54,1800,0
2017-12-05,21:25:00,6.54,6.54,6.52,6.52,2401,0
2017-12-05,21:30:00,6.54,6.54,6.52,6.52,1800,0
2017-12-05,21:35:00,6.52,6.54,6.52,6.54,500,0
2017-12-05,21:40:00,6.54,6.54,6.52,6.52,300,0
2017-12-05,21:45:00,6.52,6.54,6.52,6.54,300,0
2017-12-05,21:50:00,6.52,6.52,6.52,6.52,538,0
2017-12-05,21:55:00,6.5371,6.5371,6.52,6.52,300,0
2017-12-05,22:00:00,6.52,6.54,6.52,6.52,11200,0
2017-12-06,15:35:00,6.55,6.55,6.55,6.55,152,0
2017-12-06,15:55:00,6.55,6.55,6.55,6.55,1154,0
2017-12-06,16:00:00,6.55,6.6,6.55,6.56,400,0
2017-12-06,16:05:00,6.56,6.56,6.56,6.56,300,0
2017-12-06,16:10:00,6.57,6.59,6.56,6.56,400,0
2017-12-06,16:35:00,6.59,6.59,6.57,6.579,700,0
2017-12-06,16:40:00,6.59,6.59,6.58,6.58,662,0
2017-12-06,16:45:00,6.57,6.57,6.57,6.57,100,0
2017-12-06,16:50:00,6.58,6.58,6.58,6.58,100,0
2017-12-06,17:05:00,6.57,6.57,6.57,6.57,100,0
2017-12-06,17:20:00,6.61,6.61,6.61,6.61,100,0
2017-12-06,17:25:00,6.62,6.62,6.62,6.62,100,0
2017-12-06,17:30:00,6.6,6.6,6.58,6.58,1000,0
2017-12-06,17:55:00,6.56,6.56,6.55,6.56,300,0
2017-12-06,18:00:00,6.56,6.56,6.56,6.56,100,0
2017-12-06,18:10:00,6.56,6.56,6.56,6.56,100,0
2017-12-06,18:25:00,6.55,6.56,6.55,6.56,1631,0
2017-12-06,18:30:00,6.55,6.57,6.55,6.57,200,0
2017-12-06,18:55:00,6.5594,6.5594,6.5594,6.5594,800,0
2017-12-06,19:35:00,6.55,6.55,6.55,6.55,400,0
2017-12-06,19:40:00,6.56,6.59,6.56,6.59,700,0
2017-12-06,19:50:00,6.59,6.59,6.59,6.59,100,0
2017-12-06,20:00:00,6.62,6.62,6.6,6.6,200,0
2017-12-06,20:05:00,6.58,6.58,6.58,6.58,400,0
2017-12-06,20:15:00,6.63,6.63,6.63,6.63,100,0
2017-12-06,20:35:00,6.63,6.63,6.63,6.63,290,0
2017-12-06,20:50:00,6.66,6.67,6.66,6.67,200,0
2017-12-06,21:05:00,6.66,6.66,6.66,6.66,100,0
2017-12-06,21:10:00,6.67,6.67,6.66,6.66,200,0
2017-12-06,21:20:00,6.69,6.69,6.68,6.68,400,0
2017-12-06,21:25:00,6.68,6.68,6.68,6.68,100,0
2017-12-06,21:30:00,6.68,6.68,6.68,6.68,500,0
2017-12-06,21:35:00,6.68,6.68,6.68,6.68,200,0
2017-12-06,21:40:00,6.67,6.67,6.66,6.67,1000,0
2017-12-06,21:45:00,6.67,6.7,6.67,6.69,1100,0
2017-12-06,21:50:00,6.71,6.71,6.68,6.7,900,0
2017-12-06,21:55:00,6.7,6.7,6.69,6.69,800,0
2017-12-06,22:00:00,6.7,6.76,6.68,6.71,12134,0
