Date,Time,Open,High,Low,Close,Volume,OpenInt
2017-11-16,15:35:00,15.68,15.68,15.68,15.68,588,0
2017-11-16,15:40:00,15.5,15.5,15.5,15.5,100,0
2017-11-16,15:45:00,15.61,15.61,15.61,15.61,100,0
2017-11-16,15:50:00,15.62,15.95,15.62,15.67,400,0
2017-11-16,16:00:00,15.855,15.97,15.7715,15.97,1294,0
2017-11-16,16:05:00,15.98,15.98,15.98,15.98,100,0
2017-11-16,16:15:00,15.8717,15.94,15.8717,15.91,3381,0
2017-11-16,16:20:00,15.87,15.88,15.85,15.85,500,0
2017-11-16,16:25:00,15.9,15.9,15.88,15.88,200,0
2017-11-16,16:35:00,15.9,15.94,15.9,15.94,1700,0
2017-11-16,16:40:00,15.94,16.03,15.94,16,4500,0
2017-11-16,16:45:00,15.98,16,15.98,16,6436,0
2017-11-16,16:50:00,15.97,15.98,15.97,15.98,200,0
2017-11-16,16:55:00,15.97,15.99,15.94,15.99,2200,0
2017-11-16,17:00:00,15.99,15.99,15.94,15.97,1000,0
2017-11-16,17:10:00,15.95,15.96,15.88,15.89,6450,0
2017-11-16,17:15:00,15.89,15.9,15.87,15.9,1000,0
2017-11-16,17:25:00,15.84,15.9,15.84,15.9,300,0
2017-11-16,17:30:00,15.9,15.9,15.9,15.9,100,0
2017-11-16,17:35:00,15.8499,15.89,15.8499,15.89,1010,0
2017-11-16,17:40:00,15.8595,15.94,15.8595,15.94,600,0
2017-11-16,17:45:00,15.92,15.92,15.9,15.9,400,0
2017-11-16,17:50:00,15.9,15.9,15.9,15.9,600,0
2017-11-16,18:00:00,15.9,15.9,15.89,15.89,400,0
2017-11-16,18:05:00,15.88,15.89,15.82,15.85,1500,0
2017-11-16,18:15:00,15.85,15.85,15.85,15.85,100,0
2017-11-16,18:20:00,15.86,15.86,15.86,15.86,100,0
2017-11-16,18:25:00,15.77,15.8087,15.77,15.8087,300,0
2017-11-16,18:35:00,15.8,15.8,15.8,15.8,100,0
2017-11-16,18:45:00,15.78,15.79,15.78,15.79,200,0
2017-11-16,19:05:00,15.82,15.8499,15.82,15.83,1500,0
2017-11-16,19:15:00,15.77,15.83,15.77,15.83,200,0
2017-11-16,19:20:00,15.77,15.77,15.77,15.77,100,0
2017-11-16,19:35:00,15.84,15.85,15.76,15.83,400,0
2017-11-16,19:40:00,15.81,15.839,15.68,15.69,3260,0
2017-11-16,19:45:00,15.68,15.68,15.39,15.65,9562,0
2017-11-16,19:50:00,15.56,15.62,15.55,15.62,1400,0
2017-11-16,19:55:00,15.6,15.779,15.6,15.73,2400,0
2017-11-16,20:00:00,15.72,15.72,15.6,15.62,1800,0
2017-11-16,20:05:00,15.5999,15.6,15.56,15.57,900,0
2017-11-16,20:10:00,15.58,15.61,15.46,15.52,4989,0
2017-11-16,20:15:00,15.55,15.65,15.54,15.64,4400,0
2017-11-16,20:20:00,15.56,15.61,15.53,15.53,1701,0
2017-11-16,20:25:00,15.5,15.62,15.5,15.57,3899,0
2017-11-16,20:30:00,15.5899,15.5899,15.52,15.52,300,0
2017-11-16,20:35:00,15.52,15.65,15.51,15.59,5320,0
2017-11-16,20:40:00,15.55,15.65,15.55,15.62,2602,0
2017-11-16,20:45:00,15.55,15.55,15.55,15.55,200,0
2017-11-16,20:50:00,15.54,15.57,15.49,15.51,3800,0
2017-11-16,20:55:00,15.53,15.76,15.52,15.6,2600,0
2017-11-16,21:00:00,15.55,15.62,15.52,15.53,2700,0
2017-11-16,21:05:00,15.49,15.49,15.45,15.47,1900,0
2017-11-16,21:10:00,15.47,15.58,15.47,15.51,3119,0
2017-11-16,21:15:00,15.53,15.53,15.51,15.52,1400,0
2017-11-16,21:20:00,15.49,15.51,15.44,15.48,5098,0
2017-11-16,21:25:00,15.45,15.55,15.45,15.55,2003,0
2017-11-16,21:30:00,15.52,15.6299,15.5,15.6299,2700,0
2017-11-16,21:35:00,15.63,15.679,15.53,15.56,4200,0
2017-11-16,21:40:00,15.54,15.9,15.47,15.79,21557,0
2017-11-16,21:45:00,15.62,15.74,15.6,15.74,9421,0
2017-11-16,21:50:00,15.6322,15.85,15.6322,15.69,10150,0
2017-11-16,21:55:00,15.7,15.79,15.66,15.66,1800,0
2017-11-16,22:00:00,15.66,15.66,15.58,15.64,8484,0
2017-11-17,15:40:00,15.61,15.63,15.5,15.63,1100,0
2017-11-17,15:50:00,15.537,15.59,15.537,15.55,1600,0
2017-11-17,15:55:00,15.515,15.55,15.515,15.55,400,0
2017-11-17,16:00:00,15.538,15.64,15.538,15.618,3700,0
2017-11-17,16:05:00,15.65,15.7,15.65,15.7,700,0
2017-11-17,16:10:00,15.66,15.7,15.66,15.665,700,0
2017-11-17,16:15:00,15.68,15.7,15.68,15.68,500,0
2017-11-17,16:20:00,15.7,15.8,15.685,15.78,4557,0
2017-11-17,16:25:00,15.86,15.86,15.8,15.8,300,0
2017-11-17,16:30:00,15.8,15.86,15.785,15.83,800,0
2017-11-17,16:35:00,15.785,15.83,15.785,15.83,300,0
2017-11-17,16:40:00,15.8,15.88,15.8,15.88,200,0
2017-11-17,16:45:00,15.88,15.88,15.7707,15.8,1400,0
2017-11-17,16:50:00,15.79,15.81,15.7705,15.81,2120,0
2017-11-17,16:55:00,15.82,15.9,15.82,15.9,1700,0
2017-11-17,17:00:00,15.9,15.9,15.83,15.83,200,0
2017-11-17,17:05:00,15.84,15.85,15.83,15.85,500,0
2017-11-17,17:10:00,15.84,15.89,15.82,15.84,1000,0
2017-11-17,17:15:00,15.82,15.84,15.77,15.77,800,0
2017-11-17,17:20:00,15.78,15.79,15.78,15.79,300,0
2017-11-17,17:25:00,15.79,15.8,15.7845,15.7845,1200,0
2017-11-17,17:30:00,15.7817,15.82,15.7817,15.82,12400,0
2017-11-17,17:35:00,15.8,15.82,15.8,15.82,1000,0
2017-11-17,17:40:00,15.82,15.82,15.8,15.81,700,0
2017-11-17,17:45:00,15.78,15.81,15.78,15.81,1100,0
2017-11-17,17:50:00,15.78,15.78,15.78,15.78,400,0
2017-11-17,17:55:00,15.81,15.82,15.795,15.8,9212,0
2017-11-17,18:00:00,15.8,15.82,15.8,15.81,1000,0
2017-11-17,18:10:00,15.82,15.82,15.8,15.82,400,0
2017-11-17,18:15:00,15.8,15.82,15.8,15.8,1600,0
2017-11-17,18:20:00,15.82,15.82,15.81,15.82,1200,0
2017-11-17,18:25:00,15.81,15.82,15.81,15.82,400,0
2017-11-17,18:30:00,15.82,15.83,15.82,15.83,1200,0
2017-11-17,18:35:00,15.89,15.89,15.89,15.89,100,0
2017-11-17,18:40:00,15.89,15.9,15.86,15.9,1200,0
2017-11-17,18:50:00,15.9,15.9,15.84,15.84,300,0
2017-11-17,18:55:00,15.865,15.89,15.84,15.84,1000,0
2017-11-17,19:05:00,15.87,15.87,15.87,15.87,200,0
2017-11-17,19:10:00,15.84,15.9,15.84,15.9,800,0
2017-11-17,19:15:00,15.9,15.9,15.9,15.9,100,0
2017-11-17,19:20:00,15.85,15.85,15.85,15.85,100,0
2017-11-17,19:25:00,15.89,15.9,15.89,15.9,200,0
2017-11-17,19:30:00,15.9,15.9,15.84,15.87,300,0
2017-11-17,19:35:00,15.9,15.9,15.88,15.89,1100,0
2017-11-17,19:40:00,15.89,15.89,15.89,15.89,100,0
2017-11-17,19:45:00,15.9,15.9,15.85,15.85,1004,0
2017-11-17,19:50:00,15.9,15.93,15.9,15.92,1576,0
2017-11-17,19:55:00,15.92,15.92,15.92,15.92,100,0
2017-11-17,20:00:00,15.97,15.97,15.97,15.97,100,0
2017-11-17,20:05:00,15.97,15.97,15.97,15.97,200,0
2017-11-17,20:10:00,15.93,16,15.93,16,852,0
2017-11-17,20:15:00,16,16,16,16,100,0
2017-11-17,20:20:00,15.95,15.95,15.9301,15.9301,800,0
2017-11-17,20:30:00,15.96,15.96,15.96,15.96,200,0
2017-11-17,20:35:00,15.9356,15.96,15.92,15.92,500,0
2017-11-17,20:40:00,15.94,15.96,15.87,15.88,4900,0
2017-11-17,20:45:00,15.91,15.92,15.88,15.9,500,0
2017-11-17,20:50:00,15.88,15.91,15.88,15.91,700,0
2017-11-17,20:55:00,15.91,15.91,15.89,15.89,200,0
2017-11-17,21:00:00,15.89,15.89,15.83,15.83,1100,0
2017-11-17,21:05:00,15.82,15.9,15.82,15.85,1700,0
2017-11-17,21:15:00,15.85,15.89,15.83,15.85,1800,0
2017-11-17,21:20:00,15.86,15.89,15.86,15.89,802,0
2017-11-17,21:25:00,15.83,15.87,15.78,15.78,1400,0
2017-11-17,21:30:00,15.77,15.77,15.69,15.73,800,0
2017-11-17,21:35:00,15.78,15.78,15.74,15.74,300,0
2017-11-17,21:40:00,15.74,15.8,15.74,15.8,824,0
2017-11-17,21:45:00,15.78,15.79,15.7715,15.79,1936,0
2017-11-17,21:50:00,15.79,15.83,15.78,15.8,4871,0
2017-11-17,21:55:00,15.8,15.86,15.77,15.86,5501,0
2017-11-17,22:00:00,15.86,15.91,15.83,15.84,6240,0
2017-11-20,15:35:00,15.78,15.99,15.78,15.99,563,0
2017-11-20,15:45:00,16,16,16,16,1000,0
2017-11-20,15:50:00,15.99,15.99,15.96,15.99,1200,0
2017-11-20,15:55:00,16,16,15.99,16,1000,0
2017-11-20,16:00:00,15.98,16,15.98,16,2677,0
2017-11-20,16:05:00,15.98,15.98,15.98,15.98,700,0
2017-11-20,16:10:00,15.93,15.99,15.93,15.99,900,0
2017-11-20,16:15:00,15.99,16,15.99,16,800,0
2017-11-20,16:20:00,16,16,15.92,16,1086,0
2017-11-20,16:25:00,16,16,15.998,16,800,0
2017-11-20,16:30:00,16,16,15.99,16,900,0
2017-11-20,16:35:00,16,16,15.96,16,700,0
2017-11-20,16:40:00,16,16,15.99,16,700,0
2017-11-20,16:45:00,16,16,15.99,16,900,0
2017-11-20,16:50:00,16,16,16,16,1100,0
2017-11-20,16:55:00,16,16,15.97,15.97,600,0
2017-11-20,17:00:00,16,16,16,16,500,0
2017-11-20,17:05:00,16,16,15.9975,15.9975,2200,0
2017-11-20,17:10:00,15.9948,15.9948,15.99,15.99,1430,0
2017-11-20,17:15:00,15.99,15.99,15.93,15.93,800,0
2017-11-20,17:20:00,15.86,15.9,15.8,15.87,1600,0
2017-11-20,17:25:00,15.87,15.9,15.83,15.9,1400,0
2017-11-20,17:30:00,15.9,15.9,15.895,15.895,400,0
2017-11-20,17:40:00,15.84,15.89,15.84,15.88,500,0
2017-11-20,17:45:00,15.86,15.86,15.7499,15.78,1300,0
2017-11-20,17:50:00,15.77,15.81,15.77,15.8,1600,0
2017-11-20,17:55:00,15.78,15.81,15.78,15.81,330,0
2017-11-20,18:00:00,15.81,15.81,15.81,15.81,400,0
2017-11-20,18:05:00,15.81,15.81,15.81,15.81,600,0
2017-11-20,18:10:00,15.81,15.81,15.81,15.81,500,0
2017-11-20,18:15:00,15.81,15.83,15.81,15.83,1100,0
2017-11-20,18:20:00,15.86,15.9,15.86,15.9,500,0
2017-11-20,18:25:00,15.89,15.9,15.88,15.9,700,0
2017-11-20,18:30:00,15.9,15.93,15.89,15.93,11091,0
2017-11-20,18:35:00,15.98,15.98,15.97,15.97,300,0
2017-11-20,18:40:00,16,16,15.96,15.96,2300,0
2017-11-20,18:45:00,15.935,16,15.91,16,1300,0
2017-11-20,18:50:00,16,16.06,16,16.01,6938,0
2017-11-20,18:55:00,15.97,15.97,15.94,15.95,1700,0
2017-11-20,19:00:00,15.9031,15.95,15.9031,15.95,4700,0
2017-11-20,19:05:00,15.95,15.95,15.945,15.95,1900,0
2017-11-20,19:10:00,15.95,15.99,15.95,15.9801,2289,0
2017-11-20,19:25:00,16,16.01,16,16.01,4893,0
2017-11-20,19:30:00,16.01,16.02,15.989,15.989,900,0
2017-11-20,19:35:00,15.995,16.02,15.98,15.98,1850,0
2017-11-20,19:40:00,16,16,16,16,200,0
2017-11-20,19:45:00,16,16,15.98,15.99,400,0
2017-11-20,19:50:00,15.99,16,15.99,16,400,0
2017-11-20,19:55:00,16,16,15.9752,16,400,0
2017-11-20,20:00:00,16,16.099,15.99,15.99,7477,0
2017-11-20,20:05:00,16,16.01,16,16.01,17100,0
2017-11-20,20:10:00,16.01,16.01,16.01,16.01,100,0
2017-11-20,20:15:00,15.99,15.99,15.99,15.99,100,0
2017-11-20,20:20:00,16.04,16.04,16.04,16.04,100,0
2017-11-20,20:25:00,15.99,15.99,15.99,15.99,500,0
2017-11-20,20:30:00,16.01,16.1,16,16.1,2500,0
2017-11-20,20:35:00,16.09,16.19,16.09,16.19,2750,0
2017-11-20,20:40:00,16.18,16.18,16.07,16.07,1600,0
2017-11-20,20:45:00,16.0999,16.0999,16.05,16.05,600,0
2017-11-20,20:50:00,16.05,16.1,16.05,16.1,200,0
2017-11-20,20:55:00,16.06,16.1,16.05,16.075,600,0
2017-11-20,21:00:00,16.1,16.119,16.07,16.1,1762,0
2017-11-20,21:05:00,16.08,16.08,16.03,16.07,400,0
2017-11-20,21:10:00,16.07,16.07,16.03,16.06,1000,0
2017-11-20,21:15:00,16.05,16.09,16.05,16.07,999,0
2017-11-20,21:20:00,16.12,16.12,16.09,16.1,1100,0
2017-11-20,21:25:00,16.09,16.1,16.09,16.1,600,0
2017-11-20,21:30:00,16.04,16.09,16.04,16.065,700,0
2017-11-20,21:35:00,16.04,16.09,16.04,16.09,600,0
2017-11-20,21:40:00,16.11,16.12,16.095,16.1,1800,0
2017-11-20,21:45:00,16.09,16.16,16.09,16.12,4451,0
2017-11-20,21:50:00,16.13,16.13,16.04,16.04,4552,0
2017-11-20,21:55:00,16.03,16.06,16.01,16.04,3801,0
2017-11-20,22:00:00,16.02,16.03,15.98,16.01,13290,0
2017-11-21,15:35:00,16,16.44,16,16.41,62511,0
2017-11-21,15:40:00,16.4,16.65,16.39,16.65,19698,0
2017-11-21,15:45:00,16.59,16.65,16.47,16.47,15911,0
2017-11-21,15:50:00,16.49,16.54,16.48,16.54,22956,0
2017-11-21,15:55:00,16.5406,16.59,16.51,16.59,3600,0
2017-11-21,16:00:00,16.64,16.65,16.49,16.49,9600,0
2017-11-21,16:05:00,16.475,16.55,16.475,16.5,9322,0
2017-11-21,16:10:00,16.5,16.65,16.485,16.65,4336,0
2017-11-21,16:15:00,16.63,16.65,16.59,16.6,11678,0
2017-11-21,16:20:00,16.6,16.91,16.6,16.91,21538,0
2017-11-21,16:25:00,16.88,17.2,16.78,17,43792,0
2017-11-21,16:30:00,16.99,17,16.82,16.9,17349,0
2017-11-21,16:35:00,16.86,16.99,16.8075,16.985,7801,0
2017-11-21,16:40:00,16.99,17.1,16.96,16.99,34895,0
2017-11-21,16:45:00,16.9947,17,16.95,16.995,57700,0
2017-11-21,16:50:00,16.99,17.44,16.98,17.35,14923,0
2017-11-21,16:55:00,17.085,17.085,16.99,17.03,11880,0
2017-11-21,17:00:00,17.055,17.055,16.915,16.995,16857,0
2017-11-21,17:05:00,17,17.3,17,17.19,9020,0
2017-11-21,17:10:00,17.09,17.14,17.07,17.09,5000,0
2017-11-21,17:15:00,17.14,17.14,17.065,17.14,6700,0
2017-11-21,17:20:00,17.14,17.21,17.05,17.16,7200,0
2017-11-21,17:25:00,17.16,17.225,17.14,17.14,7200,0
2017-11-21,17:30:00,17.14,17.2,17.04,17.12,4885,0
2017-11-21,17:35:00,17.12,17.13,16.925,17.05,13000,0
2017-11-21,17:40:00,17.1,17.1008,16.965,16.965,13500,0
2017-11-21,17:45:00,16.96,17.05,16.94,16.96,42300,0
2017-11-21,17:50:00,16.96,17.05,16.93,16.93,6100,0
2017-11-21,17:55:00,16.98,17,16.94,16.94,5500,0
2017-11-21,18:00:00,16.94,16.97,16.8907,16.95,6050,0
2017-11-21,18:10:00,16.94,16.94,16.9275,16.9275,500,0
2017-11-21,18:15:00,16.93,16.94,16.58,16.63,8800,0
2017-11-21,18:20:00,16.535,16.855,16.5,16.855,8780,0
2017-11-21,18:25:00,16.83,16.83,16.55,16.55,1000,0
2017-11-21,18:30:00,16.52,16.734,16.52,16.69,3400,0
2017-11-21,18:35:00,16.7176,16.735,16.57,16.57,700,0
2017-11-21,18:40:00,16.5601,16.72,16.5568,16.72,2000,0
2017-11-21,18:45:00,16.72,16.8,16.59,16.68,4900,0
2017-11-21,18:50:00,16.6923,16.6923,16.653,16.653,900,0
2017-11-21,18:55:00,16.625,16.65,16.535,16.535,2800,0
2017-11-21,19:05:00,16.55,16.65,16.55,16.65,6500,0
2017-11-21,19:10:00,16.64,16.88,16.61,16.83,3100,0
2017-11-21,19:15:00,16.77,16.8228,16.74,16.8228,900,0
2017-11-21,19:20:00,16.85,16.9208,16.77,16.77,2000,0
2017-11-21,19:25:00,16.7001,16.85,16.7,16.85,2300,0
2017-11-21,19:30:00,16.71,16.71,16.71,16.71,100,0
2017-11-21,19:40:00,16.88,16.88,16.55,16.55,4400,0
2017-11-21,19:45:00,16.57,16.7,16.5575,16.65,5800,0
2017-11-21,19:50:00,16.602,16.602,16.602,16.602,300,0
2017-11-21,19:55:00,16.55,16.56,16.55,16.55,300,0
2017-11-21,20:00:00,16.55,16.595,16.55,16.55,515,0
2017-11-21,20:05:00,16.5,16.51,16.35,16.44,8200,0
2017-11-21,20:10:00,16.4,16.44,16.355,16.385,6500,0
2017-11-21,20:20:00,16.44,16.44,16.11,16.17,5750,0
2017-11-21,20:25:00,16.06,16.26,16.04,16.21,3000,0
2017-11-21,20:30:00,16.17,16.17,15.99,16.09,4700,0
2017-11-21,20:35:00,16.15,16.18,16.14,16.14,1170,0
2017-11-21,20:40:00,16.05,16.05,15.99,15.99,1600,0
2017-11-21,20:45:00,15.9801,16.11,15.94,15.94,5130,0
2017-11-21,20:50:00,15.95,15.95,15.69,15.82,3300,0
2017-11-21,20:55:00,15.93,16.14,15.865,15.91,1350,0
2017-11-21,21:00:00,15.9,16.0003,15.9,16,1000,0
2017-11-21,21:05:00,16,16,16,16,100,0
2017-11-21,21:10:00,16.165,16.165,15.97,15.985,500,0
2017-11-21,21:15:00,16.02,16.02,16.02,16.02,100,0
2017-11-21,21:20:00,16.05,16.19,15.975,15.975,2800,0
2017-11-21,21:25:00,16.03,16.03,16.03,16.03,100,0
2017-11-21,21:30:00,16.03,16.41,16.03,16.215,14950,0
2017-11-21,21:35:00,16.205,16.24,16.09,16.16,13584,0
2017-11-21,21:40:00,16.2,16.27,16.2,16.26,1300,0
2017-11-21,21:45:00,16.25,16.25,16.2,16.21,700,0
2017-11-21,21:50:00,16.21,16.38,16.2,16.2101,4051,0
2017-11-21,21:55:00,16.21,16.24,16.2,16.21,11512,0
2017-11-21,22:00:00,16.23,16.24,16.19,16.2,17689,0
2017-11-22,15:35:00,16.43,16.5873,16.12,16.5873,4709,0
2017-11-22,15:40:00,16.5441,16.5441,16.5441,16.5441,200,0
2017-11-22,15:55:00,16.62,16.755,16.6,16.6,2101,0
2017-11-22,16:00:00,16.64,16.7,16.57,16.6,5200,0
2017-11-22,16:05:00,16.6,16.6,16.3938,16.6,700,0
2017-11-22,16:10:00,16.5492,16.6,16.53,16.5925,7048,0
2017-11-22,16:15:00,16.6,16.6,16.52,16.52,3800,0
2017-11-22,16:20:00,16.52,16.52,16.4501,16.4501,20500,0
2017-11-22,16:25:00,16.4501,16.52,16.4501,16.52,200,0
2017-11-22,16:30:00,16.5,16.55,16.4919,16.55,2300,0
2017-11-22,16:35:00,16.5001,16.57,16.48,16.52,9100,0
2017-11-22,16:40:00,16.51,16.51,16.5,16.5,600,0
2017-11-22,16:45:00,16.4,16.49,16.4,16.4,2200,0
2017-11-22,16:50:00,16.4,16.43,16.37,16.43,3800,0
2017-11-22,16:55:00,16.4,16.4,16.15,16.23,9400,0
2017-11-22,17:00:00,16.24,16.5,16.23,16.4209,28762,0
2017-11-22,17:05:00,16.34,16.34,16.34,16.34,200,0
2017-11-22,17:10:00,16.36,16.39,16.36,16.39,600,0
2017-11-22,17:15:00,16.39,16.39,16.39,16.39,100,0
2017-11-22,17:20:00,16.369,16.39,16.369,16.39,233,0
2017-11-22,17:25:00,16.39,16.39,16.35,16.38,1000,0
2017-11-22,17:30:00,16.38,16.38,16.38,16.38,100,0
2017-11-22,17:35:00,16.36,16.375,16.35,16.36,900,0
2017-11-22,17:40:00,16.35,16.35,16.13,16.13,4200,0
2017-11-22,17:45:00,16.113,16.2,16.097,16.2,9400,0
2017-11-22,17:50:00,16.21,16.365,16.21,16.365,900,0
2017-11-22,17:55:00,16.4,16.4,16.4,16.4,300,0
2017-11-22,18:00:00,16.4,16.4,16.37,16.3999,1900,0
2017-11-22,18:05:00,16.38,16.4,16.22,16.3499,4500,0
2017-11-22,18:10:00,16.275,16.285,16.22,16.285,2700,0
2017-11-22,18:15:00,16.285,16.33,16.275,16.32,1300,0
2017-11-22,18:20:00,16.32,16.32,16.31,16.31,400,0
2017-11-22,18:25:00,16.34,16.4,16.34,16.38,700,0
2017-11-22,18:30:00,16.38,16.4,16.38,16.4,400,0
2017-11-22,18:35:00,16.4,16.4,16.4,16.4,100,0
2017-11-22,18:40:00,16.38,16.38,16.3601,16.3601,200,0
2017-11-22,18:45:00,16.4,16.4,16.35,16.35,1100,0
2017-11-22,18:50:00,16.32,16.32,16.22,16.28,1700,0
2017-11-22,18:55:00,16.29,16.34,16.29,16.34,800,0
2017-11-22,19:00:00,16.33,16.33,16.33,16.33,100,0
2017-11-22,19:05:00,16.3408,16.3408,16.295,16.3,3320,0
2017-11-22,19:10:00,16.29,16.29,16.24,16.25,3300,0
2017-11-22,19:15:00,16.25,16.3,16.25,16.2999,2200,0
2017-11-22,19:20:00,16.29,16.29,16.2775,16.28,300,0
2017-11-22,19:25:00,16.29,16.29,16.26,16.26,700,0
2017-11-22,19:30:00,16.25,16.27,16.25,16.2699,1200,0
2017-11-22,19:35:00,16.25,16.39,16.21,16.3899,21067,0
2017-11-22,19:40:00,16.26,16.2845,16.26,16.2845,200,0
2017-11-22,19:45:00,16.26,16.31,16.26,16.3,300,0
2017-11-22,19:55:00,16.3,16.3,16.2701,16.3,500,0
2017-11-22,20:00:00,16.3,16.3,16.25,16.25,3724,0
2017-11-22,20:05:00,16.25,16.25,16.25,16.25,400,0
2017-11-22,20:10:00,16.25,16.25,16.25,16.25,200,0
2017-11-22,20:15:00,16.25,16.29,16.25,16.27,1300,0
2017-11-22,20:20:00,16.25,16.25,16.25,16.25,200,0
2017-11-22,20:25:00,16.26,16.27,16.26,16.27,200,0
2017-11-22,20:30:00,16.26,16.3,16.25,16.3,5733,0
2017-11-22,20:35:00,16.265,16.28,16.25,16.28,700,0
2017-11-22,20:40:00,16.26,16.2699,16.22,16.22,3100,0
2017-11-22,20:45:00,16.22,16.32,16.21,16.32,9100,0
2017-11-22,20:50:00,16.23,16.3899,16.2,16.23,16756,0
2017-11-22,20:55:00,16.22,16.2999,16.22,16.2999,1600,0
2017-11-22,21:00:00,16.3,16.3,16.3,16.3,3100,0
2017-11-22,21:05:00,16.3,16.3,16.3,16.3,100,0
2017-11-22,21:10:00,16.3,16.3,16.3,16.3,200,0
2017-11-22,21:20:00,16.3,16.3,16.3,16.3,1600,0
2017-11-22,21:25:00,16.3,16.3,16.3,16.3,200,0
2017-11-22,21:30:00,16.3,16.3,16.3,16.3,200,0
2017-11-22,21:35:00,16.2814,16.3,16.2814,16.3,900,0
2017-11-22,21:40:00,16.3,16.3,16.29,16.3,1000,0
2017-11-22,21:45:00,16.3,16.3,16.28,16.28,1788,0
2017-11-22,21:50:00,16.28,16.399,16.28,16.28,9616,0
2017-11-22,21:55:00,16.28,16.3,16.25,16.28,8828,0
2017-11-22,22:00:00,16.28,16.3,16.27,16.28,16535,0
2017-11-24,15:35:00,16.39,17.17,16.39,17.11,2383,0
2017-11-24,15:40:00,16.29,16.7,16.26,16.48,13575,0
2017-11-24,15:45:00,16.57,16.57,16.385,16.5522,3600,0
2017-11-24,15:50:00,16.39,16.4,16.39,16.39,600,0
2017-11-24,15:55:00,16.32,16.4699,16.25,16.4,3423,0
2017-11-24,16:00:00,16.42,16.5,16.35,16.5,1400,0
2017-11-24,16:05:00,16.37,16.51,16.37,16.4,900,0
2017-11-24,16:10:00,16.4,16.49,16.39,16.4,1100,0
2017-11-24,16:15:00,16.39,16.41,16.3,16.41,3200,0
2017-11-24,16:20:00,16.4,16.49,16.4,16.4,4400,0
2017-11-24,16:25:00,16.4,16.48,16.4,16.45,3570,0
2017-11-24,16:30:00,16.45,16.45,16.44,16.45,1300,0
2017-11-24,16:35:00,16.45,16.45,16.42,16.42,1100,0
2017-11-24,16:40:00,16.425,16.44,16.425,16.44,200,0
2017-11-24,16:45:00,16.41,16.45,16.375,16.45,3600,0
2017-11-24,16:50:00,16.45,16.45,16.45,16.45,300,0
2017-11-24,16:55:00,16.45,16.59,16.44,16.59,7780,0
2017-11-24,17:00:00,16.59,16.5999,16.52,16.55,2900,0
2017-11-24,17:05:00,16.548,16.55,16.54,16.55,1200,0
2017-11-24,17:10:00,16.55,16.55,16.55,16.55,400,0
2017-11-24,17:15:00,16.55,16.8,16.54,16.69,13220,0
2017-11-24,17:20:00,16.69,16.82,16.69,16.7,5575,0
2017-11-24,17:25:00,16.65,16.65,16.65,16.65,1700,0
2017-11-24,17:30:00,16.65,16.65,16.62,16.64,1800,0
2017-11-24,17:35:00,16.64,16.65,16.64,16.65,1900,0
2017-11-24,17:40:00,16.65,16.66,16.65,16.65,1300,0
2017-11-24,17:45:00,16.65,16.65,16.65,16.65,2000,0
2017-11-24,17:50:00,16.65,16.85,16.65,16.81,7200,0
2017-11-24,17:55:00,16.84,16.85,16.8,16.8,1600,0
2017-11-24,18:00:00,16.8,16.85,16.73,16.75,6400,0
2017-11-24,18:05:00,16.75,16.75,16.71,16.71,1000,0
2017-11-24,18:10:00,16.74,16.74,16.72,16.7208,900,0
2017-11-24,18:15:00,16.73,16.78,16.73,16.7575,2700,0
2017-11-24,18:20:00,16.7575,16.7575,16.68,16.74,1200,0
2017-11-24,18:25:00,16.7395,16.75,16.66,16.7,3600,0
2017-11-24,18:30:00,16.72,16.76,16.72,16.7299,3500,0
2017-11-24,18:35:00,16.73,16.73,16.68,16.68,2357,0
2017-11-24,18:40:00,16.7,16.7199,16.67,16.7,2257,0
2017-11-24,18:45:00,16.705,16.73,16.65,16.65,4330,0
2017-11-24,18:50:00,16.65,16.68,16.59,16.59,2900,0
2017-11-24,18:55:00,16.56,16.68,16.54,16.65,5800,0
2017-11-24,19:00:00,16.65,16.71,16.63,16.71,12075,0
2017-11-24,19:05:00,16.68,16.68,16.63,16.63,2521,0
2017-11-27,15:35:00,16.54,16.54,16.54,16.54,826,0
2017-11-27,15:40:00,16.4303,16.4303,16.4303,16.4303,400,0
2017-11-27,16:00:00,16.6,16.62,16.53,16.53,1030,0
2017-11-27,16:05:00,16.55,16.55,16.42,16.42,8206,0
2017-11-27,16:10:00,16.4,16.49,16.4,16.47,1200,0
2017-11-27,16:15:00,16.49,16.49,16.36,16.36,2700,0
2017-11-27,16:20:00,16.34,16.47,16.34,16.45,17750,0
2017-11-27,16:25:00,16.4,16.49,16.36,16.48,26900,0
2017-11-27,16:30:00,16.48,16.48,16.4,16.46,3800,0
2017-11-27,16:35:00,16.45,16.45,16.36,16.425,5700,0
2017-11-27,16:40:00,16.41,16.44,16.36,16.4,3000,0
2017-11-27,16:45:00,16.36,16.36,16.3,16.31,3090,0
2017-11-27,16:50:00,16.35,16.3695,16.31,16.36,2400,0
2017-11-27,16:55:00,16.36,16.36,16.3,16.3,9300,0
2017-11-27,17:00:00,16.3,16.36,16.3,16.36,56400,0
2017-11-27,17:05:00,16.35,16.43,16.32,16.4,154305,0
2017-11-27,17:10:00,16.4,16.47,16.38,16.45,15400,0
2017-11-27,17:15:00,16.45,16.45,16.44,16.44,2000,0
2017-11-27,17:20:00,16.45,16.45,16.36,16.36,5100,0
2017-11-27,17:25:00,16.4,16.45,16.33,16.38,18836,0
2017-11-27,17:30:00,16.355,16.355,16.19,16.29,127219,0
2017-11-27,17:35:00,16.4,16.49,16.38,16.475,1880,0
2017-11-27,17:40:00,16.47,16.5,16.46,16.46,16700,0
2017-11-27,17:45:00,16.46,16.5,16.39,16.5,4900,0
2017-11-27,17:50:00,16.5,16.5,16.5,16.5,300,0
2017-11-27,17:55:00,16.5,16.5,16.495,16.495,800,0
2017-11-27,18:00:00,16.499,16.5,16.49,16.5,1800,0
2017-11-27,18:05:00,16.499,16.51,16.49,16.495,6240,0
2017-11-27,18:10:00,16.5,16.67,16.5,16.63,26300,0
2017-11-27,18:15:00,16.63,16.63,16.56,16.57,8900,0
2017-11-27,18:20:00,16.57,16.63,16.57,16.585,4900,0
2017-11-27,18:25:00,16.6,16.6,16.58,16.6,1900,0
2017-11-27,18:30:00,16.605,16.605,16.38,16.42,4588,0
2017-11-27,18:35:00,16.41,16.47,16.41,16.445,1988,0
2017-11-27,18:40:00,16.44,16.445,16.44,16.445,200,0
2017-11-27,18:45:00,16.455,16.48,16.43,16.43,400,0
2017-11-27,18:50:00,16.47,16.53,16.47,16.5,1400,0
2017-11-27,18:55:00,16.5,16.5,16.475,16.48,900,0
2017-11-27,19:00:00,16.49,16.59,16.48,16.55,5500,0
2017-11-27,19:05:00,16.51,16.51,16.35,16.4,11505,0
2017-11-27,19:10:00,16.36,16.5,16.31,16.5,16097,0
2017-11-27,19:15:00,16.5708,16.625,16.47,16.51,6020,0
2017-11-27,19:20:00,16.55,16.74,16.55,16.65,19596,0
2017-11-27,19:25:00,16.65,16.67,16.5105,16.5105,4700,0
2017-11-27,19:30:00,16.53,16.53,16.37,16.41,3820,0
2017-11-27,19:40:00,16.45,16.45,16.415,16.44,4000,0
2017-11-27,19:45:00,16.45,16.45,16.41,16.42,2150,0
2017-11-27,19:50:00,16.43,16.43,16.425,16.43,400,0
2017-11-27,19:55:00,16.44,16.44,16.43,16.44,600,0
2017-11-27,20:00:00,16.43,16.43,16.43,16.43,1000,0
2017-11-27,20:05:00,16.44,16.44,16.4,16.41,2200,0
2017-11-27,20:10:00,16.41,16.41,16.38,16.39,2600,0
2017-11-27,20:15:00,16.39,16.395,16.32,16.33,4800,0
2017-11-27,20:25:00,16.35,16.39,16.35,16.39,1675,0
2017-11-27,20:30:00,16.38,16.45,16.3739,16.3739,3353,0
2017-11-27,20:35:00,16.385,16.41,16.32,16.34,2100,0
2017-11-27,20:40:00,16.34,16.43,16.32,16.36,10874,0
2017-11-27,20:45:00,16.35,16.35,16.345,16.345,1500,0
2017-11-27,20:50:00,16.34,16.34,16.32,16.34,1000,0
2017-11-27,20:55:00,16.33,16.36,16.33,16.36,1300,0
2017-11-27,21:00:00,16.36,16.45,16.36,16.45,1500,0
2017-11-27,21:05:00,16.44,16.44,16.42,16.42,600,0
2017-11-27,21:10:00,16.385,16.42,16.365,16.415,2600,0
2017-11-27,21:15:00,16.415,16.44,16.39,16.42,21700,0
2017-11-27,21:20:00,16.42,16.42,16.38,16.415,4900,0
2017-11-27,21:25:00,16.44,16.44,16.39,16.4,6384,0
2017-11-27,21:30:00,16.4,16.44,16.39,16.44,10475,0
2017-11-27,21:35:00,16.44,16.475,16.43,16.44,6951,0
2017-11-27,21:40:00,16.43,16.46,16.4,16.44,28539,0
2017-11-27,21:45:00,16.445,16.49,16.37,16.37,13325,0
2017-11-27,21:50:00,16.34,16.45,16.28,16.405,60079,0
2017-11-27,21:55:00,16.37,16.42,16.36,16.36,8759,0
2017-11-27,22:00:00,16.36,16.435,16.25,16.27,186522,0
2017-11-28,15:35:00,16.55,16.75,16.55,16.75,6954,0
2017-11-28,15:40:00,16.73,16.73,16.5,16.59,3000,0
2017-11-28,15:45:00,16.61,16.74,16.5,16.58,7673,0
2017-11-28,15:50:00,16.6499,16.6499,16.52,16.6,800,0
2017-11-28,15:55:00,16.61,16.71,16.61,16.7,2350,0
2017-11-28,16:00:00,16.7,16.8,16.63,16.69,12827,0
2017-11-28,16:05:00,16.68,16.76,16.64,16.725,4660,0
2017-11-28,16:10:00,16.7135,16.725,16.565,16.62,3999,0
2017-11-28,16:15:00,16.62,16.69,16.605,16.69,1900,0
2017-11-28,16:20:00,16.7,16.71,16.57,16.67,8977,0
2017-11-28,16:25:00,16.635,16.7,16.57,16.645,6328,0
2017-11-28,16:30:00,16.67,16.67,16.46,16.6,14100,0
2017-11-28,16:35:00,16.61,16.68,16.54,16.62,14878,0
2017-11-28,16:40:00,16.632,16.77,16.59,16.73,4993,0
2017-11-28,16:45:00,16.74,16.8,16.63,16.74,13538,0
2017-11-28,16:50:00,16.77,16.78,16.69,16.76,5900,0
2017-11-28,16:55:00,16.75,16.75,16.5,16.655,4557,0
2017-11-28,17:00:00,16.735,16.735,16.4853,16.64,6600,0
2017-11-28,17:05:00,16.66,16.69,16.55,16.69,8160,0
2017-11-28,17:10:00,16.69,16.75,16.63,16.69,8500,0
2017-11-28,17:15:00,16.73,16.75,16.615,16.66,4400,0
2017-11-28,17:20:00,16.68,16.7819,16.66,16.7,5800,0
2017-11-28,17:25:00,16.7,16.78,16.7,16.78,5776,0
2017-11-28,17:30:00,16.77,16.8,16.73,16.8,7700,0
2017-11-28,17:35:00,16.813,16.85,16.76,16.795,4800,0
2017-11-28,17:40:00,16.805,16.86,16.76,16.795,4616,0
2017-11-28,17:45:00,16.785,16.81,16.685,16.685,5104,0
2017-11-28,17:50:00,16.685,16.75,16.685,16.73,3914,0
2017-11-28,17:55:00,16.73,16.74,16.64,16.68,6300,0
2017-11-28,18:00:00,16.685,16.7,16.66,16.685,8730,0
2017-11-28,18:05:00,16.685,16.69,16.62,16.68,5900,0
2017-11-28,18:10:00,16.7,16.72,16.7,16.715,4900,0
2017-11-28,18:15:00,16.715,16.76,16.5801,16.76,4721,0
2017-11-28,18:20:00,16.74,16.84,16.705,16.75,7288,0
2017-11-28,18:25:00,16.79,16.8165,16.75,16.77,5500,0
2017-11-28,18:30:00,16.8,16.815,16.77,16.785,7188,0
2017-11-28,18:35:00,16.785,16.805,16.74,16.77,6200,0
2017-11-28,18:40:00,16.785,16.785,16.75,16.78,1986,0
2017-11-28,18:45:00,16.8,16.82,16.755,16.82,4300,0
2017-11-28,18:50:00,16.85,16.896,16.83,16.87,6332,0
2017-11-28,18:55:00,16.87,16.9199,16.84,16.87,10500,0
2017-11-28,19:00:00,16.87,16.89,16.84,16.87,5000,0
2017-11-28,19:05:00,16.875,16.88,16.86,16.86,4200,0
2017-11-28,19:10:00,16.87,16.91,16.86,16.89,1912,0
2017-11-28,19:15:00,16.735,16.83,16.705,16.76,2000,0
2017-11-28,19:20:00,16.76,16.76,16.675,16.7,1500,0
2017-11-28,19:25:00,16.725,16.74,16.605,16.74,3963,0
2017-11-28,19:30:00,16.72,16.93,16.72,16.85,3800,0
2017-11-28,19:35:00,16.95,16.95,16.74,16.77,2200,0
2017-11-28,19:40:00,16.76,16.83,16.7,16.71,6977,0
2017-11-28,19:45:00,16.71,16.75,16.71,16.73,3800,0
2017-11-28,19:50:00,16.73,16.73,16.71,16.72,1000,0
2017-11-28,19:55:00,16.72,16.73,16.64,16.73,3600,0
2017-11-28,20:00:00,16.738,16.738,16.64,16.69,3200,0
2017-11-28,20:05:00,16.69,16.9074,16.69,16.88,32076,0
2017-11-28,20:10:00,16.88,16.89,16.86,16.87,5550,0
2017-11-28,20:15:00,16.88,17.01,16.88,17.01,4700,0
2017-11-28,20:20:00,17.01,17.17,17.01,17.169,2400,0
2017-11-28,20:25:00,17.07,17.08,16.98,17.07,47205,0
2017-11-28,20:30:00,17.11,17.12,16.82,16.82,9700,0
2017-11-28,20:35:00,16.87,17,16.82,16.95,6361,0
2017-11-28,20:40:00,16.95,17.0269,16.9212,16.95,1567,0
2017-11-28,20:45:00,16.95,16.97,16.93,16.96,1100,0
2017-11-28,20:50:00,16.955,17,16.92,17,4919,0
2017-11-28,20:55:00,17,17,16.83,16.83,5894,0
2017-11-28,21:00:00,16.78,16.98,16.78,16.98,2600,0
2017-11-28,21:05:00,17.19,17.2,17.04,17.12,3200,0
2017-11-28,21:10:00,17.05,17.475,17.05,17.47,6000,0
2017-11-28,21:15:00,17.35,17.48,17.2,17.2,4200,0
2017-11-28,21:20:00,17.31,17.31,17.01,17.155,9088,0
2017-11-28,21:25:00,17.16,17.21,16.905,17.07,13200,0
2017-11-28,21:30:00,17.13,17.19,17.06,17.09,2300,0
2017-11-28,21:35:00,17.09,17.11,17,17.085,12956,0
2017-11-28,21:40:00,17.06,17.11,16.9,16.9,14286,0
2017-11-28,21:45:00,16.9,17.01,16.76,16.81,29813,0
2017-11-28,21:50:00,16.81,16.91,16.81,16.81,38114,0
2017-11-28,21:55:00,16.825,16.93,16.81,16.87,33458,0
2017-11-28,22:00:00,16.87,17.02,16.83,16.97,318561,0
2017-11-29,15:35:00,16.82,16.82,16.596,16.63,4978,0
2017-11-29,15:40:00,16.78,16.78,16.6401,16.715,700,0
2017-11-29,15:45:00,16.6804,16.77,16.65,16.77,700,0
2017-11-29,15:50:00,16.77,16.81,16.77,16.81,300,0
2017-11-29,15:55:00,16.9,17.04,16.74,16.905,1500,0
2017-11-29,16:00:00,17.08,17.08,16.76,16.77,10398,0
2017-11-29,16:05:00,16.76,16.9,16.6,16.6,7167,0
2017-11-29,16:10:00,16.64,16.69,16.64,16.69,300,0
2017-11-29,16:15:00,16.699,16.88,16.68,16.8336,1983,0
2017-11-29,16:20:00,16.84,16.84,16.7,16.7,1000,0
2017-11-29,16:25:00,16.62,16.62,16.62,16.62,300,0
2017-11-29,16:30:00,16.7,16.79,16.7,16.77,1300,0
2017-11-29,16:35:00,16.79,16.87,16.75,16.77,4700,0
2017-11-29,16:40:00,16.82,16.82,16.82,16.82,300,0
2017-11-29,16:45:00,16.86,16.86,16.78,16.86,800,0
2017-11-29,16:50:00,16.82,16.85,16.77,16.815,900,0
2017-11-29,16:55:00,16.85,16.86,16.77,16.77,700,0
2017-11-29,17:00:00,16.83,16.85,16.78,16.78,1800,0
2017-11-29,17:05:00,16.78,16.785,16.7,16.7,4600,0
2017-11-29,17:10:00,16.715,16.72,16.7,16.72,1900,0
2017-11-29,17:15:00,16.715,16.8,16.71,16.77,6600,0
2017-11-29,17:20:00,16.78,16.78,16.53,16.53,9400,0
2017-11-29,17:25:00,16.515,16.65,16.5,16.5,13100,0
2017-11-29,17:30:00,16.5,16.635,16.5,16.635,1950,0
2017-11-29,17:35:00,16.65,16.65,16.485,16.57,6300,0
2017-11-29,17:40:00,16.59,16.6,16.59,16.59,300,0
2017-11-29,17:45:00,16.61,16.71,16.61,16.68,600,0
2017-11-29,17:50:00,16.72,16.74,16.65,16.74,900,0
2017-11-29,17:55:00,16.74,16.77,16.74,16.77,498,0
2017-11-29,18:00:00,16.775,16.84,16.695,16.695,4500,0
2017-11-29,18:05:00,16.76,16.78,16.75,16.765,2402,0
2017-11-29,18:10:00,16.73,16.82,16.73,16.75,3600,0
2017-11-29,18:15:00,16.81,16.82,16.7,16.7,1900,0
2017-11-29,18:20:00,16.715,16.75,16.715,16.74,700,0
2017-11-29,18:25:00,16.74,16.74,16.73,16.73,500,0
2017-11-29,18:30:00,16.74,16.74,16.68,16.74,500,0
2017-11-29,18:35:00,16.7,16.75,16.68,16.75,400,0
2017-11-29,18:40:00,16.705,16.75,16.705,16.75,600,0
2017-11-29,18:50:00,16.76,16.76,16.68,16.75,600,0
2017-11-29,18:55:00,16.715,16.75,16.69,16.715,1610,0
2017-11-29,19:00:00,16.72,16.72,16.67,16.694,1300,0
2017-11-29,19:05:00,16.67,16.702,16.6405,16.65,3225,0
2017-11-29,19:10:00,16.65,16.65,16.6,16.6499,6810,0
2017-11-29,19:15:00,16.66,16.72,16.66,16.69,1961,0
2017-11-29,19:20:00,16.69,16.71,16.69,16.71,400,0
2017-11-29,19:25:00,16.69,16.69,16.68,16.68,700,0
2017-11-29,19:30:00,16.675,16.675,16.57,16.57,1300,0
2017-11-29,19:35:00,16.55,16.57,16.55,16.57,200,0
2017-11-29,19:40:00,16.54,16.58,16.41,16.42,2300,0
2017-11-29,19:45:00,16.37,16.48,16.37,16.4,3400,0
2017-11-29,19:50:00,16.42,16.49,16.42,16.42,1000,0
2017-11-29,19:55:00,16.46,16.46,16.4,16.43,3200,0
2017-11-29,20:00:00,16.41,16.43,16.27,16.33,9815,0
2017-11-29,20:05:00,16.29,16.32,16.13,16.295,10789,0
2017-11-29,20:10:00,16.335,16.335,15.81,15.81,21161,0
2017-11-29,20:15:00,15.87,16.26,15.86,16.25,21100,0
2017-11-29,20:20:00,16.255,16.39,16.14,16.25,20450,0
2017-11-29,20:25:00,16.38,16.38,16.12,16.16,4000,0
2017-11-29,20:30:00,16.19,16.47,16.19,16.3,3780,0
2017-11-29,20:35:00,16.34,16.49,16.25,16.49,4200,0
2017-11-29,20:40:00,16.44,16.62,16.44,16.62,2420,0
2017-11-29,20:45:00,16.64,16.675,16.49,16.49,6020,0
2017-11-29,20:50:00,16.54,16.66,16.54,16.59,5141,0
2017-11-29,20:55:00,16.63,16.63,16.52,16.56,2200,0
2017-11-29,21:00:00,16.58,16.5895,16.22,16.23,3900,0
2017-11-29,21:05:00,16.3,16.52,16.29,16.42,3500,0
2017-11-29,21:10:00,16.47,16.67,16.47,16.5,4600,0
2017-11-29,21:15:00,16.495,16.58,16.43,16.54,3814,0
2017-11-29,21:20:00,16.545,16.58,16.42,16.52,4893,0
2017-11-29,21:25:00,16.52,16.57,16.49,16.57,1900,0
2017-11-29,21:30:00,16.57,16.65,16.42,16.42,5257,0
2017-11-29,21:35:00,16.41,16.81,16.4,16.77,7500,0
2017-11-29,21:40:00,16.73,16.73,16.595,16.62,2800,0
2017-11-29,21:45:00,16.595,16.74,16.595,16.65,10583,0
2017-11-29,21:50:00,16.62,16.74,16.61,16.73,8738,0
2017-11-29,21:55:00,16.72,16.79,16.62,16.655,10355,0
2017-11-29,22:00:00,16.64,16.67,16.61,16.62,17665,0
2017-11-30,15:35:00,16.58,16.89,16.58,16.89,521,0
2017-11-30,15:40:00,16.91,16.91,16.9,16.9,300,0
2017-11-30,15:45:00,16.92,16.92,16.9,16.9,200,0
2017-11-30,15:50:00,16.89,16.89,16.86,16.86,300,0
2017-11-30,15:55:00,16.79,16.93,16.78,16.93,600,0
2017-11-30,16:00:00,16.89,16.89,16.87,16.87,300,0
2017-11-30,16:05:00,16.87,16.87,16.7,16.75,900,0
2017-11-30,16:10:00,16.96,16.96,16.89,16.89,300,0
2017-11-30,16:15:00,16.89,16.97,16.89,16.91,300,0
2017-11-30,16:20:00,16.91,16.94,16.775,16.775,400,0
2017-11-30,16:25:00,16.91,16.91,16.87,16.87,300,0
2017-11-30,16:30:00,16.87,16.87,16.87,16.87,300,0
2017-11-30,16:35:00,16.63,16.85,16.63,16.79,1800,0
2017-11-30,16:40:00,16.77,16.82,16.66,16.82,1700,0
2017-11-30,16:45:00,16.79,16.92,16.79,16.87,400,0
2017-11-30,16:50:00,16.9,16.9,16.74,16.86,3700,0
2017-11-30,16:55:00,16.84,16.86,16.84,16.86,700,0
2017-11-30,17:00:00,16.8502,16.94,16.85,16.94,1400,0
2017-11-30,17:05:00,16.95,16.95,16.9,16.92,600,0
2017-11-30,17:10:00,16.91,16.97,16.91,16.92,1685,0
2017-11-30,17:15:00,16.965,16.965,16.9,16.93,1400,0
2017-11-30,17:20:00,16.94,17,16.93,17,2900,0
2017-11-30,17:25:00,17,17.09,16.98,17.09,13700,0
2017-11-30,17:30:00,17.1,17.23,17.08,17.23,2041,0
2017-11-30,17:35:00,17.34,17.46,17.21,17.34,1500,0
2017-11-30,17:40:00,17.34,17.53,17.2,17.53,15646,0
2017-11-30,17:45:00,17.53,17.53,17.41,17.45,5700,0
2017-11-30,17:50:00,17.455,17.455,17.385,17.395,2900,0
2017-11-30,17:55:00,17.38,17.4,17.15,17.15,3000,0
2017-11-30,18:00:00,16.95,17.07,16.95,17.05,4600,0
2017-11-30,18:05:00,17.07,17.175,16.92,17.13,1500,0
2017-11-30,18:10:00,17.265,17.4,17.09,17.23,4000,0
2017-11-30,18:15:00,17.3,17.3,17.14,17.18,3146,0
2017-11-30,18:20:00,17.23,17.29,17.19,17.24,1500,0
2017-11-30,18:25:00,17.225,17.36,17.225,17.36,1200,0
2017-11-30,18:30:00,17.46,17.48,17.2,17.2,10900,0
2017-11-30,18:35:00,17.15,17.3,17.15,17.3,1600,0
2017-11-30,18:40:00,17.34,17.4,17.3,17.4,5700,0
2017-11-30,18:45:00,17.36,17.49,17.32,17.49,4287,0
2017-11-30,18:50:00,17.5,17.95,17.48,17.55,7612,0
2017-11-30,18:55:00,17.55,17.6,17.45,17.47,12300,0
2017-11-30,19:00:00,17.5,17.56,17.36,17.52,7794,0
2017-11-30,19:05:00,17.52,17.64,17.48,17.6,12500,0
2017-11-30,19:10:00,17.57,17.6,17.57,17.58,800,0
2017-11-30,19:15:00,17.575,17.575,17.44,17.46,19500,0
2017-11-30,19:20:00,17.485,17.54,17.4101,17.4101,1000,0
2017-11-30,19:25:00,17.34,17.41,17.34,17.41,300,0
2017-11-30,19:30:00,17.31,17.42,17.31,17.42,700,0
2017-11-30,19:35:00,17.33,17.42,17.33,17.35,800,0
2017-11-30,19:40:00,17.375,17.43,17.33,17.43,1550,0
2017-11-30,19:45:00,17.47,17.71,17.46,17.7,3486,0
2017-11-30,19:50:00,17.65,17.65,17.43,17.6,5141,0
2017-11-30,19:55:00,17.57,17.57,17.39,17.4,1656,0
2017-11-30,20:00:00,17.42,17.6,17.42,17.54,4040,0
2017-11-30,20:05:00,17.54,17.55,17.48,17.55,1200,0
2017-11-30,20:10:00,17.515,17.55,17.49,17.49,1500,0
2017-11-30,20:15:00,17.57,17.59,17.57,17.59,400,0
2017-11-30,20:20:00,17.58,17.6,17.57,17.6,800,0
2017-11-30,20:25:00,17.6,17.6,17.5,17.5,3600,0
2017-11-30,20:30:00,17.465,17.55,17.465,17.525,2300,0
2017-11-30,20:35:00,17.55,17.55,17.5,17.54,1578,0
2017-11-30,20:40:00,17.53,17.53,17.34,17.36,3222,0
2017-11-30,20:45:00,17.395,17.43,17.36,17.39,1300,0
2017-11-30,20:50:00,17.42,17.42,17.3,17.345,5400,0
2017-11-30,20:55:00,17.35,17.44,17.151,17.19,9612,0
2017-11-30,21:00:00,17.13,17.2,17.09,17.09,7328,0
2017-11-30,21:05:00,17.09,17.175,16.93,17,14205,0
2017-11-30,21:10:00,17,17.09,16.98,17.01,8565,0
2017-11-30,21:15:00,17.01,17.06,17,17.05,4140,0
2017-11-30,21:20:00,17.04,17.32,16.9901,17.23,12299,0
2017-11-30,21:25:00,17.27,17.38,17.23,17.33,6300,0
2017-11-30,21:30:00,17.33,17.37,17.29,17.35,7500,0
2017-11-30,21:35:00,17.335,17.35,17.15,17.29,10197,0
2017-11-30,21:40:00,17.3,17.485,17.3,17.35,13106,0
2017-11-30,21:45:00,17.36,17.4,17.36,17.38,5700,0
2017-11-30,21:50:00,17.4,17.4,17.38,17.39,3600,0
2017-11-30,21:55:00,17.39,17.41,17.3302,17.35,21994,0
2017-11-30,22:00:00,17.35,17.41,17.35,17.4,47746,0
2017-12-01,15:35:00,17.41,17.41,17.41,17.41,729,0
2017-12-01,15:55:00,17.51,17.51,17.51,17.51,100,0
2017-12-01,16:05:00,17.59,17.59,17.59,17.59,100,0
2017-12-01,16:10:00,17.59,17.59,17.59,17.59,100,0
2017-12-01,16:20:00,17.2445,17.2445,17.2445,17.2445,200,0
2017-12-01,16:25:00,17.15,17.15,17.15,17.15,100,0
2017-12-01,16:30:00,17.15,17.24,16.93,17.24,9918,0
2017-12-01,16:35:00,17.24,17.535,17.24,17.45,7512,0
2017-12-01,16:40:00,17.24,17.54,17.24,17.54,300,0
2017-12-01,16:45:00,17.54,17.54,17.12,17.28,2250,0
2017-12-01,16:50:00,17.38,17.41,17.35,17.35,1058,0
2017-12-01,16:55:00,17.06,17.36,17.06,17.36,1900,0
2017-12-01,17:00:00,17.25,17.47,17.22,17.33,1800,0
2017-12-01,17:05:00,17.37,17.4,17.275,17.4,300,0
2017-12-01,17:10:00,17.26,17.26,17.1843,17.24,1475,0
2017-12-01,17:15:00,17.21,17.21,17.18,17.18,200,0
2017-12-01,17:20:00,17.17,17.17,17.17,17.17,100,0
2017-12-01,17:25:00,17.085,17.12,17.085,17.12,1501,0
2017-12-01,17:30:00,17.06,17.06,17.06,17.06,100,0
2017-12-01,17:35:00,17.14,17.14,17.14,17.14,500,0
2017-12-01,17:40:00,17.15,17.15,16.97,16.97,300,0
2017-12-01,17:45:00,17.045,17.045,17.045,17.045,100,0
2017-12-01,17:50:00,17.14,17.14,16.88,16.9,1500,0
2017-12-01,17:55:00,16.83,16.975,16.83,16.975,300,0
2017-12-01,18:00:00,16.87,17.14,16.85,17.12,700,0
2017-12-01,18:05:00,17.12,17.14,16.88,17.13,1600,0
2017-12-01,18:10:00,17.14,17.23,17.11,17.14,6895,0
2017-12-01,18:15:00,17.16,17.24,17.125,17.125,3300,0
2017-12-01,18:20:00,17.11,17.195,17.06,17.14,1100,0
2017-12-01,18:25:00,17.14,17.25,17.08,17.09,1699,0
2017-12-01,18:30:00,17.12,17.15,17.03,17.0561,770,0
2017-12-01,18:35:00,17.15,17.15,17.01,17.105,300,0
2017-12-01,18:40:00,17.22,17.22,17.02,17.115,500,0
2017-12-01,18:45:00,17.2,17.24,17.15,17.15,400,0
2017-12-01,18:50:00,17.17,17.17,17.17,17.17,500,0
2017-12-01,18:55:00,17.16,17.16,17.075,17.14,800,0
2017-12-01,19:00:00,17.14,17.14,17.065,17.12,1600,0
2017-12-01,19:05:00,17.12,17.12,17.04,17.09,2018,0
2017-12-01,19:10:00,17.09,17.09,17.01,17.09,900,0
2017-12-01,19:15:00,17.09,17.09,17.05,17.05,900,0
2017-12-01,19:20:00,17.05,17.05,17.01,17.05,800,0
2017-12-01,19:25:00,17.05,17.08,17,17.08,1000,0
2017-12-01,19:30:00,17.08,17.14,17.08,17.14,1400,0
2017-12-01,19:35:00,17.14,17.22,17.13,17.22,1700,0
2017-12-01,19:40:00,17.22,17.22,17.2,17.22,1200,0
2017-12-01,19:45:00,17.22,17.22,17.1,17.19,800,0
2017-12-01,19:50:00,17.19,17.19,17.19,17.19,700,0
2017-12-01,19:55:00,17.19,17.19,17.15,17.16,900,0
2017-12-01,20:00:00,17.09,17.14,17.075,17.1,3700,0
2017-12-01,20:05:00,17.1,17.1,16.87,16.87,700,0
2017-12-01,20:10:00,17.06,17.06,16.86,16.99,1700,0
2017-12-01,20:15:00,17.02,17.02,16.8847,17,500,0
2017-12-01,20:20:00,16.99,17.03,16.86,16.955,5800,0
2017-12-01,20:25:00,16.95,17,16.95,16.98,1000,0
2017-12-01,20:30:00,16.925,17.13,16.925,17.13,3500,0
2017-12-01,20:35:00,17.065,17.065,17.04,17.05,800,0
2017-12-01,20:40:00,17.06,17.09,17.05,17.055,1600,0
2017-12-01,20:45:00,17.08,17.09,17.03,17.065,1985,0
2017-12-01,20:50:00,17.06,17.11,17.02,17.055,2100,0
2017-12-01,20:55:00,17.05,17.08,17.03,17.03,900,0
2017-12-01,21:00:00,17.02,17.06,17.02,17.06,200,0
2017-12-01,21:05:00,17.06,17.11,17.06,17.095,805,0
2017-12-01,21:10:00,17.14,17.345,17.14,17.345,600,0
2017-12-01,21:15:00,17.21,17.31,17.195,17.31,3400,0
2017-12-01,21:20:00,17.31,17.34,17.005,17.17,2000,0
2017-12-01,21:25:00,17.17,17.29,17,17.105,1900,0
2017-12-01,21:30:00,17.325,17.46,17.11,17.29,1903,0
2017-12-01,21:35:00,17.255,17.28,17.14,17.17,3192,0
2017-12-01,21:40:00,17.155,17.17,17.1,17.115,2910,0
2017-12-01,21:45:00,17.14,17.16,17.07,17.115,7781,0
2017-12-01,21:50:00,17.14,17.19,17.14,17.165,4073,0
2017-12-01,21:55:00,17.165,17.2,17.1,17.12,7884,0
2017-12-01,22:00:00,17.13,17.29,17.11,17.25,16517,0
2017-12-04,15:35:00,17.21,17.21,17.21,17.21,441,0
2017-12-04,15:55:00,17.03,17.44,17.01,17.44,300,0
2017-12-04,16:15:00,17.3406,17.3406,17.3406,17.3406,1000,0
2017-12-04,16:25:00,17.61,17.71,17.61,17.71,200,0
2017-12-04,16:40:00,17.61,17.69,17.5483,17.69,2400,0
2017-12-04,16:55:00,17.33,17.33,17.33,17.33,100,0
2017-12-04,17:05:00,17.43,17.43,17.43,17.43,100,0
2017-12-04,17:10:00,17.6,17.63,17.51,17.57,2200,0
2017-12-04,17:15:00,17.5,17.62,17.5,17.62,1000,0
2017-12-04,17:20:00,17.5,17.56,17.36,17.56,700,0
2017-12-04,17:25:00,17.58,17.58,17.58,17.58,200,0
2017-12-04,17:35:00,17.5192,17.5192,17.37,17.37,1200,0
2017-12-04,17:40:00,17.569,17.569,17.38,17.49,2600,0
2017-12-04,17:45:00,17.51,17.51,17.51,17.51,100,0
2017-12-04,17:50:00,17.5,17.625,17.5,17.625,600,0
2017-12-04,18:00:00,17.63,17.67,17.555,17.555,1400,0
2017-12-04,18:05:00,17.5,17.5,17.48,17.49,800,0
2017-12-04,18:10:00,17.49,17.57,17.49,17.57,1100,0
2017-12-04,18:15:00,17.5,17.5,17.5,17.5,100,0
2017-12-04,18:20:00,17.5526,17.5526,17.5526,17.5526,1000,0
2017-12-04,18:25:00,17.42,17.42,17.42,17.42,100,0
2017-12-04,18:30:00,17.42,17.42,17.42,17.42,100,0
2017-12-04,18:35:00,17.5,17.5,17.46,17.48,1600,0
2017-12-04,18:40:00,17.48,17.48,17.39,17.39,2270,0
2017-12-04,18:45:00,17.45,17.49,17.449,17.49,1100,0
2017-12-04,18:50:00,17.48,17.52,17.4499,17.4499,3000,0
2017-12-04,18:55:00,17.48,17.48,17.48,17.48,300,0
2017-12-04,19:00:00,17.44,17.44,17.44,17.44,1200,0
2017-12-04,19:20:00,17.5,17.5,17.5,17.5,300,0
2017-12-04,19:35:00,17.525,17.525,17.4901,17.4901,200,0
2017-12-04,19:40:00,17.49,17.49,17.49,17.49,300,0
2017-12-04,19:50:00,17.53,17.53,17.53,17.53,100,0
2017-12-04,19:55:00,17.48,17.49,17.45,17.45,1529,0
2017-12-04,20:00:00,17.4455,17.4455,17.27,17.381,4800,0
2017-12-04,20:05:00,17.4,17.4,17.36,17.4,500,0
2017-12-04,20:10:00,17.43,17.445,17.43,17.445,700,0
2017-12-04,20:15:00,17.48,17.48,17.39,17.41,3900,0
2017-12-04,20:20:00,17.45,17.45,17.41,17.42,1100,0
2017-12-04,20:25:00,17.4699,17.4699,17.4699,17.4699,100,0
2017-12-04,20:35:00,17.45,17.45,17.27,17.32,11703,0
2017-12-04,20:40:00,17.32,17.33,17.23,17.23,1218,0
2017-12-04,20:45:00,17.25,17.3,17.2,17.28,5500,0
2017-12-04,20:50:00,17.2999,17.41,17.25,17.41,1300,0
2017-12-04,20:55:00,17.47,17.47,17.41,17.44,800,0
2017-12-04,21:00:00,17.46,17.46,17.37,17.37,989,0
2017-12-04,21:15:00,17.43,17.44,17.43,17.43,400,0
2017-12-04,21:20:00,17.39,17.45,17.35,17.36,3700,0
2017-12-04,21:25:00,17.35,17.35,17.35,17.35,200,0
2017-12-04,21:30:00,17.35,17.35,17.3,17.3,2846,0
2017-12-04,21:35:00,17.33,17.33,17.33,17.33,300,0
2017-12-04,21:40:00,17.33,17.34,17.24,17.24,5352,0
2017-12-04,21:45:00,17.26,17.29,17.2,17.2,6643,0
2017-12-04,21:50:00,17.21,17.22,17.16,17.16,3200,0
2017-12-04,21:55:00,17.15,17.2099,17.15,17.15,6077,0
2017-12-04,22:00:00,17.19,17.26,17.16,17.18,7088,0
2017-12-05,15:35:00,17.28,17.28,17.28,17.28,749,0
2017-12-05,15:50:00,17.29,17.29,17.29,17.29,100,0
2017-12-05,15:55:00,17.39,17.39,17.39,17.39,100,0
2017-12-05,16:05:00,17.22,17.22,17.19,17.19,200,0
2017-12-05,16:10:00,17.2,17.42,17.2,17.27,1300,0
2017-12-05,16:15:00,17.19,17.2,17.15,17.15,500,0
2017-12-05,16:20:00,17.12,17.12,16.96,16.96,400,0
2017-12-05,16:25:00,16.89,16.89,16.84,16.84,200,0
2017-12-05,16:30:00,17.1,17.13,17.1,17.13,200,0
2017-12-05,16:35:00,17.07,17.07,17.06,17.06,400,0
2017-12-05,16:40:00,17.07,17.07,16.93,16.93,548,0
2017-12-05,16:45:00,16.94,16.96,16.93,16.93,300,0
2017-12-05,16:50:00,17.09,17.09,16.96,17.025,700,0
2017-12-05,16:55:00,16.94,16.98,16.91,16.91,1100,0
2017-12-05,17:00:00,16.92,16.98,16.9,16.9,1417,0
2017-12-05,17:05:00,16.9,16.91,16.85,16.85,1544,0
2017-12-05,17:10:00,16.8,16.8,16.63,16.7,3300,0
2017-12-05,17:15:00,16.65,16.88,16.65,16.78,2500,0
2017-12-05,17:20:00,16.87,16.88,16.808,16.81,1341,0
2017-12-05,17:25:00,16.75,16.81,16.75,16.8,1500,0
2017-12-05,17:30:00,16.87,16.88,16.74,16.74,2500,0
2017-12-05,17:35:00,16.725,16.9,16.7107,16.83,4933,0
2017-12-05,17:40:00,16.93,17,16.93,17,5100,0
2017-12-05,17:45:00,16.9,16.9,16.83,16.84,400,0
2017-12-05,17:50:00,16.8,16.8,16.75,16.75,400,0
2017-12-05,17:55:00,16.76,16.8,16.76,16.76,660,0
2017-12-05,18:00:00,16.74,16.84,16.5,16.52,1800,0
2017-12-05,18:05:00,16.66,16.75,16.61,16.68,2000,0
2017-12-05,18:10:00,17,17,16.86,16.86,500,0
2017-12-05,18:15:00,16.88,16.88,16.87,16.87,400,0
2017-12-05,18:20:00,16.72,16.78,16.72,16.73,300,0
2017-12-05,18:25:00,16.82,16.83,16.82,16.83,1200,0
2017-12-05,18:30:00,16.88,16.88,16.86,16.871,616,0
2017-12-05,18:35:00,16.9,16.93,16.9,16.93,500,0
2017-12-05,18:45:00,16.98,17.08,16.92,17.03,11089,0
2017-12-05,18:55:00,17.12,17.12,17.12,17.12,100,0
2017-12-05,19:00:00,17.04,17.04,17.04,17.04,200,0
2017-12-05,19:05:00,17,17,17,17,500,0
2017-12-05,19:10:00,17,17.0246,17,17,500,0
2017-12-05,19:15:00,17.0386,17.04,17.0386,17.04,500,0
2017-12-05,19:20:00,17.01,17.01,17.01,17.01,100,0
2017-12-05,19:30:00,17.02,17.1,17.02,17.1,2100,0
2017-12-05,19:35:00,17.12,17.14,17.07,17.07,1822,0
2017-12-05,19:45:00,17.04,17.04,17.04,17.04,100,0
2017-12-05,19:55:00,17.22,17.22,16.94,16.98,5500,0
2017-12-05,20:05:00,16.95,17.02,16.86,17,6574,0
2017-12-05,20:10:00,17,17,17,17,100,0
2017-12-05,20:15:00,17.025,17.025,16.9,16.92,2500,0
2017-12-05,20:20:00,16.92,17,16.92,17,4640,0
2017-12-05,20:30:00,17,17,16.975,16.98,4200,0
2017-12-05,20:35:00,16.98,16.99,16.98,16.985,700,0
2017-12-05,20:40:00,16.985,17.04,16.985,17,5304,0
2017-12-05,20:45:00,17.04,17.055,17.02,17.02,400,0
2017-12-05,20:55:00,17.1,17.1,17.03,17.03,200,0
2017-12-05,21:05:00,17.02,17.02,17.02,17.02,200,0
2017-12-05,21:10:00,17.04,17.05,17.03,17.03,700,0
2017-12-05,21:15:00,17.04,17.04,16.93,16.93,3000,0
2017-12-05,21:20:00,16.98,16.99,16.87,16.88,8200,0
2017-12-05,21:25:00,16.86,16.92,16.83,16.91,10500,0
2017-12-05,21:30:00,16.96,17.01,16.96,17.01,1172,0
2017-12-05,21:35:00,17.01,17.02,17,17,1770,0
2017-12-05,21:40:00,17.0095,17.03,17,17.015,1300,0
2017-12-05,21:45:00,17.015,17.05,17,17.045,11865,0
2017-12-05,21:50:00,17.03,17.03,16.93,17,14710,0
2017-12-05,21:55:00,17.01,17.01,17,17,2100,0
2017-12-05,22:00:00,17,17.02,17,17,9359,0
2017-12-06,15:35:00,16.92,16.92,16.92,16.92,338,0
2017-12-06,16:05:00,17.04,17.14,16.77,16.77,2500,0
2017-12-06,16:10:00,16.97,17.12,16.87,17,4900,0
2017-12-06,16:15:00,17,17,17,17,300,0
2017-12-06,16:20:00,16.91,16.91,16.725,16.725,503,0
2017-12-06,16:25:00,16.91,16.91,16.85,16.9,500,0
2017-12-06,16:30:00,16.71,16.71,16.7,16.7,200,0
2017-12-06,16:35:00,16.69,16.75,16.5,16.5,4300,0
2017-12-06,16:40:00,16.555,16.825,16.555,16.61,2000,0
2017-12-06,16:45:00,16.7441,16.745,16.55,16.55,2900,0
2017-12-06,16:50:00,16.51,16.67,16.51,16.67,300,0
2017-12-06,16:55:00,16.6,16.6,16.6,16.6,400,0
2017-12-06,17:00:00,16.515,16.515,16.515,16.515,100,0
2017-12-06,17:05:00,16.51,16.51,16.5,16.5,200,0
2017-12-06,17:15:00,16.47,16.63,16.44,16.62,1500,0
2017-12-06,17:20:00,16.64,16.79,16.425,16.79,1600,0
2017-12-06,17:25:00,16.77,16.97,16.69,16.83,11100,0
2017-12-06,17:30:00,17.015,17.03,16.9,17.02,2200,0
2017-12-06,17:35:00,16.87,16.99,16.81,16.86,3600,0
2017-12-06,17:40:00,16.9,16.9,16.68,16.72,8250,0
2017-12-06,17:45:00,16.83,16.9,16.82,16.83,1800,0
2017-12-06,17:50:00,16.905,16.905,16.84,16.84,500,0
2017-12-06,17:55:00,16.895,16.895,16.84,16.89,600,0
2017-12-06,18:00:00,16.9,16.91,16.87,16.91,777,0
2017-12-06,18:05:00,16.93,16.95,16.93,16.95,400,0
2017-12-06,18:10:00,16.97,16.97,16.945,16.945,200,0
2017-12-06,18:20:00,16.99,17.05,16.94,16.94,900,0
2017-12-06,18:25:00,17.08,17.17,16.97,16.97,300,0
2017-12-06,18:30:00,17.05,17.05,16.895,16.895,400,0
2017-12-06,18:35:00,16.93,17.02,16.77,17,5100,0
2017-12-06,18:40:00,16.99,16.99,16.84,16.865,1300,0
2017-12-06,18:45:00,16.975,16.99,16.87,16.97,1100,0
2017-12-06,18:50:00,16.95,17.05,16.84,16.89,7685,0
2017-12-06,18:55:00,16.99,16.99,16.89,16.98,1000,0
2017-12-06,19:00:00,16.98,16.99,16.71,16.845,9001,0
2017-12-06,19:05:00,16.93,17,16.78,16.93,7379,0
2017-12-06,19:10:00,16.95,16.98,16.74,16.94,4240,0
2017-12-06,19:15:00,16.97,16.98,16.795,16.95,8117,0
2017-12-06,19:20:00,16.95,16.95,16.735,16.81,8800,0
2017-12-06,19:25:00,16.78,16.95,16.77,16.81,2463,0
2017-12-06,19:30:00,16.875,16.93,16.76,16.76,3243,0
2017-12-06,19:35:00,16.82,16.87,16.76,16.785,2200,0
2017-12-06,19:40:00,16.87,16.89,16.685,16.88,3312,0
2017-12-06,19:45:00,16.85,16.92,16.8,16.85,1800,0
2017-12-06,19:50:00,16.87,16.92,16.7,16.85,6200,0
2017-12-06,19:55:00,16.89,16.92,16.78,16.825,2835,0
2017-12-06,20:00:00,16.85,16.85,16.78,16.82,2000,0
2017-12-06,20:05:00,16.82,16.9,16.77,16.85,11900,0
2017-12-06,20:10:00,16.8,16.82,16.76,16.82,1200,0
2017-12-06,20:15:00,16.785,16.805,16.56,16.62,1500,0
2017-12-06,20:20:00,16.55,16.705,16.52,16.65,1500,0
2017-12-06,20:25:00,16.51,16.68,16.465,16.53,3048,0
2017-12-06,20:30:00,16.47,16.625,16.295,16.32,4200,0
2017-12-06,20:35:00,16.285,16.4868,16.24,16.45,6300,0
2017-12-06,20:40:00,16.5,16.575,16.42,16.44,5100,0
2017-12-06,20:45:00,16.5,16.595,16.445,16.55,3340,0
2017-12-06,20:50:00,16.525,16.64,16.49,16.51,4500,0
2017-12-06,20:55:00,16.53,16.53,16.48,16.48,1400,0
2017-12-06,21:00:00,16.52,16.52,16.52,16.52,200,0
2017-12-06,21:05:00,16.52,16.52,16.49,16.515,900,0
2017-12-06,21:10:00,16.515,16.55,16.5,16.515,500,0
2017-12-06,21:15:00,16.515,16.53,16.48,16.515,4210,0
2017-12-06,21:20:00,16.5,16.56,16.465,16.465,14093,0
2017-12-06,21:25:00,16.5,16.54,16.4547,16.525,4000,0
2017-12-06,21:30:00,16.525,16.57,16.465,16.5,3288,0
2017-12-06,21:35:00,16.475,16.55,16.475,16.534,2900,0
2017-12-06,21:40:00,16.52,16.55,16.5,16.52,4000,0
2017-12-06,21:45:00,16.5,16.54,16.5,16.52,4271,0
2017-12-06,21:50:00,16.52,16.55,16.4757,16.53,6260,0
2017-12-06,21:55:00,16.495,16.53,16.49,16.5,4100,0
2017-12-06,22:00:00,16.515,16.57,16.47,16.57,10366,0
