Date,Time,Open,High,Low,Close,Volume,OpenInt
2017-11-16,15:35:00,19.96,20.34,19.82,20.34,25004,0
2017-11-16,15:40:00,20.2785,20.6899,20.2785,20.515,22744,0
2017-11-16,15:45:00,20.55,20.715,20.499,20.499,13268,0
2017-11-16,15:50:00,20.575,20.87,20.57,20.69,3065,0
2017-11-16,15:55:00,20.69,20.82,20.64,20.81,16451,0
2017-11-16,16:00:00,20.8,20.82,20.75,20.8,9950,0
2017-11-16,16:05:00,20.75,20.8,20.75,20.77,4393,0
2017-11-16,16:10:00,20.8,20.84,20.77,20.83,9104,0
2017-11-16,16:15:00,20.8,20.8,20.63,20.637,21143,0
2017-11-16,16:20:00,20.69,20.84,20.66,20.75,7715,0
2017-11-16,16:25:00,20.79,20.8,20.66,20.71,12531,0
2017-11-16,16:30:00,20.7,20.7,20.51,20.68,7700,0
2017-11-16,16:35:00,20.64,20.65,20.45,20.45,16707,0
2017-11-16,16:40:00,20.485,20.52,20.485,20.5,900,0
2017-11-16,16:45:00,20.49,20.715,20.49,20.65,7421,0
2017-11-16,16:50:00,20.62,20.64,20.57,20.595,2900,0
2017-11-16,17:00:00,20.605,20.605,20.58,20.59,1900,0
2017-11-16,17:05:00,20.6,20.605,20.58,20.59,2000,0
2017-11-16,17:10:00,20.6,20.71,20.59,20.69,14265,0
2017-11-16,17:15:00,20.68,20.68,20.67,20.67,700,0
2017-11-16,17:20:00,20.65,20.69,20.65,20.69,2100,0
2017-11-16,17:25:00,20.69,20.79,20.67,20.73,17017,0
2017-11-16,17:30:00,20.75,20.77,20.71,20.77,3438,0
2017-11-16,17:35:00,20.7,20.7,20.7,20.7,100,0
2017-11-16,17:40:00,20.735,20.735,20.7,20.72,3825,0
2017-11-16,17:45:00,20.73,20.75,20.73,20.75,4450,0
2017-11-16,17:50:00,20.75,20.87,20.75,20.787,14693,0
2017-11-16,17:55:00,20.85,20.85,20.8,20.8,900,0
2017-11-16,18:00:00,20.82,20.84,20.78,20.84,10071,0
2017-11-16,18:05:00,20.84,20.86,20.82,20.86,3290,0
2017-11-16,18:10:00,20.865,20.89,20.84,20.8401,2809,0
2017-11-16,18:15:00,20.87,20.9,20.87,20.88,2227,0
2017-11-16,18:20:00,20.91,20.96,20.89,20.9303,4485,0
2017-11-16,18:25:00,20.93,20.95,20.9,20.95,5510,0
2017-11-16,18:30:00,20.95,20.95,20.9344,20.935,900,0
2017-11-16,18:35:00,20.935,20.95,20.83,20.9,9125,0
2017-11-16,18:40:00,20.89,20.89,20.88,20.88,400,0
2017-11-16,18:45:00,20.9,20.9,20.81,20.845,5239,0
2017-11-16,18:50:00,20.845,20.89,20.73,20.8,5763,0
2017-11-16,18:55:00,20.8,20.83,20.76,20.78,2503,0
2017-11-16,19:00:00,20.78,20.87,20.78,20.87,2900,0
2017-11-16,19:05:00,20.86,20.87,20.8525,20.8525,1540,0
2017-11-16,19:10:00,20.875,20.9,20.83,20.84,4365,0
2017-11-16,19:15:00,20.86,20.86,20.82,20.86,1300,0
2017-11-16,19:20:00,20.8,20.82,20.77,20.79,3000,0
2017-11-16,19:25:00,20.82,20.88,20.7606,20.88,8663,0
2017-11-16,19:30:00,20.86,20.88,20.8,20.8,2200,0
2017-11-16,19:35:00,20.8,20.85,20.8,20.8,600,0
2017-11-16,19:40:00,20.83,20.83,20.79,20.8,2200,0
2017-11-16,19:45:00,20.8,20.8,20.65,20.65,11928,0
2017-11-16,19:50:00,20.62,20.62,20.5,20.5601,15590,0
2017-11-16,19:55:00,20.57,20.58,20.56,20.58,300,0
2017-11-16,20:00:00,20.57,20.58,20.55,20.55,2567,0
2017-11-16,20:05:00,20.57,20.63,20.55,20.63,8985,0
2017-11-16,20:10:00,20.72,20.81,20.631,20.69,6075,0
2017-11-16,20:15:00,20.73,20.82,20.7,20.82,3600,0
2017-11-16,20:20:00,20.8,20.8,20.69,20.69,3973,0
2017-11-16,20:25:00,20.7,20.74,20.65,20.66,4925,0
2017-11-16,20:30:00,20.65,20.7,20.6,20.7,4396,0
2017-11-16,20:35:00,20.69,20.7,20.68,20.69,900,0
2017-11-16,20:40:00,20.68,20.7,20.67,20.7,3074,0
2017-11-16,20:45:00,20.7,20.8,20.7,20.795,5750,0
2017-11-16,20:50:00,20.8001,20.8001,20.73,20.73,4780,0
2017-11-16,20:55:00,20.73,20.75,20.71,20.7225,2744,0
2017-11-16,21:00:00,20.71,20.86,20.69,20.86,6937,0
2017-11-16,21:05:00,20.8582,20.9,20.8218,20.885,8225,0
2017-11-16,21:10:00,20.9,20.9,20.831,20.85,4006,0
2017-11-16,21:15:00,20.87,20.87,20.774,20.81,4292,0
2017-11-16,21:20:00,20.78,20.79,20.77,20.77,1800,0
2017-11-16,21:25:00,20.77,20.96,20.77,20.91,12178,0
2017-11-16,21:30:00,20.93,20.93,20.89,20.9,2100,0
2017-11-16,21:35:00,20.87,20.89,20.85,20.89,5910,0
2017-11-16,21:40:00,20.89,20.89,20.84,20.88,5839,0
2017-11-16,21:45:00,20.87,20.93,20.8,20.91,20832,0
2017-11-16,21:50:00,20.91,20.93,20.88,20.93,23372,0
2017-11-16,21:55:00,20.97,20.98,20.935,20.98,6926,0
2017-11-16,22:00:00,20.975,21.02,20.96,20.98,22201,0
2017-11-17,15:35:00,20.59,20.67,20.44,20.64,8832,0
2017-11-17,15:40:00,20.8,20.8,20.7383,20.7383,250,0
2017-11-17,15:45:00,20.74,20.74,20.73,20.74,400,0
2017-11-17,15:50:00,20.71,20.71,20.65,20.65,200,0
2017-11-17,15:55:00,20.7,20.72,20.66,20.66,500,0
2017-11-17,16:00:00,20.61,20.61,20.51,20.51,1902,0
2017-11-17,16:05:00,20.4475,20.64,20.4134,20.55,2860,0
2017-11-17,16:10:00,20.625,20.69,20.55,20.68,3494,0
2017-11-17,16:15:00,20.67,20.7,20.67,20.68,2000,0
2017-11-17,16:20:00,20.625,20.65,20.6,20.6,400,0
2017-11-17,16:25:00,20.65,20.65,20.6,20.65,3255,0
2017-11-17,16:30:00,20.6,20.64,20.6,20.6,300,0
2017-11-17,16:35:00,20.63,20.69,20.6,20.69,6250,0
2017-11-17,16:40:00,20.68,20.7,20.62,20.65,3946,0
2017-11-17,16:45:00,20.64,20.67,20.64,20.67,2550,0
2017-11-17,16:50:00,20.67,20.67,20.64,20.65,2100,0
2017-11-17,16:55:00,20.65,20.665,20.62,20.65,10761,0
2017-11-17,17:00:00,20.665,20.71,20.665,20.67,7794,0
2017-11-17,17:05:00,20.7,20.73,20.7,20.73,1100,0
2017-11-17,17:10:00,20.73,20.84,20.73,20.84,2180,0
2017-11-17,17:15:00,20.88,20.95,20.85,20.85,5060,0
2017-11-17,17:20:00,20.8,20.85,20.8,20.85,1566,0
2017-11-17,17:25:00,20.9,20.92,20.87,20.87,3047,0
2017-11-17,17:30:00,20.86,20.87,20.83,20.83,1458,0
2017-11-17,17:35:00,20.83,20.89,20.83,20.89,1167,0
2017-11-17,17:40:00,20.94,20.94,20.94,20.94,100,0
2017-11-17,17:45:00,20.94,20.96,20.94,20.95,2882,0
2017-11-17,17:50:00,20.96,20.96,20.94,20.95,2148,0
2017-11-17,17:55:00,20.93,20.93,20.8464,20.87,1982,0
2017-11-17,18:00:00,20.8578,20.92,20.8578,20.87,34300,0
2017-11-17,18:05:00,20.85,20.89,20.8,20.84,1200,0
2017-11-17,18:10:00,20.77,20.78,20.61,20.63,4987,0
2017-11-17,18:15:00,20.75,20.75,20.66,20.66,1650,0
2017-11-17,18:20:00,20.71,20.75,20.7,20.75,1000,0
2017-11-17,18:25:00,20.76,20.76,20.73,20.757,1534,0
2017-11-17,18:30:00,20.75,20.75,20.67,20.73,800,0
2017-11-17,18:35:00,20.705,20.71,20.67,20.705,1392,0
2017-11-17,18:40:00,20.67,20.72,20.67,20.69,1400,0
2017-11-17,18:45:00,20.71,20.71,20.361,20.37,37235,0
2017-11-17,18:50:00,20.42,20.51,20.38,20.475,8061,0
2017-11-17,18:55:00,20.455,20.455,20.26,20.32,2866,0
2017-11-17,19:00:00,20.305,20.53,20.305,20.53,3550,0
2017-11-17,19:05:00,20.485,20.54,20.41,20.41,62807,0
2017-11-17,19:10:00,20.41,20.44,20.14,20.14,4500,0
2017-11-17,19:15:00,20.18,20.32,20.06,20.32,13140,0
2017-11-17,19:20:00,20.28,20.36,20.26,20.36,4765,0
2017-11-17,19:25:00,20.38,20.38,20.355,20.355,200,0
2017-11-17,19:30:00,20.38,20.5,20.35,20.5,1700,0
2017-11-17,19:35:00,20.5,20.59,20.49,20.57,2800,0
2017-11-17,19:40:00,20.57,20.57,20.39,20.42,4115,0
2017-11-17,19:45:00,20.48,20.61,20.48,20.56,1100,0
2017-11-17,19:50:00,20.555,20.62,20.555,20.565,6033,0
2017-11-17,19:55:00,20.57,20.62,20.55,20.57,6800,0
2017-11-17,20:00:00,20.55,20.58,20.46,20.46,2604,0
2017-11-17,20:05:00,20.46,20.6464,20.39,20.55,6106,0
2017-11-17,20:10:00,20.52,20.57,20.5,20.565,982,0
2017-11-17,20:15:00,20.51,20.6,20.5,20.52,1500,0
2017-11-17,20:20:00,20.55,20.6,20.46,20.46,3000,0
2017-11-17,20:25:00,20.4,20.48,20.4,20.42,2400,0
2017-11-17,20:30:00,20.4799,20.57,20.42,20.54,3100,0
2017-11-17,20:35:00,20.54,20.57,20.47,20.485,2151,0
2017-11-17,20:40:00,20.49,20.49,20.49,20.49,100,0
2017-11-17,20:45:00,20.49,20.5,20.45,20.475,2300,0
2017-11-17,20:50:00,20.48,20.48,20.45,20.45,2619,0
2017-11-17,20:55:00,20.46,20.46,20.43,20.46,900,0
2017-11-17,21:00:00,20.46,20.49,20.43,20.43,1800,0
2017-11-17,21:05:00,20.46,20.49,20.43,20.46,1200,0
2017-11-17,21:10:00,20.48,20.48,20.43,20.43,1400,0
2017-11-17,21:15:00,20.46,20.47,20.39,20.4,4554,0
2017-11-17,21:20:00,20.4,20.415,20.39,20.4,2800,0
2017-11-17,21:25:00,20.4,20.41,20.25,20.285,11553,0
2017-11-17,21:30:00,20.26,20.315,20.21,20.315,5728,0
2017-11-17,21:35:00,20.36,20.4,20.32,20.38,1100,0
2017-11-17,21:40:00,20.4,20.46,20.37,20.37,6655,0
2017-11-17,21:45:00,20.38,20.39,20.31,20.31,3300,0
2017-11-17,21:50:00,20.32,20.47,20.32,20.34,11303,0
2017-11-17,21:55:00,20.37,20.4,20.26,20.32,11905,0
2017-11-17,22:00:00,20.31,20.36,20.27,20.29,26074,0
2017-11-20,15:35:00,21.81,21.81,21.21,21.22,11024,0
2017-11-20,15:40:00,21.525,21.6,21.06,21.06,4777,0
2017-11-20,15:45:00,21.25,21.299,20.815,21.03,2200,0
2017-11-20,15:50:00,21.04,21.3764,20.99,21.18,6800,0
2017-11-20,15:55:00,21.31,21.4,21.03,21.03,10579,0
2017-11-20,16:00:00,21.1415,21.1415,21.05,21.05,700,0
2017-11-20,16:05:00,21.07,21.12,21.02,21.095,1400,0
2017-11-20,16:10:00,21.095,21.3212,21.03,21.03,8136,0
2017-11-20,16:15:00,20.98,21.03,20.7515,20.7515,7344,0
2017-11-20,16:20:00,20.76,20.79,20.69,20.69,3244,0
2017-11-20,16:25:00,20.701,20.701,20.58,20.6075,2300,0
2017-11-20,16:30:00,20.64,20.64,20.4,20.64,7166,0
2017-11-20,16:40:00,20.67,20.8,20.6499,20.74,5166,0
2017-11-20,16:50:00,20.76,20.77,20.585,20.64,2000,0
2017-11-20,16:55:00,20.598,20.598,20.55,20.55,600,0
2017-11-20,17:00:00,20.56,20.57,20.3,20.31,12270,0
2017-11-20,17:05:00,20.34,20.34,20.01,20.01,12702,0
2017-11-20,17:10:00,20.13,20.3,20.13,20.281,1700,0
2017-11-20,17:15:00,20.3,20.36,20.2666,20.28,3920,0
2017-11-20,17:20:00,20.3,20.39,20.24,20.39,4200,0
2017-11-20,17:25:00,20.33,20.34,20.2,20.2601,11200,0
2017-11-20,17:30:00,20.32,20.43,20.32,20.43,300,0
2017-11-20,17:35:00,20.345,20.36,20.28,20.36,460,0
2017-11-20,17:45:00,20.365,20.55,20.365,20.48,2600,0
2017-11-20,17:50:00,20.5,20.53,20.5,20.53,2100,0
2017-11-20,17:55:00,20.55,20.57,20.55,20.5699,300,0
2017-11-20,18:00:00,20.56,20.7,20.56,20.695,3966,0
2017-11-20,18:05:00,20.63,20.64,20.53,20.53,1700,0
2017-11-20,18:10:00,20.5,20.52,20.5,20.52,1200,0
2017-11-20,18:20:00,20.57,20.83,20.55,20.83,5916,0
2017-11-20,18:25:00,20.85,20.85,20.7264,20.7264,1600,0
2017-11-20,18:30:00,20.75,20.99,20.75,20.9183,27253,0
2017-11-20,18:35:00,20.94,21.38,20.94,21.25,11700,0
2017-11-20,18:40:00,21.25,21.34,21.25,21.3092,2200,0
2017-11-20,18:45:00,21.245,21.25,21.075,21.14,5300,0
2017-11-20,18:50:00,21.17,21.32,21.17,21.32,2800,0
2017-11-20,18:55:00,21.25,21.36,21.25,21.36,1400,0
2017-11-20,19:00:00,21.3622,21.4,21.16,21.22,4965,0
2017-11-20,19:05:00,21.25,21.45,21.25,21.45,4106,0
2017-11-20,19:10:00,21.482,21.482,21.39,21.39,1026,0
2017-11-20,19:15:00,21.49,21.49,21.49,21.49,100,0
2017-11-20,19:20:00,21.4757,21.68,21.4757,21.67,4423,0
2017-11-20,19:25:00,21.68,21.74,21.51,21.5501,4000,0
2017-11-20,19:30:00,21.56,21.68,21.482,21.68,9626,0
2017-11-20,19:40:00,21.632,21.7,21.632,21.7,1404,0
2017-11-20,19:45:00,21.59,21.64,21.59,21.5908,1900,0
2017-11-20,19:50:00,21.62,21.62,21.59,21.62,870,0
2017-11-20,19:55:00,21.62,21.62,21.39,21.61,2900,0
2017-11-20,20:00:00,21.6,21.62,21.52,21.62,2170,0
2017-11-20,20:05:00,21.5362,21.6,21.53,21.59,2400,0
2017-11-20,20:10:00,21.53,21.53,21.44,21.44,2957,0
2017-11-20,20:15:00,21.38,21.53,21.3,21.53,4298,0
2017-11-20,20:20:00,21.572,21.66,21.572,21.66,1120,0
2017-11-20,20:25:00,21.7,21.8,21.65,21.8,2000,0
2017-11-20,20:30:00,21.86,22,21.85,21.98,9119,0
2017-11-20,20:35:00,21.97,21.97,21.93,21.93,400,0
2017-11-20,20:40:00,21.98,21.98,21.95,21.95,900,0
2017-11-20,20:45:00,21.93,21.96,21.849,21.8799,4837,0
2017-11-20,20:50:00,21.88,21.93,21.88,21.92,900,0
2017-11-20,20:55:00,21.905,21.93,21.905,21.93,400,0
2017-11-20,21:00:00,21.91,21.98,21.85,21.94,8700,0
2017-11-20,21:05:00,21.95,21.95,21.91,21.95,6500,0
2017-11-20,21:10:00,21.95,22.18,21.95,22.18,41150,0
2017-11-20,21:15:00,22.18,22.3,22.1,22.3,7700,0
2017-11-20,21:20:00,22.2846,22.3601,22.04,22.04,10633,0
2017-11-20,21:25:00,22.1003,22.18,22.06,22.06,3601,0
2017-11-20,21:30:00,22.09,22.14,22.09,22.14,2341,0
2017-11-20,21:35:00,22.1,22.1,21.76,21.7963,7733,0
2017-11-20,21:40:00,21.87,21.87,21.77,21.81,4040,0
2017-11-20,21:45:00,21.81,22.08,21.81,22.08,6280,0
2017-11-20,21:50:00,22.08,22.1,21.93,22.03,22870,0
2017-11-20,21:55:00,21.93,22.1,21.93,22.0801,16495,0
2017-11-20,22:00:00,22.08,22.29,22.08,22.2,34146,0
2017-11-21,15:35:00,22.32,22.34,22.01,22.01,3017,0
2017-11-21,15:40:00,21.9201,22.39,21.9001,22.1,5161,0
2017-11-21,15:45:00,22.05,22.2304,22.0036,22.22,3550,0
2017-11-21,15:50:00,22.27,22.35,22.2125,22.35,1650,0
2017-11-21,15:55:00,22.37,22.54,22.355,22.355,6623,0
2017-11-21,16:00:00,22.305,22.37,22.255,22.27,600,0
2017-11-21,16:05:00,22.2354,22.2354,22.1,22.2,3000,0
2017-11-21,16:10:00,22.18,22.18,22.18,22.18,100,0
2017-11-21,16:15:00,22.04,22.055,21.915,21.915,3080,0
2017-11-21,16:20:00,21.85,22.13,21.82,22.06,12063,0
2017-11-21,16:25:00,22.05,22.1,22.02,22.06,983,0
2017-11-21,16:30:00,22.14,22.31,22.14,22.31,1500,0
2017-11-21,16:35:00,22.385,22.385,22.25,22.25,3800,0
2017-11-21,16:40:00,22.275,22.3,22.2,22.29,1700,0
2017-11-21,16:45:00,22.29,22.34,22.275,22.34,800,0
2017-11-21,16:50:00,22.34,22.34,22.34,22.34,100,0
2017-11-21,16:55:00,22.3,22.35,22.22,22.25,4960,0
2017-11-21,17:00:00,22.27,22.27,22.25,22.25,500,0
2017-11-21,17:05:00,22.29,22.29,22.19,22.204,1900,0
2017-11-21,17:10:00,22.22,22.25,22.19,22.25,3000,0
2017-11-21,17:15:00,22.34,22.34,22.34,22.34,400,0
2017-11-21,17:20:00,22.34,22.39,22.22,22.39,1100,0
2017-11-21,17:25:00,22.41,22.48,22.395,22.46,700,0
2017-11-21,17:30:00,22.46,22.51,22.45,22.45,5580,0
2017-11-21,17:35:00,22.48,22.5,22.45,22.45,2119,0
2017-11-21,17:40:00,22.5,22.51,22.45,22.46,1800,0
2017-11-21,17:45:00,22.45,22.48,22.41,22.41,2607,0
2017-11-21,17:50:00,22.38,22.46,22.35,22.46,2700,0
2017-11-21,17:55:00,22.5,22.5,22.41,22.44,700,0
2017-11-21,18:00:00,22.4,22.43,21.92,21.92,11439,0
2017-11-21,18:05:00,21.956,21.956,21.93,21.93,400,0
2017-11-21,18:10:00,21.87,22.18,21.87,22.104,6800,0
2017-11-21,18:15:00,22.07,22.135,21.99,22,6500,0
2017-11-21,18:20:00,22.05,22.05,21.75,21.7597,3200,0
2017-11-21,18:25:00,21.69,21.7912,21.69,21.7912,7700,0
2017-11-21,18:30:00,21.75,21.82,21.75,21.8,2996,0
2017-11-21,18:35:00,21.81,21.82,21.7601,21.7601,7525,0
2017-11-21,18:40:00,21.8,21.84,21.8,21.84,2883,0
2017-11-21,18:45:00,21.8896,21.9,21.81,21.9,12388,0
2017-11-21,18:50:00,21.9,22.04,21.9,22.04,824,0
2017-11-21,18:55:00,22.0625,22.07,21.99,21.99,1500,0
2017-11-21,19:00:00,22.08,22.09,22.08,22.09,200,0
2017-11-21,19:05:00,22.0526,22.08,22.05,22.05,535,0
2017-11-21,19:10:00,22.08,22.08,21.83,21.83,2680,0
2017-11-21,19:15:00,21.95,21.95,21.88,21.88,1000,0
2017-11-21,19:20:00,21.78,21.84,21.74,21.84,2000,0
2017-11-21,19:30:00,21.88,21.88,21.77,21.77,1700,0
2017-11-21,19:35:00,21.77,21.77,21.76,21.76,300,0
2017-11-21,19:40:00,21.78,22.01,21.78,21.99,4840,0
2017-11-21,19:45:00,22.05,22.07,22.05,22.05,1900,0
2017-11-21,19:50:00,22.05,22.11,22.05,22.06,1400,0
2017-11-21,19:55:00,22.06,22.06,22.01,22.055,598,0
2017-11-21,20:00:00,22.05,22.05,21.96,21.99,3800,0
2017-11-21,20:05:00,21.97,21.97,21.91,21.92,1500,0
2017-11-21,20:10:00,21.925,21.925,21.7965,21.7981,1535,0
2017-11-21,20:15:00,21.79,21.97,21.79,21.97,3615,0
2017-11-21,20:20:00,21.9,21.95,21.9,21.95,800,0
2017-11-21,20:25:00,21.99,22.04,21.99,22.04,500,0
2017-11-21,20:30:00,22.01,22.01,21.96,21.96,1500,0
2017-11-21,20:35:00,21.93,21.99,21.9,21.99,1736,0
2017-11-21,20:40:00,22,22.04,22,22.04,600,0
2017-11-21,20:45:00,22.04,22.04,22.04,22.04,400,0
2017-11-21,20:50:00,22.04,22.09,21.98,22.065,2550,0
2017-11-21,20:55:00,22.055,22.055,21.95,21.95,1218,0
2017-11-21,21:00:00,21.95,21.97,21.92,21.97,2300,0
2017-11-21,21:05:00,22,22.05,21.9999,22.01,1110,0
2017-11-21,21:10:00,22.055,22.055,22.01,22.05,1400,0
2017-11-21,21:15:00,22.05,22.05,21.93,21.9627,1100,0
2017-11-21,21:20:00,21.93,21.98,21.87,21.87,1600,0
2017-11-21,21:25:00,21.865,21.91,21.82,21.865,942,0
2017-11-21,21:30:00,21.83,21.9,21.82,21.85,4496,0
2017-11-21,21:35:00,21.9,21.97,21.9,21.97,1512,0
2017-11-21,21:40:00,21.97,22.05,21.96,21.96,800,0
2017-11-21,21:45:00,22.04,22.04,21.96,21.97,2516,0
2017-11-21,21:50:00,21.95,21.95,21.87,21.87,2871,0
2017-11-21,21:55:00,21.92,22.03,21.92,21.99,5200,0
2017-11-21,22:00:00,22.01,22.03,21.89,21.98,17440,0
2017-11-22,15:35:00,21.96,21.96,21.94,21.94,1225,0
2017-11-22,15:40:00,22,22.05,21.9001,22.05,58937,0
2017-11-22,15:50:00,21.97,21.97,21.97,21.97,100,0
2017-11-22,15:55:00,22.24,22.24,22.03,22.1689,600,0
2017-11-22,16:00:00,22.1505,22.1505,21.89,21.9,2672,0
2017-11-22,16:05:00,21.95,22.105,21.83,22.1,8000,0
2017-11-22,16:10:00,22.1,22.115,22,22.07,6700,0
2017-11-22,16:15:00,22.02,22.12,22.02,22.12,900,0
2017-11-22,16:20:00,22.115,22.12,22,22,2200,0
2017-11-22,16:25:00,21.86,21.92,21.86,21.92,300,0
2017-11-22,16:30:00,21.91,21.91,21.8,21.89,1400,0
2017-11-22,16:35:00,21.98,22.03,21.98,22.03,660,0
2017-11-22,16:40:00,22,22.05,22,22,11400,0
2017-11-22,16:45:00,22.05,22.05,22.05,22.05,100,0
2017-11-22,16:50:00,22.06,22.07,22.05,22.05,800,0
2017-11-22,16:55:00,22.05,22.09,22,22,2760,0
2017-11-22,17:00:00,22.015,22.03,22.015,22.03,509,0
2017-11-22,17:05:00,22.05,22.05,22.05,22.05,100,0
2017-11-22,17:10:00,22.05,22.05,22.02,22.05,2160,0
2017-11-22,17:15:00,22.05,22.09,22.05,22.05,1300,0
2017-11-22,17:20:00,22.08,22.08,22.05,22.0625,300,0
2017-11-22,17:25:00,22.05,22.05,22.01,22.04,1199,0
2017-11-22,17:30:00,22.04,22.05,22.02,22.02,1360,0
2017-11-22,17:35:00,22.06,22.07,22.05,22.055,500,0
2017-11-22,17:45:00,22.02,22.02,21.97,22.01,2630,0
2017-11-22,17:50:00,22,22.015,22,22.015,780,0
2017-11-22,17:55:00,22.01,22.07,22.01,22.04,2960,0
2017-11-22,18:05:00,22,22,22,22,500,0
2017-11-22,18:15:00,22,22.01,21.98,22.005,4880,0
2017-11-22,18:25:00,22.04,22.13,22.04,22.13,2800,0
2017-11-22,18:30:00,22.1,22.24,22.1,22.19,2577,0
2017-11-22,18:35:00,22.19,22.19,22.08,22.08,940,0
2017-11-22,18:40:00,22.17,22.17,22.17,22.17,200,0
2017-11-22,18:45:00,22.15,22.19,22.15,22.19,720,0
2017-11-22,18:50:00,22.1895,22.1895,22.1895,22.1895,497,0
2017-11-22,18:55:00,22.19,22.24,22.19,22.19,4104,0
2017-11-22,19:00:00,22.23,22.38,22.23,22.32,1821,0
2017-11-22,19:10:00,22.237,22.237,22.237,22.237,200,0
2017-11-22,19:15:00,22.22,22.22,22.22,22.22,100,0
2017-11-22,19:20:00,22.305,22.305,22.1,22.1,1000,0
2017-11-22,19:25:00,22.14,22.18,22.14,22.165,500,0
2017-11-22,19:30:00,22.19,22.19,22.1,22.1,200,0
2017-11-22,19:35:00,22.2,22.22,22.13,22.22,500,0
2017-11-22,19:40:00,22.32,22.32,22.2613,22.2613,832,0
2017-11-22,19:45:00,22.29,22.29,22.23,22.23,200,0
2017-11-22,19:50:00,22.27,22.29,22.27,22.29,792,0
2017-11-22,19:55:00,22.29,22.3,22.25,22.3,900,0
2017-11-22,20:00:00,22.27,22.27,22.25,22.25,761,0
2017-11-22,20:05:00,22.29,22.3,22.29,22.3,400,0
2017-11-22,20:10:00,22.25,22.3,22.22,22.23,2779,0
2017-11-22,20:15:00,22.23,22.23,22.23,22.23,300,0
2017-11-22,20:20:00,22.19,22.19,22.14,22.14,600,0
2017-11-22,20:25:00,22.14,22.21,22.14,22.19,1700,0
2017-11-22,20:30:00,22.19,22.19,22.19,22.19,100,0
2017-11-22,20:35:00,22.24,22.24,22.24,22.24,100,0
2017-11-22,20:40:00,22.24,22.24,22.215,22.215,200,0
2017-11-22,20:45:00,22.24,22.26,22.24,22.26,793,0
2017-11-22,20:50:00,22.3,22.3,22.22,22.23,2050,0
2017-11-22,21:00:00,22.25,22.26,22.18,22.18,1600,0
2017-11-22,21:05:00,22.16,22.16,22.16,22.16,100,0
2017-11-22,21:10:00,22.16,22.19,22.16,22.19,600,0
2017-11-22,21:15:00,22.2,22.22,22.2,22.22,200,0
2017-11-22,21:20:00,22.21,22.225,22.19,22.19,1700,0
2017-11-22,21:30:00,22.23,22.23,22.22,22.22,300,0
2017-11-22,21:35:00,22.18,22.18,22.16,22.16,400,0
2017-11-22,21:40:00,22.16,22.18,22.15,22.17,900,0
2017-11-22,21:45:00,22.16,22.18,22.14,22.16,4715,0
2017-11-22,21:50:00,22.19,22.25,22.17,22.19,2500,0
2017-11-22,21:55:00,22.19,22.19,22.11,22.11,1100,0
2017-11-22,22:00:00,22.12,22.24,22.11,22.2,13125,0
2017-11-24,15:35:00,22.19,22.19,22.19,22.19,487,0
2017-11-24,15:40:00,22.37,22.37,22.37,22.37,115,0
2017-11-24,15:45:00,22.1,22.1,22.1,22.1,100,0
2017-11-24,15:50:00,22.11,22.29,22.11,22.29,1200,0
2017-11-24,15:55:00,22.26,22.26,22.085,22.11,1000,0
2017-11-24,16:00:00,22.1042,22.1042,22.1042,22.1042,653,0
2017-11-24,16:05:00,22.1117,22.1117,22.1117,22.1117,300,0
2017-11-24,16:10:00,22.1247,22.1247,22.1247,22.1247,200,0
2017-11-24,16:15:00,22.07,22.085,22.07,22.085,200,0
2017-11-24,16:20:00,22.19,22.246,22.19,22.246,461,0
2017-11-24,16:30:00,22.21,22.24,22.2,22.21,700,0
2017-11-24,16:40:00,22.21,22.21,22.16,22.16,200,0
2017-11-24,16:50:00,22.16,22.16,22.16,22.16,100,0
2017-11-24,17:15:00,22.252,22.252,22.11,22.11,1800,0
2017-11-24,17:20:00,22.2,22.2,22.2,22.2,1150,0
2017-11-24,17:30:00,22.253,22.27,22.21,22.21,1050,0
2017-11-24,17:35:00,22.21,22.21,22.2,22.2,400,0
2017-11-24,17:40:00,22.12,22.21,22.085,22.085,1401,0
2017-11-24,18:00:00,22.14,22.14,22.14,22.14,100,0
2017-11-24,18:05:00,22.14,22.21,22.14,22.1656,855,0
2017-11-24,18:10:00,22.21,22.21,22.15,22.15,500,0
2017-11-24,18:15:00,22.14,22.14,22.0901,22.0901,350,0
2017-11-24,18:20:00,22.17,22.17,22.17,22.17,100,0
2017-11-24,18:35:00,22.1,22.1,22.07,22.07,800,0
2017-11-24,18:40:00,22.05,22.05,22.02,22.05,511,0
2017-11-24,18:50:00,22.05,22.05,22.02,22.02,500,0
2017-11-24,18:55:00,22.05,22.08,22.03,22.08,2200,0
2017-11-24,19:00:00,22.04,22.1,22.025,22.09,2135,0
2017-11-24,19:05:00,22.1,22.1,22.1,22.1,1294,0
2017-11-27,15:35:00,22.25,22.25,22.08,22.08,3384,0
2017-11-27,15:40:00,21.96,22.05,21.96,22.05,900,0
2017-11-27,15:45:00,21.98,21.98,21.98,21.98,100,0
2017-11-27,15:55:00,22.06,22.1,22.06,22.1,600,0
2017-11-27,16:05:00,22.1402,22.1402,22.1402,22.1402,1000,0
2017-11-27,16:10:00,22.06,22.14,22.06,22.13,556,0
2017-11-27,16:15:00,22.13,22.3,22.13,22.29,2122,0
2017-11-27,16:20:00,22.16,22.17,22.12,22.17,400,0
2017-11-27,16:25:00,22.26,22.26,22.26,22.26,100,0
2017-11-27,16:30:00,22.26,22.28,22.26,22.28,640,0
2017-11-27,16:35:00,22.24,22.24,22.24,22.24,200,0
2017-11-27,16:40:00,22.29,22.29,22.23,22.2889,1350,0
2017-11-27,16:45:00,22.2892,22.29,22.18,22.29,3000,0
2017-11-27,16:50:00,22.1856,22.29,22.1856,22.21,1100,0
2017-11-27,16:55:00,22.24,22.27,22.24,22.25,1655,0
2017-11-27,17:00:00,22.27,22.28,22.26,22.26,1100,0
2017-11-27,17:05:00,22.26,22.26,22.25,22.25,400,0
2017-11-27,17:10:00,22.24,22.24,22.21,22.21,1310,0
2017-11-27,17:15:00,22.17,22.17,22.17,22.17,200,0
2017-11-27,17:20:00,22.09,22.14,22.09,22.13,1500,0
2017-11-27,17:30:00,22.1301,22.1475,22.0775,22.0775,2700,0
2017-11-27,17:40:00,22.0969,22.2,22.0969,22.1267,770,0
2017-11-27,17:45:00,22.04,22.04,22.04,22.04,100,0
2017-11-27,17:50:00,22.07,22.15,22.07,22.07,500,0
2017-11-27,18:05:00,22.11,22.125,22.1,22.12,1378,0
2017-11-27,18:10:00,22.11,22.11,22.11,22.11,100,0
2017-11-27,18:15:00,22.1104,22.1104,22.11,22.11,763,0
2017-11-27,18:20:00,22.11,22.12,22.1,22.11,1100,0
2017-11-27,18:25:00,22.1,22.14,22.1,22.14,200,0
2017-11-27,18:30:00,22.11,22.12,22.1,22.12,500,0
2017-11-27,18:35:00,22.11,22.11,22.1,22.1,1273,0
2017-11-27,18:40:00,22.11,22.11,22.1,22.1,200,0
2017-11-27,18:45:00,22.12,22.12,22.12,22.12,100,0
2017-11-27,18:55:00,22.14,22.15,22.14,22.15,900,0
2017-11-27,19:00:00,22.15,22.155,22.15,22.155,500,0
2017-11-27,19:05:00,22.16,22.18,22.15,22.18,1000,0
2017-11-27,19:10:00,22.19,22.2,22.17,22.185,500,0
2017-11-27,19:15:00,22.2,22.2,22.2,22.2,100,0
2017-11-27,19:20:00,22.17,22.19,22.17,22.19,1500,0
2017-11-27,19:25:00,22.18,22.18,22.14,22.14,512,0
2017-11-27,19:30:00,22.0999,22.0999,22.0999,22.0999,400,0
2017-11-27,19:35:00,22.1,22.12,22.1,22.12,300,0
2017-11-27,19:40:00,22.085,22.1,22.085,22.1,500,0
2017-11-27,19:45:00,22.0442,22.1,22.0442,22.1,503,0
2017-11-27,19:50:00,22.11,22.11,22.1,22.1,300,0
2017-11-27,20:00:00,22.12,22.12,22.09,22.09,200,0
2017-11-27,20:10:00,22.08,22.13,22.08,22.13,400,0
2017-11-27,20:20:00,22.13,22.13,22.12,22.12,200,0
2017-11-27,20:25:00,22.13,22.1425,22.13,22.13,300,0
2017-11-27,20:40:00,22.15,22.15,22.15,22.15,100,0
2017-11-27,20:45:00,22.1101,22.1101,22.1101,22.1101,400,0
2017-11-27,20:50:00,22.16,22.18,22.16,22.18,500,0
2017-11-27,21:05:00,22.15,22.15,22.15,22.15,100,0
2017-11-27,21:10:00,22.16,22.2,22.16,22.2,1500,0
2017-11-27,21:15:00,22.2,22.2,22.2,22.2,100,0
2017-11-27,21:20:00,22.2326,22.2326,22.2326,22.2326,100,0
2017-11-27,21:25:00,22.2475,22.26,22.23,22.23,1240,0
2017-11-27,21:30:00,22.24,22.25,22.23,22.25,400,0
2017-11-27,21:35:00,22.26,22.265,22.2101,22.2225,1322,0
2017-11-27,21:45:00,22.24,22.24,22.24,22.24,100,0
2017-11-27,21:50:00,22.24,22.245,22.21,22.245,1000,0
2017-11-27,21:55:00,22.21,22.29,22.2,22.24,4226,0
2017-11-27,22:00:00,22.25,22.26,22.17,22.18,6820,0
2017-11-28,15:35:00,22.22,22.22,22.07,22.07,875,0
2017-11-28,16:10:00,22.08,22.11,22.08,22.11,1000,0
2017-11-28,16:15:00,22.21,22.21,22.18,22.18,300,0
2017-11-28,16:20:00,22.19,22.19,22.19,22.19,200,0
2017-11-28,16:25:00,22.14,22.2,22.14,22.2,500,0
2017-11-28,16:30:00,22.1573,22.1573,22.1573,22.1573,200,0
2017-11-28,16:35:00,22.2,22.22,22.2,22.22,300,0
2017-11-28,16:40:00,22.22,22.22,22.19,22.19,1525,0
2017-11-28,16:45:00,22.1108,22.2,22.1108,22.2,1800,0
2017-11-28,16:50:00,22.24,22.26,22.22,22.26,500,0
2017-11-28,16:55:00,22.26,22.26,22.26,22.26,100,0
2017-11-28,17:00:00,22.27,22.35,22.26,22.26,6300,0
2017-11-28,17:05:00,22.28,22.28,22.28,22.28,100,0
2017-11-28,17:10:00,22.26,22.3,22.19,22.19,11900,0
2017-11-28,17:15:00,22.13,22.14,22.11,22.14,1000,0
2017-11-28,17:20:00,22.11,22.14,22.11,22.14,2197,0
2017-11-28,17:25:00,22.14,22.14,21.88,21.9,2700,0
2017-11-28,17:30:00,21.91,21.93,21.76,21.77,1184,0
2017-11-28,17:35:00,21.82,21.86,21.82,21.86,500,0
2017-11-28,17:40:00,21.93,21.93,21.92,21.93,400,0
2017-11-28,17:45:00,22,22.035,21.99,22.035,86800,0
2017-11-28,17:50:00,22.03,22.03,22.01,22.01,800,0
2017-11-28,18:00:00,22.02,22.1,22.02,22.1,800,0
2017-11-28,18:15:00,22.21,22.26,22.21,22.26,200,0
2017-11-28,18:20:00,22.22,22.24,22.18,22.2,3737,0
2017-11-28,18:25:00,22.2,22.26,22.15,22.15,4065,0
2017-11-28,18:30:00,22.095,22.1,22.095,22.1,1200,0
2017-11-28,18:35:00,22.1,22.1,22.1,22.1,300,0
2017-11-28,18:40:00,22.09,22.09,22.05,22.05,200,0
2017-11-28,18:50:00,22.14,22.14,22.02,22.02,400,0
2017-11-28,18:55:00,22.13,22.13,22.03,22.03,200,0
2017-11-28,19:05:00,22.04,22.115,22.04,22.05,5016,0
2017-11-28,19:10:00,22.11,22.15,22.11,22.11,1500,0
2017-11-28,19:20:00,22.15,22.15,22.15,22.15,2500,0
2017-11-28,19:25:00,22.14,22.14,22.14,22.14,100,0
2017-11-28,19:30:00,22.05,22.05,21.96,21.96,31200,0
2017-11-28,19:35:00,21.85,21.85,21.74,21.74,1300,0
2017-11-28,19:40:00,21.67,21.89,21.67,21.81,4783,0
2017-11-28,19:45:00,21.75,21.82,21.69,21.8,10460,0
2017-11-28,19:50:00,21.8853,21.92,21.8853,21.92,300,0
2017-11-28,19:55:00,21.89,21.9,21.8635,21.88,1300,0
2017-11-28,20:00:00,21.86,21.86,21.85,21.85,400,0
2017-11-28,20:05:00,21.8804,21.9,21.85,21.9,2500,0
2017-11-28,20:10:00,21.93,22,21.93,21.96,15000,0
2017-11-28,20:15:00,21.92,21.93,21.89,21.93,1250,0
2017-11-28,20:20:00,21.915,21.95,21.9101,21.95,1712,0
2017-11-28,20:25:00,21.9601,22.016,21.9601,21.97,4100,0
2017-11-28,20:30:00,21.9975,21.9975,21.9975,21.9975,100,0
2017-11-28,20:35:00,21.995,22,21.93,21.93,2368,0
2017-11-28,20:40:00,21.9,21.9,21.88,21.88,200,0
2017-11-28,20:45:00,21.95,22.04,21.95,21.96,3275,0
2017-11-28,20:50:00,22.03,22.03,21.995,21.995,300,0
2017-11-28,20:55:00,22,22,22,22,400,0
2017-11-28,21:00:00,22,22,22,22,200,0
2017-11-28,21:05:00,21.97,22.01,21.97,21.99,300,0
2017-11-28,21:10:00,21.99,21.995,21.98,21.98,600,0
2017-11-28,21:15:00,21.98,21.98,21.95,21.97,3500,0
2017-11-28,21:20:00,21.97,21.98,21.86,21.95,7657,0
2017-11-28,21:25:00,21.98,21.99,21.92,21.92,5300,0
2017-11-28,21:30:00,22,22,21.95,22,600,0
2017-11-28,21:35:00,21.97,21.99,21.96,21.99,800,0
2017-11-28,21:40:00,21.98,21.99,21.95,21.95,800,0
2017-11-28,21:45:00,21.95,22,21.94,22,36600,0
2017-11-28,21:50:00,21.995,22.05,21.98,22.05,5099,0
2017-11-28,21:55:00,22.045,22.13,22.045,22.13,2700,0
2017-11-28,22:00:00,22.1025,22.17,22.05,22.05,12415,0
2017-11-29,15:35:00,22.24,22.24,22.05,22.05,4703,0
2017-11-29,15:40:00,22.24,22.25,22.17,22.17,500,0
2017-11-29,15:50:00,22.23,22.24,22.23,22.24,5300,0
2017-11-29,15:55:00,22.24,22.48,22.24,22.48,2900,0
2017-11-29,16:00:00,22.425,22.49,22.37,22.37,2300,0
2017-11-29,16:05:00,22.2714,22.2714,22.22,22.22,350,0
2017-11-29,16:10:00,22.24,22.24,22.09,22.11,956,0
2017-11-29,16:20:00,22.11,22.17,22.0816,22.17,1800,0
2017-11-29,16:30:00,22.22,22.22,22.1,22.1,700,0
2017-11-29,16:35:00,21.97,22,21.97,22,28000,0
2017-11-29,16:40:00,21.94,22,21.94,22,900,0
2017-11-29,16:45:00,22.04,22.2,22.04,22.14,1900,0
2017-11-29,16:50:00,22.09,22.09,21.97,21.97,600,0
2017-11-29,16:55:00,22.03,22.03,21.91,21.91,300,0
2017-11-29,17:00:00,21.89,22.11,21.89,22,4400,0
2017-11-29,17:10:00,22,22.03,22,22.01,500,0
2017-11-29,17:15:00,22,22.13,21.99,22.13,3000,0
2017-11-29,17:20:00,22.16,22.18,22.14,22.18,625,0
2017-11-29,17:25:00,22.2,22.2,22.2,22.2,800,0
2017-11-29,17:35:00,22.32,22.38,22.25,22.3,600,0
2017-11-29,17:40:00,22.3,22.3,22.3,22.3,100,0
2017-11-29,17:45:00,22.25,22.25,22.2,22.24,400,0
2017-11-29,17:55:00,22.225,22.225,22.225,22.225,100,0
2017-11-29,18:05:00,22.225,22.25,22.225,22.24,1100,0
2017-11-29,18:10:00,22.2045,22.2045,22.18,22.2045,600,0
2017-11-29,18:15:00,22.25,22.25,22.2,22.2,800,0
2017-11-29,18:30:00,22.23,22.23,22.21,22.22,400,0
2017-11-29,18:35:00,22.25,22.26,22.22,22.25,400,0
2017-11-29,18:40:00,22.27,22.3,22.18,22.22,1500,0
2017-11-29,18:45:00,22.17,22.17,22.05,22.06,1700,0
2017-11-29,18:50:00,22.05,22.05,21.98,22,2300,0
2017-11-29,18:55:00,21.96,21.975,21.96,21.975,200,0
2017-11-29,19:00:00,21.99,22.06,21.96,22.01,1782,0
2017-11-29,19:05:00,21.97,21.97,21.97,21.97,100,0
2017-11-29,19:10:00,21.99,21.99,21.99,21.99,100,0
2017-11-29,19:15:00,21.99,22.064,21.99,22.064,300,0
2017-11-29,19:20:00,22.07,22.07,22.07,22.07,100,0
2017-11-29,19:25:00,22.1,22.18,22.1,22.18,630,0
2017-11-29,19:30:00,22.18,22.2,22.16,22.17,1000,0
2017-11-29,19:35:00,22.27,22.27,22.27,22.27,100,0
2017-11-29,19:40:00,22.19,22.25,22.19,22.25,900,0
2017-11-29,19:45:00,22.21,22.21,22.19,22.19,400,0
2017-11-29,19:55:00,22.17,22.17,22.06,22.06,400,0
2017-11-29,20:00:00,22.06,22.06,22.06,22.06,400,0
2017-11-29,20:10:00,22.17,22.17,22.15,22.15,700,0
2017-11-29,20:15:00,22.15,22.24,22.15,22.23,856,0
2017-11-29,20:20:00,22.15,22.15,22.14,22.14,500,0
2017-11-29,20:25:00,22.0769,22.0769,22.0769,22.0769,500,0
2017-11-29,20:30:00,22.1,22.15,22.1,22.15,400,0
2017-11-29,20:35:00,22.12,22.12,22.11,22.11,300,0
2017-11-29,20:40:00,22.11,22.11,22.07,22.07,200,0
2017-11-29,20:55:00,22.045,22.17,22.045,22.1,1500,0
2017-11-29,21:05:00,22.05,22.05,22.02,22.04,1000,0
2017-11-29,21:10:00,22.02,22.02,22.02,22.02,100,0
2017-11-29,21:20:00,22.05,22.14,22.04,22.1,3435,0
2017-11-29,21:25:00,22.209,22.209,21.9448,21.9448,1978,0
2017-11-29,21:30:00,22.065,22.09,22.01,22.06,2000,0
2017-11-29,21:35:00,22.08,22.16,22.07,22.16,900,0
2017-11-29,21:40:00,22.15,22.305,22.15,22.24,9360,0
2017-11-29,21:45:00,22.26,22.26,22.15,22.15,4000,0
2017-11-29,21:50:00,22.06,22.2,22.06,22.09,5002,0
2017-11-29,21:55:00,22.14,22.19,22.11,22.12,2542,0
2017-11-29,22:00:00,22.13,22.19,22.11,22.15,4585,0
2017-11-30,15:35:00,22.13,22.13,22.13,22.13,1590,0
2017-11-30,15:40:00,22.12,22.12,22.12,22.12,200,0
2017-11-30,16:10:00,22.13,22.2,22.13,22.18,400,0
2017-11-30,16:15:00,22.2,22.24,22.125,22.16,1500,0
2017-11-30,16:20:00,22.16,22.29,22.16,22.29,400,0
2017-11-30,16:25:00,22.23,22.24,22.205,22.23,600,0
2017-11-30,16:30:00,22.325,22.325,22.325,22.325,100,0
2017-11-30,16:35:00,22.28,22.28,22.2,22.2,1100,0
2017-11-30,16:40:00,22.22,22.22,22.09,22.09,1430,0
2017-11-30,16:45:00,22.205,22.205,22.205,22.205,100,0
2017-11-30,16:55:00,22.215,22.29,22.13,22.15,26352,0
2017-11-30,17:05:00,22.11,22.18,22.11,22.11,300,0
2017-11-30,17:10:00,22.11,22.135,22.11,22.135,300,0
2017-11-30,17:15:00,22.16,22.16,22.16,22.16,340,0
2017-11-30,17:20:00,22.18,22.23,22.18,22.215,1100,0
2017-11-30,17:25:00,22.16,22.2,22.16,22.2,300,0
2017-11-30,17:30:00,22.17,22.17,22.13,22.13,700,0
2017-11-30,17:35:00,22.155,22.2,22.155,22.2,22700,0
2017-11-30,17:40:00,22.2,22.2,22.14,22.14,300,0
2017-11-30,17:45:00,22.13,22.13,22.13,22.13,100,0
2017-11-30,17:50:00,22.13,22.15,22.13,22.15,400,0
2017-11-30,18:00:00,22.11,22.11,22.11,22.11,100,0
2017-11-30,18:05:00,22.17,22.17,22.11,22.11,300,0
2017-11-30,18:10:00,22.11,22.11,22.11,22.11,300,0
2017-11-30,18:15:00,22.1551,22.1551,22.1551,22.1551,200,0
2017-11-30,18:20:00,22.19,22.19,22.19,22.19,200,0
2017-11-30,18:30:00,22.215,22.22,22.181,22.181,500,0
2017-11-30,18:35:00,22.225,22.24,22.17,22.215,2224,0
2017-11-30,18:40:00,22.26,22.26,22.22,22.24,500,0
2017-11-30,18:45:00,22.27,22.27,22.24,22.24,200,0
2017-11-30,18:55:00,22.245,22.245,22.245,22.245,100,0
2017-11-30,19:00:00,22.2,22.21,22.12,22.12,800,0
2017-11-30,19:05:00,22.101,22.12,22.04,22.04,6791,0
2017-11-30,19:10:00,22.12,22.12,22.12,22.12,100,0
2017-11-30,19:20:00,22.06,22.06,22.06,22.06,200,0
2017-11-30,19:25:00,22.05,22.05,22.05,22.05,300,0
2017-11-30,19:30:00,22.09,22.09,22.09,22.09,100,0
2017-11-30,19:35:00,22.07,22.07,22.07,22.07,100,0
2017-11-30,19:40:00,22.095,22.095,22.095,22.095,100,0
2017-11-30,19:50:00,22.17,22.17,22.17,22.17,234,0
2017-11-30,20:00:00,22.15,22.225,22.1,22.225,400,0
2017-11-30,20:05:00,22.13,22.215,22.13,22.215,300,0
2017-11-30,20:15:00,22.23,22.26,22.23,22.26,200,0
2017-11-30,20:20:00,22.275,22.275,22.275,22.275,200,0
2017-11-30,20:25:00,22.275,22.275,22.23,22.23,600,0
2017-11-30,20:35:00,22.3,22.3,22.25,22.25,400,0
2017-11-30,20:40:00,22.26,22.26,22.22,22.225,623,0
2017-11-30,20:50:00,22.23,22.24,22.21,22.21,300,0
2017-11-30,21:00:00,22.23,22.23,22.23,22.23,100,0
2017-11-30,21:05:00,22.19,22.19,22.19,22.19,100,0
2017-11-30,21:15:00,22.13,22.13,22.13,22.13,100,0
2017-11-30,21:20:00,22.14,22.17,22.1,22.17,600,0
2017-11-30,21:25:00,22.13,22.18,22.13,22.15,400,0
2017-11-30,21:30:00,22.16,22.25,22.16,22.2,6600,0
2017-11-30,21:35:00,22.2,22.2,22.15,22.18,1100,0
2017-11-30,21:40:00,22.17,22.19,22.09,22.13,1700,0
2017-11-30,21:45:00,22.16,22.205,22.16,22.205,600,0
2017-11-30,21:50:00,22.19,22.23,22.045,22.23,2325,0
2017-11-30,21:55:00,22.26,22.26,22.23,22.23,2689,0
2017-11-30,22:00:00,22.215,22.22,22.18,22.18,7417,0
2017-12-01,15:35:00,22.04,22.04,22.01,22.01,526,0
2017-12-01,15:40:00,22.01,22.01,21.79,21.8247,2425,0
2017-12-01,15:45:00,21.9,21.9,21.75,21.75,1600,0
2017-12-01,15:55:00,21.87,21.87,21.79,21.83,500,0
2017-12-01,16:00:00,21.8,21.8,21.74,21.74,500,0
2017-12-01,16:05:00,21.74,21.77,21.55,21.65,3606,0
2017-12-01,16:10:00,21.69,21.74,21.67,21.74,400,0
2017-12-01,16:15:00,21.75,21.75,21.75,21.75,400,0
2017-12-01,16:20:00,21.685,21.78,21.685,21.75,1753,0
2017-12-01,16:25:00,21.75,21.77,21.72,21.72,1100,0
2017-12-01,16:30:00,21.72,21.72,21.32,21.33,7633,0
2017-12-01,16:35:00,21.32,21.375,21.14,21.14,4700,0
2017-12-01,16:40:00,21.135,21.3199,21.06,21.2,20300,0
2017-12-01,16:45:00,21.1,21.1,21.1,21.1,400,0
2017-12-01,16:50:00,21.1,21.1,20.88,20.94,2300,0
2017-12-01,16:55:00,20.93,20.93,20.78,20.79,900,0
2017-12-01,17:00:00,20.75,20.8399,20.66,20.79,4910,0
2017-12-01,17:05:00,20.91,20.91,20.91,20.91,400,0
2017-12-01,17:10:00,21,21.06,20.85,20.85,4450,0
2017-12-01,17:15:00,20.86,20.9432,20.83,20.885,7744,0
2017-12-01,17:20:00,20.89,20.9,20.71,20.71,6915,0
2017-12-01,17:25:00,20.72,20.85,20.5,20.71,15198,0
2017-12-01,17:30:00,20.71,20.71,20.46,20.56,6289,0
2017-12-01,17:35:00,20.56,20.57,20.3006,20.3006,4600,0
2017-12-01,17:40:00,20.3,20.53,20.3,20.53,3425,0
2017-12-01,17:45:00,20.55,20.55,20.5,20.53,9984,0
2017-12-01,17:50:00,20.6,20.8675,20.59,20.865,4920,0
2017-12-01,17:55:00,20.8,20.91,20.75,20.86,4500,0
2017-12-01,18:00:00,20.902,20.91,20.66,20.7,1200,0
2017-12-01,18:05:00,20.74,20.815,20.67,20.67,8900,0
2017-12-01,18:10:00,20.68,20.72,20.5,20.5,5344,0
2017-12-01,18:15:00,20.56,20.6063,20.5,20.54,3770,0
2017-12-01,18:20:00,20.6101,20.87,20.6101,20.7001,5700,0
2017-12-01,18:25:00,20.72,20.805,20.52,20.62,2450,0
2017-12-01,18:30:00,20.565,20.63,20.52,20.52,1900,0
2017-12-01,18:35:00,20.51,20.51,20.33,20.33,2350,0
2017-12-01,18:40:00,20.3629,20.3629,20.29,20.34,700,0
2017-12-01,18:45:00,20.29,20.35,20.29,20.3001,1200,0
2017-12-01,18:50:00,20.36,20.515,20.36,20.515,2500,0
2017-12-01,18:55:00,20.441,20.4836,20.43,20.4836,800,0
2017-12-01,19:00:00,20.45,20.51,20.37,20.37,1908,0
2017-12-01,19:05:00,20.3701,20.39,20.3651,20.39,1500,0
2017-12-01,19:10:00,20.3401,20.45,20.3401,20.45,3624,0
2017-12-01,19:15:00,20.4,20.4,20.37,20.37,600,0
2017-12-01,19:20:00,20.38,20.4071,20.3401,20.3401,912,0
2017-12-01,19:25:00,20.37,20.37,20.34,20.34,600,0
2017-12-01,19:30:00,20.335,20.4,20.31,20.34,3376,0
2017-12-01,19:35:00,20.35,20.49,20.35,20.49,1300,0
2017-12-01,19:40:00,20.4796,20.68,20.4796,20.56,4516,0
2017-12-01,19:45:00,20.59,20.6,20.47,20.4701,3200,0
2017-12-01,19:50:00,20.47,20.5508,20.42,20.5201,5009,0
2017-12-01,19:55:00,20.5201,20.58,20.475,20.48,2033,0
2017-12-01,20:00:00,20.49,20.55,20.49,20.55,1600,0
2017-12-01,20:05:00,20.53,20.53,20.52,20.52,200,0
2017-12-01,20:10:00,20.52,20.52,20.43,20.45,1729,0
2017-12-01,20:15:00,20.4971,20.51,20.47,20.48,3100,0
2017-12-01,20:20:00,20.5,20.51,20.5,20.51,1100,0
2017-12-01,20:25:00,20.5,20.5,20.45,20.47,2700,0
2017-12-01,20:30:00,20.49,20.49,20.42,20.45,1000,0
2017-12-01,20:35:00,20.43,20.43,20.42,20.42,700,0
2017-12-01,20:40:00,20.4,20.4,20.35,20.35,1000,0
2017-12-01,20:45:00,20.37,20.38,20.35,20.35,1564,0
2017-12-01,20:50:00,20.36,20.41,20.32,20.4099,3200,0
2017-12-01,20:55:00,20.4099,20.4099,20.38,20.38,700,0
2017-12-01,21:00:00,20.38,20.38,20.35,20.355,1600,0
2017-12-01,21:05:00,20.4,20.4,20.37,20.38,800,0
2017-12-01,21:10:00,20.39,20.49,20.37,20.45,4659,0
2017-12-01,21:15:00,20.4576,20.46,20.37,20.45,3727,0
2017-12-01,21:20:00,20.45,20.45,20.36,20.36,1740,0
2017-12-01,21:25:00,20.414,20.414,20.35,20.35,2000,0
2017-12-01,21:30:00,20.37,20.37,20.29,20.315,8746,0
2017-12-01,21:35:00,20.35,20.35,20.25,20.25,1767,0
2017-12-01,21:40:00,20.3,20.4,20.27,20.4,3000,0
2017-12-01,21:45:00,20.38,20.39,20.31,20.32,1773,0
2017-12-01,21:50:00,20.31,20.3333,20.29,20.29,1263,0
2017-12-01,21:55:00,20.33,20.34,20.28,20.29,3760,0
2017-12-01,22:00:00,20.31,20.39,20.28,20.34,14927,0
2017-12-04,15:35:00,20.47,20.71,20.47,20.71,1702,0
2017-12-04,15:40:00,20.535,20.8587,20.53,20.8587,2200,0
2017-12-04,15:45:00,20.88,21.24,20.88,21.18,700,0
2017-12-04,15:50:00,21.05,21.06,21.01,21.06,400,0
2017-12-04,15:55:00,20.9532,21.11,20.9532,21.11,3600,0
2017-12-04,16:05:00,21.2,21.34,21.2,21.34,500,0
2017-12-04,16:10:00,21.295,21.295,21.1,21.1,3373,0
2017-12-04,16:15:00,21.04,21.04,20.9,20.99,2500,0
2017-12-04,16:20:00,21.08,21.15,21.01,21.15,1750,0
2017-12-04,16:25:00,21.27,21.48,21.27,21.47,4280,0
2017-12-04,16:30:00,21.47,21.65,21.4,21.4,1300,0
2017-12-04,16:35:00,21.43,21.4529,21.43,21.44,1700,0
2017-12-04,16:40:00,21.5,21.505,21.43,21.5,7700,0
2017-12-04,16:45:00,21.5,21.5,21.34,21.37,13000,0
2017-12-04,16:50:00,21.34,21.42,21.2,21.4,3479,0
2017-12-04,16:55:00,21.4,21.425,21.3,21.41,2800,0
2017-12-04,17:00:00,21.41,21.6,21.4075,21.6,10000,0
2017-12-04,17:05:00,21.52,21.52,21.38,21.43,3660,0
2017-12-04,17:10:00,21.4926,21.57,21.4926,21.52,500,0
2017-12-04,17:15:00,21.67,21.75,21.65,21.65,927,0
2017-12-04,17:20:00,21.665,21.7,21.545,21.545,2100,0
2017-12-04,17:25:00,21.53,21.6,21.53,21.5323,1750,0
2017-12-04,17:30:00,21.5345,21.5345,21.5,21.5,200,0
2017-12-04,17:35:00,21.5825,21.64,21.53,21.54,1800,0
2017-12-04,17:40:00,21.52,21.65,21.5,21.61,4100,0
2017-12-04,17:45:00,21.61,21.61,21.48,21.5,2200,0
2017-12-04,17:50:00,21.45,21.5,21.4,21.5,931,0
2017-12-04,17:55:00,21.55,21.55,21.53,21.53,500,0
2017-12-04,18:00:00,21.46,21.46,21.46,21.46,100,0
2017-12-04,18:05:00,21.49,21.49,21.45,21.45,700,0
2017-12-04,18:10:00,21.39,21.39,21.39,21.39,200,0
2017-12-04,18:15:00,21.34,21.42,21.31,21.42,1200,0
2017-12-04,18:20:00,21.43,21.5,21.43,21.5,1500,0
2017-12-04,18:25:00,21.58,21.58,21.58,21.58,100,0
2017-12-04,18:30:00,21.54,21.59,21.47,21.57,5900,0
2017-12-04,18:35:00,21.51,21.65,21.5,21.65,4700,0
2017-12-04,18:40:00,21.64,21.64,21.44,21.52,1500,0
2017-12-04,18:45:00,21.5099,21.68,21.5099,21.68,1420,0
2017-12-04,18:50:00,21.675,21.68,21.59,21.65,1400,0
2017-12-04,18:55:00,21.71,21.71,21.71,21.71,100,0
2017-12-04,19:00:00,21.7,21.7,21.66,21.7,700,0
2017-12-04,19:05:00,21.61,21.62,21.5,21.55,2400,0
2017-12-04,19:10:00,21.4725,21.6,21.4725,21.59,600,0
2017-12-04,19:15:00,21.59,21.59,21.59,21.59,300,0
2017-12-04,19:20:00,21.64,21.64,21.64,21.64,100,0
2017-12-04,19:30:00,21.6,21.6,21.51,21.55,1200,0
2017-12-04,19:35:00,21.57,21.58,21.5699,21.57,900,0
2017-12-04,19:45:00,21.5972,21.615,21.57,21.57,3042,0
2017-12-04,19:50:00,21.6,21.6,21.56,21.56,600,0
2017-12-04,19:55:00,21.56,21.56,21.55,21.55,1000,0
2017-12-04,20:00:00,21.55,21.59,21.55,21.59,1100,0
2017-12-04,20:05:00,21.59,21.65,21.59,21.6343,2824,0
2017-12-04,20:10:00,21.641,21.67,21.641,21.66,582,0
2017-12-04,20:15:00,21.62,21.63,21.57,21.63,3600,0
2017-12-04,20:20:00,21.62,21.65,21.61,21.64,5700,0
2017-12-04,20:25:00,21.615,21.615,21.6075,21.6075,200,0
2017-12-04,20:30:00,21.61,21.68,21.61,21.65,40500,0
2017-12-04,20:35:00,21.63,21.63,21.49,21.58,2400,0
2017-12-04,20:40:00,21.605,21.605,21.56,21.56,600,0
2017-12-04,20:45:00,21.56,21.65,21.56,21.65,1100,0
2017-12-04,20:50:00,21.65,21.66,21.59,21.59,2659,0
2017-12-04,20:55:00,21.58,21.59,21.54,21.54,500,0
2017-12-04,21:05:00,21.53,21.64,21.53,21.63,1000,0
2017-12-04,21:10:00,21.62,21.63,21.62,21.63,200,0
2017-12-04,21:15:00,21.65,21.65,21.615,21.65,600,0
2017-12-04,21:20:00,21.65,21.65,21.6,21.63,1300,0
2017-12-04,21:25:00,21.58,21.58,21.58,21.58,500,0
2017-12-04,21:30:00,21.61,21.68,21.61,21.65,1700,0
2017-12-04,21:35:00,21.655,21.655,21.58,21.58,500,0
2017-12-04,21:40:00,21.58,21.64,21.58,21.64,821,0
2017-12-04,21:45:00,21.58,21.68,21.58,21.58,2100,0
2017-12-04,21:50:00,21.57,21.57,21.54,21.54,1400,0
2017-12-04,21:55:00,21.56,21.65,21.56,21.6,4800,0
2017-12-04,22:00:00,21.62,21.66,21.56,21.63,10346,0
2017-12-05,15:35:00,21.61,21.61,21.42,21.49,2596,0
2017-12-05,15:40:00,21.5,21.6,21.4939,21.59,3628,0
2017-12-05,15:45:00,21.49,21.5,21.44,21.49,4800,0
2017-12-05,15:50:00,21.5,21.5,21.4604,21.4604,3870,0
2017-12-05,15:55:00,21.4886,21.4886,21.4886,21.4886,100,0
2017-12-05,16:00:00,21.58,21.59,21.58,21.59,3600,0
2017-12-05,16:05:00,21.78,21.85,21.7045,21.85,2800,0
2017-12-05,16:10:00,21.84,21.84,21.72,21.78,3000,0
2017-12-05,16:15:00,21.55,21.55,21.55,21.55,100,0
2017-12-05,16:25:00,21.6519,21.6519,21.6519,21.6519,100,0
2017-12-05,16:30:00,21.76,21.76,21.71,21.71,400,0
2017-12-05,16:35:00,21.685,21.73,21.63,21.73,800,0
2017-12-05,16:45:00,21.63,21.63,21.58,21.58,400,0
2017-12-05,16:50:00,21.61,21.61,21.61,21.61,100,0
2017-12-05,17:00:00,21.62,21.62,21.575,21.575,600,0
2017-12-05,17:05:00,21.5301,21.62,21.5301,21.59,1505,0
2017-12-05,17:10:00,21.62,21.7,21.62,21.7,800,0
2017-12-05,17:15:00,21.655,21.7,21.655,21.69,500,0
2017-12-05,17:30:00,21.77,21.77,21.74,21.74,600,0
2017-12-05,17:35:00,21.76,21.825,21.6,21.63,2800,0
2017-12-05,17:40:00,21.63,21.63,21.525,21.525,1300,0
2017-12-05,17:45:00,21.51,21.61,21.51,21.61,1307,0
2017-12-05,17:50:00,21.53,21.53,21.41,21.41,1200,0
2017-12-05,17:55:00,21.4,21.53,21.3794,21.48,1600,0
2017-12-05,18:00:00,21.45,21.46,21.4,21.405,1750,0
2017-12-05,18:05:00,21.39,21.39,21.355,21.36,1500,0
2017-12-05,18:10:00,21.37,21.47,21.35,21.35,3700,0
2017-12-05,18:15:00,21.38,21.38,21.35,21.35,300,0
2017-12-05,18:20:00,21.4,21.45,21.4,21.4,400,0
2017-12-05,18:25:00,21.5,21.52,21.47,21.49,1100,0
2017-12-05,18:30:00,21.45,21.45,21.45,21.45,100,0
2017-12-05,18:35:00,21.46,21.57,21.46,21.57,500,0
2017-12-05,18:40:00,21.615,21.64,21.5,21.55,900,0
2017-12-05,18:50:00,21.55,21.55,21.42,21.42,3100,0
2017-12-05,18:55:00,21.46,21.46,21.46,21.46,100,0
2017-12-05,19:00:00,21.46,21.46,21.44,21.44,200,0
2017-12-05,19:05:00,21.44,21.55,21.44,21.55,1100,0
2017-12-05,19:10:00,21.57,21.61,21.55,21.57,900,0
2017-12-05,19:15:00,21.59,21.59,21.53,21.53,300,0
2017-12-05,19:20:00,21.56,21.6,21.56,21.6,400,0
2017-12-05,19:25:00,21.67,21.68,21.605,21.61,1700,0
2017-12-05,19:35:00,21.66,21.66,21.6,21.6,200,0
2017-12-05,19:40:00,21.66,21.69,21.66,21.69,1100,0
2017-12-05,19:45:00,21.76,21.785,21.76,21.77,700,0
2017-12-05,19:50:00,21.7,21.74,21.65,21.74,400,0
2017-12-05,19:55:00,21.7,21.7,21.66,21.66,200,0
2017-12-05,20:00:00,21.68,21.71,21.64,21.64,1200,0
2017-12-05,20:05:00,21.63,21.63,21.63,21.63,200,0
2017-12-05,20:10:00,21.59,21.65,21.59,21.65,995,0
2017-12-05,20:15:00,21.6,21.625,21.59,21.625,300,0
2017-12-05,20:20:00,21.6,21.625,21.6,21.61,500,0
2017-12-05,20:25:00,21.6,21.65,21.6,21.65,824,0
2017-12-05,20:30:00,21.6,21.6,21.59,21.59,400,0
2017-12-05,20:35:00,21.56,21.56,21.46,21.46,1100,0
2017-12-05,20:40:00,21.41,21.42,21.31,21.31,2613,0
2017-12-05,20:45:00,21.325,21.395,21.325,21.395,1700,0
2017-12-05,20:50:00,21.38,21.385,21.35,21.385,700,0
2017-12-05,20:55:00,21.385,21.45,21.385,21.445,2800,0
2017-12-05,21:00:00,21.475,21.48,21.19,21.29,1852,0
2017-12-05,21:05:00,21.32,21.36,21.32,21.36,1829,0
2017-12-05,21:10:00,21.29,21.47,21.29,21.47,1400,0
2017-12-05,21:15:00,21.5,21.5,21.44,21.44,200,0
2017-12-05,21:20:00,21.43,21.455,21.33,21.36,2140,0
2017-12-05,21:25:00,21.31,21.41,21.31,21.4,700,0
2017-12-05,21:30:00,21.33,21.54,21.33,21.54,1760,0
2017-12-05,21:35:00,21.61,21.62,21.495,21.495,1100,0
2017-12-05,21:40:00,21.46,21.51,21.37,21.51,2300,0
2017-12-05,21:45:00,21.55,21.55,21.55,21.55,600,0
2017-12-05,21:50:00,21.55,21.55,21.35,21.42,3200,0
2017-12-05,21:55:00,21.41,21.43,21.37,21.37,1761,0
2017-12-05,22:00:00,21.39,21.4,21.33,21.35,7892,0
2017-12-06,15:35:00,21.34,21.49,21.16,21.37,2066,0
2017-12-06,15:40:00,21.1,21.1,21.1,21.1,100,0
2017-12-06,15:45:00,21.07,21.5,21.07,21.5,270,0
2017-12-06,15:55:00,21.1825,21.1825,21.1825,21.1825,100,0
2017-12-06,16:00:00,21.15,21.15,21.15,21.15,100,0
2017-12-06,16:05:00,21.31,21.32,21.31,21.32,200,0
2017-12-06,16:10:00,21.39,21.39,21.39,21.39,100,0
2017-12-06,16:15:00,21.39,21.39,21.39,21.39,100,0
2017-12-06,16:35:00,21.36,21.36,21.34,21.34,200,0
2017-12-06,16:40:00,21.34,21.34,21.34,21.34,300,0
2017-12-06,16:45:00,21.29,21.29,21.29,21.29,200,0
2017-12-06,16:50:00,21.3,21.3,21.3,21.3,100,0
2017-12-06,17:00:00,21.29,21.29,21.185,21.29,300,0
2017-12-06,17:05:00,21.22,21.22,21.22,21.22,100,0
2017-12-06,17:10:00,21.1368,21.31,21.1368,21.31,1453,0
2017-12-06,17:15:00,21.33,21.33,21.28,21.28,500,0
2017-12-06,17:20:00,21.25,21.43,21.25,21.43,400,0
2017-12-06,17:35:00,21.26,21.26,21.2,21.2,300,0
2017-12-06,17:40:00,21.21,21.25,21.21,21.25,200,0
2017-12-06,17:45:00,21.35,21.35,21.35,21.35,100,0
2017-12-06,17:55:00,21.16,21.16,21.16,21.16,100,0
2017-12-06,18:00:00,21.21,21.21,21.2,21.2,300,0
2017-12-06,18:10:00,21.13,21.13,21.13,21.13,200,0
2017-12-06,18:30:00,21.1203,21.1203,21.1203,21.1203,100,0
2017-12-06,18:35:00,21.18,21.29,21.17,21.25,1300,0
2017-12-06,18:40:00,21.24,21.24,21.24,21.24,200,0
2017-12-06,18:55:00,21.1801,21.1801,21.1801,21.1801,300,0
2017-12-06,19:05:00,21.28,21.28,21.28,21.28,100,0
2017-12-06,19:10:00,21.18,21.18,21.08,21.08,200,0
2017-12-06,19:20:00,21.08,21.12,21.08,21.12,500,0
2017-12-06,19:30:00,21.23,21.23,21.23,21.23,100,0
2017-12-06,19:35:00,21.2,21.2,21.2,21.2,100,0
2017-12-06,19:40:00,21.2,21.29,21.2,21.29,400,0
2017-12-06,19:45:00,21.17,21.17,21.09,21.09,2100,0
2017-12-06,19:50:00,21.145,21.145,21,21.02,2700,0
2017-12-06,19:55:00,21.03,21.03,20.85,20.89,2600,0
2017-12-06,20:00:00,20.94,20.97,20.94,20.96,363,0
2017-12-06,20:10:00,21.08,21.11,20.925,20.925,1400,0
2017-12-06,20:15:00,21.05,21.05,21.05,21.05,100,0
2017-12-06,20:20:00,20.956,20.956,20.92,20.92,800,0
2017-12-06,20:30:00,20.99,21,20.94,20.94,500,0
2017-12-06,20:45:00,21.01,21.01,21.01,21.01,100,0
2017-12-06,20:50:00,20.975,21.04,20.975,21.01,700,0
2017-12-06,20:55:00,21.03,21.04,21.03,21.04,300,0
2017-12-06,21:00:00,21.03,21.07,21.01,21.05,1201,0
2017-12-06,21:05:00,21.0901,21.0901,21.04,21.04,500,0
2017-12-06,21:15:00,20.96,20.96,20.96,20.96,100,0
2017-12-06,21:30:00,21.09,21.09,21.08,21.08,200,0
2017-12-06,21:35:00,21.045,21.08,21,21,2419,0
2017-12-06,21:40:00,21.07,21.07,21.07,21.07,100,0
2017-12-06,21:45:00,21.05,21.1,21.03,21.1,1100,0
2017-12-06,21:50:00,21.11,21.14,21.08,21.11,1200,0
2017-12-06,21:55:00,21.07,21.07,20.99,21.06,1200,0
2017-12-06,22:00:00,21.06,21.06,20.94,21.02,9333,0
