Date,Time,Open,High,Low,Close,Volume,OpenInt
2017-09-12,15:35:00,26.76,26.76,26.6408,26.6408,1802,0
2017-09-12,15:40:00,26.6906,26.6906,26.6906,26.6906,1000,0
2017-09-12,15:45:00,26.65,26.65,26.65,26.65,126,0
2017-09-12,16:05:00,26.62,26.641,26.62,26.641,1000,0
2017-09-12,16:10:00,26.65,26.65,26.65,26.65,100,0
2017-09-12,16:30:00,26.66,26.667,26.66,26.667,1000,0
2017-09-12,17:35:00,26.7,26.7,26.697,26.697,800,0
2017-09-12,17:45:00,26.68,26.68,26.68,26.68,200,0
2017-09-12,18:05:00,26.66,26.66,26.64,26.64,200,0
2017-09-12,19:25:00,26.6479,26.6479,26.6479,26.6479,122,0
2017-09-12,19:50:00,26.64,26.65,26.63,26.65,926,0
2017-09-12,21:40:00,26.7042,26.7042,26.7042,26.7042,200,0
2017-09-12,22:00:00,26.65,26.65,26.65,26.65,100,0
2017-09-13,15:35:00,26.7,26.7,26.7,26.7,302,0
2017-09-13,15:45:00,26.75,26.9,26.75,26.9,1000,0
2017-09-13,17:05:00,26.7,26.7,26.65,26.65,5925,0
2017-09-13,18:15:00,26.66,26.66,26.66,26.66,500,0
2017-09-13,18:50:00,26.66,26.66,26.66,26.66,100,0
2017-09-13,19:25:00,26.63,26.65,26.63,26.65,1780,0
2017-09-13,20:30:00,26.65,26.65,26.647,26.647,700,0
2017-09-13,21:20:00,26.65,26.66,26.65,26.66,711,0
2017-09-13,21:25:00,26.65,26.65,26.6,26.6269,2578,0
2017-09-13,22:00:00,26.642,26.642,26.642,26.642,100,0
2017-09-14,15:35:00,26.54,26.54,26.54,26.54,345,0
2017-09-14,16:10:00,26.5978,26.5978,26.5978,26.5978,143,0
2017-09-14,17:00:00,26.63,26.63,26.63,26.63,300,0
2017-09-14,17:15:00,26.59,26.59,26.59,26.59,100,0
2017-09-14,17:35:00,26.6299,26.6299,26.6299,26.6299,221,0
2017-09-14,17:45:00,26.6124,26.6124,26.6124,26.6124,400,0
2017-09-14,18:40:00,26.57,26.57,26.5679,26.5679,400,0
2017-09-14,20:50:00,26.5801,26.5801,26.5801,26.5801,300,0
2017-09-14,20:55:00,26.5916,26.5916,26.5916,26.5916,200,0
2017-09-14,21:55:00,26.6,26.6,26.6,26.6,100,0
2017-09-15,15:35:00,26.63,26.63,26.63,26.63,204,0
2017-09-15,15:45:00,26.6198,26.6198,26.6198,26.6198,940,0
2017-09-15,16:25:00,26.6,26.6,26.6,26.6,200,0
2017-09-15,16:35:00,26.61,26.61,26.6,26.6,400,0
2017-09-15,16:50:00,26.6,26.6,26.6,26.6,316,0
2017-09-15,19:20:00,26.6,26.6,26.6,26.6,200,0
2017-09-15,19:25:00,26.59,26.59,26.59,26.59,379,0
2017-09-15,20:40:00,26.62,26.62,26.62,26.62,140,0
2017-09-15,21:35:00,26.63,26.63,26.63,26.63,943,0
2017-09-15,21:45:00,26.6279,26.6279,26.6279,26.6279,200,0
2017-09-15,22:00:00,26.64,26.64,26.64,26.64,136,0
2017-09-18,15:35:00,26.67,26.67,26.67,26.67,585,0
2017-09-18,16:35:00,26.5804,26.5804,26.5804,26.5804,100,0
2017-09-18,16:50:00,26.6082,26.6082,26.6082,26.6082,117,0
2017-09-18,16:55:00,26.591,26.591,26.591,26.591,100,0
2017-09-18,17:00:00,26.65,26.65,26.65,26.65,270,0
2017-09-18,17:15:00,26.6008,26.6008,26.6008,26.6008,100,0
2017-09-18,17:40:00,26.6107,26.6107,26.6107,26.6107,100,0
2017-09-18,18:05:00,26.6206,26.6206,26.6206,26.6206,100,0
2017-09-18,18:35:00,26.6206,26.6206,26.6206,26.6206,100,0
2017-09-18,18:40:00,26.621,26.621,26.621,26.621,342,0
2017-09-18,19:05:00,26.62,26.62,26.62,26.62,100,0
2017-09-18,19:35:00,26.6306,26.6306,26.6306,26.6306,100,0
2017-09-18,19:55:00,26.6555,26.6555,26.6555,26.6555,140,0
2017-09-18,20:05:00,26.6664,26.6664,26.6306,26.6306,463,0
2017-09-18,20:20:00,26.6301,26.6301,26.6301,26.6301,785,0
2017-09-18,20:25:00,26.67,26.67,26.67,26.67,700,0
2017-09-18,20:30:00,26.6306,26.6306,26.6306,26.6306,100,0
2017-09-18,20:40:00,26.6694,26.6694,26.6694,26.6694,320,0
2017-09-18,20:55:00,26.6305,26.6305,26.6305,26.6305,100,0
2017-09-18,21:20:00,26.6306,26.6306,26.6306,26.6306,100,0
2017-09-18,21:35:00,26.6307,26.6307,26.6307,26.6307,100,0
2017-09-18,21:45:00,26.6307,26.6307,26.6301,26.6307,498,0
2017-09-18,21:55:00,26.6338,26.6338,26.6308,26.6308,470,0
2017-09-18,22:00:00,26.6307,26.6307,26.6307,26.6307,200,0
2017-09-19,15:35:00,26.7,26.7,26.7,26.7,1242,0
2017-09-19,15:40:00,26.6772,26.6772,26.6772,26.6772,439,0
2017-09-19,16:00:00,26.65,26.65,26.65,26.65,100,0
2017-09-19,16:10:00,26.68,26.68,26.63,26.63,386,0
2017-09-19,16:30:00,26.66,26.66,26.66,26.66,100,0
2017-09-19,16:35:00,26.67,26.67,26.67,26.67,100,0
2017-09-19,17:05:00,26.67,26.67,26.66,26.66,200,0
2017-09-19,17:15:00,26.65,26.65,26.65,26.65,750,0
2017-09-19,17:25:00,26.65,26.65,26.65,26.65,100,0
2017-09-19,17:45:00,26.63,26.63,26.63,26.63,100,0
2017-09-19,18:00:00,26.649,26.649,26.649,26.649,165,0
2017-09-19,18:30:00,26.63,26.64,26.63,26.6366,1489,0
2017-09-19,18:55:00,26.6288,26.6288,26.6288,26.6288,500,0
2017-09-19,19:20:00,26.6,26.6,26.6,26.6,100,0
2017-09-19,19:55:00,26.6023,26.6023,26.6023,26.6023,550,0
2017-09-19,20:15:00,26.6179,26.6179,26.6179,26.6179,119,0
2017-09-19,20:25:00,26.62,26.62,26.62,26.62,100,0
2017-09-19,21:00:00,26.6,26.6,26.6,26.6,100,0
2017-09-19,21:20:00,26.62,26.62,26.62,26.62,100,0
2017-09-19,21:55:00,26.6,26.618,26.6,26.618,1100,0
2017-09-19,22:00:00,26.6,26.6,26.6,26.6,196,0
2017-09-20,15:35:00,26.63,26.63,26.63,26.63,185,0
2017-09-20,16:00:00,26.61,26.61,26.61,26.61,200,0
2017-09-20,16:05:00,26.6297,26.6297,26.6297,26.6297,400,0
2017-09-20,16:20:00,26.62,26.63,26.62,26.63,500,0
2017-09-20,16:35:00,26.61,26.61,26.61,26.61,400,0
2017-09-20,16:40:00,26.61,26.61,26.61,26.61,100,0
2017-09-20,16:45:00,26.62,26.62,26.62,26.62,500,0
2017-09-20,16:55:00,26.62,26.62,26.62,26.62,100,0
2017-09-20,17:05:00,26.6231,26.6231,26.6231,26.6231,285,0
2017-09-20,17:20:00,26.62,26.62,26.62,26.62,100,0
2017-09-20,17:30:00,26.6324,26.65,26.61,26.61,13229,0
2017-09-20,17:40:00,26.61,26.61,26.61,26.61,200,0
2017-09-20,18:00:00,26.61,26.61,26.61,26.61,277,0
2017-09-20,18:05:00,26.61,26.61,26.61,26.61,100,0
2017-09-20,18:25:00,26.61,26.61,26.61,26.61,100,0
2017-09-20,18:30:00,26.68,26.69,26.68,26.69,200,0
2017-09-20,19:05:00,26.61,26.61,26.61,26.61,100,0
2017-09-20,19:10:00,26.6328,26.6328,26.6328,26.6328,259,0
2017-09-20,19:20:00,26.6343,26.6343,26.6343,26.6343,186,0
2017-09-20,19:30:00,26.61,26.61,26.61,26.61,200,0
2017-09-20,19:50:00,26.61,26.61,26.6,26.6,1081,0
2017-09-20,19:55:00,26.6,26.6,26.6,26.6,100,0
2017-09-20,20:10:00,26.6,26.6,26.6,26.6,100,0
2017-09-20,20:20:00,26.58,26.58,26.58,26.58,105,0
2017-09-20,20:25:00,26.54,26.54,26.54,26.54,100,0
2017-09-20,20:35:00,26.54,26.54,26.54,26.54,100,0
2017-09-20,21:00:00,26.55,26.55,26.54,26.54,633,0
2017-09-20,21:20:00,26.54,26.54,26.54,26.54,100,0
2017-09-20,21:45:00,26.5486,26.5486,26.51,26.51,600,0
2017-09-20,21:50:00,26.525,26.525,26.52,26.525,1000,0
2017-09-20,21:55:00,26.55,26.55,26.55,26.55,200,0
2017-09-20,22:00:00,26.5884,26.5884,26.55,26.55,1060,0
2017-09-21,15:35:00,26.55,26.55,26.55,26.55,238,0
2017-09-21,15:40:00,26.55,26.55,26.55,26.55,159,0
2017-09-21,16:10:00,26.59,26.59,26.59,26.59,100,0
2017-09-21,16:20:00,26.59,26.59,26.59,26.59,100,0
2017-09-21,16:30:00,26.6299,26.65,26.6106,26.65,1722,0
2017-09-21,16:35:00,26.64,26.64,26.64,26.64,194,0
2017-09-21,17:00:00,26.65,26.65,26.65,26.65,1000,0
2017-09-21,17:05:00,26.65,26.65,26.65,26.65,165,0
2017-09-21,18:00:00,26.6,26.6,26.6,26.6,200,0
2017-09-21,18:15:00,26.6,26.6,26.6,26.6,100,0
2017-09-21,18:25:00,26.6301,26.6301,26.6301,26.6301,126,0
2017-09-21,18:30:00,26.63,26.63,26.63,26.63,100,0
2017-09-21,18:45:00,26.63,26.63,26.63,26.63,300,0
2017-09-21,18:55:00,26.6,26.6,26.6,26.6,100,0
2017-09-21,19:00:00,26.6186,26.6186,26.6186,26.6186,120,0
2017-09-21,19:10:00,26.6,26.6,26.6,26.6,115,0
2017-09-21,19:15:00,26.51,26.6,26.51,26.6,200,0
2017-09-21,20:05:00,26.51,26.51,26.51,26.51,100,0
2017-09-21,20:20:00,26.51,26.51,26.51,26.51,100,0
2017-09-21,20:35:00,26.6116,26.6116,26.6116,26.6116,200,0
2017-09-21,20:45:00,26.52,26.52,26.52,26.52,100,0
2017-09-21,20:55:00,26.58,26.58,26.58,26.58,100,0
2017-09-21,21:20:00,26.61,26.8,26.61,26.7999,2900,0
2017-09-21,21:25:00,26.6,26.6928,26.6,26.6928,459,0
2017-09-21,21:40:00,26.58,26.58,26.58,26.58,100,0
2017-09-21,21:50:00,26.585,26.585,26.585,26.585,100,0
2017-09-21,22:00:00,26.58,26.58,26.58,26.58,649,0
2017-09-22,15:35:00,26.78,26.78,26.7268,26.7268,320,0
2017-09-22,16:25:00,26.6783,26.68,26.6656,26.68,350,0
2017-09-22,16:45:00,26.675,26.69,26.675,26.69,200,0
2017-09-22,17:30:00,26.701,26.701,26.701,26.701,240,0
2017-09-22,17:50:00,26.6801,26.6801,26.6801,26.6801,230,0
2017-09-22,17:55:00,26.68,26.68,26.68,26.68,200,0
2017-09-22,18:00:00,26.69,26.69,26.69,26.69,271,0
2017-09-22,18:30:00,26.7018,26.7018,26.7018,26.7018,202,0
2017-09-22,18:35:00,26.66,26.66,26.66,26.66,200,0
2017-09-22,19:25:00,26.6,26.6,26.57,26.57,200,0
2017-09-22,20:30:00,26.58,26.58,26.58,26.58,100,0
2017-09-22,20:55:00,26.58,26.58,26.58,26.58,100,0
2017-09-22,21:15:00,26.57,26.57,26.57,26.57,144,0
2017-09-22,21:40:00,26.6,26.6,26.6,26.6,400,0
2017-09-22,21:55:00,26.56,26.56,26.56,26.56,100,0
2017-09-22,22:00:00,26.56,26.56,26.56,26.56,132,0
2017-09-25,15:35:00,26.7,26.7,26.7,26.7,208,0
2017-09-25,16:40:00,26.687,26.687,26.687,26.687,300,0
2017-09-25,17:05:00,26.62,26.62,26.62,26.62,100,0
2017-09-25,17:10:00,26.63,26.63,26.61,26.61,209,0
2017-09-25,17:25:00,26.64,26.64,26.64,26.64,100,0
2017-09-25,17:40:00,26.6101,26.6101,26.6101,26.6101,100,0
2017-09-25,17:50:00,26.61,26.61,26.61,26.61,100,0
2017-09-25,18:10:00,26.61,26.61,26.61,26.61,100,0
2017-09-25,18:25:00,26.6101,26.6101,26.6101,26.6101,1000,0
2017-09-25,18:35:00,26.61,26.61,26.61,26.61,100,0
2017-09-25,18:50:00,26.62,26.62,26.6022,26.6022,3800,0
2017-09-25,19:00:00,26.56,26.56,26.56,26.56,100,0
2017-09-25,19:25:00,26.56,26.56,26.56,26.56,100,0
2017-09-25,19:40:00,26.6023,26.6023,26.6023,26.6023,465,0
2017-09-25,19:45:00,26.5984,26.617,26.56,26.56,1925,0
2017-09-25,20:05:00,26.59,26.59,26.56,26.56,786,0
2017-09-25,20:25:00,26.56,26.56,26.56,26.56,100,0
2017-09-25,20:35:00,26.65,26.65,26.65,26.65,100,0
2017-09-25,20:40:00,26.56,26.56,26.56,26.56,100,0
2017-09-25,21:00:00,26.56,26.56,26.56,26.56,100,0
2017-09-25,21:15:00,26.56,26.56,26.56,26.56,100,0
2017-09-25,21:30:00,26.56,26.68,26.56,26.68,1700,0
2017-09-25,21:35:00,26.68,26.68,26.68,26.68,1000,0
2017-09-25,21:40:00,26.68,26.68,26.68,26.68,100,0
2017-09-25,21:55:00,26.68,26.68,26.68,26.68,100,0
2017-09-25,22:00:00,26.68,26.68,26.68,26.68,700,0
2017-09-26,15:35:00,26.79,26.79,26.79,26.79,512,0
2017-09-26,15:55:00,26.7,26.7,26.68,26.68,2383,0
2017-09-26,16:00:00,26.6384,26.6384,26.6384,26.6384,100,0
2017-09-26,16:10:00,26.68,26.68,26.68,26.68,100,0
2017-09-26,16:30:00,26.65,26.655,26.65,26.655,200,0
2017-09-26,16:55:00,26.64,26.67,26.64,26.67,200,0
2017-09-26,17:00:00,26.67,26.6801,26.67,26.6801,500,0
2017-09-26,17:05:00,26.68,26.68,26.67,26.6701,490,0
2017-09-26,17:10:00,26.67,26.67,26.67,26.67,394,0
2017-09-26,17:20:00,26.67,26.67,26.67,26.67,210,0
2017-09-26,18:35:00,26.62,26.6235,26.62,26.6235,846,0
2017-09-26,18:40:00,26.63,26.63,26.63,26.63,100,0
2017-09-26,19:10:00,26.65,26.65,26.65,26.65,100,0
2017-09-26,19:40:00,26.65,26.65,26.65,26.65,100,0
2017-09-26,20:10:00,26.66,26.66,26.66,26.66,100,0
2017-09-26,20:35:00,26.66,26.66,26.66,26.66,100,0
2017-09-26,20:45:00,26.7008,26.7008,26.7008,26.7008,1019,0
2017-09-26,20:50:00,26.7008,26.7008,26.7008,26.7008,1019,0
2017-09-26,21:00:00,26.66,26.66,26.66,26.66,100,0
2017-09-26,21:20:00,26.66,26.66,26.66,26.66,100,0
2017-09-26,21:40:00,26.66,26.66,26.66,26.66,100,0
2017-09-26,21:50:00,26.65,26.65,26.65,26.65,100,0
2017-09-26,21:55:00,26.68,26.68,26.68,26.68,100,0
2017-09-26,22:00:00,26.68,26.75,26.68,26.75,1270,0
2017-09-27,15:35:00,26.74,26.74,26.74,26.74,335,0
2017-09-27,16:15:00,26.68,26.68,26.68,26.68,200,0
2017-09-27,17:00:00,26.6,26.6,26.59,26.59,863,0
2017-09-27,17:55:00,26.53,26.53,26.53,26.53,200,0
2017-09-27,19:25:00,26.555,26.555,26.555,26.555,100,0
2017-09-27,20:00:00,26.555,26.6,26.555,26.6,485,0
2017-09-27,20:10:00,26.63,26.63,26.5918,26.5918,2767,0
2017-09-27,20:15:00,26.5918,26.5918,26.5909,26.5909,2750,0
2017-09-27,20:25:00,26.59,26.6,26.59,26.6,209,0
2017-09-27,20:45:00,26.6199,26.6199,26.6199,26.6199,500,0
2017-09-27,21:00:00,26.5999,26.5999,26.5999,26.5999,400,0
2017-09-27,21:10:00,26.59,26.62,26.59,26.62,3166,0
2017-09-27,21:30:00,26.62,26.62,26.62,26.62,100,0
2017-09-27,21:50:00,26.63,26.63,26.63,26.63,153,0
2017-09-27,22:00:00,26.52,26.52,26.5,26.5,1613,0
2017-09-28,15:35:00,26.61,26.61,26.61,26.61,533,0
2017-09-28,16:35:00,26.6099,26.6099,26.6099,26.6099,400,0
2017-09-28,16:40:00,26.5,26.5,26.5,26.5,100,0
2017-09-28,17:00:00,26.53,26.53,26.53,26.53,100,0
2017-09-28,17:05:00,26.53,26.53,26.5,26.5005,1435,0
2017-09-28,17:25:00,26.38,26.38,26.38,26.38,100,0
2017-09-28,17:45:00,26.38,26.38,26.38,26.38,100,0
2017-09-28,18:05:00,26.48,26.48,26.435,26.435,550,0
2017-09-28,18:15:00,26.39,26.39,26.39,26.39,100,0
2017-09-28,18:35:00,26.4899,26.4899,26.4899,26.4899,1000,0
2017-09-28,18:40:00,26.47,26.49,26.47,26.49,200,0
2017-09-28,18:45:00,26.5,26.58,26.433,26.58,2439,0
2017-09-28,19:05:00,26.5599,26.57,26.5599,26.57,500,0
2017-09-28,19:10:00,26.56,26.57,26.5599,26.57,1050,0
2017-09-28,19:30:00,26.53,26.5304,26.53,26.5304,1200,0
2017-09-28,19:40:00,26.43,26.43,26.43,26.43,100,0
2017-09-28,19:45:00,26.52,26.52,26.475,26.475,300,0
2017-09-28,20:00:00,26.53,26.53,26.53,26.53,123,0
2017-09-28,20:05:00,26.475,26.53,26.475,26.4898,746,0
2017-09-28,20:15:00,26.555,26.555,26.555,26.555,140,0
2017-09-28,20:30:00,26.5,26.57,26.5,26.5699,888,0
2017-09-28,20:50:00,26.5,26.57,26.5,26.5332,1404,0
2017-09-28,20:55:00,26.5,26.57,26.5,26.5248,596,0
2017-09-28,21:15:00,26.49,26.49,26.49,26.49,100,0
2017-09-28,21:30:00,26.485,26.485,26.485,26.485,100,0
2017-09-28,21:45:00,26.485,26.57,26.485,26.5201,478,0
2017-09-28,21:50:00,26.57,26.57,26.4858,26.4858,404,0
2017-09-28,22:00:00,26.44,26.57,26.43,26.56,800,0
2017-09-29,15:35:00,26.69,26.69,26.69,26.69,1217,0
2017-09-29,15:45:00,26.6344,26.6344,26.6344,26.6344,131,0
2017-09-29,15:50:00,26.6,26.63,26.6,26.6,1634,0
2017-09-29,16:05:00,26.6053,26.6053,26.6053,26.6053,211,0
2017-09-29,16:10:00,26.5938,26.5938,26.5938,26.5938,1000,0
2017-09-29,16:25:00,26.64,26.64,26.628,26.628,363,0
2017-09-29,16:30:00,26.61,26.62,26.61,26.62,703,0
2017-09-29,16:40:00,26.62,26.63,26.6,26.63,4321,0
2017-09-29,16:50:00,26.65,26.65,26.65,26.65,200,0
2017-09-29,16:55:00,26.67,26.6751,26.65,26.6751,1500,0
2017-09-29,17:05:00,26.6569,26.6569,26.6569,26.6569,950,0
2017-09-29,17:10:00,26.715,26.715,26.65,26.65,916,0
2017-09-29,17:20:00,26.65,26.65,26.65,26.65,200,0
2017-09-29,17:30:00,26.57,26.6103,26.56,26.576,1050,0
2017-09-29,17:40:00,26.43,26.45,26.43,26.45,200,0
2017-09-29,17:45:00,26.44,26.44,26.44,26.44,100,0
2017-09-29,17:50:00,26.44,26.44,26.4,26.4,200,0
2017-09-29,17:55:00,26.56,26.56,26.56,26.56,100,0
2017-09-29,18:00:00,26.54,26.54,26.54,26.54,100,0
2017-09-29,18:35:00,26.53,26.58,26.52,26.54,953,0
2017-09-29,18:45:00,26.54,26.54,26.4,26.41,2435,0
2017-09-29,18:50:00,26.3801,26.54,26.3801,26.54,224,0
2017-09-29,19:05:00,26.52,26.52,26.5,26.5,200,0
2017-09-29,19:35:00,26.5487,26.5487,26.5487,26.5487,400,0
2017-09-29,19:40:00,26.5415,26.57,26.54,26.57,739,0
2017-09-29,19:50:00,26.55,26.55,26.55,26.55,235,0
2017-09-29,19:55:00,26.5699,26.5699,26.5699,26.5699,133,0
2017-09-29,20:25:00,26.59,26.59,26.59,26.59,100,0
2017-09-29,20:45:00,26.65,26.65,26.65,26.65,100,0
2017-09-29,20:55:00,26.64,26.64,26.64,26.64,335,0
2017-09-29,21:00:00,26.64,26.64,26.64,26.64,100,0
2017-09-29,21:10:00,26.65,26.65,26.65,26.65,100,0
2017-09-29,21:20:00,26.63,26.63,26.63,26.63,100,0
2017-09-29,21:25:00,26.64,26.64,26.64,26.64,100,0
2017-09-29,21:35:00,26.65,26.65,26.5972,26.5972,512,0
2017-09-29,21:50:00,26.65,26.65,26.65,26.65,100,0
2017-09-29,21:55:00,26.65,26.65,26.65,26.65,200,0
2017-09-29,22:00:00,26.74,26.76,26.74,26.76,369,0
2017-10-02,15:35:00,26.72,26.72,26.72,26.72,162,0
2017-10-02,16:00:00,26.57,26.57,26.57,26.57,122,0
2017-10-02,16:10:00,26.67,26.67,26.56,26.67,400,0
2017-10-02,18:45:00,26.5989,26.5989,26.5989,26.5989,660,0
2017-10-02,19:20:00,26.62,26.62,26.62,26.62,189,0
2017-10-02,19:45:00,26.61,26.61,26.61,26.61,400,0
2017-10-02,20:10:00,26.57,26.57,26.56,26.56,1310,0
2017-10-02,20:15:00,26.48,26.48,26.48,26.48,176,0
2017-10-02,20:35:00,26.4999,26.4999,26.4999,26.4999,1000,0
2017-10-02,20:55:00,26.46,26.47,26.46,26.47,1177,0
2017-10-02,21:10:00,26.5154,26.5154,26.5154,26.5154,262,0
2017-10-02,22:00:00,26.41,26.42,26.4,26.4,481,0
2017-10-03,15:35:00,26.38,26.38,26.38,26.38,431,0
2017-10-03,18:05:00,26.3641,26.3641,26.3641,26.3641,740,0
2017-10-03,18:10:00,26.37,26.37,26.36,26.37,303,0
2017-10-03,18:20:00,26.3799,26.38,26.3799,26.38,951,0
2017-10-03,18:50:00,26.42,26.5172,26.4178,26.5172,1278,0
2017-10-03,19:35:00,26.4872,26.52,26.4872,26.4891,342,0
2017-10-03,20:25:00,26.5,26.52,26.42,26.42,500,0
2017-10-03,20:40:00,26.43,26.43,26.42,26.42,200,0
2017-10-03,21:30:00,26.42,26.51,26.42,26.51,800,0
2017-10-03,21:45:00,26.4737,26.4737,26.4737,26.4737,141,0
2017-10-03,21:55:00,26.37,26.37,26.37,26.37,110,0
2017-10-04,15:35:00,26.34,26.34,26.34,26.34,132,0
2017-10-04,15:40:00,26.33,26.33,26.33,26.33,100,0
2017-10-04,16:10:00,26.39,26.39,26.39,26.39,100,0
2017-10-04,16:35:00,26.34,26.34,26.34,26.34,100,0
2017-10-04,16:55:00,26.34,26.34,26.34,26.34,100,0
2017-10-04,17:15:00,26.34,26.34,26.34,26.34,893,0
2017-10-04,17:45:00,26.335,26.335,26.335,26.335,400,0
2017-10-04,17:50:00,26.3475,26.36,26.31,26.36,2870,0
2017-10-04,17:55:00,26.34,26.34,26.34,26.34,100,0
2017-10-04,19:00:00,26.33,26.33,26.33,26.33,1000,0
2017-10-04,19:15:00,26.34,26.34,26.34,26.34,100,0
2017-10-04,19:20:00,26.3218,26.3218,26.3218,26.3218,165,0
2017-10-04,20:20:00,26.335,26.335,26.335,26.335,242,0
2017-10-04,20:50:00,26.3425,26.36,26.34,26.35,1300,0
2017-10-04,21:45:00,26.33,26.33,26.33,26.33,700,0
2017-10-04,21:50:00,26.35,26.35,26.35,26.35,296,0
2017-10-04,21:55:00,26.29,26.29,26.29,26.29,210,0
2017-10-04,22:00:00,26.31,26.31,26.29,26.29,372,0
2017-10-05,15:35:00,26.29,26.4946,26.29,26.4946,329,0
2017-10-05,16:10:00,26.45,26.45,26.45,26.45,100,0
2017-10-05,16:30:00,26.6,26.6,26.6,26.6,137,0
2017-10-05,18:50:00,26.5284,26.5284,26.5284,26.5284,700,0
2017-10-05,19:40:00,26.4978,26.4978,26.4978,26.4978,156,0
2017-10-05,20:10:00,26.43,26.43,26.43,26.43,500,0
2017-10-05,20:15:00,26.42,26.42,26.42,26.42,400,0
2017-10-05,20:55:00,26.33,26.34,26.33,26.33,527,0
2017-10-05,21:15:00,26.3298,26.3298,26.3298,26.3298,1148,0
2017-10-05,21:25:00,26.33,26.33,26.33,26.33,200,0
2017-10-05,21:35:00,26.32,26.32,26.32,26.32,213,0
2017-10-05,21:50:00,26.29,26.29,26.29,26.29,300,0
2017-10-05,21:55:00,26.29,26.29,26.29,26.29,110,0
2017-10-05,22:00:00,26.3,26.3,26.3,26.3,400,0
2017-10-06,15:35:00,26.29,26.29,26.29,26.29,560,0
2017-10-06,15:45:00,26.29,26.29,26.29,26.29,242,0
2017-10-06,16:00:00,26.17,26.17,26.16,26.16,3391,0
2017-10-06,16:05:00,26.12,26.12,26.12,26.12,100,0
2017-10-06,16:15:00,26.16,26.18,26.16,26.18,1425,0
2017-10-06,16:20:00,26.18,26.23,26.18,26.23,300,0
2017-10-06,17:00:00,26.2239,26.2239,26.2239,26.2239,100,0
2017-10-06,17:10:00,26.19,26.19,26.19,26.19,500,0
2017-10-06,17:15:00,26.16,26.18,26.16,26.18,300,0
2017-10-06,17:20:00,26.19,26.19,26.19,26.19,580,0
2017-10-06,17:25:00,26.19,26.21,26.19,26.21,706,0
2017-10-06,18:15:00,26.22,26.22,26.22,26.22,100,0
2017-10-06,18:30:00,26.16,26.16,26.16,26.16,100,0
2017-10-06,18:35:00,26.16,26.16,26.16,26.16,100,0
2017-10-06,19:10:00,26.1683,26.1683,26.1683,26.1683,120,0
2017-10-06,19:15:00,26.16,26.16,26.0629,26.0629,2170,0
2017-10-06,19:25:00,26.12,26.127,26.12,26.127,1000,0
2017-10-06,19:35:00,26.09,26.09,26.09,26.09,100,0
2017-10-06,19:45:00,26.13,26.1687,26.13,26.1687,882,0
2017-10-06,20:00:00,26.086,26.086,26.086,26.086,200,0
2017-10-06,20:15:00,26.14,26.18,26.14,26.18,662,0
2017-10-06,20:35:00,26.1121,26.1121,26.1121,26.1121,800,0
2017-10-06,20:45:00,26.1,26.1,26.0867,26.0867,1144,0
2017-10-06,20:55:00,26.1322,26.1322,26.1322,26.1322,400,0
2017-10-06,21:15:00,26.12,26.14,26.12,26.14,200,0
2017-10-06,21:55:00,26.17,26.17,26.17,26.17,300,0
2017-10-09,16:50:00,26.06,26.06,26.06,26.06,700,0
2017-10-09,17:40:00,26.1,26.1,26.1,26.1,944,0
2017-10-09,18:20:00,26.19,26.19,26.19,26.19,146,0
2017-10-09,19:10:00,26.16,26.1747,26.15,26.1747,900,0
2017-10-09,19:40:00,26.19,26.19,26.19,26.19,100,0
2017-10-09,20:00:00,26.196,26.196,26.196,26.196,832,0
2017-10-09,20:05:00,26.22,26.33,26.22,26.306,3958,0
2017-10-09,20:35:00,26.3,26.3,26.3,26.3,100,0
2017-10-09,21:10:00,26.29,26.29,26.29,26.29,1700,0
2017-10-09,21:45:00,26.2324,26.2324,26.2324,26.2324,224,0
2017-10-09,21:50:00,26.26,26.26,26.26,26.26,121,0
2017-10-09,22:00:00,26.2,26.35,26.16,26.16,1342,0
2017-10-10,15:35:00,26.22,26.22,26.22,26.22,287,0
2017-10-10,15:50:00,26.23,26.23,26.23,26.23,100,0
2017-10-10,15:55:00,26.23,26.23,26.23,26.23,100,0
2017-10-10,16:30:00,26.23,26.23,26.23,26.23,100,0
2017-10-10,17:20:00,26.25,26.25,26.22,26.22,340,0
2017-10-10,18:05:00,26.285,26.285,26.285,26.285,140,0
2017-10-10,18:10:00,26.25,26.25,26.22,26.22,365,0
2017-10-10,19:10:00,26.26,26.3,26.26,26.2783,1622,0
2017-10-10,19:20:00,26.2916,26.3,26.2916,26.3,1483,0
2017-10-10,19:40:00,26.2702,26.28,26.2702,26.28,2000,0
2017-10-10,19:45:00,26.28,26.28,26.2604,26.2775,834,0
2017-10-10,19:50:00,26.2581,26.2581,26.2581,26.2581,373,0
2017-10-10,20:25:00,26.23,26.23,26.23,26.23,100,0
2017-10-10,21:15:00,26.2602,26.2602,26.2602,26.2602,100,0
2017-10-10,21:25:00,26.22,26.22,26.22,26.22,100,0
2017-10-10,21:40:00,26.26,26.26,26.26,26.26,112,0
2017-10-10,22:00:00,26.27,26.31,26.27,26.31,693,0
2017-10-11,15:35:00,26.2,26.2,26.2,26.2,354,0
2017-10-11,16:30:00,26.3,26.3,26.3,26.3,100,0
2017-10-11,16:50:00,26.28,26.28,26.28,26.28,900,0
2017-10-11,17:10:00,26.28,26.28,26.27,26.27,600,0
2017-10-11,17:25:00,26.2654,26.2654,26.2654,26.2654,571,0
2017-10-11,17:40:00,26.2487,26.2487,26.2367,26.2374,2500,0
2017-10-11,17:50:00,26.27,26.27,26.27,26.27,100,0
2017-10-11,18:15:00,26.28,26.28,26.28,26.28,642,0
2017-10-11,18:20:00,26.28,26.281,26.28,26.28,763,0
2017-10-11,19:40:00,26.31,26.31,26.31,26.31,502,0
2017-10-11,20:25:00,26.23,26.26,26.22,26.26,400,0
2017-10-11,20:45:00,26.2,26.2044,26.16,26.2044,600,0
2017-10-11,21:10:00,26.21,26.21,26.21,26.21,101,0
2017-10-12,15:35:00,26.17,26.17,26.15,26.15,1159,0
2017-10-12,15:45:00,26.2244,26.2244,26.2244,26.2244,187,0
2017-10-12,17:05:00,26.24,26.24,26.23,26.23,548,0
2017-10-12,17:20:00,26.24,26.2425,26.24,26.2425,200,0
2017-10-12,17:30:00,26.29,26.29,26.29,26.29,100,0
2017-10-12,18:05:00,26.28,26.28,26.26,26.26,200,0
2017-10-12,18:20:00,26.25,26.2531,26.25,26.2531,1800,0
2017-10-12,18:55:00,26.26,26.26,26.26,26.26,100,0
2017-10-12,19:20:00,26.2772,26.2772,26.2772,26.2772,107,0
2017-10-12,19:40:00,26.27,26.27,26.27,26.27,142,0
2017-10-12,19:50:00,26.2867,26.2867,26.2867,26.2867,552,0
2017-10-12,20:15:00,26.27,26.27,26.27,26.27,171,0
2017-10-12,20:30:00,26.2681,26.2681,26.26,26.2621,1106,0
2017-10-12,20:45:00,26.269,26.269,26.269,26.269,452,0
2017-10-12,20:55:00,26.2699,26.2699,26.2699,26.2699,245,0
2017-10-12,21:00:00,26.27,26.27,26.27,26.27,100,0
2017-10-12,21:30:00,26.27,26.27,26.27,26.27,100,0
2017-10-12,21:35:00,26.27,26.27,26.27,26.27,100,0
2017-10-12,21:40:00,26.25,26.251,26.25,26.25,1991,0
2017-10-12,21:45:00,26.2597,26.2651,26.2597,26.2651,900,0
2017-10-12,21:55:00,26.27,26.27,26.26,26.26,200,0
2017-10-12,22:00:00,26.25,26.25,26.25,26.25,100,0
2017-10-13,15:35:00,26.24,26.24,26.24,26.24,100,0
2017-10-13,15:40:00,26.2443,26.2443,26.2443,26.2443,141,0
2017-10-13,15:45:00,26.2498,26.2498,26.2498,26.2498,200,0
2017-10-13,16:05:00,26.26,26.26,26.26,26.26,100,0
2017-10-13,16:10:00,26.26,26.26,26.26,26.26,100,0
2017-10-13,17:10:00,26.26,26.26,26.26,26.26,162,0
2017-10-13,17:45:00,26.25,26.25,26.25,26.25,700,0
2017-10-13,18:05:00,26.25,26.25,26.2405,26.2405,2000,0
2017-10-13,18:10:00,26.22,26.22,26.22,26.22,100,0
2017-10-13,18:35:00,26.22,26.22,26.22,26.22,400,0
2017-10-13,18:40:00,26.2224,26.2224,26.2224,26.2224,146,0
2017-10-13,19:50:00,26.21,26.21,26.21,26.21,100,0
2017-10-13,20:10:00,26.25,26.25,26.25,26.25,100,0
2017-10-13,20:15:00,26.25,26.25,26.2382,26.2382,687,0
2017-10-13,20:20:00,26.22,26.22,26.22,26.22,118,0
2017-10-13,20:30:00,26.25,26.25,26.25,26.25,1044,0
2017-10-13,21:20:00,26.22,26.22,26.22,26.22,100,0
2017-10-13,21:40:00,26.2394,26.25,26.235,26.2351,1700,0
2017-10-16,15:35:00,26.21,26.21,26.21,26.21,100,0
2017-10-16,15:40:00,26.1784,26.1784,26.1784,26.1784,366,0
2017-10-16,16:25:00,26.23,26.23,26.23,26.23,100,0
2017-10-16,16:45:00,26.25,26.25,26.25,26.25,2636,0
2017-10-16,17:20:00,26.2301,26.2301,26.2301,26.2301,366,0
2017-10-16,18:15:00,26.25,26.25,26.25,26.25,100,0
2017-10-16,18:25:00,26.23,26.2346,26.23,26.2346,300,0
2017-10-16,18:30:00,26.25,26.27,26.25,26.27,3560,0
2017-10-16,18:35:00,26.32,26.32,26.32,26.32,100,0
2017-10-16,18:50:00,26.3,26.31,26.3,26.31,300,0
2017-10-16,19:10:00,26.2706,26.2706,26.2706,26.2706,1000,0
2017-10-16,19:15:00,26.32,26.32,26.32,26.32,100,0
2017-10-16,20:40:00,26.3499,26.3499,26.3499,26.3499,118,0
2017-10-16,21:05:00,26.31,26.31,26.31,26.31,100,0
2017-10-16,21:10:00,26.31,26.31,26.3,26.3,1205,0
2017-10-16,21:15:00,26.3,26.3,26.3,26.3,400,0
2017-10-16,21:20:00,26.25,26.25,26.25,26.25,170,0
2017-10-16,21:50:00,26.25,26.2777,26.25,26.25,1700,0
2017-10-16,22:00:00,26.3231,26.3231,26.3231,26.3231,200,0
2017-10-17,15:35:00,26.28,26.28,26.28,26.28,172,0
2017-10-17,16:05:00,26.3201,26.3201,26.3201,26.3201,1250,0
2017-10-17,16:50:00,26.3188,26.3188,26.3188,26.3188,400,0
2017-10-17,17:35:00,26.2974,26.2974,26.2974,26.2974,300,0
2017-10-17,17:40:00,26.29,26.29,26.29,26.29,100,0
2017-10-17,19:55:00,26.2436,26.2436,26.2436,26.2436,139,0
2017-10-17,20:15:00,26.2315,26.2315,26.2315,26.2315,151,0
2017-10-17,20:40:00,26.22,26.2201,26.22,26.2201,1470,0
2017-10-17,21:05:00,26.2253,26.2253,26.2253,26.2253,151,0
2017-10-17,21:10:00,26.22,26.22,26.22,26.22,200,0
2017-10-17,22:00:00,26.22,26.22,26.22,26.22,846,0
2017-10-18,15:35:00,26.27,26.27,26.27,26.27,127,0
2017-10-18,16:45:00,26.243,26.243,26.243,26.243,152,0
2017-10-18,16:50:00,26.22,26.22,26.22,26.22,100,0
2017-10-18,17:00:00,26.22,26.22,26.22,26.22,115,0
2017-10-18,17:10:00,26.2359,26.2359,26.2359,26.2359,200,0
2017-10-18,18:50:00,26.22,26.22,26.22,26.22,100,0
2017-10-18,21:10:00,26.2386,26.2386,26.2386,26.2386,300,0
2017-10-18,21:15:00,26.2316,26.2316,26.2316,26.2316,190,0
2017-10-18,21:20:00,26.2374,26.2374,26.2374,26.2374,419,0
2017-10-18,22:00:00,26.29,26.29,26.29,26.29,100,0
2017-10-19,15:35:00,26.22,26.299,26.22,26.299,486,0
2017-10-19,16:10:00,26.29,26.296,26.23,26.296,1467,0
2017-10-19,16:45:00,26.23,26.23,26.23,26.23,100,0
2017-10-19,17:05:00,26.29,26.29,26.2766,26.2855,1884,0
2017-10-19,19:05:00,26.27,26.27,26.27,26.27,100,0
2017-10-19,19:45:00,26.3058,26.3058,26.3058,26.3058,191,0
2017-10-19,20:10:00,26.2936,26.2936,26.2936,26.2936,460,0
2017-10-19,20:30:00,26.27,26.27,26.27,26.27,100,0
2017-10-19,20:50:00,26.3196,26.3196,26.3196,26.3196,107,0
2017-10-19,21:25:00,26.27,26.27,26.27,26.27,100,0
2017-10-19,21:50:00,26.27,26.27,26.27,26.27,100,0
2017-10-19,21:55:00,26.3046,26.32,26.3046,26.32,232,0
2017-10-19,22:00:00,26.32,26.32,26.3156,26.3156,600,0
2017-10-20,16:05:00,26.2539,26.2539,26.2539,26.2539,227,0
2017-10-20,16:10:00,26.27,26.27,26.27,26.27,100,0
2017-10-20,16:20:00,26.23,26.23,26.23,26.23,776,0
2017-10-20,16:50:00,26.24,26.24,26.24,26.24,450,0
2017-10-20,16:55:00,26.2599,26.26,26.22,26.26,1817,0
2017-10-20,17:30:00,26.31,26.31,26.31,26.31,313,0
2017-10-20,18:05:00,26.2703,26.2703,26.2703,26.2703,200,0
2017-10-20,18:45:00,26.31,26.31,26.3054,26.3054,300,0
2017-10-20,19:55:00,26.31,26.31,26.31,26.31,671,0
2017-10-20,20:35:00,26.35,26.35,26.35,26.35,100,0
2017-10-20,20:40:00,26.3357,26.3357,26.3357,26.3357,206,0
2017-10-20,20:45:00,26.36,26.36,26.355,26.36,700,0
2017-10-20,20:50:00,26.36,26.36,26.36,26.36,200,0
2017-10-20,21:05:00,26.359,26.359,26.359,26.359,300,0
2017-10-20,21:10:00,26.3566,26.36,26.3565,26.3599,1542,0
2017-10-20,21:20:00,26.35,26.35,26.35,26.35,100,0
2017-10-20,21:40:00,26.3164,26.3164,26.3164,26.3164,200,0
2017-10-20,21:50:00,26.38,26.39,26.35,26.3899,1350,0
2017-10-20,21:55:00,26.39,26.4,26.3494,26.37,3400,0
2017-10-20,22:00:00,26.46,26.54,26.4599,26.54,5237,0
2017-10-23,15:35:00,26.5,26.5,26.5,26.5,125,0
2017-10-23,15:40:00,26.54,26.55,26.54,26.55,328,0
2017-10-23,15:50:00,26.504,26.504,26.504,26.504,172,0
2017-10-23,16:20:00,26.64,26.64,26.64,26.64,300,0
2017-10-23,16:45:00,26.64,26.64,26.6051,26.6051,200,0
2017-10-23,16:50:00,26.64,26.64,26.611,26.6236,2294,0
2017-10-23,18:00:00,26.71,26.74,26.71,26.74,1300,0
2017-10-23,18:15:00,26.7,26.7,26.7,26.7,900,0
2017-10-23,18:25:00,26.8,26.91,26.73,26.8728,3200,0
2017-10-23,19:00:00,26.671,26.671,26.671,26.671,200,0
2017-10-23,19:55:00,26.88,26.88,26.88,26.88,100,0
2017-10-23,20:00:00,26.9,26.9,26.87,26.8933,1218,0
2017-10-23,20:10:00,26.79,26.79,26.79,26.79,100,0
2017-10-23,20:15:00,26.8,26.8,26.8,26.8,1000,0
2017-10-23,20:25:00,26.7529,26.7529,26.7529,26.7529,128,0
2017-10-23,20:30:00,26.7008,26.7008,26.7008,26.7008,1000,0
2017-10-23,20:45:00,26.68,26.68,26.68,26.68,400,0
2017-10-23,20:50:00,26.681,26.8,26.681,26.7999,1669,0
2017-10-23,21:10:00,26.71,26.795,26.7,26.7,2301,0
2017-10-23,21:25:00,26.7,26.7,26.6775,26.68,1414,0
2017-10-23,21:50:00,26.7783,26.7783,26.7783,26.7783,370,0
2017-10-23,22:00:00,26.7,26.7,26.68,26.68,568,0
2017-10-24,15:35:00,26.72,26.72,26.72,26.72,378,0
2017-10-24,15:55:00,26.8445,26.87,26.8445,26.87,900,0
2017-10-24,16:30:00,26.8582,26.8582,26.8582,26.8582,237,0
2017-10-24,16:50:00,26.8,26.81,26.79,26.79,1629,0
2017-10-24,17:20:00,26.801,26.801,26.8,26.8,1078,0
2017-10-24,17:25:00,26.8,26.8,26.8,26.8,600,0
2017-10-24,18:10:00,26.84,26.84,26.81,26.81,565,0
2017-10-24,18:30:00,26.8684,26.8684,26.8684,26.8684,800,0
2017-10-24,18:55:00,26.8534,26.8534,26.8534,26.8534,323,0
2017-10-24,19:25:00,26.87,26.87,26.84,26.87,379,0
2017-10-24,19:40:00,26.8799,26.8799,26.83,26.83,460,0
2017-10-24,19:50:00,26.81,26.81,26.8,26.8,300,0
2017-10-24,19:55:00,26.8,26.8,26.66,26.67,1300,0
2017-10-24,20:10:00,26.8057,26.8057,26.775,26.775,1175,0
2017-10-24,20:20:00,26.8,26.8,26.8,26.8,100,0
2017-10-24,20:25:00,26.7899,26.79,26.746,26.79,1028,0
2017-10-24,20:30:00,26.79,26.8,26.7899,26.7899,700,0
2017-10-24,20:50:00,26.79,26.8,26.79,26.7999,505,0
2017-10-24,21:00:00,26.7691,26.8,26.7691,26.8,500,0
2017-10-24,21:10:00,26.797,26.797,26.797,26.797,200,0
2017-10-24,21:15:00,26.8,26.8,26.7999,26.7999,570,0
2017-10-24,21:35:00,26.84,26.84,26.7866,26.84,1400,0
2017-10-24,21:40:00,26.8499,26.8499,26.8499,26.8499,200,0
2017-10-24,21:55:00,26.83,26.84,26.83,26.84,500,0
2017-10-24,22:00:00,26.6951,26.6951,26.6951,26.6951,985,0
2017-10-25,15:35:00,26.66,26.66,26.66,26.66,329,0
2017-10-25,15:55:00,26.84,26.84,26.84,26.84,100,0
2017-10-25,16:25:00,26.78,26.78,26.78,26.78,200,0
2017-10-25,16:30:00,26.6868,26.6868,26.6868,26.6868,225,0
2017-10-25,16:35:00,26.6836,26.73,26.6836,26.73,680,0
2017-10-25,16:45:00,26.72,26.73,26.72,26.73,200,0
2017-10-25,16:50:00,26.79,26.79,26.79,26.79,200,0
2017-10-25,16:55:00,26.72,26.72,26.69,26.71,300,0
2017-10-25,17:05:00,26.78,26.78,26.78,26.78,200,0
2017-10-25,17:50:00,26.78,26.78,26.78,26.78,100,0
2017-10-25,18:10:00,26.71,26.71,26.71,26.71,100,0
2017-10-25,18:50:00,26.72,26.72,26.72,26.72,100,0
2017-10-25,19:05:00,26.714,26.714,26.714,26.714,235,0
2017-10-25,19:20:00,26.85,26.85,26.8095,26.8324,1800,0
2017-10-25,19:25:00,26.76,26.76,26.76,26.76,100,0
2017-10-25,19:45:00,26.81,26.81,26.76,26.76,200,0
2017-10-25,21:00:00,26.8,26.8,26.6,26.6,800,0
2017-10-25,21:05:00,26.77,26.77,26.77,26.77,400,0
2017-10-25,21:55:00,26.758,26.758,26.758,26.758,365,0
2017-10-26,15:35:00,26.81,26.81,26.81,26.81,168,0
2017-10-26,15:40:00,26.5965,26.5965,26.5965,26.5965,180,0
2017-10-26,16:15:00,26.76,26.76,26.76,26.76,100,0
2017-10-26,16:20:00,26.73,26.74,26.72,26.72,400,0
2017-10-26,16:35:00,26.773,26.773,26.773,26.773,400,0
2017-10-26,17:20:00,26.7685,26.7685,26.7685,26.7685,800,0
2017-10-26,17:25:00,26.78,26.78,26.78,26.78,100,0
2017-10-26,17:50:00,26.73,26.73,26.73,26.73,2030,0
2017-10-26,18:35:00,26.75,26.75,26.75,26.75,100,0
2017-10-26,19:30:00,26.7958,26.7958,26.7958,26.7958,300,0
2017-10-26,20:15:00,26.73,26.73,26.73,26.73,100,0
2017-10-26,20:20:00,26.799,26.81,26.71,26.71,1344,0
2017-10-26,20:25:00,26.73,26.73,26.73,26.73,100,0
2017-10-26,21:00:00,26.792,26.792,26.792,26.792,200,0
2017-10-26,21:25:00,26.75,26.787,26.75,26.787,329,0
2017-10-26,21:50:00,26.73,26.73,26.73,26.73,100,0
2017-10-26,21:55:00,26.73,26.73,26.73,26.73,200,0
2017-10-26,22:00:00,26.8,26.83,26.74,26.8,1748,0
2017-10-27,15:35:00,26.76,26.76,26.76,26.76,305,0
2017-10-27,15:40:00,26.6974,26.818,26.6674,26.818,2150,0
2017-10-27,15:45:00,26.81,26.83,26.6774,26.8099,3038,0
2017-10-27,16:05:00,26.78,26.81,26.7424,26.7424,695,0
2017-10-27,16:10:00,26.76,26.76,26.75,26.75,300,0
2017-10-27,17:20:00,26.8,26.81,26.7683,26.81,2324,0
2017-10-27,17:40:00,26.83,26.83,26.83,26.83,400,0
2017-10-27,18:50:00,26.87,26.87,26.87,26.87,100,0
2017-10-27,19:10:00,26.8392,26.8392,26.8392,26.8392,100,0
2017-10-27,20:35:00,26.8213,26.8213,26.8213,26.8213,100,0
2017-10-27,20:50:00,26.845,26.845,26.8273,26.8273,276,0
2017-10-27,21:50:00,26.8201,26.83,26.8201,26.83,1220,0
2017-10-27,21:55:00,26.82,26.8694,26.82,26.8694,1410,0
2017-10-27,22:00:00,26.87,26.87,26.87,26.87,200,0
2017-10-30,15:15:00,26.78,26.78,26.7799,26.7799,420,0
2017-10-30,16:15:00,26.7901,26.7901,26.7901,26.7901,100,0
2017-10-30,16:20:00,26.77,26.77,26.77,26.77,657,0
2017-10-30,16:30:00,26.8,26.87,26.7711,26.79,1624,0
2017-10-30,16:35:00,26.87,26.87,26.87,26.87,100,0
2017-10-30,16:40:00,26.8348,26.8348,26.8348,26.8348,200,0
2017-10-30,16:55:00,26.87,26.9,26.87,26.9,1529,0
2017-10-30,18:50:00,26.8586,26.8586,26.8586,26.8586,195,0
2017-10-30,19:10:00,26.9,26.93,26.9,26.9048,1152,0
2017-10-30,19:30:00,26.93,26.93,26.93,26.93,100,0
2017-10-30,19:45:00,26.84,26.84,26.75,26.795,918,0
2017-10-30,19:55:00,26.75,26.75,26.75,26.75,200,0
2017-10-30,20:25:00,26.73,26.7373,26.73,26.7373,2751,0
2017-10-30,20:55:00,26.76,26.76,26.74,26.74,847,0
2017-10-30,21:00:00,27,27,26.89,26.92,1015,0
2017-10-31,14:35:00,26.89,26.89,26.89,26.89,212,0
2017-10-31,15:10:00,26.82,26.82,26.82,26.82,100,0
2017-10-31,16:05:00,26.78,26.78,26.78,26.78,115,0
2017-10-31,16:40:00,26.82,26.82,26.78,26.78,800,0
2017-10-31,16:45:00,26.77,26.77,26.77,26.77,100,0
2017-10-31,16:50:00,26.8504,26.8504,26.8504,26.8504,100,0
2017-10-31,17:00:00,26.8436,26.8436,26.8436,26.8436,200,0
2017-10-31,17:20:00,26.9535,26.9535,26.9535,26.9535,200,0
2017-10-31,18:10:00,26.9286,26.9286,26.9286,26.9286,249,0
2017-10-31,18:50:00,26.9543,26.9543,26.9543,26.9543,249,0
2017-10-31,19:50:00,26.9553,26.9553,26.9553,26.9553,215,0
2017-10-31,21:00:00,26.7621,26.7621,26.7621,26.7621,300,0
2017-11-01,14:35:00,26.72,26.72,26.72,26.72,287,0
2017-11-01,15:20:00,26.68,26.68,26.68,26.68,100,0
2017-11-01,16:15:00,26.71,26.71,26.71,26.71,200,0
2017-11-01,16:35:00,26.7,26.7,26.67,26.67,715,0
2017-11-01,16:40:00,26.714,26.714,26.714,26.714,850,0
2017-11-01,17:10:00,26.6814,26.69,26.6814,26.69,207,0
2017-11-01,18:05:00,26.7,26.7,26.62,26.62,850,0
2017-11-01,18:25:00,26.6889,26.6889,26.6889,26.6889,135,0
2017-11-01,18:30:00,26.7,26.7,26.7,26.7,191,0
2017-11-01,18:55:00,26.6919,26.6919,26.6919,26.6919,250,0
2017-11-01,19:05:00,26.6837,26.6837,26.6837,26.6837,137,0
2017-11-01,19:35:00,26.7299,26.7299,26.7299,26.7299,219,0
2017-11-01,20:00:00,26.72,26.72,26.72,26.72,100,0
2017-11-01,20:10:00,26.725,26.725,26.6957,26.6957,663,0
2017-11-01,20:15:00,26.749,26.749,26.749,26.749,300,0
2017-11-01,20:25:00,26.66,26.7457,26.66,26.7457,206,0
2017-11-01,20:30:00,26.7398,26.7398,26.7398,26.7398,400,0
2017-11-02,14:35:00,26.77,26.77,26.77,26.77,152,0
2017-11-02,14:40:00,26.61,26.61,26.61,26.61,100,0
2017-11-02,15:35:00,26.62,26.62,26.62,26.62,100,0
2017-11-02,15:40:00,26.63,26.63,26.63,26.63,900,0
2017-11-02,16:20:00,26.55,26.55,26.55,26.55,100,0
2017-11-02,16:30:00,26.55,26.55,26.55,26.55,319,0
2017-11-02,16:35:00,26.5686,26.5686,26.5686,26.5686,189,0
2017-11-02,16:40:00,26.579,26.62,26.56,26.56,862,0
2017-11-02,17:05:00,26.6542,26.6542,26.6542,26.6542,207,0
2017-11-02,17:15:00,26.68,26.68,26.68,26.68,346,0
2017-11-02,17:25:00,26.6257,26.6257,26.6257,26.6257,156,0
2017-11-02,18:00:00,26.6084,26.6084,26.6084,26.6084,300,0
2017-11-02,18:10:00,26.6788,26.6788,26.6788,26.6788,853,0
2017-11-02,18:35:00,26.67,26.67,26.67,26.67,100,0
2017-11-02,18:40:00,26.6091,26.6091,26.6091,26.6091,150,0
2017-11-02,19:00:00,26.6,26.61,26.6,26.61,300,0
2017-11-02,19:15:00,26.6854,26.6854,26.6854,26.6854,307,0
2017-11-02,19:35:00,26.6782,26.6782,26.6782,26.6782,453,0
2017-11-02,20:00:00,26.6177,26.6177,26.6177,26.6177,300,0
2017-11-02,20:10:00,26.72,26.72,26.72,26.72,173,0
2017-11-03,14:35:00,26.7,26.7,26.7,26.7,241,0
2017-11-03,15:40:00,26.69,26.71,26.69,26.71,790,0
2017-11-03,15:50:00,26.69,26.69,26.6101,26.6101,315,0
2017-11-03,16:00:00,26.7576,26.7576,26.6308,26.6308,1513,0
2017-11-03,16:10:00,26.6622,26.6622,26.6622,26.6622,400,0
2017-11-03,16:20:00,26.6803,26.7,26.6803,26.7,1315,0
2017-11-03,17:45:00,26.745,26.745,26.7,26.7,882,0
2017-11-03,20:15:00,26.7213,26.7213,26.7213,26.7213,132,0
2017-11-06,15:35:00,26.61,26.61,26.61,26.61,233,0
2017-11-06,16:40:00,26.65,26.65,26.65,26.65,200,0
2017-11-06,16:50:00,26.67,26.67,26.67,26.67,215,0
2017-11-06,16:55:00,26.67,26.67,26.67,26.67,600,0
2017-11-06,17:10:00,26.68,26.68,26.68,26.68,112,0
2017-11-06,17:25:00,26.6913,26.6913,26.6913,26.6913,1000,0
2017-11-06,17:35:00,26.55,26.55,26.55,26.55,157,0
2017-11-06,17:45:00,26.6226,26.6226,26.6226,26.6226,204,0
2017-11-06,18:00:00,26.6199,26.6199,26.6183,26.6183,438,0
2017-11-06,19:25:00,26.588,26.588,26.588,26.588,500,0
2017-11-06,19:30:00,26.5732,26.59,26.5732,26.59,400,0
2017-11-06,20:30:00,26.5919,26.5919,26.5919,26.5919,140,0
2017-11-06,20:40:00,26.5835,26.5835,26.5835,26.5835,150,0
2017-11-06,21:40:00,26.591,26.591,26.591,26.591,500,0
2017-11-07,15:35:00,26.75,26.75,26.75,26.75,1000,0
2017-11-07,15:50:00,26.5701,26.5701,26.5701,26.5701,555,0
2017-11-07,16:20:00,26.6566,26.6566,26.6566,26.6566,192,0
2017-11-07,16:30:00,26.6353,26.6353,26.6353,26.6353,205,0
2017-11-07,17:00:00,26.59,26.625,26.585,26.585,500,0
2017-11-07,17:10:00,26.55,26.55,26.55,26.55,200,0
2017-11-07,17:40:00,26.59,26.59,26.59,26.59,200,0
2017-11-07,17:50:00,26.55,26.55,26.55,26.55,1298,0
2017-11-07,17:55:00,26.56,26.56,26.56,26.56,860,0
2017-11-07,18:45:00,26.5999,26.5999,26.5999,26.5999,322,0
2017-11-07,19:00:00,26.62,26.62,26.62,26.62,100,0
2017-11-07,19:15:00,26.61,26.61,26.61,26.61,100,0
2017-11-07,20:45:00,26.566,26.566,26.566,26.566,132,0
2017-11-07,21:55:00,26.5705,26.5705,26.5705,26.5705,174,0
2017-11-08,15:35:00,26.75,26.75,26.75,26.75,1000,0
2017-11-08,15:50:00,26.645,26.7399,26.645,26.7399,470,0
2017-11-08,16:00:00,26.5984,26.5984,26.5984,26.5984,150,0
2017-11-08,16:05:00,26.7599,26.77,26.74,26.77,2223,0
2017-11-08,16:25:00,26.74,26.74,26.74,26.74,100,0
2017-11-08,16:30:00,26.73,26.75,26.73,26.74,2600,0
2017-11-08,16:35:00,26.6661,26.6661,26.6661,26.6661,360,0
2017-11-08,16:40:00,26.6,26.6,26.6,26.6,500,0
2017-11-08,17:30:00,26.66,26.66,26.66,26.66,200,0
2017-11-08,17:50:00,26.66,26.66,26.66,26.66,500,0
2017-11-08,18:45:00,26.6753,26.6753,26.6753,26.6753,120,0
2017-11-08,19:25:00,26.6718,26.6718,26.6718,26.6718,200,0
2017-11-08,19:40:00,26.641,26.65,26.641,26.65,2400,0
2017-11-08,19:45:00,26.7,26.7,26.7,26.7,200,0
2017-11-08,20:20:00,26.7148,26.7148,26.7148,26.7148,103,0
2017-11-08,20:30:00,26.7315,26.7315,26.6996,26.6996,501,0
2017-11-08,21:10:00,26.68,26.68,26.68,26.68,198,0
2017-11-08,22:00:00,26.72,26.72,26.72,26.72,200,0
2017-11-09,15:35:00,26.7,26.7,26.7,26.7,145,0
2017-11-09,17:25:00,26.6465,26.6465,26.6465,26.6465,134,0
2017-11-09,17:50:00,26.62,26.62,26.62,26.62,500,0
2017-11-09,17:55:00,26.66,26.66,26.66,26.66,200,0
2017-11-09,18:35:00,26.6,26.6,26.59,26.59,1700,0
2017-11-09,18:45:00,26.59,26.59,26.59,26.59,100,0
2017-11-09,19:30:00,26.6304,26.6304,26.6304,26.6304,517,0
2017-11-09,21:55:00,26.6,26.6,26.6,26.6,100,0
2017-11-09,22:00:00,26.6,26.64,26.6,26.64,200,0
2017-11-10,15:35:00,26.7,26.7,26.7,26.7,149,0
2017-11-10,15:55:00,26.69,26.74,26.662,26.7268,5647,0
2017-11-10,16:45:00,26.74,26.74,26.74,26.74,348,0
2017-11-10,17:55:00,26.73,26.73,26.73,26.73,100,0
2017-11-10,18:10:00,26.74,26.74,26.73,26.73,2200,0
2017-11-10,18:15:00,26.726,26.726,26.726,26.726,1100,0
2017-11-10,18:25:00,26.66,26.66,26.66,26.66,100,0
2017-11-10,19:05:00,26.6509,26.6509,26.6509,26.6509,343,0
2017-11-10,19:15:00,26.7088,26.7088,26.7088,26.7088,159,0
2017-11-10,20:25:00,26.7299,26.73,26.6985,26.6985,800,0
2017-11-10,21:10:00,26.6573,26.6573,26.6573,26.6573,300,0
2017-11-10,21:15:00,26.73,26.73,26.73,26.73,194,0
2017-11-10,22:00:00,26.718,26.718,26.718,26.718,156,0
2017-11-13,15:35:00,26.65,26.65,26.65,26.65,195,0
2017-11-13,15:40:00,26.65,26.65,26.65,26.65,829,0
2017-11-13,16:55:00,26.6348,26.6348,26.6348,26.6348,211,0
2017-11-13,17:00:00,26.65,26.65,26.639,26.639,482,0
2017-11-13,17:15:00,26.65,26.65,26.64,26.64,573,0
2017-11-13,17:40:00,26.7195,26.7195,26.7195,26.7195,100,0
2017-11-13,18:15:00,26.69,26.69,26.69,26.69,104,0
2017-11-13,19:45:00,26.6945,26.6945,26.6945,26.6945,400,0
2017-11-13,19:55:00,26.69,26.69,26.6664,26.6664,384,0
2017-11-13,20:20:00,26.66,26.66,26.66,26.66,450,0
2017-11-13,20:25:00,26.6301,26.6301,26.6301,26.6301,450,0
2017-11-13,21:50:00,26.6489,26.6489,26.6489,26.6489,238,0
2017-11-14,15:35:00,26.73,26.73,26.73,26.73,152,0
2017-11-14,15:40:00,26.74,26.74,26.74,26.74,2431,0
2017-11-14,15:45:00,26.755,26.79,26.7475,26.79,2788,0
2017-11-14,15:55:00,26.845,26.845,26.7401,26.7401,1202,0
2017-11-14,16:20:00,26.88,26.93,26.88,26.92,639,0
2017-11-14,16:25:00,26.8501,26.8501,26.8501,26.8501,450,0
2017-11-14,17:30:00,26.7668,26.7668,26.7668,26.7668,124,0
2017-11-14,17:40:00,26.82,26.82,26.82,26.82,100,0
2017-11-14,17:50:00,26.758,26.7588,26.758,26.7588,600,0
2017-11-14,17:55:00,26.7588,26.7588,26.7588,26.7588,150,0
2017-11-14,18:00:00,26.8563,26.8563,26.8563,26.8563,141,0
2017-11-14,18:30:00,26.7623,26.7623,26.7623,26.7623,100,0
2017-11-14,18:40:00,26.73,26.74,26.73,26.74,4348,0
2017-11-14,19:25:00,26.87,26.87,26.87,26.87,100,0
2017-11-14,19:55:00,26.87,26.87,26.87,26.87,100,0
2017-11-14,20:25:00,26.81,26.84,26.81,26.81,336,0
2017-11-14,21:00:00,26.81,26.81,26.81,26.81,100,0
2017-11-14,21:20:00,26.6705,26.6705,26.6705,26.6705,125,0
2017-11-14,22:00:00,26.81,26.81,26.81,26.81,396,0
2017-11-15,15:35:00,26.64,26.64,26.64,26.64,250,0
2017-11-15,16:05:00,26.8,26.8,26.8,26.8,100,0
2017-11-15,16:35:00,26.76,26.76,26.76,26.76,100,0
2017-11-15,16:45:00,26.6629,26.6629,26.6629,26.6629,1157,0
2017-11-15,17:20:00,26.67,26.67,26.67,26.67,115,0
2017-11-15,17:40:00,26.75,26.75,26.75,26.75,100,0
2017-11-15,17:45:00,26.75,26.75,26.75,26.75,118,0
2017-11-15,17:55:00,26.73,26.736,26.6868,26.6868,867,0
2017-11-15,18:00:00,26.6587,26.7206,26.6587,26.7206,1305,0
2017-11-15,18:05:00,26.64,26.6819,26.64,26.6819,2000,0
2017-11-15,18:40:00,26.75,26.75,26.75,26.75,100,0
2017-11-15,19:30:00,26.6957,26.6957,26.6957,26.6957,150,0
2017-11-15,19:40:00,26.74,26.74,26.74,26.74,100,0
2017-11-15,19:45:00,26.65,26.65,26.65,26.65,246,0
2017-11-15,21:00:00,26.71,26.71,26.71,26.71,197,0
2017-11-15,21:40:00,26.7224,26.7224,26.7224,26.7224,200,0
2017-11-15,21:50:00,26.7209,26.7209,26.7209,26.7209,167,0
2017-11-15,22:00:00,26.64,26.64,26.64,26.64,426,0
2017-11-16,15:35:00,26.64,26.64,26.64,26.64,209,0
2017-11-16,16:20:00,26.72,26.72,26.72,26.72,100,0
2017-11-16,17:00:00,26.66,26.66,26.66,26.66,100,0
2017-11-16,17:05:00,26.6934,26.6934,26.6934,26.6934,136,0
2017-11-16,17:25:00,26.72,26.72,26.72,26.72,100,0
2017-11-16,18:00:00,26.76,26.76,26.76,26.76,100,0
2017-11-16,18:50:00,26.72,26.72,26.72,26.72,120,0
2017-11-16,18:55:00,26.76,26.76,26.76,26.76,100,0
2017-11-16,19:35:00,26.76,26.76,26.73,26.7312,385,0
2017-11-16,19:45:00,26.7356,26.7356,26.7356,26.7356,550,0
2017-11-16,20:10:00,26.75,26.75,26.75,26.75,100,0
2017-11-16,20:30:00,26.733,26.733,26.733,26.733,157,0
2017-11-16,20:40:00,26.75,26.75,26.75,26.75,100,0
2017-11-16,22:00:00,26.74,26.74,26.74,26.74,621,0
2017-11-17,16:15:00,26.748,26.748,26.748,26.748,672,0
2017-11-17,16:50:00,26.6571,26.6571,26.6571,26.6571,130,0
2017-11-17,18:15:00,26.79,26.79,26.79,26.79,168,0
2017-11-17,18:20:00,26.8,26.8,26.8,26.8,500,0
2017-11-17,19:35:00,26.781,26.781,26.781,26.781,128,0
2017-11-17,19:50:00,26.8,26.8,26.7874,26.7874,590,0
2017-11-17,21:05:00,26.7699,26.7699,26.7699,26.7699,200,0
2017-11-17,21:15:00,26.7968,26.7968,26.7968,26.7968,300,0
2017-11-17,21:25:00,26.7663,26.782,26.7663,26.782,1310,0
2017-11-17,21:35:00,26.8,26.8,26.8,26.8,1000,0
2017-11-17,21:50:00,26.7625,26.7625,26.7625,26.7625,765,0
2017-11-17,22:00:00,26.87,26.87,26.87,26.87,100,0
2017-11-20,15:35:00,26.77,26.77,26.77,26.77,1244,0
2017-11-20,15:40:00,26.865,26.865,26.865,26.865,100,0
2017-11-20,15:50:00,26.82,26.82,26.82,26.82,300,0
2017-11-20,16:15:00,26.81,26.81,26.81,26.81,200,0
2017-11-20,16:45:00,26.79,26.79,26.77,26.77,712,0
2017-11-20,16:55:00,26.765,26.77,26.765,26.77,779,0
2017-11-20,17:35:00,26.77,26.795,26.77,26.77,500,0
2017-11-20,17:40:00,26.8035,26.8035,26.8035,26.8035,500,0
2017-11-20,18:00:00,26.771,26.771,26.771,26.771,500,0
2017-11-20,18:15:00,26.79,26.8,26.78,26.78,300,0
2017-11-20,18:30:00,26.77,26.77,26.77,26.77,100,0
2017-11-20,18:40:00,26.76,26.76,26.74,26.74,910,0
2017-11-20,19:00:00,26.7772,26.7772,26.7772,26.7772,300,0
2017-11-20,19:15:00,26.7648,26.7648,26.7648,26.7648,140,0
2017-11-20,19:35:00,26.74,26.74,26.74,26.74,684,0
2017-11-20,19:40:00,26.7514,26.7514,26.7514,26.7514,175,0
2017-11-20,19:45:00,26.77,26.77,26.77,26.77,100,0
2017-11-20,20:20:00,26.87,26.87,26.87,26.87,100,0
2017-11-20,20:40:00,26.7568,26.7568,26.7568,26.7568,227,0
2017-11-20,21:00:00,26.87,26.88,26.87,26.88,200,0
2017-11-20,21:50:00,26.81,26.81,26.8,26.8,200,0
2017-11-20,22:00:00,26.83,26.83,26.83,26.83,520,0
2017-11-21,15:35:00,26.79,26.79,26.79,26.79,196,0
2017-11-21,16:10:00,26.8484,26.8484,26.8484,26.8484,564,0
2017-11-21,16:25:00,26.87,26.89,26.87,26.8722,5299,0
2017-11-21,17:45:00,26.9,26.9,26.9,26.9,100,0
2017-11-21,18:20:00,26.9,26.9,26.9,26.9,200,0
2017-11-21,18:50:00,26.9,26.9,26.9,26.9,100,0
2017-11-21,19:25:00,26.92,26.92,26.92,26.92,100,0
2017-11-21,19:35:00,26.884,26.884,26.884,26.884,277,0
2017-11-21,20:00:00,26.92,26.92,26.92,26.92,100,0
2017-11-21,20:30:00,26.844,26.844,26.844,26.844,180,0
2017-11-21,20:35:00,26.92,26.92,26.92,26.92,200,0
2017-11-21,21:00:00,26.92,26.92,26.92,26.92,178,0
2017-11-21,22:00:00,26.85,26.85,26.85,26.85,200,0
2017-11-22,15:35:00,26.74,26.74,26.74,26.74,283,0
2017-11-22,16:35:00,26.75,26.75,26.74,26.74,324,0
2017-11-22,17:10:00,26.7649,26.7649,26.7649,26.7649,448,0
2017-11-22,17:20:00,26.7573,26.7573,26.7573,26.7573,474,0
2017-11-22,17:35:00,26.74,26.74,26.74,26.74,100,0
2017-11-22,18:30:00,26.7635,26.81,26.7635,26.81,1200,0
2017-11-22,19:00:00,26.867,26.867,26.867,26.867,138,0
2017-11-22,21:00:00,26.8406,26.8406,26.8406,26.8406,167,0
2017-11-22,21:05:00,26.88,26.88,26.88,26.88,151,0
2017-11-22,21:30:00,26.87,26.8774,26.87,26.8774,750,0
2017-11-24,15:35:00,26.88,26.88,26.88,26.88,314,0
2017-11-24,16:20:00,26.8351,26.8351,26.8351,26.8351,172,0
2017-11-24,16:25:00,26.86,26.86,26.86,26.86,100,0
2017-11-24,17:40:00,26.86,26.86,26.86,26.86,102,0
2017-11-27,15:35:00,26.88,26.88,26.88,26.88,390,0
2017-11-27,16:45:00,26.88,26.88,26.861,26.861,2000,0
2017-11-27,16:50:00,26.88,26.88,26.861,26.861,2000,0
2017-11-27,18:25:00,26.8442,26.8442,26.8442,26.8442,108,0
2017-11-27,18:40:00,26.88,26.88,26.88,26.88,354,0
2017-11-27,19:30:00,26.88,26.88,26.88,26.88,100,0
2017-11-27,20:10:00,26.86,26.86,26.86,26.86,1143,0
2017-11-27,20:30:00,26.8428,26.8428,26.8428,26.8428,200,0
2017-11-27,21:10:00,26.84,26.859,26.78,26.859,1355,0
2017-11-27,21:50:00,26.8255,26.8255,26.8255,26.8255,200,0
2017-11-28,15:35:00,26.76,26.76,26.76,26.76,276,0
2017-11-28,16:20:00,26.76,26.76,26.76,26.76,200,0
2017-11-28,16:35:00,26.8,26.8,26.8,26.8,100,0
2017-11-28,18:45:00,26.8112,26.8112,26.8112,26.8112,148,0
2017-11-28,19:10:00,26.74,26.74,26.74,26.74,104,0
2017-11-28,20:20:00,26.8788,26.8788,26.8788,26.8788,117,0
2017-11-28,21:35:00,26.8,26.8,26.8,26.8,300,0
2017-11-28,21:45:00,26.81,26.81,26.81,26.81,236,0
2017-11-28,22:00:00,26.87,26.88,26.8455,26.88,894,0
2017-11-29,15:35:00,26.85,26.865,26.85,26.865,578,0
2017-11-29,15:50:00,26.85,26.85,26.85,26.85,1600,0
2017-11-29,16:00:00,26.86,26.86,26.85,26.85,400,0
2017-11-29,16:05:00,26.85,26.85,26.85,26.85,150,0
2017-11-29,16:25:00,26.85,26.85,26.85,26.85,200,0
2017-11-29,17:00:00,26.8593,26.8593,26.8593,26.8593,300,0
2017-11-29,17:15:00,26.855,26.855,26.855,26.855,421,0
2017-11-29,17:25:00,26.8563,26.8563,26.8563,26.8563,280,0
2017-11-29,17:35:00,26.85,26.85,26.85,26.85,500,0
2017-11-29,18:20:00,26.85,26.85,26.85,26.85,1500,0
2017-11-29,18:35:00,26.8594,26.8594,26.8594,26.8594,100,0
2017-11-29,18:45:00,26.86,26.87,26.86,26.87,500,0
2017-11-29,18:55:00,26.85,26.85,26.85,26.85,5000,0
2017-11-29,20:15:00,26.869,26.869,26.869,26.869,101,0
2017-11-29,20:55:00,26.87,26.87,26.87,26.87,420,0
2017-11-29,21:00:00,26.88,26.88,26.88,26.88,600,0
2017-11-29,21:45:00,26.88,26.88,26.88,26.88,10000,0
2017-11-29,22:00:00,26.87,26.87,26.87,26.87,168,0
2017-11-30,15:35:00,26.8,26.8,26.8,26.8,256,0
2017-11-30,16:35:00,26.821,26.821,26.821,26.821,1000,0
2017-11-30,16:40:00,26.88,26.88,26.88,26.88,571,0
2017-11-30,17:20:00,26.88,26.88,26.88,26.88,440,0
2017-11-30,17:40:00,26.88,26.88,26.88,26.88,666,0
2017-11-30,20:30:00,26.9,26.9,26.9,26.9,157,0
2017-11-30,20:35:00,26.8977,26.9,26.8977,26.9,200,0
2017-11-30,20:50:00,26.888,26.888,26.888,26.888,512,0
2017-11-30,20:55:00,26.9,26.9,26.9,26.9,2803,0
2017-12-01,16:15:00,26.9,26.9114,26.9,26.9,1864,0
2017-12-01,16:45:00,26.9,26.9,26.9,26.9,292,0
2017-12-01,16:55:00,26.9133,26.98,26.9133,26.98,1249,0
2017-12-01,18:20:00,26.9572,26.9572,26.9572,26.9572,286,0
2017-12-01,18:25:00,26.97,26.97,26.97,26.97,100,0
2017-12-01,19:50:00,27.17,27.17,26.85,26.85,2600,0
2017-12-01,20:10:00,27.7749,27.7749,27.7749,27.7749,120,0
2017-12-01,20:25:00,27.0959,27.0959,27.0959,27.0959,500,0
2017-12-01,20:30:00,27.1242,27.1242,27.1242,27.1242,195,0
2017-12-01,20:50:00,27.42,27.42,27.42,27.42,1700,0
2017-12-01,21:00:00,27.4188,27.4188,27.4188,27.4188,172,0
2017-12-01,21:55:00,27.19,27.19,27.19,27.19,300,0
2017-12-01,22:00:00,27.25,27.38,27.2,27.2,1003,0
2017-12-04,15:35:00,27.2,27.2,27.2,27.2,492,0
2017-12-04,16:10:00,27.26,27.26,27.2,27.2,1275,0
2017-12-04,17:15:00,27.22,27.22,27.2,27.2,700,0
2017-12-04,17:40:00,27.2,27.2,27.2,27.2,3999,0
2017-12-04,17:50:00,27.22,27.22,27.2199,27.2199,300,0
2017-12-04,17:55:00,27.22,27.22,27.22,27.22,400,0
2017-12-04,18:05:00,27.2598,27.2598,27.2598,27.2598,123,0
2017-12-04,20:15:00,27.25,27.25,27.25,27.25,300,0
2017-12-04,20:20:00,27.2351,27.2351,27.2351,27.2351,1060,0
2017-12-04,20:30:00,27.23,27.2389,27.23,27.2389,269,0
2017-12-04,20:35:00,27.2173,27.2173,27.2173,27.2173,155,0
2017-12-04,22:00:00,27.28,27.28,27.28,27.28,156,0
2017-12-05,15:35:00,27.2,27.2202,27.2,27.2202,1184,0
2017-12-05,15:50:00,27.22,27.22,27.22,27.22,100,0
2017-12-05,16:00:00,27.21,27.21,27.2,27.2,1938,0
2017-12-05,16:10:00,27.2,27.2,27.18,27.18,2822,0
2017-12-05,16:35:00,27.18,27.18,27.18,27.18,972,0
2017-12-05,16:40:00,27.12,27.13,27.12,27.13,400,0
2017-12-05,18:05:00,27.2,27.2,27.2,27.2,730,0
2017-12-05,18:50:00,27.2,27.2,27.2,27.2,200,0
2017-12-05,20:35:00,27.1,27.1,27.1,27.1,400,0
2017-12-05,20:55:00,27.15,27.16,27.15,27.16,200,0
2017-12-05,21:00:00,27.16,27.2,27.16,27.2,882,0
2017-12-05,21:05:00,27.2,27.2,27.2,27.2,100,0
2017-12-05,21:20:00,27.2,27.2,27.2,27.2,100,0
2017-12-05,21:40:00,27.2,27.2,27.2,27.2,200,0
2017-12-05,21:45:00,27.29,27.29,27.24,27.29,3677,0
2017-12-05,21:50:00,27.29,27.29,27.29,27.29,100,0
2017-12-05,21:55:00,27.27,27.27,27.27,27.27,15000,0
2017-12-06,15:35:00,27.23,27.23,27.23,27.23,115,0
2017-12-06,16:45:00,27.2,27.2,27.2,27.2,100,0
2017-12-06,16:55:00,27.2317,27.2317,27.2317,27.2317,300,0
2017-12-06,17:00:00,27.25,27.25,27.25,27.25,200,0
2017-12-06,17:10:00,27.39,27.4,27.39,27.4,200,0
2017-12-06,17:15:00,27.4,27.4,27.4,27.4,1000,0
2017-12-06,17:35:00,27.25,27.25,27.25,27.25,4000,0
2017-12-06,17:45:00,27.54,27.54,27.54,27.54,100,0
2017-12-06,18:30:00,27.51,27.51,27.51,27.51,200,0
2017-12-06,19:10:00,27.4271,27.4271,27.4271,27.4271,390,0
2017-12-06,20:25:00,27.524,27.524,27.524,27.524,111,0
2017-12-06,20:55:00,27.48,27.48,27.48,27.48,200,0
2017-12-06,21:20:00,27.48,27.48,27.47,27.47,298,0
2017-12-06,22:00:00,27.29,27.29,27.29,27.29,210,0
