Date,Time,Open,High,Low,Close,Volume,OpenInt
2017-11-17,15:35:00,65.29,65.32,65.07,65.29,6443,0
2017-11-17,15:40:00,65.28,65.28,65.055,65.09,2300,0
2017-11-17,15:45:00,65.08,65.08,64.84,64.845,2665,0
2017-11-17,15:50:00,64.87,64.95,64.81,64.9,1800,0
2017-11-17,15:55:00,64.83,64.86,64.73,64.73,1700,0
2017-11-17,16:00:00,64.75,64.77,64.7,64.7,500,0
2017-11-17,16:05:00,64.72,64.8,64.68,64.74,5300,0
2017-11-17,16:10:00,64.75,64.86,64.66,64.85,7865,0
2017-11-17,16:15:00,64.855,64.95,64.83,64.93,4739,0
2017-11-17,16:20:00,64.93,65.02,64.89,65.02,10485,0
2017-11-17,16:25:00,65.06,65.13,65.01,65.13,10021,0
2017-11-17,16:30:00,65.14,65.17,65.07,65.07,3450,0
2017-11-17,16:35:00,65.0795,65.0795,65,65,6894,0
2017-11-17,16:40:00,65,65,64.95,64.96,6916,0
2017-11-17,16:45:00,64.99,65.0699,64.99,65.06,5105,0
2017-11-17,16:50:00,65.12,65.13,65.09,65.09,1700,0
2017-11-17,16:55:00,65.04,65.1,65.04,65.1,1635,0
2017-11-17,17:00:00,65.17,65.17,65.08,65.17,53709,0
2017-11-17,17:05:00,65.15,65.15,65.06,65.07,14876,0
2017-11-17,17:10:00,65.06,65.07,64.96,64.96,4261,0
2017-11-17,17:15:00,64.95,64.96,64.905,64.96,1518,0
2017-11-17,17:20:00,64.98,64.9856,64.97,64.97,1028,0
2017-11-17,17:25:00,64.99,65.07,64.99,65.04,4158,0
2017-11-17,17:30:00,65.13,65.13,65.13,65.13,500,0
2017-11-17,17:35:00,65.14,65.17,65.14,65.17,1332,0
2017-11-17,17:40:00,65.19,65.19,65.1,65.13,3197,0
2017-11-17,17:45:00,65.13,65.19,65.11,65.18,2332,0
2017-11-17,17:50:00,65.18,65.23,65.18,65.2,1500,0
2017-11-17,17:55:00,65.19,65.22,65.16,65.16,1600,0
2017-11-17,18:00:00,65.22,65.25,65.195,65.25,1800,0
2017-11-17,18:05:00,65.26,65.26,65.18,65.18,5090,0
2017-11-17,18:10:00,65.18,65.19,65.16,65.19,1200,0
2017-11-17,18:15:00,65.17,65.28,65.17,65.2732,40225,0
2017-11-17,18:20:00,65.26,65.29,65.25,65.25,2190,0
2017-11-17,18:25:00,65.25,65.26,65.23,65.23,815,0
2017-11-17,18:30:00,65.26,65.29,65.25,65.29,15478,0
2017-11-17,18:35:00,65.27,65.27,65.2,65.2,2597,0
2017-11-17,18:40:00,65.21,65.22,65.17,65.22,1422,0
2017-11-17,18:45:00,65.22,65.22,65.17,65.2,15600,0
2017-11-17,18:50:00,65.2,65.2,65.18,65.18,1200,0
2017-11-17,18:55:00,65.21,65.21,65.1,65.1,3467,0
2017-11-17,19:00:00,65.09,65.25,65.09,65.23,34900,0
2017-11-17,19:05:00,65.23,65.31,65.23,65.31,3327,0
2017-11-17,19:10:00,65.325,65.33,65.28,65.33,1907,0
2017-11-17,19:15:00,65.33,65.34,65.24,65.24,4061,0
2017-11-17,19:20:00,65.26,65.27,65.22,65.24,7628,0
2017-11-17,19:25:00,65.23,65.24,65.14,65.14,3900,0
2017-11-17,19:30:00,65.165,65.21,65.14,65.195,15300,0
2017-11-17,19:35:00,65.21,65.22,65.17,65.21,3200,0
2017-11-17,19:40:00,65.17,65.175,65.15,65.175,3181,0
2017-11-17,19:45:00,65.175,65.205,65.17,65.18,3200,0
2017-11-17,19:50:00,65.2,65.21,65.16,65.17,1517,0
2017-11-17,19:55:00,65.17,65.1992,65.17,65.195,4928,0
2017-11-17,20:00:00,65.2,65.21,65.165,65.185,3995,0
2017-11-17,20:05:00,65.19,65.205,65.18,65.18,5100,0
2017-11-17,20:10:00,65.2,65.23,65.19,65.225,5700,0
2017-11-17,20:15:00,65.24,65.255,65.2,65.2,3885,0
2017-11-17,20:20:00,65.18,65.2,65.18,65.2,1815,0
2017-11-17,20:25:00,65.19,65.23,65.19,65.23,4600,0
2017-11-17,20:30:00,65.2375,65.27,65.2,65.26,3493,0
2017-11-17,20:35:00,65.26,65.26,65.24,65.248,3500,0
2017-11-17,20:40:00,65.24,65.24,65.21,65.21,5222,0
2017-11-17,20:45:00,65.21,65.28,65.21,65.26,9337,0
2017-11-17,20:50:00,65.2725,65.28,65.245,65.255,6100,0
2017-11-17,20:55:00,65.25,65.27,65.24,65.255,8741,0
2017-11-17,21:00:00,65.25,65.3,65.25,65.3,2500,0
2017-11-17,21:05:00,65.3,65.3,65.212,65.215,4941,0
2017-11-17,21:10:00,65.22,65.25,65.12,65.165,17156,0
2017-11-17,21:15:00,65.19,65.21,65.18,65.19,6303,0
2017-11-17,21:20:00,65.18,65.2,65.16,65.185,7010,0
2017-11-17,21:25:00,65.185,65.255,65.185,65.24,7204,0
2017-11-17,21:30:00,65.235,65.27,65.22,65.25,7303,0
2017-11-17,21:35:00,65.259,65.295,65.259,65.29,7943,0
2017-11-17,21:40:00,65.3,65.31,65.26,65.27,18259,0
2017-11-17,21:45:00,65.25,65.26,65.17,65.19,15054,0
2017-11-17,21:50:00,65.19,65.21,65.15,65.18,15909,0
2017-11-17,21:55:00,65.19,65.23,65.18,65.225,30416,0
2017-11-17,22:00:00,65.225,65.225,65.09,65.12,84712,0
2017-11-20,15:35:00,65,65.46,64.991,65.44,24575,0
2017-11-20,15:40:00,65.374,65.4,65.275,65.37,1875,0
2017-11-20,15:45:00,65.47,65.47,65.18,65.18,3401,0
2017-11-20,15:50:00,65.2301,65.36,65.18,65.19,15783,0
2017-11-20,15:55:00,65.19,65.2346,65.03,65.03,2854,0
2017-11-20,16:00:00,65.09,65.15,65,65.13,4150,0
2017-11-20,16:05:00,65.105,65.24,65.1,65.18,2962,0
2017-11-20,16:10:00,65.168,65.168,65.01,65.02,3227,0
2017-11-20,16:15:00,65,65.025,64.82,64.895,7034,0
2017-11-20,16:20:00,64.86,64.96,64.86,64.94,2985,0
2017-11-20,16:25:00,64.915,65.07,64.915,65.07,3275,0
2017-11-20,16:30:00,65.07,65.2,65.07,65.19,3535,0
2017-11-20,16:35:00,65.2,65.38,65.2,65.305,8844,0
2017-11-20,16:40:00,65.33,65.36,65.3,65.35,6455,0
2017-11-20,16:45:00,65.35,65.41,65.35,65.36,1916,0
2017-11-20,16:50:00,65.36,65.43,65.34,65.38,2100,0
2017-11-20,16:55:00,65.42,65.58,65.39,65.54,3742,0
2017-11-20,17:00:00,65.53,65.64,65.53,65.64,2956,0
2017-11-20,17:05:00,65.64,65.715,65.5997,65.69,7114,0
2017-11-20,17:10:00,65.71,65.75,65.685,65.75,4700,0
2017-11-20,17:15:00,65.749,65.75,65.6204,65.75,6350,0
2017-11-20,17:20:00,65.78,65.78,65.69,65.7,4900,0
2017-11-20,17:25:00,65.7088,65.78,65.685,65.75,5120,0
2017-11-20,17:30:00,65.76,65.77,65.7,65.7,4480,0
2017-11-20,17:35:00,65.68,65.685,65.62,65.63,3999,0
2017-11-20,17:40:00,65.62,65.62,65.54,65.56,2750,0
2017-11-20,17:45:00,65.57,65.61,65.57,65.6,3679,0
2017-11-20,17:50:00,65.59,65.65,65.585,65.585,2000,0
2017-11-20,17:55:00,65.58,65.69,65.58,65.69,3431,0
2017-11-20,18:00:00,65.67,65.72,65.65,65.7,3181,0
2017-11-20,18:05:00,65.72,65.76,65.7,65.76,1969,0
2017-11-20,18:10:00,65.76,65.8,65.75,65.8,5175,0
2017-11-20,18:15:00,65.81,65.85,65.78,65.78,3452,0
2017-11-20,18:20:00,65.76,65.76,65.66,65.68,2030,0
2017-11-20,18:25:00,65.68,65.68,65.57,65.66,3144,0
2017-11-20,18:30:00,65.64,65.67,65.63,65.67,3282,0
2017-11-20,18:35:00,65.7,65.7,65.61,65.63,2618,0
2017-11-20,18:40:00,65.65,65.65,65.61,65.62,2752,0
2017-11-20,18:45:00,65.605,65.63,65.56,65.62,2836,0
2017-11-20,18:50:00,65.63,65.67,65.57,65.67,57900,0
2017-11-20,18:55:00,65.64,65.7,65.64,65.7,1500,0
2017-11-20,19:00:00,65.68,65.68,65.56,65.56,2340,0
2017-11-20,19:05:00,65.586,65.625,65.55,65.57,2600,0
2017-11-20,19:10:00,65.57,65.62,65.5495,65.56,3086,0
2017-11-20,19:15:00,65.59,65.59,65.5271,65.56,1745,0
2017-11-20,19:20:00,65.59,65.59,65.53,65.58,1887,0
2017-11-20,19:25:00,65.58,65.59,65.53,65.58,2427,0
2017-11-20,19:30:00,65.6,65.64,65.59,65.6,2875,0
2017-11-20,19:35:00,65.615,65.63,65.58,65.6,1991,0
2017-11-20,19:40:00,65.6,65.6,65.55,65.57,1400,0
2017-11-20,19:45:00,65.6,65.6,65.46,65.54,9953,0
2017-11-20,19:50:00,65.57,65.57,65.5,65.56,2690,0
2017-11-20,19:55:00,65.54,65.57,65.49,65.51,2800,0
2017-11-20,20:00:00,65.53,65.53,65.44,65.49,3120,0
2017-11-20,20:05:00,65.45,65.45,65.43,65.43,1500,0
2017-11-20,20:10:00,65.43,65.48,65.41,65.48,2000,0
2017-11-20,20:15:00,65.4825,65.49,65.42,65.44,3849,0
2017-11-20,20:20:00,65.44,65.46,65.39,65.4,6104,0
2017-11-20,20:25:00,65.42,65.45,65.4,65.415,1600,0
2017-11-20,20:30:00,65.43,65.46,65.4,65.4,2500,0
2017-11-20,20:35:00,65.42,65.435,65.38,65.389,5478,0
2017-11-20,20:40:00,65.43,65.44,65.36,65.3601,3259,0
2017-11-20,20:45:00,65.38,65.43,65.35,65.4,3280,0
2017-11-20,20:50:00,65.41,65.43,65.38,65.43,3317,0
2017-11-20,20:55:00,65.41,65.44,65.395,65.395,3622,0
2017-11-20,21:00:00,65.41,65.45,65.37,65.39,5050,0
2017-11-20,21:05:00,65.4,65.42,65.37,65.42,53300,0
2017-11-20,21:10:00,65.44,65.47,65.42,65.42,3670,0
2017-11-20,21:15:00,65.42,65.435,65.38,65.435,4700,0
2017-11-20,21:20:00,65.44,65.44,65.36,65.4,8485,0
2017-11-20,21:25:00,65.41,65.49,65.41,65.46,55695,0
2017-11-20,21:30:00,65.46,65.48,65.4293,65.43,3638,0
2017-11-20,21:35:00,65.449,65.45,65.35,65.35,9216,0
2017-11-20,21:40:00,65.33,65.4,65.33,65.385,19340,0
2017-11-20,21:45:00,65.38,65.385,65.32,65.32,7147,0
2017-11-20,21:50:00,65.32,65.34,65.29,65.33,19142,0
2017-11-20,21:55:00,65.34,65.34,65.29,65.305,15149,0
2017-11-20,22:00:00,65.3022,65.39,65.29,65.37,230957,0
2017-11-21,15:35:00,65.6,65.8,65.5,65.58,11875,0
2017-11-21,15:40:00,65.66,65.66,65.48,65.505,6000,0
2017-11-21,15:45:00,65.5,65.68,65.48,65.625,14560,0
2017-11-21,15:50:00,65.625,65.7,65.58,65.58,11761,0
2017-11-21,15:55:00,65.61,65.65,65.53,65.53,9450,0
2017-11-21,16:00:00,65.49,65.62,65.49,65.56,5297,0
2017-11-21,16:05:00,65.56,65.59,65.4967,65.53,5525,0
2017-11-21,16:10:00,65.49,65.52,65.42,65.45,2100,0
2017-11-21,16:15:00,65.46,65.65,65.46,65.58,5449,0
2017-11-21,16:20:00,65.565,65.61,65.52,65.52,4170,0
2017-11-21,16:25:00,65.538,65.538,65.42,65.45,3334,0
2017-11-21,16:30:00,65.47,65.47,65.44,65.47,1900,0
2017-11-21,16:35:00,65.49,65.54,65.41,65.47,3600,0
2017-11-21,16:40:00,65.51,65.51,65.45,65.45,2800,0
2017-11-21,16:45:00,65.45,65.52,65.44,65.51,1710,0
2017-11-21,16:50:00,65.46,65.48,65.43,65.45,1100,0
2017-11-21,16:55:00,65.48,65.52,65.48,65.49,2000,0
2017-11-21,17:00:00,65.492,65.51,65.48,65.51,2320,0
2017-11-21,17:05:00,65.5,65.51,65.48,65.48,5720,0
2017-11-21,17:10:00,65.5,65.51,65.41,65.43,3317,0
2017-11-21,17:15:00,65.4399,65.51,65.41,65.51,4327,0
2017-11-21,17:20:00,65.505,65.505,65.47,65.48,1853,0
2017-11-21,17:25:00,65.48,65.485,65.45,65.47,900,0
2017-11-21,17:30:00,65.46,65.51,65.46,65.5,5012,0
2017-11-21,17:35:00,65.47,65.485,65.45,65.45,700,0
2017-11-21,17:40:00,65.44,65.46,65.4,65.46,2830,0
2017-11-21,17:45:00,65.46,65.46,65.41,65.44,2900,0
2017-11-21,17:50:00,65.41,65.41,65.36,65.38,2400,0
2017-11-21,17:55:00,65.4,65.405,65.36,65.36,2011,0
2017-11-21,18:00:00,65.375,65.38,65.34,65.35,5552,0
2017-11-21,18:05:00,65.35,65.36,65.33,65.33,13816,0
2017-11-21,18:10:00,65.33,65.33,65.27,65.29,7749,0
2017-11-21,18:15:00,65.29,65.29,65.16,65.16,1769,0
2017-11-21,18:20:00,65.17,65.17,65.13,65.17,3606,0
2017-11-21,18:25:00,65.18,65.2755,65.17,65.23,7076,0
2017-11-21,18:30:00,65.27,65.27,65.22,65.24,800,0
2017-11-21,18:35:00,65.2,65.2,65.15,65.15,2455,0
2017-11-21,18:40:00,65.14,65.14,65.08,65.08,6101,0
2017-11-21,18:45:00,65.11,65.11,65.02,65.02,1558,0
2017-11-21,18:50:00,65.01,65.0154,64.99,65,3447,0
2017-11-21,18:55:00,64.97,64.98,64.94,64.94,1155,0
2017-11-21,19:00:00,64.95,64.97,64.93,64.97,5907,0
2017-11-21,19:05:00,64.97,65.0217,64.96,64.9999,5124,0
2017-11-21,19:10:00,64.98,65.03,64.98,65.015,6300,0
2017-11-21,19:15:00,65.03,65.03,65,65.01,3200,0
2017-11-21,19:20:00,65.01,65.01,64.96,64.975,2300,0
2017-11-21,19:25:00,64.97,64.97,64.94,64.95,2300,0
2017-11-21,19:30:00,64.92,64.97,64.9,64.9655,2600,0
2017-11-21,19:35:00,64.98,65.01,64.97,64.99,2600,0
2017-11-21,19:40:00,64.96,64.97,64.94,64.96,2000,0
2017-11-21,19:45:00,64.99,64.99,64.96,64.9632,1190,0
2017-11-21,19:50:00,64.99,65.02,64.98,64.98,1500,0
2017-11-21,19:55:00,64.95,65.05,64.95,65.05,4920,0
2017-11-21,20:00:00,65.045,65.0553,64.99,65,2500,0
2017-11-21,20:05:00,64.98,65,64.97,65,2500,0
2017-11-21,20:10:00,65,65.02,64.99,65.02,4100,0
2017-11-21,20:15:00,65.02,65.02,64.97,64.99,4600,0
2017-11-21,20:20:00,65,65.02,64.98,64.99,3600,0
2017-11-21,20:25:00,64.97,65.01,64.97,64.99,5393,0
2017-11-21,20:30:00,65,65.02,64.98,65.01,5180,0
2017-11-21,20:35:00,65.02,65.02,64.98,65,3050,0
2017-11-21,20:40:00,65.005,65.02,65,65,3502,0
2017-11-21,20:45:00,64.995,65.02,64.97,65.015,8824,0
2017-11-21,20:50:00,65.02,65.1,65.02,65.09,11017,0
2017-11-21,20:55:00,65.09,65.12,65.085,65.1,6119,0
2017-11-21,21:00:00,65.1,65.1,65.055,65.1,10588,0
2017-11-21,21:05:00,65.11,65.16,65.11,65.14,2200,0
2017-11-21,21:10:00,65.14,65.16,65.13,65.16,600,0
2017-11-21,21:15:00,65.15,65.16,65.11,65.11,5753,0
2017-11-21,21:20:00,65.1,65.1,65.045,65.045,6141,0
2017-11-21,21:25:00,65.04,65.04,65,65.03,12724,0
2017-11-21,21:30:00,65.03,65.045,65,65.02,4493,0
2017-11-21,21:35:00,65.02,65.05,65.01,65.045,6812,0
2017-11-21,21:40:00,65.04,65.04,64.97,65.01,9743,0
2017-11-21,21:45:00,65.02,65.03,64.97,64.98,17553,0
2017-11-21,21:50:00,64.98,65,64.96,64.99,12173,0
2017-11-21,21:55:00,64.99,65.12,64.98,64.98,31956,0
2017-11-21,22:00:00,65,65.03,64.96,65.03,162708,0
2017-11-22,15:35:00,65,65,64.78,64.78,3685,0
2017-11-22,15:40:00,64.79,64.795,64.62,64.675,3498,0
2017-11-22,15:45:00,64.7,64.7,64.59,64.59,1600,0
2017-11-22,15:50:00,64.59,64.84,64.59,64.8,2600,0
2017-11-22,15:55:00,64.84,64.96,64.79,64.96,10351,0
2017-11-22,16:00:00,64.93,64.93,64.92,64.92,600,0
2017-11-22,16:05:00,64.93,64.97,64.86,64.94,5505,0
2017-11-22,16:10:00,64.915,65.24,64.89,65.21,133900,0
2017-11-22,16:15:00,65.17,65.33,65.04,65.04,12107,0
2017-11-22,16:20:00,65.05,65.07,64.97,64.97,1300,0
2017-11-22,16:25:00,64.98,65,64.9395,65,4451,0
2017-11-22,16:30:00,65.05,65.05,64.97,64.995,3300,0
2017-11-22,16:35:00,64.99,65.09,64.99,65.07,4420,0
2017-11-22,16:40:00,65.09,65.1474,65.08,65.1474,2550,0
2017-11-22,16:45:00,65.18,65.3,65.18,65.3,1700,0
2017-11-22,16:50:00,65.269,65.32,65.269,65.32,2162,0
2017-11-22,16:55:00,65.37,65.42,65.31,65.32,3000,0
2017-11-22,17:00:00,65.31,65.31,65.22,65.24,2500,0
2017-11-22,17:05:00,65.23,65.265,65.18,65.26,6244,0
2017-11-22,17:10:00,65.25,65.32,65.25,65.32,1900,0
2017-11-22,17:15:00,65.3057,65.32,65.29,65.31,1980,0
2017-11-22,17:20:00,65.309,65.4,65.29,65.34,3538,0
2017-11-22,17:25:00,65.33,65.35,65.3,65.35,787,0
2017-11-22,17:30:00,65.32,65.32,65.26,65.29,2415,0
2017-11-22,17:35:00,65.29,65.29,65.24,65.24,700,0
2017-11-22,17:40:00,65.24,65.28,65.24,65.26,800,0
2017-11-22,17:45:00,65.26,65.28,65.23,65.27,2059,0
2017-11-22,17:50:00,65.28,65.28,65.21,65.22,2729,0
2017-11-22,17:55:00,65.2,65.25,65.17,65.19,3100,0
2017-11-22,18:00:00,65.2,65.24,65.2,65.24,2003,0
2017-11-22,18:05:00,65.22,65.22,65.17,65.17,700,0
2017-11-22,18:10:00,65.15,65.15,65.06,65.06,4092,0
2017-11-22,18:15:00,65.08,65.1,65.06,65.09,2800,0
2017-11-22,18:20:00,65.11,65.13,65.06,65.06,900,0
2017-11-22,18:25:00,65.05,65.08,65.04,65.08,1118,0
2017-11-22,18:30:00,65.115,65.115,65.07,65.1,2300,0
2017-11-22,18:35:00,65.1,65.1,65.06,65.08,700,0
2017-11-22,18:40:00,65.08,65.08,65.08,65.08,100,0
2017-11-22,18:45:00,65.06,65.08,65.01,65.06,2500,0
2017-11-22,18:50:00,65.05,65.05,65.05,65.05,700,0
2017-11-22,18:55:00,65.03,65.03,65.01,65.01,1600,0
2017-11-22,19:00:00,65,65.03,65,65.03,1365,0
2017-11-22,19:05:00,65.04,65.045,65.02,65.02,900,0
2017-11-22,19:10:00,65.02,65.03,65,65,1000,0
2017-11-22,19:15:00,65.005,65.005,64.975,64.99,1439,0
2017-11-22,19:20:00,64.98,64.98,64.92,64.92,900,0
2017-11-22,19:25:00,64.92,64.965,64.92,64.95,800,0
2017-11-22,19:30:00,64.931,65,64.931,64.985,1684,0
2017-11-22,19:35:00,64.96,64.96,64.96,64.96,100,0
2017-11-22,19:40:00,64.975,64.975,64.94,64.95,2916,0
2017-11-22,19:45:00,64.94,64.98,64.91,64.98,4906,0
2017-11-22,19:50:00,64.97,65.06,64.96,65.02,6167,0
2017-11-22,19:55:00,65.01,65.025,64.94,64.96,9580,0
2017-11-22,20:00:00,64.96,64.98,64.955,64.98,1300,0
2017-11-22,20:05:00,65.04,65.07,65.01,65.055,2800,0
2017-11-22,20:10:00,65.05,65.1,65.05,65.09,3194,0
2017-11-22,20:15:00,65.1,65.12,65.1,65.11,1600,0
2017-11-22,20:20:00,65.11,65.11,65.045,65.045,1000,0
2017-11-22,20:25:00,65.05,65.13,65.05,65.08,3287,0
2017-11-22,20:30:00,65.09,65.095,65.05,65.05,2071,0
2017-11-22,20:35:00,65.05,65.09,65.04,65.08,1599,0
2017-11-22,20:40:00,65.07,65.1,65.07,65.1,2068,0
2017-11-22,20:45:00,65.12,65.13,65.12,65.13,1200,0
2017-11-22,20:50:00,65.14,65.19,65.14,65.16,1800,0
2017-11-22,20:55:00,65.14,65.15,65.11,65.12,6183,0
2017-11-22,21:00:00,65.125,65.13,65.1,65.1,1018,0
2017-11-22,21:05:00,65.12,65.13,65.06,65.07,2000,0
2017-11-22,21:10:00,65.06,65.085,65.05,65.06,2500,0
2017-11-22,21:15:00,65.05,65.075,65.01,65.06,3343,0
2017-11-22,21:20:00,65.05,65.05,65.01,65.03,2900,0
2017-11-22,21:25:00,65.04,65.08,65.02,65.05,3400,0
2017-11-22,21:30:00,65.08,65.08,65.04,65.04,1700,0
2017-11-22,21:35:00,65.04,65.09,65.03,65.08,5767,0
2017-11-22,21:40:00,65.085,65.11,65.04,65.11,4300,0
2017-11-22,21:45:00,65.1,65.14,65.08,65.14,7410,0
2017-11-22,21:50:00,65.13,65.14,65.09,65.11,8434,0
2017-11-22,21:55:00,65.11,65.17,65.09,65.13,9367,0
2017-11-22,22:00:00,65.13,65.135,65.07,65.1,44590,0
2017-11-24,15:35:00,65.34,65.34,65.17,65.2,3750,0
2017-11-24,15:40:00,65.32,65.34,65.21,65.245,1500,0
2017-11-24,15:45:00,65.24,65.26,65.06,65.25,2297,0
2017-11-24,15:50:00,65.19,65.27,65.19,65.24,1300,0
2017-11-24,15:55:00,65.19,65.24,65.18,65.24,500,0
2017-11-24,16:00:00,65.21,65.24,65.15,65.24,3343,0
2017-11-24,16:05:00,65.29,65.39,65.22,65.39,4100,0
2017-11-24,16:10:00,65.36,65.365,65.35,65.365,1529,0
2017-11-24,16:15:00,65.34,65.39,65.33,65.34,2100,0
2017-11-24,16:20:00,65.33,65.33,65.33,65.33,600,0
2017-11-24,16:25:00,65.36,65.37,65.29,65.29,500,0
2017-11-24,16:30:00,65.25,65.31,65.25,65.31,300,0
2017-11-24,16:35:00,65.24,65.36,65.23,65.34,4754,0
2017-11-24,16:45:00,65.27,65.31,65.25,65.31,5282,0
2017-11-24,16:50:00,65.32,65.39,65.32,65.34,1100,0
2017-11-24,16:55:00,65.34,65.44,65.34,65.44,4594,0
2017-11-24,17:00:00,65.5,65.58,65.49,65.58,1821,0
2017-11-24,17:05:00,65.57,65.63,65.5695,65.62,2700,0
2017-11-24,17:10:00,65.62,65.64,65.61,65.64,1700,0
2017-11-24,17:15:00,65.62,65.64,65.59,65.61,1889,0
2017-11-24,17:20:00,65.65,65.67,65.63,65.63,1700,0
2017-11-24,17:25:00,65.6,65.61,65.56,65.57,3275,0
2017-11-24,17:30:00,65.61,65.61,65.54,65.54,2600,0
2017-11-24,17:35:00,65.56,65.56,65.51,65.51,600,0
2017-11-24,17:40:00,65.53,65.59,65.53,65.58,1500,0
2017-11-24,17:45:00,65.6,65.61,65.56,65.58,2200,0
2017-11-24,17:50:00,65.54,65.57,65.49,65.53,2595,0
2017-11-24,17:55:00,65.51,65.56,65.51,65.56,600,0
2017-11-24,18:00:00,65.62,65.62,65.56,65.56,2110,0
2017-11-24,18:05:00,65.54,65.57,65.54,65.57,2900,0
2017-11-24,18:10:00,65.5965,65.66,65.58,65.66,1387,0
2017-11-24,18:15:00,65.7,65.7,65.66,65.67,1221,0
2017-11-24,18:20:00,65.68,65.68,65.66,65.66,1300,0
2017-11-24,18:25:00,65.68,65.7,65.65,65.69,1784,0
2017-11-24,18:30:00,65.7,65.7,65.66,65.67,3000,0
2017-11-24,18:35:00,65.68,65.68,65.62,65.65,1700,0
2017-11-24,18:40:00,65.65,65.69,65.62,65.64,2700,0
2017-11-24,18:45:00,65.62,65.65,65.62,65.62,627,0
2017-11-24,18:50:00,65.63,65.68,65.63,65.68,5700,0
2017-11-24,18:55:00,65.74,65.79,65.69,65.75,3795,0
2017-11-24,19:00:00,65.76,65.82,65.715,65.75,14436,0
2017-11-24,19:05:00,65.77,65.77,65.77,65.77,18808,0
2017-11-27,15:35:00,65.86,66.225,65.86,66.01,7672,0
2017-11-27,15:40:00,65.91,65.91,65.7,65.735,3423,0
2017-11-27,15:45:00,65.78,65.86,65.775,65.775,3400,0
2017-11-27,15:50:00,65.775,65.82,65.67,65.67,9598,0
2017-11-27,15:55:00,65.75,65.87,65.7,65.79,5410,0
2017-11-27,16:00:00,65.81,65.81,65.7,65.74,2000,0
2017-11-27,16:05:00,65.79,65.86,65.73,65.79,6727,0
2017-11-27,16:10:00,65.81,65.97,65.8,65.9398,4102,0
2017-11-27,16:15:00,65.89,65.92,65.808,65.835,10800,0
2017-11-27,16:20:00,65.86,65.87,65.81,65.82,2200,0
2017-11-27,16:25:00,65.8,65.85,65.73,65.73,10887,0
2017-11-27,16:30:00,65.75,65.81,65.75,65.79,2100,0
2017-11-27,16:35:00,65.8,65.85,65.79,65.79,4390,0
2017-11-27,16:40:00,65.79,65.79,65.77,65.77,1610,0
2017-11-27,16:45:00,65.77,65.84,65.75,65.82,5735,0
2017-11-27,16:50:00,65.84,65.85,65.76,65.77,6076,0
2017-11-27,16:55:00,65.8,65.84,65.76,65.82,2968,0
2017-11-27,17:00:00,65.7961,65.83,65.76,65.83,2345,0
2017-11-27,17:05:00,65.85,65.87,65.82,65.87,5785,0
2017-11-27,17:10:00,65.85,65.94,65.79,65.905,11805,0
2017-11-27,17:15:00,65.88,65.9,65.87,65.87,2195,0
2017-11-27,17:20:00,65.89,65.89,65.79,65.8,7700,0
2017-11-27,17:25:00,65.79,65.8,65.72,65.8,2922,0
2017-11-27,17:30:00,65.8,65.8,65.72,65.72,2100,0
2017-11-27,17:35:00,65.74,65.74,65.64,65.64,1000,0
2017-11-27,17:40:00,65.64,65.66,65.6,65.62,3600,0
2017-11-27,17:45:00,65.645,65.71,65.64,65.71,3027,0
2017-11-27,17:50:00,65.7,65.72,65.67,65.72,900,0
2017-11-27,17:55:00,65.77,65.78,65.68,65.69,3300,0
2017-11-27,18:00:00,65.7,65.74,65.7,65.74,1900,0
2017-11-27,18:05:00,65.72,65.78,65.72,65.775,2055,0
2017-11-27,18:10:00,65.775,65.815,65.72,65.75,6866,0
2017-11-27,18:15:00,65.76,65.78,65.73,65.77,2600,0
2017-11-27,18:20:00,65.765,65.765,65.71,65.74,2000,0
2017-11-27,18:25:00,65.74,65.74,65.69,65.69,1100,0
2017-11-27,18:30:00,65.77,65.77,65.7,65.7,1900,0
2017-11-27,18:35:00,65.7,65.72,65.7,65.72,1400,0
2017-11-27,18:40:00,65.7,65.72,65.69,65.72,3050,0
2017-11-27,18:45:00,65.7,65.74,65.69,65.69,2600,0
2017-11-27,18:50:00,65.7,65.75,65.7,65.72,1300,0
2017-11-27,18:55:00,65.72,65.75,65.7,65.7049,2250,0
2017-11-27,19:00:00,65.74,65.74,65.69,65.715,1200,0
2017-11-27,19:05:00,65.69,65.755,65.69,65.75,1500,0
2017-11-27,19:10:00,65.75,65.79,65.75,65.79,1100,0
2017-11-27,19:15:00,65.77,65.78,65.76,65.78,1163,0
2017-11-27,19:20:00,65.78,65.81,65.77,65.78,4800,0
2017-11-27,19:25:00,65.76,65.7625,65.74,65.76,1000,0
2017-11-27,19:30:00,65.76,65.765,65.73,65.74,3100,0
2017-11-27,19:35:00,65.75,65.755,65.72,65.74,2700,0
2017-11-27,19:40:00,65.75,65.75,65.73,65.74,10402,0
2017-11-27,19:45:00,65.715,65.715,65.7,65.71,400,0
2017-11-27,19:50:00,65.75,65.75,65.71,65.75,1700,0
2017-11-27,19:55:00,65.75,65.785,65.74,65.74,7334,0
2017-11-27,20:00:00,65.74,65.76,65.74,65.76,500,0
2017-11-27,20:05:00,65.75,65.76,65.74,65.75,14238,0
2017-11-27,20:10:00,65.75,65.75,65.71,65.71,3361,0
2017-11-27,20:15:00,65.7,65.7,65.67,65.67,2155,0
2017-11-27,20:20:00,65.7,65.72,65.69,65.7,3907,0
2017-11-27,20:25:00,65.69,65.69,65.645,65.65,1867,0
2017-11-27,20:30:00,65.645,65.65,65.6,65.6,2796,0
2017-11-27,20:35:00,65.59,65.61,65.59,65.61,1260,0
2017-11-27,20:40:00,65.6199,65.62,65.58,65.58,4279,0
2017-11-27,20:45:00,65.58,65.6,65.58,65.58,800,0
2017-11-27,20:50:00,65.6,65.6,65.5678,65.575,3124,0
2017-11-27,20:55:00,65.56,65.57,65.56,65.57,500,0
2017-11-27,21:00:00,65.57,65.63,65.56,65.62,4216,0
2017-11-27,21:05:00,65.61,65.64,65.57,65.61,2643,0
2017-11-27,21:10:00,65.585,65.64,65.585,65.59,2152,0
2017-11-27,21:15:00,65.61,65.64,65.6,65.64,3300,0
2017-11-27,21:20:00,65.61,65.72,65.61,65.705,4897,0
2017-11-27,21:25:00,65.72,65.78,65.72,65.78,3860,0
2017-11-27,21:30:00,65.77,65.77,65.7,65.7,6892,0
2017-11-27,21:35:00,65.71,65.74,65.66,65.67,8262,0
2017-11-27,21:40:00,65.66,65.74,65.62,65.69,12544,0
2017-11-27,21:45:00,65.68,65.685,65.53,65.55,9780,0
2017-11-27,21:50:00,65.56,65.58,65.47,65.48,12649,0
2017-11-27,21:55:00,65.49,65.54,65.44,65.5,30732,0
2017-11-27,22:00:00,65.49,65.54,65.45,65.46,61526,0
2017-11-28,15:35:00,65.55,65.55,65.55,65.55,1849,0
2017-11-28,15:40:00,65.52,65.525,65.34,65.37,1700,0
2017-11-28,15:45:00,65.38,65.51,65.345,65.37,1800,0
2017-11-28,15:50:00,65.395,65.45,65.3,65.41,5100,0
2017-11-28,15:55:00,65.39,65.4,65.32,65.4,2149,0
2017-11-28,16:00:00,65.47,65.54,65.425,65.45,13400,0
2017-11-28,16:05:00,65.48,65.53,65.43,65.43,4900,0
2017-11-28,16:10:00,65.45,65.5,65.39,65.48,9800,0
2017-11-28,16:15:00,65.505,65.505,65.47,65.48,700,0
2017-11-28,16:20:00,65.52,65.58,65.52,65.55,2500,0
2017-11-28,16:25:00,65.555,65.58,65.42,65.42,24800,0
2017-11-28,16:30:00,65.44,65.44,65.415,65.43,600,0
2017-11-28,16:35:00,65.43,65.49,65.42,65.49,1100,0
2017-11-28,16:40:00,65.48,65.57,65.465,65.53,6662,0
2017-11-28,16:45:00,65.51,65.545,65.43,65.5,9316,0
2017-11-28,16:50:00,65.5,65.62,65.5,65.61,3900,0
2017-11-28,16:55:00,65.58,65.66,65.58,65.615,9051,0
2017-11-28,17:00:00,65.57,65.59,65.49,65.53,9162,0
2017-11-28,17:05:00,65.53,65.57,65.48,65.495,12488,0
2017-11-28,17:10:00,65.47,65.53,65.46,65.47,2060,0
2017-11-28,17:15:00,65.47,65.57,65.46,65.49,8405,0
2017-11-28,17:20:00,65.53,65.55,65.49,65.5,10739,0
2017-11-28,17:25:00,65.55,65.625,65.55,65.61,2200,0
2017-11-28,17:30:00,65.61,65.71,65.6,65.7,10100,0
2017-11-28,17:35:00,65.72,65.85,65.7,65.76,5767,0
2017-11-28,17:40:00,65.75,65.87,65.7,65.85,8100,0
2017-11-28,17:45:00,65.84,65.85,65.72,65.8,7000,0
2017-11-28,17:50:00,65.76,65.94,65.7,65.895,12450,0
2017-11-28,17:55:00,65.92,65.97,65.84,65.885,7700,0
2017-11-28,18:00:00,65.8925,65.8975,65.83,65.8314,1765,0
2017-11-28,18:05:00,65.81,65.83,65.78,65.83,1400,0
2017-11-28,18:10:00,65.8,65.82,65.69,65.75,5100,0
2017-11-28,18:15:00,65.78,65.815,65.71,65.75,7406,0
2017-11-28,18:20:00,65.74,65.8,65.74,65.775,3600,0
2017-11-28,18:25:00,65.79,65.83,65.76,65.83,1400,0
2017-11-28,18:30:00,65.82,65.84,65.79,65.83,2900,0
2017-11-28,18:35:00,65.83,65.83,65.705,65.74,3848,0
2017-11-28,18:40:00,65.73,65.775,65.73,65.75,800,0
2017-11-28,18:45:00,65.73,65.75,65.7,65.705,2100,0
2017-11-28,18:50:00,65.69,65.72,65.63,65.69,5078,0
2017-11-28,18:55:00,65.65,65.65,65.65,65.65,100,0
2017-11-28,19:00:00,65.65,65.73,65.65,65.71,2900,0
2017-11-28,19:05:00,65.7,65.75,65.65,65.69,14820,0
2017-11-28,19:10:00,65.71,65.79,65.71,65.79,6748,0
2017-11-28,19:15:00,65.79,65.8,65.69,65.72,4300,0
2017-11-28,19:20:00,65.705,65.72,65.67,65.69,7274,0
2017-11-28,19:25:00,65.7,65.7,65.575,65.585,5200,0
2017-11-28,19:30:00,65.585,65.64,65.55,65.63,6482,0
2017-11-28,19:35:00,65.63,65.67,65.58,65.61,17448,0
2017-11-28,19:40:00,65.61,65.63,65.57,65.57,27650,0
2017-11-28,19:45:00,65.6,65.6,65.6,65.6,100,0
2017-11-28,19:50:00,65.6,65.63,65.5928,65.605,2553,0
2017-11-28,19:55:00,65.59,65.6,65.445,65.445,4897,0
2017-11-28,20:00:00,65.46,65.46,65.33,65.33,4441,0
2017-11-28,20:05:00,65.345,65.4,65.33,65.4,3663,0
2017-11-28,20:10:00,65.42,65.52,65.41,65.52,2293,0
2017-11-28,20:15:00,65.51,65.53,65.48,65.53,600,0
2017-11-28,20:20:00,65.515,65.56,65.46,65.56,6530,0
2017-11-28,20:25:00,65.53,65.58,65.53,65.58,546,0
2017-11-28,20:30:00,65.58,65.59,65.56,65.56,2875,0
2017-11-28,20:35:00,65.58,65.62,65.58,65.62,600,0
2017-11-28,20:40:00,65.63,65.67,65.6,65.67,3600,0
2017-11-28,20:45:00,65.68,65.74,65.68,65.74,1879,0
2017-11-28,20:50:00,65.74,65.76,65.63,65.63,5020,0
2017-11-28,20:55:00,65.64,65.65,65.51,65.6,31406,0
2017-11-28,21:00:00,65.585,65.6,65.5178,65.53,9264,0
2017-11-28,21:05:00,65.54,65.55,65.5,65.53,10362,0
2017-11-28,21:10:00,65.54,65.65,65.54,65.6201,8564,0
2017-11-28,21:15:00,65.65,65.67,65.61,65.61,4049,0
2017-11-28,21:20:00,65.62,65.69,65.62,65.69,6934,0
2017-11-28,21:25:00,65.7,65.76,65.7,65.76,1470,0
2017-11-28,21:30:00,65.795,65.795,65.62,65.62,8344,0
2017-11-28,21:35:00,65.62,65.63,65.53,65.59,10112,0
2017-11-28,21:40:00,65.6,65.6,65.52,65.5775,4517,0
2017-11-28,21:45:00,65.59,65.65,65.59,65.65,6454,0
2017-11-28,21:50:00,65.66,65.71,65.62,65.63,17634,0
2017-11-28,21:55:00,65.65,65.69,65.64,65.68,10179,0
2017-11-28,22:00:00,65.68,65.69,65.61,65.69,54041,0
2017-11-29,15:35:00,65,65.13,64.76,64.87,18258,0
2017-11-29,15:40:00,64.87,64.87,64.06,64.16,14546,0
2017-11-29,15:45:00,64.14,64.14,63.82,63.99,38360,0
2017-11-29,15:50:00,64,64,63.62,63.7155,31890,0
2017-11-29,15:55:00,63.73,63.9,63.7253,63.801,20576,0
2017-11-29,16:00:00,63.79,63.93,63.79,63.885,12594,0
2017-11-29,16:05:00,63.9,63.9199,63.56,63.6,24351,0
2017-11-29,16:10:00,63.595,63.625,63.47,63.59,22655,0
2017-11-29,16:15:00,63.6,63.63,63.39,63.39,11037,0
2017-11-29,16:20:00,63.26,63.26,62.83,62.88,14262,0
2017-11-29,16:25:00,62.9,62.97,62.34,62.38,37439,0
2017-11-29,16:30:00,62.4,62.5,62.34,62.49,30539,0
2017-11-29,16:35:00,62.51,62.51,61.95,62,42368,0
2017-11-29,16:40:00,61.99,62.12,61.95,62.07,63818,0
2017-11-29,16:45:00,62.0625,62.535,62.03,62.37,113622,0
2017-11-29,16:50:00,62.385,62.4,61.98,62.07,25070,0
2017-11-29,16:55:00,62.12,62.13,61.81,61.9,27382,0
2017-11-29,17:00:00,61.97,61.97,61.7,61.79,13375,0
2017-11-29,17:05:00,61.815,62.07,61.8,61.91,29154,0
2017-11-29,17:10:00,61.945,62,61.8212,61.84,10327,0
2017-11-29,17:15:00,61.86,62.03,61.82,61.89,15038,0
2017-11-29,17:20:00,61.85,61.89,61.75,61.83,12566,0
2017-11-29,17:25:00,61.87,62.03,61.81,61.87,13989,0
2017-11-29,17:30:00,61.87,61.91,61.83,61.88,49508,0
2017-11-29,17:35:00,61.84,61.94,61.82,61.91,30805,0
2017-11-29,17:40:00,61.92,61.97,61.71,61.73,12370,0
2017-11-29,17:45:00,61.715,61.76,61.54,61.57,15819,0
2017-11-29,17:50:00,61.53,61.54,61.31,61.36,14113,0
2017-11-29,17:55:00,61.35,61.38,61.151,61.22,14600,0
2017-11-29,18:00:00,61.19,61.22,60.85,60.88,15923,0
2017-11-29,18:05:00,60.91,61.07,60.81,60.84,18240,0
2017-11-29,18:10:00,60.83,61.1,60.83,61,11011,0
2017-11-29,18:15:00,61,61.2625,61,61.11,6600,0
2017-11-29,18:20:00,61.11,61.25,61.09,61.25,6304,0
2017-11-29,18:25:00,61.26,61.7,61.23,61.66,22056,0
2017-11-29,18:30:00,61.69,61.73,61.555,61.555,23691,0
2017-11-29,18:35:00,61.57,61.69,61.51,61.58,23260,0
2017-11-29,18:40:00,61.6,61.63,61.51,61.57,10472,0
2017-11-29,18:45:00,61.57,61.7,61.53,61.64,27523,0
2017-11-29,18:50:00,61.63,61.94,61.59,61.92,46779,0
2017-11-29,18:55:00,61.91,61.94,61.85,61.865,33267,0
2017-11-29,19:00:00,61.865,61.91,61.85,61.9,51362,0
2017-11-29,19:05:00,61.9,62.01,61.85,62,15772,0
2017-11-29,19:10:00,61.99,61.99,61.86,61.93,24409,0
2017-11-29,19:15:00,61.95,62.23,61.95,62.1351,8328,0
2017-11-29,19:20:00,62.12,62.13,61.96,62.1,43760,0
2017-11-29,19:25:00,62.135,62.135,61.99,62.105,14400,0
2017-11-29,19:30:00,62.12,62.15,62.08,62.1,28343,0
2017-11-29,19:35:00,62.13,62.29,62.12,62.26,7249,0
2017-11-29,19:40:00,62.27,62.31,62.25,62.31,4550,0
2017-11-29,19:45:00,62.33,62.35,62.28,62.325,7904,0
2017-11-29,19:50:00,62.32,62.35,62.285,62.32,7738,0
2017-11-29,19:55:00,62.315,62.37,62.29,62.325,15870,0
2017-11-29,20:00:00,62.33,62.39,62.18,62.18,36466,0
2017-11-29,20:05:00,62.16,62.165,62,62.09,15844,0
2017-11-29,20:10:00,62.075,62.075,61.9,61.94,17227,0
2017-11-29,20:15:00,62.03,62.09,61.95,61.97,6807,0
2017-11-29,20:20:00,61.98,62.18,61.9,62.15,28182,0
2017-11-29,20:25:00,62.15,62.23,62.105,62.105,6145,0
2017-11-29,20:30:00,62.105,62.15,61.96,62.11,9977,0
2017-11-29,20:35:00,62.03,62.2,62.03,62.18,6000,0
2017-11-29,20:40:00,62.18,62.18,62.1,62.18,71700,0
2017-11-29,20:45:00,62.2,62.3,62.17,62.17,17086,0
2017-11-29,20:50:00,62.17,62.26,62.11,62.25,7033,0
2017-11-29,20:55:00,62.23,62.28,62.19,62.25,11419,0
2017-11-29,21:00:00,62.25,62.37,62.25,62.3,16645,0
2017-11-29,21:05:00,62.3,62.355,62.3,62.305,12289,0
2017-11-29,21:10:00,62.29,62.38,62.28,62.375,14169,0
2017-11-29,21:15:00,62.37,62.44,62.36,62.405,25828,0
2017-11-29,21:20:00,62.39,62.39,62.33,62.35,12640,0
2017-11-29,21:25:00,62.35,62.45,62.345,62.45,18142,0
2017-11-29,21:30:00,62.455,62.4625,62.4,62.43,19751,0
2017-11-29,21:35:00,62.43,62.55,62.41,62.55,23454,0
2017-11-29,21:40:00,62.55,62.55,62.415,62.42,22854,0
2017-11-29,21:45:00,62.425,62.425,62.31,62.32,33928,0
2017-11-29,21:50:00,62.33,62.44,62.33,62.38,30423,0
2017-11-29,21:55:00,62.39,62.44,62.22,62.25,46239,0
2017-11-29,22:00:00,62.26,62.29,62.18,62.26,127585,0
2017-11-30,15:35:00,62.23,62.96,62.23,62.29,22144,0
2017-11-30,15:40:00,62.301,62.44,62.04,62.21,17341,0
2017-11-30,15:45:00,62.22,62.51,62.12,62.49,16512,0
2017-11-30,15:50:00,62.41,62.78,62.355,62.775,18500,0
2017-11-30,15:55:00,62.75,62.78,62.4,62.505,19100,0
2017-11-30,16:00:00,62.53,62.72,62.525,62.67,11548,0
2017-11-30,16:05:00,62.65,62.99,62.625,62.99,12167,0
2017-11-30,16:10:00,62.99,62.99,62.82,62.83,20494,0
2017-11-30,16:15:00,62.82,62.86,62.72,62.82,12782,0
2017-11-30,16:20:00,62.825,62.83,62.71,62.8,8405,0
2017-11-30,16:25:00,62.825,62.91,62.82,62.91,5600,0
2017-11-30,16:30:00,62.91,62.98,62.88,62.98,2400,0
2017-11-30,16:35:00,63.02,63.2,63.02,63.18,6021,0
2017-11-30,16:40:00,63.21,63.27,63.16,63.27,8835,0
2017-11-30,16:45:00,63.27,63.27,63.09,63.16,6087,0
2017-11-30,16:50:00,63.15,63.31,63.11,63.3,6850,0
2017-11-30,16:55:00,63.29,63.35,63.2443,63.32,7077,0
2017-11-30,17:00:00,63.315,63.315,63.15,63.2,5200,0
2017-11-30,17:05:00,63.14,63.31,63.09,63.31,4805,0
2017-11-30,17:10:00,63.25,63.3,63.15,63.25,5600,0
2017-11-30,17:15:00,63.2,63.33,63.14,63.33,22485,0
2017-11-30,17:20:00,63.34,63.46,63.34,63.39,7621,0
2017-11-30,17:25:00,63.37,63.47,63.37,63.4,5659,0
2017-11-30,17:30:00,63.42,63.44,63.36,63.42,7300,0
2017-11-30,17:35:00,63.42,63.42,63.3,63.32,3726,0
2017-11-30,17:40:00,63.285,63.42,63.28,63.42,14074,0
2017-11-30,17:45:00,63.43,63.43,63.34,63.37,6914,0
2017-11-30,17:50:00,63.37,63.37,63.31,63.35,3871,0
2017-11-30,17:55:00,63.3,63.38,63.3,63.35,5707,0
2017-11-30,18:00:00,63.325,63.36,63.31,63.36,3132,0
2017-11-30,18:05:00,63.36,63.36,63.26,63.26,2300,0
2017-11-30,18:10:00,63.26,63.37,63.26,63.31,6002,0
2017-11-30,18:15:00,63.325,63.4,63.325,63.4,6458,0
2017-11-30,18:20:00,63.41,63.46,63.38,63.45,7818,0
2017-11-30,18:25:00,63.45,63.45,63.435,63.45,2326,0
2017-11-30,18:30:00,63.45,63.55,63.44,63.525,6500,0
2017-11-30,18:35:00,63.51,63.53,63.46,63.49,5940,0
2017-11-30,18:40:00,63.5,63.53,63.46,63.515,5938,0
2017-11-30,18:45:00,63.54,63.56,63.49,63.53,3329,0
2017-11-30,18:50:00,63.505,63.505,63.46,63.47,1600,0
2017-11-30,18:55:00,63.44,63.46,63.4,63.4,8311,0
2017-11-30,19:00:00,63.38,63.4,63.26,63.375,4035,0
2017-11-30,19:05:00,63.375,63.46,63.375,63.46,5274,0
2017-11-30,19:10:00,63.46,63.495,63.44,63.46,3470,0
2017-11-30,19:15:00,63.455,63.58,63.42,63.48,13600,0
2017-11-30,19:20:00,63.47,63.55,63.44,63.53,11913,0
2017-11-30,19:25:00,63.53,63.59,63.49,63.56,4700,0
2017-11-30,19:30:00,63.555,63.59,63.54,63.57,2613,0
2017-11-30,19:35:00,63.58,63.59,63.54,63.55,1900,0
2017-11-30,19:40:00,63.55,63.63,63.53,63.54,2600,0
2017-11-30,19:45:00,63.53,63.55,63.48,63.52,3838,0
2017-11-30,19:50:00,63.53,63.57,63.51,63.57,4405,0
2017-11-30,19:55:00,63.545,63.6199,63.52,63.6,8362,0
2017-11-30,20:00:00,63.59,63.71,63.59,63.71,7802,0
2017-11-30,20:05:00,63.73,63.73,63.595,63.595,4700,0
2017-11-30,20:10:00,63.58,63.5925,63.545,63.57,4112,0
2017-11-30,20:15:00,63.58,63.67,63.57,63.67,3376,0
2017-11-30,20:20:00,63.67,63.67,63.62,63.645,1500,0
2017-11-30,20:25:00,63.66,63.74,63.64,63.73,6509,0
2017-11-30,20:30:00,63.74,63.76,63.7,63.738,13144,0
2017-11-30,20:35:00,63.75,63.78,63.72,63.72,8656,0
2017-11-30,20:40:00,63.7,63.715,63.555,63.555,4806,0
2017-11-30,20:45:00,63.56,63.63,63.55,63.615,6879,0
2017-11-30,20:50:00,63.65,63.65,63.58,63.63,3700,0
2017-11-30,20:55:00,63.59,63.62,63.55,63.61,3322,0
2017-11-30,21:00:00,63.61,63.67,63.61,63.645,3124,0
2017-11-30,21:05:00,63.57,63.65,63.57,63.62,9192,0
2017-11-30,21:10:00,63.61,63.63,63.52,63.56,10563,0
2017-11-30,21:15:00,63.55,63.62,63.54,63.62,3978,0
2017-11-30,21:20:00,63.63,63.67,63.61,63.61,3100,0
2017-11-30,21:25:00,63.61,63.66,63.57,63.585,6741,0
2017-11-30,21:30:00,63.58,63.6703,63.53,63.65,9936,0
2017-11-30,21:35:00,63.66,63.67,63.5714,63.61,15821,0
2017-11-30,21:40:00,63.62,63.65,63.545,63.545,17000,0
2017-11-30,21:45:00,63.545,63.61,63.53,63.61,22737,0
2017-11-30,21:50:00,63.605,63.79,63.605,63.79,9281,0
2017-11-30,21:55:00,63.79,63.86,63.75,63.8,34545,0
2017-11-30,22:00:00,63.78,63.79,63.65,63.68,113591,0
2017-12-01,15:35:00,63.48,63.73,63.46,63.46,10970,0
2017-12-01,15:40:00,63.5,63.67,63.44,63.52,5000,0
2017-12-01,15:45:00,63.475,63.475,63.3001,63.4,13170,0
2017-12-01,15:50:00,63.4,63.58,63.09,63.09,14700,0
2017-12-01,15:55:00,63.17,63.25,62.85,62.85,18400,0
2017-12-01,16:00:00,62.86,62.88,62.69,62.76,7600,0
2017-12-01,16:05:00,62.76,62.92,62.75,62.8,13108,0
2017-12-01,16:10:00,62.76,62.84,62.675,62.75,10550,0
2017-12-01,16:15:00,62.68,62.69,62.55,62.65,9292,0
2017-12-01,16:20:00,62.69,63.01,62.69,62.86,4500,0
2017-12-01,16:25:00,62.81,62.84,62.6,62.7,7220,0
2017-12-01,16:30:00,62.73,62.73,62.53,62.57,9000,0
2017-12-01,16:35:00,62.58,62.71,62.58,62.59,4663,0
2017-12-01,16:40:00,62.55,62.5775,62.45,62.5,16290,0
2017-12-01,16:45:00,62.53,62.72,62.5,62.69,8000,0
2017-12-01,16:50:00,62.65,62.86,62.64,62.86,8281,0
2017-12-01,16:55:00,62.79,62.95,62.74,62.74,6514,0
2017-12-01,17:00:00,62.775,62.775,62.65,62.65,4800,0
2017-12-01,17:05:00,62.655,62.71,62.61,62.65,5890,0
2017-12-01,17:10:00,62.64,62.64,62.38,62.44,4600,0
2017-12-01,17:15:00,62.46,62.46,61.9,62.08,5100,0
2017-12-01,17:20:00,62.12,62.15,61.95,62.01,3067,0
2017-12-01,17:25:00,62.06,62.06,61.81,61.89,9272,0
2017-12-01,17:30:00,61.85,61.93,61.45,61.45,118211,0
2017-12-01,17:35:00,61.43,61.55,61.04,61.488,6764,0
2017-12-01,17:40:00,61.52,61.92,61.52,61.87,4605,0
2017-12-01,17:45:00,61.98,62.07,61.84,61.84,7906,0
2017-12-01,17:50:00,61.88,61.89,61.75,61.83,33148,0
2017-12-01,17:55:00,61.78,61.92,61.62,61.85,6666,0
2017-12-01,18:00:00,61.91,61.93,61.74,61.86,5462,0
2017-12-01,18:05:00,61.88,62.19,61.83,62.155,5000,0
2017-12-01,18:10:00,62.19,62.26,62.1,62.25,5911,0
2017-12-01,18:15:00,62.29,62.35,62.22,62.22,3682,0
2017-12-01,18:20:00,62.23,62.38,62.23,62.305,4985,0
2017-12-01,18:25:00,62.34,62.34,62.25,62.31,4038,0
2017-12-01,18:30:00,62.35,62.36,62.26,62.28,4518,0
2017-12-01,18:35:00,62.27,62.29,62.18,62.18,17924,0
2017-12-01,18:40:00,62.19,62.23,62.15,62.16,6575,0
2017-12-01,18:45:00,62.16,62.36,62.13,62.36,13736,0
2017-12-01,18:50:00,62.38,62.46,62.27,62.41,23904,0
2017-12-01,18:55:00,62.46,62.61,62.43,62.43,3300,0
2017-12-01,19:00:00,62.41,62.4512,62.37,62.4,4375,0
2017-12-01,19:05:00,62.37,62.48,62.37,62.465,10292,0
2017-12-01,19:10:00,62.44,62.45,62.34,62.34,17808,0
2017-12-01,19:15:00,62.32,62.36,62.27,62.285,10260,0
2017-12-01,19:20:00,62.285,62.31,62.22,62.31,7914,0
2017-12-01,19:25:00,62.315,62.34,62.27,62.34,12407,0
2017-12-01,19:30:00,62.335,62.35,62.28,62.315,20371,0
2017-12-01,19:35:00,62.315,62.37,62.29,62.35,17478,0
2017-12-01,19:40:00,62.35,62.44,62.33,62.34,9299,0
2017-12-01,19:45:00,62.35,62.35,62.29,62.295,35807,0
2017-12-01,19:50:00,62.295,62.325,62.26,62.325,12645,0
2017-12-01,19:55:00,62.33,62.42,62.33,62.37,7620,0
2017-12-01,20:00:00,62.37,62.42,62.35,62.36,8552,0
2017-12-01,20:05:00,62.36,62.495,62.33,62.46,12046,0
2017-12-01,20:10:00,62.46,62.52,62.42,62.4325,6100,0
2017-12-01,20:15:00,62.45,62.62,62.45,62.62,9970,0
2017-12-01,20:20:00,62.59,62.65,62.555,62.565,8058,0
2017-12-01,20:25:00,62.565,62.67,62.54,62.59,7632,0
2017-12-01,20:30:00,62.6,62.685,62.57,62.62,46191,0
2017-12-01,20:35:00,62.645,62.655,62.565,62.565,6654,0
2017-12-01,20:40:00,62.565,62.65,62.54,62.54,7550,0
2017-12-01,20:45:00,62.545,62.6,62.52,62.565,16009,0
2017-12-01,20:50:00,62.565,62.6,62.54,62.57,17827,0
2017-12-01,20:55:00,62.59,62.63,62.57,62.59,5159,0
2017-12-01,21:00:00,62.6,62.65,62.56,62.65,6000,0
2017-12-01,21:05:00,62.65,62.66,62.55,62.645,9400,0
2017-12-01,21:10:00,62.645,62.66,62.57,62.57,7905,0
2017-12-01,21:15:00,62.57,62.6,62.53,62.53,11700,0
2017-12-01,21:20:00,62.53,62.54,62.455,62.455,7794,0
2017-12-01,21:25:00,62.455,62.47,62.39,62.39,5840,0
2017-12-01,21:30:00,62.39,62.42,62.32,62.34,13829,0
2017-12-01,21:35:00,62.345,62.49,62.34,62.455,26554,0
2017-12-01,21:40:00,62.495,62.495,62.41,62.48,15109,0
2017-12-01,21:45:00,62.4899,62.66,62.48,62.66,18506,0
2017-12-01,21:50:00,62.635,62.635,62.54,62.5601,24248,0
2017-12-01,21:55:00,62.57,62.72,62.57,62.58,33486,0
2017-12-01,22:00:00,62.6,62.67,62.58,62.65,49987,0
2017-12-04,15:35:00,63.3,63.3,62.22,62.3,25026,0
2017-12-04,15:40:00,62.515,62.58,62.25,62.47,59900,0
2017-12-04,15:45:00,62.67,62.72,62.57,62.58,3580,0
2017-12-04,15:50:00,62.455,62.47,62.25,62.29,7819,0
2017-12-04,15:55:00,62.31,62.39,62.19,62.28,14063,0
2017-12-04,16:00:00,62.24,62.34,61.89,61.99,13730,0
2017-12-04,16:05:00,61.99,62.02,61.54,61.57,125566,0
2017-12-04,16:10:00,61.54,61.585,60.98,61.15,31348,0
2017-12-04,16:15:00,61.17,61.19,60.94,61.14,4791,0
2017-12-04,16:20:00,61.16,61.23,60.95,61.16,9587,0
2017-12-04,16:25:00,61.2,61.73,61.2,61.65,9025,0
2017-12-04,16:30:00,61.66,61.81,61.59,61.81,11000,0
2017-12-04,16:35:00,61.79,61.79,61.64,61.68,6736,0
2017-12-04,16:40:00,61.72,61.86,61.63,61.86,12454,0
2017-12-04,16:45:00,61.78,61.78,61.61,61.6175,8201,0
2017-12-04,16:50:00,61.62,61.68,61.4,61.42,11193,0
2017-12-04,16:55:00,61.37,61.38,61.24,61.265,14685,0
2017-12-04,17:00:00,61.25,61.31,61.095,61.215,14016,0
2017-12-04,17:05:00,61.2,61.3,61.07,61.23,8554,0
2017-12-04,17:10:00,61.25,61.33,61.19,61.2195,9000,0
2017-12-04,17:15:00,61.22,61.48,61.185,61.48,12360,0
2017-12-04,17:20:00,61.44,61.62,61.25,61.34,10869,0
2017-12-04,17:25:00,61.35,61.67,61.35,61.54,8034,0
2017-12-04,17:30:00,61.63,61.74,61.61,61.61,7634,0
2017-12-04,17:35:00,61.65,61.77,61.61,61.74,10880,0
2017-12-04,17:40:00,61.73,61.84,61.7,61.84,4620,0
2017-12-04,17:45:00,61.84,61.88,61.75,61.76,6400,0
2017-12-04,17:50:00,61.75,61.75,61.67,61.73,8844,0
2017-12-04,17:55:00,61.71,61.84,61.7,61.84,4899,0
2017-12-04,18:00:00,61.78,61.9,61.78,61.88,4600,0
2017-12-04,18:05:00,61.92,62.04,61.92,62.04,15153,0
2017-12-04,18:10:00,62.015,62.155,61.91,61.91,12388,0
2017-12-04,18:15:00,61.9,61.95,61.81,61.95,5010,0
2017-12-04,18:20:00,61.945,61.945,61.89,61.89,3200,0
2017-12-04,18:25:00,61.86,61.86,61.66,61.75,8500,0
2017-12-04,18:30:00,61.76,61.79,61.61,61.69,3901,0
2017-12-04,18:35:00,61.73,61.86,61.66,61.86,9730,0
2017-12-04,18:40:00,61.89,61.89,61.68,61.79,2785,0
2017-12-04,18:45:00,61.79,61.82,61.7,61.82,5993,0
2017-12-04,18:50:00,61.86,61.89,61.77,61.89,4660,0
2017-12-04,18:55:00,61.94,61.99,61.92,61.92,3100,0
2017-12-04,19:00:00,61.94,62,61.94,61.98,6595,0
2017-12-04,19:05:00,62,62.13,61.98,62.085,3300,0
2017-12-04,19:10:00,62.115,62.17,62.11,62.11,2400,0
2017-12-04,19:15:00,62.07,62.09,62.06,62.085,1800,0
2017-12-04,19:20:00,62.1,62.12,62.065,62.09,5444,0
2017-12-04,19:25:00,62.065,62.08,62.03,62.08,1600,0
2017-12-04,19:30:00,62.035,62.11,62.02,62.1026,6211,0
2017-12-04,19:35:00,62.11,62.17,62.095,62.17,1700,0
2017-12-04,19:40:00,62.17,62.18,61.98,62.06,12761,0
2017-12-04,19:45:00,62.04,62.06,62,62.04,4849,0
2017-12-04,19:50:00,62.03,62.1,61.9,61.92,14698,0
2017-12-04,19:55:00,61.93,62.12,61.92,62.12,3865,0
2017-12-04,20:00:00,62.1,62.26,62.07,62.23,5902,0
2017-12-04,20:05:00,62.26,62.26,62.13,62.17,20617,0
2017-12-04,20:10:00,62.16,62.19,61.81,61.81,5960,0
2017-12-04,20:15:00,61.85,61.97,61.825,61.83,5238,0
2017-12-04,20:20:00,61.83,61.92,61.73,61.78,12400,0
2017-12-04,20:25:00,61.77,61.83,61.7,61.83,12212,0
2017-12-04,20:30:00,61.83,61.86,61.7,61.76,13894,0
2017-12-04,20:35:00,61.75,61.75,61.66,61.68,9658,0
2017-12-04,20:40:00,61.68,61.81,61.68,61.81,6841,0
2017-12-04,20:45:00,61.8,61.82,61.75,61.79,8753,0
2017-12-04,20:50:00,61.81,61.81,61.7,61.73,10832,0
2017-12-04,20:55:00,61.73,61.84,61.71,61.8,8464,0
2017-12-04,21:00:00,61.79,61.89,61.76,61.84,14221,0
2017-12-04,21:05:00,61.79,61.8,61.71,61.77,13930,0
2017-12-04,21:10:00,61.77,62,61.72,61.82,19042,0
2017-12-04,21:15:00,61.83,61.83,61.73,61.73,11435,0
2017-12-04,21:20:00,61.745,61.75,61.6999,61.7,10850,0
2017-12-04,21:25:00,61.7,61.77,61.69,61.75,10300,0
2017-12-04,21:30:00,61.76,61.76,61.66,61.66,9899,0
2017-12-04,21:35:00,61.66,61.69,61.56,61.56,17626,0
2017-12-04,21:40:00,61.56,61.565,61.42,61.47,14324,0
2017-12-04,21:45:00,61.46,61.57,61.46,61.52,12542,0
2017-12-04,21:50:00,61.53,61.545,61.46,61.5,24643,0
2017-12-04,21:55:00,61.53,61.57,61.48,61.53,22038,0
2017-12-04,22:00:00,61.54,61.71,61.52,61.61,148485,0
2017-12-05,15:35:00,61.52,61.56,61.25,61.5,4778,0
2017-12-05,15:40:00,61.665,62.04,61.5,61.6,24337,0
2017-12-05,15:45:00,61.675,62.08,61.675,61.925,10742,0
2017-12-05,15:50:00,61.83,62.12,61.83,62.05,8637,0
2017-12-05,15:55:00,62.1,62.1,61.65,61.76,9688,0
2017-12-05,16:00:00,61.79,62.12,61.79,61.99,17174,0
2017-12-05,16:05:00,61.99,62.23,61.99,62.21,7300,0
2017-12-05,16:10:00,62.18,62.21,61.86,61.87,15500,0
2017-12-05,16:15:00,61.86,61.94,61.51,61.64,14896,0
2017-12-05,16:20:00,61.6,61.82,61.6,61.78,3221,0
2017-12-05,16:25:00,61.74,61.74,61.56,61.56,3600,0
2017-12-05,16:30:00,61.59,61.68,61.48,61.48,72456,0
2017-12-05,16:35:00,61.52,61.695,61.43,61.64,6531,0
2017-12-05,16:40:00,61.7,61.7,61.52,61.52,31445,0
2017-12-05,16:45:00,61.47,61.56,61.3401,61.35,56499,0
2017-12-05,16:50:00,61.4,61.47,61.27,61.445,12511,0
2017-12-05,16:55:00,61.45,61.45,61.27,61.35,7100,0
2017-12-05,17:00:00,61.35,61.42,61.28,61.42,56578,0
2017-12-05,17:05:00,61.42,61.53,61.4,61.4,6978,0
2017-12-05,17:10:00,61.45,61.62,61.45,61.6,8414,0
2017-12-05,17:15:00,61.59,61.85,61.59,61.75,59591,0
2017-12-05,17:20:00,61.73,61.76,61.59,61.59,7420,0
2017-12-05,17:25:00,61.59,61.67,61.59,61.63,6900,0
2017-12-05,17:30:00,61.605,61.65,61.54,61.63,7667,0
2017-12-05,17:35:00,61.64,61.69,61.61,61.63,2125,0
2017-12-05,17:40:00,61.59,61.76,61.59,61.65,4862,0
2017-12-05,17:45:00,61.655,61.72,61.645,61.72,2600,0
2017-12-05,17:50:00,61.68,61.68,61.57,61.5901,1600,0
2017-12-05,17:55:00,61.6109,61.655,61.5,61.515,17200,0
2017-12-05,18:00:00,61.55,61.65,61.5,61.6075,16186,0
2017-12-05,18:05:00,61.61,61.61,61.45,61.57,3600,0
2017-12-05,18:10:00,61.55,61.65,61.55,61.63,1300,0
2017-12-05,18:15:00,61.62,61.66,61.59,61.66,1100,0
2017-12-05,18:20:00,61.63,61.63,61.52,61.58,5575,0
2017-12-05,18:25:00,61.52,61.55,61.45,61.525,17901,0
2017-12-05,18:30:00,61.54,61.66,61.54,61.595,8015,0
2017-12-05,18:35:00,61.6,61.65,61.54,61.61,4733,0
2017-12-05,18:40:00,61.59,61.67,61.57,61.62,30023,0
2017-12-05,18:45:00,61.65,61.76,61.59,61.72,13400,0
2017-12-05,18:50:00,61.68,61.7,61.61,61.63,5200,0
2017-12-05,18:55:00,61.65,61.67,61.6,61.66,7935,0
2017-12-05,19:00:00,61.64,61.71,61.49,61.62,12127,0
2017-12-05,19:05:00,61.57,61.6,61.53,61.6,4990,0
2017-12-05,19:10:00,61.55,61.55,61.39,61.44,3600,0
2017-12-05,19:15:00,61.44,61.47,61.44,61.455,700,0
2017-12-05,19:20:00,61.48,61.56,61.36,61.56,7300,0
2017-12-05,19:25:00,61.54,61.67,61.5,61.63,5429,0
2017-12-05,19:30:00,61.58,61.74,61.58,61.73,30500,0
2017-12-05,19:35:00,61.68,61.7,61.59,61.7,5654,0
2017-12-05,19:40:00,61.7,61.75,61.68,61.7,4299,0
2017-12-05,19:45:00,61.68,61.74,61.68,61.71,3000,0
2017-12-05,19:50:00,61.69,61.78,61.66,61.72,5333,0
2017-12-05,19:55:00,61.72,61.73,61.65,61.65,1966,0
2017-12-05,20:00:00,61.6301,61.68,61.57,61.6,4413,0
2017-12-05,20:05:00,61.62,61.64,61.56,61.62,6100,0
2017-12-05,20:10:00,61.62,61.67,61.61,61.67,3146,0
2017-12-05,20:15:00,61.65,61.69,61.59,61.59,4100,0
2017-12-05,20:20:00,61.63,61.67,61.58,61.62,12300,0
2017-12-05,20:25:00,61.615,61.65,61.5401,61.6,2885,0
2017-12-05,20:30:00,61.64,61.64,61.52,61.52,1920,0
2017-12-05,20:35:00,61.49,61.51,61.42,61.51,2000,0
2017-12-05,20:40:00,61.5,61.5,61.425,61.44,3000,0
2017-12-05,20:45:00,61.38,61.49,61.38,61.435,1960,0
2017-12-05,20:50:00,61.4101,61.42,61.36,61.38,5208,0
2017-12-05,20:55:00,61.38,61.42,61.33,61.33,13034,0
2017-12-05,21:00:00,61.3,61.39,61.3,61.39,38342,0
2017-12-05,21:05:00,61.39,61.43,61.345,61.42,12444,0
2017-12-05,21:10:00,61.41,61.44,61.33,61.43,7370,0
2017-12-05,21:15:00,61.43,61.57,61.42,61.53,6519,0
2017-12-05,21:20:00,61.55,61.55,61.46,61.53,12258,0
2017-12-05,21:25:00,61.53,61.59,61.51,61.54,8368,0
2017-12-05,21:30:00,61.54,61.59,61.52,61.54,8931,0
2017-12-05,21:35:00,61.54,61.5599,61.48,61.48,13006,0
2017-12-05,21:40:00,61.52,61.55,61.49,61.53,38675,0
2017-12-05,21:45:00,61.53,61.56,61.5,61.54,15668,0
2017-12-05,21:50:00,61.54,61.56,61.48,61.54,27501,0
2017-12-05,21:55:00,61.54,61.6,61.49,61.55,68805,0
2017-12-05,22:00:00,61.55,61.62,61.5,61.54,43145,0
2017-12-06,15:35:00,61.33,61.33,60.83,61.2,8703,0
2017-12-06,15:40:00,61.18,61.6,61.06,61.6,13606,0
2017-12-06,15:45:00,61.7,61.7,61.61,61.645,4400,0
2017-12-06,15:50:00,61.73,61.73,61.52,61.52,5634,0
2017-12-06,15:55:00,61.575,61.81,61.52,61.77,6600,0
2017-12-06,16:00:00,61.81,61.82,61.69,61.74,3400,0
2017-12-06,16:05:00,61.68,61.835,61.68,61.76,2170,0
2017-12-06,16:10:00,61.78,61.785,61.65,61.67,7152,0
2017-12-06,16:15:00,61.64,61.65,61.57,61.58,3659,0
2017-12-06,16:20:00,61.54,61.62,61.52,61.58,4303,0
2017-12-06,16:25:00,61.6,61.7101,61.59,61.61,6021,0
2017-12-06,16:30:00,61.62,61.62,61.48,61.49,4343,0
2017-12-06,16:35:00,61.47,61.49,61.38,61.38,6441,0
2017-12-06,16:40:00,61.35,61.35,61.19,61.19,12005,0
2017-12-06,16:45:00,61.19,61.4,61.18,61.38,33395,0
2017-12-06,16:50:00,61.39,61.46,61.36,61.36,2700,0
2017-12-06,16:55:00,61.36,61.37,61.255,61.37,18435,0
2017-12-06,17:00:00,61.37,61.59,61.32,61.57,7232,0
2017-12-06,17:05:00,61.57,61.6,61.49,61.6,8301,0
2017-12-06,17:10:00,61.61,61.77,61.58,61.76,13657,0
2017-12-06,17:15:00,61.75,61.77,61.73,61.75,5800,0
2017-12-06,17:20:00,61.775,61.8,61.7,61.715,2300,0
2017-12-06,17:25:00,61.715,61.93,61.62,61.8,102552,0
2017-12-06,17:30:00,61.75,61.92,61.69,61.8201,263907,0
2017-12-06,17:35:00,61.845,61.97,61.82,61.87,6459,0
2017-12-06,17:40:00,61.865,61.95,61.865,61.9,3740,0
2017-12-06,17:45:00,61.88,61.96,61.87,61.95,5950,0
2017-12-06,17:50:00,61.96,61.96,61.84,61.84,8418,0
2017-12-06,17:55:00,61.845,61.86,61.66,61.68,7643,0
2017-12-06,18:00:00,61.68,61.7,61.61,61.63,6535,0
2017-12-06,18:05:00,61.655,61.67,61.63,61.65,3745,0
2017-12-06,18:10:00,61.62,61.67,61.6,61.67,3120,0
2017-12-06,18:15:00,61.63,61.72,61.63,61.685,4200,0
2017-12-06,18:20:00,61.67,61.78,61.62,61.66,16226,0
2017-12-06,18:25:00,61.65,61.65,61.45,61.46,7150,0
2017-12-06,18:30:00,61.4749,61.54,61.41,61.425,12450,0
2017-12-06,18:35:00,61.425,61.52,61.41,61.435,6755,0
2017-12-06,18:40:00,61.43,61.565,61.43,61.54,3600,0
2017-12-06,18:45:00,61.53,61.58,61.52,61.58,1600,0
2017-12-06,18:50:00,61.55,61.55,61.45,61.48,7690,0
2017-12-06,18:55:00,61.46,61.46,61.365,61.42,10909,0
2017-12-06,19:00:00,61.41,61.46,61.4,61.44,8300,0
2017-12-06,19:05:00,61.41,61.43,61.38,61.4,11268,0
2017-12-06,19:10:00,61.4,61.49,61.1,61.1,68414,0
2017-12-06,19:15:00,61.135,61.17,60.99,61.08,25332,0
2017-12-06,19:20:00,61.06,61.21,61.06,61.17,9827,0
2017-12-06,19:25:00,61.12,61.155,61.12,61.1425,400,0
2017-12-06,19:30:00,61.18,61.21,61.17,61.2,3900,0
2017-12-06,19:35:00,61.19,61.42,61.19,61.42,3750,0
2017-12-06,19:40:00,61.4,61.42,61.33,61.4,4359,0
2017-12-06,19:45:00,61.41,61.51,61.39,61.51,3900,0
2017-12-06,19:50:00,61.51,61.56,61.5,61.51,2200,0
2017-12-06,19:55:00,61.48,61.52,61.43,61.43,3600,0
2017-12-06,20:00:00,61.41,61.48,61.31,61.48,8097,0
2017-12-06,20:05:00,61.47,61.6,61.47,61.6,2800,0
2017-12-06,20:10:00,61.6,61.62,61.52,61.52,4200,0
2017-12-06,20:15:00,61.54,61.54,61.47,61.47,1700,0
2017-12-06,20:20:00,61.51,61.56,61.51,61.56,22619,0
2017-12-06,20:25:00,61.53,61.53,61.48,61.5,4000,0
2017-12-06,20:30:00,61.52,61.58,61.49,61.58,11302,0
2017-12-06,20:35:00,61.55,61.65,61.55,61.65,3000,0
2017-12-06,20:40:00,61.64,61.71,61.64,61.66,2800,0
2017-12-06,20:45:00,61.68,61.79,61.68,61.79,6051,0
2017-12-06,20:50:00,61.76,61.8,61.73,61.745,7938,0
2017-12-06,20:55:00,61.73,61.73,61.64,61.64,5691,0
2017-12-06,21:00:00,61.68,61.76,61.68,61.7,2500,0
2017-12-06,21:05:00,61.67,61.7009,61.63,61.7009,13088,0
2017-12-06,21:10:00,61.71,61.76,61.71,61.71,4621,0
2017-12-06,21:15:00,61.7,61.73,61.68,61.69,4500,0
2017-12-06,21:20:00,61.67,61.69,61.55,61.58,5258,0
2017-12-06,21:25:00,61.57,61.62,61.55,61.56,7799,0
2017-12-06,21:30:00,61.57,61.62,61.57,61.57,5211,0
2017-12-06,21:35:00,61.57,61.6,61.54,61.58,11976,0
2017-12-06,21:40:00,61.6,61.77,61.6,61.77,15933,0
2017-12-06,21:45:00,61.77,61.8,61.73,61.77,35850,0
2017-12-06,21:50:00,61.77,61.78,61.57,61.57,22938,0
2017-12-06,21:55:00,61.58,61.63,61.5075,61.61,27077,0
2017-12-06,22:00:00,61.61,61.62,61.48,61.52,82811,0
