Date,Time,Open,High,Low,Close,Volume,OpenInt
2017-11-20,15:35:00,14.05,14.29,14.05,14.05,4010,0
2017-11-20,15:40:00,14.1976,14.1976,14.05,14.05,1500,0
2017-11-20,15:45:00,14.15,14.1935,14.15,14.1935,2350,0
2017-11-20,15:50:00,14.167,14.167,14.15,14.15,2100,0
2017-11-20,15:55:00,14.16,14.16,14.15,14.15,2600,0
2017-11-20,16:10:00,14.15,14.2,14.15,14.19,2000,0
2017-11-20,16:15:00,14.19,14.28,14.19,14.2499,2300,0
2017-11-20,16:25:00,14.24,14.45,14.24,14.45,1200,0
2017-11-20,16:55:00,14.22,14.45,14.22,14.45,1100,0
2017-11-20,17:25:00,14.3868,14.3868,14.3868,14.3868,150,0
2017-11-20,17:30:00,14.345,14.345,14.2519,14.2519,400,0
2017-11-20,17:35:00,14.25,14.4,14.25,14.4,1100,0
2017-11-20,17:40:00,14.3529,14.4,14.3529,14.4,400,0
2017-11-20,17:50:00,14.38,14.45,14.38,14.4,1400,0
2017-11-20,17:55:00,14.35,14.35,14.3,14.3,600,0
2017-11-20,18:00:00,14.34,14.34,14.34,14.34,100,0
2017-11-20,18:05:00,14.3215,14.3215,14.3215,14.3215,570,0
2017-11-20,18:10:00,14.346,14.35,14.3343,14.35,2566,0
2017-11-20,18:20:00,14.345,14.345,14.25,14.25,1200,0
2017-11-20,18:35:00,14.31,14.31,14.31,14.31,100,0
2017-11-20,18:45:00,14.3215,14.3215,14.2988,14.2988,455,0
2017-11-20,18:55:00,14.255,14.28,14.2,14.25,2386,0
2017-11-20,19:00:00,14.271,14.271,14.2,14.2,1228,0
2017-11-20,19:05:00,14.2,14.2001,14.15,14.15,1714,0
2017-11-20,19:10:00,14.2,14.2,14.2,14.2,100,0
2017-11-20,19:15:00,14.2,14.2,14.2,14.2,100,0
2017-11-20,19:25:00,14.2,14.2,14.2,14.2,200,0
2017-11-20,19:30:00,14.2,14.2,14.2,14.2,100,0
2017-11-20,19:35:00,14.2,14.2,14.2,14.2,100,0
2017-11-20,19:45:00,14.1753,14.1753,14.1753,14.1753,100,0
2017-11-20,19:50:00,14.25,14.25,14.2,14.2,1700,0
2017-11-20,20:10:00,14.15,14.19,14.1499,14.1499,5992,0
2017-11-20,21:05:00,14.1174,14.1301,14.1174,14.1301,700,0
2017-11-20,21:15:00,14.1,14.1,14.1,14.1,100,0
2017-11-20,21:20:00,14.11,14.11,14.11,14.11,100,0
2017-11-20,21:25:00,14.1,14.1001,14.05,14.1001,4068,0
2017-11-20,21:30:00,14.1001,14.105,14.055,14.055,1900,0
2017-11-20,21:35:00,14.05,14.06,14.05,14.06,400,0
2017-11-20,21:40:00,14.06,14.1,14.06,14.06,800,0
2017-11-20,21:45:00,14.07,14.1475,14.05,14.06,1900,0
2017-11-20,21:50:00,14.01,14.01,14.01,14.01,100,0
2017-11-20,21:55:00,14.03,14.1,14,14.06,15388,0
2017-11-20,22:00:00,14.08,14.1817,14.08,14.15,9425,0
2017-11-21,15:35:00,14.19,14.19,14.19,14.19,225,0
2017-11-21,15:40:00,14.09,14.1325,13.98,14.0685,20156,0
2017-11-21,15:45:00,14.045,14.057,14,14.01,2600,0
2017-11-21,15:50:00,14,14.14,14,14.14,1400,0
2017-11-21,15:55:00,14,14.071,14,14,3500,0
2017-11-21,16:00:00,14,14,14,14,600,0
2017-11-21,16:05:00,14,14,14,14,100,0
2017-11-21,16:10:00,14,14.0279,14,14.0279,1250,0
2017-11-21,16:15:00,14.0254,14.0254,14,14,1100,0
2017-11-21,16:20:00,14,14.04,14,14.0326,1200,0
2017-11-21,16:25:00,14,14,14,14,100,0
2017-11-21,16:30:00,14,14,14,14,200,0
2017-11-21,16:35:00,14,14.015,14,14,3532,0
2017-11-21,16:40:00,14,14.02,13.999,14,8900,0
2017-11-21,16:45:00,14,14,14,14,100,0
2017-11-21,16:50:00,14,14,14,14,500,0
2017-11-21,16:55:00,14,14,14,14,300,0
2017-11-21,17:00:00,14,14,14,14,300,0
2017-11-21,17:05:00,14.0042,14.0042,14,14,2248,0
2017-11-21,17:10:00,14,14.015,14,14,700,0
2017-11-21,17:15:00,14,14,14,14,400,0
2017-11-21,17:20:00,14.0116,14.0116,14,14,757,0
2017-11-21,17:40:00,14,14,14,14,1700,0
2017-11-21,17:45:00,14.01,14.01,14.01,14.01,600,0
2017-11-21,17:55:00,14,14.02,14,14.02,300,0
2017-11-21,18:10:00,14,14,14,14,300,0
2017-11-21,18:15:00,14.0008,14.0008,14.0008,14.0008,600,0
2017-11-21,18:20:00,14.01,14.01,14,14,1800,0
2017-11-21,18:25:00,14,14.02,14,14.02,2000,0
2017-11-21,18:40:00,14.02,14.02,14.02,14.02,200,0
2017-11-21,19:10:00,14.07,14.07,14.04,14.0699,2300,0
2017-11-21,19:15:00,14.07,14.07,14.06,14.06,1000,0
2017-11-21,19:40:00,14.07,14.07,14.07,14.07,100,0
2017-11-21,19:50:00,14.07,14.15,14.07,14.15,1500,0
2017-11-21,19:55:00,14.063,14.063,14.063,14.063,100,0
2017-11-21,20:05:00,14.15,14.15,14.15,14.15,100,0
2017-11-21,20:10:00,14.1154,14.12,14.1065,14.12,1500,0
2017-11-21,20:25:00,14.13,14.13,14.13,14.13,100,0
2017-11-21,20:50:00,14.14,14.14,14.14,14.14,100,0
2017-11-21,20:55:00,14.08,14.1,14.08,14.1,400,0
2017-11-21,21:10:00,14.1,14.1,14.005,14.007,1100,0
2017-11-21,21:25:00,14.05,14.05,14.05,14.05,100,0
2017-11-21,21:40:00,14.03,14.055,14.02,14.055,300,0
2017-11-21,21:45:00,14.05,14.08,14.05,14.08,500,0
2017-11-21,21:50:00,14.05,14.05,14.05,14.05,100,0
2017-11-21,21:55:00,14.08,14.08,14.08,14.08,100,0
2017-11-21,22:00:00,14.04,14.07,14,14,6708,0
2017-11-22,15:35:00,14.02,14.02,14.02,14.02,146,0
2017-11-22,15:40:00,13.82,13.99,13.8,13.8,4836,0
2017-11-22,15:45:00,13.81,14,13.8,13.95,3925,0
2017-11-22,15:50:00,13.9501,13.9752,13.95,13.9752,1350,0
2017-11-22,15:55:00,13.9995,14.935,13.9995,14.58,1650,0
2017-11-22,16:00:00,14.58,14.58,14.58,14.58,200,0
2017-11-22,16:05:00,14.813,14.8254,14.5,14.5,1886,0
2017-11-22,16:10:00,14.5,14.55,14.3129,14.55,2997,0
2017-11-22,16:15:00,14.5702,14.5702,14.42,14.42,725,0
2017-11-22,16:20:00,14.5,14.5,14.5,14.5,100,0
2017-11-22,16:25:00,14.5,14.598,14.5,14.598,2329,0
2017-11-22,16:30:00,14.51,14.51,14.34,14.3816,1600,0
2017-11-22,16:35:00,14.42,14.42,14.42,14.42,500,0
2017-11-22,16:40:00,14.5704,14.5704,14.5704,14.5704,100,0
2017-11-22,16:45:00,14.55,14.56,14.55,14.56,200,0
2017-11-22,16:50:00,14.4755,14.56,14.4519,14.4519,1450,0
2017-11-22,16:55:00,14.56,14.56,14.56,14.56,100,0
2017-11-22,17:05:00,14.368,14.368,14.368,14.368,400,0
2017-11-22,17:20:00,14.435,14.5303,14.435,14.5303,300,0
2017-11-22,17:25:00,14.5303,14.5303,14.5303,14.5303,100,0
2017-11-22,17:30:00,14.516,14.516,14.516,14.516,100,0
2017-11-22,17:35:00,14.44,14.5,14.44,14.5,200,0
2017-11-22,17:45:00,14.34,14.345,14.34,14.345,700,0
2017-11-22,17:50:00,14.31,14.32,14.31,14.32,2200,0
2017-11-22,17:55:00,14.53,14.54,14.53,14.54,200,0
2017-11-22,18:15:00,14.3501,14.36,14.3501,14.3501,1000,0
2017-11-22,18:35:00,14.3501,14.39,14.3501,14.39,600,0
2017-11-22,18:40:00,14.36,14.36,14.35,14.35,300,0
2017-11-22,18:45:00,14.3,14.3,14.3,14.3,100,0
2017-11-22,19:15:00,14.285,14.29,14.175,14.175,730,0
2017-11-22,19:25:00,14.18,14.1801,14.12,14.12,1200,0
2017-11-22,19:30:00,14.12,14.12,14.12,14.12,300,0
2017-11-22,19:35:00,14.1808,14.1808,14.1808,14.1808,200,0
2017-11-22,19:50:00,14.21,14.33,14.2,14.295,3000,0
2017-11-22,19:55:00,14.3499,14.3499,14.3499,14.3499,1000,0
2017-11-22,20:05:00,14.35,14.35,14.2625,14.2625,300,0
2017-11-22,20:15:00,14.28,14.28,14.28,14.28,100,0
2017-11-22,20:25:00,14.28,14.4,14.28,14.39,7125,0
2017-11-22,20:45:00,14.315,14.315,14.315,14.315,100,0
2017-11-22,21:10:00,14.315,14.32,14.315,14.32,300,0
2017-11-22,21:25:00,14.26,14.26,14.26,14.26,464,0
2017-11-22,21:40:00,14.28,14.28,14.28,14.28,200,0
2017-11-22,21:50:00,14.3,14.34,14.29,14.33,4560,0
2017-11-22,22:00:00,14.33,14.33,14.16,14.16,3630,0
2017-11-24,15:45:00,14.35,14.35,14.35,14.35,100,0
2017-11-24,15:50:00,14.35,14.35,14.35,14.35,100,0
2017-11-24,16:00:00,14.35,14.35,14.35,14.35,100,0
2017-11-24,16:15:00,14.35,14.35,14.35,14.35,300,0
2017-11-24,16:25:00,14.35,14.35,14.2759,14.2759,200,0
2017-11-24,16:35:00,14.34,14.34,14.34,14.34,100,0
2017-11-24,16:40:00,14.2727,14.2727,14.2727,14.2727,3000,0
2017-11-24,16:45:00,14.17,14.17,14.17,14.17,100,0
2017-11-24,16:50:00,14.347,14.3492,14.347,14.3492,400,0
2017-11-24,17:05:00,14.35,14.49,14.35,14.49,7009,0
2017-11-24,17:15:00,14.4346,14.4346,14.4346,14.4346,200,0
2017-11-24,17:20:00,14.48,14.49,14.4193,14.49,1200,0
2017-11-24,17:25:00,14.5203,14.7,14.5203,14.7,600,0
2017-11-24,17:35:00,14.65,14.69,14.65,14.65,700,0
2017-11-24,17:40:00,14.4,14.66,14.36,14.4,2219,0
2017-11-24,17:45:00,14.41,14.42,14.39,14.4008,500,0
2017-11-24,17:50:00,14.43,14.63,14.4101,14.44,500,0
2017-11-24,17:55:00,14.43,14.66,14.43,14.44,900,0
2017-11-24,18:00:00,14.44,14.443,14.43,14.4408,600,0
2017-11-24,18:20:00,14.4,14.4,14.4,14.4,116,0
2017-11-24,18:25:00,14.38,14.38,14.3342,14.3342,400,0
2017-11-24,18:30:00,14.345,14.35,14.345,14.35,584,0
2017-11-24,18:35:00,14.595,14.605,14.58,14.605,400,0
2017-11-24,18:40:00,14.37,14.42,14.36,14.42,600,0
2017-11-24,18:50:00,14.475,14.475,14.475,14.475,100,0
2017-11-24,18:55:00,14.5,14.5,14.49,14.49,350,0
2017-11-24,19:00:00,14.49,14.49,14.49,14.49,100,0
2017-11-24,19:05:00,14.07,14.07,14.07,14.07,1961,0
2017-11-27,15:35:00,14.25,14.25,14.1965,14.1965,2390,0
2017-11-27,16:00:00,14.2035,14.23,14.16,14.16,850,0
2017-11-27,16:20:00,14.2284,14.65,14.2284,14.65,1584,0
2017-11-27,16:30:00,14.4,14.4,14.4,14.4,250,0
2017-11-27,16:35:00,14.4,14.4,14.4,14.4,100,0
2017-11-27,16:45:00,14.59,14.6,14.59,14.6,500,0
2017-11-27,16:50:00,14.5,14.5,14.5,14.5,400,0
2017-11-27,17:00:00,14.52,14.52,14.52,14.52,100,0
2017-11-27,17:25:00,14.5,14.5,14.5,14.5,100,0
2017-11-27,17:35:00,14.5,14.5,14.5,14.5,100,0
2017-11-27,17:50:00,14.5,14.5,14.5,14.5,100,0
2017-11-27,18:00:00,14.4292,14.5,14.4292,14.5,600,0
2017-11-27,18:05:00,14.46,14.46,14.46,14.46,100,0
2017-11-27,18:25:00,14.2318,14.46,14.2318,14.46,1500,0
2017-11-27,18:30:00,14.4192,14.4192,14.4192,14.4192,200,0
2017-11-27,18:45:00,14.45,14.45,14.45,14.45,100,0
2017-11-27,18:55:00,14.46,14.46,14.46,14.46,100,0
2017-11-27,19:00:00,14.43,14.43,14.43,14.43,100,0
2017-11-27,19:10:00,14.43,14.43,14.43,14.43,100,0
2017-11-27,19:15:00,14.42,14.45,14.4,14.45,400,0
2017-11-27,19:20:00,14.2,14.2,14.2,14.2,200,0
2017-11-27,19:30:00,14.2,14.2,14.2,14.2,200,0
2017-11-27,19:35:00,14.455,14.455,14.2,14.2,500,0
2017-11-27,19:45:00,14.2,14.2,14.2,14.2,200,0
2017-11-27,19:50:00,14.45,14.45,14.45,14.45,100,0
2017-11-27,19:55:00,14.2,14.45,14.2,14.45,300,0
2017-11-27,20:00:00,14.459,14.4599,14.459,14.4599,935,0
2017-11-27,20:20:00,14.46,14.46,14.46,14.46,100,0
2017-11-27,20:25:00,14.325,14.44,14.325,14.44,200,0
2017-11-27,20:40:00,14.45,14.45,14.45,14.45,100,0
2017-11-27,20:45:00,14.48,14.48,14.48,14.48,100,0
2017-11-27,20:50:00,14.46,14.46,14.46,14.46,100,0
2017-11-27,21:00:00,14.44,14.44,14.42,14.42,200,0
2017-11-27,21:35:00,14.5,14.5,14.5,14.5,100,0
2017-11-27,21:45:00,14.49,14.49,14.49,14.49,200,0
2017-11-27,21:50:00,14.2406,14.5,14.2406,14.5,1613,0
2017-11-27,21:55:00,14.37,14.4,14.29,14.4,2051,0
2017-11-27,22:00:00,14.28,14.38,14.28,14.37,2974,0
2017-11-28,15:35:00,14.41,14.41,14.41,14.41,150,0
2017-11-28,15:40:00,14.7,14.95,14.7,14.95,400,0
2017-11-28,15:45:00,14.8747,14.9,14.6822,14.9,700,0
2017-11-28,16:05:00,14.83,14.84,14.83,14.84,400,0
2017-11-28,16:15:00,14.83,14.83,14.83,14.83,100,0
2017-11-28,16:20:00,14.8,14.8,14.8,14.8,2200,0
2017-11-28,16:25:00,14.8,14.8,14.8,14.8,100,0
2017-11-28,16:30:00,14.8,14.9,14.8,14.9,4600,0
2017-11-28,16:35:00,14.9,14.9,14.81,14.81,800,0
2017-11-28,16:45:00,14.88,14.9,14.85,14.9,1800,0
2017-11-28,16:50:00,14.8999,14.8999,14.895,14.895,401,0
2017-11-28,16:55:00,14.8999,14.8999,14.8999,14.8999,100,0
2017-11-28,17:05:00,14.86,14.89,14.86,14.89,200,0
2017-11-28,17:10:00,14.89,14.9,14.89,14.9,200,0
2017-11-28,17:15:00,14.89,14.89,14.8875,14.8875,500,0
2017-11-28,17:20:00,14.868,14.9,14.85,14.9,3430,0
2017-11-28,17:25:00,14.89,14.9,14.89,14.89,2300,0
2017-11-28,17:45:00,14.89,14.9,14.89,14.895,1200,0
2017-11-28,17:50:00,14.89,14.89,14.89,14.89,200,0
2017-11-28,17:55:00,14.9,14.9,14.89,14.89,6869,0
2017-11-28,18:00:00,14.89,15.38,14.89,15.2338,13280,0
2017-11-28,18:05:00,15.1688,15.22,15.16,15.17,1720,0
2017-11-28,18:10:00,15.3333,15.3333,15.23,15.23,750,0
2017-11-28,18:15:00,15.31,15.31,15.31,15.31,500,0
2017-11-28,18:20:00,15.2599,15.3162,15.25,15.3162,500,0
2017-11-28,18:25:00,15.2858,15.34,15.2858,15.3172,750,0
2017-11-28,18:30:00,15.34,15.34,15.34,15.34,100,0
2017-11-28,18:40:00,15.25,15.25,15.25,15.25,100,0
2017-11-28,18:45:00,15.372,15.372,15.372,15.372,800,0
2017-11-28,18:50:00,15.25,15.25,15.25,15.25,100,0
2017-11-28,18:55:00,15.2715,15.2715,15.2715,15.2715,167,0
2017-11-28,19:00:00,15.25,15.34,15.25,15.34,700,0
2017-11-28,19:10:00,15.3446,15.345,15.25,15.345,925,0
2017-11-28,19:15:00,15.345,15.345,15.25,15.25,200,0
2017-11-28,19:20:00,15.44,15.44,15.44,15.44,200,0
2017-11-28,19:25:00,15.3352,15.3352,15.3352,15.3352,323,0
2017-11-28,19:35:00,15.34,15.34,15.34,15.34,200,0
2017-11-28,19:40:00,15.34,15.34,15.34,15.34,100,0
2017-11-28,19:45:00,15.25,15.27,15.25,15.26,2300,0
2017-11-28,19:50:00,15.26,15.44,15.26,15.26,480,0
2017-11-28,20:10:00,15.35,15.35,15.26,15.35,700,0
2017-11-28,20:15:00,15.26,15.26,15.26,15.26,100,0
2017-11-28,20:25:00,15.27,15.27,15.27,15.27,100,0
2017-11-28,20:30:00,15.27,15.3165,15.27,15.3165,200,0
2017-11-28,21:00:00,15.28,15.36,15.28,15.29,1500,0
2017-11-28,21:05:00,15.28,15.28,15.28,15.28,200,0
2017-11-28,21:15:00,15.28,15.28,15.28,15.28,200,0
2017-11-28,21:20:00,15.28,15.3657,15.28,15.3657,2606,0
2017-11-28,21:30:00,14.915,14.93,14.9,14.93,900,0
2017-11-28,21:35:00,15.38,15.38,15.38,15.38,200,0
2017-11-28,21:55:00,15.16,15.16,15.01,15.15,571,0
2017-11-28,22:00:00,15.12,15.18,15.01,15.01,3458,0
2017-11-29,15:35:00,15.01,15.01,14.95,14.95,2520,0
2017-11-29,15:45:00,14.95,14.9959,14.948,14.9959,4877,0
2017-11-29,15:50:00,15.36,15.36,15.3241,15.3241,200,0
2017-11-29,15:55:00,15.1919,15.1919,15.1919,15.1919,290,0
2017-11-29,16:00:00,15.4,15.4,15.4,15.4,100,0
2017-11-29,16:05:00,15.4,15.4,15.4,15.4,200,0
2017-11-29,16:10:00,15.4,15.4,15.39,15.4,558,0
2017-11-29,16:15:00,15.4,15.4,15.4,15.4,100,0
2017-11-29,16:20:00,15.4,15.4,15.4,15.4,600,0
2017-11-29,16:25:00,15.3202,15.3202,15.2807,15.2807,1500,0
2017-11-29,16:30:00,15.44,15.49,15.4362,15.4362,500,0
2017-11-29,16:35:00,15.424,15.424,15.424,15.424,2000,0
2017-11-29,16:40:00,15.56,15.6,15.56,15.5782,750,0
2017-11-29,16:45:00,15.532,15.61,15.5264,15.5264,1390,0
2017-11-29,16:50:00,15.61,15.61,15.61,15.61,200,0
2017-11-29,16:55:00,15.5444,15.62,15.4,15.62,1375,0
2017-11-29,17:00:00,15.63,15.67,15.63,15.67,300,0
2017-11-29,17:05:00,15.39,15.4372,15.39,15.4372,300,0
2017-11-29,17:10:00,15.5098,15.5098,15.5098,15.5098,168,0
2017-11-29,17:15:00,15.64,15.66,15.64,15.66,300,0
2017-11-29,17:25:00,15.66,15.66,15.66,15.66,100,0
2017-11-29,17:40:00,15.66,15.66,15.65,15.65,700,0
2017-11-29,17:45:00,15.4,15.66,15.4,15.66,600,0
2017-11-29,17:55:00,15.63,15.63,15.63,15.63,100,0
2017-11-29,18:00:00,15.64,15.64,15.64,15.64,100,0
2017-11-29,18:05:00,15.53,15.53,15.504,15.504,1000,0
2017-11-29,18:10:00,15.4754,15.4754,15.4754,15.4754,1000,0
2017-11-29,18:20:00,15.63,15.63,15.63,15.63,100,0
2017-11-29,18:25:00,15.63,15.63,15.63,15.63,100,0
2017-11-29,18:40:00,15.64,15.64,15.64,15.64,100,0
2017-11-29,18:45:00,15.44,15.44,15.44,15.44,100,0
2017-11-29,18:50:00,15.65,15.65,15.65,15.65,100,0
2017-11-29,18:55:00,15.66,15.66,15.66,15.66,100,0
2017-11-29,19:00:00,15.56,15.56,15.56,15.56,100,0
2017-11-29,19:10:00,15.56,15.56,15.56,15.56,100,0
2017-11-29,19:15:00,15.56,15.56,15.56,15.56,200,0
2017-11-29,19:20:00,15.51,15.51,15.51,15.51,100,0
2017-11-29,19:25:00,15.62,15.66,15.62,15.63,500,0
2017-11-29,19:40:00,15.56,15.57,15.56,15.57,200,0
2017-11-29,19:45:00,15.62,15.62,15.508,15.508,2100,0
2017-11-29,19:50:00,15.53,15.53,15.53,15.53,100,0
2017-11-29,20:00:00,15.59,15.59,15.59,15.59,100,0
2017-11-29,20:05:00,15.66,15.66,15.66,15.66,100,0
2017-11-29,20:10:00,15.66,15.66,15.6229,15.6229,1250,0
2017-11-29,20:15:00,15.66,15.66,15.61,15.61,200,0
2017-11-29,20:20:00,15.61,15.61,15.61,15.61,100,0
2017-11-29,20:25:00,15.5844,15.66,15.5844,15.66,700,0
2017-11-29,20:30:00,15.66,15.66,15.66,15.66,200,0
2017-11-29,20:40:00,15.5824,15.585,15.4504,15.4504,3100,0
2017-11-29,20:50:00,15.49,15.49,15.49,15.49,100,0
2017-11-29,20:55:00,15.5,15.66,15.5,15.658,800,0
2017-11-29,21:00:00,15.5319,15.5319,15.5319,15.5319,300,0
2017-11-29,21:05:00,15.535,15.61,15.535,15.5815,400,0
2017-11-29,21:10:00,15.65,15.65,15.65,15.65,100,0
2017-11-29,21:15:00,15.59,15.59,15.59,15.59,300,0
2017-11-29,21:20:00,15.6,15.6,15.6,15.6,100,0
2017-11-29,21:25:00,15.6,15.6,15.6,15.6,100,0
2017-11-29,21:30:00,15.66,15.99,15.6289,15.99,3526,0
2017-11-29,21:35:00,15.79,15.79,15.79,15.79,200,0
2017-11-29,21:40:00,15.68,15.94,15.68,15.94,200,0
2017-11-29,21:45:00,15.86,15.86,15.86,15.86,100,0
2017-11-29,21:50:00,15.9,15.99,15.9,15.99,1035,0
2017-11-29,21:55:00,15.88,15.98,15.88,15.98,1400,0
2017-11-29,22:00:00,15.98,15.99,15.85,15.85,3292,0
2017-11-30,15:35:00,15.84,15.91,15.83,15.89,775,0
2017-11-30,15:40:00,15.87,15.915,15.8342,15.87,900,0
2017-11-30,15:45:00,15.91,15.915,15.8342,15.8342,1050,0
2017-11-30,15:50:00,15.8946,15.8946,15.8946,15.8946,390,0
2017-11-30,15:55:00,15.9178,15.9178,15.86,15.86,400,0
2017-11-30,16:00:00,15.8779,16.42,15.8779,16.42,1600,0
2017-11-30,16:05:00,16.15,16.25,16.05,16.25,700,0
2017-11-30,16:10:00,16.1264,16.25,16.1264,16.25,699,0
2017-11-30,16:15:00,16.15,16.25,16.15,16.25,1250,0
2017-11-30,16:20:00,16.2,16.2107,16.04,16.18,1250,0
2017-11-30,16:25:00,16.071,16.071,16.071,16.071,1000,0
2017-11-30,16:40:00,16.2999,16.6,16.2,16.6,2210,0
2017-11-30,16:50:00,16.21,16.21,16.21,16.21,100,0
2017-11-30,17:00:00,16.21,16.21,16.21,16.21,100,0
2017-11-30,17:05:00,16.21,16.21,16.21,16.21,100,0
2017-11-30,17:10:00,16.48,16.48,16.48,16.48,100,0
2017-11-30,17:15:00,16.47,16.47,16.47,16.47,100,0
2017-11-30,17:25:00,16.47,16.47,16.47,16.47,100,0
2017-11-30,17:30:00,16.25,16.4,15.86,16,1350,0
2017-11-30,17:35:00,16.01,16.0599,16.01,16.0599,400,0
2017-11-30,17:40:00,16.06,16.06,16.06,16.06,100,0
2017-11-30,17:45:00,16.4,16.4,16.16,16.4,300,0
2017-11-30,18:00:00,16.09,16.09,16.09,16.09,100,0
2017-11-30,18:05:00,16.0793,16.0793,16.05,16.05,700,0
2017-11-30,18:10:00,16.41,16.41,16.41,16.41,100,0
2017-11-30,18:25:00,16.4,16.48,16.06,16.48,400,0
2017-11-30,18:35:00,16.18,16.18,16.18,16.18,100,0
2017-11-30,18:50:00,16.38,16.38,16.38,16.38,100,0
2017-11-30,18:55:00,16.48,16.48,16.48,16.48,200,0
2017-11-30,19:00:00,16.43,16.43,16.15,16.15,1000,0
2017-11-30,19:05:00,16.2874,16.2874,16.2444,16.2444,280,0
2017-11-30,19:10:00,16.1805,16.1805,16.1805,16.1805,200,0
2017-11-30,19:15:00,16.2816,16.2816,16.2816,16.2816,100,0
2017-11-30,19:20:00,16.2755,16.48,16.2755,16.48,1445,0
2017-11-30,19:25:00,16.23,16.66,16.2,16.46,2200,0
2017-11-30,19:35:00,16.4,16.4,16.4,16.4,100,0
2017-11-30,19:40:00,16.41,16.5524,16.41,16.5524,600,0
2017-11-30,19:45:00,16.47,16.48,16.25,16.2918,3800,0
2017-11-30,19:50:00,16.305,16.305,16.305,16.305,100,0
2017-11-30,20:20:00,16.36,16.36,16.36,16.36,100,0
2017-11-30,20:30:00,16.25,16.6,16.25,16.6,400,0
2017-11-30,20:35:00,16.46,16.46,16.46,16.46,100,0
2017-11-30,20:40:00,16.46,16.46,16.46,16.46,100,0
2017-11-30,20:45:00,16.23,16.23,16.23,16.23,100,0
2017-11-30,20:55:00,16.55,16.55,16.43,16.43,200,0
2017-11-30,21:05:00,16.6,16.6,16.6,16.6,100,0
2017-11-30,21:15:00,16.64,16.64,16.54,16.54,400,0
2017-11-30,21:30:00,16.59,16.59,16.59,16.59,100,0
2017-11-30,21:35:00,16.64,16.65,16.4,16.65,1500,0
2017-11-30,21:40:00,16.32,16.32,16.32,16.32,100,0
2017-11-30,21:45:00,16.61,16.61,16.61,16.61,100,0
2017-11-30,21:50:00,16.61,16.61,16.61,16.61,100,0
2017-11-30,21:55:00,16.63,16.65,16.44,16.65,1216,0
2017-11-30,22:00:00,16.62,16.65,16.42,16.42,3733,0
2017-12-01,15:35:00,16.5,16.5,16.5,16.5,150,0
2017-12-01,15:40:00,16.65,17.3999,16.65,16.65,6400,0
2017-12-01,15:50:00,16.72,16.72,16.65,16.7,300,0
2017-12-01,15:55:00,16.83,16.83,16.83,16.83,100,0
2017-12-01,16:10:00,16.65,16.65,16.65,16.65,200,0
2017-12-01,16:20:00,16.77,16.77,16.77,16.77,100,0
2017-12-01,16:25:00,16.7107,16.7107,16.7107,16.7107,200,0
2017-12-01,16:30:00,16.76,16.77,16.76,16.77,500,0
2017-12-01,16:40:00,16.77,16.77,16.77,16.77,100,0
2017-12-01,16:50:00,16.77,16.77,16.77,16.77,200,0
2017-12-01,16:55:00,16.77,16.77,16.77,16.77,100,0
2017-12-01,17:00:00,16.74,16.77,16.74,16.77,400,0
2017-12-01,17:10:00,16.77,16.77,16.77,16.77,100,0
2017-12-01,17:20:00,16.7,16.7,16.68,16.68,1500,0
2017-12-01,17:25:00,16.68,16.68,16.65,16.65,2000,0
2017-12-01,17:30:00,16.65,16.65,16.65,16.65,900,0
2017-12-01,17:40:00,16.65,16.65,16.65,16.65,200,0
2017-12-01,17:50:00,16.65,16.6747,16.65,16.6671,1100,0
2017-12-01,18:05:00,16.675,16.7,16.675,16.675,700,0
2017-12-01,18:10:00,16.675,16.675,16.675,16.675,200,0
2017-12-01,18:15:00,16.67,16.67,16.67,16.67,100,0
2017-12-01,18:20:00,16.67,16.68,16.65,16.65,1846,0
2017-12-01,18:40:00,16.65,16.65,16.65,16.65,100,0
2017-12-01,18:45:00,16.65,16.8,16.65,16.73,2500,0
2017-12-01,18:50:00,16.6,16.6,16.6,16.6,300,0
2017-12-01,19:05:00,16.63,16.66,16.63,16.63,300,0
2017-12-01,19:15:00,16.63,16.63,16.6,16.6,200,0
2017-12-01,19:30:00,16.63,16.66,16.5,16.5,1058,0
2017-12-01,19:35:00,16.501,16.501,16.5,16.5,800,0
2017-12-01,19:40:00,16.5984,16.5984,16.5984,16.5984,100,0
2017-12-01,19:55:00,16.66,16.66,16.5904,16.5904,400,0
2017-12-01,20:15:00,16.5612,16.5612,16.5612,16.5612,168,0
2017-12-01,20:20:00,16.66,16.66,16.66,16.66,100,0
2017-12-01,20:25:00,16.5,16.5,16.5,16.5,100,0
2017-12-01,20:40:00,16.55,16.55,16.55,16.55,200,0
2017-12-01,20:55:00,16.53,16.53,16.53,16.53,100,0
2017-12-01,21:05:00,16.545,16.6,16.53,16.5499,2400,0
2017-12-01,21:10:00,16.54,16.54,16.54,16.54,2425,0
2017-12-01,21:15:00,16.55,16.68,16.55,16.68,1100,0
2017-12-01,21:20:00,16.61,16.61,16.59,16.59,200,0
2017-12-01,21:30:00,16.53,16.54,16.53,16.53,500,0
2017-12-01,21:35:00,16.565,16.565,16.565,16.565,100,0
2017-12-01,21:40:00,16.6,16.8,16.6,16.8,1055,0
2017-12-01,21:45:00,16.79,16.8,16.7304,16.7304,1300,0
2017-12-01,21:50:00,16.55,16.55,16.55,16.55,100,0
2017-12-01,21:55:00,16.63,16.64,16.63,16.64,300,0
2017-12-01,22:00:00,16.64,16.7,16.58,16.58,3514,0
2017-12-04,15:35:00,17.09,17.09,17.09,17.09,757,0
2017-12-04,15:40:00,17.43,17.43,17.43,17.43,100,0
2017-12-04,15:45:00,17.44,17.9,17.44,17.9,600,0
2017-12-04,15:50:00,17.75,17.75,17.6384,17.7,1600,0
2017-12-04,15:55:00,17.89,18.17,17.89,18,6800,0
2017-12-04,16:00:00,18.0499,18.0499,17.9,18,600,0
2017-12-04,16:05:00,17.9139,17.975,17.9,17.9085,9500,0
2017-12-04,16:10:00,17.75,17.75,17.11,17.11,4200,0
2017-12-04,16:15:00,17.125,17.125,17.125,17.125,100,0
2017-12-04,16:20:00,17.419,17.419,17.37,17.37,500,0
2017-12-04,16:30:00,17.33,17.3499,17.33,17.3499,1300,0
2017-12-04,16:45:00,17.2499,17.2499,17.1866,17.1866,500,0
2017-12-04,16:50:00,17.0071,17.0071,17.0071,17.0071,300,0
2017-12-04,16:55:00,17.49,17.49,17.49,17.49,200,0
2017-12-04,17:00:00,17.5,17.5,17.5,17.5,210,0
2017-12-04,17:10:00,17.3918,17.3918,17.3918,17.3918,200,0
2017-12-04,17:15:00,17.2971,17.5299,17.2971,17.5299,390,0
2017-12-04,17:20:00,17.422,17.422,17.422,17.422,100,0
2017-12-04,17:25:00,17.395,17.395,17.265,17.265,200,0
2017-12-04,17:40:00,17.3898,17.3898,17.3898,17.3898,300,0
2017-12-04,17:50:00,17.53,17.58,17.53,17.53,600,0
2017-12-04,17:55:00,17.575,17.575,17.575,17.575,100,0
2017-12-04,18:10:00,17.8497,17.8497,17.8497,17.8497,200,0
2017-12-04,18:40:00,17.59,17.834,17.53,17.53,2600,0
2017-12-04,18:55:00,17.685,17.685,17.685,17.685,300,0
2017-12-04,19:00:00,17.7246,17.7246,17.52,17.52,400,0
2017-12-04,19:05:00,17.685,17.685,17.685,17.685,200,0
2017-12-04,19:25:00,17.575,17.63,17.575,17.63,200,0
2017-12-04,19:30:00,17.6,17.616,17.595,17.595,1400,0
2017-12-04,19:55:00,17.6,17.6,17.6,17.6,100,0
2017-12-04,20:00:00,17.56,17.63,17.56,17.6,700,0
2017-12-04,20:05:00,17.59,17.59,17.56,17.56,600,0
2017-12-04,20:20:00,17.56,17.595,17.56,17.56,1900,0
2017-12-04,20:30:00,17.5641,17.5641,17.5641,17.5641,200,0
2017-12-04,20:40:00,17.6299,17.6299,17.6299,17.6299,100,0
2017-12-04,20:50:00,17.5699,17.5699,17.565,17.565,200,0
2017-12-04,20:55:00,17.5,17.5,17.4,17.4,1550,0
2017-12-04,21:00:00,17.42,17.8499,17.4,17.55,6566,0
2017-12-04,21:20:00,17.4999,17.4999,17.4999,17.4999,100,0
2017-12-04,21:25:00,17.4999,17.4999,17.34,17.34,600,0
2017-12-04,21:30:00,17.28,17.28,17.28,17.28,100,0
2017-12-04,21:35:00,17.4997,17.4997,17.401,17.4997,300,0
2017-12-04,21:40:00,17.42,17.42,17.35,17.35,545,0
2017-12-04,21:45:00,17.4999,17.4999,17.4999,17.4999,200,0
2017-12-04,21:50:00,17.425,17.49,17.35,17.35,400,0
2017-12-04,21:55:00,17.49,17.5,17.385,17.385,1000,0
2017-12-04,22:00:00,17.4,17.4,17.3,17.3,1400,0
2017-12-05,15:35:00,17.32,17.32,17.32,17.32,177,0
2017-12-05,15:40:00,17.31,17.31,17.31,17.31,195,0
2017-12-05,16:00:00,16.3,16.76,16.3,16.76,2700,0
2017-12-05,16:10:00,16.43,16.43,16.3,16.3,300,0
2017-12-05,16:15:00,16.3,16.31,16.3,16.3,1200,0
2017-12-05,16:20:00,16.3,16.31,16.3,16.3001,1115,0
2017-12-05,16:25:00,16.3815,16.3815,16.3815,16.3815,1300,0
2017-12-05,16:35:00,16.5297,16.5297,16.5297,16.5297,100,0
2017-12-05,16:40:00,16.42,16.42,16.42,16.42,100,0
2017-12-05,16:45:00,16.3,16.345,16.3,16.3001,1365,0
2017-12-05,16:50:00,16.25,16.25,16.11,16.11,700,0
2017-12-05,16:55:00,16.0325,16.1399,15.975,16.0483,2104,0
2017-12-05,17:05:00,16.1,16.14,16.1,16.14,400,0
2017-12-05,17:10:00,16.1916,16.1916,16.1916,16.1916,400,0
2017-12-05,17:15:00,16.3,16.395,16.3,16.395,600,0
2017-12-05,17:20:00,16.3,16.375,16.3,16.35,6412,0
2017-12-05,17:30:00,16.25,16.25,16.25,16.25,100,0
2017-12-05,17:45:00,16.2818,16.2835,16.2818,16.2835,1000,0
2017-12-05,18:00:00,16.25,16.25,16.25,16.25,100,0
2017-12-05,18:15:00,16.2923,16.3073,16.2923,16.3,700,0
2017-12-05,18:20:00,16.3,16.3,16.3,16.3,100,0
2017-12-05,18:25:00,16.3,16.3,16.3,16.3,100,0
2017-12-05,18:30:00,16.3,16.32,16.29,16.29,800,0
2017-12-05,18:35:00,16.29,16.29,16.29,16.29,100,0
2017-12-05,18:40:00,16.262,16.262,16.262,16.262,700,0
2017-12-05,18:50:00,16.25,16.27,16.2,16.27,3700,0
2017-12-05,19:05:00,16.2,16.2,16.2,16.2,889,0
2017-12-05,19:20:00,15.95,16.1,15.6,15.6,6960,0
2017-12-05,19:25:00,15.6,16.04,15.6,16.025,1300,0
2017-12-05,19:30:00,16.1,16.1,16.1,16.1,100,0
2017-12-05,19:35:00,15.9,15.9746,15.9,15.9,729,0
2017-12-05,19:40:00,15.9,15.9,15.9,15.9,200,0
2017-12-05,19:45:00,15.9,15.9899,15.76,15.95,2300,0
2017-12-05,20:00:00,15.755,15.87,15.41,15.87,4165,0
2017-12-05,20:10:00,15.86,15.86,15.7138,15.8001,1007,0
2017-12-05,20:20:00,15.8651,15.8651,15.8651,15.8651,100,0
2017-12-05,20:30:00,15.754,15.7547,15.754,15.7547,700,0
2017-12-05,20:35:00,15.7052,15.7052,15.7052,15.7052,100,0
2017-12-05,20:55:00,15.7501,15.7747,15.75,15.75,400,0
2017-12-05,21:00:00,15.75,15.7675,15.75,15.75,500,0
2017-12-05,21:25:00,15.771,15.771,15.771,15.771,200,0
2017-12-05,21:30:00,15.78,15.78,15.78,15.78,178,0
2017-12-05,21:40:00,15.75,15.75,15.75,15.75,328,0
2017-12-05,21:45:00,15.55,15.75,15.55,15.57,1300,0
2017-12-05,21:50:00,15.75,15.98,15.55,15.97,1500,0
2017-12-05,21:55:00,15.69,15.69,15.583,15.583,250,0
2017-12-05,22:00:00,15.6304,15.6304,15.56,15.6,539,0
2017-12-06,15:35:00,15.55,15.55,15.55,15.55,186,0
2017-12-06,15:50:00,15.0611,15.0611,15.0611,15.0611,300,0
2017-12-06,16:00:00,15,15.37,14.7801,15.37,300,0
2017-12-06,16:05:00,14.99,15,14.99,15,3300,0
2017-12-06,16:15:00,14.86,15.16,14.781,15.16,1125,0
2017-12-06,16:25:00,14.78,15.37,14.78,15.37,750,0
2017-12-06,16:30:00,14.9463,14.9463,14.8354,14.8354,1000,0
2017-12-06,16:45:00,15.3,15.3,15.3,15.3,100,0
2017-12-06,16:50:00,14.82,14.82,14.82,14.82,100,0
2017-12-06,17:45:00,14.87,14.87,14.87,14.87,200,0
2017-12-06,17:50:00,14.85,14.87,14.78,14.78,3653,0
2017-12-06,17:55:00,14.58,14.62,14.5,14.5,5584,0
2017-12-06,18:00:00,14.54,15.07,14.502,15.07,300,0
2017-12-06,18:05:00,14.95,15.05,14.95,15,400,0
2017-12-06,18:35:00,14.555,14.555,14.555,14.555,200,0
2017-12-06,18:40:00,14.57,14.57,14.5,14.5,1000,0
2017-12-06,18:45:00,15.01,15.01,14.69,14.975,800,0
2017-12-06,18:50:00,14.51,14.83,14.5,14.8,1300,0
2017-12-06,18:55:00,14.5,14.75,14.5,14.63,1000,0
2017-12-06,19:00:00,14.5001,14.56,14.5,14.56,422,0
2017-12-06,19:05:00,14.835,14.835,14.5501,14.68,1300,0
2017-12-06,19:10:00,14.5141,14.5141,14.5141,14.5141,400,0
2017-12-06,19:55:00,14.48,14.48,14.48,14.48,100,0
2017-12-06,20:15:00,14.53,14.5799,14.5001,14.5001,300,0
2017-12-06,20:25:00,14.5216,14.5216,14.5216,14.5216,200,0
2017-12-06,20:45:00,14.48,14.48,14.48,14.48,100,0
2017-12-06,20:50:00,14.48,14.48,14.48,14.48,367,0
2017-12-06,21:15:00,14.56,14.56,14.53,14.53,306,0
2017-12-06,21:20:00,14.4,14.4,14.4,14.4,100,0
2017-12-06,21:35:00,14.45,14.45,14.45,14.45,100,0
2017-12-06,21:50:00,14.45,14.45,14.45,14.45,200,0
2017-12-06,21:55:00,14.45,14.45,14.405,14.45,300,0
2017-12-06,22:00:00,14.445,14.5,14.38,14.38,4110,0
