Date,Time,Open,High,Low,Close,Volume,OpenInt
2017-11-17,15:35:00,33.52,33.8794,33.52,33.78,3514,0
2017-11-17,15:40:00,33.75,33.76,33.43,33.43,400,0
2017-11-17,15:45:00,33.46,33.625,33.46,33.625,300,0
2017-11-17,15:50:00,33.654,33.91,33.654,33.85,2700,0
2017-11-17,15:55:00,33.7949,33.7949,33.61,33.68,2800,0
2017-11-17,16:00:00,33.62,33.66,33.62,33.66,700,0
2017-11-17,16:05:00,33.73,33.73,33.73,33.73,100,0
2017-11-17,16:10:00,33.64,33.69,33.59,33.59,800,0
2017-11-17,16:15:00,33.51,33.51,33.51,33.51,200,0
2017-11-17,16:20:00,33.48,33.52,33.48,33.52,200,0
2017-11-17,16:25:00,33.55,33.55,33.55,33.55,200,0
2017-11-17,16:30:00,33.36,33.41,33.36,33.41,200,0
2017-11-17,16:35:00,33.365,33.425,33.165,33.165,500,0
2017-11-17,16:40:00,33.21,33.21,33.21,33.21,100,0
2017-11-17,16:50:00,33.23,33.33,33.23,33.32,400,0
2017-11-17,16:55:00,33.5,33.63,33.5,33.63,2847,0
2017-11-17,17:00:00,33.61,33.79,33.61,33.79,300,0
2017-11-17,17:05:00,33.77,33.77,33.71,33.74,400,0
2017-11-17,17:10:00,33.69,33.82,33.69,33.82,541,0
2017-11-17,17:15:00,33.8899,34.09,33.87,34.09,3562,0
2017-11-17,17:20:00,34.055,34.11,34.055,34.11,1688,0
2017-11-17,17:25:00,34.11,34.19,34.11,34.19,900,0
2017-11-17,17:30:00,34.07,34.1299,33.92,34.1,1400,0
2017-11-17,17:35:00,34.15,34.23,34.15,34.23,1370,0
2017-11-17,17:40:00,34.35,34.35,34.3499,34.3499,200,0
2017-11-17,17:45:00,34.35,34.35,34.35,34.35,1082,0
2017-11-17,17:50:00,34.44,34.4999,34.4202,34.4202,300,0
2017-11-17,17:55:00,34.44,34.44,34.3904,34.44,430,0
2017-11-17,18:00:00,34.45,34.45,34.4123,34.4123,1500,0
2017-11-17,18:05:00,34.4899,34.4899,34.48,34.48,200,0
2017-11-17,18:10:00,34.44,34.4999,34.32,34.411,7310,0
2017-11-17,18:15:00,34.42,34.42,34.37,34.37,500,0
2017-11-17,18:20:00,34.37,34.45,34.37,34.45,800,0
2017-11-17,18:25:00,34.39,34.39,34.39,34.39,100,0
2017-11-17,18:30:00,34.39,34.39,34.29,34.29,500,0
2017-11-17,18:35:00,34.29,34.29,34.26,34.26,400,0
2017-11-17,18:40:00,34.32,34.32,34.28,34.31,670,0
2017-11-17,18:45:00,34.36,34.44,34.32,34.44,784,0
2017-11-17,18:50:00,34.45,34.5299,34.45,34.5299,3800,0
2017-11-17,18:55:00,34.5,34.5,34.4999,34.5,300,0
2017-11-17,19:00:00,34.5,34.5,34.46,34.46,2060,0
2017-11-17,19:05:00,34.46,34.46,34.41,34.46,1300,0
2017-11-17,19:10:00,34.43,34.43,34.42,34.42,200,0
2017-11-17,19:15:00,34.46,34.46,34.46,34.46,100,0
2017-11-17,19:20:00,34.49,34.4999,34.47,34.4999,300,0
2017-11-17,19:25:00,34.43,34.43,34.4201,34.4201,200,0
2017-11-17,19:30:00,34.43,34.44,34.35,34.39,1820,0
2017-11-17,19:35:00,34.4,34.4,34.37,34.4,3501,0
2017-11-17,19:40:00,34.37,34.39,34.36,34.37,1205,0
2017-11-17,19:45:00,34.4,34.4,34.26,34.26,600,0
2017-11-17,19:50:00,34.318,34.318,34.318,34.318,200,0
2017-11-17,19:55:00,34.338,34.3599,34.338,34.3599,274,0
2017-11-17,20:00:00,34.35,34.36,34.3,34.35,800,0
2017-11-17,20:05:00,34.35,34.37,34.35,34.37,500,0
2017-11-17,20:10:00,34.36,34.36,34.34,34.36,805,0
2017-11-17,20:15:00,34.33,34.33,34.31,34.31,400,0
2017-11-17,20:20:00,34.31,34.32,34.28,34.28,1400,0
2017-11-17,20:25:00,34.29,34.3062,34.28,34.2916,1042,0
2017-11-17,20:30:00,34.24,34.24,34.24,34.24,473,0
2017-11-17,20:35:00,34.3699,34.3699,34.32,34.32,430,0
2017-11-17,20:40:00,34.25,34.25,34.21,34.25,2700,0
2017-11-17,20:45:00,34.2,34.2499,34.19,34.2499,400,0
2017-11-17,20:50:00,34.19,34.25,34.19,34.25,1100,0
2017-11-17,20:55:00,34.26,34.3099,34.24,34.3099,606,0
2017-11-17,21:00:00,34.27,34.31,34.25,34.28,2678,0
2017-11-17,21:05:00,34.3,34.31,34.3,34.31,400,0
2017-11-17,21:10:00,34.3099,34.3099,34.27,34.28,400,0
2017-11-17,21:15:00,34.255,34.29,34.255,34.29,400,0
2017-11-17,21:20:00,34.3,34.32,34.3,34.32,3394,0
2017-11-17,21:25:00,34.3499,34.3499,34.27,34.31,1976,0
2017-11-17,21:30:00,34.308,34.36,34.308,34.36,631,0
2017-11-17,21:35:00,34.4,34.4,34.35,34.39,1775,0
2017-11-17,21:40:00,34.39,34.4,34.38,34.4,609,0
2017-11-17,21:45:00,34.3999,34.45,34.3999,34.44,1626,0
2017-11-17,21:50:00,34.44,34.45,34.41,34.45,1897,0
2017-11-17,21:55:00,34.45,34.47,34.42,34.435,2917,0
2017-11-17,22:00:00,34.41,34.46,34.33,34.34,37038,0
2017-11-20,15:35:00,34.09,34.09,34.0531,34.0531,1187,0
2017-11-20,15:40:00,33.88,33.93,33.77,33.93,1100,0
2017-11-20,15:45:00,33.81,33.95,33.81,33.91,1600,0
2017-11-20,15:50:00,33.91,33.91,33.67,33.73,600,0
2017-11-20,15:55:00,33.72,33.86,33.44,33.44,4000,0
2017-11-20,16:00:00,33.52,33.76,33.52,33.76,900,0
2017-11-20,16:05:00,33.8,33.88,33.66,33.67,1439,0
2017-11-20,16:10:00,33.8,33.8,33.76,33.76,200,0
2017-11-20,16:15:00,33.61,33.71,33.61,33.71,200,0
2017-11-20,16:20:00,33.77,33.77,33.61,33.69,500,0
2017-11-20,16:25:00,33.84,34.24,33.82,34.2,10472,0
2017-11-20,16:30:00,34.2,34.48,34.19,34.38,4642,0
2017-11-20,16:35:00,34.47,34.5,34.385,34.385,1812,0
2017-11-20,16:40:00,34.51,34.55,34.42,34.51,900,0
2017-11-20,16:45:00,34.4,34.49,34.3,34.49,1469,0
2017-11-20,16:50:00,34.48,34.5,34.431,34.431,2376,0
2017-11-20,16:55:00,34.505,34.6,34.46,34.6,5500,0
2017-11-20,17:00:00,34.62,34.99,34.61,34.89,9800,0
2017-11-20,17:05:00,34.845,34.845,34.82,34.82,200,0
2017-11-20,17:10:00,34.78,34.8,34.73,34.79,600,0
2017-11-20,17:15:00,34.73,35.11,34.73,35.0506,6563,0
2017-11-20,17:20:00,35.1,35.55,35.1,35.46,3785,0
2017-11-20,17:25:00,35.46,35.4801,35.35,35.4,2975,0
2017-11-20,17:30:00,35.4,35.66,35.4,35.66,640,0
2017-11-20,17:35:00,35.4962,35.58,35.4359,35.44,2100,0
2017-11-20,17:40:00,35.5,35.54,35.348,35.53,2489,0
2017-11-20,17:45:00,35.47,35.54,35.46,35.5,700,0
2017-11-20,17:50:00,35.5,35.66,35.5,35.66,2000,0
2017-11-20,17:55:00,35.58,35.58,35.54,35.54,400,0
2017-11-20,18:00:00,35.5,35.5,35.4,35.4,700,0
2017-11-20,18:05:00,35.4,35.45,35.4,35.45,400,0
2017-11-20,18:10:00,35.47,35.6,35.47,35.6,3000,0
2017-11-20,18:15:00,35.6,35.6,35.48,35.48,900,0
2017-11-20,18:20:00,35.4,35.48,35.4,35.48,800,0
2017-11-20,18:25:00,35.525,35.525,35.43,35.5,800,0
2017-11-20,18:30:00,35.46,35.53,35.35,35.37,1400,0
2017-11-20,18:35:00,35.49,35.49,35.35,35.46,600,0
2017-11-20,18:45:00,35.45,35.45,35.45,35.45,300,0
2017-11-20,18:50:00,35.46,35.46,35.46,35.46,200,0
2017-11-20,18:55:00,35.44,35.44,35.44,35.44,100,0
2017-11-20,19:00:00,35.42,35.42,35.32,35.32,1100,0
2017-11-20,19:05:00,35.34,35.35,35.2622,35.349,810,0
2017-11-20,19:10:00,35.31,35.31,35.15,35.15,1200,0
2017-11-20,19:15:00,35.2,35.3,35.2,35.27,700,0
2017-11-20,19:20:00,35.3,35.3,35.3,35.3,100,0
2017-11-20,19:25:00,35.16,35.31,35.16,35.31,700,0
2017-11-20,19:30:00,35.31,35.35,35.28,35.28,700,0
2017-11-20,19:35:00,35.33,35.34,35.22,35.22,3010,0
2017-11-20,19:40:00,35.2,35.4,35.2,35.4,1400,0
2017-11-20,19:45:00,35.4,35.4,35.36,35.39,1000,0
2017-11-20,19:50:00,35.4,35.4,35.4,35.4,100,0
2017-11-20,19:55:00,35.39,35.4,35.31,35.4,1251,0
2017-11-20,20:00:00,35.4,35.44,35.39,35.44,700,0
2017-11-20,20:05:00,35.41,35.45,35.38,35.45,1235,0
2017-11-20,20:10:00,35.45,35.45,35.45,35.45,100,0
2017-11-20,20:15:00,35.42,35.43,35.38,35.38,600,0
2017-11-20,20:20:00,35.38,35.45,35.38,35.43,2210,0
2017-11-20,20:25:00,35.43,35.44,35.43,35.43,990,0
2017-11-20,20:30:00,35.43,35.5,35.43,35.48,1800,0
2017-11-20,20:35:00,35.45,35.45,35.41,35.41,800,0
2017-11-20,20:45:00,35.41,35.41,35.37,35.38,600,0
2017-11-20,20:50:00,35.39,35.4,35.39,35.4,200,0
2017-11-20,21:00:00,35.375,35.375,35.375,35.375,100,0
2017-11-20,21:05:00,35.4,35.45,35.31,35.45,3400,0
2017-11-20,21:15:00,35.38,35.38,35.31,35.31,200,0
2017-11-20,21:20:00,35.3,35.31,35.25,35.31,900,0
2017-11-20,21:25:00,35.32,35.5,35.32,35.5,1406,0
2017-11-20,21:30:00,35.5,35.5,35.43,35.44,1497,0
2017-11-20,21:35:00,35.42,35.42,35.38,35.41,1827,0
2017-11-20,21:40:00,35.4,35.44,35.395,35.44,800,0
2017-11-20,21:45:00,35.5,35.51,35.38,35.44,5250,0
2017-11-20,21:50:00,35.44,35.49,35.44,35.48,2927,0
2017-11-20,21:55:00,35.49,35.49,35.47,35.485,4764,0
2017-11-20,22:00:00,35.49,35.5,35.48,35.49,14642,0
2017-11-21,15:35:00,35.66,35.83,35.615,35.695,2389,0
2017-11-21,15:40:00,35.65,35.79,35.49,35.71,11623,0
2017-11-21,15:45:00,35.48,35.59,35.1,35.1,1100,0
2017-11-21,15:50:00,34.98,34.9975,34.66,34.79,6003,0
2017-11-21,15:55:00,34.88,34.89,34.7,34.71,4351,0
2017-11-21,16:00:00,34.75,34.75,34.24,34.26,5430,0
2017-11-21,16:05:00,34.2026,34.36,34.08,34.35,5802,0
2017-11-21,16:10:00,34.3,34.37,34.1,34.1,1800,0
2017-11-21,16:15:00,34.28,34.38,34.18,34.26,4600,0
2017-11-21,16:20:00,34.17,34.19,33.9771,34.105,4960,0
2017-11-21,16:25:00,34.06,34.0775,33.67,33.82,5377,0
2017-11-21,16:30:00,33.87,33.87,33.75,33.82,1065,0
2017-11-21,16:35:00,33.75,33.9,33.7072,33.82,2100,0
2017-11-21,16:40:00,33.76,33.87,33.72,33.72,1900,0
2017-11-21,16:45:00,33.8,33.84,33.52,33.52,2390,0
2017-11-21,16:50:00,33.63,33.66,33.57,33.66,900,0
2017-11-21,16:55:00,33.57,33.57,33.04,33.2,2214,0
2017-11-21,17:00:00,33.19,33.3,33.19,33.265,1700,0
2017-11-21,17:05:00,33.34,33.34,32.8,32.8,4018,0
2017-11-21,17:10:00,32.85,32.88,32.6101,32.83,8640,0
2017-11-21,17:15:00,32.83,32.83,32.61,32.65,5675,0
2017-11-21,17:20:00,32.61,32.74,32.61,32.7,3800,0
2017-11-21,17:25:00,32.66,32.74,32.55,32.64,4151,0
2017-11-21,17:30:00,32.68,32.8079,32.615,32.63,2447,0
2017-11-21,17:35:00,32.66,32.81,32.66,32.81,800,0
2017-11-21,17:40:00,32.7575,32.85,32.5675,32.69,4450,0
2017-11-21,17:45:00,32.78,32.78,32.585,32.585,610,0
2017-11-21,17:50:00,32.6254,32.6744,32.57,32.6744,2590,0
2017-11-21,17:55:00,32.76,32.76,32.585,32.74,1264,0
2017-11-21,18:00:00,32.7,32.7,32.03,32.21,25491,0
2017-11-21,18:05:00,32.2,32.21,31.65,31.75,5311,0
2017-11-21,18:10:00,31.76,32.16,31.54,31.62,6263,0
2017-11-21,18:15:00,31.76,31.76,31.38,31.54,7519,0
2017-11-21,18:20:00,31.5,31.505,31.2501,31.4305,4452,0
2017-11-21,18:25:00,31.53,31.6,31.4,31.6,1300,0
2017-11-21,18:30:00,31.66,31.75,31.5,31.55,7042,0
2017-11-21,18:35:00,31.3937,31.4228,31.34,31.4,1300,0
2017-11-21,18:40:00,31.4,31.4992,31.35,31.43,2900,0
2017-11-21,18:45:00,31.465,31.465,31.28,31.41,3157,0
2017-11-21,18:50:00,31.425,31.72,31.4197,31.48,3950,0
2017-11-21,18:55:00,31.57,31.726,31.515,31.55,4900,0
2017-11-21,19:00:00,31.61,31.6929,31.57,31.57,3141,0
2017-11-21,19:05:00,31.52,31.57,31.52,31.55,1000,0
2017-11-21,19:10:00,31.565,31.58,31.5,31.52,4641,0
2017-11-21,19:15:00,31.55,31.55,31.1,31.12,4377,0
2017-11-21,19:20:00,31.185,31.5,31.1525,31.425,2200,0
2017-11-21,19:25:00,31.366,31.51,31.366,31.51,2125,0
2017-11-21,19:30:00,31.48,31.54,31,31.07,14120,0
2017-11-21,19:35:00,30.985,31.14,30.9075,30.93,2115,0
2017-11-21,19:40:00,30.7004,30.86,30.4401,30.4401,5945,0
2017-11-21,19:45:00,30.51,30.64,30.51,30.55,4517,0
2017-11-21,19:50:00,30.51,30.69,30.49,30.69,2980,0
2017-11-21,19:55:00,30.76,30.86,30.67,30.79,2100,0
2017-11-21,20:00:00,30.64,30.74,30.64,30.64,3200,0
2017-11-21,20:05:00,30.67,30.789,30.67,30.7,2718,0
2017-11-21,20:10:00,30.72,30.81,30.72,30.725,4476,0
2017-11-21,20:15:00,30.7,30.74,30.7,30.73,1300,0
2017-11-21,20:20:00,30.7803,30.7803,30.63,30.65,4340,0
2017-11-21,20:25:00,30.6101,30.72,30.58,30.69,5070,0
2017-11-21,20:30:00,30.69,30.71,30.66,30.71,1500,0
2017-11-21,20:35:00,30.77,30.79,30.69,30.69,2467,0
2017-11-21,20:40:00,30.69,30.71,30.67,30.71,1850,0
2017-11-21,20:45:00,30.66,30.6828,30.56,30.645,4662,0
2017-11-21,20:50:00,30.66,30.72,30.63,30.66,2300,0
2017-11-21,20:55:00,30.71,30.72,30.6,30.62,2470,0
2017-11-21,21:00:00,30.63,30.715,30.56,30.695,3510,0
2017-11-21,21:05:00,30.75,30.75,30.6401,30.715,1323,0
2017-11-21,21:10:00,30.67,30.7,30.6,30.67,3400,0
2017-11-21,21:15:00,30.69,30.71,30.62,30.71,8317,0
2017-11-21,21:20:00,30.72,30.95,30.72,30.92,4849,0
2017-11-21,21:25:00,30.92,31.22,30.9001,31.17,11030,0
2017-11-21,21:30:00,31.12,31.12,30.87,30.94,15884,0
2017-11-21,21:35:00,30.87,31,30.78,30.91,12977,0
2017-11-21,21:40:00,30.87,30.87,30.63,30.675,10200,0
2017-11-21,21:45:00,30.695,30.7246,30.515,30.55,12366,0
2017-11-21,21:50:00,30.57,30.57,29.93,30.06,17255,0
2017-11-21,21:55:00,30.06,30.265,29.98,30.02,13220,0
2017-11-21,22:00:00,30.02,30.0625,29.92,29.97,71036,0
2017-11-22,15:35:00,30.53,30.97,30.53,30.97,3411,0
2017-11-22,15:40:00,30.99,32.33,30.98,32.33,14153,0
2017-11-22,15:45:00,32.285,32.5,31.95,31.97,13725,0
2017-11-22,15:50:00,32.04,32.5,32.02,32.25,14115,0
2017-11-22,15:55:00,32.33,32.33,32.0101,32.24,2330,0
2017-11-22,16:00:00,32.12,32.46,31.44,31.47,8839,0
2017-11-22,16:05:00,31.45,31.8,31.31,31.8,3340,0
2017-11-22,16:10:00,31.685,31.73,31.44,31.53,2600,0
2017-11-22,16:15:00,31.43,31.51,31.42,31.44,400,0
2017-11-22,16:20:00,31.475,31.51,31.33,31.33,3441,0
2017-11-22,16:25:00,31.33,31.36,31.25,31.35,1830,0
2017-11-22,16:30:00,31.325,31.325,31.04,31.04,3434,0
2017-11-22,16:35:00,31.05,31.09,31.01,31.08,2060,0
2017-11-22,16:40:00,31.04,31.06,30.98,30.98,900,0
2017-11-22,16:45:00,30.98,31.0658,30.98,31.05,538,0
2017-11-22,16:50:00,31.045,31.1899,30.93,30.96,2800,0
2017-11-22,16:55:00,30.97,31,30.75,30.75,2615,0
2017-11-22,17:00:00,30.93,31.03,30.93,31.03,500,0
2017-11-22,17:05:00,31.08,31.25,31.03,31.25,2510,0
2017-11-22,17:10:00,31.27,31.2908,31.21,31.2547,1756,0
2017-11-22,17:15:00,31.245,31.245,30.95,31.22,4090,0
2017-11-22,17:20:00,31.245,31.35,31.22,31.29,2540,0
2017-11-22,17:25:00,31.25,31.25,31.185,31.185,919,0
2017-11-22,17:30:00,31.165,31.35,31.16,31.35,4194,0
2017-11-22,17:35:00,31.35,31.35,31.34,31.35,500,0
2017-11-22,17:40:00,31.41,31.41,31.19,31.26,2300,0
2017-11-22,17:45:00,31.225,31.225,31.225,31.225,100,0
2017-11-22,17:50:00,31.17,31.28,31.17,31.28,981,0
2017-11-22,17:55:00,31.265,31.265,31.265,31.265,100,0
2017-11-22,18:00:00,31.265,31.28,31.25,31.26,1995,0
2017-11-22,18:05:00,31.26,31.275,31.24,31.275,1697,0
2017-11-22,18:10:00,31.25,31.35,31.24,31.25,3327,0
2017-11-22,18:15:00,31.25,31.255,31.25,31.255,4100,0
2017-11-22,18:20:00,31.25,31.25,31.2,31.2,200,0
2017-11-22,18:25:00,31.25,31.25,31.24,31.24,1100,0
2017-11-22,18:30:00,31.25,31.25,31.15,31.19,1700,0
2017-11-22,18:35:00,31.2,31.25,31.2,31.25,1559,0
2017-11-22,18:40:00,31.29,31.3,31.29,31.3,500,0
2017-11-22,18:45:00,31.29,31.29,31.15,31.1898,914,0
2017-11-22,18:50:00,31.2,31.2,31.1101,31.1101,400,0
2017-11-22,18:55:00,31.07,31.07,31.01,31.01,500,0
2017-11-22,19:00:00,31.02,31.07,30.96,30.96,500,0
2017-11-22,19:05:00,30.97,31.03,30.8505,30.89,3645,0
2017-11-22,19:10:00,30.97,30.99,30.9584,30.97,500,0
2017-11-22,19:15:00,31.0667,31.0667,31.04,31.04,600,0
2017-11-22,19:20:00,31.04,31.04,30.95,30.95,300,0
2017-11-22,19:25:00,31.03,31.03,30.88,30.89,700,0
2017-11-22,19:30:00,30.86,30.92,30.76,30.8,3200,0
2017-11-22,19:35:00,30.77,30.87,30.76,30.8256,2632,0
2017-11-22,19:40:00,30.79,30.835,30.78,30.79,400,0
2017-11-22,19:45:00,30.8,30.85,30.79,30.8,900,0
2017-11-22,19:50:00,30.8,30.82,30.77,30.8,1356,0
2017-11-22,19:55:00,30.8,30.86,30.8,30.83,700,0
2017-11-22,20:00:00,30.85,30.85,30.79,30.79,1255,0
2017-11-22,20:05:00,30.82,30.87,30.81,30.84,1300,0
2017-11-22,20:10:00,30.89,30.925,30.89,30.895,1603,0
2017-11-22,20:15:00,30.88,30.92,30.81,30.92,600,0
2017-11-22,20:20:00,30.83,30.88,30.83,30.88,400,0
2017-11-22,20:25:00,30.885,30.885,30.885,30.885,100,0
2017-11-22,20:30:00,30.84,30.84,30.795,30.83,3128,0
2017-11-22,20:35:00,30.86,30.86,30.86,30.86,100,0
2017-11-22,20:40:00,30.86,30.91,30.86,30.91,653,0
2017-11-22,20:45:00,30.88,30.9,30.84,30.84,1196,0
2017-11-22,20:50:00,30.83,30.83,30.795,30.81,2560,0
2017-11-22,20:55:00,30.81,30.815,30.81,30.815,1200,0
2017-11-22,21:00:00,30.84,30.85,30.83,30.83,500,0
2017-11-22,21:05:00,30.84,30.84,30.8001,30.8001,200,0
2017-11-22,21:10:00,30.81,30.82,30.8,30.81,1504,0
2017-11-22,21:15:00,30.82,30.87,30.82,30.87,1400,0
2017-11-22,21:20:00,30.86,30.86,30.86,30.86,336,0
2017-11-22,21:25:00,30.88,30.88,30.85,30.85,560,0
2017-11-22,21:30:00,30.85,30.85,30.8101,30.8101,2000,0
2017-11-22,21:35:00,30.82,30.89,30.79,30.85,3684,0
2017-11-22,21:40:00,30.88,30.89,30.85,30.85,1542,0
2017-11-22,21:45:00,30.85,30.85,30.82,30.8201,1500,0
2017-11-22,21:50:00,30.8001,30.81,30.79,30.7901,2640,0
2017-11-22,21:55:00,30.79,30.79,30.72,30.72,5367,0
2017-11-22,22:00:00,30.715,30.72,30.61,30.64,29842,0
2017-11-24,15:35:00,31.06,31.41,30.84,31.1,1132,0
2017-11-24,15:40:00,30.81,30.82,30.62,30.805,1900,0
2017-11-24,15:45:00,30.63,30.63,30.63,30.63,100,0
2017-11-24,15:50:00,30.72,30.73,30.6,30.6,1800,0
2017-11-24,15:55:00,30.57,30.81,30.51,30.73,4713,0
2017-11-24,16:00:00,30.83,30.83,30.83,30.83,100,0
2017-11-24,16:05:00,30.715,30.83,30.65,30.65,700,0
2017-11-24,16:10:00,30.76,30.92,30.69,30.92,3320,0
2017-11-24,16:15:00,31.1,31.41,31.05,31.41,2459,0
2017-11-24,16:20:00,31.42,31.5,31.42,31.5,4417,0
2017-11-24,16:25:00,31.47,31.64,31.47,31.48,3595,0
2017-11-24,16:30:00,31.44,31.44,31.32,31.34,845,0
2017-11-24,16:35:00,31.35,31.415,31.35,31.38,400,0
2017-11-24,16:40:00,31.4,31.4,31.37,31.37,485,0
2017-11-24,16:45:00,31.39,31.48,31.3,31.36,700,0
2017-11-24,16:50:00,31.27,31.27,31.26,31.27,400,0
2017-11-24,16:55:00,31.3085,31.37,31.26,31.37,1165,0
2017-11-24,17:00:00,31.29,31.31,31.27,31.31,1096,0
2017-11-24,17:05:00,31.36,31.41,31.33,31.33,900,0
2017-11-24,17:10:00,31.43,31.43,31.38,31.38,300,0
2017-11-24,17:15:00,31.465,31.5,31.44,31.48,4038,0
2017-11-24,17:20:00,31.46,31.48,31.43,31.44,1217,0
2017-11-24,17:25:00,31.47,31.54,31.46,31.54,1800,0
2017-11-24,17:30:00,31.52,31.55,31.5,31.5,1000,0
2017-11-24,17:35:00,31.48,31.48,31.32,31.32,800,0
2017-11-24,17:40:00,31.44,31.45,31.44,31.45,427,0
2017-11-24,17:45:00,31.49,31.49,31.34,31.3689,900,0
2017-11-24,17:50:00,31.34,31.34,31.31,31.32,827,0
2017-11-24,17:55:00,31.32,31.32,31.28,31.29,1358,0
2017-11-24,18:00:00,31.36,31.36,31.325,31.36,500,0
2017-11-24,18:05:00,31.34,31.35,31.34,31.35,300,0
2017-11-24,18:10:00,31.35,31.39,31.35,31.35,1100,0
2017-11-24,18:15:00,31.33,31.33,31.33,31.33,200,0
2017-11-24,18:20:00,31.33,31.42,31.33,31.42,1100,0
2017-11-24,18:25:00,31.35,31.42,31.35,31.35,500,0
2017-11-24,18:30:00,31.42,31.43,31.37,31.37,940,0
2017-11-24,18:35:00,31.38,31.38,31.38,31.38,400,0
2017-11-24,18:40:00,31.38,31.5,31.38,31.5,1277,0
2017-11-24,18:45:00,31.49,31.49,31.44,31.44,861,0
2017-11-24,18:50:00,31.48,31.4886,31.34,31.42,3697,0
2017-11-24,19:00:00,31.35,31.41,31.33,31.41,4028,0
2017-11-24,19:05:00,31.41,31.41,31.41,31.41,6429,0
2017-11-27,15:35:00,31.46,31.5,31.11,31.11,2375,0
2017-11-27,15:40:00,31.04,31.06,31.01,31.01,400,0
2017-11-27,15:45:00,31,31,30.62,30.62,1100,0
2017-11-27,15:50:00,30.65,30.65,30.65,30.65,100,0
2017-11-27,15:55:00,30.63,30.63,30.4,30.4,1199,0
2017-11-27,16:00:00,30.3,30.3,30.12,30.12,850,0
2017-11-27,16:05:00,30.23,30.28,30.23,30.28,1200,0
2017-11-27,16:10:00,30.23,30.25,30.21,30.25,300,0
2017-11-27,16:15:00,30.36,30.36,30.36,30.36,100,0
2017-11-27,16:20:00,30.3946,30.47,30.39,30.47,1100,0
2017-11-27,16:25:00,30.48,30.48,30.46,30.46,200,0
2017-11-27,16:30:00,30.46,30.47,30.43,30.44,1500,0
2017-11-27,16:35:00,30.44,30.56,30.44,30.5193,2000,0
2017-11-27,16:40:00,30.51,30.5193,30.231,30.29,3246,0
2017-11-27,16:45:00,30.29,30.38,30.29,30.33,700,0
2017-11-27,16:50:00,30.33,30.335,30.23,30.23,749,0
2017-11-27,16:55:00,30.26,30.28,30.26,30.28,809,0
2017-11-27,17:00:00,30.19,30.19,30.15,30.15,800,0
2017-11-27,17:05:00,30.13,30.185,30.07,30.08,2029,0
2017-11-27,17:10:00,30.22,30.22,30.12,30.12,3543,0
2017-11-27,17:15:00,30.14,30.14,29.7,29.7,2989,0
2017-11-27,17:20:00,29.7,29.725,29.65,29.65,600,0
2017-11-27,17:25:00,29.71,29.81,29.71,29.81,600,0
2017-11-27,17:30:00,29.68,29.79,29.68,29.79,296,0
2017-11-27,17:35:00,29.668,29.668,29.668,29.668,100,0
2017-11-27,17:40:00,29.67,29.7456,29.64,29.65,1321,0
2017-11-27,17:45:00,29.63,29.6586,29.48,29.48,900,0
2017-11-27,17:50:00,29.5,29.5,29.45,29.45,300,0
2017-11-27,17:55:00,29.42,29.42,29.25,29.29,1000,0
2017-11-27,18:00:00,29.29,29.37,29.27,29.31,5200,0
2017-11-27,18:05:00,29.3,29.32,29.3,29.32,200,0
2017-11-27,18:10:00,29.35,29.43,29.35,29.43,248,0
2017-11-27,18:15:00,29.44,29.5,29.43,29.5,720,0
2017-11-27,18:20:00,29.38,29.466,29.38,29.466,1100,0
2017-11-27,18:25:00,29.49,29.49,29.38,29.38,1200,0
2017-11-27,18:30:00,29.35,29.35,29.13,29.13,1352,0
2017-11-27,18:35:00,29.2,29.22,29.18,29.19,500,0
2017-11-27,18:40:00,29.275,29.39,29.26,29.39,500,0
2017-11-27,18:45:00,29.32,29.32,29.31,29.31,200,0
2017-11-27,18:50:00,29.33,29.33,29.28,29.33,300,0
2017-11-27,18:55:00,29.25,29.29,29.25,29.26,500,0
2017-11-27,19:00:00,29.39,29.45,29.38,29.45,300,0
2017-11-27,19:05:00,29.44,29.44,29.4,29.42,800,0
2017-11-27,19:10:00,29.425,29.425,29.38,29.39,400,0
2017-11-27,19:15:00,29.4001,29.48,29.4001,29.46,600,0
2017-11-27,19:20:00,29.46,29.46,29.42,29.42,400,0
2017-11-27,19:25:00,29.35,29.35,29.32,29.32,300,0
2017-11-27,19:30:00,29.27,29.27,29.27,29.27,100,0
2017-11-27,19:35:00,29.33,29.345,29.325,29.335,2000,0
2017-11-27,19:40:00,29.34,29.34,29.3,29.3,800,0
2017-11-27,19:45:00,29.33,29.38,29.32,29.38,500,0
2017-11-27,19:50:00,29.345,29.345,29.345,29.345,100,0
2017-11-27,19:55:00,29.33,29.33,29.29,29.33,900,0
2017-11-27,20:00:00,29.36,29.36,29.29,29.305,1800,0
2017-11-27,20:05:00,29.3,29.3,29.21,29.23,1778,0
2017-11-27,20:10:00,29.3,29.35,29.26,29.26,500,0
2017-11-27,20:15:00,29.31,29.37,29.305,29.365,900,0
2017-11-27,20:20:00,29.42,29.52,29.41,29.42,1488,0
2017-11-27,20:25:00,29.435,29.49,29.435,29.44,700,0
2017-11-27,20:30:00,29.49,29.54,29.44,29.54,2300,0
2017-11-27,20:35:00,29.6,29.65,29.59,29.595,1737,0
2017-11-27,20:40:00,29.57,29.63,29.57,29.61,1300,0
2017-11-27,20:45:00,29.595,29.62,29.595,29.62,390,0
2017-11-27,20:50:00,29.7,29.7,29.7,29.7,100,0
2017-11-27,20:55:00,29.7,29.74,29.69,29.71,600,0
2017-11-27,21:00:00,29.73,29.73,29.62,29.71,500,0
2017-11-27,21:05:00,29.62,29.62,29.62,29.62,100,0
2017-11-27,21:10:00,29.7,29.7,29.7,29.7,100,0
2017-11-27,21:15:00,29.67,29.72,29.64,29.645,1200,0
2017-11-27,21:20:00,29.65,29.65,29.64,29.64,300,0
2017-11-27,21:25:00,29.63,29.63,29.51,29.51,900,0
2017-11-27,21:30:00,29.5499,29.5499,29.46,29.46,841,0
2017-11-27,21:35:00,29.37,29.37,29.37,29.37,100,0
2017-11-27,21:40:00,29.37,29.38,29.34,29.34,3511,0
2017-11-27,21:45:00,29.325,29.41,29.325,29.37,7958,0
2017-11-27,21:50:00,29.37,29.43,29.32,29.42,14495,0
2017-11-27,21:55:00,29.43,29.44,29.29,29.29,14157,0
2017-11-27,22:00:00,29.34,29.35,29.25,29.27,22046,0
2017-11-28,15:35:00,28.31,28.31,27.52,27.74,2550,0
2017-11-28,15:40:00,27.79,27.93,26.51,26.862,34790,0
2017-11-28,15:45:00,27,27.6,26.8,27.34,16315,0
2017-11-28,15:50:00,27.26,27.546,27,27.01,9400,0
2017-11-28,15:55:00,27.06,27.092,26.9,26.995,6800,0
2017-11-28,16:00:00,26.995,26.995,26.78,26.92,5272,0
2017-11-28,16:05:00,26.92,27.27,26.92,27.1,9834,0
2017-11-28,16:10:00,27.22,27.25,26.73,26.73,7242,0
2017-11-28,16:15:00,26.73,26.73,26.32,26.32,1973,0
2017-11-28,16:20:00,26.46,26.82,26.45,26.82,1200,0
2017-11-28,16:25:00,26.7282,27.06,26.7282,27.04,5285,0
2017-11-28,16:30:00,27.04,27.04,27,27,400,0
2017-11-28,16:35:00,26.9,26.9952,26.715,26.715,11600,0
2017-11-28,16:40:00,26.71,26.74,26.48,26.5325,4627,0
2017-11-28,16:45:00,26.54,26.73,26.47,26.5225,10610,0
2017-11-28,16:50:00,26.52,26.85,26.52,26.7625,7200,0
2017-11-28,16:55:00,26.76,27.14,26.76,26.945,13379,0
2017-11-28,17:00:00,26.9,26.9765,26.9,26.9765,600,0
2017-11-28,17:05:00,27.05,27.2302,27.03,27.11,6280,0
2017-11-28,17:10:00,27.1231,27.1231,26.96,26.97,2900,0
2017-11-28,17:15:00,27.01,27.02,26.79,26.79,4895,0
2017-11-28,17:20:00,26.82,26.91,26.81,26.9,800,0
2017-11-28,17:25:00,26.9,26.92,26.5,26.6,7955,0
2017-11-28,17:30:00,26.6,26.67,26.52,26.67,1800,0
2017-11-28,17:35:00,26.72,26.72,26.09,26.12,16761,0
2017-11-28,17:40:00,26.07,26.07,25.4,25.66,16254,0
2017-11-28,17:45:00,25.64,25.855,25.64,25.74,2240,0
2017-11-28,17:50:00,25.78,25.79,25.68,25.73,1020,0
2017-11-28,17:55:00,25.78,25.82,25.6625,25.82,4328,0
2017-11-28,18:00:00,25.81,25.81,25.66,25.75,10231,0
2017-11-28,18:05:00,25.75,25.85,25.65,25.731,7675,0
2017-11-28,18:10:00,25.75,25.758,25.43,25.43,17766,0
2017-11-28,18:15:00,25.49,25.49,25.11,25.25,17415,0
2017-11-28,18:20:00,25.18,25.27,24.82,24.9,22910,0
2017-11-28,18:25:00,25,25.0535,24.9,24.9,2600,0
2017-11-28,18:30:00,24.97,25.2,24.94,25.2,4687,0
2017-11-28,18:35:00,25.1,25.1,24.895,24.98,14368,0
2017-11-28,18:40:00,24.89,25.09,24.89,25.01,3800,0
2017-11-28,18:45:00,25.09,25.09,24.865,24.95,5549,0
2017-11-28,18:50:00,24.98,25.1,24.905,25.063,5666,0
2017-11-28,18:55:00,25.02,25.06,24.87,24.87,6646,0
2017-11-28,19:00:00,24.93,25,24.93,25,1133,0
2017-11-28,19:05:00,25,25.05,24.95,24.95,9287,0
2017-11-28,19:10:00,24.99,24.99,24.935,24.97,1100,0
2017-11-28,19:15:00,24.9,24.91,24.8605,24.87,900,0
2017-11-28,19:20:00,24.87,24.93,24.82,24.87,3693,0
2017-11-28,19:25:00,24.83,24.93,24.83,24.84,3600,0
2017-11-28,19:30:00,24.8001,24.88,24.8001,24.86,2000,0
2017-11-28,19:35:00,24.89,24.9,24.775,24.87,7800,0
2017-11-28,19:40:00,24.78,24.78,24.78,24.78,100,0
2017-11-28,19:45:00,24.81,24.81,24.58,24.6,7238,0
2017-11-28,19:50:00,24.57,24.57,24.35,24.35,3240,0
2017-11-28,19:55:00,24.41,24.55,24.4,24.411,14467,0
2017-11-28,20:00:00,24.44,24.49,24.44,24.45,800,0
2017-11-28,20:05:00,24.42,24.43,24.16,24.2078,16420,0
2017-11-28,20:10:00,24.21,24.26,24.21,24.24,1097,0
2017-11-28,20:15:00,24.22,24.3592,24.21,24.359,6932,0
2017-11-28,20:20:00,24.36,24.41,24.29,24.3,4005,0
2017-11-28,20:25:00,24.3,24.32,24.2,24.2999,6136,0
2017-11-28,20:30:00,24.29,24.32,24.2805,24.3,1496,0
2017-11-28,20:35:00,24.31,24.33,24.2425,24.2425,3020,0
2017-11-28,20:40:00,24.24,24.26,24.2,24.23,1300,0
2017-11-28,20:45:00,24.15,24.18,24.06,24.105,6185,0
2017-11-28,20:50:00,24.105,24.18,24.06,24.18,6814,0
2017-11-28,20:55:00,24.165,24.19,24.12,24.12,3200,0
2017-11-28,21:00:00,24.12,24.12,24.01,24.05,5497,0
2017-11-28,21:05:00,24.05,24.05,24,24.01,9700,0
2017-11-28,21:10:00,24.02,24.02,23.84,23.86,2934,0
2017-11-28,21:15:00,23.86,23.91,23.86,23.885,1667,0
2017-11-28,21:20:00,23.87,23.9,23.58,23.71,11579,0
2017-11-28,21:25:00,23.72,23.81,23.7,23.71,6258,0
2017-11-28,21:30:00,23.68,23.77,23.58,23.67,8996,0
2017-11-28,21:35:00,23.69,23.8,23.6489,23.8,6138,0
2017-11-28,21:40:00,23.8,24.03,23.8,24.03,15748,0
2017-11-28,21:45:00,24.01,24.0486,23.89,24.01,15479,0
2017-11-28,21:50:00,24.04,24.1,23.99,24.03,15712,0
2017-11-28,21:55:00,24.03,24.11,23.96,23.9775,28035,0
2017-11-28,22:00:00,23.96,24.08,23.9401,24.04,45088,0
2017-11-29,15:35:00,23.94,24.1197,23.8687,24,6356,0
2017-11-29,15:40:00,24.56,25.44,24.56,25.175,6934,0
2017-11-29,15:45:00,25.36,25.47,25.0801,25.1,16363,0
2017-11-29,15:50:00,25.04,25.1,24.9089,25.1,3588,0
2017-11-29,15:55:00,25.09,25.17,25,25.1599,3754,0
2017-11-29,16:00:00,25.16,25.345,25.04,25.06,4300,0
2017-11-29,16:05:00,24.97,24.97,24.9001,24.935,800,0
2017-11-29,16:10:00,24.9498,24.97,24.5934,24.5934,2441,0
2017-11-29,16:15:00,24.61,24.61,24.42,24.42,3252,0
2017-11-29,16:20:00,24.42,24.42,24.21,24.33,8491,0
2017-11-29,16:25:00,24.34,24.35,24.34,24.35,1250,0
2017-11-29,16:35:00,24.3,24.3,24.0701,24.14,2900,0
2017-11-29,16:40:00,24.19,24.28,24.19,24.28,1870,0
2017-11-29,16:45:00,24.31,24.46,24.27,24.43,2200,0
2017-11-29,16:50:00,24.43,24.53,24.42,24.53,912,0
2017-11-29,16:55:00,24.64,24.66,24.64,24.66,2099,0
2017-11-29,17:00:00,24.69,24.83,24.61,24.61,6740,0
2017-11-29,17:05:00,24.69,24.81,24.69,24.81,1500,0
2017-11-29,17:10:00,24.86,24.86,24.7,24.7,1060,0
2017-11-29,17:15:00,24.74,24.84,24.65,24.69,2760,0
2017-11-29,17:20:00,24.64,24.75,24.64,24.69,2075,0
2017-11-29,17:25:00,24.73,24.73,24.25,24.32,4480,0
2017-11-29,17:30:00,24.27,24.34,24.14,24.34,2150,0
2017-11-29,17:35:00,24.4508,24.4508,24.3,24.3,2400,0
2017-11-29,17:40:00,24.32,24.36,24.17,24.19,1600,0
2017-11-29,17:45:00,24.24,24.26,24.14,24.26,2000,0
2017-11-29,17:50:00,24.27,24.29,24.14,24.14,2288,0
2017-11-29,17:55:00,24.1,24.22,24.09,24.11,2400,0
2017-11-29,18:00:00,24.0953,24.24,24.0953,24.24,2705,0
2017-11-29,18:05:00,24.27,24.27,24.27,24.27,100,0
2017-11-29,18:10:00,24.27,24.27,24,24.075,4172,0
2017-11-29,18:15:00,24.08,24.1,24.08,24.1,400,0
2017-11-29,18:20:00,24.075,24.1,23.98,23.98,2950,0
2017-11-29,18:25:00,24,24.03,24,24.03,816,0
2017-11-29,18:30:00,23.985,24.01,23.9,23.91,3600,0
2017-11-29,18:35:00,23.875,23.95,23.875,23.89,1700,0
2017-11-29,18:40:00,23.89,23.99,23.89,23.99,400,0
2017-11-29,18:45:00,24,24.11,23.96,24.1,3410,0
2017-11-29,18:50:00,24.12,24.12,24.06,24.06,300,0
2017-11-29,18:55:00,24.07,24.31,24.07,24.31,2185,0
2017-11-29,19:00:00,24.31,24.31,24.2708,24.3084,500,0
2017-11-29,19:05:00,24.2501,24.32,24.15,24.15,2178,0
2017-11-29,19:10:00,24.22,24.22,24.135,24.15,400,0
2017-11-29,19:15:00,24.14,24.17,24.125,24.17,1419,0
2017-11-29,19:20:00,24.22,24.26,24.15,24.26,1025,0
2017-11-29,19:25:00,24.225,24.23,24.225,24.23,200,0
2017-11-29,19:30:00,24.19,24.19,24.145,24.17,800,0
2017-11-29,19:35:00,24.16,24.16,24.1001,24.11,500,0
2017-11-29,19:40:00,24.11,24.11,24.1,24.11,1700,0
2017-11-29,19:45:00,24.105,24.2,24.085,24.2,1400,0
2017-11-29,19:50:00,24.16,24.24,24.16,24.24,300,0
2017-11-29,19:55:00,24.26,24.26,24.26,24.26,100,0
2017-11-29,20:00:00,24.1801,24.26,24.1801,24.22,500,0
2017-11-29,20:05:00,24.26,24.34,24.26,24.34,200,0
2017-11-29,20:10:00,24.35,24.435,24.3,24.37,2400,0
2017-11-29,20:15:00,24.34,24.41,24.34,24.41,760,0
2017-11-29,20:20:00,24.46,24.46,24.4401,24.4401,500,0
2017-11-29,20:25:00,24.52,24.59,24.4701,24.51,1333,0
2017-11-29,20:30:00,24.639,24.6399,24.43,24.49,4766,0
2017-11-29,20:40:00,24.52,24.525,24.49,24.5,800,0
2017-11-29,20:45:00,24.5,24.5,24.4101,24.4101,1104,0
2017-11-29,20:50:00,24.48,24.51,24.47,24.5,900,0
2017-11-29,20:55:00,24.53,24.53,24.52,24.52,200,0
2017-11-29,21:00:00,24.53,24.53,24.4786,24.4786,2222,0
2017-11-29,21:05:00,24.47,24.5,24.47,24.49,1979,0
2017-11-29,21:10:00,24.4801,24.52,24.48,24.5,1130,0
2017-11-29,21:15:00,24.53,24.53,24.43,24.43,2200,0
2017-11-29,21:20:00,24.425,24.45,24.42,24.4201,2815,0
2017-11-29,21:25:00,24.44,24.45,24.43,24.43,805,0
2017-11-29,21:30:00,24.43,24.43,24.37,24.38,4400,0
2017-11-29,21:35:00,24.41,24.43,24.4,24.43,400,0
2017-11-29,21:40:00,24.415,24.46,24.4,24.46,2326,0
2017-11-29,21:45:00,24.44,24.46,24.4205,24.4305,3587,0
2017-11-29,21:50:00,24.43,24.47,24.43,24.44,3358,0
2017-11-29,21:55:00,24.45,24.45,24.31,24.31,12176,0
2017-11-29,22:00:00,24.305,24.32,24.3,24.31,19778,0
2017-11-30,15:35:00,24.44,24.89,24.365,24.89,3886,0
2017-11-30,15:40:00,24.98,25.31,24.9692,25.31,7588,0
2017-11-30,15:45:00,25.25,25.3,25.015,25.015,5320,0
2017-11-30,15:50:00,25.03,25.26,24.99,25.06,3925,0
2017-11-30,15:55:00,25.015,25.24,25.015,25.1,300,0
2017-11-30,16:00:00,25.25,25.3,25.1,25.1,12475,0
2017-11-30,16:05:00,25.14,25.31,25.04,25.06,5052,0
2017-11-30,16:10:00,25.09,25.1137,25.05,25.07,1900,0
2017-11-30,16:15:00,25.18,25.23,25.06,25.0832,3950,0
2017-11-30,16:20:00,25.07,25.08,24.97,25.05,6140,0
2017-11-30,16:25:00,25.024,25.0471,24.79,24.82,3549,0
2017-11-30,16:30:00,24.83,24.87,24.82,24.87,1030,0
2017-11-30,16:35:00,24.86,24.86,24.62,24.77,3034,0
2017-11-30,16:40:00,24.75,24.88,24.75,24.88,1800,0
2017-11-30,16:45:00,24.832,25,24.832,25,1900,0
2017-11-30,16:50:00,24.94,25,24.94,25,400,0
2017-11-30,16:55:00,24.95,25.11,24.95,25.0575,1763,0
2017-11-30,17:00:00,25.13,25.18,25.05,25.12,1100,0
2017-11-30,17:05:00,25.2,25.38,25.2,25.38,8250,0
2017-11-30,17:10:00,25.41,25.505,25.32,25.5,5400,0
2017-11-30,17:15:00,25.5,25.545,25.44,25.5,6172,0
2017-11-30,17:20:00,25.5,25.5,25.43,25.43,400,0
2017-11-30,17:25:00,25.4546,25.4546,25.17,25.18,1924,0
2017-11-30,17:30:00,25.18,25.32,25.1769,25.27,2900,0
2017-11-30,17:35:00,24.9008,25.07,24.82,24.82,1400,0
2017-11-30,17:40:00,25,25,24.91,24.97,1800,0
2017-11-30,17:45:00,24.95,24.98,24.925,24.9308,800,0
2017-11-30,17:50:00,24.93,24.98,24.92,24.98,1270,0
2017-11-30,17:55:00,24.925,24.925,24.66,24.8,3633,0
2017-11-30,18:00:00,24.77,24.87,24.745,24.87,1000,0
2017-11-30,18:05:00,24.85,24.85,24.79,24.8,1100,0
2017-11-30,18:10:00,24.86,24.97,24.7947,24.7947,1902,0
2017-11-30,18:15:00,24.78,24.85,24.78,24.84,450,0
2017-11-30,18:20:00,24.95,24.95,24.6728,24.6728,1757,0
2017-11-30,18:30:00,24.68,24.725,24.62,24.62,1200,0
2017-11-30,18:35:00,24.63,24.825,24.63,24.72,2900,0
2017-11-30,18:40:00,24.72,24.72,24.56,24.56,1000,0
2017-11-30,18:50:00,24.67,24.68,24.6,24.66,3600,0
2017-11-30,18:55:00,24.69,24.73,24.62,24.62,700,0
2017-11-30,19:00:00,24.645,24.74,24.62,24.7,1200,0
2017-11-30,19:05:00,24.66,24.7,24.6,24.63,1210,0
2017-11-30,19:10:00,24.71,24.71,24.57,24.65,1714,0
2017-11-30,19:15:00,24.56,24.69,24.56,24.69,1296,0
2017-11-30,19:25:00,24.68,24.81,24.67,24.81,300,0
2017-11-30,19:30:00,24.72,24.74,24.7,24.71,700,0
2017-11-30,19:35:00,24.75,24.84,24.715,24.76,1100,0
2017-11-30,19:40:00,24.68,24.76,24.66,24.76,900,0
2017-11-30,19:45:00,24.69,24.74,24.68,24.74,1000,0
2017-11-30,19:50:00,24.8,24.92,24.8,24.92,410,0
2017-11-30,19:55:00,24.84,24.91,24.74,24.74,2200,0
2017-11-30,20:00:00,24.87,24.88,24.807,24.807,350,0
2017-11-30,20:05:00,24.87,24.88,24.87,24.87,300,0
2017-11-30,20:10:00,25.02,25.02,24.97,24.97,420,0
2017-11-30,20:15:00,24.98,25.02,24.94,25.02,900,0
2017-11-30,20:20:00,25.05,25.13,24.96,24.96,1800,0
2017-11-30,20:25:00,25,25,24.97,25,1100,0
2017-11-30,20:30:00,25.08,25.18,25.08,25.18,2240,0
2017-11-30,20:35:00,25.21,25.22,25.18,25.22,700,0
2017-11-30,20:40:00,25.19,25.19,25.09,25.1,1100,0
2017-11-30,20:45:00,25.121,25.121,25.121,25.121,130,0
2017-11-30,20:50:00,25.13,25.17,25.12,25.17,2084,0
2017-11-30,20:55:00,25.2599,25.2599,25.17,25.245,400,0
2017-11-30,21:00:00,25.19,25.19,25.11,25.15,1300,0
2017-11-30,21:05:00,25.2,25.25,25.16,25.2175,1400,0
2017-11-30,21:10:00,25.28,25.35,25.22,25.24,2600,0
2017-11-30,21:15:00,25.2016,25.37,25.2016,25.37,2100,0
2017-11-30,21:20:00,25.4,25.4471,25.36,25.38,4297,0
2017-11-30,21:25:00,25.48,25.48,25.405,25.48,2124,0
2017-11-30,21:30:00,25.47,25.56,25.47,25.48,7278,0
2017-11-30,21:35:00,25.41,25.42,25.33,25.335,2122,0
2017-11-30,21:40:00,25.35,25.47,25.35,25.47,4039,0
2017-11-30,21:45:00,25.48,25.54,25.45,25.48,4300,0
2017-11-30,21:50:00,25.46,25.49,25.37,25.41,5748,0
2017-11-30,21:55:00,25.48,25.48,25.33,25.47,7154,0
2017-11-30,22:00:00,25.47,25.47,25.33,25.34,191244,0
2017-12-01,15:35:00,25.89,26.84,25.89,26.84,6915,0
2017-12-01,15:40:00,26.66,27.44,26.2088,27,6930,0
2017-12-01,15:45:00,27.45,27.46,26.4037,26.92,3836,0
2017-12-01,15:50:00,26.875,26.99,26.64,26.99,2489,0
2017-12-01,15:55:00,27.1288,27.25,27.05,27.15,5363,0
2017-12-01,16:00:00,27.19,27.19,27.095,27.095,3219,0
2017-12-01,16:05:00,27.18,27.18,27,27.04,820,0
2017-12-01,16:10:00,27,27.05,27,27.04,1200,0
2017-12-01,16:15:00,27.09,27.13,27.02,27.02,1580,0
2017-12-01,16:20:00,27.13,27.13,27.015,27.03,400,0
2017-12-01,16:25:00,27.2,27.36,27.2,27.29,3351,0
2017-12-01,16:30:00,27.3046,27.3046,27.3046,27.3046,330,0
2017-12-01,16:35:00,27.19,27.19,26.9801,27.0542,1300,0
2017-12-01,16:40:00,27.3108,27.4991,27.3,27.43,6080,0
2017-12-01,16:45:00,27.41,27.41,27.342,27.342,600,0
2017-12-01,16:50:00,27.4999,27.5837,27.4999,27.5837,4200,0
2017-12-01,16:55:00,27.6,27.6937,27.6,27.64,6248,0
2017-12-01,17:00:00,27.64,27.64,27.64,27.64,100,0
2017-12-01,17:05:00,27.61,27.8,27.59,27.7,6897,0
2017-12-01,17:10:00,27.775,27.795,27.72,27.72,500,0
2017-12-01,17:15:00,27.61,27.66,27.5,27.66,2127,0
2017-12-01,17:20:00,27.67,27.725,27.55,27.55,3960,0
2017-12-01,17:25:00,27.5608,27.5608,27.34,27.37,4550,0
2017-12-01,17:30:00,27.29,27.42,27.07,27.07,3659,0
2017-12-01,17:35:00,26.76,26.89,26.65,26.805,1000,0
2017-12-01,17:40:00,26.82,26.97,26.72,26.97,1448,0
2017-12-01,17:45:00,26.97,26.97,26.69,26.75,1600,0
2017-12-01,17:50:00,26.6301,26.725,26.6301,26.67,802,0
2017-12-01,17:55:00,26.63,26.63,26.41,26.53,3529,0
2017-12-01,18:00:00,26.6,26.82,26.58,26.82,3200,0
2017-12-01,18:05:00,26.65,27.0039,26.65,27.0039,3901,0
2017-12-01,18:10:00,26.98,27.02,26.9,26.98,804,0
2017-12-01,18:15:00,26.93,26.93,26.93,26.93,200,0
2017-12-01,18:20:00,26.9,26.96,26.75,26.75,1510,0
2017-12-01,18:25:00,26.8,26.97,26.69,26.88,3627,0
2017-12-01,18:30:00,26.65,26.7,26.36,26.36,2413,0
2017-12-01,18:35:00,26.54,26.7,26.53,26.56,1102,0
2017-12-01,18:40:00,26.63,26.63,26.33,26.54,2900,0
2017-12-01,18:45:00,26.5,26.5,26.45,26.45,300,0
2017-12-01,18:50:00,26.49,26.51,26.48,26.5,700,0
2017-12-01,18:55:00,26.58,26.7,26.55,26.6,1321,0
2017-12-01,19:00:00,26.495,26.58,26.495,26.54,1000,0
2017-12-01,19:05:00,26.53,26.585,26.52,26.52,1957,0
2017-12-01,19:10:00,26.5,26.5,26.36,26.5,2000,0
2017-12-01,19:15:00,26.48,26.52,26.3901,26.47,1400,0
2017-12-01,19:20:00,26.61,26.61,26.5,26.5,1500,0
2017-12-01,19:25:00,26.52,26.52,26.37,26.4,1300,0
2017-12-01,19:30:00,26.33,26.4,26.33,26.4,200,0
2017-12-01,19:35:00,26.47,26.47,26.41,26.41,200,0
2017-12-01,19:40:00,26.46,26.46,26.42,26.43,900,0
2017-12-01,19:45:00,26.52,26.56,26.505,26.505,300,0
2017-12-01,19:50:00,26.48,26.57,26.43,26.57,2000,0
2017-12-01,19:55:00,26.46,26.47,26.43,26.43,826,0
2017-12-01,20:00:00,26.51,26.51,26.51,26.51,100,0
2017-12-01,20:05:00,26.52,26.57,26.52,26.54,1400,0
2017-12-01,20:10:00,26.64,26.65,26.55,26.55,1600,0
2017-12-01,20:15:00,26.57,26.57,26.5,26.5,400,0
2017-12-01,20:20:00,26.49,26.5,26.45,26.5,809,0
2017-12-01,20:25:00,26.45,26.45,26.45,26.45,100,0
2017-12-01,20:30:00,26.53,26.54,26.47,26.52,800,0
2017-12-01,20:35:00,26.52,26.52,26.52,26.52,100,0
2017-12-01,20:40:00,26.51,26.51,26.38,26.38,1040,0
2017-12-01,20:45:00,26.4,26.48,26.4,26.47,700,0
2017-12-01,20:50:00,26.47,26.53,26.42,26.42,2600,0
2017-12-01,20:55:00,26.37,26.55,26.37,26.55,909,0
2017-12-01,21:00:00,26.55,26.63,26.4301,26.55,1837,0
2017-12-01,21:05:00,26.57,26.64,26.46,26.64,1015,0
2017-12-01,21:10:00,26.6,26.6,26.48,26.48,1767,0
2017-12-01,21:15:00,26.5,26.55,26.48,26.5,1988,0
2017-12-01,21:20:00,26.49,26.65,26.49,26.57,1697,0
2017-12-01,21:25:00,26.6,26.62,26.53,26.53,1236,0
2017-12-01,21:30:00,26.51,26.51,26.45,26.5,1817,0
2017-12-01,21:35:00,26.5,26.51,26.46,26.48,1480,0
2017-12-01,21:40:00,26.52,26.6,26.47,26.6,1966,0
2017-12-01,21:45:00,26.57,26.6,26.4301,26.51,3131,0
2017-12-01,21:50:00,26.58,26.58,26.47,26.52,3172,0
2017-12-01,21:55:00,26.51,26.55,26.46,26.55,3708,0
2017-12-01,22:00:00,26.54,26.545,26.4301,26.54,20230,0
2017-12-04,15:35:00,26.46,26.56,26.38,26.4709,3368,0
2017-12-04,15:40:00,26.45,26.62,26.45,26.62,350,0
2017-12-04,15:45:00,26.75,26.75,26.45,26.45,4574,0
2017-12-04,15:50:00,26.5,26.63,26.5,26.63,4526,0
2017-12-04,15:55:00,26.51,26.68,26.39,26.45,4403,0
2017-12-04,16:00:00,26.45,26.48,26.45,26.48,1900,0
2017-12-04,16:05:00,26.52,26.5299,26.28,26.28,2900,0
2017-12-04,16:10:00,26.27,26.27,26.07,26.07,800,0
2017-12-04,16:15:00,25.98,26.04,25.95,25.99,1280,0
2017-12-04,16:20:00,25.7766,25.9673,25.7766,25.9673,900,0
2017-12-04,16:25:00,25.85,25.94,25.81,25.89,2496,0
2017-12-04,16:30:00,25.89,25.89,25.85,25.87,500,0
2017-12-04,16:35:00,25.9,25.9,25.8,25.82,700,0
2017-12-04,16:40:00,25.83,25.88,25.83,25.88,300,0
2017-12-04,16:45:00,25.8853,26.07,25.8853,26.01,2048,0
2017-12-04,16:50:00,25.95,26.21,25.95,26.16,1420,0
2017-12-04,16:55:00,26.14,26.2,26,26.08,4294,0
2017-12-04,17:00:00,26.08,26.3,26.08,26.26,1700,0
2017-12-04,17:05:00,26.26,26.265,26.21,26.25,400,0
2017-12-04,17:10:00,26.37,26.46,26.37,26.46,300,0
2017-12-04,17:15:00,26.5,26.51,26.49,26.49,300,0
2017-12-04,17:20:00,26.55,26.7,26.48,26.5,2100,0
2017-12-04,17:25:00,26.6,26.75,26.59,26.72,1750,0
2017-12-04,17:30:00,26.79,26.79,26.52,26.65,2000,0
2017-12-04,17:35:00,26.62,26.75,26.62,26.72,800,0
2017-12-04,17:40:00,26.7,26.86,26.68,26.86,1010,0
2017-12-04,17:45:00,26.82,26.875,26.73,26.84,3879,0
2017-12-04,17:50:00,26.86,26.86,26.73,26.75,1940,0
2017-12-04,17:55:00,26.75,26.8002,26.62,26.62,2100,0
2017-12-04,18:00:00,26.62,26.77,26.62,26.75,1482,0
2017-12-04,18:05:00,26.75,26.75,26.73,26.75,700,0
2017-12-04,18:10:00,26.87,26.87,26.82,26.82,400,0
2017-12-04,18:15:00,26.88,26.91,26.64,26.64,2700,0
2017-12-04,18:20:00,26.67,26.7094,26.67,26.7,1200,0
2017-12-04,18:25:00,26.59,26.59,26.54,26.54,417,0
2017-12-04,18:30:00,26.45,26.48,26.42,26.48,500,0
2017-12-04,18:35:00,26.38,26.4,26.35,26.35,880,0
2017-12-04,18:40:00,26.37,26.37,26.32,26.32,300,0
2017-12-04,18:45:00,26.4,26.45,26.4,26.45,412,0
2017-12-04,18:50:00,26.45,26.48,26.39,26.39,600,0
2017-12-04,18:55:00,26.35,26.35,26.35,26.35,300,0
2017-12-04,19:00:00,26.25,26.31,26.175,26.175,700,0
2017-12-04,19:05:00,26.24,26.3,26.21,26.3,600,0
2017-12-04,19:10:00,26.29,26.29,26.27,26.27,400,0
2017-12-04,19:15:00,26.31,26.31,26.31,26.31,100,0
2017-12-04,19:20:00,26.45,26.45,26.29,26.29,1200,0
2017-12-04,19:25:00,26.29,26.37,26.29,26.37,600,0
2017-12-04,19:30:00,26.28,26.33,26.28,26.33,300,0
2017-12-04,19:35:00,26.32,26.34,26.305,26.34,1874,0
2017-12-04,19:45:00,26.38,26.38,26.38,26.38,100,0
2017-12-04,19:50:00,26.37,26.37,26.27,26.27,700,0
2017-12-04,19:55:00,26.22,26.22,26.06,26.06,1100,0
2017-12-04,20:00:00,26.11,26.11,26.09,26.09,600,0
2017-12-04,20:05:00,26.1,26.185,26.0725,26.185,960,0
2017-12-04,20:10:00,26.11,26.14,26.04,26.1,2739,0
2017-12-04,20:15:00,26.08,26.115,26,26,700,0
2017-12-04,20:20:00,25.98,26.07,25.98,26.07,1000,0
2017-12-04,20:25:00,26.04,26.04,26,26,500,0
2017-12-04,20:30:00,25.94,25.96,25.94,25.96,200,0
2017-12-04,20:35:00,25.83,25.93,25.83,25.87,1300,0
2017-12-04,20:40:00,25.9,26.02,25.9,25.9,1000,0
2017-12-04,20:45:00,25.8151,25.82,25.8,25.82,1100,0
2017-12-04,20:50:00,25.69,25.71,25.66,25.66,800,0
2017-12-04,20:55:00,25.5101,25.77,25.5101,25.77,1568,0
2017-12-04,21:00:00,25.72,25.73,25.64,25.71,1950,0
2017-12-04,21:05:00,25.62,25.62,25.6,25.6,300,0
2017-12-04,21:10:00,25.63,25.74,25.63,25.69,1000,0
2017-12-04,21:15:00,25.7,25.71,25.65,25.65,1200,0
2017-12-04,21:20:00,25.65,25.69,25.6,25.6,2525,0
2017-12-04,21:25:00,25.55,25.55,25.508,25.508,400,0
2017-12-04,21:30:00,25.54,25.58,25.46,25.48,2866,0
2017-12-04,21:35:00,25.47,25.56,25.46,25.56,1300,0
2017-12-04,21:40:00,25.54,25.66,25.53,25.66,2500,0
2017-12-04,21:45:00,25.59,25.615,25.57,25.59,3168,0
2017-12-04,21:50:00,25.59,25.63,25.55,25.58,5919,0
2017-12-04,21:55:00,25.62,25.65,25.6,25.64,1396,0
2017-12-04,22:00:00,25.64,25.67,25.62,25.62,14417,0
2017-12-05,15:35:00,25.62,25.62,25.29,25.55,2436,0
2017-12-05,15:40:00,25.57,25.81,25.57,25.81,300,0
2017-12-05,15:45:00,25.82,25.8852,25.5,25.8852,4480,0
2017-12-05,15:50:00,25.69,26.25,25.69,26.25,831,0
2017-12-05,15:55:00,26.07,26.22,26.06,26.22,500,0
2017-12-05,16:00:00,26.02,26.13,26.02,26.13,200,0
2017-12-05,16:05:00,26.03,26.04,25.94,25.94,900,0
2017-12-05,16:10:00,25.9,26.04,25.9,26.04,200,0
2017-12-05,16:15:00,25.98,26.02,25.93,26.02,400,0
2017-12-05,16:20:00,25.65,25.65,25.63,25.64,300,0
2017-12-05,16:25:00,25.67,25.72,25.67,25.685,600,0
2017-12-05,16:30:00,25.6325,25.74,25.6325,25.74,300,0
2017-12-05,16:35:00,25.66,25.73,25.63,25.63,800,0
2017-12-05,16:40:00,25.65,25.7,25.49,25.49,1700,0
2017-12-05,16:45:00,25.3,25.37,25.3,25.37,200,0
2017-12-05,16:55:00,25.37,25.47,25.37,25.47,500,0
2017-12-05,17:00:00,25.53,25.53,25.46,25.46,200,0
2017-12-05,17:05:00,25.43,25.53,25.43,25.53,300,0
2017-12-05,17:10:00,25.57,25.57,25.515,25.515,788,0
2017-12-05,17:15:00,25.41,25.46,25.23,25.39,3900,0
2017-12-05,17:20:00,25.24,25.42,25.24,25.42,600,0
2017-12-05,17:25:00,25.42,25.46,25.42,25.45,400,0
2017-12-05,17:30:00,25.48,25.49,25.48,25.49,200,0
2017-12-05,17:35:00,25.54,25.575,25.54,25.54,1004,0
2017-12-05,17:40:00,25.49,25.505,25.44,25.44,300,0
2017-12-05,17:45:00,25.33,25.33,25.23,25.27,500,0
2017-12-05,17:50:00,25.23,25.41,25.23,25.41,690,0
2017-12-05,17:55:00,25.45,25.49,25.36,25.49,400,0
2017-12-05,18:00:00,25.49,25.515,25.44,25.47,1500,0
2017-12-05,18:05:00,25.46,25.46,25.38,25.39,400,0
2017-12-05,18:15:00,25.32,25.32,25.32,25.32,200,0
2017-12-05,18:20:00,25.4188,25.45,25.4188,25.45,1200,0
2017-12-05,18:25:00,25.42,25.59,25.42,25.59,400,0
2017-12-05,18:30:00,25.63,25.65,25.63,25.65,300,0
2017-12-05,18:35:00,25.61,25.68,25.61,25.68,400,0
2017-12-05,18:40:00,25.675,25.675,25.59,25.6,3916,0
2017-12-05,18:45:00,25.61,25.68,25.6,25.68,1200,0
2017-12-05,18:50:00,25.6,25.6075,25.6,25.6075,500,0
2017-12-05,18:55:00,25.58,25.675,25.58,25.645,1606,0
2017-12-05,19:00:00,25.64,25.6475,25.64,25.64,600,0
2017-12-05,19:05:00,25.6475,25.85,25.6475,25.85,1448,0
2017-12-05,19:10:00,25.84,25.88,25.79,25.815,2103,0
2017-12-05,19:15:00,25.815,25.8175,25.805,25.8175,300,0
2017-12-05,19:20:00,25.82,25.82,25.82,25.82,100,0
2017-12-05,19:25:00,25.8,25.84,25.8,25.84,417,0
2017-12-05,19:35:00,25.79,25.795,25.77,25.795,600,0
2017-12-05,19:40:00,25.8,25.81,25.79,25.79,300,0
2017-12-05,19:50:00,25.75,25.75,25.7,25.7,500,0
2017-12-05,19:55:00,25.71,25.75,25.67,25.67,900,0
2017-12-05,20:00:00,25.65,25.67,25.63,25.63,700,0
2017-12-05,20:05:00,25.65,25.71,25.65,25.68,600,0
2017-12-05,20:15:00,25.65,25.75,25.65,25.75,500,0
2017-12-05,20:20:00,25.66,25.66,25.66,25.66,100,0
2017-12-05,20:25:00,25.66,25.7,25.65,25.66,700,0
2017-12-05,20:35:00,25.74,25.74,25.71,25.71,200,0
2017-12-05,20:40:00,25.73,25.73,25.63,25.6395,900,0
2017-12-05,20:45:00,25.59,25.59,25.54,25.54,400,0
2017-12-05,20:50:00,25.49,25.49,25.46,25.46,300,0
2017-12-05,20:55:00,25.46,25.475,25.42,25.42,500,0
2017-12-05,21:00:00,25.4375,25.4375,25.42,25.42,200,0
2017-12-05,21:05:00,25.43,25.43,25.43,25.43,400,0
2017-12-05,21:10:00,25.47,25.47,25.47,25.47,100,0
2017-12-05,21:15:00,25.485,25.52,25.44,25.49,700,0
2017-12-05,21:20:00,25.48,25.48,25.45,25.48,500,0
2017-12-05,21:25:00,25.42,25.53,25.42,25.53,800,0
2017-12-05,21:30:00,25.62,25.62,25.62,25.62,100,0
2017-12-05,21:35:00,25.62,25.63,25.49,25.49,1200,0
2017-12-05,21:40:00,25.48,25.48,25.45,25.47,2117,0
2017-12-05,21:45:00,25.47,25.49,25.45,25.47,1400,0
2017-12-05,21:50:00,25.43,25.465,25.26,25.31,2751,0
2017-12-05,21:55:00,25.31,25.33,25.22,25.245,2965,0
2017-12-05,22:00:00,25.24,25.31,25.24,25.25,18460,0
2017-12-06,15:35:00,25.02,25.02,24.68,24.68,3328,0
2017-12-06,15:40:00,24.845,24.845,24.56,24.56,1200,0
2017-12-06,15:45:00,24.6,24.85,24.45,24.45,1800,0
2017-12-06,15:50:00,24.36,24.39,24.22,24.22,4256,0
2017-12-06,15:55:00,24.12,24.12,23.94,23.94,800,0
2017-12-06,16:00:00,23.9,23.9756,23.9,23.9756,550,0
2017-12-06,16:05:00,24.01,24.56,24.01,24.54,9348,0
2017-12-06,16:10:00,24.2595,24.2595,24.2595,24.2595,100,0
2017-12-06,16:15:00,24.48,24.5,24.48,24.5,200,0
2017-12-06,16:20:00,24.47,24.62,24.47,24.54,1070,0
2017-12-06,16:25:00,24.26,24.26,24.26,24.26,200,0
2017-12-06,16:30:00,24.25,24.25,24.24,24.24,200,0
2017-12-06,16:35:00,24.26,24.43,24.26,24.43,800,0
2017-12-06,16:40:00,24.41,24.42,24.38,24.38,1300,0
2017-12-06,16:45:00,24.44,24.45,24.44,24.45,400,0
2017-12-06,16:50:00,24.55,24.7,24.55,24.7,300,0
2017-12-06,16:55:00,24.57,24.57,24.57,24.57,200,0
2017-12-06,17:00:00,24.56,24.56,24.55,24.55,200,0
2017-12-06,17:05:00,24.58,24.58,24.58,24.58,100,0
2017-12-06,17:10:00,24.43,24.58,24.43,24.51,1377,0
2017-12-06,17:15:00,24.415,24.57,24.41,24.57,800,0
2017-12-06,17:20:00,24.46,24.46,24.33,24.33,700,0
2017-12-06,17:25:00,24.275,24.275,24.23,24.245,400,0
2017-12-06,17:30:00,24.27,24.285,24.265,24.285,400,0
2017-12-06,17:35:00,24.29,24.39,24.2,24.33,2833,0
2017-12-06,17:45:00,24.23,24.23,24.1,24.1,1600,0
2017-12-06,17:50:00,23.95,23.97,23.95,23.97,500,0
2017-12-06,17:55:00,23.96,23.96,23.82,23.87,600,0
2017-12-06,18:00:00,23.9314,23.9435,23.9,23.91,1700,0
2017-12-06,18:05:00,23.98,23.98,23.8868,23.92,2420,0
2017-12-06,18:15:00,23.91,23.99,23.89,23.99,1695,0
2017-12-06,18:20:00,23.96,23.98,23.93,23.98,600,0
2017-12-06,18:25:00,23.94,23.94,23.94,23.94,100,0
2017-12-06,18:30:00,23.91,23.98,23.91,23.98,3529,0
2017-12-06,18:35:00,24.02,24.1,24.01,24.1,577,0
2017-12-06,18:40:00,24.0881,24.0881,24.01,24.055,1700,0
2017-12-06,18:45:00,24,24.03,24,24.03,700,0
2017-12-06,18:55:00,24.06,24.06,24.05,24.05,200,0
2017-12-06,19:00:00,24.05,24.27,24.05,24.09,3347,0
2017-12-06,19:15:00,24.04,24.04,24.04,24.04,100,0
2017-12-06,19:20:00,24.09,24.16,24.09,24.16,1000,0
2017-12-06,19:25:00,24.12,24.12,24.1,24.11,1280,0
2017-12-06,19:30:00,24.18,24.18,24.18,24.18,200,0
2017-12-06,19:40:00,24.18,24.18,24.18,24.18,100,0
2017-12-06,19:45:00,24.21,24.21,24.11,24.11,800,0
2017-12-06,19:50:00,24.18,24.23,24.18,24.23,400,0
2017-12-06,19:55:00,24.26,24.29,24.26,24.29,300,0
2017-12-06,20:00:00,24.26,24.26,24.13,24.13,1672,0
2017-12-06,20:05:00,24.17,24.21,24.15,24.15,702,0
2017-12-06,20:10:00,24.19,24.23,24.19,24.23,300,0
2017-12-06,20:15:00,24.24,24.24,24.18,24.18,200,0
2017-12-06,20:20:00,24.18,24.19,24.18,24.19,300,0
2017-12-06,20:25:00,24.15,24.16,24.07,24.1,1255,0
2017-12-06,20:30:00,24.11,24.15,24.04,24.04,1300,0
2017-12-06,20:35:00,24.01,24.02,24.01,24.02,300,0
2017-12-06,20:40:00,24.02,24.05,23.9896,23.9896,2927,0
2017-12-06,20:45:00,23.98,24.02,23.98,24,900,0
2017-12-06,20:50:00,24.02,24.02,24.02,24.02,425,0
2017-12-06,20:55:00,24.02,24.02,23.98,23.98,800,0
2017-12-06,21:00:00,24.02,24.03,24.02,24.03,200,0
2017-12-06,21:05:00,24.01,24.01,23.95,24,5404,0
2017-12-06,21:10:00,24.02,24.03,24.02,24.03,200,0
2017-12-06,21:15:00,24.02,24.04,24.02,24.04,200,0
2017-12-06,21:20:00,24.02,24.02,24.02,24.02,400,0
2017-12-06,21:25:00,24.04,24.04,23.91,23.91,3000,0
2017-12-06,21:30:00,23.91,23.91,23.79,23.79,5400,0
2017-12-06,21:35:00,23.79,23.85,23.7201,23.85,2906,0
2017-12-06,21:40:00,23.88,23.95,23.85,23.85,3399,0
2017-12-06,21:45:00,23.86,23.97,23.86,23.97,800,0
2017-12-06,21:50:00,23.95,23.97,23.85,23.95,6247,0
2017-12-06,21:55:00,23.9,23.99,23.89,23.98,8888,0
2017-12-06,22:00:00,23.97,24.16,23.97,24.05,30767,0
