Date,Time,Open,High,Low,Close,Volume,OpenInt
2017-10-20,15:35:00,62.0447,62.0447,62.0447,62.0447,144,0
2017-10-20,15:45:00,62.021,62.021,62.021,62.021,250,0
2017-10-20,16:40:00,62.41,62.41,62.41,62.41,100,0
2017-10-20,16:50:00,62.57,62.57,62.57,62.57,100,0
2017-10-20,17:05:00,62.59,62.59,62.59,62.59,100,0
2017-10-20,17:10:00,62.55,62.55,62.55,62.55,200,0
2017-10-20,17:15:00,62.56,62.56,62.52,62.52,700,0
2017-10-20,17:20:00,62.58,62.6,62.46,62.58,1800,0
2017-10-20,17:30:00,62.51,62.51,62.51,62.51,200,0
2017-10-20,18:25:00,62.56,62.56,62.56,62.56,100,0
2017-10-20,19:10:00,62.59,62.59,62.59,62.59,100,0
2017-10-20,19:25:00,62.59,62.59,62.59,62.59,200,0
2017-10-20,19:50:00,62.58,62.58,62.58,62.58,100,0
2017-10-20,20:00:00,62.56,62.58,62.56,62.58,200,0
2017-10-20,20:50:00,62.58,62.69,62.58,62.6,800,0
2017-10-20,20:55:00,62.59,62.59,62.59,62.59,100,0
2017-10-20,21:15:00,62.561,62.561,62.561,62.561,125,0
2017-10-20,21:25:00,62.57,62.57,62.56,62.56,200,0
2017-10-20,21:35:00,62.62,62.62,62.55,62.55,500,0
2017-10-20,21:45:00,62.6,62.6,62.555,62.555,200,0
2017-10-20,21:50:00,62.59,62.59,62.59,62.59,100,0
2017-10-20,21:55:00,62.55,62.57,62.55,62.57,200,0
2017-10-20,22:00:00,62.59,62.59,62.54,62.55,1346,0
2017-10-23,15:35:00,62.08,62.08,62,62,1441,0
2017-10-23,15:40:00,62,62,61.9229,61.96,743,0
2017-10-23,15:50:00,61.92,61.92,61.92,61.92,300,0
2017-10-23,16:00:00,61.92,61.92,61.92,61.92,200,0
2017-10-23,16:05:00,61.86,61.86,61.86,61.86,100,0
2017-10-23,16:30:00,61.7,61.7,61.7,61.7,100,0
2017-10-23,17:15:00,61.7099,61.71,61.7099,61.71,356,0
2017-10-23,17:30:00,61.69,61.69,61.69,61.69,745,0
2017-10-23,17:45:00,61.6654,61.6654,61.6654,61.6654,300,0
2017-10-23,18:00:00,61.61,61.61,61.61,61.61,400,0
2017-10-23,18:30:00,61.6891,61.6891,61.6891,61.6891,200,0
2017-10-23,19:00:00,61.645,61.645,61.645,61.645,100,0
2017-10-23,19:45:00,61.65,61.65,61.65,61.65,100,0
2017-10-23,20:10:00,61.6315,61.6315,61.6315,61.6315,124,0
2017-10-23,20:30:00,61.6187,61.6187,61.6187,61.6187,101,0
2017-10-23,20:35:00,61.65,61.65,61.58,61.64,400,0
2017-10-23,21:05:00,61.64,61.64,61.64,61.64,100,0
2017-10-23,21:35:00,61.585,61.585,61.585,61.585,200,0
2017-10-23,21:50:00,61.5991,61.5991,61.5991,61.5991,150,0
2017-10-23,22:00:00,61.64,61.64,61.54,61.54,1102,0
2017-10-24,15:35:00,61.88,61.88,61.88,61.88,505,0
2017-10-24,16:10:00,61.27,61.58,61.27,61.58,200,0
2017-10-24,16:15:00,61.58,61.58,61.58,61.58,100,0
2017-10-24,16:20:00,61.55,61.6,61.55,61.6,200,0
2017-10-24,16:30:00,61.61,61.61,61.6,61.6,200,0
2017-10-24,16:40:00,61.61,61.61,61.55,61.55,200,0
2017-10-24,16:45:00,61.63,61.64,61.61,61.64,600,0
2017-10-24,16:50:00,61.66,61.66,61.66,61.66,100,0
2017-10-24,16:55:00,61.65,61.65,61.65,61.65,200,0
2017-10-24,17:00:00,61.65,61.65,61.65,61.65,100,0
2017-10-24,17:20:00,61.63,61.63,61.63,61.63,100,0
2017-10-24,17:55:00,61.75,61.75,61.75,61.75,100,0
2017-10-24,18:00:00,61.75,61.75,61.75,61.75,100,0
2017-10-24,18:05:00,61.75,61.75,61.75,61.75,100,0
2017-10-24,18:10:00,61.75,61.75,61.75,61.75,100,0
2017-10-24,18:15:00,61.75,61.75,61.75,61.75,100,0
2017-10-24,18:20:00,61.75,61.75,61.75,61.75,100,0
2017-10-24,18:30:00,61.76,61.76,61.76,61.76,100,0
2017-10-24,19:20:00,61.72,61.72,61.68,61.68,796,0
2017-10-24,19:25:00,61.73,61.73,61.73,61.73,200,0
2017-10-24,19:30:00,61.73,61.73,61.73,61.73,100,0
2017-10-24,19:35:00,61.73,61.73,61.73,61.73,200,0
2017-10-24,19:40:00,61.68,61.68,61.68,61.68,100,0
2017-10-24,19:50:00,61.76,61.76,61.76,61.76,100,0
2017-10-24,20:55:00,61.75,61.75,61.75,61.75,100,0
2017-10-24,21:00:00,61.75,61.75,61.75,61.75,200,0
2017-10-24,21:05:00,61.75,61.75,61.75,61.75,100,0
2017-10-24,21:15:00,61.76,61.76,61.76,61.76,100,0
2017-10-24,21:25:00,61.692,61.692,61.692,61.692,115,0
2017-10-24,21:35:00,61.74,61.74,61.74,61.74,200,0
2017-10-24,21:50:00,61.74,61.75,61.74,61.74,300,0
2017-10-24,21:55:00,61.75,61.75,61.69,61.69,200,0
2017-10-24,22:00:00,61.72,61.73,61.57,61.57,1074,0
2017-10-25,15:35:00,61.53,61.53,61.49,61.49,691,0
2017-10-25,15:40:00,61.43,61.43,61.43,61.43,100,0
2017-10-25,15:45:00,61.43,61.45,61.4,61.45,400,0
2017-10-25,16:00:00,61.4745,61.4745,61.4745,61.4745,173,0
2017-10-25,16:05:00,61.44,61.44,61.4,61.4,800,0
2017-10-25,16:10:00,61.4,61.4,61.4,61.4,200,0
2017-10-25,16:15:00,61.46,61.46,61.4,61.4,200,0
2017-10-25,16:30:00,61.38,61.45,61.38,61.45,200,0
2017-10-25,16:35:00,61.35,61.35,61.35,61.35,100,0
2017-10-25,17:00:00,61.3,61.3,61.3,61.3,100,0
2017-10-25,17:05:00,61.23,61.23,61.18,61.18,200,0
2017-10-25,17:25:00,60.98,60.98,60.98,60.98,100,0
2017-10-25,18:15:00,60.97,61,60.97,61,380,0
2017-10-25,18:20:00,60.9,60.9,60.9,60.9,200,0
2017-10-25,18:30:00,60.9126,60.9126,60.9126,60.9126,100,0
2017-10-25,18:45:00,60.985,60.985,60.985,60.985,100,0
2017-10-25,19:20:00,61.06,61.06,61.06,61.06,100,0
2017-10-25,19:55:00,61,61,61,61,100,0
2017-10-25,20:30:00,61.0692,61.13,61.0692,61.13,223,0
2017-10-25,21:20:00,60.88,61.025,60.88,61.025,200,0
2017-10-25,21:30:00,61.05,61.05,61.05,61.05,100,0
2017-10-25,21:35:00,61.05,61.05,61.05,61.05,900,0
2017-10-25,21:40:00,61.21,61.21,61.21,61.21,100,0
2017-10-25,21:45:00,61.24,61.24,61.24,61.24,100,0
2017-10-25,21:50:00,61.225,61.23,61.21,61.21,300,0
2017-10-25,21:55:00,61.19,61.19,61.19,61.19,100,0
2017-10-25,22:00:00,61.26,61.42,60.88,61.42,3198,0
2017-10-26,15:35:00,61.41,61.41,59.925,59.925,1441,0
2017-10-26,15:55:00,59.93,59.95,59.93,59.95,200,0
2017-10-26,16:00:00,60.119,60.16,60.119,60.13,600,0
2017-10-26,16:30:00,60.09,60.11,60.0566,60.11,700,0
2017-10-26,16:35:00,60.094,60.094,60.094,60.094,132,0
2017-10-26,16:40:00,60.1,60.1,60.1,60.1,200,0
2017-10-26,16:45:00,60.14,60.14,60.13,60.13,200,0
2017-10-26,17:00:00,60.22,60.22,60.22,60.22,100,0
2017-10-26,17:05:00,60.2,60.2,60.2,60.2,100,0
2017-10-26,17:15:00,60.1002,60.22,60.1002,60.22,500,0
2017-10-26,17:30:00,60.14,60.14,60.14,60.14,100,0
2017-10-26,17:40:00,60.1899,60.1899,60.18,60.18,275,0
2017-10-26,17:45:00,60.16,60.16,60.16,60.16,100,0
2017-10-26,18:30:00,60.0617,60.17,60.0003,60.0003,524,0
2017-10-26,18:45:00,60.054,60.054,60.054,60.054,197,0
2017-10-26,19:25:00,60.1,60.19,60.03,60.03,900,0
2017-10-26,20:00:00,60.12,60.12,60.12,60.12,174,0
2017-10-26,20:30:00,60.095,60.095,60.095,60.095,129,0
2017-10-26,21:15:00,60.066,60.066,60.066,60.066,567,0
2017-10-26,21:20:00,60.09,60.09,60.09,60.09,100,0
2017-10-26,21:25:00,60.09,60.09,60.09,60.09,100,0
2017-10-26,21:50:00,60.09,60.09,60.0771,60.0771,302,0
2017-10-26,21:55:00,60.12,60.12,60.065,60.095,740,0
2017-10-26,22:00:00,60.12,60.21,60.08,60.08,900,0
2017-10-27,15:50:00,61.12,61.12,61.12,61.12,200,0
2017-10-27,15:55:00,61.13,61.21,61.13,61.21,600,0
2017-10-27,16:10:00,61.175,61.175,61.175,61.175,100,0
2017-10-27,16:15:00,61.141,61.141,61.141,61.141,175,0
2017-10-27,16:35:00,61.31,61.31,61.19,61.2,451,0
2017-10-27,16:40:00,61.26,61.32,61.26,61.32,200,0
2017-10-27,16:50:00,61.345,61.4,61.345,61.4,200,0
2017-10-27,16:55:00,61.39,61.39,61.335,61.335,200,0
2017-10-27,17:00:00,61.34,61.34,61.34,61.34,100,0
2017-10-27,17:05:00,61.37,61.38,61.37,61.38,200,0
2017-10-27,17:10:00,61.33,61.33,61.32,61.32,400,0
2017-10-27,17:30:00,61.211,61.24,61.211,61.24,450,0
2017-10-27,17:50:00,61.2772,61.2772,61.2772,61.2772,161,0
2017-10-27,17:55:00,61.31,61.39,61.31,61.39,200,0
2017-10-27,18:00:00,61.42,61.42,61.42,61.42,100,0
2017-10-27,18:05:00,61.44,61.44,61.3618,61.3618,200,0
2017-10-27,18:10:00,61.38,61.38,61.38,61.38,100,0
2017-10-27,18:20:00,61.46,61.46,61.36,61.395,300,0
2017-10-27,18:25:00,61.35,61.35,61.35,61.35,100,0
2017-10-27,18:35:00,61.35,61.35,61.35,61.35,150,0
2017-10-27,18:40:00,61.46,61.46,61.41,61.41,200,0
2017-10-27,18:45:00,61.36,61.45,61.36,61.41,500,0
2017-10-27,19:05:00,61.3746,61.44,61.3746,61.405,426,0
2017-10-27,19:15:00,61.44,61.44,61.44,61.44,300,0
2017-10-27,19:20:00,61.37,61.37,61.37,61.37,100,0
2017-10-27,19:50:00,61.44,61.44,61.36,61.38,929,0
2017-10-27,19:55:00,61.375,61.41,61.34,61.34,300,0
2017-10-27,20:00:00,61.34,61.34,61.34,61.34,100,0
2017-10-27,20:10:00,61.42,61.49,61.33,61.33,464,0
2017-10-27,20:20:00,61.37,61.37,61.37,61.37,100,0
2017-10-27,20:40:00,61.4032,61.4032,61.4032,61.4032,120,0
2017-10-27,21:10:00,61.46,61.46,61.42,61.42,200,0
2017-10-27,21:15:00,61.45,61.45,61.45,61.45,100,0
2017-10-27,21:30:00,61.51,61.51,61.51,61.51,100,0
2017-10-27,21:35:00,61.49,61.49,61.49,61.49,100,0
2017-10-27,21:40:00,61.51,61.51,61.51,61.51,124,0
2017-10-27,21:45:00,61.47,61.47,61.47,61.47,100,0
2017-10-27,21:50:00,61.43,61.43,61.43,61.43,100,0
2017-10-27,22:00:00,61.47,61.47,61.3,61.3,800,0
2017-10-30,14:50:00,61,61.01,61,61.01,800,0
2017-10-30,14:55:00,61.05,61.08,61.03,61.06,900,0
2017-10-30,15:10:00,61.07,61.07,61.04,61.04,200,0
2017-10-30,15:25:00,60.95,60.95,60.95,60.95,100,0
2017-10-30,15:45:00,60.96,60.96,60.96,60.96,100,0
2017-10-30,16:05:00,60.96,60.96,60.96,60.96,100,0
2017-10-30,16:20:00,60.93,60.93,60.93,60.93,246,0
2017-10-30,16:35:00,60.91,60.91,60.91,60.91,100,0
2017-10-30,16:55:00,61.01,61.01,61.01,61.01,100,0
2017-10-30,17:05:00,61.015,61.015,61,61,200,0
2017-10-30,17:10:00,61.01,61.01,61.01,61.01,100,0
2017-10-30,17:55:00,60.9,60.9,60.76,60.76,300,0
2017-10-30,18:35:00,60.76,60.76,60.76,60.76,100,0
2017-10-30,19:10:00,60.84,60.84,60.84,60.84,100,0
2017-10-30,19:30:00,60.621,60.85,60.621,60.85,220,0
2017-10-30,19:55:00,60.7327,60.7327,60.7327,60.7327,150,0
2017-10-30,20:10:00,60.84,60.84,60.84,60.84,100,0
2017-10-30,20:15:00,60.82,60.82,60.82,60.82,100,0
2017-10-30,20:20:00,60.81,60.81,60.81,60.81,100,0
2017-10-30,20:30:00,60.8,60.8,60.8,60.8,100,0
2017-10-30,20:40:00,60.82,60.84,60.73,60.73,550,0
2017-10-30,20:45:00,60.85,60.87,60.85,60.87,200,0
2017-10-30,20:50:00,60.74,60.74,60.74,60.74,100,0
2017-10-30,20:55:00,60.98,61,60.98,61,200,0
2017-10-30,21:00:00,60.98,60.99,60.77,60.77,2950,0
2017-10-31,14:35:00,60.09,60.13,60.0382,60.13,400,0
2017-10-31,14:40:00,60.15,60.26,60.15,60.15,400,0
2017-10-31,14:45:00,60.145,60.17,60.145,60.17,300,0
2017-10-31,14:50:00,60.12,60.12,60.12,60.12,100,0
2017-10-31,14:55:00,60.15,60.15,60.15,60.15,200,0
2017-10-31,15:05:00,60.11,60.15,60.11,60.14,583,0
2017-10-31,15:10:00,60.12,60.14,60.07,60.115,800,0
2017-10-31,15:15:00,60.12,60.12,60.11,60.11,400,0
2017-10-31,15:20:00,60.14,60.15,60.115,60.15,1100,0
2017-10-31,15:25:00,60.25,60.258,60.17,60.21,1600,0
2017-10-31,15:30:00,60.18,60.26,60.18,60.1845,2261,0
2017-10-31,15:40:00,60.19,60.19,60.19,60.19,100,0
2017-10-31,15:45:00,60.26,60.26,60.215,60.22,400,0
2017-10-31,16:10:00,60.25,60.25,60.25,60.25,100,0
2017-10-31,16:15:00,60.12,60.12,60.12,60.12,123,0
2017-10-31,16:20:00,60.26,60.26,60.26,60.26,100,0
2017-10-31,16:30:00,60.29,60.31,60.16,60.16,300,0
2017-10-31,16:40:00,60.3,60.3,60.3,60.3,100,0
2017-10-31,16:45:00,60.235,60.3,60.235,60.3,300,0
2017-10-31,16:50:00,60.235,60.235,60.235,60.235,100,0
2017-10-31,16:55:00,60.309,60.309,60.309,60.309,195,0
2017-10-31,17:05:00,60.3,60.3,60.3,60.3,200,0
2017-10-31,17:20:00,60.16,60.16,60.16,60.16,100,0
2017-10-31,17:25:00,60.23,60.3,60.23,60.3,200,0
2017-10-31,17:30:00,60.24,60.24,60.24,60.24,100,0
2017-10-31,17:55:00,60.3,60.3,60.3,60.3,100,0
2017-10-31,18:00:00,60.3,60.3,60.3,60.3,100,0
2017-10-31,18:05:00,60.22,60.3,60.21,60.3,400,0
2017-10-31,18:20:00,60.24,60.24,60.24,60.24,100,0
2017-10-31,18:25:00,60.24,60.24,60.24,60.24,100,0
2017-10-31,18:30:00,60.2829,60.2829,60.245,60.245,200,0
2017-10-31,18:45:00,60.23,60.23,60.23,60.23,102,0
2017-10-31,19:00:00,60.3,60.3,60.235,60.235,200,0
2017-10-31,19:05:00,60.32,60.35,60.19,60.19,1500,0
2017-10-31,19:10:00,60.33,60.33,60.23,60.23,200,0
2017-10-31,19:20:00,60.34,60.34,60.34,60.34,200,0
2017-10-31,19:50:00,60.35,60.35,60.29,60.31,300,0
2017-10-31,20:00:00,60.34,60.34,60.3012,60.3012,200,0
2017-10-31,20:05:00,60.31,60.34,60.31,60.31,600,0
2017-10-31,20:15:00,60.33,60.33,60.33,60.33,100,0
2017-10-31,20:20:00,60.33,60.34,60.33,60.34,200,0
2017-10-31,20:40:00,60.34,60.34,60.34,60.34,100,0
2017-10-31,20:45:00,60.27,60.27,60.27,60.27,100,0
2017-10-31,20:50:00,60.2732,60.2964,60.27,60.27,608,0
2017-10-31,20:55:00,60.3,60.3,60.3,60.3,100,0
2017-10-31,21:00:00,60.271,60.5,60.1,60.5,2322,0
2017-11-01,14:35:00,60.91,60.91,60.91,60.91,450,0
2017-11-01,15:10:00,60.85,60.85,60.85,60.85,100,0
2017-11-01,15:25:00,60.9,60.9,60.9,60.9,100,0
2017-11-01,15:30:00,60.78,60.78,60.78,60.78,136,0
2017-11-01,15:35:00,60.9117,60.9117,60.72,60.72,696,0
2017-11-01,15:40:00,60.6256,60.76,60.6256,60.76,250,0
2017-11-01,15:50:00,60.9,60.9,60.9,60.9,100,0
2017-11-01,15:55:00,60.855,60.9,60.855,60.9,200,0
2017-11-01,16:00:00,60.9,60.97,60.86,60.97,999,0
2017-11-01,16:15:00,60.91,60.91,60.91,60.91,200,0
2017-11-01,16:30:00,60.9328,60.935,60.9328,60.935,200,0
2017-11-01,16:35:00,60.96,60.96,60.96,60.96,100,0
2017-11-01,16:40:00,60.9,60.9,60.66,60.66,1200,0
2017-11-01,17:10:00,60.91,60.91,60.91,60.91,100,0
2017-11-01,17:25:00,60.96,60.96,60.96,60.96,100,0
2017-11-01,17:30:00,60.65,60.65,60.65,60.65,100,0
2017-11-01,17:45:00,60.62,60.62,60.62,60.62,100,0
2017-11-01,17:55:00,60.93,60.93,60.93,60.93,100,0
2017-11-01,18:00:00,60.9294,60.9294,60.9294,60.9294,130,0
2017-11-01,18:05:00,60.92,60.93,60.92,60.93,400,0
2017-11-01,18:25:00,60.92,60.92,60.92,60.92,100,0
2017-11-01,18:30:00,60.92,60.92,60.92,60.92,100,0
2017-11-01,18:35:00,60.93,60.93,60.93,60.93,200,0
2017-11-01,18:40:00,60.94,60.94,60.94,60.94,100,0
2017-11-01,19:05:00,60.91,60.94,60.91,60.94,600,0
2017-11-01,19:10:00,60.94,61.05,60.7,61.04,2200,0
2017-11-01,19:15:00,61.03,61.06,61.03,61.06,200,0
2017-11-01,19:25:00,61.05,61.05,61.05,61.05,100,0
2017-11-01,19:40:00,61.02,61.02,61.02,61.02,200,0
2017-11-01,19:45:00,61.04,61.04,61.04,61.04,100,0
2017-11-01,20:25:00,61.02,61.02,60.89,61.02,1000,0
2017-11-01,20:30:00,60.955,61.04,60.955,61.02,700,0
2017-11-01,20:40:00,61.02,61.03,60.95,60.95,729,0
2017-11-01,20:45:00,61.01,61.01,60.93,60.93,1600,0
2017-11-01,20:55:00,60.93,60.96,60.93,60.96,200,0
2017-11-01,21:00:00,60.99,61.11,60.93,61.11,928,0
2017-11-02,14:35:00,59.79,59.79,59.4,59.44,1627,0
2017-11-02,14:45:00,59.43,59.44,59.355,59.43,1300,0
2017-11-02,14:55:00,59.37,59.37,59.37,59.37,100,0
2017-11-02,15:00:00,59.44,59.44,59.44,59.44,100,0
2017-11-02,15:05:00,59.43,59.44,59.37,59.38,2334,0
2017-11-02,15:10:00,59.43,59.43,59.43,59.43,200,0
2017-11-02,15:15:00,59.36,59.36,59.36,59.36,100,0
2017-11-02,15:25:00,59.42,59.42,59.42,59.42,100,0
2017-11-02,15:30:00,59.41,59.43,59.41,59.43,1200,0
2017-11-02,15:35:00,59.43,59.43,59.43,59.43,100,0
2017-11-02,15:50:00,59.48,59.48,59.48,59.48,100,0
2017-11-02,16:10:00,59.48,59.48,59.41,59.41,500,0
2017-11-02,16:15:00,59.48,59.52,59.48,59.52,300,0
2017-11-02,16:20:00,59.4931,59.4931,59.4931,59.4931,100,0
2017-11-02,16:25:00,59.52,59.52,59.52,59.52,100,0
2017-11-02,16:35:00,59.51,59.52,59.4341,59.4341,350,0
2017-11-02,16:40:00,59.527,59.527,59.527,59.527,350,0
2017-11-02,16:50:00,59.45,59.45,59.45,59.45,100,0
2017-11-02,16:55:00,59.49,59.49,59.49,59.49,200,0
2017-11-02,17:00:00,59.46,59.49,59.46,59.49,240,0
2017-11-02,17:10:00,59.4697,59.49,59.4697,59.49,860,0
2017-11-02,17:15:00,59.5934,59.5934,59.5934,59.5934,196,0
2017-11-02,17:25:00,59.5802,59.5802,59.5802,59.5802,300,0
2017-11-02,17:35:00,59.56,59.56,59.55,59.55,200,0
2017-11-02,18:00:00,59.4727,59.4727,59.4727,59.4727,250,0
2017-11-02,18:05:00,59.49,59.49,59.49,59.49,100,0
2017-11-02,18:15:00,59.5,59.5,59.5,59.5,100,0
2017-11-02,18:20:00,59.49,59.49,59.49,59.49,100,0
2017-11-02,18:25:00,59.5396,59.5396,59.5,59.51,399,0
2017-11-02,18:30:00,59.5136,59.5136,59.5136,59.5136,165,0
2017-11-02,18:35:00,59.46,59.46,59.46,59.46,100,0
2017-11-02,18:40:00,59.46,59.46,59.46,59.46,100,0
2017-11-02,19:00:00,59.45,59.45,59.45,59.45,100,0
2017-11-02,19:15:00,59.45,59.48,59.45,59.48,200,0
2017-11-02,19:55:00,59.49,59.49,59.49,59.49,100,0
2017-11-02,20:10:00,59.53,59.53,59.48,59.48,1000,0
2017-11-02,20:20:00,59.47,59.4972,59.47,59.4972,440,0
2017-11-02,20:25:00,59.52,59.53,59.52,59.53,200,0
2017-11-02,20:30:00,59.515,59.515,59.515,59.515,100,0
2017-11-02,20:35:00,59.54,59.54,59.491,59.54,820,0
2017-11-02,20:40:00,59.54,59.54,59.54,59.54,100,0
2017-11-02,20:50:00,59.5,59.5,59.49,59.49,200,0
2017-11-02,20:55:00,59.49,59.54,59.49,59.5,700,0
2017-11-02,21:00:00,59.5,59.52,59.42,59.42,1704,0
2017-11-03,14:35:00,59.75,59.75,59.75,59.75,608,0
2017-11-03,14:40:00,59.6819,59.6819,59.6819,59.6819,100,0
2017-11-03,14:45:00,59.605,59.605,59.605,59.605,200,0
2017-11-03,14:50:00,59.5879,59.69,59.5879,59.69,255,0
2017-11-03,14:55:00,59.67,59.67,59.67,59.67,100,0
2017-11-03,15:10:00,59.62,59.73,59.62,59.73,306,0
2017-11-03,15:35:00,59.66,59.66,59.66,59.66,100,0
2017-11-03,15:40:00,59.5804,59.5804,59.5804,59.5804,388,0
2017-11-03,15:45:00,59.5673,59.575,59.5673,59.575,400,0
2017-11-03,16:00:00,59.586,59.586,59.586,59.586,295,0
2017-11-03,16:20:00,59.595,59.595,59.58,59.58,250,0
2017-11-03,16:30:00,59.61,59.61,59.61,59.61,300,0
2017-11-03,16:55:00,59.68,59.68,59.68,59.68,100,0
2017-11-03,17:00:00,59.685,59.72,59.685,59.72,600,0
2017-11-03,17:45:00,59.72,59.72,59.72,59.72,100,0
2017-11-03,18:20:00,59.73,59.73,59.72,59.72,200,0
2017-11-03,18:55:00,59.76,59.76,59.76,59.76,100,0
2017-11-03,19:30:00,59.81,59.81,59.81,59.81,100,0
2017-11-03,20:15:00,59.79,59.79,59.79,59.79,200,0
2017-11-03,20:35:00,59.81,59.81,59.81,59.81,100,0
2017-11-03,20:40:00,59.79,59.79,59.79,59.79,100,0
2017-11-03,20:55:00,59.765,59.78,59.765,59.78,200,0
2017-11-03,21:00:00,59.78,59.82,59.77,59.82,687,0
2017-11-06,15:35:00,59.5,59.5,59.111,59.111,1369,0
2017-11-06,15:45:00,59.4315,59.4315,59.4315,59.4315,100,0
2017-11-06,15:50:00,59.5,59.5,59.45,59.45,200,0
2017-11-06,16:10:00,59.5135,59.5135,59.46,59.46,400,0
2017-11-06,16:15:00,59.45,59.45,59.45,59.45,147,0
2017-11-06,16:20:00,59.58,59.58,59.58,59.58,100,0
2017-11-06,16:30:00,59.57,59.57,59.53,59.53,300,0
2017-11-06,16:45:00,59.57,59.66,59.57,59.64,1500,0
2017-11-06,16:50:00,59.71,59.71,59.71,59.71,100,0
2017-11-06,16:55:00,59.185,59.57,59.185,59.57,200,0
2017-11-06,17:00:00,59.4146,59.4146,59.4146,59.4146,400,0
2017-11-06,17:05:00,59.39,59.58,59.39,59.58,200,0
2017-11-06,17:25:00,59.59,59.59,59.59,59.59,100,0
2017-11-06,17:35:00,59.52,59.53,59.52,59.52,300,0
2017-11-06,17:40:00,59.53,59.54,59.53,59.54,200,0
2017-11-06,18:00:00,59.59,59.99,59.585,59.585,2000,0
2017-11-06,18:05:00,59.69,59.7401,59.69,59.7401,208,0
2017-11-06,18:20:00,59.7,59.74,59.7,59.7,300,0
2017-11-06,18:25:00,59.72,59.72,59.7,59.7,900,0
2017-11-06,18:30:00,59.72,59.72,59.72,59.72,100,0
2017-11-06,18:35:00,59.54,59.54,59.54,59.54,100,0
2017-11-06,18:50:00,59.66,59.66,59.66,59.66,100,0
2017-11-06,19:50:00,59.73,59.74,59.73,59.74,200,0
2017-11-06,20:05:00,59.655,59.655,59.655,59.655,100,0
2017-11-06,20:10:00,59.74,59.74,59.73,59.73,200,0
2017-11-06,20:25:00,59.68,59.68,59.68,59.68,100,0
2017-11-06,20:30:00,59.74,59.74,59.74,59.74,100,0
2017-11-06,20:40:00,59.74,59.74,59.74,59.74,100,0
2017-11-06,20:45:00,59.72,59.72,59.72,59.72,100,0
2017-11-06,20:55:00,59.67,59.67,59.67,59.67,100,0
2017-11-06,21:15:00,59.72,59.72,59.72,59.72,200,0
2017-11-06,21:35:00,59.71,59.71,59.6805,59.6805,800,0
2017-11-06,21:40:00,59.7,59.7,59.7,59.7,100,0
2017-11-06,21:45:00,59.68,59.69,59.68,59.69,200,0
2017-11-06,21:50:00,59.69,59.69,59.69,59.69,100,0
2017-11-06,21:55:00,59.69,59.69,59.68,59.68,300,0
2017-11-06,22:00:00,59.68,59.84,59.515,59.84,1331,0
2017-11-07,15:35:00,59.56,59.56,58.8759,58.8759,2550,0
2017-11-07,15:40:00,58.95,58.95,58.88,58.88,1227,0
2017-11-07,15:45:00,58.93,58.95,58.93,58.95,200,0
2017-11-07,15:50:00,58.93,58.96,58.93,58.96,600,0
2017-11-07,15:55:00,58.94,58.95,58.9144,58.94,900,0
2017-11-07,16:00:00,58.9,58.9499,58.9,58.9499,400,0
2017-11-07,16:05:00,58.9,58.92,58.86,58.86,1000,0
2017-11-07,16:10:00,58.89,58.89,58.85,58.85,200,0
2017-11-07,16:20:00,58.89,58.89,58.89,58.89,200,0
2017-11-07,16:25:00,58.84,58.84,58.84,58.84,100,0
2017-11-07,16:30:00,58.89,58.89,58.82,58.82,300,0
2017-11-07,16:45:00,58.8268,58.8268,58.8268,58.8268,507,0
2017-11-07,16:50:00,58.86,58.86,58.86,58.86,300,0
2017-11-07,18:20:00,58.83,58.83,58.83,58.83,200,0
2017-11-07,18:25:00,58.84,58.84,58.84,58.84,100,0
2017-11-07,18:45:00,58.86,58.86,58.86,58.86,200,0
2017-11-07,18:50:00,58.8655,58.8655,58.8655,58.8655,213,0
2017-11-07,19:15:00,58.9,58.9,58.9,58.9,100,0
2017-11-07,19:25:00,58.85,58.85,58.85,58.85,200,0
2017-11-07,19:40:00,58.8749,58.8749,58.86,58.86,400,0
2017-11-07,19:55:00,58.82,58.87,58.82,58.87,300,0
2017-11-07,20:05:00,58.87,58.87,58.87,58.87,300,0
2017-11-07,20:15:00,58.87,58.87,58.87,58.87,200,0
2017-11-07,20:35:00,58.92,58.96,58.9,58.96,400,0
2017-11-07,20:40:00,58.9,58.9,58.9,58.9,100,0
2017-11-07,21:00:00,58.95,58.95,58.9,58.92,300,0
2017-11-07,21:05:00,58.9,58.9,58.9,58.9,200,0
2017-11-07,21:10:00,58.9,58.9333,58.9,58.921,300,0
2017-11-07,21:15:00,58.96,58.96,58.96,58.96,100,0
2017-11-07,21:20:00,58.9,58.92,58.9,58.92,611,0
2017-11-07,21:25:00,58.91,58.9105,58.9,58.9,400,0
2017-11-07,21:30:00,58.895,58.9,58.87,58.9,1177,0
2017-11-07,21:35:00,58.87,58.87,58.87,58.87,100,0
2017-11-07,21:40:00,58.92,58.92,58.8,58.8,1700,0
2017-11-07,21:45:00,58.8,58.8,58.8,58.8,100,0
2017-11-07,21:50:00,58.83,58.83,58.8,58.81,700,0
2017-11-07,21:55:00,58.84,58.84,58.81,58.84,500,0
2017-11-07,22:00:00,58.84,58.94,58.81,58.94,3459,0
2017-11-08,15:35:00,59.56,59.63,59.56,59.6,468,0
2017-11-08,15:40:00,59.602,59.602,59.45,59.555,1700,0
2017-11-08,15:45:00,59.36,59.54,59.36,59.54,300,0
2017-11-08,15:50:00,59.344,59.475,59.344,59.475,1100,0
2017-11-08,16:05:00,59.5,59.5,59.5,59.5,100,0
2017-11-08,16:10:00,59.5684,59.57,59.55,59.55,500,0
2017-11-08,16:20:00,59.51,59.51,59.51,59.51,100,0
2017-11-08,16:40:00,59.51,59.51,59.51,59.51,100,0
2017-11-08,16:45:00,59.545,59.545,59.545,59.545,200,0
2017-11-08,16:50:00,59.51,59.51,59.51,59.51,100,0
2017-11-08,16:55:00,59.542,59.542,59.542,59.542,206,0
2017-11-08,17:05:00,59.5,59.5,59.49,59.49,200,0
2017-11-08,17:40:00,59.45,59.45,59.45,59.45,100,0
2017-11-08,17:55:00,59.47,59.47,59.4426,59.4426,200,0
2017-11-08,18:10:00,59.5,59.58,59.5,59.58,1211,0
2017-11-08,18:40:00,59.48,59.48,59.48,59.48,100,0
2017-11-08,19:05:00,59.665,59.665,59.665,59.665,100,0
2017-11-08,19:15:00,59.84,59.84,59.84,59.84,100,0
2017-11-08,19:45:00,59.86,59.86,59.86,59.86,100,0
2017-11-08,20:20:00,59.8256,59.8256,59.7,59.7,289,0
2017-11-08,20:35:00,59.7,59.7,59.7,59.7,100,0
2017-11-08,20:40:00,59.87,59.87,59.87,59.87,100,0
2017-11-08,20:50:00,59.6372,59.6372,59.53,59.53,700,0
2017-11-08,21:00:00,59.7752,59.7752,59.7752,59.7752,100,0
2017-11-08,21:20:00,59.7,59.7,59.7,59.7,100,0
2017-11-08,21:25:00,59.7,59.7,59.7,59.7,167,0
2017-11-08,21:45:00,59.73,59.73,59.725,59.725,200,0
2017-11-08,21:55:00,59.7,59.735,59.7,59.735,300,0
2017-11-08,22:00:00,59.735,59.88,59.72,59.88,696,0
2017-11-09,15:35:00,59.19,59.19,59.19,59.19,733,0
2017-11-09,15:40:00,59.194,59.194,59.194,59.194,100,0
2017-11-09,16:25:00,59.45,59.45,59.45,59.45,100,0
2017-11-09,16:30:00,59.44,59.44,59.44,59.44,100,0
2017-11-09,16:40:00,59.45,59.45,59.45,59.45,154,0
2017-11-09,16:55:00,59.44,59.44,59.35,59.35,554,0
2017-11-09,17:05:00,59.21,59.3,59.2,59.3,500,0
2017-11-09,17:25:00,59.2897,59.2897,59.15,59.15,265,0
2017-11-09,17:50:00,59.2111,59.2111,59.2111,59.2111,260,0
2017-11-09,18:00:00,59.36,59.36,59.01,59.01,200,0
2017-11-09,18:25:00,59,59,58.92,58.92,600,0
2017-11-09,18:30:00,58.945,58.945,58.945,58.945,300,0
2017-11-09,18:55:00,58.9001,58.9001,58.9001,58.9001,150,0
2017-11-09,19:10:00,58.99,59,58.99,59,200,0
2017-11-09,19:20:00,59,59,58.92,58.92,200,0
2017-11-09,19:50:00,59,59,59,59,300,0
2017-11-09,20:10:00,59.1028,59.1028,59.1028,59.1028,100,0
2017-11-09,20:15:00,58.93,58.93,58.93,58.93,100,0
2017-11-09,20:35:00,59.2,59.2,59.2,59.2,100,0
2017-11-09,20:40:00,59.0974,59.0974,59.0974,59.0974,166,0
2017-11-09,21:00:00,59.0152,59.0152,59.0152,59.0152,605,0
2017-11-09,21:35:00,59.05,59.06,59.05,59.06,342,0
2017-11-09,21:45:00,59.15,59.16,59.15,59.16,202,0
2017-11-09,21:50:00,59.21,59.21,59.21,59.21,100,0
2017-11-09,21:55:00,59.25,59.31,59.25,59.27,1341,0
2017-11-09,22:00:00,59.32,59.32,59.1,59.1,774,0
2017-11-10,15:35:00,59.46,59.46,59.46,59.46,232,0
2017-11-10,16:10:00,59.34,59.34,59.34,59.34,200,0
2017-11-10,16:15:00,59.2113,59.2113,59.2113,59.2113,155,0
2017-11-10,16:25:00,59.08,59.08,59.08,59.08,100,0
2017-11-10,17:00:00,59.31,59.31,59.31,59.31,100,0
2017-11-10,17:10:00,59.3,59.3,59.3,59.3,202,0
2017-11-10,17:25:00,59.36,59.36,59.36,59.36,100,0
2017-11-10,18:10:00,59.39,59.39,59.39,59.39,100,0
2017-11-10,18:15:00,59.1,59.24,59.1,59.24,400,0
2017-11-10,18:35:00,59.35,59.36,59.25,59.25,1263,0
2017-11-10,18:55:00,59.2806,59.2806,59.25,59.25,729,0
2017-11-10,19:05:00,59.35,59.36,59.35,59.36,200,0
2017-11-10,20:10:00,59.35,59.35,59.35,59.35,200,0
2017-11-10,20:15:00,59.27,59.3555,59.25,59.25,771,0
2017-11-10,20:40:00,59.25,59.25,59.25,59.25,157,0
2017-11-10,21:00:00,59.34,59.34,59.24,59.24,212,0
2017-11-10,21:25:00,59.35,59.35,59.3,59.3,500,0
2017-11-10,21:35:00,59.39,59.39,59.39,59.39,100,0
2017-11-10,21:45:00,59.42,59.42,59.32,59.32,520,0
2017-11-10,21:50:00,59.44,59.44,59.44,59.44,100,0
2017-11-10,21:55:00,59.43,59.43,59.42,59.42,200,0
2017-11-10,22:00:00,59.41,59.56,59.17,59.56,1850,0
2017-11-13,15:35:00,60.13,60.13,60.13,60.13,1461,0
2017-11-13,15:40:00,60.255,60.255,60.255,60.255,200,0
2017-11-13,15:45:00,59.9388,60.06,59.761,60.06,774,0
2017-11-13,15:50:00,60.05,60.05,60.05,60.05,100,0
2017-11-13,15:55:00,60.05,60.13,60.034,60.12,1400,0
2017-11-13,16:15:00,60.16,60.16,60.1069,60.1069,200,0
2017-11-13,16:25:00,60.125,60.125,60.125,60.125,100,0
2017-11-13,16:50:00,60.1293,60.1293,60.1293,60.1293,124,0
2017-11-13,16:55:00,60.2,60.2,60.07,60.07,200,0
2017-11-13,17:10:00,60.15,60.15,60.13,60.13,300,0
2017-11-13,17:15:00,60.17,60.17,60.17,60.17,100,0
2017-11-13,17:40:00,60.11,60.11,60.11,60.11,100,0
2017-11-13,17:55:00,60.18,60.3,60.18,60.29,500,0
2017-11-13,18:10:00,60.29,60.29,60.29,60.29,100,0
2017-11-13,18:15:00,60.18,60.29,60.18,60.29,200,0
2017-11-13,18:25:00,60.29,60.29,60.29,60.29,100,0
2017-11-13,18:35:00,60.27,60.27,60.27,60.27,100,0
2017-11-13,18:45:00,60.28,60.28,60.28,60.28,100,0
2017-11-13,18:55:00,60.26,60.26,60.26,60.26,100,0
2017-11-13,19:00:00,60.26,60.26,60.25,60.25,200,0
2017-11-13,19:10:00,60.22,60.22,60.22,60.22,100,0
2017-11-13,19:15:00,60.225,60.225,60.225,60.225,100,0
2017-11-13,19:20:00,60.22,60.22,60.22,60.22,100,0
2017-11-13,19:25:00,60.16,60.16,60.13,60.13,200,0
2017-11-13,19:30:00,60.14,60.14,60.14,60.14,100,0
2017-11-13,19:45:00,60.14,60.14,60.14,60.14,100,0
2017-11-13,19:50:00,60.24,60.24,60.215,60.215,200,0
2017-11-13,20:00:00,60.1885,60.1885,60.1885,60.1885,100,0
2017-11-13,20:10:00,60.18,60.187,60.18,60.187,666,0
2017-11-13,20:15:00,60.19,60.19,60.19,60.19,100,0
2017-11-13,20:20:00,60.2,60.2,60.2,60.2,100,0
2017-11-13,20:25:00,60.244,60.244,60.1301,60.1301,883,0
2017-11-13,20:40:00,60.166,60.166,60.13,60.13,343,0
2017-11-13,20:45:00,60.19,60.19,60.12,60.135,1100,0
2017-11-13,20:50:00,60.135,60.135,60.11,60.11,200,0
2017-11-13,20:55:00,60.11,60.11,60.09,60.094,775,0
2017-11-13,21:05:00,60.16,60.16,60.16,60.16,100,0
2017-11-13,21:20:00,60.0787,60.1,60.0787,60.1,500,0
2017-11-13,21:35:00,60.07,60.0914,60.07,60.0914,200,0
2017-11-13,21:40:00,60.0853,60.0853,60.0853,60.0853,100,0
2017-11-13,21:50:00,59.84,59.99,59.84,59.99,300,0
2017-11-13,21:55:00,59.94,59.94,59.94,59.94,100,0
2017-11-13,22:00:00,59.97,60.14,59.935,60.14,1097,0
2017-11-14,15:35:00,59.48,59.48,59.48,59.48,517,0
2017-11-14,15:40:00,59.7177,59.7177,59.7177,59.7177,660,0
2017-11-14,15:50:00,59.8,59.8,59.8,59.8,100,0
2017-11-14,16:15:00,59.66,59.66,59.6,59.6,300,0
2017-11-14,16:20:00,59.61,59.61,59.61,59.61,200,0
2017-11-14,16:25:00,59.58,59.62,59.58,59.62,200,0
2017-11-14,16:35:00,59.44,59.44,59.44,59.44,100,0
2017-11-14,16:45:00,59.49,59.49,59.49,59.49,100,0
2017-11-14,17:10:00,59.48,59.48,59.48,59.48,130,0
2017-11-14,17:15:00,59.57,59.57,59.57,59.57,253,0
2017-11-14,17:30:00,59.405,59.405,59.405,59.405,100,0
2017-11-14,17:50:00,59.53,59.53,59.53,59.53,100,0
2017-11-14,18:15:00,59.542,59.542,59.542,59.542,100,0
2017-11-14,18:25:00,59.28,59.28,59.28,59.28,100,0
2017-11-14,18:40:00,59.53,59.53,59.53,59.53,100,0
2017-11-14,19:00:00,59.27,59.45,59.27,59.45,200,0
2017-11-14,19:45:00,59.3172,59.3172,59.3172,59.3172,100,0
2017-11-14,20:00:00,59.4568,59.4568,59.4568,59.4568,135,0
2017-11-14,20:15:00,59.45,59.45,59.2,59.2,200,0
2017-11-14,20:35:00,59.318,59.43,59.29,59.43,1277,0
2017-11-14,20:40:00,59.19,59.3015,59.19,59.3015,1019,0
2017-11-14,20:45:00,59.295,59.43,59.295,59.43,200,0
2017-11-14,20:50:00,59.21,59.42,59.21,59.42,200,0
2017-11-14,20:55:00,59.42,59.43,59.22,59.22,300,0
2017-11-14,21:00:00,59.31,59.31,59.31,59.31,100,0
2017-11-14,21:10:00,59.22,59.22,59.22,59.22,100,0
2017-11-14,21:15:00,59.22,59.22,59.22,59.22,100,0
2017-11-14,21:20:00,59.2,59.2,59.2,59.2,200,0
2017-11-14,21:30:00,59.2,59.2,59.2,59.2,100,0
2017-11-14,21:35:00,59.4,59.4,59.24,59.24,200,0
2017-11-14,21:50:00,59.37,59.37,59.37,59.37,100,0
2017-11-14,21:55:00,59.32,59.32,59.31,59.31,200,0
2017-11-14,22:00:00,59.26,59.26,59.19,59.21,1678,0
2017-11-15,15:35:00,59.23,59.23,59.0609,59.0609,610,0
2017-11-15,15:40:00,59.02,59.02,59.02,59.02,200,0
2017-11-15,15:45:00,58.91,59.02,58.91,59.02,500,0
2017-11-15,15:50:00,58.89,58.89,58.89,58.89,1000,0
2017-11-15,15:55:00,59.04,59.04,59.04,59.04,100,0
2017-11-15,16:05:00,59.02,59.02,59.02,59.02,100,0
2017-11-15,16:10:00,58.9121,58.95,58.89,58.89,700,0
2017-11-15,16:25:00,58.89,58.89,58.89,58.89,100,0
2017-11-15,16:30:00,59.0187,59.0187,59.0187,59.0187,100,0
2017-11-15,17:15:00,58.9,58.9,58.9,58.9,200,0
2017-11-15,17:20:00,58.9,58.97,58.9,58.97,200,0
2017-11-15,17:30:00,59.01,59.01,59.01,59.01,100,0
2017-11-15,18:10:00,58.92,58.92,58.92,58.92,100,0
2017-11-15,18:15:00,58.93,58.945,58.93,58.945,400,0
2017-11-15,18:25:00,58.91,58.91,58.88,58.89,400,0
2017-11-15,18:55:00,58.9,58.9,58.89,58.89,1172,0
2017-11-15,19:05:00,58.9,58.9,58.88,58.88,300,0
2017-11-15,19:15:00,58.88,58.88,58.88,58.88,100,0
2017-11-15,19:45:00,58.92,58.92,58.92,58.92,100,0
2017-11-15,19:55:00,58.9,58.9,58.89,58.89,400,0
2017-11-15,20:05:00,58.905,58.905,58.905,58.905,100,0
2017-11-15,20:15:00,58.89,58.89,58.89,58.89,1300,0
2017-11-15,20:20:00,58.84,58.84,58.76,58.76,1224,0
2017-11-15,20:30:00,58.8,58.8148,58.765,58.765,399,0
2017-11-15,20:40:00,58.76,58.76,58.76,58.76,100,0
2017-11-15,20:45:00,58.77,58.77,58.77,58.77,243,0
2017-11-15,21:00:00,58.8499,58.8499,58.8499,58.8499,100,0
2017-11-15,21:05:00,58.8,58.8,58.75,58.75,500,0
2017-11-15,21:10:00,58.62,58.62,58.62,58.62,100,0
2017-11-15,21:15:00,58.7,58.7,58.7,58.7,1100,0
2017-11-15,21:20:00,58.7,58.7,58.7,58.7,500,0
2017-11-15,21:25:00,58.68,58.68,58.68,58.68,100,0
2017-11-15,21:35:00,58.67,58.67,58.58,58.65,2918,0
2017-11-15,21:45:00,58.71,58.71,58.71,58.71,100,0
2017-11-15,21:50:00,58.655,58.725,58.655,58.725,200,0
2017-11-15,21:55:00,58.6902,58.6902,58.6902,58.6902,100,0
2017-11-15,22:00:00,58.7,58.9,58.7,58.9,1928,0
2017-11-16,15:35:00,58.89,58.89,58.55,58.87,1686,0
2017-11-16,15:40:00,58.76,58.76,58.76,58.76,146,0
2017-11-16,16:10:00,58.77,58.82,58.77,58.82,400,0
2017-11-16,16:30:00,58.792,58.792,58.792,58.792,415,0
2017-11-16,17:45:00,58.82,58.82,58.82,58.82,100,0
2017-11-16,18:00:00,58.83,59.01,58.83,59.01,494,0
2017-11-16,19:20:00,58.9812,58.9812,58.9812,58.9812,110,0
2017-11-16,19:30:00,58.9664,58.9664,58.9664,58.9664,450,0
2017-11-16,20:10:00,59.01,59.01,59.01,59.01,100,0
2017-11-16,20:20:00,58.98,58.98,58.98,58.98,300,0
2017-11-16,20:30:00,58.9201,58.9201,58.92,58.92,200,0
2017-11-16,20:40:00,58.999,58.999,58.999,58.999,208,0
2017-11-16,21:00:00,58.98,58.98,58.98,58.98,100,0
2017-11-16,21:20:00,58.99,58.99,58.99,58.99,200,0
2017-11-16,21:25:00,58.92,58.92,58.91,58.91,200,0
2017-11-16,21:45:00,58.91,58.91,58.91,58.91,100,0
2017-11-16,21:50:00,58.96,58.96,58.96,58.96,100,0
2017-11-16,22:00:00,58.93,59.19,58.91,59.19,1222,0
2017-11-17,15:35:00,57.94,58.08,57.9297,57.9297,3560,0
2017-11-17,15:50:00,58.07,58.07,58.07,58.07,100,0
2017-11-17,16:00:00,58.0351,58.0351,58.0351,58.0351,400,0
2017-11-17,16:05:00,58.0483,58.07,58.01,58.0343,525,0
2017-11-17,16:20:00,58.04,58.04,58.04,58.04,100,0
2017-11-17,16:35:00,58.04,58.04,58.04,58.04,100,0
2017-11-17,16:40:00,58.05,58.05,58.04,58.05,1194,0
2017-11-17,16:45:00,58.06,58.06,58.06,58.06,331,0
2017-11-17,16:55:00,58.0351,58.07,58.0251,58.0251,412,0
2017-11-17,17:05:00,58.0699,58.07,58.0406,58.07,300,0
2017-11-17,17:10:00,58.06,58.06,58.06,58.06,100,0
2017-11-17,17:15:00,58.07,58.07,58.07,58.07,100,0
2017-11-17,17:20:00,58.07,58.07,58.07,58.07,200,0
2017-11-17,17:30:00,58.09,58.09,58.09,58.09,547,0
2017-11-17,18:05:00,58.14,58.14,58.0985,58.0985,200,0
2017-11-17,18:20:00,58.1028,58.1028,58.1028,58.1028,171,0
2017-11-17,18:55:00,58.105,58.105,58.105,58.105,100,0
2017-11-17,19:00:00,58.13,58.14,58.1254,58.14,400,0
2017-11-17,19:30:00,58.125,58.1328,58.125,58.1328,250,0
2017-11-17,19:45:00,58.14,58.14,58.14,58.14,200,0
2017-11-17,19:50:00,58.2019,58.2019,58.2019,58.2019,276,0
2017-11-17,20:30:00,58.18,58.18,58.18,58.18,100,0
2017-11-17,20:45:00,58.17,58.17,58.17,58.17,100,0
2017-11-17,21:00:00,58.21,58.21,58.21,58.21,100,0
2017-11-17,21:05:00,58.23,58.23,58.23,58.23,100,0
2017-11-17,21:15:00,58.24,58.24,58.22,58.22,200,0
2017-11-17,21:20:00,58.14,58.14,58.14,58.14,100,0
2017-11-17,21:45:00,58.17,58.17,58.12,58.13,1000,0
2017-11-17,21:50:00,58.06,58.06,58.06,58.06,100,0
2017-11-17,22:00:00,58.05,58.1,58.01,58.01,693,0
2017-11-20,15:35:00,57.96,57.96,57.77,57.82,1942,0
2017-11-20,15:45:00,57.7997,57.7997,57.7997,57.7997,170,0
2017-11-20,15:50:00,57.8413,57.85,57.82,57.85,300,0
2017-11-20,16:05:00,57.81,57.82,57.5449,57.65,1200,0
2017-11-20,16:25:00,57.78,57.78,57.57,57.57,500,0
2017-11-20,16:35:00,57.78,57.78,57.78,57.78,100,0
2017-11-20,16:40:00,57.84,57.84,57.57,57.79,1200,0
2017-11-20,16:45:00,57.91,57.91,57.83,57.83,300,0
2017-11-20,17:05:00,57.91,57.91,57.91,57.91,100,0
2017-11-20,17:30:00,57.9,57.9,57.65,57.68,1451,0
2017-11-20,17:40:00,57.9783,57.9783,57.81,57.81,200,0
2017-11-20,18:40:00,57.95,57.95,57.95,57.95,100,0
2017-11-20,18:55:00,57.95,57.95,57.95,57.95,100,0
2017-11-20,19:35:00,57.84,57.84,57.84,57.84,100,0
2017-11-20,19:50:00,57.87,57.91,57.87,57.91,200,0
2017-11-20,20:25:00,57.84,57.8471,57.82,57.82,1238,0
2017-11-20,20:50:00,57.82,57.82,57.82,57.82,271,0
2017-11-20,20:55:00,57.95,58.06,57.88,58.06,2400,0
2017-11-20,21:00:00,58.09,58.1,58.09,58.09,600,0
2017-11-20,21:05:00,58.09,58.11,58.09,58.11,600,0
2017-11-20,21:15:00,58.1,58.1,58.1,58.1,100,0
2017-11-20,21:25:00,57.89,58.09,57.89,58.09,200,0
2017-11-20,21:35:00,57.9,57.9,57.9,57.9,100,0
2017-11-20,21:50:00,58.01,58.02,58.01,58.02,300,0
2017-11-20,21:55:00,58.03,58.03,57.945,57.945,200,0
2017-11-20,22:00:00,57.99,58.05,57.92,58.04,1604,0
2017-11-21,15:35:00,59.28,59.28,59.28,59.28,482,0
2017-11-21,15:40:00,59.2,59.2,59.2,59.2,400,0
2017-11-21,15:55:00,59.2598,59.2598,59.2598,59.2598,128,0
2017-11-21,16:10:00,59.43,59.43,59.2,59.26,1657,0
2017-11-21,16:20:00,59.36,59.36,59.36,59.36,300,0
2017-11-21,16:30:00,59.5,59.5,59.5,59.5,100,0
2017-11-21,16:40:00,59.27,59.5768,59.26,59.5768,553,0
2017-11-21,16:50:00,59.3497,59.3497,59.3497,59.3497,100,0
2017-11-21,16:55:00,59.53,59.53,59.53,59.53,100,0
2017-11-21,17:00:00,59.38,59.38,59.38,59.38,103,0
2017-11-21,17:05:00,59.46,59.46,59.46,59.46,100,0
2017-11-21,17:10:00,59.27,59.27,59.27,59.27,400,0
2017-11-21,17:15:00,59.459,59.459,59.44,59.44,350,0
2017-11-21,17:20:00,59.27,59.27,59.27,59.27,100,0
2017-11-21,17:25:00,59.38,59.38,59.38,59.38,100,0
2017-11-21,17:30:00,59.3152,59.3152,59.3152,59.3152,102,0
2017-11-21,17:35:00,59.3,59.3,59.3,59.3,100,0
2017-11-21,17:40:00,59.38,59.38,59.38,59.38,200,0
2017-11-21,17:45:00,59.38,59.38,59.38,59.38,200,0
2017-11-21,17:50:00,59.35,59.35,59.35,59.35,100,0
2017-11-21,17:55:00,59.3445,59.3445,59.3445,59.3445,175,0
2017-11-21,18:05:00,59.35,59.35,59.35,59.35,100,0
2017-11-21,18:10:00,59.35,59.42,59.35,59.42,1093,0
2017-11-21,18:15:00,59.42,59.42,59.42,59.42,100,0
2017-11-21,18:20:00,59.42,59.42,59.42,59.42,700,0
2017-11-21,18:25:00,59.4599,59.68,59.4599,59.68,500,0
2017-11-21,18:40:00,59.62,59.62,59.62,59.62,100,0
2017-11-21,18:55:00,59.62,59.62,59.62,59.62,100,0
2017-11-21,19:15:00,59.5098,59.5098,59.5098,59.5098,130,0
2017-11-21,19:20:00,59.4129,59.4129,59.4129,59.4129,150,0
2017-11-21,19:35:00,59.4,59.41,59.4,59.41,300,0
2017-11-21,19:50:00,59.59,59.59,59.59,59.59,100,0
2017-11-21,20:15:00,59.59,59.59,59.59,59.59,100,0
2017-11-21,20:20:00,59.5014,59.5014,59.5014,59.5014,120,0
2017-11-21,20:45:00,59.51,59.51,59.51,59.51,100,0
2017-11-21,20:50:00,59.57,59.57,59.57,59.57,100,0
2017-11-21,21:10:00,59.46,59.46,59.39,59.39,400,0
2017-11-21,21:15:00,59.4396,59.4396,59.4396,59.4396,1090,0
2017-11-21,21:25:00,59.3443,59.3443,59.3443,59.3443,112,0
2017-11-21,21:30:00,59.4199,59.4199,59.4199,59.4199,100,0
2017-11-21,21:40:00,59.51,59.51,59.51,59.51,300,0
2017-11-21,21:50:00,59.56,59.56,59.56,59.56,100,0
2017-11-21,21:55:00,59.5073,59.5073,59.5073,59.5073,156,0
2017-11-21,22:00:00,59.55,59.61,59.55,59.61,1339,0
2017-11-22,15:35:00,60.22,60.22,60.22,60.22,575,0
2017-11-22,15:50:00,60.315,60.315,60.315,60.315,300,0
2017-11-22,16:05:00,60.5,60.5,60.5,60.5,100,0
2017-11-22,16:10:00,60.25,60.25,60.25,60.25,100,0
2017-11-22,16:15:00,60.325,60.325,60.325,60.325,255,0
2017-11-22,16:45:00,60.55,60.55,60.55,60.55,100,0
2017-11-22,17:00:00,60.53,60.53,60.53,60.53,100,0
2017-11-22,17:10:00,60.53,60.53,60.53,60.53,100,0
2017-11-22,17:30:00,60.4873,60.4873,60.4873,60.4873,250,0
2017-11-22,17:35:00,60.38,60.38,60.13,60.13,908,0
2017-11-22,17:40:00,60.18,60.18,59.96,59.96,1500,0
2017-11-22,17:45:00,59.96,59.96,59.95,59.95,400,0
2017-11-22,17:50:00,59.96,60.03,59.86,59.86,800,0
2017-11-22,17:55:00,59.964,59.964,59.9123,59.9123,211,0
2017-11-22,18:00:00,59.88,59.95,59.86,59.95,1241,0
2017-11-22,18:30:00,60.1112,60.1112,60.1112,60.1112,200,0
2017-11-22,19:00:00,60.23,60.23,60.23,60.23,100,0
2017-11-22,19:10:00,60.24,60.24,60.24,60.24,100,0
2017-11-22,19:20:00,60.26,60.26,60.26,60.26,100,0
2017-11-22,19:25:00,60.18,60.22,60.18,60.22,400,0
2017-11-22,19:40:00,60.23,60.23,60.23,60.23,100,0
2017-11-22,19:50:00,60.25,60.25,60.25,60.25,100,0
2017-11-22,20:25:00,60.37,60.37,60.2717,60.2784,589,0
2017-11-22,20:35:00,60.1301,60.4,60.1301,60.4,508,0
2017-11-22,21:00:00,60.24,60.24,60.24,60.24,100,0
2017-11-22,21:10:00,60.24,60.24,60.24,60.24,100,0
2017-11-22,21:25:00,60.32,60.32,60.32,60.32,100,0
2017-11-22,21:45:00,60.35,60.35,60.35,60.35,300,0
2017-11-22,21:50:00,60.38,60.38,60.38,60.38,100,0
2017-11-22,21:55:00,60.389,60.39,60.389,60.39,300,0
2017-11-22,22:00:00,60.39,60.4,60.29,60.4,1047,0
2017-11-24,15:35:00,59.22,59.22,59.22,59.22,1200,0
2017-11-24,15:55:00,59.16,59.22,58.9575,58.9575,703,0
2017-11-24,16:10:00,59.04,59.04,59.04,59.04,100,0
2017-11-24,16:15:00,59.05,59.05,59.05,59.05,100,0
2017-11-24,16:25:00,59.0703,59.0846,59.0703,59.0846,361,0
2017-11-24,16:30:00,59.03,59.03,59.03,59.03,100,0
2017-11-24,16:40:00,59.09,59.09,59.09,59.09,100,0
2017-11-24,16:50:00,59.09,59.09,59.09,59.09,100,0
2017-11-24,16:55:00,59.159,59.159,59.159,59.159,106,0
2017-11-24,17:25:00,59.0892,59.0892,59.0892,59.0892,100,0
2017-11-24,18:25:00,58.98,58.98,58.98,58.98,500,0
2017-11-24,18:40:00,59.1023,59.17,59.1023,59.17,400,0
2017-11-24,18:55:00,59.1,59.1,59.1,59.1,100,0
2017-11-24,19:00:00,59.01,59.01,58.99,58.99,212,0
2017-11-27,15:35:00,60.04,60.04,60.04,60.04,997,0
2017-11-27,16:10:00,59.48,59.48,59.48,59.48,100,0
2017-11-27,16:15:00,59.62,59.65,59.62,59.62,768,0
2017-11-27,16:20:00,59.7,59.7,59.7,59.7,100,0
2017-11-27,16:30:00,59.78,59.79,59.78,59.78,500,0
2017-11-27,16:40:00,59.66,59.66,59.66,59.66,200,0
2017-11-27,16:45:00,59.65,59.65,59.65,59.65,100,0
2017-11-27,16:55:00,59.6833,59.7,59.6344,59.6344,1069,0
2017-11-27,17:05:00,59.745,59.745,59.745,59.745,100,0
2017-11-27,17:35:00,59.71,59.71,59.71,59.71,100,0
2017-11-27,17:40:00,59.57,59.57,59.57,59.57,100,0
2017-11-27,17:55:00,59.58,59.58,59.58,59.58,100,0
2017-11-27,18:00:00,59.57,59.6403,59.56,59.6403,780,0
2017-11-27,18:10:00,59.56,59.56,59.56,59.56,100,0
2017-11-27,18:20:00,59.53,59.61,59.53,59.61,346,0
2017-11-27,18:25:00,59.42,59.42,59.41,59.41,200,0
2017-11-27,18:55:00,59.42,59.45,59.42,59.45,700,0
2017-11-27,19:20:00,59.61,59.61,59.61,59.61,100,0
2017-11-27,19:25:00,59.5,59.57,59.42,59.57,500,0
2017-11-27,19:35:00,59.42,59.42,59.42,59.42,100,0
2017-11-27,19:40:00,59.48,59.49,59.48,59.49,201,0
2017-11-27,19:45:00,59.44,59.44,59.44,59.44,100,0
2017-11-27,19:50:00,59.4612,59.4612,59.4612,59.4612,100,0
2017-11-27,19:55:00,59.44,59.5,59.44,59.5,200,0
2017-11-27,20:05:00,59.53,59.53,59.53,59.53,100,0
2017-11-27,20:15:00,59.5519,59.5519,59.5519,59.5519,135,0
2017-11-27,20:30:00,59.61,59.61,59.61,59.61,200,0
2017-11-27,20:50:00,59.63,59.63,59.63,59.63,200,0
2017-11-27,21:00:00,59.51,59.51,59.51,59.51,100,0
2017-11-27,21:05:00,59.64,59.64,59.64,59.64,100,0
2017-11-27,21:10:00,59.62,59.62,59.62,59.62,100,0
2017-11-27,21:35:00,59.55,59.55,59.55,59.55,100,0
2017-11-27,21:40:00,59.63,59.63,59.63,59.63,100,0
2017-11-27,21:45:00,59.54,59.54,59.53,59.53,200,0
2017-11-27,21:55:00,59.53,59.5467,59.5056,59.5056,620,0
2017-11-27,22:00:00,59.57,59.57,59.35,59.35,2512,0
2017-11-28,15:35:00,58.96,58.96,58.96,58.96,1262,0
2017-11-28,15:40:00,59.33,59.33,59.33,59.33,100,0
2017-11-28,16:05:00,59.1,59.1,59.1,59.1,100,0
2017-11-28,16:20:00,59.27,59.27,59,59,430,0
2017-11-28,16:25:00,59.03,59.28,59.03,59.28,200,0
2017-11-28,16:35:00,59.03,59.03,59.03,59.03,100,0
2017-11-28,16:50:00,59.2947,59.2947,59.2947,59.2947,236,0
2017-11-28,17:05:00,59,59.15,58.84,59.145,1200,0
2017-11-28,17:10:00,58.9256,58.9256,58.9256,58.9256,143,0
2017-11-28,17:15:00,59.15,59.15,59.15,59.15,100,0
2017-11-28,17:55:00,58.98,58.98,58.98,58.98,100,0
2017-11-28,18:15:00,58.98,59.03,58.98,59.03,383,0
2017-11-28,18:20:00,58.89,58.89,58.89,58.89,100,0
2017-11-28,18:45:00,58.95,59.05,58.95,59.05,1000,0
2017-11-28,18:50:00,59.345,59.345,59.08,59.08,200,0
2017-11-28,18:55:00,59.045,59.045,59.045,59.045,100,0
2017-11-28,19:00:00,59.09,59.09,59.09,59.09,100,0
2017-11-28,20:00:00,59.02,59.02,59.02,59.02,100,0
2017-11-28,20:30:00,59.0777,59.0777,59.0777,59.0777,115,0
2017-11-28,20:35:00,59.07,59.07,59.07,59.07,100,0
2017-11-28,21:15:00,59.2,59.25,59.1465,59.25,305,0
2017-11-28,21:45:00,59.27,59.27,59.27,59.27,100,0
2017-11-28,21:55:00,59.28,59.28,59.18,59.18,200,0
2017-11-28,22:00:00,59.25,59.25,59.07,59.12,953,0
2017-11-29,15:35:00,58.12,58.12,58.12,58.12,1180,0
2017-11-29,15:50:00,58.2388,58.2388,58.2388,58.2388,1211,0
2017-11-29,15:55:00,58.24,58.24,58.14,58.14,300,0
2017-11-29,16:00:00,58.2593,58.26,58.2593,58.26,600,0
2017-11-29,16:05:00,58.26,58.26,58.16,58.16,1200,0
2017-11-29,16:10:00,58.14,58.14,58.14,58.14,103,0
2017-11-29,16:15:00,58.1387,58.1387,58.1387,58.1387,170,0
2017-11-29,16:20:00,58.12,58.135,58.12,58.12,1700,0
2017-11-29,16:25:00,58.1299,58.13,58.12,58.13,500,0
2017-11-29,16:40:00,58.01,58.01,58.01,58.01,100,0
2017-11-29,16:45:00,57.995,57.995,57.995,57.995,200,0
2017-11-29,17:15:00,58,58,57.9,57.9,500,0
2017-11-29,17:30:00,57.915,57.915,57.915,57.915,100,0
2017-11-29,17:55:00,57.8436,57.8436,57.8436,57.8436,201,0
2017-11-29,18:00:00,57.96,57.96,57.8671,57.8837,533,0
2017-11-29,18:25:00,57.82,57.82,57.82,57.82,451,0
2017-11-29,18:40:00,57.83,57.85,57.83,57.85,200,0
2017-11-29,19:45:00,57.87,57.87,57.87,57.87,100,0
2017-11-29,20:05:00,57.86,57.86,57.86,57.86,100,0
2017-11-29,20:10:00,57.87,57.88,57.86,57.88,1145,0
2017-11-29,20:15:00,57.89,57.89,57.89,57.89,200,0
2017-11-29,20:20:00,57.9,57.9,57.89,57.89,500,0
2017-11-29,20:25:00,57.9395,57.975,57.9395,57.975,685,0
2017-11-29,20:45:00,57.9605,58,57.9605,58,300,0
2017-11-29,21:00:00,57.93,57.93,57.93,57.93,100,0
2017-11-29,21:10:00,57.8916,57.8916,57.8916,57.8916,100,0
2017-11-29,21:30:00,58,58,58,58,100,0
2017-11-29,21:40:00,58.03,58.08,58.03,58.08,545,0
2017-11-29,21:50:00,57.9737,58.04,57.9737,58.03,500,0
2017-11-29,21:55:00,57.97,57.99,57.97,57.99,300,0
2017-11-29,22:00:00,57.97,58,57.88,57.88,1026,0
2017-11-30,15:35:00,59.47,59.47,58.91,58.93,556,0
2017-11-30,15:45:00,58.97,59,58.97,59,500,0
2017-11-30,15:50:00,58.9397,58.99,58.9397,58.99,978,0
2017-11-30,15:55:00,58.92,58.92,58.91,58.91,300,0
2017-11-30,16:05:00,58.91,58.98,58.88,58.95,1000,0
2017-11-30,16:10:00,58.9323,59,58.92,58.95,1912,0
2017-11-30,16:15:00,59,59,59,59,512,0
2017-11-30,16:25:00,59.02,59.025,59.02,59.025,300,0
2017-11-30,16:35:00,59.01,59.01,59.01,59.01,200,0
2017-11-30,16:45:00,59,59,59,59,100,0
2017-11-30,16:50:00,59.03,59.03,59.03,59.03,100,0
2017-11-30,17:05:00,59.06,59.06,59.06,59.06,100,0
2017-11-30,17:10:00,59.085,59.09,59.08,59.08,1100,0
2017-11-30,17:15:00,59.1748,59.1748,59.1,59.1,204,0
2017-11-30,17:25:00,59.1416,59.1416,59.1416,59.1416,500,0
2017-11-30,17:50:00,58.99,59.02,58.95,59.02,500,0
2017-11-30,18:15:00,58.95,58.95,58.95,58.95,659,0
2017-11-30,18:20:00,58.89,58.89,58.89,58.89,100,0
2017-11-30,18:50:00,58.86,58.86,58.86,58.86,100,0
2017-11-30,19:55:00,58.9,58.9,58.9,58.9,100,0
2017-11-30,20:05:00,59.16,59.16,58.9,59.1483,423,0
2017-11-30,20:10:00,59.16,59.17,59.16,59.17,500,0
2017-11-30,20:15:00,58.93,58.99,58.86,58.9018,900,0
2017-11-30,20:20:00,58.87,58.915,58.87,58.915,200,0
2017-11-30,20:25:00,58.87,58.91,58.87,58.91,200,0
2017-11-30,20:35:00,58.93,58.94,58.86,58.8914,528,0
2017-11-30,20:50:00,58.82,58.82,58.82,58.82,100,0
2017-11-30,20:55:00,58.85,58.85,58.85,58.85,300,0
2017-11-30,21:00:00,58.88,58.89,58.88,58.89,200,0
2017-11-30,21:10:00,59.18,59.18,59.18,59.18,100,0
2017-11-30,21:25:00,58.99,58.99,58.99,58.99,100,0
2017-11-30,21:35:00,58.96,58.96,58.96,58.96,100,0
2017-11-30,21:40:00,58.96,58.96,58.96,58.96,100,0
2017-11-30,22:00:00,58.94,59.27,58.9,59.27,5969,0
2017-12-01,15:35:00,58.6,58.6,58.6,58.6,1525,0
2017-12-01,15:55:00,58.05,58.05,58.05,58.05,100,0
2017-12-01,16:00:00,58.04,58.04,58.04,58.04,100,0
2017-12-01,16:15:00,58.03,58.03,58.03,58.03,200,0
2017-12-01,16:50:00,58.135,58.28,58.12,58.28,764,0
2017-12-01,17:05:00,58.14,58.14,58.14,58.14,100,0
2017-12-01,17:10:00,58.04,58.04,58.04,58.04,100,0
2017-12-01,17:30:00,57.97,57.97,57.96,57.96,200,0
2017-12-01,17:45:00,57.925,57.925,57.92,57.92,600,0
2017-12-01,17:50:00,57.945,57.945,57.945,57.945,100,0
2017-12-01,18:05:00,57.93,57.97,57.93,57.97,400,0
2017-12-01,18:20:00,57.975,58.02,57.975,58.02,200,0
2017-12-01,18:25:00,58.01,58.01,58.01,58.01,1000,0
2017-12-01,19:05:00,58.03,58.03,57.965,57.965,200,0
2017-12-01,19:10:00,57.9955,57.9955,57.91,57.91,4200,0
2017-12-01,19:35:00,58.03,58.03,58.03,58.03,100,0
2017-12-01,20:10:00,58.0421,58.0421,58.0421,58.0421,102,0
2017-12-01,20:30:00,58.04,58.04,58,58,400,0
2017-12-01,20:55:00,58,58,57.965,57.965,200,0
2017-12-01,21:05:00,58.01,58.01,58.01,58.01,100,0
2017-12-01,21:25:00,57.965,57.965,57.965,57.965,100,0
2017-12-01,21:40:00,57.96,57.96,57.89,57.89,200,0
2017-12-01,21:45:00,57.98,57.98,57.91,57.91,500,0
2017-12-01,21:55:00,57.93,57.93,57.93,57.93,100,0
2017-12-01,22:00:00,57.94,58.14,57.88,57.88,2475,0
2017-12-04,15:35:00,58.55,58.55,58.55,58.55,878,0
2017-12-04,15:40:00,58.6481,58.6481,58.6481,58.6481,1000,0
2017-12-04,16:00:00,58.59,58.59,58.59,58.59,200,0
2017-12-04,16:10:00,58.735,58.735,58.62,58.65,500,0
2017-12-04,16:15:00,58.55,58.55,58.55,58.55,100,0
2017-12-04,16:30:00,58.62,58.63,58.62,58.625,533,0
2017-12-04,16:35:00,58.43,58.43,58.43,58.43,100,0
2017-12-04,16:55:00,58.41,58.41,58.41,58.41,100,0
2017-12-04,17:00:00,58.534,58.534,58.3,58.3,251,0
2017-12-04,17:05:00,58.3,58.3,58.3,58.3,100,0
2017-12-04,17:30:00,58.456,58.456,58.3,58.3,410,0
2017-12-04,18:10:00,58.6067,58.6067,58.6067,58.6067,150,0
2017-12-04,18:30:00,58.32,58.32,58.32,58.32,100,0
2017-12-04,19:00:00,58.31,58.31,58.31,58.31,200,0
2017-12-04,19:05:00,58.5375,58.5375,58.3,58.3,600,0
2017-12-04,20:05:00,58.334,58.334,58.334,58.334,100,0
2017-12-04,20:10:00,58.4085,58.4085,58.33,58.33,353,0
2017-12-04,20:55:00,58.4861,58.4861,58.4861,58.4861,125,0
2017-12-04,21:00:00,58.28,58.28,58.28,58.28,100,0
2017-12-04,21:15:00,58.3,58.3,58.3,58.3,100,0
2017-12-04,21:20:00,58.22,58.22,58.18,58.18,200,0
2017-12-04,21:30:00,58.18,58.18,58.18,58.18,100,0
2017-12-04,21:50:00,58.11,58.11,58.11,58.11,100,0
2017-12-04,21:55:00,58.1,58.1,58.1,58.1,100,0
2017-12-04,22:00:00,58.245,58.245,58.07,58.07,1188,0
2017-12-05,15:35:00,58.41,58.41,58.41,58.41,273,0
2017-12-05,15:40:00,58.42,58.42,58.33,58.33,519,0
2017-12-05,16:25:00,58.41,58.41,58.35,58.35,400,0
2017-12-05,17:10:00,58.389,58.485,58.389,58.485,700,0
2017-12-05,17:25:00,58.34,58.3937,58.31,58.3937,2337,0
2017-12-05,17:50:00,58.48,58.48,58.48,58.48,100,0
2017-12-05,18:00:00,58.33,58.48,58.33,58.48,200,0
2017-12-05,18:10:00,58.29,58.29,58.29,58.29,100,0
2017-12-05,18:20:00,58.27,58.27,58.27,58.27,100,0
2017-12-05,18:25:00,58.42,58.42,58.28,58.28,200,0
2017-12-05,18:40:00,58.26,58.26,58.26,58.26,100,0
2017-12-05,19:55:00,58.25,58.25,58.18,58.18,651,0
2017-12-05,20:40:00,58.243,58.243,58.11,58.11,1114,0
2017-12-05,20:55:00,58.08,58.08,58.08,58.08,100,0
2017-12-05,21:15:00,58.2791,58.2791,58.2791,58.2791,108,0
2017-12-05,21:20:00,58.36,58.36,58.22,58.36,300,0
2017-12-05,21:25:00,58.09,58.09,58.09,58.09,100,0
2017-12-05,21:30:00,58.11,58.11,58.11,58.11,100,0
2017-12-05,21:40:00,58.1,58.1,58.1,58.1,200,0
2017-12-05,22:00:00,58.03,58.17,58.03,58.03,1451,0
2017-12-06,15:35:00,56.99,56.99,56.7526,56.7526,1628,0
2017-12-06,15:40:00,56.91,56.92,56.8074,56.8074,1235,0
2017-12-06,15:45:00,56.836,56.836,56.836,56.836,1000,0
2017-12-06,15:50:00,56.91,56.9852,56.91,56.9852,1487,0
2017-12-06,16:05:00,56.9905,56.9905,56.9905,56.9905,100,0
2017-12-06,16:40:00,56.9876,56.9876,56.9876,56.9876,118,0
2017-12-06,16:55:00,56.962,56.9778,56.962,56.9778,454,0
2017-12-06,17:05:00,57.0011,57.0011,57.0011,57.0011,220,0
2017-12-06,17:10:00,56.96,56.96,56.96,56.96,100,0
2017-12-06,17:20:00,56.93,56.93,56.93,56.93,100,0
2017-12-06,17:30:00,56.97,56.97,56.965,56.965,200,0
2017-12-06,17:45:00,56.95,56.95,56.95,56.95,200,0
2017-12-06,18:05:00,56.92,56.92,56.92,56.92,300,0
2017-12-06,18:25:00,56.86,56.9046,56.86,56.9,400,0
2017-12-06,19:10:00,56.86,56.86,56.86,56.86,100,0
2017-12-06,19:25:00,56.85,56.92,56.85,56.92,300,0
2017-12-06,20:10:00,56.86,56.86,56.86,56.86,100,0
2017-12-06,20:30:00,56.88,56.88,56.88,56.88,100,0
2017-12-06,20:35:00,56.92,56.92,56.92,56.92,100,0
2017-12-06,20:40:00,56.95,56.95,56.93,56.93,200,0
2017-12-06,20:50:00,56.98,56.9899,56.98,56.9886,2696,0
2017-12-06,21:15:00,56.97,57.01,56.97,57.01,400,0
2017-12-06,21:25:00,56.85,56.85,56.85,56.85,100,0
2017-12-06,21:30:00,57.09,57.09,57.09,57.09,100,0
2017-12-06,22:00:00,56.9028,57.08,56.85,56.85,2087,0
