Date,Time,Open,High,Low,Close,Volume,OpenInt
2017-11-17,15:35:00,159.49,159.49,158.5,158.58,42786,0
2017-11-17,15:40:00,158.89,159.01,158.83,159,2055,0
2017-11-17,15:45:00,159.01,160.05,159,159.88,3969,0
2017-11-17,15:50:00,159.95,160.3,159.69,160.13,14665,0
2017-11-17,15:55:00,160.07,160.38,160.07,160.3,13581,0
2017-11-17,16:00:00,160.31,160.43,160.22,160.4,5230,0
2017-11-17,16:05:00,160.33,160.46,160.18,160.45,54382,0
2017-11-17,16:10:00,160.37,160.74,160.37,160.58,9298,0
2017-11-17,16:15:00,160.57,160.62,160.41,160.48,5682,0
2017-11-17,16:20:00,160.5,160.6,160.35,160.45,55568,0
2017-11-17,16:25:00,160.45,160.57,160.32,160.34,4992,0
2017-11-17,16:30:00,160.25,160.29,160.14,160.23,3910,0
2017-11-17,16:35:00,160.26,160.26,160.23,160.23,1104,0
2017-11-17,16:40:00,160.23,160.38,160.1,160.1,10050,0
2017-11-17,16:45:00,160.1,160.14,160.04,160.12,2924,0
2017-11-17,16:50:00,160.14,160.15,160.05,160.1,1935,0
2017-11-17,16:55:00,160.1,160.34,160.1,160.22,4160,0
2017-11-17,17:00:00,160.22,160.29,160.13,160.16,9233,0
2017-11-17,17:05:00,160.24,160.24,159.93,159.94,13155,0
2017-11-17,17:10:00,160,160.24,159.97,160,6905,0
2017-11-17,17:15:00,159.96,159.98,159.83,159.95,6216,0
2017-11-17,17:20:00,159.98,160.01,159.81,159.92,1805,0
2017-11-17,17:25:00,159.96,160.28,159.91,160.28,7922,0
2017-11-17,17:30:00,160.2,160.29,160.15,160.24,2887,0
2017-11-17,17:35:00,160.26,160.3,160.2,160.29,2607,0
2017-11-17,17:40:00,160.24,160.26,160.1,160.11,11702,0
2017-11-17,17:45:00,160.07,160.31,160.05,160.31,5345,0
2017-11-17,17:50:00,160.34,160.45,160.23,160.44,3962,0
2017-11-17,17:55:00,160.28,160.28,160.17,160.19,1701,0
2017-11-17,18:00:00,160.27,160.27,159.96,160.04,11277,0
2017-11-17,18:05:00,160.05,160.14,159.95,160.05,3271,0
2017-11-17,18:10:00,160.05,160.27,160.02,160.16,8605,0
2017-11-17,18:15:00,160.16,160.23,160.11,160.2,7219,0
2017-11-17,18:20:00,160.16,160.29,160.13,160.13,4934,0
2017-11-17,18:25:00,160.14,160.37,160.14,160.37,2827,0
2017-11-17,18:30:00,160.3,160.75,160.3,160.57,5919,0
2017-11-17,18:35:00,160.64,160.64,160.48,160.55,6502,0
2017-11-17,18:40:00,160.53,160.7,160.53,160.57,6083,0
2017-11-17,18:45:00,160.6,160.62,160.42,160.47,3308,0
2017-11-17,18:50:00,160.48,160.48,160.41,160.41,1614,0
2017-11-17,18:55:00,160.38,160.43,160.34,160.34,2392,0
2017-11-17,19:00:00,160.33,160.48,160.33,160.44,12488,0
2017-11-17,19:05:00,160.51,160.51,160.36,160.49,4538,0
2017-11-17,19:10:00,160.53,160.53,160.47,160.48,5488,0
2017-11-17,19:15:00,160.52,160.56,160.51,160.56,4877,0
2017-11-17,19:20:00,160.59,160.61,160.38,160.38,4036,0
2017-11-17,19:25:00,160.43,160.53,160.39,160.42,2105,0
2017-11-17,19:30:00,160.41,160.44,160.41,160.41,1504,0
2017-11-17,19:35:00,160.4,160.44,160.34,160.44,1775,0
2017-11-17,19:40:00,160.37,160.4,160.37,160.38,401,0
2017-11-17,19:45:00,160.4,160.4,160.32,160.36,8152,0
2017-11-17,19:50:00,160.35,160.39,160.33,160.38,2907,0
2017-11-17,19:55:00,160.37,160.39,160.32,160.32,4300,0
2017-11-17,20:00:00,160.28,160.28,160.17,160.2,4418,0
2017-11-17,20:05:00,160.16,160.16,159.98,160.1,6620,0
2017-11-17,20:10:00,160.12,160.25,160.1,160.19,2066,0
2017-11-17,20:15:00,160.17,160.2,160.13,160.2,2593,0
2017-11-17,20:20:00,160.15,160.26,160.13,160.24,25608,0
2017-11-17,20:25:00,160.21,160.4,160.21,160.39,2922,0
2017-11-17,20:30:00,160.32,160.38,160.32,160.33,4287,0
2017-11-17,20:35:00,160.36,160.62,160.36,160.43,8855,0
2017-11-17,20:40:00,160.47,160.51,160.41,160.42,1738,0
2017-11-17,20:45:00,160.42,160.64,160.42,160.58,4885,0
2017-11-17,20:50:00,160.54,160.72,160.52,160.71,8159,0
2017-11-17,20:55:00,160.65,160.7,160.58,160.7,5365,0
2017-11-17,21:00:00,160.65,160.89,160.65,160.89,5048,0
2017-11-17,21:05:00,160.9,160.9,160.4,160.48,6104,0
2017-11-17,21:10:00,160.51,160.57,160.47,160.57,4816,0
2017-11-17,21:15:00,160.5,160.55,160.46,160.53,15010,0
2017-11-17,21:20:00,160.51,160.53,160.33,160.33,6371,0
2017-11-17,21:25:00,160.36,160.36,160.26,160.27,13529,0
2017-11-17,21:30:00,160.25,160.3,160.17,160.27,6331,0
2017-11-17,21:35:00,160.24,160.36,160.24,160.34,2416,0
2017-11-17,21:40:00,160.34,160.34,160.28,160.32,7552,0
2017-11-17,21:45:00,160.3,160.3,160.16,160.16,6477,0
2017-11-17,21:50:00,160.13,160.15,160.02,160.15,10235,0
2017-11-17,21:55:00,160.14,160.19,160.08,160.15,7453,0
2017-11-17,22:00:00,160.16,160.42,160.16,160.19,174945,0
2017-11-20,15:35:00,160.75,160.94,160.16,160.92,12812,0
2017-11-20,15:40:00,160.64,160.77,160.25,160.33,3533,0
2017-11-20,15:45:00,160.26,160.61,160.26,160.61,6623,0
2017-11-20,15:50:00,160.62,161.37,160.61,161.26,62398,0
2017-11-20,15:55:00,161.33,161.33,161.1,161.16,3943,0
2017-11-20,16:00:00,161.12,161.18,160.96,161.03,4290,0
2017-11-20,16:05:00,161.16,161.81,161.16,161.5,9485,0
2017-11-20,16:10:00,161.55,161.55,161.29,161.4,7018,0
2017-11-20,16:15:00,161.4,161.52,161.29,161.3,4211,0
2017-11-20,16:20:00,161.35,161.39,161.32,161.36,1805,0
2017-11-20,16:25:00,161.37,161.51,161.37,161.44,4136,0
2017-11-20,16:30:00,161.42,161.42,161.29,161.29,1835,0
2017-11-20,16:35:00,161.29,161.63,161.29,161.55,8624,0
2017-11-20,16:40:00,161.57,161.74,161.52,161.57,6877,0
2017-11-20,16:45:00,161.55,161.61,161.45,161.6,6617,0
2017-11-20,16:50:00,161.64,161.73,161.58,161.73,6312,0
2017-11-20,16:55:00,161.73,161.75,161.68,161.71,6879,0
2017-11-20,17:00:00,161.74,161.87,161.71,161.87,5473,0
2017-11-20,17:05:00,161.87,161.95,161.75,161.95,6629,0
2017-11-20,17:10:00,161.91,162.03,161.91,162.02,6071,0
2017-11-20,17:15:00,162.02,162.16,162.01,162.14,11423,0
2017-11-20,17:20:00,162.16,162.16,161.99,162.11,5438,0
2017-11-20,17:25:00,162.22,162.22,161.86,161.86,8321,0
2017-11-20,17:30:00,161.8,161.83,161.69,161.71,3486,0
2017-11-20,17:35:00,161.63,161.7,161.49,161.49,2419,0
2017-11-20,17:40:00,161.54,161.6,161.44,161.5,4005,0
2017-11-20,17:45:00,161.49,161.64,161.49,161.6,3193,0
2017-11-20,17:50:00,161.56,161.61,161.33,161.33,6250,0
2017-11-20,17:55:00,161.37,161.51,161.33,161.36,7243,0
2017-11-20,18:00:00,161.41,161.64,161.36,161.59,4852,0
2017-11-20,18:05:00,161.57,161.61,161.49,161.5,4246,0
2017-11-20,18:10:00,161.46,161.61,161.45,161.55,7788,0
2017-11-20,18:15:00,161.52,161.61,161.51,161.53,2954,0
2017-11-20,18:20:00,161.53,161.54,161.45,161.45,4517,0
2017-11-20,18:25:00,161.46,161.47,161.34,161.47,4133,0
2017-11-20,18:30:00,161.48,161.54,161.45,161.51,2463,0
2017-11-20,18:35:00,161.52,161.54,161.46,161.54,6026,0
2017-11-20,18:40:00,161.52,161.56,161.47,161.47,5671,0
2017-11-20,18:45:00,161.47,161.52,161.47,161.51,3730,0
2017-11-20,18:50:00,161.5,161.51,161.33,161.33,7370,0
2017-11-20,18:55:00,161.34,161.41,161.29,161.39,5253,0
2017-11-20,19:00:00,161.39,161.39,161.34,161.37,13634,0
2017-11-20,19:05:00,161.4,161.48,161.4,161.48,6554,0
2017-11-20,19:10:00,161.45,161.47,161.39,161.43,3609,0
2017-11-20,19:15:00,161.42,161.45,161.4,161.41,3207,0
2017-11-20,19:20:00,161.4,161.52,161.4,161.52,4395,0
2017-11-20,19:25:00,161.52,161.85,161.51,161.78,18368,0
2017-11-20,19:30:00,161.81,161.95,161.78,161.85,8601,0
2017-11-20,19:35:00,161.86,161.99,161.86,161.93,6913,0
2017-11-20,19:40:00,161.98,162.01,161.92,161.99,5714,0
2017-11-20,19:45:00,161.95,162.28,161.95,162.27,10058,0
2017-11-20,19:50:00,162.26,162.37,162.25,162.35,2544,0
2017-11-20,19:55:00,162.31,162.36,162.25,162.35,7639,0
2017-11-20,20:00:00,162.35,162.51,162.35,162.43,7145,0
2017-11-20,20:05:00,162.41,162.41,162.1,162.1,7482,0
2017-11-20,20:10:00,162.1,162.11,161.99,162.1,7033,0
2017-11-20,20:15:00,162.08,162.14,162.03,162.08,5313,0
2017-11-20,20:20:00,162.07,162.07,162,162.02,2206,0
2017-11-20,20:25:00,161.99,162.01,161.84,161.86,4010,0
2017-11-20,20:30:00,161.86,161.91,161.82,161.89,18633,0
2017-11-20,20:35:00,161.86,161.9,161.83,161.88,3688,0
2017-11-20,20:40:00,161.89,161.89,161.76,161.8,19447,0
2017-11-20,20:45:00,161.82,161.89,161.82,161.88,11343,0
2017-11-20,20:50:00,161.89,161.95,161.86,161.94,2897,0
2017-11-20,20:55:00,161.94,162.14,161.94,162.14,9498,0
2017-11-20,21:00:00,162.18,162.31,161.99,162.15,27075,0
2017-11-20,21:05:00,162.17,162.19,162.07,162.08,3526,0
2017-11-20,21:10:00,162.08,162.14,162,162.01,7338,0
2017-11-20,21:15:00,162.06,162.09,162,162.04,11442,0
2017-11-20,21:20:00,162.05,162.21,162.04,162.12,22055,0
2017-11-20,21:25:00,162.1,162.19,162.1,162.18,13107,0
2017-11-20,21:30:00,162.17,162.23,162.16,162.19,16098,0
2017-11-20,21:35:00,162.19,162.31,162.19,162.23,14836,0
2017-11-20,21:40:00,162.24,162.32,162.21,162.21,17575,0
2017-11-20,21:45:00,162.2,162.2,162.06,162.06,19773,0
2017-11-20,21:50:00,162.06,162.14,161.98,161.98,59213,0
2017-11-20,21:55:00,161.99,161.99,161.67,161.73,38968,0
2017-11-20,22:00:00,161.73,161.8,161.68,161.78,109403,0
2017-11-21,15:35:00,162.28,162.28,161.78,161.78,8682,0
2017-11-21,15:40:00,161.97,162.34,161.83,162.01,63660,0
2017-11-21,15:45:00,162.13,162.21,162.03,162.19,2941,0
2017-11-21,15:50:00,162.2,162.72,162.2,162.4,11705,0
2017-11-21,15:55:00,162.49,162.71,162.42,162.59,3362,0
2017-11-21,16:00:00,162.59,162.89,162.59,162.76,5137,0
2017-11-21,16:05:00,162.72,162.72,162.48,162.71,4851,0
2017-11-21,16:10:00,162.7,162.7,162.49,162.6,3951,0
2017-11-21,16:15:00,162.61,162.77,162.53,162.77,9925,0
2017-11-21,16:20:00,162.72,162.75,162.63,162.66,4895,0
2017-11-21,16:25:00,162.66,162.81,162.57,162.66,27273,0
2017-11-21,16:30:00,162.7,162.74,162.65,162.69,8471,0
2017-11-21,16:35:00,162.64,162.64,162.54,162.59,4953,0
2017-11-21,16:40:00,162.59,162.61,162.41,162.47,2104,0
2017-11-21,16:45:00,162.42,162.59,162.42,162.53,7532,0
2017-11-21,16:50:00,162.57,162.59,162.49,162.59,2675,0
2017-11-21,16:55:00,162.57,162.72,162.55,162.71,5843,0
2017-11-21,17:00:00,162.71,162.9,162.68,162.84,8323,0
2017-11-21,17:05:00,162.88,163.07,162.85,162.98,3943,0
2017-11-21,17:10:00,162.98,162.98,162.9,162.94,3058,0
2017-11-21,17:15:00,162.95,162.95,162.85,162.9,4509,0
2017-11-21,17:20:00,162.91,162.94,162.87,162.91,4189,0
2017-11-21,17:25:00,162.94,162.97,162.89,162.91,4640,0
2017-11-21,17:30:00,162.91,162.94,162.8,162.8,4414,0
2017-11-21,17:35:00,162.76,162.78,162.58,162.59,2727,0
2017-11-21,17:40:00,162.58,162.64,162.5,162.5,15203,0
2017-11-21,17:45:00,162.47,162.54,162.47,162.54,24461,0
2017-11-21,17:50:00,162.5,162.54,162.47,162.54,5682,0
2017-11-21,17:55:00,162.53,162.57,162.49,162.55,7757,0
2017-11-21,18:00:00,162.57,162.67,162.57,162.64,3308,0
2017-11-21,18:05:00,162.63,162.63,162.55,162.55,2740,0
2017-11-21,18:10:00,162.56,162.59,162.35,162.35,4429,0
2017-11-21,18:15:00,162.34,162.34,162.28,162.29,3308,0
2017-11-21,18:20:00,162.27,162.27,162.19,162.27,11627,0
2017-11-21,18:25:00,162.3,162.49,162.3,162.44,11378,0
2017-11-21,18:30:00,162.48,162.56,162.44,162.55,20752,0
2017-11-21,18:35:00,162.55,162.63,162.49,162.63,1604,0
2017-11-21,18:40:00,162.66,162.72,162.58,162.72,3610,0
2017-11-21,18:45:00,162.68,162.84,162.67,162.83,5415,0
2017-11-21,18:50:00,162.82,162.82,162.77,162.77,2276,0
2017-11-21,18:55:00,162.79,162.87,162.78,162.87,8392,0
2017-11-21,19:00:00,162.88,163.05,162.88,163.02,4175,0
2017-11-21,19:05:00,163.02,163.13,163.01,163.13,5218,0
2017-11-21,19:10:00,163.11,163.21,163.11,163.14,5209,0
2017-11-21,19:15:00,163.17,163.25,163.16,163.21,2557,0
2017-11-21,19:20:00,163.24,163.27,163.24,163.27,449,0
2017-11-21,19:25:00,163.26,163.27,163.13,163.13,4675,0
2017-11-21,19:30:00,163.15,163.23,163.12,163.23,4309,0
2017-11-21,19:35:00,163.25,163.33,163.15,163.16,23389,0
2017-11-21,19:40:00,163.15,163.15,163,163.08,6615,0
2017-11-21,19:45:00,163.11,163.28,163.11,163.28,8695,0
2017-11-21,19:50:00,163.28,163.32,163.27,163.31,6529,0
2017-11-21,19:55:00,163.33,163.33,163.21,163.24,4821,0
2017-11-21,20:00:00,163.24,163.5,163.19,163.49,12360,0
2017-11-21,20:05:00,163.47,163.53,163.39,163.53,5880,0
2017-11-21,20:10:00,163.54,163.6,163.54,163.6,4164,0
2017-11-21,20:15:00,163.58,163.71,163.58,163.71,12368,0
2017-11-21,20:20:00,163.72,163.84,163.68,163.82,7260,0
2017-11-21,20:25:00,163.82,163.87,163.81,163.81,5719,0
2017-11-21,20:30:00,163.79,163.86,163.69,163.69,8421,0
2017-11-21,20:35:00,163.7,163.71,163.66,163.69,1705,0
2017-11-21,20:40:00,163.69,163.78,163.67,163.78,8062,0
2017-11-21,20:45:00,163.76,163.81,163.72,163.75,9739,0
2017-11-21,20:50:00,163.78,163.78,163.66,163.69,9186,0
2017-11-21,20:55:00,163.7,163.77,163.66,163.73,10382,0
2017-11-21,21:00:00,163.73,163.83,163.73,163.8,5352,0
2017-11-21,21:05:00,163.79,163.89,163.75,163.75,19352,0
2017-11-21,21:10:00,163.74,163.81,163.71,163.81,11997,0
2017-11-21,21:15:00,163.82,163.87,163.73,163.76,6565,0
2017-11-21,21:20:00,163.79,163.79,163.63,163.65,13914,0
2017-11-21,21:25:00,163.65,163.7,163.62,163.67,7159,0
2017-11-21,21:30:00,163.68,163.72,163.66,163.7,6775,0
2017-11-21,21:35:00,163.68,163.69,163.59,163.6,9320,0
2017-11-21,21:40:00,163.56,163.58,163.44,163.45,10012,0
2017-11-21,21:45:00,163.45,163.53,163.44,163.5,11434,0
2017-11-21,21:50:00,163.48,163.51,163.43,163.46,16865,0
2017-11-21,21:55:00,163.46,163.54,163.21,163.24,21880,0
2017-11-21,22:00:00,163.25,163.53,163.13,163.29,672466,0
2017-11-22,15:35:00,163.59,164.14,163.29,163.31,8711,0
2017-11-22,15:40:00,163.57,163.57,163.16,163.16,2616,0
2017-11-22,15:45:00,163.23,163.52,163.07,163.47,3810,0
2017-11-22,15:50:00,163.38,163.51,163.35,163.51,1704,0
2017-11-22,15:55:00,163.64,163.79,163.58,163.76,1704,0
2017-11-22,16:00:00,163.77,163.78,163.54,163.76,9651,0
2017-11-22,16:05:00,163.81,163.91,163.65,163.83,5642,0
2017-11-22,16:10:00,163.78,163.83,163.59,163.6,1915,0
2017-11-22,16:15:00,163.6,163.6,163.39,163.44,4393,0
2017-11-22,16:20:00,163.44,163.47,163.14,163.33,3627,0
2017-11-22,16:25:00,163.42,163.42,163.18,163.18,2063,0
2017-11-22,16:30:00,163.2,163.25,163.17,163.19,5450,0
2017-11-22,16:35:00,163.22,163.45,163.22,163.45,4060,0
2017-11-22,16:40:00,163.44,163.56,163.38,163.56,3674,0
2017-11-22,16:45:00,163.53,163.81,163.47,163.81,8660,0
2017-11-22,16:50:00,163.74,163.76,163.65,163.7,5458,0
2017-11-22,16:55:00,163.64,163.69,163.54,163.67,4808,0
2017-11-22,17:00:00,163.62,163.97,163.62,163.83,2207,0
2017-11-22,17:05:00,163.88,163.89,163.48,163.53,2849,0
2017-11-22,17:10:00,163.62,163.62,163.48,163.53,1924,0
2017-11-22,17:15:00,163.48,163.51,163.36,163.38,2306,0
2017-11-22,17:20:00,163.4,163.46,163.31,163.34,10894,0
2017-11-22,17:25:00,163.34,163.37,163.26,163.31,2219,0
2017-11-22,17:30:00,163.25,163.35,163.23,163.3,3234,0
2017-11-22,17:35:00,163.29,163.48,163.29,163.48,2415,0
2017-11-22,17:40:00,163.52,163.56,163.33,163.42,4311,0
2017-11-22,17:45:00,163.39,163.39,163.32,163.37,1404,0
2017-11-22,17:50:00,163.34,163.49,163.32,163.37,10054,0
2017-11-22,17:55:00,163.27,163.35,163.19,163.35,4838,0
2017-11-22,18:00:00,163.46,163.46,163.23,163.35,3893,0
2017-11-22,18:05:00,163.36,163.36,162.83,162.83,6827,0
2017-11-22,18:10:00,162.84,162.85,162.65,162.7,6642,0
2017-11-22,18:15:00,162.67,162.76,162.66,162.76,1515,0
2017-11-22,18:20:00,162.72,162.72,162.54,162.54,4712,0
2017-11-22,18:25:00,162.54,162.65,162.52,162.62,5313,0
2017-11-22,18:30:00,162.65,162.67,162.62,162.65,2366,0
2017-11-22,18:35:00,162.63,162.67,162.55,162.67,3448,0
2017-11-22,18:40:00,162.63,162.66,162.59,162.66,2551,0
2017-11-22,18:45:00,162.64,162.69,162.6,162.63,3030,0
2017-11-22,18:50:00,162.59,162.61,162.54,162.61,1504,0
2017-11-22,18:55:00,162.56,162.61,162.53,162.61,1921,0
2017-11-22,19:00:00,162.63,162.75,162.61,162.75,2311,0
2017-11-22,19:05:00,162.74,162.74,162.68,162.72,602,0
2017-11-22,19:10:00,162.77,162.77,162.67,162.67,2714,0
2017-11-22,19:15:00,162.67,162.76,162.67,162.7,3008,0
2017-11-22,19:20:00,162.7,162.72,162.56,162.59,2707,0
2017-11-22,19:25:00,162.56,162.59,162.43,162.43,1905,0
2017-11-22,19:30:00,162.45,162.53,162.43,162.5,2916,0
2017-11-22,19:35:00,162.55,162.56,162.48,162.48,2533,0
2017-11-22,19:40:00,162.48,162.56,162.48,162.51,3853,0
2017-11-22,19:45:00,162.51,162.51,162.36,162.37,3740,0
2017-11-22,19:50:00,162.38,162.38,162.31,162.35,1704,0
2017-11-22,19:55:00,162.35,162.36,162.25,162.25,2444,0
2017-11-22,20:00:00,162.29,162.3,162.25,162.3,2767,0
2017-11-22,20:05:00,162.3,162.35,162.29,162.35,4110,0
2017-11-22,20:10:00,162.34,162.38,162.32,162.34,2704,0
2017-11-22,20:15:00,162.36,162.49,162.36,162.49,3919,0
2017-11-22,20:20:00,162.51,162.51,162.38,162.42,2848,0
2017-11-22,20:25:00,162.41,162.43,162.36,162.39,2822,0
2017-11-22,20:30:00,162.39,162.44,162.34,162.41,2513,0
2017-11-22,20:35:00,162.39,162.42,162.35,162.37,2508,0
2017-11-22,20:40:00,162.34,162.42,162.34,162.38,2550,0
2017-11-22,20:45:00,162.38,162.54,162.38,162.53,8326,0
2017-11-22,20:50:00,162.55,162.55,162.47,162.47,2848,0
2017-11-22,20:55:00,162.48,162.53,162.45,162.52,2907,0
2017-11-22,21:00:00,162.53,162.6,162.51,162.6,6340,0
2017-11-22,21:05:00,162.6,162.64,162.59,162.64,4678,0
2017-11-22,21:10:00,162.65,162.67,162.62,162.64,4802,0
2017-11-22,21:15:00,162.65,162.72,162.65,162.72,5117,0
2017-11-22,21:20:00,162.72,162.77,162.72,162.77,6878,0
2017-11-22,21:25:00,162.78,162.83,162.78,162.78,8003,0
2017-11-22,21:30:00,162.79,162.79,162.7,162.71,6421,0
2017-11-22,21:35:00,162.71,162.78,162.71,162.78,7717,0
2017-11-22,21:40:00,162.79,162.88,162.79,162.85,9970,0
2017-11-22,21:45:00,162.86,162.94,162.86,162.9,6576,0
2017-11-22,21:50:00,162.93,163.01,162.91,162.97,10894,0
2017-11-22,21:55:00,162.98,163.11,162.94,163.11,13951,0
2017-11-22,22:00:00,163.1,163.1,162.79,162.81,115955,0
2017-11-24,15:35:00,163.07,163.29,163.07,163.29,4553,0
2017-11-24,15:40:00,163.01,163.65,162.93,163.01,702,0
2017-11-24,15:45:00,163.15,163.46,163.09,163.26,4532,0
2017-11-24,15:50:00,163.17,163.74,163.17,163.74,3870,0
2017-11-24,15:55:00,163.66,163.91,163.63,163.88,7398,0
2017-11-24,16:00:00,163.81,164.04,163.81,164.04,1090,0
2017-11-24,16:05:00,164,164.15,163.92,164.09,5592,0
2017-11-24,16:10:00,164.14,164.22,163.92,163.92,4110,0
2017-11-24,16:15:00,163.9,164.14,163.87,164.13,3308,0
2017-11-24,16:20:00,163.99,164.14,163.99,164.06,1003,0
2017-11-24,16:25:00,164.12,164.14,163.9,163.9,4876,0
2017-11-24,16:30:00,163.79,163.79,163.79,163.79,100,0
2017-11-24,16:35:00,163.83,163.83,163.62,163.82,3898,0
2017-11-24,16:40:00,163.83,163.85,163.73,163.77,2105,0
2017-11-24,16:45:00,163.73,163.79,163.72,163.79,2005,0
2017-11-24,16:50:00,163.82,163.82,163.82,163.82,637,0
2017-11-24,16:55:00,163.74,163.76,163.68,163.76,13652,0
2017-11-24,17:00:00,163.76,163.76,163.73,163.76,1805,0
2017-11-24,17:05:00,163.72,163.8,163.67,163.8,3211,0
2017-11-24,17:10:00,163.81,163.93,163.81,163.84,3139,0
2017-11-24,17:15:00,163.84,163.84,163.72,163.76,2206,0
2017-11-24,17:20:00,163.77,163.84,163.75,163.78,3205,0
2017-11-24,17:25:00,163.72,163.77,163.61,163.75,3701,0
2017-11-24,17:30:00,163.7,163.74,163.69,163.7,2183,0
2017-11-24,17:35:00,163.69,163.75,163.45,163.45,3516,0
2017-11-24,17:40:00,163.47,163.5,163.33,163.5,4733,0
2017-11-24,17:45:00,163.52,163.8,163.52,163.8,3459,0
2017-11-24,17:50:00,163.78,163.91,163.78,163.86,3530,0
2017-11-24,17:55:00,163.81,163.9,163.8,163.8,2125,0
2017-11-24,18:00:00,163.87,163.87,163.8,163.85,1731,0
2017-11-24,18:05:00,163.9,163.91,163.8,163.9,3255,0
2017-11-24,18:10:00,163.93,163.93,163.85,163.85,1333,0
2017-11-24,18:15:00,163.87,163.96,163.87,163.93,2105,0
2017-11-24,18:20:00,163.9,163.93,163.86,163.93,2306,0
2017-11-24,18:25:00,163.87,163.9,163.82,163.82,1494,0
2017-11-24,18:30:00,163.82,163.82,163.73,163.81,3065,0
2017-11-24,18:35:00,163.8,163.93,163.79,163.93,1393,0
2017-11-24,18:40:00,163.96,164.08,163.94,164.08,4304,0
2017-11-24,18:45:00,164.08,164.09,164.01,164.09,5547,0
2017-11-24,18:50:00,164.04,164.05,163.77,163.77,5724,0
2017-11-24,18:55:00,163.81,163.89,163.81,163.84,4195,0
2017-11-24,19:00:00,163.84,163.84,163.67,163.74,11173,0
2017-11-24,19:05:00,163.77,163.77,163.73,163.73,36604,0
2017-11-27,15:35:00,163.81,164.23,163.54,164.185,14103,0
2017-11-27,15:40:00,164.1,164.5,164.05,164.45,2700,0
2017-11-27,15:45:00,164.58,164.63,164.39,164.39,4153,0
2017-11-27,15:50:00,164.335,164.53,164.3,164.455,4329,0
2017-11-27,15:55:00,164.42,164.52,164.265,164.265,5477,0
2017-11-27,16:00:00,164.27,164.31,164.21,164.28,3207,0
2017-11-27,16:05:00,164.21,164.21,163.9,164.0479,3509,0
2017-11-27,16:10:00,163.99,164.31,163.99,164.26,4600,0
2017-11-27,16:15:00,164.35,164.43,164.1,164.2,3635,0
2017-11-27,16:20:00,164.225,164.32,164.225,164.32,6213,0
2017-11-27,16:25:00,164.31,164.35,164.195,164.345,7042,0
2017-11-27,16:30:00,164.31,164.33,164.27,164.33,2274,0
2017-11-27,16:35:00,164.35,164.44,164.35,164.38,9690,0
2017-11-27,16:40:00,164.4,164.4,164.26,164.33,1500,0
2017-11-27,16:45:00,164.32,164.55,164.31,164.45,7440,0
2017-11-27,16:50:00,164.495,164.54,164.47,164.535,2361,0
2017-11-27,16:55:00,164.57,164.57,164.4111,164.455,7571,0
2017-11-27,17:00:00,164.49,164.49,164.37,164.37,2740,0
2017-11-27,17:05:00,164.429,164.56,164.415,164.56,2300,0
2017-11-27,17:10:00,164.61,164.63,164.56,164.56,2550,0
2017-11-27,17:15:00,164.57,164.61,164.49,164.57,9778,0
2017-11-27,17:20:00,164.555,164.6,164.49,164.49,4800,0
2017-11-27,17:25:00,164.48,164.48,164.3636,164.3636,3139,0
2017-11-27,17:30:00,164.35,164.48,164.19,164.19,6872,0
2017-11-27,17:35:00,164.1,164.21,164.1,164.165,2399,0
2017-11-27,17:40:00,164.16,164.2325,164.125,164.17,7217,0
2017-11-27,17:45:00,164.23,164.3,164.2,164.25,4122,0
2017-11-27,17:50:00,164.3,164.36,164.25,164.31,2300,0
2017-11-27,17:55:00,164.31,164.38,164.28,164.35,1408,0
2017-11-27,18:00:00,164.34,164.34,164.19,164.19,2313,0
2017-11-27,18:05:00,164.16,164.22,164.16,164.16,400,0
2017-11-27,18:10:00,164.22,164.45,164.22,164.41,4677,0
2017-11-27,18:15:00,164.41,164.49,164.41,164.4747,1275,0
2017-11-27,18:20:00,164.49,164.535,164.45,164.535,1100,0
2017-11-27,18:25:00,164.55,164.6,164.54,164.595,1400,0
2017-11-27,18:30:00,164.68,164.68,164.56,164.67,6258,0
2017-11-27,18:35:00,164.67,164.71,164.635,164.68,3126,0
2017-11-27,18:40:00,164.65,164.684,164.53,164.6,6600,0
2017-11-27,18:45:00,164.6,164.61,164.58,164.61,6869,0
2017-11-27,18:50:00,164.61,164.64,164.57,164.64,2494,0
2017-11-27,18:55:00,164.65,164.65,164.58,164.595,3950,0
2017-11-27,19:00:00,164.595,164.61,164.57,164.61,1800,0
2017-11-27,19:05:00,164.61,164.69,164.61,164.67,5849,0
2017-11-27,19:10:00,164.665,164.665,164.615,164.66,1664,0
2017-11-27,19:15:00,164.6,164.605,164.58,164.6,2730,0
2017-11-27,19:20:00,164.6,164.6,164.48,164.55,7693,0
2017-11-27,19:25:00,164.57,164.57,164.49,164.49,1541,0
2017-11-27,19:30:00,164.54,164.57,164.51,164.54,3645,0
2017-11-27,19:35:00,164.535,164.55,164.5175,164.53,4100,0
2017-11-27,19:40:00,164.5,164.54,164.47,164.47,6200,0
2017-11-27,19:45:00,164.5,164.58,164.4501,164.56,8237,0
2017-11-27,19:50:00,164.61,164.71,164.61,164.71,1900,0
2017-11-27,19:55:00,164.71,164.77,164.71,164.72,3314,0
2017-11-27,20:00:00,164.72,164.79,164.72,164.79,2417,0
2017-11-27,20:05:00,164.77,164.77,164.66,164.66,3591,0
2017-11-27,20:10:00,164.655,164.655,164.49,164.515,3011,0
2017-11-27,20:15:00,164.49,164.5,164.32,164.32,2635,0
2017-11-27,20:20:00,164.34,164.51,164.32,164.5,6171,0
2017-11-27,20:25:00,164.52,164.535,164.45,164.52,2900,0
2017-11-27,20:30:00,164.529,164.55,164.5,164.52,1620,0
2017-11-27,20:35:00,164.5,164.51,164.42,164.455,7350,0
2017-11-27,20:40:00,164.47,164.65,164.47,164.65,14327,0
2017-11-27,20:45:00,164.66,164.7,164.47,164.66,14217,0
2017-11-27,20:50:00,164.65,164.7745,164.615,164.715,6918,0
2017-11-27,20:55:00,164.74,164.74,164.58,164.59,3000,0
2017-11-27,21:00:00,164.56,164.72,164.56,164.72,2556,0
2017-11-27,21:05:00,164.67,164.68,164.51,164.5662,9053,0
2017-11-27,21:10:00,164.54,164.56,164.47,164.54,3570,0
2017-11-27,21:15:00,164.57,164.67,164.53,164.53,7213,0
2017-11-27,21:20:00,164.515,164.58,164.49,164.575,8092,0
2017-11-27,21:25:00,164.58,164.62,164.5275,164.5275,4992,0
2017-11-27,21:30:00,164.55,164.6038,164.545,164.59,2420,0
2017-11-27,21:35:00,164.58,164.73,164.55,164.71,12184,0
2017-11-27,21:40:00,164.72,164.73,164.6,164.65,12588,0
2017-11-27,21:45:00,164.62,164.7,164.61,164.68,7454,0
2017-11-27,21:50:00,164.71,164.79,164.5,164.59,12299,0
2017-11-27,21:55:00,164.61,164.61,164.48,164.48,9647,0
2017-11-27,22:00:00,164.48,164.62,164.4,164.4,115754,0
2017-11-28,15:35:00,164.98,165,164.16,164.16,14746,0
2017-11-28,15:40:00,163.98,164.02,163.6,163.795,5598,0
2017-11-28,15:45:00,163.95,164.3,163.66,164.3,7423,0
2017-11-28,15:50:00,164.17,164.2,164,164.065,7588,0
2017-11-28,15:55:00,164.065,164.43,164.01,164.43,6222,0
2017-11-28,16:00:00,164.37,164.6,164.37,164.53,1600,0
2017-11-28,16:05:00,164.62,164.66,164.49,164.635,4200,0
2017-11-28,16:10:00,164.65,164.77,164.49,164.49,3744,0
2017-11-28,16:15:00,164.54,164.67,164.48,164.635,2500,0
2017-11-28,16:20:00,164.6,164.6,164.43,164.57,4700,0
2017-11-28,16:25:00,164.57,164.816,164.57,164.71,3035,0
2017-11-28,16:30:00,164.685,164.87,164.685,164.87,1712,0
2017-11-28,16:35:00,164.815,164.815,164.53,164.695,4449,0
2017-11-28,16:40:00,164.71,164.78,164.7,164.78,3600,0
2017-11-28,16:45:00,164.81,164.88,164.81,164.88,807,0
2017-11-28,16:50:00,164.82,164.86,164.66,164.7,2700,0
2017-11-28,16:55:00,164.64,164.68,164.6,164.61,446,0
2017-11-28,17:00:00,164.59,164.59,164.47,164.48,5131,0
2017-11-28,17:05:00,164.35,164.46,164.29,164.46,4391,0
2017-11-28,17:10:00,164.4,164.46,164.31,164.31,2107,0
2017-11-28,17:15:00,164.34,164.36,164.22,164.23,5750,0
2017-11-28,17:20:00,164.29,164.33,164.16,164.16,2800,0
2017-11-28,17:25:00,164.205,164.4,164.18,164.4,6200,0
2017-11-28,17:30:00,164.37,164.49,164.37,164.49,2931,0
2017-11-28,17:35:00,164.45,164.49,164.4,164.49,2900,0
2017-11-28,17:40:00,164.49,164.93,164.49,164.845,7557,0
2017-11-28,17:45:00,164.89,164.96,164.73,164.7675,2700,0
2017-11-28,17:50:00,164.73,164.75,164.5,164.52,2500,0
2017-11-28,17:55:00,164.545,164.68,164.53,164.53,3300,0
2017-11-28,18:00:00,164.585,164.74,164.56,164.74,3300,0
2017-11-28,18:05:00,164.78,164.86,164.78,164.78,1342,0
2017-11-28,18:10:00,164.73,164.83,164.72,164.79,2200,0
2017-11-28,18:15:00,164.85,165.19,164.85,165.12,5000,0
2017-11-28,18:20:00,165.07,165.07,164.87,164.99,3100,0
2017-11-28,18:25:00,165.03,165.1,164.99,165.08,2836,0
2017-11-28,18:30:00,165.09,165.12,164.93,164.93,2380,0
2017-11-28,18:35:00,164.93,165.06,164.88,164.95,4765,0
2017-11-28,18:40:00,165.01,165.01,164.91,164.99,1600,0
2017-11-28,18:45:00,164.91,164.96,164.88,164.89,1825,0
2017-11-28,18:50:00,164.89,164.89,164.57,164.57,4260,0
2017-11-28,18:55:00,164.62,164.84,164.62,164.84,4356,0
2017-11-28,19:00:00,164.82,164.9,164.79,164.85,2834,0
2017-11-28,19:05:00,164.91,164.97,164.83,164.96,5440,0
2017-11-28,19:10:00,164.99,165.12,164.99,165.12,2000,0
2017-11-28,19:15:00,165.13,165.18,165.06,165.08,3994,0
2017-11-28,19:20:00,165.08,165.0875,164.78,164.82,6300,0
2017-11-28,19:25:00,164.77,164.88,164.62,164.66,5296,0
2017-11-28,19:30:00,164.62,164.79,164.59,164.725,10301,0
2017-11-28,19:35:00,164.66,164.88,164.66,164.87,6525,0
2017-11-28,19:40:00,164.97,164.97,164.81,164.82,2529,0
2017-11-28,19:45:00,164.81,164.81,164.65,164.7002,8499,0
2017-11-28,19:50:00,164.7112,164.7112,164.59,164.59,2200,0
2017-11-28,19:55:00,164.64,164.67,164.39,164.4,4379,0
2017-11-28,20:00:00,164.36,164.39,164.23,164.27,3271,0
2017-11-28,20:05:00,164.4,164.4,164.22,164.36,2306,0
2017-11-28,20:10:00,164.39,164.54,164.39,164.54,2700,0
2017-11-28,20:15:00,164.59,164.59,164.4,164.41,1700,0
2017-11-28,20:20:00,164.46,164.56,164.38,164.56,4074,0
2017-11-28,20:25:00,164.57,164.57,164.48,164.48,1381,0
2017-11-28,20:30:00,164.48,164.596,164.46,164.53,3545,0
2017-11-28,20:35:00,164.53,164.57,164.44,164.53,3891,0
2017-11-28,20:40:00,164.59,164.59,164.46,164.46,4300,0
2017-11-28,20:45:00,164.46,164.74,164.46,164.62,6300,0
2017-11-28,20:50:00,164.66,164.85,164.66,164.75,4150,0
2017-11-28,20:55:00,164.78,165,164.77,164.91,4625,0
2017-11-28,21:00:00,164.9475,165.01,164.87,164.96,4240,0
2017-11-28,21:05:00,164.95,164.98,164.8,164.98,10090,0
2017-11-28,21:10:00,164.97,165.12,164.9509,165.08,7348,0
2017-11-28,21:15:00,165.05,165.51,165.04,165.41,6123,0
2017-11-28,21:20:00,165.44,165.69,165.44,165.63,7570,0
2017-11-28,21:25:00,165.61,165.67,165.51,165.56,6218,0
2017-11-28,21:30:00,165.59,165.59,165.24,165.32,3100,0
2017-11-28,21:35:00,165.29,165.44,165.29,165.44,10909,0
2017-11-28,21:40:00,165.4204,165.48,165.29,165.39,10476,0
2017-11-28,21:45:00,165.35,165.67,165.34,165.6699,9463,0
2017-11-28,21:50:00,165.68,165.73,165.56,165.65,19479,0
2017-11-28,21:55:00,165.65,165.76,165.64,165.66,19178,0
2017-11-28,22:00:00,165.69,165.84,165.54,165.83,162640,0
2017-11-29,15:35:00,166.22,166.6,166.03,166.225,12430,0
2017-11-29,15:40:00,166.09,167.08,166.07,166.7,6243,0
2017-11-29,15:45:00,166.86,167.87,166.83,167.365,14950,0
2017-11-29,15:50:00,167.16,167.37,167.06,167.06,7920,0
2017-11-29,15:55:00,166.94,167.55,166.84,167.45,16837,0
2017-11-29,16:00:00,167.43,167.565,167.05,167.05,18691,0
2017-11-29,16:05:00,167.08,167.08,166.81,166.88,14025,0
2017-11-29,16:10:00,166.88,166.88,166.55,166.66,11732,0
2017-11-29,16:15:00,166.65,166.835,166.6,166.71,10640,0
2017-11-29,16:20:00,166.68,166.68,166.21,166.31,10553,0
2017-11-29,16:25:00,166.31,166.41,166.025,166.05,11411,0
2017-11-29,16:30:00,166.1,166.27,165.86,166.14,7481,0
2017-11-29,16:35:00,166.1,166.29,165.98,166.06,12120,0
2017-11-29,16:40:00,166.1,166.61,166.1,166.53,10055,0
2017-11-29,16:45:00,166.56,166.57,166.26,166.395,9572,0
2017-11-29,16:50:00,166.4,166.5,166.34,166.5,6790,0
2017-11-29,16:55:00,166.54,167.2291,166.15,166.15,14502,0
2017-11-29,17:00:00,166.27,166.46,165.92,165.92,3260,0
2017-11-29,17:05:00,165.91,165.955,165.76,165.76,4900,0
2017-11-29,17:10:00,165.69,165.72,165.36,165.36,5160,0
2017-11-29,17:15:00,165.325,165.59,165.185,165.33,16000,0
2017-11-29,17:20:00,165.28,165.47,164.52,164.65,47959,0
2017-11-29,17:25:00,164.545,164.95,164.5,164.83,10180,0
2017-11-29,17:30:00,164.87,164.89,164.615,164.72,4020,0
2017-11-29,17:35:00,164.91,165.16,164.89,165.02,7293,0
2017-11-29,17:40:00,165.05,165.22,164.88,164.88,11949,0
2017-11-29,17:45:00,164.81,164.9,164.62,164.66,4509,0
2017-11-29,17:50:00,164.65,164.66,164.4,164.54,10800,0
2017-11-29,17:55:00,164.53,164.54,164.3,164.47,9165,0
2017-11-29,18:00:00,164.42,164.42,164.06,164.06,7211,0
2017-11-29,18:05:00,164.06,164.18,163.64,163.64,13459,0
2017-11-29,18:10:00,163.75,164.0199,163.7,163.95,7441,0
2017-11-29,18:15:00,164.01,164.11,163.94,163.96,6140,0
2017-11-29,18:20:00,164.01,164.17,163.99,164.1482,6441,0
2017-11-29,18:25:00,164.18,164.36,164.18,164.28,3931,0
2017-11-29,18:30:00,164.35,164.37,164.27,164.27,1950,0
2017-11-29,18:35:00,164.26,164.26,164.13,164.18,5327,0
2017-11-29,18:40:00,164.22,164.54,164.22,164.5,8500,0
2017-11-29,18:45:00,164.51,164.55,164.46,164.49,4000,0
2017-11-29,18:50:00,164.49,164.525,164.4,164.42,5610,0
2017-11-29,18:55:00,164.46,164.52,164.27,164.27,2202,0
2017-11-29,19:00:00,164.27,164.31,164.27,164.295,1800,0
2017-11-29,19:05:00,164.32,164.34,164.06,164.06,8300,0
2017-11-29,19:10:00,164.08,164.1,164,164.09,5579,0
2017-11-29,19:15:00,164.05,164.165,164.02,164.165,3795,0
2017-11-29,19:20:00,164.21,164.21,164.1,164.15,3900,0
2017-11-29,19:25:00,164.15,164.17,164,164.025,4100,0
2017-11-29,19:30:00,163.975,164.05,163.9,163.98,6400,0
2017-11-29,19:35:00,163.96,164.05,163.96,164.02,2200,0
2017-11-29,19:40:00,163.94,163.94,163.84,163.84,1800,0
2017-11-29,19:45:00,163.9,164.25,163.84,164.25,12228,0
2017-11-29,19:50:00,164.22,164.27,164.18,164.25,4062,0
2017-11-29,19:55:00,164.29,164.3,164.22,164.28,2677,0
2017-11-29,20:00:00,164.26,164.39,164.22,164.305,7997,0
2017-11-29,20:05:00,164.27,164.51,164.27,164.38,10394,0
2017-11-29,20:10:00,164.34,164.42,164.23,164.42,3890,0
2017-11-29,20:15:00,164.5,164.54,164.37,164.37,5597,0
2017-11-29,20:20:00,164.37,164.51,164.36,164.51,4500,0
2017-11-29,20:25:00,164.51,164.5576,164.41,164.42,6559,0
2017-11-29,20:30:00,164.47,164.48,164.39,164.48,2500,0
2017-11-29,20:35:00,164.51,164.52,164.28,164.36,6893,0
2017-11-29,20:40:00,164.29,164.31,164.1,164.1,4500,0
2017-11-29,20:45:00,164.09,164.29,164.09,164.2,7163,0
2017-11-29,20:50:00,164.18,164.46,164.18,164.46,3545,0
2017-11-29,20:55:00,164.425,164.48,164.39,164.48,6665,0
2017-11-29,21:00:00,164.49,164.52,164.39,164.39,6279,0
2017-11-29,21:05:00,164.32,164.355,164.23,164.27,6615,0
2017-11-29,21:10:00,164.28,164.43,164.26,164.38,31200,0
2017-11-29,21:15:00,164.37,164.395,164.21,164.23,4059,0
2017-11-29,21:20:00,164.21,164.24,164.11,164.11,7477,0
2017-11-29,21:25:00,164.12,164.32,164.12,164.315,11080,0
2017-11-29,21:30:00,164.34,164.47,164.22,164.46,15383,0
2017-11-29,21:35:00,164.47,164.54,164.435,164.49,16900,0
2017-11-29,21:40:00,164.47,164.55,164.41,164.535,14131,0
2017-11-29,21:45:00,164.52,164.55,164.47,164.49,22068,0
2017-11-29,21:50:00,164.49,164.69,164.48,164.625,15484,0
2017-11-29,21:55:00,164.64,164.79,164.62,164.75,21581,0
2017-11-29,22:00:00,164.76,164.87,164.7,164.73,145682,0
2017-11-30,15:35:00,165.42,165.69,164.58,164.6,15775,0
2017-11-30,15:40:00,164.62,164.97,164.19,164.19,5689,0
2017-11-30,15:45:00,164.21,164.39,163.33,163.836,13799,0
2017-11-30,15:50:00,163.55,163.69,163.24,163.48,13651,0
2017-11-30,15:55:00,163.66,164.26,163.66,164.19,9750,0
2017-11-30,16:00:00,164.1,164.32,163.88,164,8621,0
2017-11-30,16:05:00,164,164.18,164,164.06,6296,0
2017-11-30,16:10:00,164.08,164.19,163.67,163.7,8237,0
2017-11-30,16:15:00,163.7,164.13,163.515,164.13,11682,0
2017-11-30,16:20:00,164.18,164.18,163.77,163.93,10932,0
2017-11-30,16:25:00,164.01,164.445,164.01,164.42,8723,0
2017-11-30,16:30:00,164.3,164.47,164.24,164.38,7727,0
2017-11-30,16:35:00,164.365,164.47,164.19,164.25,9430,0
2017-11-30,16:40:00,164.24,164.24,163.91,164.03,9200,0
2017-11-30,16:45:00,164.06,164.17,163.94,163.97,13669,0
2017-11-30,16:50:00,164,164.29,163.83,164.29,30488,0
2017-11-30,16:55:00,164.3,164.59,164.28,164.35,4859,0
2017-11-30,17:00:00,164.46,164.78,164.36,164.78,6601,0
2017-11-30,17:05:00,164.82,165.17,164.8,165.03,7881,0
2017-11-30,17:10:00,165.0491,165.08,164.87,164.89,6106,0
2017-11-30,17:15:00,164.915,165.09,164.72,165.09,8122,0
2017-11-30,17:20:00,165.32,165.47,165.11,165.47,6274,0
2017-11-30,17:25:00,165.4,165.4,165.13,165.28,3810,0
2017-11-30,17:30:00,165.29,165.29,164.71,164.9,6800,0
2017-11-30,17:35:00,164.9,165.05,164.64,165.025,5216,0
2017-11-30,17:40:00,164.96,165.09,164.77,165.09,4922,0
2017-11-30,17:45:00,165.2,165.3,164.89,164.9679,2655,0
2017-11-30,17:50:00,164.99,165.18,164.92,165.03,4418,0
2017-11-30,17:55:00,165.14,165.72,165.14,165.64,3769,0
2017-11-30,18:00:00,165.51,165.55,165.48,165.55,1785,0
2017-11-30,18:05:00,165.65,165.7,165.52,165.52,6807,0
2017-11-30,18:10:00,165.42,165.73,165.33,165.73,3987,0
2017-11-30,18:15:00,165.74,165.92,165.7,165.82,4207,0
2017-11-30,18:20:00,165.91,165.94,165.62,165.62,2300,0
2017-11-30,18:25:00,165.73,165.83,165.47,165.59,20415,0
2017-11-30,18:30:00,165.47,165.53,165.26,165.49,10185,0
2017-11-30,18:35:00,165.42,165.91,165.42,165.87,7100,0
2017-11-30,18:40:00,165.88,166.12,165.88,166.075,13522,0
2017-11-30,18:45:00,166.13,166.34,166.08,166.26,5019,0
2017-11-30,18:50:00,166.34,166.62,166.25,166.43,14716,0
2017-11-30,18:55:00,166.465,166.465,166.11,166.18,3500,0
2017-11-30,19:00:00,166.26,166.315,165.92,166.315,5500,0
2017-11-30,19:05:00,166.2,166.24,166.07,166.18,31956,0
2017-11-30,19:10:00,166.22,166.22,165.86,165.89,4540,0
2017-11-30,19:15:00,165.99,166.25,165.9,165.9,32300,0
2017-11-30,19:20:00,165.91,165.91,165.55,165.74,3400,0
2017-11-30,19:25:00,165.66,165.74,165.35,165.42,6723,0
2017-11-30,19:30:00,165.505,165.7,165.33,165.61,8538,0
2017-11-30,19:35:00,165.55,165.595,165.47,165.595,2100,0
2017-11-30,19:40:00,165.545,165.6,165.33,165.33,3100,0
2017-11-30,19:45:00,165.3,165.42,165.07,165.17,3607,0
2017-11-30,19:50:00,165.105,165.18,164.96,165.04,4630,0
2017-11-30,19:55:00,165.01,165.01,164.81,164.84,4788,0
2017-11-30,20:00:00,164.83,166,164.72,165.08,43834,0
2017-11-30,20:05:00,165.17,165.26,165.01,165.01,3400,0
2017-11-30,20:10:00,165,165.16,164.77,164.89,11307,0
2017-11-30,20:15:00,164.8,165.12,164.8,164.98,4025,0
2017-11-30,20:20:00,165.015,165.06,164.89,164.89,2029,0
2017-11-30,20:25:00,164.89,165,164.87,164.89,4900,0
2017-11-30,20:30:00,164.87,165.38,164.87,165.38,4056,0
2017-11-30,20:35:00,165.3,165.35,165.2,165.23,4312,0
2017-11-30,20:40:00,165.26,165.26,164.99,165.11,5056,0
2017-11-30,20:45:00,165.1,165.13,164.98,165.08,5853,0
2017-11-30,20:50:00,165.105,165.2,165.06,165.06,3914,0
2017-11-30,20:55:00,165.1315,165.17,164.98,165.11,5715,0
2017-11-30,21:00:00,165.06,165.07,164.78,164.86,5100,0
2017-11-30,21:05:00,164.87,164.9,164.67,164.745,8030,0
2017-11-30,21:10:00,164.735,164.755,164.54,164.6,11842,0
2017-11-30,21:15:00,164.56,165.04,164.56,165.04,11578,0
2017-11-30,21:20:00,165.14,165.16,165.04,165.06,9341,0
2017-11-30,21:25:00,165.085,165.24,165.02,165.22,7970,0
2017-11-30,21:30:00,165.25,165.41,165.24,165.4,10827,0
2017-11-30,21:35:00,165.42,165.46,165.18,165.18,21161,0
2017-11-30,21:40:00,165.19,165.3,165.05,165.05,14152,0
2017-11-30,21:45:00,165.12,165.18,165.09,165.11,12438,0
2017-11-30,21:50:00,165.15,165.68,165.1,165.68,32298,0
2017-11-30,21:55:00,165.69,165.8,165.49,165.54,26975,0
2017-11-30,22:00:00,165.525,165.62,165.15,165.48,481919,0
2017-12-01,15:35:00,165.26,165.75,164.47,164.77,21202,0
2017-12-01,15:40:00,164.61,164.75,164.05,164.15,7697,0
2017-12-01,15:45:00,164.15,164.61,164.1,164.4,8297,0
2017-12-01,15:50:00,164.41,164.765,164.17,164.605,7135,0
2017-12-01,15:55:00,164.65,165.385,164.65,165.355,12152,0
2017-12-01,16:00:00,165.32,165.88,165.3,165.79,19662,0
2017-12-01,16:05:00,165.81,166.25,165.76,165.89,20642,0
2017-12-01,16:10:00,165.78,166.15,165.69,166.15,14297,0
2017-12-01,16:15:00,166.22,166.28,165.78,166.1,8915,0
2017-12-01,16:20:00,166.14,166.55,166.02,166.55,4993,0
2017-12-01,16:25:00,166.45,166.46,166.18,166.24,4465,0
2017-12-01,16:30:00,166.195,166.45,166.195,166.34,12034,0
2017-12-01,16:35:00,166.3805,166.56,166.26,166.26,11030,0
2017-12-01,16:40:00,166.31,166.31,165.805,165.88,19294,0
2017-12-01,16:45:00,165.64,165.98,165.64,165.81,4734,0
2017-12-01,16:50:00,165.84,166.1,165.81,166.08,5305,0
2017-12-01,16:55:00,166.09,166.39,166.09,166.16,25735,0
2017-12-01,17:00:00,166.24,166.25,165.86,165.99,9814,0
2017-12-01,17:05:00,166,166.1,165.96,166.1,2901,0
2017-12-01,17:10:00,165.99,166.07,164.8,164.8,7485,0
2017-12-01,17:15:00,165.09,165.18,163.39,163.61,15171,0
2017-12-01,17:20:00,164,164.36,163.77,164.21,16714,0
2017-12-01,17:25:00,164.27,164.46,163.74,163.78,10561,0
2017-12-01,17:30:00,163.57,163.81,162.7153,162.955,14170,0
2017-12-01,17:35:00,162.85,163.5,162.3,163.1,9270,0
2017-12-01,17:40:00,163.57,164.15,163.57,164.15,6267,0
2017-12-01,17:45:00,164.15,164.25,163.75,163.8373,4467,0
2017-12-01,17:50:00,163.79,163.87,163.65,163.76,11091,0
2017-12-01,17:55:00,163.57,163.9999,163.27,163.9999,8804,0
2017-12-01,18:00:00,164,164.4,163.63,164.29,2736,0
2017-12-01,18:05:00,164.31,164.56,164.18,164.56,6626,0
2017-12-01,18:10:00,164.55,164.78,164.18,164.28,8284,0
2017-12-01,18:15:00,164.38,164.5,163.93,164.32,16727,0
2017-12-01,18:20:00,164.24,164.53,164,164.18,5606,0
2017-12-01,18:25:00,164.13,164.53,164.13,164.48,2200,0
2017-12-01,18:30:00,164.58,164.62,164.36,164.465,7173,0
2017-12-01,18:35:00,164.4,164.46,164.25,164.4,2398,0
2017-12-01,18:40:00,164.4,164.65,164.4,164.5,5766,0
2017-12-01,18:45:00,164.41,164.56,164.31,164.56,3776,0
2017-12-01,18:50:00,164.58,164.84,164.58,164.79,6640,0
2017-12-01,18:55:00,164.81,164.95,164.66,164.7383,3473,0
2017-12-01,19:00:00,164.8,164.95,164.71,164.95,6069,0
2017-12-01,19:05:00,164.84,165.04,164.84,165.02,3467,0
2017-12-01,19:10:00,164.95,165.23,164.95,165.09,2100,0
2017-12-01,19:15:00,165.23,165.3,165.03,165.22,3738,0
2017-12-01,19:20:00,165.22,165.22,164.8,165.11,4600,0
2017-12-01,19:25:00,165.01,165.34,164.99,165.34,5800,0
2017-12-01,19:30:00,165.39,165.55,165.285,165.29,5818,0
2017-12-01,19:35:00,165.335,165.57,165.18,165.54,3949,0
2017-12-01,19:40:00,165.6,165.66,165.43,165.6,4200,0
2017-12-01,19:45:00,165.63,165.63,165.435,165.55,3144,0
2017-12-01,19:50:00,165.51,165.64,165.34,165.57,12167,0
2017-12-01,19:55:00,165.58,165.695,165.56,165.69,4651,0
2017-12-01,20:00:00,165.61,165.85,165.56,165.75,8254,0
2017-12-01,20:05:00,165.73,165.94,165.59,165.84,3400,0
2017-12-01,20:10:00,165.875,165.99,165.66,165.99,5315,0
2017-12-01,20:15:00,165.92,166.02,165.82,165.92,40200,0
2017-12-01,20:20:00,165.87,165.93,165.76,165.85,32650,0
2017-12-01,20:25:00,165.84,165.93,165.71,165.73,4500,0
2017-12-01,20:30:00,165.68,165.93,165.68,165.885,8703,0
2017-12-01,20:35:00,165.9,165.93,165.71,165.76,5753,0
2017-12-01,20:40:00,165.71,165.92,165.65,165.71,5892,0
2017-12-01,20:45:00,165.72,165.75,165.49,165.495,7865,0
2017-12-01,20:50:00,165.52,165.56,165.39,165.495,5979,0
2017-12-01,20:55:00,165.465,165.54,165.415,165.5,4193,0
2017-12-01,21:00:00,165.49,165.67,165.46,165.67,6190,0
2017-12-01,21:05:00,165.58,165.7,165.255,165.7,5004,0
2017-12-01,21:10:00,165.61,165.83,165.49,165.82,5200,0
2017-12-01,21:15:00,165.81,165.83,165.73,165.735,3919,0
2017-12-01,21:20:00,165.7,165.89,165.7,165.77,7111,0
2017-12-01,21:25:00,165.77,165.93,165.74,165.87,4393,0
2017-12-01,21:30:00,165.9,166,165.87,165.9,8216,0
2017-12-01,21:35:00,165.91,166.16,165.89,166.15,10499,0
2017-12-01,21:40:00,166.15,166.2,165.9136,166.06,10725,0
2017-12-01,21:45:00,166.07,166.32,166.04,166.13,8839,0
2017-12-01,21:50:00,166.1,166.1625,165.86,165.98,15000,0
2017-12-01,21:55:00,166.01,166.11,165.91,165.97,16447,0
2017-12-01,22:00:00,166.01,166.24,166.01,166.17,128423,0
2017-12-04,15:35:00,167.38,169,162.25,167.82,36665,0
2017-12-04,15:40:00,167.86,168,167,167.88,15701,0
2017-12-04,15:45:00,167.98,167.99,167.32,167.32,2730,0
2017-12-04,15:50:00,167.275,167.275,166.9,167.08,3395,0
2017-12-04,15:55:00,167.05,167.36,166.98,167.26,5018,0
2017-12-04,16:00:00,167.22,167.28,167.1,167.1,3211,0
2017-12-04,16:05:00,167.1,167.7499,166.905,167.6,26816,0
2017-12-04,16:10:00,167.61,167.68,167.33,167.42,10900,0
2017-12-04,16:15:00,167.38,167.41,167,167.14,4225,0
2017-12-04,16:20:00,167.03,167.16,166.82,166.92,16005,0
2017-12-04,16:25:00,167.05,167.44,166.91,167.33,5893,0
2017-12-04,16:30:00,167.27,167.33,166.88,166.91,8435,0
2017-12-04,16:35:00,166.91,167.07,166.83,166.85,7521,0
2017-12-04,16:40:00,166.8,167.2,166.78,167.2,14700,0
2017-12-04,16:45:00,167.155,167.18,166.82,166.82,7392,0
2017-12-04,16:50:00,166.875,166.94,166.7,166.7,3400,0
2017-12-04,16:55:00,166.74,166.8,166.44,166.5,6100,0
2017-12-04,17:00:00,166.56,166.84,166.35,166.77,13321,0
2017-12-04,17:05:00,166.78,166.98,166.67,166.98,5242,0
2017-12-04,17:10:00,166.93,167.1,166.93,167.045,13578,0
2017-12-04,17:15:00,166.97,167.07,166.825,166.93,7200,0
2017-12-04,17:20:00,166.96,167.29,166.94,167.29,10457,0
2017-12-04,17:25:00,167.38,167.49,167.38,167.415,2006,0
2017-12-04,17:30:00,167.46,167.55,167.32,167.55,10623,0
2017-12-04,17:35:00,167.525,167.73,167.4,167.4575,7305,0
2017-12-04,17:40:00,167.49,167.68,167.33,167.67,12959,0
2017-12-04,17:45:00,167.63,167.78,167.45,167.5,6300,0
2017-12-04,17:50:00,167.49,167.66,167.3,167.55,7547,0
2017-12-04,17:55:00,167.48,167.76,167.47,167.6,3922,0
2017-12-04,18:00:00,167.55,167.86,167.54,167.79,5280,0
2017-12-04,18:05:00,167.76,168.01,167.73,167.9,7311,0
2017-12-04,18:10:00,167.95,168.14,167.7,167.7,13935,0
2017-12-04,18:15:00,167.72,167.82,167.64,167.71,9399,0
2017-12-04,18:20:00,167.71,167.97,167.59,167.9,9990,0
2017-12-04,18:25:00,167.92,167.95,167.6,167.605,4845,0
2017-12-04,18:30:00,167.6,167.66,167.48,167.525,3670,0
2017-12-04,18:35:00,167.54,167.57,167.326,167.39,6187,0
2017-12-04,18:40:00,167.4,167.49,167.34,167.362,3602,0
2017-12-04,18:45:00,167.36,167.74,167.36,167.7,5295,0
2017-12-04,18:50:00,167.73,167.94,167.7,167.8,4702,0
2017-12-04,18:55:00,167.785,167.93,167.3,167.3,30492,0
2017-12-04,19:00:00,167.355,167.64,167.33,167.5,6372,0
2017-12-04,19:05:00,167.47,167.62,167.47,167.49,2749,0
2017-12-04,19:10:00,167.45,167.55,167.43,167.48,4376,0
2017-12-04,19:15:00,167.47,167.92,167.46,167.69,8474,0
2017-12-04,19:20:00,167.72,167.76,167.505,167.505,5660,0
2017-12-04,19:25:00,167.485,167.9,167.45,167.65,7859,0
2017-12-04,19:30:00,167.66,167.71,167.56,167.61,4632,0
2017-12-04,19:35:00,167.57,167.81,167.5,167.72,3688,0
2017-12-04,19:40:00,167.72,167.78,167.67,167.77,4097,0
2017-12-04,19:45:00,167.74,167.84,167.61,167.84,5136,0
2017-12-04,19:50:00,167.87,167.92,167.71,167.8,7567,0
2017-12-04,19:55:00,167.845,167.93,167.78,167.84,6434,0
2017-12-04,20:00:00,167.93,168.08,167.91,168.05,5822,0
2017-12-04,20:05:00,168.1,168.1,168,168.06,9091,0
2017-12-04,20:10:00,168.03,168.09,167.85,167.85,7493,0
2017-12-04,20:15:00,167.89,167.955,167.855,167.905,8961,0
2017-12-04,20:20:00,167.91,168.01,167.87,168,6783,0
2017-12-04,20:25:00,167.89,168.07,167.89,168,10486,0
2017-12-04,20:30:00,168,168.05,167.88,168.03,7500,0
2017-12-04,20:35:00,167.995,168.03,167.8,167.84,10952,0
2017-12-04,20:40:00,167.91,167.96,167.77,167.885,8675,0
2017-12-04,20:45:00,167.885,167.92,167.78,167.87,8680,0
2017-12-04,20:50:00,167.92,168.85,167.74,168.24,42594,0
2017-12-04,20:55:00,168.21,168.42,168.16,168.385,6335,0
2017-12-04,21:00:00,168.42,168.74,168.36,168.51,23557,0
2017-12-04,21:05:00,168.485,168.57,168.41,168.56,18031,0
2017-12-04,21:10:00,168.62,168.98,168.41,168.95,32908,0
2017-12-04,21:15:00,168.96,168.96,168.615,168.66,13837,0
2017-12-04,21:20:00,168.68,168.68,168.3,168.3,17080,0
2017-12-04,21:25:00,168.32,168.5499,168.29,168.39,9875,0
2017-12-04,21:30:00,168.37,168.49,168.285,168.445,11416,0
2017-12-04,21:35:00,168.42,168.55,168.39,168.49,27739,0
2017-12-04,21:40:00,168.49,168.52,168.27,168.27,35185,0
2017-12-04,21:45:00,168.25,168.26,167.89,168.01,26305,0
2017-12-04,21:50:00,168.01,168.06,167.6,167.63,23405,0
2017-12-04,21:55:00,167.65,167.79,167.5,167.6,30064,0
2017-12-04,22:00:00,167.57,167.67,167.34,167.46,136972,0
2017-12-05,15:35:00,168.04,168.77,167.725,168.77,22499,0
2017-12-05,15:40:00,168.75,169.77,168.41,168.97,25863,0
2017-12-05,15:45:00,168.76,171.1,168.53,170.6,24471,0
2017-12-05,15:50:00,170.39,170.41,169.4,169.52,9594,0
2017-12-05,15:55:00,169.52,169.55,168.39,168.39,6246,0
2017-12-05,16:00:00,168.39,168.76,168.31,168.58,15997,0
2017-12-05,16:05:00,168.8,169.41,168.64,169.41,15686,0
2017-12-05,16:10:00,169.415,169.54,168.81,168.85,15502,0
2017-12-05,16:15:00,168.91,169.07,168.8,168.87,16153,0
2017-12-05,16:20:00,168.93,169.065,168.84,168.99,57112,0
2017-12-05,16:25:00,169,169.04,168.88,168.9,19910,0
2017-12-05,16:30:00,168.8819,168.8819,168.41,168.52,10036,0
2017-12-05,16:35:00,168.51,168.8,168.42,168.715,14024,0
2017-12-05,16:40:00,168.75,168.86,168.645,168.79,25672,0
2017-12-05,16:45:00,168.79,168.95,168.79,168.8768,11370,0
2017-12-05,16:50:00,168.87,168.9,168.71,168.795,21494,0
2017-12-05,16:55:00,168.78,168.8,168.3,168.42,14328,0
2017-12-05,17:00:00,168.42,168.87,168.415,168.815,7688,0
2017-12-05,17:05:00,168.87,169.04,168.79,168.89,7640,0
2017-12-05,17:10:00,168.89,168.98,168.83,168.935,3762,0
2017-12-05,17:15:00,168.95,168.98,168.7,168.72,7700,0
2017-12-05,17:20:00,168.67,168.855,168.62,168.82,2810,0
2017-12-05,17:25:00,168.73,168.91,168.68,168.855,28768,0
2017-12-05,17:30:00,168.855,169.09,168.83,168.99,13279,0
2017-12-05,17:35:00,169.03,169.28,169.03,169.2,8380,0
2017-12-05,17:40:00,169.09,169.22,169.04,169.15,5775,0
2017-12-05,17:45:00,169.15,169.34,169.12,169.34,2812,0
2017-12-05,17:50:00,169.29,169.305,169.13,169.16,3730,0
2017-12-05,17:55:00,169.165,169.165,168.83,168.83,6400,0
2017-12-05,18:00:00,168.78,168.83,168.365,168.365,4788,0
2017-12-05,18:05:00,168.54,168.54,168.08,168.08,3300,0
2017-12-05,18:10:00,168.07,168.28,168.07,168.17,4631,0
2017-12-05,18:15:00,168.1501,168.25,168.13,168.13,1738,0
2017-12-05,18:20:00,168.24,168.64,168.24,168.53,5703,0
2017-12-05,18:25:00,168.53,168.66,168.21,168.5685,4498,0
2017-12-05,18:30:00,168.64,168.88,168.64,168.67,5430,0
2017-12-05,18:35:00,168.66,168.73,168.6,168.73,4835,0
2017-12-05,18:40:00,168.79,168.79,168.58,168.74,4581,0
2017-12-05,18:45:00,168.71,168.78,168.65,168.78,3419,0
2017-12-05,18:50:00,168.78,168.81,168.43,168.43,3285,0
2017-12-05,18:55:00,168.56,168.56,168.35,168.35,1668,0
2017-12-05,19:00:00,168.39,168.74,168.39,168.4618,5654,0
2017-12-05,19:05:00,168.33,168.33,168.07,168.28,2724,0
2017-12-05,19:10:00,168.39,168.62,168.37,168.37,2100,0
2017-12-05,19:15:00,168.48,168.57,168.435,168.52,7742,0
2017-12-05,19:20:00,168.46,168.46,168.1601,168.3,4057,0
2017-12-05,19:25:00,168.41,168.57,168.41,168.46,4525,0
2017-12-05,19:30:00,168.485,168.53,168.076,168.16,9679,0
2017-12-05,19:35:00,168.24,168.4,168.22,168.27,3127,0
2017-12-05,19:40:00,168.34,168.36,168.18,168.24,2934,0
2017-12-05,19:45:00,168.235,168.26,168.03,168.04,3100,0
2017-12-05,19:50:00,168.07,168.085,167.96,168.03,4615,0
2017-12-05,19:55:00,168,168.12,167.9401,168.02,4101,0
2017-12-05,20:00:00,168.05,168.07,167.97,168.07,1600,0
2017-12-05,20:05:00,168.08,168.11,168,168.1,2918,0
2017-12-05,20:10:00,168.1,168.16,167.99,168.05,4260,0
2017-12-05,20:15:00,168.02,168.17,167.96,168.17,6319,0
2017-12-05,20:20:00,168.17,168.29,168.11,168.17,6784,0
2017-12-05,20:25:00,168.12,168.24,168.03,168.03,3501,0
2017-12-05,20:30:00,168.05,168.26,168.05,168.18,3596,0
2017-12-05,20:35:00,168.11,168.18,167.96,168.135,4839,0
2017-12-05,20:40:00,168.09,168.38,168.06,168.06,5851,0
2017-12-05,20:45:00,168.14,168.41,168.135,168.31,4800,0
2017-12-05,20:50:00,168.33,168.35,168.12,168.245,3571,0
2017-12-05,20:55:00,168.24,168.25,168.09,168.17,5242,0
2017-12-05,21:00:00,168.2,168.2,167.92,167.97,12444,0
2017-12-05,21:05:00,167.97,167.99,167.77,167.77,3550,0
2017-12-05,21:10:00,167.73,167.94,167.69,167.87,6488,0
2017-12-05,21:15:00,167.87,167.87,167.6901,167.79,8579,0
2017-12-05,21:20:00,167.76,167.79,167.59,167.7,8803,0
2017-12-05,21:25:00,167.71,167.925,167.695,167.8401,10469,0
2017-12-05,21:30:00,167.88,167.92,167.83,167.87,9377,0
2017-12-05,21:35:00,167.885,167.885,167.7001,167.78,9533,0
2017-12-05,21:40:00,167.78,167.78,167.51,167.525,12549,0
2017-12-05,21:45:00,167.55,167.76,167.5,167.65,11243,0
2017-12-05,21:50:00,167.6,167.69,167.51,167.61,19425,0
2017-12-05,21:55:00,167.65,167.7,167.56,167.66,17482,0
2017-12-05,22:00:00,167.7,168.04,167.7,167.89,156532,0
2017-12-06,15:35:00,168.04,168.9817,167.88,168.205,18978,0
2017-12-06,15:40:00,168.13,168.79,167.93,168.79,2222,0
2017-12-06,15:45:00,168.62,168.88,168.46,168.7394,4657,0
2017-12-06,15:50:00,168.84,168.84,168.4,168.57,5200,0
2017-12-06,15:55:00,168.53,168.69,168.4581,168.69,3332,0
2017-12-06,16:00:00,168.67,168.71,168.51,168.585,5600,0
2017-12-06,16:05:00,168.69,169.02,168.53,168.53,11047,0
2017-12-06,16:10:00,168.41,168.49,168.15,168.15,6592,0
2017-12-06,16:15:00,168.15,168.34,167.97,168.05,7500,0
2017-12-06,16:20:00,168.095,168.33,168.03,168.3102,3490,0
2017-12-06,16:25:00,168.34,168.39,168.25,168.26,1767,0
2017-12-06,16:30:00,168.4,168.4,168.07,168.115,9100,0
2017-12-06,16:35:00,168.16,168.64,168.16,168.55,9098,0
2017-12-06,16:40:00,168.425,168.54,167.775,167.775,8679,0
2017-12-06,16:45:00,167.83,168.26,167.83,168.26,10000,0
2017-12-06,16:50:00,168.34,168.68,168.33,168.68,2900,0
2017-12-06,16:55:00,168.725,168.97,168.5986,168.9,12662,0
2017-12-06,17:00:00,168.9,169.14,168.89,169.1375,7433,0
2017-12-06,17:05:00,168.92,169.18,168.9,169.1175,9400,0
2017-12-06,17:10:00,169.18,169.18,168.97,169.03,5089,0
2017-12-06,17:15:00,169.15,169.18,169.04,169.18,4153,0
2017-12-06,17:20:00,169.21,169.24,168.91,168.91,4743,0
2017-12-06,17:25:00,168.98,169.4,168.97,169.23,18709,0
2017-12-06,17:30:00,169.17,169.31,169.1,169.17,3900,0
2017-12-06,17:35:00,169.2,169.2,168.925,168.94,1735,0
2017-12-06,17:40:00,169.02,169.11,168.975,168.99,3300,0
2017-12-06,17:45:00,169.017,169.19,169.017,169.19,2518,0
2017-12-06,17:50:00,169.14,169.26,169.04,169.19,3638,0
2017-12-06,17:55:00,169.11,169.14,168.98,169.1,2509,0
2017-12-06,18:00:00,169.08,169.08,168.85,168.94,4011,0
2017-12-06,18:05:00,168.96,168.98,168.776,168.78,5072,0
2017-12-06,18:10:00,168.86,168.86,168.75,168.8424,1497,0
2017-12-06,18:15:00,168.94,169.16,168.94,169.1,6287,0
2017-12-06,18:20:00,168.98,168.98,168.67,168.67,4702,0
2017-12-06,18:25:00,168.62,168.84,168.55,168.76,7570,0
2017-12-06,18:30:00,168.75,168.89,168.75,168.77,3529,0
2017-12-06,18:35:00,168.805,168.91,168.73,168.85,4800,0
2017-12-06,18:40:00,168.88,168.91,168.76,168.91,1206,0
2017-12-06,18:45:00,168.82,169,168.82,168.85,2785,0
2017-12-06,18:50:00,168.9,169.06,168.9,168.9172,1900,0
2017-12-06,18:55:00,168.96,169.09,168.89,168.93,4493,0
2017-12-06,19:00:00,168.929,169.01,168.84,168.84,1100,0
2017-12-06,19:05:00,168.8,168.89,168.7,168.89,1800,0
2017-12-06,19:10:00,168.81,168.91,168.68,168.81,2824,0
2017-12-06,19:15:00,168.88,169.02,168.85,168.96,2477,0
2017-12-06,19:20:00,168.74,168.92,168.74,168.92,3200,0
2017-12-06,19:25:00,168.84,168.855,168.6,168.62,1400,0
2017-12-06,19:30:00,168.625,168.715,168.555,168.7,2000,0
2017-12-06,19:35:00,168.78,168.79,168.595,168.74,2300,0
2017-12-06,19:40:00,168.82,168.91,168.73,168.76,3200,0
2017-12-06,19:45:00,168.77,168.87,168.74,168.74,3405,0
2017-12-06,19:50:00,168.79,168.82,168.69,168.78,5000,0
2017-12-06,19:55:00,168.77,168.78,168.68,168.705,1400,0
2017-12-06,20:00:00,168.67,168.71,168.64,168.69,2300,0
2017-12-06,20:05:00,168.69,168.89,168.66,168.86,2565,0
2017-12-06,20:10:00,168.9,168.91,168.67,168.67,3142,0
2017-12-06,20:15:00,168.67,168.71,168.54,168.54,3073,0
2017-12-06,20:20:00,168.58,168.72,168.545,168.705,4100,0
2017-12-06,20:25:00,168.72,168.8,168.72,168.8,744,0
2017-12-06,20:30:00,168.78,168.84,168.67,168.71,2278,0
2017-12-06,20:35:00,168.71,168.78,168.66,168.765,5656,0
2017-12-06,20:40:00,168.8,169.13,168.74,169.005,6915,0
2017-12-06,20:45:00,169.06,169.12,169.04,169.04,1100,0
2017-12-06,20:50:00,168.961,169.11,168.961,169.0238,3379,0
2017-12-06,20:55:00,169.06,169.06,169,169.04,1122,0
2017-12-06,21:00:00,169.08,169.12,168.99,169.005,1850,0
2017-12-06,21:05:00,168.97,168.97,168.84,168.97,5281,0
2017-12-06,21:10:00,168.93,168.93,168.84,168.92,3238,0
2017-12-06,21:15:00,168.9,168.95,168.87,168.91,2856,0
2017-12-06,21:20:00,168.89,169.01,168.89,168.97,5442,0
2017-12-06,21:25:00,168.995,169.015,168.92,168.92,2300,0
2017-12-06,21:30:00,168.89,168.95,168.89,168.9,4809,0
2017-12-06,21:35:00,168.87,168.87,168.73,168.73,5970,0
2017-12-06,21:40:00,168.74,168.81,168.71,168.78,10005,0
2017-12-06,21:45:00,168.78,168.91,168.67,168.91,35571,0
2017-12-06,21:50:00,168.94,169.04,168.88,168.88,12945,0
2017-12-06,21:55:00,168.88,168.88,168.72,168.75,16387,0
2017-12-06,22:00:00,168.78,168.81,168.55,168.62,128024,0
