Date,Time,Open,High,Low,Close,Volume,OpenInt
2017-11-17,15:35:00,43.92,43.95,43.76,43.84,14916,0
2017-11-17,15:40:00,43.84,43.92,43.84,43.87,4478,0
2017-11-17,15:45:00,43.87,43.87,43.82,43.83,1500,0
2017-11-17,15:50:00,43.82,43.82,43.77,43.79,6598,0
2017-11-17,15:55:00,43.8,43.85,43.8,43.82,6400,0
2017-11-17,16:00:00,43.81,43.81,43.78,43.8,5000,0
2017-11-17,16:05:00,43.8,43.91,43.79,43.89,5337,0
2017-11-17,16:10:00,43.87,43.87,43.85,43.87,2960,0
2017-11-17,16:15:00,43.86,43.86,43.78,43.7825,4471,0
2017-11-17,16:20:00,43.78,43.83,43.765,43.8,17291,0
2017-11-17,16:25:00,43.795,43.82,43.79,43.8,10078,0
2017-11-17,16:30:00,43.8,43.84,43.78,43.8,8700,0
2017-11-17,16:35:00,43.8,43.83,43.78,43.79,11477,0
2017-11-17,16:40:00,43.8,43.82,43.78,43.82,6328,0
2017-11-17,16:45:00,43.82,43.83,43.79,43.79,2533,0
2017-11-17,16:50:00,43.79,43.83,43.79,43.795,5279,0
2017-11-17,16:55:00,43.79,43.83,43.7731,43.83,15205,0
2017-11-17,17:00:00,43.84,43.84,43.8,43.8,1300,0
2017-11-17,17:05:00,43.8,43.82,43.76,43.77,15796,0
2017-11-17,17:10:00,43.77,43.77,43.755,43.76,4720,0
2017-11-17,17:15:00,43.77,43.78,43.76,43.78,20997,0
2017-11-17,17:20:00,43.78,43.8,43.74,43.75,40452,0
2017-11-17,17:25:00,43.73,43.73,43.67,43.71,10967,0
2017-11-17,17:30:00,43.71,43.72,43.71,43.71,4356,0
2017-11-17,17:35:00,43.71,43.71,43.7,43.71,2701,0
2017-11-17,17:40:00,43.7,43.78,43.66,43.76,30389,0
2017-11-17,17:45:00,43.76,43.77,43.74,43.76,5060,0
2017-11-17,17:50:00,43.76,43.81,43.76,43.79,5500,0
2017-11-17,17:55:00,43.78,43.79,43.76,43.785,2205,0
2017-11-17,18:00:00,43.785,43.85,43.785,43.81,8784,0
2017-11-17,18:05:00,43.81,43.86,43.805,43.8438,7555,0
2017-11-17,18:10:00,43.84,43.85,43.83,43.85,2721,0
2017-11-17,18:15:00,43.85,43.91,43.85,43.91,3463,0
2017-11-17,18:20:00,43.91,43.95,43.91,43.93,8912,0
2017-11-17,18:25:00,43.93,43.93,43.8938,43.8938,3925,0
2017-11-17,18:30:00,43.89,43.91,43.88,43.9,4823,0
2017-11-17,18:35:00,43.9,43.9,43.88,43.89,7585,0
2017-11-17,18:40:00,43.89,43.9,43.885,43.9,2397,0
2017-11-17,18:45:00,43.91,43.91,43.865,43.865,5380,0
2017-11-17,18:50:00,43.86,43.88,43.86,43.87,4040,0
2017-11-17,18:55:00,43.86,43.87,43.85,43.87,2364,0
2017-11-17,19:00:00,43.86,43.86,43.81,43.81,2540,0
2017-11-17,19:05:00,43.82,43.89,43.815,43.87,12251,0
2017-11-17,19:10:00,43.87,43.88,43.86,43.87,5595,0
2017-11-17,19:15:00,43.88,43.89,43.86,43.86,2524,0
2017-11-17,19:20:00,43.86,43.86,43.84,43.84,6008,0
2017-11-17,19:25:00,43.85,43.86,43.825,43.8275,3886,0
2017-11-17,19:30:00,43.83,43.89,43.82,43.88,11341,0
2017-11-17,19:35:00,43.9,43.94,43.89,43.92,5022,0
2017-11-17,19:40:00,43.92,43.93,43.91,43.92,2500,0
2017-11-17,19:45:00,43.93,43.93,43.9135,43.9135,606,0
2017-11-17,19:50:00,43.91,43.91,43.9,43.9,600,0
2017-11-17,19:55:00,43.91,43.91,43.89,43.9,3465,0
2017-11-17,20:00:00,43.91,43.91,43.91,43.91,400,0
2017-11-17,20:05:00,43.9,43.9,43.87,43.87,2277,0
2017-11-17,20:10:00,43.87,43.89,43.87,43.89,2200,0
2017-11-17,20:15:00,43.9,43.9,43.895,43.895,1200,0
2017-11-17,20:20:00,43.9,43.91,43.89,43.89,2011,0
2017-11-17,20:25:00,43.88,43.89,43.86,43.89,3947,0
2017-11-17,20:30:00,43.895,43.9,43.88,43.89,1300,0
2017-11-17,20:35:00,43.885,43.89,43.87,43.87,1610,0
2017-11-17,20:40:00,43.875,43.875,43.86,43.86,2376,0
2017-11-17,20:45:00,43.87,43.89,43.86,43.89,3122,0
2017-11-17,20:50:00,43.89,43.89,43.87,43.88,3140,0
2017-11-17,20:55:00,43.89,43.9,43.89,43.89,1200,0
2017-11-17,21:00:00,43.89,43.91,43.89,43.91,2200,0
2017-11-17,21:05:00,43.91,43.92,43.905,43.92,4400,0
2017-11-17,21:10:00,43.92,43.95,43.92,43.92,4934,0
2017-11-17,21:15:00,43.93,43.93,43.91,43.92,2736,0
2017-11-17,21:20:00,43.92,43.925,43.9,43.9,2336,0
2017-11-17,21:25:00,43.91,43.92,43.905,43.91,3226,0
2017-11-17,21:30:00,43.91,43.93,43.9,43.915,18733,0
2017-11-17,21:35:00,43.915,43.94,43.9139,43.925,8385,0
2017-11-17,21:40:00,43.92,43.95,43.915,43.93,8413,0
2017-11-17,21:45:00,43.94,43.97,43.94,43.955,12064,0
2017-11-17,21:50:00,43.95,43.98,43.935,43.97,15175,0
2017-11-17,21:55:00,43.96,44,43.955,43.96,17891,0
2017-11-17,22:00:00,43.965,43.97,43.93,43.93,46690,0
2017-11-20,15:35:00,43.91,43.93,43.88,43.93,7462,0
2017-11-20,15:40:00,43.94,43.94,43.83,43.85,7870,0
2017-11-20,15:45:00,43.87,43.87,43.79,43.82,9721,0
2017-11-20,15:50:00,43.83,43.83,43.82,43.82,3805,0
2017-11-20,15:55:00,43.82,43.85,43.81,43.82,16177,0
2017-11-20,16:00:00,43.81,43.84,43.81,43.83,8455,0
2017-11-20,16:05:00,43.83,43.85,43.81,43.85,7561,0
2017-11-20,16:10:00,43.84,43.92,43.84,43.92,6849,0
2017-11-20,16:15:00,43.94,43.95,43.92,43.935,14973,0
2017-11-20,16:20:00,43.94,43.94,43.93,43.93,1747,0
2017-11-20,16:25:00,43.94,43.94,43.89,43.89,7934,0
2017-11-20,16:30:00,43.89,43.89,43.85,43.85,1814,0
2017-11-20,16:35:00,43.84,43.84,43.82,43.82,1652,0
2017-11-20,16:40:00,43.83,43.83,43.79,43.8,4765,0
2017-11-20,16:45:00,43.8,43.81,43.8,43.8,2653,0
2017-11-20,16:50:00,43.79,43.9,43.79,43.9,7636,0
2017-11-20,16:55:00,43.91,43.92,43.9,43.9,3971,0
2017-11-20,17:00:00,43.89,43.89,43.84,43.86,3000,0
2017-11-20,17:05:00,43.86,43.94,43.85,43.92,4112,0
2017-11-20,17:10:00,43.92,43.92,43.87,43.88,3363,0
2017-11-20,17:15:00,43.89,43.91,43.875,43.9,4245,0
2017-11-20,17:20:00,43.89,43.95,43.89,43.95,4005,0
2017-11-20,17:25:00,43.95,43.95,43.91,43.92,3900,0
2017-11-20,17:30:00,43.92,43.92,43.9,43.91,2160,0
2017-11-20,17:35:00,43.91,43.91,43.89,43.89,2555,0
2017-11-20,17:40:00,43.9,43.9,43.88,43.88,1922,0
2017-11-20,17:45:00,43.875,43.9,43.8675,43.87,6204,0
2017-11-20,17:50:00,43.87,43.91,43.87,43.91,4063,0
2017-11-20,17:55:00,43.91,43.91,43.88,43.89,2950,0
2017-11-20,18:00:00,43.89,43.94,43.885,43.94,2700,0
2017-11-20,18:05:00,43.94,43.97,43.94,43.97,4091,0
2017-11-20,18:10:00,43.98,43.98,43.95,43.95,1866,0
2017-11-20,18:15:00,43.95,43.99,43.95,43.99,3625,0
2017-11-20,18:20:00,43.985,44.03,43.9736,43.975,29437,0
2017-11-20,18:25:00,43.98,44.01,43.98,44,3700,0
2017-11-20,18:30:00,44,44,43.95,43.95,3453,0
2017-11-20,18:35:00,43.96,44.03,43.96,44,15403,0
2017-11-20,18:40:00,44.01,44.07,44.005,44.04,5667,0
2017-11-20,18:45:00,44.04,44.05,44.03,44.05,2625,0
2017-11-20,18:50:00,44.05,44.05,44.03,44.04,2095,0
2017-11-20,18:55:00,44.03,44.03,44.01,44.01,2378,0
2017-11-20,19:00:00,44.0075,44.03,44.0075,44.02,3250,0
2017-11-20,19:05:00,44.02,44.03,44.01,44.025,4170,0
2017-11-20,19:10:00,44.03,44.03,44.0001,44.01,1279,0
2017-11-20,19:15:00,44,44,43.98,43.99,1500,0
2017-11-20,19:20:00,43.99,43.99,43.98,43.98,600,0
2017-11-20,19:25:00,43.97,43.98,43.96,43.98,4229,0
2017-11-20,19:30:00,43.99,43.99,43.96,43.9838,5507,0
2017-11-20,19:35:00,43.99,43.99,43.9701,43.9701,1605,0
2017-11-20,19:40:00,43.98,44.01,43.975,44.01,4100,0
2017-11-20,19:45:00,44.03,44.03,44,44,2397,0
2017-11-20,19:50:00,43.995,43.995,43.96,43.9817,4971,0
2017-11-20,19:55:00,43.98,43.98,43.96,43.96,1196,0
2017-11-20,20:00:00,43.9562,43.96,43.94,43.94,2235,0
2017-11-20,20:05:00,43.93,43.96,43.925,43.95,6000,0
2017-11-20,20:10:00,43.9535,43.96,43.93,43.93,3739,0
2017-11-20,20:15:00,43.94,43.94,43.9,43.9,3402,0
2017-11-20,20:20:00,43.9,43.91,43.89,43.9,7004,0
2017-11-20,20:25:00,43.89,43.89,43.84,43.85,6500,0
2017-11-20,20:30:00,43.86,43.92,43.86,43.91,5796,0
2017-11-20,20:35:00,43.91,43.91,43.89,43.89,2009,0
2017-11-20,20:40:00,43.89,43.89,43.865,43.875,6309,0
2017-11-20,20:45:00,43.88,43.9,43.875,43.89,5600,0
2017-11-20,20:50:00,43.895,43.93,43.895,43.925,5196,0
2017-11-20,20:55:00,43.925,43.93,43.905,43.92,8454,0
2017-11-20,21:00:00,43.92,43.95,43.91,43.93,7760,0
2017-11-20,21:05:00,43.935,43.96,43.93,43.95,9259,0
2017-11-20,21:10:00,43.95,43.96,43.905,43.905,7265,0
2017-11-20,21:15:00,43.905,43.915,43.88,43.89,7946,0
2017-11-20,21:20:00,43.895,43.9,43.85,43.88,7400,0
2017-11-20,21:25:00,43.885,43.9235,43.885,43.9,9137,0
2017-11-20,21:30:00,43.89,43.9,43.88,43.885,3825,0
2017-11-20,21:35:00,43.89,43.97,43.89,43.95,20210,0
2017-11-20,21:40:00,43.95,43.96,43.925,43.95,9559,0
2017-11-20,21:45:00,43.93,43.94,43.85,43.9,102678,0
2017-11-20,21:50:00,43.905,43.92,43.89,43.9,6090,0
2017-11-20,21:55:00,43.895,43.8962,43.87,43.89,8349,0
2017-11-20,22:00:00,43.89,43.895,43.86,43.87,55642,0
2017-11-21,15:35:00,43.95,44.01,43.83,43.95,13571,0
2017-11-21,15:40:00,44,44.08,43.93,44.08,15407,0
2017-11-21,15:45:00,44.05,44.13,44.03,44.1,9266,0
2017-11-21,15:50:00,44.14,44.17,44.1,44.16,25882,0
2017-11-21,15:55:00,44.16,44.17,44.12,44.12,11552,0
2017-11-21,16:00:00,44.12,44.16,44.09,44.14,26257,0
2017-11-21,16:05:00,44.15,44.15,44.12,44.12,11531,0
2017-11-21,16:10:00,44.12,44.135,44.07,44.12,19416,0
2017-11-21,16:15:00,44.12,44.15,44.06,44.13,21481,0
2017-11-21,16:20:00,44.13,44.16,44.11,44.15,29823,0
2017-11-21,16:25:00,44.15,44.16,44.12,44.12,8887,0
2017-11-21,16:30:00,44.1,44.12,44.09,44.115,3178,0
2017-11-21,16:35:00,44.12,44.15,44.12,44.13,3500,0
2017-11-21,16:40:00,44.13,44.15,44.12,44.14,6532,0
2017-11-21,16:45:00,44.14,44.195,44.14,44.19,3601,0
2017-11-21,16:50:00,44.185,44.21,44.185,44.21,5743,0
2017-11-21,16:55:00,44.22,44.22,44.155,44.19,4400,0
2017-11-21,17:00:00,44.18,44.18,44.15,44.17,4011,0
2017-11-21,17:05:00,44.17,44.18,44.15,44.15,6731,0
2017-11-21,17:10:00,44.15,44.15,44.09,44.09,4602,0
2017-11-21,17:15:00,44.0971,44.0971,44.07,44.08,4039,0
2017-11-21,17:20:00,44.09,44.1,44.085,44.0946,1742,0
2017-11-21,17:25:00,44.09,44.125,44.09,44.125,4445,0
2017-11-21,17:30:00,44.1265,44.13,44.08,44.085,3458,0
2017-11-21,17:35:00,44.08,44.1,44.08,44.09,2756,0
2017-11-21,17:40:00,44.07,44.085,44.07,44.08,2057,0
2017-11-21,17:45:00,44.08,44.0835,44.075,44.08,2496,0
2017-11-21,17:50:00,44.07,44.09,44.07,44.075,2699,0
2017-11-21,17:55:00,44.075,44.075,44.04,44.05,20390,0
2017-11-21,18:00:00,44.05,44.05,44.025,44.025,8015,0
2017-11-21,18:05:00,44.03,44.05,44.02,44.045,15575,0
2017-11-21,18:10:00,44.05,44.06,44.035,44.04,16953,0
2017-11-21,18:15:00,44.04,44.05,44,44.05,31102,0
2017-11-21,18:20:00,44.055,44.06,44.035,44.035,3201,0
2017-11-21,18:25:00,44.04,44.1,44.035,44.1,23172,0
2017-11-21,18:30:00,44.095,44.1,44.07,44.09,2710,0
2017-11-21,18:35:00,44.09,44.1,44.06,44.09,3898,0
2017-11-21,18:40:00,44.09,44.09,44.05,44.06,2600,0
2017-11-21,18:45:00,44.06,44.07,44.0462,44.0462,1000,0
2017-11-21,18:50:00,44.05,44.06,44.04,44.06,2000,0
2017-11-21,18:55:00,44.07,44.11,44.065,44.105,6040,0
2017-11-21,19:00:00,44.1,44.11,44.09,44.09,2188,0
2017-11-21,19:05:00,44.09,44.1,44.09,44.09,1100,0
2017-11-21,19:10:00,44.1,44.1,44.09,44.09,500,0
2017-11-21,19:15:00,44.09,44.09,44.03,44.04,12860,0
2017-11-21,19:20:00,44.05,44.05,44.03,44.04,2312,0
2017-11-21,19:25:00,44.05,44.05,44.03,44.05,3918,0
2017-11-21,19:30:00,44.045,44.045,44.02,44.04,3390,0
2017-11-21,19:35:00,44.05,44.08,44.0475,44.06,7848,0
2017-11-21,19:40:00,44.06,44.07,44.06,44.07,2100,0
2017-11-21,19:45:00,44.07,44.07,44.02,44.02,1878,0
2017-11-21,19:50:00,44.0199,44.02,44.01,44.01,4199,0
2017-11-21,19:55:00,44.02,44.06,44.02,44.06,5620,0
2017-11-21,20:00:00,44.05,44.05,44.04,44.04,1720,0
2017-11-21,20:05:00,44.04,44.05,44.04,44.04,1700,0
2017-11-21,20:10:00,44.035,44.035,44.01,44.025,3244,0
2017-11-21,20:15:00,44.025,44.07,44.02,44.07,9849,0
2017-11-21,20:20:00,44.065,44.065,44.03,44.04,2465,0
2017-11-21,20:25:00,44.03,44.04,44.01,44.04,4248,0
2017-11-21,20:30:00,44.04,44.05,44,44.01,2900,0
2017-11-21,20:35:00,44.01,44.03,44,44.03,3601,0
2017-11-21,20:40:00,44.03,44.0328,44,44.01,3450,0
2017-11-21,20:45:00,44,44,43.99,44,3045,0
2017-11-21,20:50:00,44,44.01,43.99,43.99,3001,0
2017-11-21,20:55:00,44,44,43.99,43.99,3000,0
2017-11-21,21:00:00,43.995,44.03,43.97,44.025,22188,0
2017-11-21,21:05:00,44.03,44.05,44.025,44.0462,3208,0
2017-11-21,21:10:00,44.04,44.04,44.02,44.02,3343,0
2017-11-21,21:15:00,44.01,44.01,43.98,44,6709,0
2017-11-21,21:20:00,43.99,44,43.97,43.97,2084,0
2017-11-21,21:25:00,43.97,43.98,43.97,43.975,4912,0
2017-11-21,21:30:00,43.97,43.975,43.95,43.955,6403,0
2017-11-21,21:35:00,43.95,43.95,43.94,43.95,10717,0
2017-11-21,21:40:00,43.955,43.96,43.95,43.9501,4909,0
2017-11-21,21:45:00,43.96,43.98,43.93,43.96,46387,0
2017-11-21,21:50:00,43.96,43.96,43.95,43.95,4950,0
2017-11-21,21:55:00,43.95,44,43.95,43.98,25743,0
2017-11-21,22:00:00,43.985,44.015,43.98,43.98,91272,0
2017-11-22,15:35:00,43.95,44,43.95,43.97,10291,0
2017-11-22,15:40:00,43.99,44,43.99,44,9330,0
2017-11-22,15:45:00,43.995,44.07,43.99,44.03,39108,0
2017-11-22,15:50:00,44.03,44.08,44,44.01,12178,0
2017-11-22,15:55:00,44.01,44.08,43.97,44.08,9091,0
2017-11-22,16:00:00,44.07,44.1,44.04,44.095,9857,0
2017-11-22,16:05:00,44.12,44.15,44.11,44.14,8063,0
2017-11-22,16:10:00,44.14,44.17,44.105,44.11,9704,0
2017-11-22,16:15:00,44.11,44.13,44.07,44.13,5164,0
2017-11-22,16:20:00,44.14,44.14,44.11,44.1138,4042,0
2017-11-22,16:25:00,44.105,44.13,44.105,44.13,3613,0
2017-11-22,16:30:00,44.13,44.15,44.1,44.1,9403,0
2017-11-22,16:35:00,44.1,44.105,44.015,44.02,12327,0
2017-11-22,16:40:00,44.015,44.03,43.98,43.98,6267,0
2017-11-22,16:45:00,43.99,43.99,43.97,43.97,6571,0
2017-11-22,16:50:00,43.97,44,43.97,43.98,3985,0
2017-11-22,16:55:00,43.98,44.01,43.96,43.985,6845,0
2017-11-22,17:00:00,43.98,44.02,43.98,44.01,7455,0
2017-11-22,17:05:00,44.01,44.03,44.005,44.03,4748,0
2017-11-22,17:10:00,44.03,44.03,44.01,44.0162,2481,0
2017-11-22,17:15:00,44.0175,44.03,44.0135,44.025,2830,0
2017-11-22,17:20:00,44.03,44.04,44.02,44.03,5104,0
2017-11-22,17:25:00,44.0235,44.04,44.02,44.03,5173,0
2017-11-22,17:30:00,44.03,44.03,44,44,5209,0
2017-11-22,17:35:00,44,44,43.94,43.94,20435,0
2017-11-22,17:40:00,43.945,43.945,43.9,43.92,4868,0
2017-11-22,17:45:00,43.93,43.94,43.89,43.89,2969,0
2017-11-22,17:50:00,43.89,43.89,43.85,43.85,3300,0
2017-11-22,17:55:00,43.845,43.845,43.8,43.8,2560,0
2017-11-22,18:00:00,43.8,43.8,43.76,43.77,6514,0
2017-11-22,18:05:00,43.78,43.95,43.78,43.92,36458,0
2017-11-22,18:10:00,43.92,43.92,43.85,43.86,5564,0
2017-11-22,18:15:00,43.86,43.86,43.85,43.85,400,0
2017-11-22,18:20:00,43.86,43.89,43.83,43.86,4500,0
2017-11-22,18:25:00,43.85,43.855,43.85,43.85,1200,0
2017-11-22,18:30:00,43.86,43.9,43.86,43.9,1800,0
2017-11-22,18:35:00,43.9,43.9,43.87,43.87,873,0
2017-11-22,18:40:00,43.875,43.875,43.86,43.87,1000,0
2017-11-22,18:45:00,43.87,43.92,43.87,43.9,1453,0
2017-11-22,18:50:00,43.901,43.93,43.9,43.9,4106,0
2017-11-22,18:55:00,43.89,43.895,43.89,43.895,505,0
2017-11-22,19:00:00,43.89,44.03,43.89,43.96,20325,0
2017-11-22,19:05:00,43.96,43.965,43.93,43.93,1300,0
2017-11-22,19:10:00,43.94,44,43.94,43.98,6463,0
2017-11-22,19:15:00,43.96,43.961,43.94,43.945,4974,0
2017-11-22,19:20:00,43.96,43.96,43.915,43.92,5331,0
2017-11-22,19:25:00,43.925,43.96,43.92,43.95,14181,0
2017-11-22,19:30:00,43.94,43.94,43.93,43.94,900,0
2017-11-22,19:35:00,43.935,43.94,43.935,43.935,1300,0
2017-11-22,19:40:00,43.93,43.95,43.905,43.92,6589,0
2017-11-22,19:45:00,43.91,43.94,43.87,43.87,10582,0
2017-11-22,19:50:00,43.86,43.92,43.814,43.92,16188,0
2017-11-22,19:55:00,43.92,43.96,43.87,43.925,6927,0
2017-11-22,20:00:00,43.93,44,43.92,43.96,10059,0
2017-11-22,20:05:00,43.95,43.96,43.94,43.95,2840,0
2017-11-22,20:10:00,43.95,44.06,43.95,44.03,16383,0
2017-11-22,20:15:00,44.03,44.06,43.98,44.05,8069,0
2017-11-22,20:20:00,44.04,44.04,44.01,44.03,5267,0
2017-11-22,20:25:00,44.02,44.04,44.01,44.015,14565,0
2017-11-22,20:30:00,44.02,44.05,43.98,44.03,13687,0
2017-11-22,20:35:00,44.03,44.07,44.01,44.02,6940,0
2017-11-22,20:40:00,44.02,44.105,44.015,44.07,15025,0
2017-11-22,20:45:00,44.063,44.12,44.04,44.06,11954,0
2017-11-22,20:50:00,44.05,44.1,44.025,44.05,10040,0
2017-11-22,20:55:00,44.05,44.07,44.025,44.045,5726,0
2017-11-22,21:00:00,44.05,44.095,43.985,44.07,10978,0
2017-11-22,21:05:00,44.0665,44.07,44.05,44.065,7573,0
2017-11-22,21:10:00,44.06,44.085,44.055,44.07,3000,0
2017-11-22,21:15:00,44.07,44.115,44.07,44.105,19345,0
2017-11-22,21:20:00,44.1,44.1,44.07,44.08,6393,0
2017-11-22,21:25:00,44.08,44.08,44.05,44.05,4700,0
2017-11-22,21:30:00,44.055,44.08,44.05,44.07,9517,0
2017-11-22,21:35:00,44.07,44.085,44.05,44.07,17495,0
2017-11-22,21:40:00,44.07,44.09,44.06,44.0803,15525,0
2017-11-22,21:45:00,44.08,44.105,44.065,44.08,27260,0
2017-11-22,21:50:00,44.08,44.11,44.04,44.09,29477,0
2017-11-22,21:55:00,44.09,44.1,44.05,44.07,58564,0
2017-11-22,22:00:00,44.075,44.1,44.065,44.08,112369,0
2017-11-24,15:35:00,44.56,44.57,44.26,44.36,21347,0
2017-11-24,15:40:00,44.35,44.41,44.26,44.26,10990,0
2017-11-24,15:45:00,44.32,44.36,44.29,44.29,6300,0
2017-11-24,15:50:00,44.29,44.3,44.24,44.29,10765,0
2017-11-24,15:55:00,44.29,44.33,44.23,44.31,8081,0
2017-11-24,16:00:00,44.3,44.35,44.3,44.305,7581,0
2017-11-24,16:05:00,44.3,44.38,44.29,44.35,13500,0
2017-11-24,16:10:00,44.34,44.36,44.34,44.35,2492,0
2017-11-24,16:15:00,44.35,44.36,44.32,44.32,3150,0
2017-11-24,16:20:00,44.31,44.34,44.28,44.295,4495,0
2017-11-24,16:25:00,44.29,44.29,44.25,44.25,5043,0
2017-11-24,16:30:00,44.25,44.29,44.25,44.26,3600,0
2017-11-24,16:35:00,44.26,44.27,44.23,44.24,5961,0
2017-11-24,16:40:00,44.25,44.255,44.21,44.21,7102,0
2017-11-24,16:45:00,44.21,44.21,44.18,44.2,8873,0
2017-11-24,16:50:00,44.1999,44.23,44.19,44.23,7336,0
2017-11-24,16:55:00,44.23,44.23,44.205,44.23,7154,0
2017-11-24,17:00:00,44.22,44.28,44.205,44.28,8973,0
2017-11-24,17:05:00,44.29,44.29,44.27,44.28,3367,0
2017-11-24,17:10:00,44.275,44.31,44.27,44.28,5997,0
2017-11-24,17:15:00,44.28,44.31,44.275,44.31,3000,0
2017-11-24,17:20:00,44.31,44.32,44.31,44.32,3294,0
2017-11-24,17:25:00,44.31,44.31,44.28,44.28,2000,0
2017-11-24,17:30:00,44.28,44.29,44.27,44.29,5304,0
2017-11-24,17:35:00,44.29,44.32,44.275,44.29,10081,0
2017-11-24,17:40:00,44.29,44.32,44.29,44.3,6743,0
2017-11-24,17:45:00,44.31,44.34,44.31,44.33,5300,0
2017-11-24,17:50:00,44.33,44.34,44.325,44.33,5000,0
2017-11-24,17:55:00,44.33,44.36,44.33,44.33,7910,0
2017-11-24,18:00:00,44.34,44.36,44.32,44.36,12238,0
2017-11-24,18:05:00,44.35,44.35,44.33,44.33,5664,0
2017-11-24,18:10:00,44.33,44.33,44.3,44.3,5295,0
2017-11-24,18:15:00,44.3,44.31,44.29,44.29,2430,0
2017-11-24,18:20:00,44.29,44.31,44.28,44.31,5799,0
2017-11-24,18:25:00,44.3,44.33,44.3,44.32,7503,0
2017-11-24,18:30:00,44.32,44.33,44.315,44.32,5517,0
2017-11-24,18:35:00,44.33,44.33,44.3,44.3,2603,0
2017-11-24,18:40:00,44.3,44.35,44.3,44.35,8011,0
2017-11-24,18:45:00,44.36,44.36,44.3,44.3,3907,0
2017-11-24,18:50:00,44.3,44.31,44.29,44.3,6584,0
2017-11-24,18:55:00,44.3,44.31,44.24,44.27,12425,0
2017-11-24,19:00:00,44.27,44.27,44.24,44.26,20540,0
2017-11-24,19:05:00,44.25,44.25,44.25,44.25,3145,0
2017-11-27,15:35:00,44.38,44.45,44.33,44.33,14662,0
2017-11-27,15:40:00,44.34,44.42,44.32,44.42,17238,0
2017-11-27,15:45:00,44.42,44.49,44.4,44.49,4444,0
2017-11-27,15:50:00,44.46,44.5,44.44,44.5,6399,0
2017-11-27,15:55:00,44.49,44.52,44.44,44.44,4300,0
2017-11-27,16:00:00,44.43,44.48,44.43,44.46,3200,0
2017-11-27,16:05:00,44.45,44.45,44.38,44.42,6099,0
2017-11-27,16:10:00,44.41,44.42,44.39,44.4,3196,0
2017-11-27,16:15:00,44.4,44.41,44.37,44.37,3100,0
2017-11-27,16:20:00,44.38,44.4,44.36,44.377,5197,0
2017-11-27,16:25:00,44.38,44.38,44.36,44.37,2693,0
2017-11-27,16:30:00,44.36,44.41,44.36,44.4,6700,0
2017-11-27,16:35:00,44.4,44.41,44.385,44.41,7140,0
2017-11-27,16:40:00,44.4,44.43,44.39,44.43,6681,0
2017-11-27,16:45:00,44.41,44.42,44.4,44.4,1400,0
2017-11-27,16:50:00,44.395,44.4,44.39,44.39,2045,0
2017-11-27,16:55:00,44.4,44.44,44.4,44.41,3579,0
2017-11-27,17:00:00,44.39,44.4213,44.38,44.4213,8070,0
2017-11-27,17:05:00,44.42,44.425,44.4,44.41,7369,0
2017-11-27,17:10:00,44.42,44.42,44.41,44.41,609,0
2017-11-27,17:15:00,44.4138,44.4138,44.365,44.4,14189,0
2017-11-27,17:20:00,44.39,44.41,44.36,44.36,10501,0
2017-11-27,17:25:00,44.36,44.41,44.35,44.38,23233,0
2017-11-27,17:30:00,44.38,44.387,44.365,44.365,2815,0
2017-11-27,17:35:00,44.365,44.3662,44.34,44.355,2871,0
2017-11-27,17:40:00,44.36,44.38,44.36,44.38,1747,0
2017-11-27,17:45:00,44.38,44.38,44.37,44.38,2368,0
2017-11-27,17:50:00,44.38,44.4,44.38,44.4,2238,0
2017-11-27,17:55:00,44.39,44.39,44.34,44.34,3304,0
2017-11-27,18:00:00,44.34,44.35,44.31,44.33,3542,0
2017-11-27,18:05:00,44.33,44.35,44.323,44.34,2992,0
2017-11-27,18:10:00,44.34,44.34,44.34,44.34,1000,0
2017-11-27,18:15:00,44.35,44.35,44.345,44.35,1900,0
2017-11-27,18:20:00,44.3462,44.3462,44.31,44.31,1849,0
2017-11-27,18:25:00,44.32,44.33,44.32,44.33,800,0
2017-11-27,18:30:00,44.34,44.36,44.31,44.31,5609,0
2017-11-27,18:35:00,44.31,44.31,44.305,44.31,815,0
2017-11-27,18:40:00,44.31,44.31,44.28,44.28,1400,0
2017-11-27,18:45:00,44.28,44.29,44.28,44.28,700,0
2017-11-27,18:50:00,44.27,44.29,44.26,44.28,2490,0
2017-11-27,18:55:00,44.28,44.28,44.27,44.28,1284,0
2017-11-27,19:00:00,44.28,44.28,44.24,44.24,3666,0
2017-11-27,19:05:00,44.25,44.25,44.23,44.245,4649,0
2017-11-27,19:10:00,44.25,44.275,44.23,44.26,9878,0
2017-11-27,19:15:00,44.25,44.29,44.245,44.29,22200,0
2017-11-27,19:20:00,44.29,44.29,44.28,44.285,600,0
2017-11-27,19:25:00,44.285,44.29,44.28,44.29,3014,0
2017-11-27,19:30:00,44.285,44.3,44.285,44.3,1864,0
2017-11-27,19:35:00,44.3,44.31,44.29,44.29,2018,0
2017-11-27,19:40:00,44.285,44.3,44.27,44.29,4027,0
2017-11-27,19:45:00,44.285,44.31,44.285,44.31,1100,0
2017-11-27,19:50:00,44.3099,44.3099,44.29,44.29,1025,0
2017-11-27,19:55:00,44.29,44.3,44.27,44.28,2426,0
2017-11-27,20:00:00,44.29,44.29,44.26,44.265,3192,0
2017-11-27,20:05:00,44.27,44.28,44.26,44.28,1961,0
2017-11-27,20:10:00,44.28,44.31,44.28,44.29,3480,0
2017-11-27,20:15:00,44.29,44.29,44.28,44.28,1284,0
2017-11-27,20:20:00,44.28,44.3,44.27,44.3,5758,0
2017-11-27,20:25:00,44.3,44.3,44.28,44.285,3118,0
2017-11-27,20:30:00,44.285,44.295,44.28,44.29,2300,0
2017-11-27,20:35:00,44.28,44.36,44.27,44.34,13925,0
2017-11-27,20:40:00,44.33,44.39,44.325,44.35,26780,0
2017-11-27,20:45:00,44.35,44.35,44.33,44.35,2458,0
2017-11-27,20:50:00,44.355,44.36,44.35,44.36,3300,0
2017-11-27,20:55:00,44.36,44.38,44.35,44.37,6222,0
2017-11-27,21:00:00,44.37,44.37,44.36,44.365,2297,0
2017-11-27,21:05:00,44.36,44.36,44.33,44.33,4800,0
2017-11-27,21:10:00,44.34,44.375,44.34,44.35,7412,0
2017-11-27,21:15:00,44.34,44.35,44.33,44.3349,4517,0
2017-11-27,21:20:00,44.34,44.345,44.335,44.34,3989,0
2017-11-27,21:25:00,44.33,44.3351,44.32,44.33,5550,0
2017-11-27,21:30:00,44.325,44.34,44.315,44.34,13247,0
2017-11-27,21:35:00,44.33,44.33,44.3,44.325,9773,0
2017-11-27,21:40:00,44.325,44.34,44.31,44.325,9285,0
2017-11-27,21:45:00,44.32,44.33,44.315,44.33,9039,0
2017-11-27,21:50:00,44.32,44.335,44.31,44.32,14876,0
2017-11-27,21:55:00,44.32,44.345,44.315,44.34,20682,0
2017-11-27,22:00:00,44.335,44.34,44.3,44.3,49961,0
2017-11-28,15:35:00,44.42,44.46,44.31,44.37,10738,0
2017-11-28,15:40:00,44.38,44.45,44.34,44.41,6300,0
2017-11-28,15:45:00,44.43,44.53,44.41,44.51,5444,0
2017-11-28,15:50:00,44.51,44.53,44.46,44.5,5600,0
2017-11-28,15:55:00,44.5,44.53,44.48,44.48,6728,0
2017-11-28,16:00:00,44.5,44.51,44.49,44.49,3699,0
2017-11-28,16:05:00,44.49,44.53,44.46,44.49,5106,0
2017-11-28,16:10:00,44.5,44.53,44.5,44.52,2826,0
2017-11-28,16:15:00,44.52,44.55,44.5,44.55,11245,0
2017-11-28,16:20:00,44.55,44.56,44.535,44.545,4632,0
2017-11-28,16:25:00,44.55,44.56,44.51,44.56,11218,0
2017-11-28,16:30:00,44.56,44.58,44.55,44.56,3687,0
2017-11-28,16:35:00,44.56,44.59,44.54,44.56,6828,0
2017-11-28,16:40:00,44.55,44.59,44.54,44.5625,9469,0
2017-11-28,16:45:00,44.57,44.62,44.57,44.6,3858,0
2017-11-28,16:50:00,44.58,44.59,44.565,44.58,2586,0
2017-11-28,16:55:00,44.58,44.61,44.575,44.59,19771,0
2017-11-28,17:00:00,44.59,44.59,44.56,44.58,3052,0
2017-11-28,17:05:00,44.57,44.59,44.57,44.57,4940,0
2017-11-28,17:10:00,44.55,44.59,44.55,44.59,6916,0
2017-11-28,17:15:00,44.59,44.59,44.55,44.55,4399,0
2017-11-28,17:20:00,44.55,44.62,44.55,44.62,6484,0
2017-11-28,17:25:00,44.61,44.67,44.61,44.65,6747,0
2017-11-28,17:30:00,44.65,44.7,44.645,44.68,10485,0
2017-11-28,17:35:00,44.69,44.69,44.66,44.68,13670,0
2017-11-28,17:40:00,44.68,44.71,44.65,44.69,5927,0
2017-11-28,17:45:00,44.69,44.69,44.66,44.66,3054,0
2017-11-28,17:50:00,44.66,44.66,44.64,44.64,1410,0
2017-11-28,17:55:00,44.64,44.64,44.61,44.61,700,0
2017-11-28,18:00:00,44.61,44.66,44.6,44.655,7177,0
2017-11-28,18:05:00,44.66,44.66,44.65,44.66,5140,0
2017-11-28,18:10:00,44.66,44.67,44.65,44.67,2100,0
2017-11-28,18:15:00,44.67,44.68,44.67,44.68,4018,0
2017-11-28,18:20:00,44.67,44.68,44.65,44.675,10972,0
2017-11-28,18:25:00,44.69,44.69,44.68,44.685,2600,0
2017-11-28,18:30:00,44.69,44.74,44.69,44.72,10024,0
2017-11-28,18:35:00,44.72,44.72,44.71,44.72,1756,0
2017-11-28,18:40:00,44.72,44.72,44.71,44.71,1377,0
2017-11-28,18:45:00,44.7,44.7,44.64,44.64,3650,0
2017-11-28,18:50:00,44.64,44.67,44.64,44.67,1676,0
2017-11-28,18:55:00,44.66,44.66,44.64,44.64,1647,0
2017-11-28,19:00:00,44.63,44.66,44.63,44.64,3718,0
2017-11-28,19:05:00,44.65,44.68,44.65,44.66,3400,0
2017-11-28,19:10:00,44.66,44.67,44.66,44.67,620,0
2017-11-28,19:15:00,44.67,44.67,44.665,44.67,1313,0
2017-11-28,19:20:00,44.67,44.67,44.64,44.64,1540,0
2017-11-28,19:25:00,44.63,44.67,44.63,44.635,12081,0
2017-11-28,19:30:00,44.62,44.64,44.6,44.61,2739,0
2017-11-28,19:35:00,44.605,44.62,44.605,44.62,1245,0
2017-11-28,19:40:00,44.62,44.62,44.62,44.62,200,0
2017-11-28,19:45:00,44.61,44.61,44.59,44.5937,2984,0
2017-11-28,19:50:00,44.6,44.61,44.6,44.6,1010,0
2017-11-28,19:55:00,44.6,44.6,44.55,44.55,2755,0
2017-11-28,20:00:00,44.54,44.54,44.51,44.54,8375,0
2017-11-28,20:05:00,44.5238,44.5238,44.5,44.52,3287,0
2017-11-28,20:10:00,44.53,44.54,44.515,44.515,5539,0
2017-11-28,20:15:00,44.53,44.53,44.51,44.51,1200,0
2017-11-28,20:20:00,44.51,44.51,44.49,44.495,8914,0
2017-11-28,20:25:00,44.49,44.5,44.48,44.495,7466,0
2017-11-28,20:30:00,44.495,44.53,44.495,44.5,7700,0
2017-11-28,20:35:00,44.5,44.51,44.495,44.5,4937,0
2017-11-28,20:40:00,44.5,44.5,44.47,44.47,6018,0
2017-11-28,20:45:00,44.47,44.4901,44.46,44.49,10091,0
2017-11-28,20:50:00,44.49,44.5,44.485,44.5,4618,0
2017-11-28,20:55:00,44.485,44.5,44.485,44.5,5337,0
2017-11-28,21:00:00,44.5,44.51,44.485,44.485,4996,0
2017-11-28,21:05:00,44.49,44.55,44.49,44.545,6218,0
2017-11-28,21:10:00,44.545,44.56,44.54,44.55,3202,0
2017-11-28,21:15:00,44.55,44.56,44.54,44.55,7599,0
2017-11-28,21:20:00,44.55,44.57,44.55,44.57,7402,0
2017-11-28,21:25:00,44.565,44.57,44.56,44.565,1000,0
2017-11-28,21:30:00,44.57,44.57,44.55,44.56,7921,0
2017-11-28,21:35:00,44.56,44.56,44.54,44.54,4040,0
2017-11-28,21:40:00,44.54,44.545,44.53,44.535,5092,0
2017-11-28,21:45:00,44.53,44.625,44.5,44.595,75841,0
2017-11-28,21:50:00,44.595,44.605,44.59,44.6,12813,0
2017-11-28,21:55:00,44.59,44.62,44.59,44.61,22030,0
2017-11-28,22:00:00,44.61,44.615,44.58,44.61,55360,0
2017-11-29,15:35:00,44.61,44.61,44.5,44.52,7292,0
2017-11-29,15:40:00,44.51,44.55,44.51,44.55,3600,0
2017-11-29,15:45:00,44.59,44.67,44.59,44.66,4800,0
2017-11-29,15:50:00,44.66,44.66,44.58,44.58,4996,0
2017-11-29,15:55:00,44.59,44.63,44.59,44.62,2457,0
2017-11-29,16:00:00,44.61,44.67,44.6,44.63,2881,0
2017-11-29,16:05:00,44.6,44.6576,44.59,44.6,16700,0
2017-11-29,16:10:00,44.59,44.6,44.56,44.6,5595,0
2017-11-29,16:15:00,44.62,44.69,44.62,44.68,3400,0
2017-11-29,16:20:00,44.66,44.67,44.63,44.64,3057,0
2017-11-29,16:25:00,44.63,44.65,44.61,44.65,4100,0
2017-11-29,16:30:00,44.6442,44.66,44.61,44.65,6829,0
2017-11-29,16:35:00,44.66,44.67,44.61,44.6294,4504,0
2017-11-29,16:40:00,44.62,44.66,44.61,44.66,3550,0
2017-11-29,16:45:00,44.65,44.66,44.61,44.61,5044,0
2017-11-29,16:50:00,44.62,44.63,44.53,44.58,11600,0
2017-11-29,16:55:00,44.58,44.605,44.57,44.6,5721,0
2017-11-29,17:00:00,44.6,44.6,44.56,44.58,2222,0
2017-11-29,17:05:00,44.5838,44.5838,44.55,44.57,5203,0
2017-11-29,17:10:00,44.58,44.594,44.57,44.59,4350,0
2017-11-29,17:15:00,44.5799,44.58,44.57,44.57,2354,0
2017-11-29,17:20:00,44.57,44.57,44.55,44.56,9985,0
2017-11-29,17:25:00,44.55,44.55,44.505,44.505,2990,0
2017-11-29,17:30:00,44.5,44.5,44.46,44.49,16286,0
2017-11-29,17:35:00,44.49,44.49,44.46,44.465,2764,0
2017-11-29,17:40:00,44.46,44.48,44.44,44.475,6734,0
2017-11-29,17:45:00,44.48,44.48,44.445,44.45,3400,0
2017-11-29,17:50:00,44.45,44.47,44.45,44.46,2692,0
2017-11-29,17:55:00,44.47,44.47,44.42,44.44,6700,0
2017-11-29,18:00:00,44.45,44.45,44.4,44.41,4598,0
2017-11-29,18:05:00,44.41,44.41,44.4,44.4,3516,0
2017-11-29,18:10:00,44.39,44.4,44.355,44.39,2901,0
2017-11-29,18:15:00,44.39,44.39,44.38,44.38,1580,0
2017-11-29,18:20:00,44.39,44.4,44.38,44.395,1833,0
2017-11-29,18:25:00,44.4,44.42,44.38,44.385,3046,0
2017-11-29,18:30:00,44.38,44.38,44.34,44.38,5000,0
2017-11-29,18:35:00,44.37,44.38,44.35,44.37,6016,0
2017-11-29,18:40:00,44.38,44.395,44.375,44.39,4288,0
2017-11-29,18:45:00,44.39,44.42,44.39,44.41,3734,0
2017-11-29,18:50:00,44.41,44.41,44.39,44.39,3570,0
2017-11-29,18:55:00,44.395,44.395,44.375,44.38,3658,0
2017-11-29,19:00:00,44.39,44.39,44.28,44.32,38425,0
2017-11-29,19:05:00,44.33,44.33,44.25,44.32,27719,0
2017-11-29,19:10:00,44.31,44.34,44.3,44.32,11393,0
2017-11-29,19:15:00,44.32,44.33,44.3,44.3,4600,0
2017-11-29,19:20:00,44.2975,44.31,44.295,44.3,5402,0
2017-11-29,19:25:00,44.31,44.33,44.29,44.3,7021,0
2017-11-29,19:30:00,44.3,44.3,44.295,44.2975,3814,0
2017-11-29,19:35:00,44.29,44.295,44.27,44.28,5357,0
2017-11-29,19:40:00,44.27,44.27,44.25,44.26,3636,0
2017-11-29,19:45:00,44.28,44.32,44.27,44.32,4052,0
2017-11-29,19:50:00,44.33,44.34,44.32,44.33,1905,0
2017-11-29,19:55:00,44.34,44.34,44.31,44.31,3301,0
2017-11-29,20:00:00,44.32,44.33,44.31,44.33,5800,0
2017-11-29,20:05:00,44.33,44.34,44.33,44.34,6243,0
2017-11-29,20:10:00,44.35,44.35,44.34,44.34,1797,0
2017-11-29,20:15:00,44.345,44.37,44.33,44.34,5180,0
2017-11-29,20:20:00,44.35,44.37,44.33,44.34,7366,0
2017-11-29,20:25:00,44.34,44.35,44.34,44.3499,2459,0
2017-11-29,20:30:00,44.35,44.36,44.33,44.35,15863,0
2017-11-29,20:35:00,44.35,44.36,44.35,44.36,1000,0
2017-11-29,20:40:00,44.37,44.38,44.36,44.3631,1905,0
2017-11-29,20:45:00,44.37,44.425,44.37,44.41,7107,0
2017-11-29,20:50:00,44.41,44.44,44.4,44.4,3798,0
2017-11-29,20:55:00,44.395,44.41,44.39,44.41,2952,0
2017-11-29,21:00:00,44.425,44.445,44.425,44.43,2877,0
2017-11-29,21:05:00,44.43,44.47,44.43,44.47,4000,0
2017-11-29,21:10:00,44.46,44.46,44.43,44.43,6247,0
2017-11-29,21:15:00,44.43,44.435,44.41,44.42,8117,0
2017-11-29,21:20:00,44.42,44.42,44.41,44.42,2091,0
2017-11-29,21:25:00,44.42,44.425,44.42,44.42,3037,0
2017-11-29,21:30:00,44.41,44.43,44.4,44.42,6954,0
2017-11-29,21:35:00,44.42,44.425,44.39,44.4,9122,0
2017-11-29,21:40:00,44.4,44.41,44.385,44.39,6825,0
2017-11-29,21:45:00,44.38,44.38,44.325,44.35,13952,0
2017-11-29,21:50:00,44.35,44.36,44.24,44.26,51208,0
2017-11-29,21:55:00,44.27,44.31,44.27,44.31,21529,0
2017-11-29,22:00:00,44.31,44.335,44.3,44.31,58928,0
2017-11-30,15:35:00,44.33,44.33,44.16,44.17,15614,0
2017-11-30,15:40:00,44.19,44.28,44.19,44.26,15126,0
2017-11-30,15:45:00,44.26,44.4,44.26,44.4,8099,0
2017-11-30,15:50:00,44.41,44.41,44.36,44.39,7663,0
2017-11-30,15:55:00,44.38,44.4,44.33,44.4,6532,0
2017-11-30,16:00:00,44.42,44.42,44.4,44.41,2709,0
2017-11-30,16:05:00,44.41,44.41,44.32,44.32,6740,0
2017-11-30,16:10:00,44.32,44.36,44.32,44.35,3700,0
2017-11-30,16:15:00,44.34,44.39,44.34,44.38,2276,0
2017-11-30,16:20:00,44.38,44.38,44.36,44.36,5293,0
2017-11-30,16:25:00,44.36,44.36,44.32,44.32,3575,0
2017-11-30,16:30:00,44.33,44.35,44.3,44.34,7645,0
2017-11-30,16:35:00,44.34,44.34,44.24,44.2454,3931,0
2017-11-30,16:40:00,44.22,44.22,44.21,44.22,2900,0
2017-11-30,16:45:00,44.225,44.23,44.19,44.19,7324,0
2017-11-30,16:50:00,44.2,44.22,44.19,44.22,5100,0
2017-11-30,16:55:00,44.21,44.22,44.205,44.22,8200,0
2017-11-30,17:00:00,44.23,44.24,44.16,44.19,9007,0
2017-11-30,17:05:00,44.18,44.23,44.18,44.21,3302,0
2017-11-30,17:10:00,44.215,44.23,44.2,44.21,7700,0
2017-11-30,17:15:00,44.21,44.21,44.18,44.21,5079,0
2017-11-30,17:20:00,44.22,44.27,44.21,44.27,5486,0
2017-11-30,17:25:00,44.26,44.26,44.1407,44.17,19005,0
2017-11-30,17:30:00,44.16,44.16,44.09,44.09,5129,0
2017-11-30,17:35:00,44.08,44.09,44.06,44.06,5524,0
2017-11-30,17:40:00,44.07,44.1,44.065,44.07,5425,0
2017-11-30,17:45:00,44.07,44.07,44.03,44.03,5366,0
2017-11-30,17:50:00,44.035,44.05,44.01,44.03,19069,0
2017-11-30,17:55:00,44.04,44.09,44.03,44.08,5033,0
2017-11-30,18:00:00,44.08,44.19,44.08,44.19,11708,0
2017-11-30,18:05:00,44.2,44.23,44.16,44.23,10406,0
2017-11-30,18:10:00,44.23,44.23,44.2,44.22,5153,0
2017-11-30,18:15:00,44.23,44.29,44.225,44.29,2911,0
2017-11-30,18:20:00,44.29,44.3,44.26,44.29,10115,0
2017-11-30,18:25:00,44.28,44.31,44.28,44.3,6663,0
2017-11-30,18:30:00,44.29,44.29,44.25,44.29,9180,0
2017-11-30,18:35:00,44.29,44.3,44.28,44.28,4956,0
2017-11-30,18:40:00,44.28,44.3165,44.28,44.3165,3405,0
2017-11-30,18:45:00,44.32,44.34,44.305,44.33,2998,0
2017-11-30,18:50:00,44.33,44.35,44.33,44.33,3623,0
2017-11-30,18:55:00,44.31,44.33,44.3,44.31,5866,0
2017-11-30,19:00:00,44.32,44.33,44.28,44.33,4600,0
2017-11-30,19:05:00,44.32,44.36,44.32,44.34,3600,0
2017-11-30,19:10:00,44.33,44.34,44.32,44.33,2735,0
2017-11-30,19:15:00,44.32,44.32,44.3,44.31,1801,0
2017-11-30,19:20:00,44.32,44.32,44.28,44.29,3722,0
2017-11-30,19:25:00,44.285,44.285,44.26,44.27,4175,0
2017-11-30,19:30:00,44.28,44.3,44.27,44.27,2570,0
2017-11-30,19:35:00,44.28,44.3,44.2762,44.3,3046,0
2017-11-30,19:40:00,44.3,44.3,44.29,44.3,3302,0
2017-11-30,19:45:00,44.3,44.3,44.29,44.29,1200,0
2017-11-30,19:50:00,44.29,44.29,44.24,44.252,4803,0
2017-11-30,19:55:00,44.26,44.26,44.21,44.21,14433,0
2017-11-30,20:00:00,44.2,44.2,44.17,44.19,6450,0
2017-11-30,20:05:00,44.19,44.21,44.17,44.17,3617,0
2017-11-30,20:10:00,44.17,44.17,44.16,44.17,2775,0
2017-11-30,20:15:00,44.17,44.17,44.15,44.165,3358,0
2017-11-30,20:20:00,44.16,44.16,44.13,44.14,28858,0
2017-11-30,20:25:00,44.14,44.17,44.1375,44.16,5045,0
2017-11-30,20:30:00,44.17,44.1834,44.165,44.18,4005,0
2017-11-30,20:35:00,44.18,44.18,44.14,44.16,4393,0
2017-11-30,20:40:00,44.15,44.16,44.14,44.16,3028,0
2017-11-30,20:45:00,44.15,44.16,44.14,44.15,6331,0
2017-11-30,20:50:00,44.145,44.16,44.135,44.15,11671,0
2017-11-30,20:55:00,44.15,44.15,44.14,44.14,2900,0
2017-11-30,21:00:00,44.14,44.15,44.12,44.12,8103,0
2017-11-30,21:05:00,44.125,44.13,44.11,44.12,2000,0
2017-11-30,21:10:00,44.12,44.12,44.105,44.115,8005,0
2017-11-30,21:15:00,44.115,44.115,44.09,44.105,8067,0
2017-11-30,21:20:00,44.11,44.12,44.1035,44.11,5148,0
2017-11-30,21:25:00,44.11,44.12,44.11,44.11,4000,0
2017-11-30,21:30:00,44.11,44.12,44.09,44.0901,16141,0
2017-11-30,21:35:00,44.09,44.09,44.06,44.07,10630,0
2017-11-30,21:40:00,44.06,44.07,44.03,44.0325,16052,0
2017-11-30,21:45:00,44.03,44.05,43.97,44.04,70578,0
2017-11-30,21:50:00,44.04,44.07,44.03,44.06,38417,0
2017-11-30,21:55:00,44.07,44.11,44.065,44.11,37291,0
2017-11-30,22:00:00,44.12,44.12,44.07,44.07,109916,0
2017-12-01,15:35:00,44.42,44.5,44.37,44.45,22155,0
2017-12-01,15:40:00,44.45,44.49,44.42,44.47,13736,0
2017-12-01,15:45:00,44.48,44.48,44.38,44.38,12704,0
2017-12-01,15:50:00,44.4,44.4,44.35,44.38,18397,0
2017-12-01,15:55:00,44.38,44.45,44.37,44.39,22401,0
2017-12-01,16:00:00,44.4,44.44,44.395,44.43,4946,0
2017-12-01,16:05:00,44.44,44.45,44.36,44.39,12486,0
2017-12-01,16:10:00,44.39,44.41,44.33,44.33,9000,0
2017-12-01,16:15:00,44.33,44.4,44.33,44.39,6000,0
2017-12-01,16:20:00,44.4,44.43,44.4,44.43,8112,0
2017-12-01,16:25:00,44.43,44.43,44.36,44.37,6544,0
2017-12-01,16:30:00,44.36,44.38,44.32,44.37,6500,0
2017-12-01,16:35:00,44.38,44.41,44.375,44.4,11983,0
2017-12-01,16:40:00,44.4,44.46,44.38,44.46,23157,0
2017-12-01,16:45:00,44.4655,44.5,44.46,44.46,3864,0
2017-12-01,16:50:00,44.45,44.46,44.43,44.45,5700,0
2017-12-01,16:55:00,44.46,44.5124,44.4575,44.48,8097,0
2017-12-01,17:00:00,44.47,44.48,44.45,44.46,5512,0
2017-12-01,17:05:00,44.47,44.48,44.44,44.48,2960,0
2017-12-01,17:10:00,44.48,44.5,44.42,44.42,29008,0
2017-12-01,17:15:00,44.44,44.44,44.22,44.31,19415,0
2017-12-01,17:20:00,44.34,44.34,44.29,44.32,8532,0
2017-12-01,17:25:00,44.32,44.32,44.24,44.26,7500,0
2017-12-01,17:30:00,44.25,44.29,44.19,44.21,14271,0
2017-12-01,17:35:00,44.18,44.23,44.11,44.2,19169,0
2017-12-01,17:40:00,44.2,44.29,44.2,44.22,15880,0
2017-12-01,17:45:00,44.24,44.28,44.21,44.265,8477,0
2017-12-01,17:50:00,44.25,44.26,44.19,44.25,8239,0
2017-12-01,17:55:00,44.23,44.34,44.22,44.32,11550,0
2017-12-01,18:00:00,44.33,44.38,44.28,44.37,6089,0
2017-12-01,18:05:00,44.38,44.39,44.32,44.39,6506,0
2017-12-01,18:10:00,44.38,44.5,44.34,44.49,19842,0
2017-12-01,18:15:00,44.5,44.52,44.46,44.51,7321,0
2017-12-01,18:20:00,44.5,44.54,44.5,44.52,7393,0
2017-12-01,18:25:00,44.52,44.58,44.52,44.56,4403,0
2017-12-01,18:30:00,44.56,44.58,44.52,44.53,9347,0
2017-12-01,18:35:00,44.54,44.54,44.48,44.51,5251,0
2017-12-01,18:40:00,44.5,44.5,44.47,44.48,7400,0
2017-12-01,18:45:00,44.48,44.5,44.47,44.49,6900,0
2017-12-01,18:50:00,44.49,44.53,44.49,44.53,4870,0
2017-12-01,18:55:00,44.54,44.56,44.51,44.53,2500,0
2017-12-01,19:00:00,44.53,44.53,44.5,44.52,5623,0
2017-12-01,19:05:00,44.52,44.52,44.51,44.52,3297,0
2017-12-01,19:10:00,44.53,44.54,44.52,44.54,2395,0
2017-12-01,19:15:00,44.52,44.56,44.52,44.54,3425,0
2017-12-01,19:20:00,44.54,44.56,44.53,44.545,3136,0
2017-12-01,19:25:00,44.55,44.56,44.53,44.56,3565,0
2017-12-01,19:30:00,44.56,44.56,44.53,44.56,3192,0
2017-12-01,19:35:00,44.56,44.6,44.55,44.58,7199,0
2017-12-01,19:40:00,44.58,44.6,44.57,44.58,2800,0
2017-12-01,19:45:00,44.58,44.5962,44.58,44.58,2777,0
2017-12-01,19:50:00,44.58,44.58,44.54,44.55,2579,0
2017-12-01,19:55:00,44.54,44.55,44.53,44.53,3202,0
2017-12-01,20:00:00,44.53,44.56,44.53,44.56,1300,0
2017-12-01,20:05:00,44.56,44.57,44.55,44.56,1594,0
2017-12-01,20:10:00,44.57,44.57,44.55,44.55,4790,0
2017-12-01,20:15:00,44.56,44.6,44.56,44.58,4700,0
2017-12-01,20:20:00,44.59,44.6,44.58,44.6,2301,0
2017-12-01,20:25:00,44.5941,44.61,44.59,44.61,4707,0
2017-12-01,20:30:00,44.62,44.63,44.615,44.62,3563,0
2017-12-01,20:35:00,44.62,44.63,44.61,44.62,3119,0
2017-12-01,20:40:00,44.62,44.62,44.61,44.615,2300,0
2017-12-01,20:45:00,44.62,44.62,44.58,44.6,5538,0
2017-12-01,20:50:00,44.61,44.61,44.57,44.57,3206,0
2017-12-01,20:55:00,44.57,44.575,44.555,44.555,2026,0
2017-12-01,21:00:00,44.555,44.6,44.555,44.6,6329,0
2017-12-01,21:05:00,44.6,44.6,44.575,44.59,4124,0
2017-12-01,21:10:00,44.58,44.58,44.56,44.57,6915,0
2017-12-01,21:15:00,44.58,44.58,44.54,44.545,2650,0
2017-12-01,21:20:00,44.54,44.55,44.51,44.52,11269,0
2017-12-01,21:25:00,44.52,44.565,44.52,44.565,9062,0
2017-12-01,21:30:00,44.57,44.59,44.565,44.575,12317,0
2017-12-01,21:35:00,44.58,44.58,44.56,44.565,6893,0
2017-12-01,21:40:00,44.565,44.57,44.56,44.565,7469,0
2017-12-01,21:45:00,44.56,44.6,44.54,44.59,29767,0
2017-12-01,21:50:00,44.58,44.58,44.55,44.56,11556,0
2017-12-01,21:55:00,44.56,44.57,44.54,44.545,21180,0
2017-12-01,22:00:00,44.54,44.58,44.53,44.54,74946,0
2017-12-04,15:35:00,44.67,44.69,44.58,44.6,13763,0
2017-12-04,15:40:00,44.61,44.63,44.55,44.63,10709,0
2017-12-04,15:45:00,44.61,44.62,44.55,44.59,15480,0
2017-12-04,15:50:00,44.58,44.61,44.56,44.5869,12279,0
2017-12-04,15:55:00,44.59,44.59,44.505,44.505,5050,0
2017-12-04,16:00:00,44.51,44.53,44.44,44.53,8400,0
2017-12-04,16:05:00,44.54,44.56,44.51,44.51,8835,0
2017-12-04,16:10:00,44.51,44.515,44.375,44.375,28609,0
2017-12-04,16:15:00,44.38,44.44,44.36,44.4,23235,0
2017-12-04,16:20:00,44.4,44.4,44.29,44.35,33027,0
2017-12-04,16:25:00,44.35,44.41,44.305,44.4,21366,0
2017-12-04,16:30:00,44.4,44.43,44.37,44.385,17465,0
2017-12-04,16:35:00,44.39,44.41,44.37,44.37,19000,0
2017-12-04,16:40:00,44.37,44.44,44.37,44.44,4893,0
2017-12-04,16:45:00,44.43,44.43,44.39,44.39,5404,0
2017-12-04,16:50:00,44.39,44.42,44.335,44.42,40400,0
2017-12-04,16:55:00,44.41,44.41,44.33,44.33,7900,0
2017-12-04,17:00:00,44.34,44.39,44.34,44.36,6100,0
2017-12-04,17:05:00,44.36,44.36,44.31,44.34,6900,0
2017-12-04,17:10:00,44.34,44.34,44.3,44.32,4656,0
2017-12-04,17:15:00,44.31,44.33,44.3,44.32,3158,0
2017-12-04,17:20:00,44.33,44.35,44.33,44.34,4987,0
2017-12-04,17:25:00,44.35,44.38,44.34,44.36,4562,0
2017-12-04,17:30:00,44.355,44.36,44.33,44.34,5598,0
2017-12-04,17:35:00,44.34,44.34,44.315,44.32,14800,0
2017-12-04,17:40:00,44.32,44.3835,44.32,44.38,5626,0
2017-12-04,17:45:00,44.37,44.37,44.35,44.35,5751,0
2017-12-04,17:50:00,44.35,44.37,44.3,44.31,9788,0
2017-12-04,17:55:00,44.3,44.36,44.3,44.32,12451,0
2017-12-04,18:00:00,44.32,44.34,44.31,44.33,5580,0
2017-12-04,18:05:00,44.32,44.36,44.29,44.36,23808,0
2017-12-04,18:10:00,44.35,44.37,44.32,44.32,14394,0
2017-12-04,18:15:00,44.31,44.34,44.29,44.3,15514,0
2017-12-04,18:20:00,44.3,44.34,44.3,44.33,15218,0
2017-12-04,18:25:00,44.32,44.32,44.3,44.31,1834,0
2017-12-04,18:30:00,44.3,44.3,44.28,44.29,3958,0
2017-12-04,18:35:00,44.285,44.33,44.28,44.31,17733,0
2017-12-04,18:40:00,44.3,44.32,44.2947,44.31,5685,0
2017-12-04,18:45:00,44.32,44.34,44.305,44.33,8034,0
2017-12-04,18:50:00,44.34,44.35,44.31,44.31,4896,0
2017-12-04,18:55:00,44.31,44.3235,44.31,44.31,1925,0
2017-12-04,19:00:00,44.31,44.33,44.31,44.32,2787,0
2017-12-04,19:05:00,44.32,44.32,44.31,44.31,16725,0
2017-12-04,19:10:00,44.32,44.32,44.31,44.31,2250,0
2017-12-04,19:15:00,44.3,44.32,44.3,44.32,1282,0
2017-12-04,19:20:00,44.31,44.32,44.28,44.28,9429,0
2017-12-04,19:25:00,44.29,44.31,44.29,44.305,3029,0
2017-12-04,19:30:00,44.31,44.36,44.3,44.3538,9787,0
2017-12-04,19:35:00,44.35,44.35,44.35,44.35,700,0
2017-12-04,19:40:00,44.355,44.38,44.35,44.38,3162,0
2017-12-04,19:45:00,44.38,44.39,44.37,44.39,6617,0
2017-12-04,19:50:00,44.4,44.43,44.4,44.43,3000,0
2017-12-04,19:55:00,44.44,44.44,44.41,44.41,6290,0
2017-12-04,20:00:00,44.42,44.43,44.4,44.4,9642,0
2017-12-04,20:05:00,44.4,44.405,44.36,44.38,13116,0
2017-12-04,20:10:00,44.37,44.38,44.36,44.375,6811,0
2017-12-04,20:15:00,44.37,44.38,44.365,44.38,7430,0
2017-12-04,20:20:00,44.37,44.38,44.35,44.38,12276,0
2017-12-04,20:25:00,44.38,44.4,44.38,44.38,9413,0
2017-12-04,20:30:00,44.38,44.39,44.37,44.37,4604,0
2017-12-04,20:35:00,44.38,44.39,44.365,44.37,6870,0
2017-12-04,20:40:00,44.36,44.41,44.35,44.385,12861,0
2017-12-04,20:45:00,44.385,44.39,44.365,44.385,3522,0
2017-12-04,20:50:00,44.38,44.38,44.36,44.37,3499,0
2017-12-04,20:55:00,44.37,44.39,44.365,44.37,2761,0
2017-12-04,21:00:00,44.37,44.38,44.37,44.38,3245,0
2017-12-04,21:05:00,44.38,44.39,44.3705,44.38,2696,0
2017-12-04,21:10:00,44.39,44.39,44.38,44.38,2831,0
2017-12-04,21:15:00,44.38,44.39,44.365,44.365,10299,0
2017-12-04,21:20:00,44.36,44.36,44.345,44.36,13292,0
2017-12-04,21:25:00,44.355,44.375,44.355,44.36,10130,0
2017-12-04,21:30:00,44.36,44.36,44.345,44.35,5309,0
2017-12-04,21:35:00,44.34,44.35,44.31,44.325,25388,0
2017-12-04,21:40:00,44.325,44.345,44.31,44.32,27933,0
2017-12-04,21:45:00,44.31,44.36,44.31,44.35,12825,0
2017-12-04,21:50:00,44.345,44.37,44.3,44.305,12577,0
2017-12-04,21:55:00,44.3,44.33,44.27,44.285,25032,0
2017-12-04,22:00:00,44.285,44.31,44.28,44.28,58892,0
2017-12-05,15:35:00,44.55,44.61,44.28,44.325,53397,0
2017-12-05,15:40:00,44.32,44.45,44.32,44.41,42587,0
2017-12-05,15:45:00,44.4,44.43,44.33,44.42,47536,0
2017-12-05,15:50:00,44.43,44.44,44.34,44.4,44108,0
2017-12-05,15:55:00,44.4,44.4,44.33,44.375,36262,0
2017-12-05,16:00:00,44.37,44.42,44.33,44.41,81108,0
2017-12-05,16:05:00,44.41,44.49,44.38,44.49,15925,0
2017-12-05,16:10:00,44.48,44.53,44.43,44.43,22879,0
2017-12-05,16:15:00,44.44,44.45,44.38,44.39,35129,0
2017-12-05,16:20:00,44.39,44.45,44.33,44.42,30797,0
2017-12-05,16:25:00,44.415,44.425,44.39,44.4,16785,0
2017-12-05,16:30:00,44.405,44.405,44.37,44.38,6995,0
2017-12-05,16:35:00,44.37,44.42,44.35,44.38,13624,0
2017-12-05,16:40:00,44.385,44.41,44.36,44.375,16424,0
2017-12-05,16:45:00,44.375,44.39,44.3266,44.3266,5873,0
2017-12-05,16:50:00,44.32,44.34,44.28,44.33,51998,0
2017-12-05,16:55:00,44.34,44.35,44.31,44.33,5992,0
2017-12-05,17:00:00,44.355,44.44,44.355,44.42,4873,0
2017-12-05,17:05:00,44.42,44.47,44.42,44.45,9500,0
2017-12-05,17:10:00,44.44,44.49,44.44,44.49,8042,0
2017-12-05,17:15:00,44.49,44.51,44.49,44.5,3389,0
2017-12-05,17:20:00,44.5,44.56,44.48,44.56,4801,0
2017-12-05,17:25:00,44.56,44.631,44.55,44.59,15540,0
2017-12-05,17:30:00,44.59,44.6,44.54,44.58,12654,0
2017-12-05,17:35:00,44.55,44.55,44.465,44.485,12263,0
2017-12-05,17:40:00,44.465,44.48,44.44,44.46,3435,0
2017-12-05,17:45:00,44.455,44.465,44.44,44.465,3641,0
2017-12-05,17:50:00,44.465,44.47,44.45,44.45,4000,0
2017-12-05,17:55:00,44.46,44.46,44.37,44.39,4691,0
2017-12-05,18:00:00,44.39,44.3962,44.345,44.35,5406,0
2017-12-05,18:05:00,44.36,44.36,44.35,44.35,2000,0
2017-12-05,18:10:00,44.34,44.37,44.335,44.37,2900,0
2017-12-05,18:15:00,44.37,44.37,44.33,44.34,4700,0
2017-12-05,18:20:00,44.345,44.35,44.33,44.35,2110,0
2017-12-05,18:25:00,44.35,44.35,44.34,44.34,3279,0
2017-12-05,18:30:00,44.345,44.36,44.33,44.3429,5553,0
2017-12-05,18:35:00,44.36,44.37,44.35,44.36,2010,0
2017-12-05,18:40:00,44.36,44.36,44.34,44.35,2200,0
2017-12-05,18:45:00,44.35,44.35,44.33,44.335,2014,0
2017-12-05,18:50:00,44.34,44.35,44.33,44.33,1500,0
2017-12-05,18:55:00,44.34,44.34,44.32,44.32,2461,0
2017-12-05,19:00:00,44.32,44.32,44.29,44.291,1905,0
2017-12-05,19:05:00,44.29,44.3,44.27,44.28,3375,0
2017-12-05,19:10:00,44.28,44.3,44.275,44.28,59257,0
2017-12-05,19:15:00,44.27,44.3,44.25,44.27,44727,0
2017-12-05,19:20:00,44.27,44.27,44.2,44.24,8335,0
2017-12-05,19:25:00,44.23,44.26,44.23,44.24,5985,0
2017-12-05,19:30:00,44.23,44.23,44.2,44.23,5787,0
2017-12-05,19:35:00,44.25,44.25,44.23,44.23,2778,0
2017-12-05,19:40:00,44.25,44.27,44.24,44.27,1832,0
2017-12-05,19:45:00,44.27,44.29,44.27,44.28,6104,0
2017-12-05,19:50:00,44.27,44.29,44.27,44.29,3827,0
2017-12-05,19:55:00,44.2965,44.2965,44.29,44.29,1693,0
2017-12-05,20:00:00,44.28,44.293,44.27,44.27,4980,0
2017-12-05,20:05:00,44.27,44.3,44.27,44.28,12492,0
2017-12-05,20:10:00,44.29,44.29,44.26,44.29,6244,0
2017-12-05,20:15:00,44.29,44.29,44.28,44.28,3047,0
2017-12-05,20:20:00,44.29,44.29,44.25,44.25,3959,0
2017-12-05,20:25:00,44.26,44.26,44.24,44.26,4666,0
2017-12-05,20:30:00,44.255,44.265,44.2541,44.26,4364,0
2017-12-05,20:35:00,44.255,44.26,44.23,44.23,6328,0
2017-12-05,20:40:00,44.24,44.25,44.2,44.205,16055,0
2017-12-05,20:45:00,44.21,44.22,44.2,44.22,3800,0
2017-12-05,20:50:00,44.21,44.22,44.195,44.2,6391,0
2017-12-05,20:55:00,44.2,44.22,44.2,44.21,2840,0
2017-12-05,21:00:00,44.22,44.22,44.2,44.21,5579,0
2017-12-05,21:05:00,44.205,44.24,44.205,44.24,7809,0
2017-12-05,21:10:00,44.24,44.25,44.235,44.245,4498,0
2017-12-05,21:15:00,44.24,44.24,44.225,44.24,5348,0
2017-12-05,21:20:00,44.24,44.24,44.22,44.22,2923,0
2017-12-05,21:25:00,44.215,44.26,44.215,44.25,7988,0
2017-12-05,21:30:00,44.255,44.275,44.25,44.27,4812,0
2017-12-05,21:35:00,44.27,44.28,44.2635,44.2635,3205,0
2017-12-05,21:40:00,44.27,44.27,44.24,44.245,6471,0
2017-12-05,21:45:00,44.24,44.25,44.21,44.25,14100,0
2017-12-05,21:50:00,44.26,44.26,44.23,44.23,6545,0
2017-12-05,21:55:00,44.23,44.24,44.21,44.23,9892,0
2017-12-05,22:00:00,44.24,44.25,44.22,44.22,56730,0
2017-12-06,15:35:00,44.18,44.42,44.18,44.27,14010,0
2017-12-06,15:40:00,44.25,44.29,44.18,44.29,13422,0
2017-12-06,15:45:00,44.29,44.32,44.23,44.27,12329,0
2017-12-06,15:50:00,44.29,44.29,44.22,44.23,7689,0
2017-12-06,15:55:00,44.22,44.22,44.15,44.19,12687,0
2017-12-06,16:00:00,44.2,44.23,44.15,44.16,8750,0
2017-12-06,16:05:00,44.14,44.22,44.07,44.15,23062,0
2017-12-06,16:10:00,44.14,44.16,44.11,44.16,4753,0
2017-12-06,16:15:00,44.17,44.22,44.17,44.2,10659,0
2017-12-06,16:20:00,44.21,44.23,44.16,44.16,10805,0
2017-12-06,16:25:00,44.15,44.15,44.11,44.11,4300,0
2017-12-06,16:30:00,44.1,44.1,44.08,44.09,6461,0
2017-12-06,16:35:00,44.09,44.21,44.09,44.2,7142,0
2017-12-06,16:40:00,44.18,44.18,44.11,44.11,9041,0
2017-12-06,16:45:00,44.1,44.21,44.1,44.19,6800,0
2017-12-06,16:50:00,44.18,44.26,44.18,44.23,6108,0
2017-12-06,16:55:00,44.23,44.25,44.22,44.25,3202,0
2017-12-06,17:00:00,44.25,44.26,44.23,44.25,4502,0
2017-12-06,17:05:00,44.25,44.25,44.19,44.24,5056,0
2017-12-06,17:10:00,44.24,44.26,44.23,44.25,7200,0
2017-12-06,17:15:00,44.24,44.27,44.24,44.27,4409,0
2017-12-06,17:20:00,44.28,44.31,44.28,44.3,7929,0
2017-12-06,17:25:00,44.29,44.34,44.285,44.33,5124,0
2017-12-06,17:30:00,44.32,44.32,44.28,44.28,4155,0
2017-12-06,17:35:00,44.3,44.31,44.28,44.29,3327,0
2017-12-06,17:40:00,44.28,44.32,44.28,44.31,7312,0
2017-12-06,17:45:00,44.31,44.32,44.3,44.31,2548,0
2017-12-06,17:50:00,44.3,44.31,44.28,44.28,2723,0
2017-12-06,17:55:00,44.28,44.29,44.28,44.28,2053,0
2017-12-06,18:00:00,44.28,44.28,44.21,44.215,2037,0
2017-12-06,18:05:00,44.215,44.25,44.215,44.24,4715,0
2017-12-06,18:10:00,44.24,44.24,44.215,44.22,1837,0
2017-12-06,18:15:00,44.21,44.22,44.195,44.21,2700,0
2017-12-06,18:20:00,44.2,44.21,44.16,44.16,2642,0
2017-12-06,18:25:00,44.14,44.17,44.14,44.16,3089,0
2017-12-06,18:30:00,44.15,44.18,44.15,44.17,2600,0
2017-12-06,18:35:00,44.17,44.2,44.16,44.19,3557,0
2017-12-06,18:40:00,44.19,44.2,44.18,44.2,1223,0
2017-12-06,18:45:00,44.2,44.21,44.2,44.2038,2304,0
2017-12-06,18:50:00,44.21,44.24,44.21,44.23,3400,0
2017-12-06,18:55:00,44.22,44.22,44.18,44.18,2410,0
2017-12-06,19:00:00,44.18,44.19,44.14,44.15,2700,0
2017-12-06,19:05:00,44.16,44.16,44.15,44.16,2084,0
2017-12-06,19:10:00,44.15,44.17,44.14,44.17,4549,0
2017-12-06,19:15:00,44.16,44.18,44.15,44.18,2388,0
2017-12-06,19:20:00,44.19,44.23,44.19,44.21,4719,0
2017-12-06,19:25:00,44.21,44.22,44.2,44.22,1600,0
2017-12-06,19:30:00,44.22,44.23,44.22,44.23,400,0
2017-12-06,19:35:00,44.23,44.23,44.22,44.23,1488,0
2017-12-06,19:40:00,44.23,44.245,44.22,44.23,3767,0
2017-12-06,19:45:00,44.24,44.25,44.22,44.23,3125,0
2017-12-06,19:50:00,44.24,44.25,44.23,44.25,2900,0
2017-12-06,19:55:00,44.26,44.27,44.26,44.26,1100,0
2017-12-06,20:00:00,44.26,44.27,44.26,44.26,2000,0
2017-12-06,20:05:00,44.27,44.27,44.24,44.24,3500,0
2017-12-06,20:10:00,44.24,44.24,44.19,44.19,4184,0
2017-12-06,20:15:00,44.19,44.23,44.19,44.205,4441,0
2017-12-06,20:20:00,44.21,44.22,44.205,44.214,2100,0
2017-12-06,20:25:00,44.22,44.23,44.22,44.23,842,0
2017-12-06,20:30:00,44.22,44.22,44.19,44.2,2736,0
2017-12-06,20:35:00,44.195,44.2,44.16,44.19,25458,0
2017-12-06,20:40:00,44.185,44.225,44.185,44.225,3700,0
2017-12-06,20:45:00,44.22,44.22,44.22,44.22,900,0
2017-12-06,20:50:00,44.22,44.24,44.22,44.23,8111,0
2017-12-06,20:55:00,44.229,44.23,44.2,44.2,4500,0
2017-12-06,21:00:00,44.2,44.21,44.2,44.2,3300,0
2017-12-06,21:05:00,44.2,44.21,44.19,44.19,2569,0
2017-12-06,21:10:00,44.19,44.21,44.19,44.2,1840,0
2017-12-06,21:15:00,44.21,44.22,44.21,44.22,3774,0
2017-12-06,21:20:00,44.23,44.23,44.21,44.21,3900,0
2017-12-06,21:25:00,44.21,44.22,44.205,44.22,3104,0
2017-12-06,21:30:00,44.215,44.22,44.21,44.22,3200,0
2017-12-06,21:35:00,44.21,44.22,44.19,44.21,9677,0
2017-12-06,21:40:00,44.2,44.21,44.15,44.15,10905,0
2017-12-06,21:45:00,44.15,44.15,44.11,44.12,15159,0
2017-12-06,21:50:00,44.12,44.12,44.08,44.08,8103,0
2017-12-06,21:55:00,44.08,44.08,44.02,44.04,31210,0
2017-12-06,22:00:00,44.035,44.05,44.02,44.03,36808,0
