Date,Time,Open,High,Low,Close,Volume,OpenInt
2017-05-26,18:00:00,23.426,23.426,23.426,23.426,799,0
2017-05-26,19:50:00,23.474,23.474,23.474,23.474,102,0
2017-05-26,20:45:00,23.489,23.489,23.489,23.489,202,0
2017-05-26,21:35:00,23.527,23.527,23.527,23.527,1385,0
2017-05-26,21:45:00,23.494,23.494,23.494,23.494,1923,0
2017-05-30,16:05:00,23.454,23.454,23.454,23.454,1506,0
2017-05-30,16:30:00,23.405,23.405,23.405,23.405,301,0
2017-05-30,16:50:00,23.461,23.461,23.461,23.461,427,0
2017-05-30,18:00:00,23.439,23.439,23.439,23.439,161,0
2017-05-30,21:00:00,23.466,23.466,23.466,23.466,301,0
2017-05-30,21:15:00,23.51,23.51,23.51,23.51,196,0
2017-05-30,21:35:00,23.475,23.475,23.474,23.474,245,0
2017-05-31,16:05:00,23.295,23.301,23.295,23.301,2670,0
2017-05-31,16:45:00,23.375,23.375,23.375,23.375,100,0
2017-05-31,17:15:00,23.384,23.384,23.384,23.384,439,0
2017-05-31,17:30:00,23.4,23.4,23.4,23.4,205,0
2017-05-31,17:40:00,23.422,23.422,23.422,23.422,720,0
2017-05-31,18:15:00,23.439,23.439,23.439,23.439,730,0
2017-05-31,18:25:00,23.434,23.444,23.405,23.405,2193,0
2017-05-31,19:50:00,23.431,23.431,23.431,23.431,222,0
2017-05-31,21:20:00,23.474,23.474,23.474,23.474,401,0
2017-05-31,21:45:00,23.514,23.514,23.514,23.514,100,0
2017-05-31,21:55:00,23.499,23.499,23.499,23.499,201,0
2017-05-31,22:00:00,23.524,23.524,23.494,23.494,1652,0
2017-06-01,16:55:00,23.566,23.566,23.566,23.566,1668,0
2017-06-01,17:40:00,23.633,23.633,23.633,23.633,671,0
2017-06-01,17:50:00,23.649,23.649,23.649,23.649,301,0
2017-06-01,18:10:00,23.674,23.674,23.664,23.674,502,0
2017-06-01,19:25:00,23.767,23.767,23.767,23.767,277,0
2017-06-01,21:05:00,23.774,23.774,23.774,23.774,123,0
2017-06-01,21:45:00,23.783,23.783,23.783,23.783,201,0
2017-06-01,21:50:00,23.783,23.783,23.783,23.783,201,0
2017-06-02,16:25:00,23.823,23.823,23.823,23.823,172,0
2017-06-02,17:50:00,23.978,23.978,23.978,23.978,332,0
2017-06-02,18:00:00,24.018,24.018,24.018,24.018,1112,0
2017-06-02,19:05:00,23.958,23.983,23.953,23.953,589,0
2017-06-02,19:35:00,23.963,23.963,23.963,23.963,123,0
2017-06-02,21:20:00,23.923,23.923,23.923,23.923,595,0
2017-06-05,16:15:00,23.904,23.904,23.904,23.904,1519,0
2017-06-05,18:50:00,23.818,23.818,23.818,23.818,201,0
2017-06-05,19:45:00,23.823,23.843,23.813,23.813,3407,0
2017-06-05,19:50:00,23.818,23.818,23.818,23.818,353,0
2017-06-05,20:25:00,23.843,23.843,23.843,23.843,201,0
2017-06-05,20:35:00,23.853,23.853,23.853,23.853,702,0
2017-06-05,20:40:00,23.825,23.825,23.825,23.825,327,0
2017-06-05,20:55:00,23.867,23.867,23.867,23.867,413,0
2017-06-05,21:10:00,23.843,23.843,23.843,23.843,166,0
2017-06-05,21:50:00,23.763,23.774,23.763,23.763,1422,0
2017-06-06,16:25:00,23.594,23.594,23.594,23.594,325,0
2017-06-06,17:00:00,23.564,23.564,23.559,23.559,657,0
2017-06-06,17:50:00,23.524,23.539,23.524,23.539,463,0
2017-06-06,18:00:00,23.531,23.531,23.531,23.531,301,0
2017-06-06,18:30:00,23.529,23.529,23.529,23.529,353,0
2017-06-06,18:40:00,23.544,23.544,23.544,23.544,124,0
2017-06-06,18:45:00,23.515,23.515,23.515,23.515,201,0
2017-06-06,18:50:00,23.514,23.554,23.514,23.528,1705,0
2017-06-06,20:05:00,23.514,23.514,23.514,23.514,100,0
2017-06-06,21:00:00,23.629,23.629,23.629,23.629,149,0
2017-06-07,16:00:00,23.544,23.544,23.544,23.544,394,0
2017-06-07,17:15:00,23.55,23.55,23.55,23.55,201,0
2017-06-07,18:05:00,23.474,23.474,23.474,23.474,345591,0
2017-06-07,18:25:00,23.474,23.474,23.474,23.474,100,0
2017-06-07,18:50:00,23.434,23.434,23.4,23.4,201,0
2017-06-07,19:50:00,23.405,23.405,23.405,23.405,1334,0
2017-06-07,20:10:00,23.455,23.455,23.455,23.455,204,0
2017-06-07,20:30:00,23.428,23.434,23.415,23.43,22390,0
2017-06-07,20:35:00,23.454,23.454,23.454,23.454,100,0
2017-06-07,20:55:00,23.474,23.495,23.464,23.464,5132,0
2017-06-07,21:00:00,23.464,23.465,23.464,23.464,51014,0
2017-06-07,21:15:00,23.474,23.474,23.454,23.454,10637,0
2017-06-07,21:30:00,23.474,23.474,23.474,23.474,401,0
2017-06-07,21:35:00,23.465,23.489,23.465,23.474,8506,0
2017-06-07,21:45:00,23.464,23.484,23.444,23.484,1169,0
2017-06-07,21:50:00,23.474,23.474,23.474,23.474,401,0
2017-06-07,21:55:00,23.504,23.504,23.504,23.504,5659,0
2017-06-08,15:35:00,23.514,23.514,23.514,23.514,1214,0
2017-06-08,15:45:00,23.434,23.434,23.434,23.434,401,0
2017-06-08,17:25:00,23.644,23.644,23.644,23.644,520,0
2017-06-08,17:30:00,23.647,23.647,23.647,23.647,233,0
2017-06-08,17:40:00,23.659,23.659,23.654,23.654,4104,0
2017-06-08,18:05:00,23.674,23.674,23.674,23.674,184,0
2017-06-08,18:25:00,23.714,23.714,23.714,23.714,100,0
2017-06-08,19:00:00,23.748,23.748,23.748,23.748,301,0
2017-06-08,19:30:00,23.773,23.773,23.773,23.773,251,0
2017-06-08,20:40:00,23.771,23.771,23.771,23.771,104,0
2017-06-08,21:00:00,23.729,23.729,23.724,23.724,3275,0
2017-06-08,21:05:00,23.724,23.753,23.724,23.753,351,0
2017-06-08,21:35:00,23.753,23.753,23.753,23.753,38439,0
2017-06-08,21:40:00,23.753,23.753,23.733,23.743,21764,0
2017-06-08,22:00:00,23.763,23.763,23.763,23.763,434,0
2017-06-09,15:35:00,23.644,23.72,23.634,23.72,929,0
2017-06-09,15:55:00,23.823,23.823,23.823,23.823,100,0
2017-06-09,16:30:00,23.923,23.923,23.923,23.923,100,0
2017-06-09,17:50:00,24.06,24.06,24.06,24.06,389,0
2017-06-09,18:00:00,24.008,24.008,24.008,24.008,750,0
2017-06-09,18:20:00,24.042,24.052,24.042,24.052,2388,0
2017-06-09,19:05:00,24.038,24.038,24.038,24.038,100,0
2017-06-09,20:00:00,23.954,23.954,23.954,23.954,200,0
2017-06-09,20:35:00,23.949,23.949,23.949,23.949,323,0
2017-06-12,19:10:00,23.883,23.883,23.883,23.883,287,0
2017-06-12,20:20:00,23.863,23.867,23.863,23.867,3255,0
2017-06-12,20:25:00,23.853,23.853,23.853,23.853,100,0
2017-06-12,20:55:00,23.851,23.851,23.851,23.851,111,0
2017-06-12,21:20:00,23.863,23.863,23.863,23.863,401,0
2017-06-12,21:25:00,23.858,23.858,23.858,23.858,100,0
2017-06-12,22:00:00,23.883,23.883,23.883,23.883,201,0
2017-06-13,19:45:00,23.983,23.983,23.983,23.983,205,0
2017-06-13,20:00:00,24.003,24.003,23.983,23.983,90796,0
2017-06-13,20:50:00,23.973,23.973,23.973,23.973,345,0
2017-06-13,20:55:00,23.986,23.986,23.986,23.986,167,0
2017-06-13,21:30:00,23.993,23.993,23.993,23.993,100,0
2017-06-14,15:50:00,23.943,23.943,23.943,23.943,803,0
2017-06-14,16:05:00,23.943,23.953,23.943,23.943,3211,0
2017-06-14,16:30:00,23.933,23.933,23.933,23.933,369,0
2017-06-14,18:15:00,23.813,23.813,23.813,23.813,104,0
2017-06-14,18:25:00,23.853,23.853,23.843,23.843,586,0
2017-06-14,18:45:00,23.833,23.833,23.823,23.823,1954,0
2017-06-14,19:05:00,23.823,23.823,23.823,23.823,764,0
2017-06-14,20:40:00,23.816,23.816,23.816,23.816,1154,0
2017-06-14,20:45:00,23.813,23.813,23.793,23.813,1003,0
2017-06-14,21:05:00,23.803,23.803,23.803,23.803,100,0
2017-06-14,21:25:00,23.788,23.788,23.788,23.788,213,0
2017-06-14,22:00:00,23.893,23.893,23.893,23.893,197,0
2017-06-15,15:35:00,23.664,23.664,23.664,23.664,909,0
2017-06-15,15:50:00,23.714,23.714,23.714,23.714,100,0
2017-06-15,16:40:00,23.698,23.698,23.698,23.698,1123,0
2017-06-15,17:05:00,23.679,23.684,23.679,23.684,207,0
2017-06-15,17:25:00,23.743,23.743,23.743,23.743,213,0
2017-06-15,17:40:00,23.724,23.724,23.724,23.724,100,0
2017-06-15,17:45:00,23.763,23.773,23.763,23.773,1069,0
2017-06-15,18:00:00,23.734,23.734,23.734,23.734,315,0
2017-06-15,18:05:00,23.714,23.714,23.714,23.714,100,0
2017-06-15,19:00:00,23.753,23.753,23.753,23.753,100,0
2017-06-15,19:10:00,23.753,23.753,23.753,23.753,100,0
2017-06-15,19:55:00,23.77,23.77,23.77,23.77,205,0
2017-06-15,20:50:00,23.753,23.753,23.753,23.753,100,0
2017-06-15,21:30:00,23.755,23.79,23.753,23.763,767,0
2017-06-15,21:40:00,23.766,23.766,23.766,23.766,468,0
2017-06-16,16:10:00,23.664,23.664,23.664,23.664,926,0
2017-06-16,17:10:00,23.64,23.64,23.64,23.64,139,0
2017-06-16,17:45:00,23.669,23.669,23.669,23.669,774,0
2017-06-16,18:15:00,23.677,23.677,23.677,23.677,201,0
2017-06-16,18:25:00,23.691,23.691,23.664,23.664,2008,0
2017-06-16,20:25:00,23.665,23.665,23.647,23.647,265,0
2017-06-16,21:20:00,23.653,23.653,23.653,23.653,117,0
2017-06-16,21:45:00,23.664,23.664,23.664,23.664,100,0
2017-06-19,16:10:00,23.903,23.903,23.903,23.903,612,0
2017-06-19,18:05:00,23.843,23.843,23.843,23.843,100,0
2017-06-19,18:20:00,23.868,23.868,23.868,23.868,561,0
2017-06-19,18:25:00,23.858,23.858,23.858,23.858,190,0
2017-06-19,19:00:00,23.893,23.893,23.893,23.893,100,0
2017-06-19,19:10:00,23.933,23.933,23.933,23.933,154,0
2017-06-19,21:25:00,23.824,23.824,23.824,23.824,108,0
2017-06-20,17:20:00,23.706,23.706,23.706,23.706,697,0
2017-06-20,18:15:00,23.709,23.709,23.709,23.709,495,0
2017-06-20,19:55:00,23.697,23.697,23.697,23.697,112,0
2017-06-20,20:35:00,23.679,23.679,23.679,23.679,1642,0
2017-06-20,21:20:00,23.675,23.675,23.675,23.675,129,0
2017-06-20,21:35:00,23.701,23.701,23.701,23.701,4255,0
2017-06-21,16:10:00,23.694,23.694,23.694,23.694,100,0
2017-06-21,16:35:00,23.684,23.684,23.684,23.684,13657,0
2017-06-21,16:45:00,23.724,23.724,23.724,23.724,512,0
2017-06-21,18:15:00,23.723,23.723,23.723,23.723,427,0
2017-06-21,19:15:00,23.674,23.674,23.666,23.666,1331,0
2017-06-21,20:55:00,23.62,23.62,23.62,23.62,373,0
2017-06-21,21:30:00,23.593,23.604,23.593,23.604,1098,0
2017-06-21,21:45:00,23.554,23.554,23.554,23.554,291,0
2017-06-21,21:55:00,23.565,23.565,23.565,23.565,228,0
2017-06-22,16:05:00,23.554,23.554,23.554,23.554,100,0
2017-06-22,17:00:00,23.534,23.534,23.534,23.534,2796,0
2017-06-22,17:10:00,23.601,23.601,23.601,23.601,111,0
2017-06-22,18:15:00,23.596,23.596,23.596,23.596,272,0
2017-06-22,19:50:00,23.614,23.644,23.614,23.644,309,0
2017-06-22,21:00:00,23.694,23.694,23.694,23.694,160,0
2017-06-22,21:15:00,23.679,23.679,23.679,23.679,100,0
2017-06-22,21:20:00,23.664,23.664,23.654,23.654,469,0
2017-06-22,21:50:00,23.635,23.635,23.635,23.635,189,0
2017-06-23,15:50:00,23.614,23.624,23.609,23.614,803,0
2017-06-23,16:20:00,23.714,23.714,23.704,23.704,602,0
2017-06-23,16:45:00,23.753,23.763,23.753,23.763,201,0
2017-06-23,17:35:00,23.773,23.773,23.773,23.773,101,0
2017-06-23,18:50:00,23.776,23.776,23.776,23.776,132,0
2017-06-23,19:10:00,23.753,23.753,23.753,23.753,158,0
2017-06-23,19:30:00,23.743,23.76,23.733,23.733,6412,0
2017-06-23,21:15:00,23.738,23.738,23.738,23.738,216,0
2017-06-26,15:45:00,23.823,23.883,23.793,23.883,803,0
2017-06-26,16:20:00,23.853,23.853,23.853,23.853,220,0
2017-06-26,16:35:00,23.853,23.853,23.853,23.853,100,0
2017-06-26,18:15:00,23.845,23.845,23.845,23.845,100,0
2017-06-26,18:35:00,23.823,23.823,23.823,23.823,223,0
2017-06-26,18:50:00,23.853,23.853,23.853,23.853,883,0
2017-06-26,20:45:00,23.883,23.883,23.883,23.883,2359,0
2017-06-26,21:25:00,23.883,23.883,23.883,23.883,100,0
2017-06-27,16:05:00,23.79,23.798,23.79,23.798,251,0
2017-06-27,17:30:00,23.87,23.87,23.87,23.87,452,0
2017-06-27,17:40:00,23.845,23.845,23.845,23.845,628,0
2017-06-27,19:50:00,23.76,23.768,23.76,23.768,3529,0
2017-06-27,20:05:00,23.77,23.77,23.77,23.77,100,0
2017-06-27,21:40:00,23.721,23.721,23.721,23.721,104,0
2017-06-28,17:10:00,24.11,24.11,24.11,24.11,100,0
2017-06-28,17:15:00,24.12,24.12,24.12,24.12,100,0
2017-06-28,17:40:00,24.11,24.11,24.11,24.11,189,0
2017-06-28,20:35:00,24.106,24.106,24.1,24.1,1945,0
2017-06-28,21:30:00,24.11,24.14,24.11,24.14,1757,0
2017-06-29,16:15:00,24.06,24.06,24.06,24.06,1009,0
2017-06-29,17:15:00,24.11,24.11,24.11,24.11,100,0
2017-06-29,18:20:00,23.94,23.94,23.94,23.94,426,0
2017-06-29,18:30:00,23.933,23.933,23.933,23.933,100,0
2017-06-29,19:00:00,23.91,23.91,23.91,23.91,110,0
2017-06-29,20:45:00,23.951,23.96,23.951,23.96,594,0
2017-06-29,21:05:00,23.96,23.96,23.96,23.96,100,0
2017-06-29,21:40:00,23.997,23.997,23.997,23.997,134,0
2017-06-30,17:30:00,24.02,24.02,24.02,24.02,100,0
2017-06-30,17:35:00,23.992,23.992,23.992,23.992,684,0
2017-06-30,17:50:00,24.02,24.02,24.02,24.02,300,0
2017-06-30,18:10:00,24.06,24.06,24.06,24.06,126,0
2017-06-30,20:30:00,24.071,24.071,24.071,24.071,126,0
2017-06-30,21:25:00,24.085,24.085,24.085,24.085,304,0
2017-07-03,16:20:00,24.23,24.23,24.23,24.23,150,0
2017-07-03,17:10:00,24.265,24.265,24.26,24.26,728,0
2017-07-03,17:15:00,24.278,24.278,24.278,24.278,514,0
2017-07-03,17:25:00,24.28,24.28,24.28,24.28,100,0
2017-07-03,17:35:00,24.321,24.321,24.321,24.321,100,0
2017-07-03,17:50:00,24.31,24.31,24.31,24.31,435,0
2017-07-05,16:45:00,24.17,24.17,24.17,24.17,117,0
2017-07-05,17:20:00,24.17,24.17,24.17,24.17,100,0
2017-07-05,18:15:00,24.08,24.08,24.08,24.08,203,0
2017-07-05,18:25:00,24.128,24.13,24.128,24.13,3456,0
2017-07-05,19:50:00,24.2,24.2,24.194,24.194,1642,0
2017-07-05,20:05:00,24.216,24.216,24.216,24.216,375,0
2017-07-05,20:50:00,24.2,24.2,24.2,24.2,100,0
2017-07-05,21:00:00,24.151,24.151,24.151,24.151,226,0
2017-07-06,16:10:00,24.015,24.015,24.015,24.015,100,0
2017-07-06,17:05:00,24.11,24.11,24.11,24.11,714,0
2017-07-06,17:25:00,24.101,24.101,24.101,24.101,257,0
2017-07-06,18:00:00,24.135,24.135,24.135,24.135,179,0
2017-07-06,21:05:00,24.037,24.037,24.037,24.037,120,0
2017-07-06,21:25:00,24.005,24.005,24.005,24.005,237,0
2017-07-07,16:10:00,24.05,24.05,24.05,24.05,100,0
2017-07-07,16:15:00,24.051,24.051,24.051,24.051,484,0
2017-07-07,16:20:00,24.08,24.08,24.08,24.08,100,0
2017-07-07,17:15:00,24.05,24.05,24.05,24.05,100,0
2017-07-07,17:25:00,24.015,24.02,24.01,24.01,743,0
2017-07-07,17:55:00,24.16,24.16,24.16,24.16,100,0
2017-07-07,18:25:00,24.21,24.21,24.21,24.21,100,0
2017-07-07,18:35:00,24.23,24.23,24.23,24.23,100,0
2017-07-07,19:20:00,24.22,24.22,24.22,24.22,100,0
2017-07-07,19:45:00,24.23,24.23,24.23,24.23,100,0
2017-07-07,20:10:00,24.2,24.2,24.2,24.2,100,0
2017-07-07,20:20:00,24.199,24.199,24.199,24.199,123,0
2017-07-07,20:30:00,24.18,24.18,24.18,24.18,212,0
2017-07-07,20:35:00,24.16,24.16,24.16,24.16,556,0
2017-07-07,20:40:00,24.165,24.165,24.165,24.165,100,0
2017-07-07,20:50:00,24.18,24.18,24.173,24.173,1484,0
2017-07-07,21:25:00,24.21,24.21,24.21,24.21,200,0
2017-07-07,21:45:00,24.22,24.22,24.22,24.22,195,0
2017-07-10,18:20:00,24.22,24.22,24.22,24.22,100,0
2017-07-10,19:00:00,24.23,24.23,24.23,24.23,117,0
2017-07-10,19:10:00,24.23,24.23,24.23,24.23,300,0
2017-07-10,20:00:00,24.28,24.28,24.28,24.28,283,0
2017-07-10,20:10:00,24.245,24.245,24.245,24.245,126,0
2017-07-11,16:50:00,24.118,24.118,24.118,24.118,357,0
2017-07-11,18:00:00,24.114,24.114,24.114,24.114,593,0
2017-07-11,18:10:00,24.092,24.092,24.092,24.092,440,0
2017-07-11,18:20:00,24.12,24.12,24.12,24.12,156,0
2017-07-11,20:40:00,24.085,24.085,24.085,24.085,251,0
2017-07-11,21:00:00,24.085,24.085,24.085,24.085,226,0
2017-07-11,21:40:00,24.125,24.125,24.125,24.125,118,0
2017-07-12,15:55:00,24.34,24.34,24.34,24.34,100,0
2017-07-12,16:25:00,24.37,24.37,24.37,24.37,100,0
2017-07-12,16:50:00,24.31,24.31,24.31,24.31,585,0
2017-07-12,16:55:00,24.34,24.34,24.34,24.34,100,0
2017-07-12,17:20:00,24.267,24.267,24.267,24.267,155,0
2017-07-12,17:30:00,24.28,24.28,24.28,24.28,100,0
2017-07-12,17:50:00,24.279,24.279,24.279,24.279,417,0
2017-07-12,18:10:00,24.32,24.32,24.32,24.32,100,0
2017-07-12,18:25:00,24.285,24.285,24.285,24.285,235,0
2017-07-12,18:40:00,24.27,24.27,24.27,24.27,223,0
2017-07-12,18:55:00,24.28,24.28,24.28,24.28,100,0
2017-07-12,19:20:00,24.245,24.245,24.245,24.245,100,0
2017-07-12,19:40:00,24.28,24.28,24.28,24.28,100,0
2017-07-12,20:25:00,24.3,24.3,24.3,24.3,100,0
2017-07-12,21:00:00,24.29,24.29,24.29,24.29,100,0
2017-07-13,17:35:00,24.21,24.237,24.21,24.237,454,0
2017-07-13,18:45:00,24.21,24.21,24.21,24.21,433,0
2017-07-13,19:05:00,24.26,24.26,24.26,24.26,228,0
2017-07-13,20:40:00,24.267,24.267,24.267,24.267,908,0
2017-07-13,21:00:00,24.266,24.266,24.266,24.266,386,0
2017-07-13,21:15:00,24.25,24.25,24.25,24.25,306,0
2017-07-13,21:25:00,24.26,24.26,24.26,24.26,148,0
2017-07-13,21:35:00,24.25,24.25,24.25,24.25,107,0
2017-07-14,15:35:00,24.303,24.303,24.292,24.292,273,0
2017-07-14,18:55:00,24.295,24.295,24.295,24.295,620,0
2017-07-14,20:35:00,24.35,24.35,24.35,24.35,100,0
2017-07-14,21:45:00,24.38,24.38,24.38,24.38,500,0
2017-07-17,18:30:00,24.425,24.425,24.425,24.425,144,0
2017-07-17,19:00:00,24.45,24.45,24.45,24.45,100,0
2017-07-17,20:45:00,24.45,24.45,24.45,24.45,257,0
2017-07-18,17:25:00,24.31,24.31,24.3,24.3,648,0
2017-07-18,17:35:00,24.323,24.323,24.323,24.323,218,0
2017-07-18,17:55:00,24.32,24.32,24.32,24.32,411,0
2017-07-18,18:40:00,24.355,24.355,24.355,24.355,200,0
2017-07-18,20:45:00,24.375,24.375,24.375,24.375,247,0
2017-07-18,20:50:00,24.36,24.36,24.36,24.36,204,0
2017-07-19,16:30:00,24.485,24.485,24.485,24.485,1121,0
2017-07-19,17:45:00,24.47,24.47,24.47,24.47,657,0
2017-07-19,18:35:00,24.442,24.442,24.442,24.442,763,0
2017-07-19,19:50:00,24.52,24.52,24.52,24.52,200,0
2017-07-19,19:55:00,24.504,24.504,24.5,24.5,416,0
2017-07-20,16:05:00,24.45,24.45,24.45,24.45,1903,0
2017-07-20,16:25:00,24.41,24.41,24.41,24.41,130,0
2017-07-20,17:25:00,24.41,24.41,24.41,24.41,265,0
2017-07-20,17:35:00,24.37,24.37,24.36,24.36,710,0
2017-07-20,18:55:00,24.445,24.445,24.445,24.445,100,0
2017-07-20,19:15:00,24.486,24.486,24.45,24.45,800,0
2017-07-21,15:55:00,24.47,24.47,24.47,24.47,200,0
2017-07-21,16:15:00,24.388,24.388,24.388,24.388,180,0
2017-07-21,18:05:00,24.41,24.41,24.41,24.41,663,0
2017-07-21,18:10:00,24.46,24.46,24.46,24.46,200,0
2017-07-21,18:55:00,24.45,24.45,24.45,24.45,200,0
2017-07-21,19:00:00,24.415,24.415,24.415,24.415,300,0
2017-07-21,19:55:00,24.43,24.43,24.43,24.43,200,0
2017-07-21,20:30:00,24.405,24.405,24.4,24.401,2079,0
2017-07-21,20:40:00,24.4,24.4,24.4,24.4,100,0
2017-07-21,21:25:00,24.39,24.39,24.39,24.39,200,0
2017-07-21,21:45:00,24.41,24.41,24.41,24.41,100,0
2017-07-21,21:55:00,24.41,24.41,24.4,24.4,200,0
2017-07-21,22:00:00,24.4,24.4,24.4,24.4,100,0
2017-07-24,16:05:00,24.44,24.45,24.44,24.45,348,0
2017-07-24,16:20:00,24.441,24.441,24.441,24.441,218,0
2017-07-24,18:20:00,24.44,24.44,24.44,24.44,120,0
2017-07-24,18:35:00,24.45,24.46,24.45,24.46,1353,0
2017-07-24,18:40:00,24.451,24.451,24.451,24.451,200,0
2017-07-25,16:20:00,24.42,24.42,24.42,24.42,365,0
2017-07-25,17:25:00,24.46,24.46,24.46,24.46,228,0
2017-07-25,17:35:00,24.49,24.49,24.49,24.49,296,0
2017-07-25,18:00:00,24.544,24.544,24.544,24.544,282,0
2017-07-25,19:00:00,24.48,24.48,24.48,24.48,100,0
2017-07-25,19:40:00,24.499,24.499,24.469,24.49,616,0
2017-07-25,20:35:00,24.48,24.48,24.47,24.47,230,0
2017-07-25,22:00:00,24.48,24.48,24.48,24.48,191,0
2017-07-26,16:20:00,24.37,24.37,24.37,24.37,169,0
2017-07-26,17:30:00,24.35,24.35,24.35,24.35,281,0
2017-07-26,18:15:00,24.39,24.39,24.39,24.39,345,0
2017-07-26,18:20:00,24.355,24.355,24.355,24.355,179,0
2017-07-26,18:50:00,24.33,24.33,24.33,24.33,226,0
2017-07-26,19:00:00,24.315,24.315,24.315,24.315,232,0
2017-07-26,21:00:00,24.279,24.279,24.279,24.279,152,0
2017-07-26,21:25:00,24.237,24.237,24.237,24.237,287,0
2017-07-27,16:15:00,24.111,24.111,24.111,24.111,170,0
2017-07-27,17:25:00,24.13,24.15,24.13,24.15,314,0
2017-07-27,20:40:00,23.87,23.87,23.87,23.87,145,0
2017-07-28,16:00:00,23.83,23.84,23.83,23.84,815,0
2017-07-28,16:10:00,23.827,23.827,23.827,23.827,515,0
2017-07-28,17:50:00,23.805,23.805,23.805,23.805,2914,0
2017-07-28,18:00:00,23.79,23.79,23.79,23.79,159,0
2017-07-28,18:30:00,23.76,23.76,23.76,23.76,217,0
2017-07-28,18:35:00,23.79,23.79,23.79,23.79,257,0
2017-07-28,19:50:00,23.762,23.762,23.762,23.762,128,0
2017-07-28,20:30:00,23.77,23.77,23.77,23.77,300,0
2017-07-28,20:35:00,23.79,23.79,23.79,23.79,700,0
2017-07-31,18:30:00,23.73,23.73,23.73,23.73,100,0
2017-07-31,19:00:00,23.761,23.79,23.761,23.79,249,0
2017-07-31,19:20:00,23.79,23.79,23.79,23.79,648,0
2017-07-31,19:35:00,23.787,23.787,23.787,23.787,103,0
2017-07-31,21:00:00,23.78,23.78,23.78,23.78,100,0
2017-08-01,17:35:00,23.793,23.793,23.793,23.793,198,0
2017-08-01,18:25:00,23.838,23.838,23.838,23.838,272,0
2017-08-01,18:40:00,23.815,23.815,23.815,23.815,574,0
2017-08-01,18:45:00,23.835,23.835,23.835,23.835,200,0
2017-08-01,19:20:00,23.87,23.87,23.87,23.87,155,0
2017-08-01,20:50:00,23.851,23.851,23.851,23.851,603,0
2017-08-01,21:55:00,23.91,23.91,23.91,23.91,100,0
2017-08-02,17:10:00,23.68,23.68,23.68,23.68,200,0
2017-08-02,17:55:00,23.75,23.75,23.75,23.75,529,0
2017-08-02,18:05:00,23.765,23.765,23.765,23.765,2513,0
2017-08-02,18:10:00,23.76,23.76,23.76,23.76,204,0
2017-08-02,18:40:00,23.71,23.71,23.681,23.681,362,0
2017-08-02,19:15:00,23.72,23.72,23.72,23.72,255,0
2017-08-03,16:50:00,23.72,23.72,23.705,23.705,1055,0
2017-08-03,17:10:00,23.68,23.683,23.67,23.683,4065,0
2017-08-03,17:25:00,23.666,23.666,23.666,23.666,611,0
2017-08-03,17:30:00,23.662,23.662,23.662,23.662,289,0
2017-08-03,18:55:00,23.655,23.655,23.655,23.655,200,0
2017-08-03,19:35:00,23.58,23.587,23.58,23.587,400,0
2017-08-03,20:05:00,23.59,23.59,23.59,23.59,133,0
2017-08-03,21:35:00,23.57,23.6,23.57,23.6,369,0
2017-08-04,17:45:00,23.621,23.621,23.621,23.621,118,0
2017-08-04,18:30:00,23.65,23.65,23.62,23.62,3664,0
2017-08-04,18:40:00,23.63,23.63,23.63,23.63,200,0
2017-08-04,19:45:00,23.62,23.632,23.62,23.632,312,0
2017-08-04,20:20:00,23.6,23.635,23.6,23.635,200,0
2017-08-07,16:40:00,23.59,23.59,23.59,23.59,427,0
2017-08-07,18:40:00,23.691,23.691,23.691,23.691,200,0
2017-08-07,21:15:00,23.637,23.637,23.637,23.637,203,0
2017-08-08,16:20:00,23.61,23.612,23.61,23.612,840,0
2017-08-08,16:25:00,23.65,23.65,23.65,23.65,364,0
2017-08-08,16:45:00,23.695,23.695,23.69,23.69,664,0
2017-08-08,17:50:00,23.821,23.821,23.821,23.821,886,0
2017-08-08,18:25:00,23.81,23.81,23.81,23.81,179,0
2017-08-08,19:05:00,23.66,23.66,23.66,23.66,200,0
2017-08-08,19:50:00,23.67,23.67,23.67,23.67,300,0
2017-08-09,16:10:00,23.46,23.47,23.46,23.47,716,0
2017-08-09,17:55:00,23.528,23.528,23.528,23.528,1172,0
2017-08-09,18:05:00,23.525,23.525,23.525,23.525,412,0
2017-08-09,20:35:00,23.42,23.42,23.42,23.42,165,0
2017-08-09,21:20:00,23.41,23.41,23.41,23.41,133,0
2017-08-10,16:20:00,23.13,23.13,23.13,23.13,225,0
2017-08-10,18:00:00,23.13,23.13,23.13,23.13,159,0
2017-08-10,18:10:00,23.09,23.12,23.09,23.12,522,0
2017-08-10,18:50:00,23.08,23.08,23.08,23.08,117,0
2017-08-10,19:35:00,23.12,23.16,23.12,23.16,1003,0
2017-08-11,15:55:00,22.99,22.99,22.99,22.99,800,0
2017-08-11,16:25:00,22.99,22.99,22.99,22.99,1672,0
2017-08-11,17:45:00,22.995,22.995,22.995,22.995,859,0
2017-08-11,17:50:00,22.99,22.99,22.99,22.99,201,0
2017-08-11,18:00:00,22.99,22.99,22.99,22.99,200,0
2017-08-11,18:05:00,22.975,22.975,22.975,22.975,464,0
2017-08-11,18:10:00,22.99,22.99,22.99,22.99,351,0
2017-08-11,18:50:00,23,23,23,23,200,0
2017-08-14,15:35:00,23.08,23.08,23.08,23.08,100,0
2017-08-14,16:40:00,23.25,23.25,23.25,23.25,1233,0
2017-08-14,17:55:00,23.343,23.343,23.343,23.343,108,0
2017-08-14,18:20:00,23.36,23.36,23.36,23.36,150,0
2017-08-14,19:40:00,23.31,23.31,23.31,23.31,139,0
2017-08-14,20:35:00,23.38,23.38,23.38,23.38,159,0
2017-08-15,15:35:00,23.31,23.31,23.31,23.31,190,0
2017-08-15,15:45:00,23.38,23.38,23.38,23.38,114,0
2017-08-15,16:30:00,23.34,23.34,23.34,23.34,2290,0
2017-08-15,16:35:00,23.327,23.327,23.327,23.327,159,0
2017-08-15,18:00:00,23.3,23.3,23.3,23.3,275,0
2017-08-15,18:10:00,23.27,23.27,23.27,23.27,121,0
2017-08-15,18:25:00,23.31,23.31,23.31,23.31,281,0
2017-08-15,18:40:00,23.29,23.29,23.26,23.26,218,0
2017-08-15,18:55:00,23.265,23.265,23.265,23.265,100,0
2017-08-15,21:15:00,23.25,23.25,23.25,23.25,205,0
2017-08-15,21:35:00,23.279,23.279,23.279,23.279,100,0
2017-08-16,16:10:00,23.27,23.27,23.27,23.27,538,0
2017-08-16,17:15:00,23.307,23.315,23.307,23.315,563,0
2017-08-16,18:05:00,23.34,23.34,23.34,23.34,299,0
2017-08-16,18:20:00,23.39,23.39,23.39,23.39,277,0
2017-08-16,18:45:00,23.39,23.39,23.39,23.39,146,0
2017-08-16,20:20:00,23.29,23.29,23.29,23.29,148,0
2017-08-16,20:45:00,23.272,23.272,23.272,23.272,154,0
2017-08-16,21:00:00,23.3,23.3,23.3,23.3,142,0
2017-08-17,17:05:00,23.124,23.124,23.124,23.124,100,0
2017-08-17,18:05:00,23.085,23.085,23.085,23.085,100,0
2017-08-17,18:50:00,23.035,23.035,23.035,23.035,165,0
2017-08-17,21:00:00,22.95,22.95,22.95,22.95,260,0
2017-08-18,15:50:00,22.69,22.69,22.69,22.69,300,0
2017-08-18,16:15:00,22.7,22.7,22.7,22.7,388,0
2017-08-18,16:35:00,22.71,22.71,22.71,22.71,531,0
2017-08-18,17:00:00,22.744,22.744,22.744,22.744,1635,0
2017-08-18,17:10:00,22.762,22.762,22.762,22.762,321,0
2017-08-18,18:05:00,22.86,22.86,22.84,22.85,2816,0
2017-08-18,18:10:00,22.8,22.8,22.8,22.8,209,0
2017-08-18,18:20:00,22.84,22.84,22.84,22.84,284,0
2017-08-18,20:30:00,22.815,22.815,22.815,22.815,100,0
2017-08-18,20:40:00,22.805,22.807,22.805,22.807,271,0
2017-08-21,18:15:00,22.72,22.73,22.72,22.73,463,0
2017-08-21,18:40:00,22.72,22.72,22.72,22.72,10392,0
2017-08-21,20:35:00,22.707,22.707,22.707,22.707,257,0
2017-08-21,20:50:00,22.7,22.705,22.7,22.705,478,0
2017-08-22,17:55:00,22.78,22.78,22.78,22.78,115,0
2017-08-22,18:15:00,22.805,22.805,22.805,22.805,869,0
2017-08-22,18:25:00,22.81,22.81,22.81,22.81,317,0
2017-08-22,18:35:00,22.8,22.8,22.8,22.8,176,0
2017-08-22,19:05:00,22.8,22.8,22.8,22.8,409,0
2017-08-22,20:45:00,22.82,22.82,22.82,22.82,192,0
2017-08-22,22:00:00,22.85,22.85,22.85,22.85,183,0
2017-08-23,16:20:00,22.688,22.688,22.688,22.688,661,0
2017-08-23,17:45:00,22.73,22.73,22.73,22.73,387,0
2017-08-23,18:05:00,22.719,22.719,22.7,22.7,716,0
2017-08-23,18:10:00,22.69,22.69,22.69,22.69,308,0
2017-08-23,20:55:00,22.662,22.662,22.662,22.662,233,0
2017-08-23,21:20:00,22.641,22.653,22.637,22.645,791,0
2017-08-23,21:40:00,22.64,22.643,22.64,22.643,2801,0
2017-08-24,16:50:00,22.61,22.61,22.61,22.61,331,0
2017-08-24,17:30:00,22.592,22.592,22.592,22.592,253,0
2017-08-24,17:40:00,22.59,22.59,22.59,22.59,158,0
2017-08-24,20:40:00,22.54,22.54,22.54,22.54,389,0
2017-08-24,20:45:00,22.543,22.543,22.527,22.527,350,0
2017-08-25,17:35:00,22.582,22.582,22.582,22.582,107,0
2017-08-25,17:55:00,22.61,22.61,22.61,22.61,357,0
2017-08-25,18:25:00,22.61,22.61,22.61,22.61,205,0
2017-08-25,18:50:00,22.625,22.625,22.625,22.625,100,0
2017-08-25,19:20:00,22.654,22.654,22.654,22.654,139,0
2017-08-25,20:00:00,22.64,22.64,22.64,22.64,200,0
2017-08-25,20:05:00,22.64,22.645,22.62,22.63,1085,0
2017-08-25,20:20:00,22.643,22.643,22.643,22.643,111,0
2017-08-25,22:00:00,22.66,22.66,22.66,22.66,800,0
2017-08-28,17:30:00,22.6,22.6,22.6,22.6,380,0
2017-08-28,18:30:00,22.62,22.62,22.62,22.62,1839,0
2017-08-28,18:35:00,22.635,22.635,22.635,22.635,296,0
2017-08-28,18:45:00,22.612,22.612,22.612,22.612,400,0
2017-08-28,19:55:00,22.623,22.623,22.623,22.623,117,0
2017-08-29,16:15:00,22.485,22.485,22.485,22.485,552,0
2017-08-29,17:55:00,22.57,22.57,22.57,22.57,437,0
2017-08-29,18:15:00,22.57,22.57,22.57,22.57,167,0
2017-08-29,18:50:00,22.61,22.61,22.61,22.61,388,0
2017-08-29,20:30:00,22.632,22.632,22.632,22.632,124,0
2017-08-29,20:45:00,22.656,22.656,22.656,22.656,140,0
2017-08-30,16:55:00,22.705,22.705,22.705,22.705,395,0
2017-08-30,17:30:00,22.692,22.692,22.692,22.692,189,0
2017-08-30,17:35:00,22.715,22.715,22.715,22.715,182,0
2017-08-30,18:10:00,22.68,22.68,22.68,22.68,234,0
2017-08-31,16:15:00,22.81,22.81,22.81,22.81,491,0
2017-08-31,17:15:00,22.832,22.832,22.832,22.832,3404,0
2017-08-31,17:35:00,22.86,22.86,22.86,22.86,854,0
2017-08-31,18:55:00,22.86,22.86,22.86,22.86,300,0
2017-08-31,19:40:00,22.86,22.86,22.86,22.86,100,0
2017-08-31,20:15:00,22.83,22.83,22.83,22.83,100,0
2017-08-31,20:50:00,22.874,22.874,22.874,22.874,201,0
2017-08-31,21:25:00,22.86,22.86,22.86,22.86,135,0
2017-08-31,21:30:00,22.86,22.867,22.86,22.867,394,0
2017-09-01,15:35:00,22.77,22.77,22.77,22.77,104,0
2017-09-01,16:20:00,22.96,22.96,22.96,22.96,166,0
2017-09-01,16:40:00,22.99,22.99,22.99,22.99,1132,0
2017-09-01,16:45:00,22.96,22.96,22.96,22.96,146,0
2017-09-01,17:40:00,22.92,22.92,22.92,22.92,186,0
2017-09-01,17:45:00,22.95,22.95,22.95,22.95,204,0
2017-09-01,18:25:00,22.95,22.95,22.95,22.95,118,0
2017-09-01,19:55:00,22.95,22.952,22.95,22.952,610,0
2017-09-01,21:10:00,22.95,22.95,22.95,22.95,194,0
2017-09-05,16:35:00,22.89,22.89,22.89,22.89,200,0
2017-09-05,16:55:00,22.85,22.855,22.85,22.855,342,0
2017-09-05,17:05:00,22.86,22.86,22.86,22.86,100,0
2017-09-05,17:30:00,22.85,22.85,22.85,22.85,234,0
2017-09-05,19:20:00,22.68,22.68,22.68,22.68,300,0
2017-09-05,19:25:00,22.7,22.7,22.7,22.7,287,0
2017-09-05,19:40:00,22.675,22.69,22.675,22.69,995,0
2017-09-05,20:00:00,22.73,22.73,22.73,22.73,121,0
2017-09-06,15:35:00,22.69,22.69,22.69,22.69,953,0
2017-09-06,15:40:00,22.78,22.78,22.78,22.78,300,0
2017-09-06,15:55:00,22.77,22.77,22.77,22.77,100,0
2017-09-06,16:05:00,22.78,22.78,22.78,22.78,433,0
2017-09-06,16:20:00,22.77,22.77,22.77,22.77,200,0
2017-09-06,17:35:00,22.675,22.675,22.675,22.675,1502,0
2017-09-06,17:45:00,22.68,22.68,22.68,22.68,239,0
2017-09-06,19:50:00,22.73,22.73,22.724,22.724,1452,0
2017-09-07,16:15:00,22.66,22.66,22.66,22.66,652,0
2017-09-07,16:20:00,22.66,22.66,22.66,22.66,100,0
2017-09-07,17:20:00,22.71,22.71,22.71,22.71,300,0
2017-09-07,17:45:00,22.69,22.69,22.69,22.69,167,0
2017-09-07,18:30:00,22.69,22.69,22.69,22.69,136,0
2017-09-07,18:35:00,22.676,22.676,22.676,22.676,303,0
2017-09-07,19:40:00,22.665,22.665,22.665,22.665,100,0
2017-09-07,20:10:00,22.685,22.685,22.685,22.685,392,0
2017-09-07,21:25:00,22.72,22.72,22.7,22.702,992,0
2017-09-08,17:15:00,22.83,22.83,22.83,22.83,300,0
2017-09-08,18:50:00,22.81,22.81,22.81,22.81,492,0
2017-09-08,19:05:00,22.84,22.84,22.84,22.84,1101,0
2017-09-08,19:25:00,22.79,22.79,22.79,22.79,122,0
2017-09-08,20:00:00,22.8,22.8,22.8,22.8,100,0
2017-09-08,21:20:00,22.79,22.81,22.79,22.81,216,0
2017-09-11,16:10:00,22.94,22.94,22.94,22.94,286,0
2017-09-11,16:45:00,22.94,22.94,22.94,22.94,200,0
2017-09-11,18:05:00,22.94,22.94,22.94,22.94,149,0
2017-09-11,20:40:00,22.98,22.98,22.98,22.98,105,0
2017-09-11,21:35:00,22.981,22.981,22.981,22.981,203,0
2017-09-12,18:00:00,23.075,23.075,23.075,23.075,1141,0
2017-09-12,18:20:00,23.095,23.095,23.095,23.095,232,0
2017-09-12,18:25:00,23.09,23.09,23.09,23.09,118,0
2017-09-12,18:30:00,23.096,23.096,23.09,23.09,864,0
2017-09-12,18:40:00,23.08,23.08,23.08,23.08,231,0
2017-09-12,18:55:00,23.091,23.091,23.091,23.091,100,0
2017-09-12,19:00:00,23.09,23.09,23.08,23.08,270,0
2017-09-12,20:45:00,23.08,23.08,23.08,23.08,400,0
2017-09-12,21:00:00,23.08,23.092,23.08,23.092,373,0
2017-09-12,21:30:00,23.095,23.095,23.095,23.095,100,0
2017-09-13,16:25:00,23.085,23.085,23.085,23.085,730,0
2017-09-13,17:45:00,23.082,23.082,23.082,23.082,396,0
2017-09-13,19:05:00,23.115,23.115,23.115,23.115,100,0
2017-09-13,21:00:00,23.14,23.146,23.14,23.146,758,0
2017-09-13,21:20:00,23.122,23.122,23.122,23.122,104,0
2017-09-13,21:25:00,23.12,23.12,23.12,23.12,292,0
2017-09-14,16:10:00,23.09,23.09,23.09,23.09,114,0
2017-09-14,17:25:00,23.155,23.155,23.155,23.155,247,0
2017-09-14,17:40:00,23.149,23.149,23.149,23.149,124,0
2017-09-14,18:20:00,23.149,23.15,23.149,23.15,261,0
2017-09-14,19:50:00,23.13,23.13,23.13,23.13,888,0
2017-09-14,20:10:00,23.112,23.112,23.112,23.112,300,0
2017-09-15,18:00:00,23.16,23.16,23.16,23.16,156,0
2017-09-15,18:10:00,23.19,23.19,23.19,23.19,261,0
2017-09-15,19:05:00,23.181,23.181,23.181,23.181,100,0
2017-09-15,19:50:00,23.203,23.203,23.197,23.197,406,0
2017-09-15,20:50:00,23.22,23.22,23.22,23.22,100,0
2017-09-18,18:20:00,23.4,23.4,23.4,23.4,969,0
2017-09-18,19:00:00,23.37,23.41,23.37,23.41,295,0
2017-09-18,21:35:00,23.391,23.43,23.39,23.39,300,0
2017-09-19,16:10:00,23.39,23.39,23.39,23.39,954,0
2017-09-19,17:30:00,23.4,23.4,23.4,23.4,387,0
2017-09-19,17:55:00,23.4168,23.4168,23.4168,23.4168,126,0
2017-09-19,18:45:00,23.421,23.421,23.421,23.421,200,0
2017-09-19,19:00:00,23.431,23.431,23.431,23.431,100,0
2017-09-19,19:05:00,23.43,23.43,23.43,23.43,100,0
2017-09-20,16:30:00,23.4,23.4001,23.4,23.4,500,0
2017-09-20,18:00:00,23.468,23.468,23.468,23.468,2558,0
2017-09-20,18:35:00,23.4999,23.4999,23.4999,23.4999,237,0
2017-09-20,18:40:00,23.48,23.48,23.48,23.48,200,0
2017-09-20,20:55:00,23.5136,23.5136,23.5136,23.5136,183,0
2017-09-20,21:15:00,23.5,23.5,23.4964,23.4964,656,0
2017-09-20,21:55:00,23.5,23.5,23.5,23.5,100,0
2017-09-21,16:10:00,23.47,23.47,23.47,23.47,246,0
2017-09-21,16:45:00,23.49,23.49,23.49,23.49,246,0
2017-09-21,17:30:00,23.51,23.51,23.51,23.51,444,0
2017-09-21,18:10:00,23.48,23.488,23.48,23.488,494,0
2017-09-21,19:00:00,23.495,23.495,23.495,23.495,300,0
2017-09-21,19:05:00,23.495,23.495,23.495,23.495,164,0
2017-09-21,20:25:00,23.4964,23.4964,23.4964,23.4964,113,0
2017-09-21,20:55:00,23.495,23.495,23.495,23.495,191,0
2017-09-22,16:10:00,23.501,23.501,23.501,23.501,147,0
2017-09-22,16:35:00,23.53,23.53,23.53,23.53,200,0
2017-09-22,18:00:00,23.57,23.57,23.57,23.57,139,0
2017-09-22,18:15:00,23.57,23.57,23.57,23.57,100,0
2017-09-22,19:45:00,23.565,23.565,23.565,23.565,200,0
2017-09-22,19:50:00,23.571,23.59,23.5701,23.59,1344,0
2017-09-22,20:25:00,23.58,23.58,23.58,23.58,100,0
2017-09-22,21:15:00,23.581,23.5852,23.581,23.5852,579,0
2017-09-22,21:20:00,23.58,23.58,23.58,23.58,100,0
2017-09-22,21:45:00,23.6,23.6,23.6,23.6,145,0
2017-09-25,16:15:00,23.61,23.61,23.61,23.61,611,0
2017-09-25,17:05:00,23.51,23.51,23.51,23.51,600,0
2017-09-25,18:40:00,23.54,23.54,23.54,23.54,815,0
2017-09-25,18:55:00,23.54,23.54,23.54,23.54,161,0
2017-09-25,19:00:00,23.555,23.555,23.55,23.55,400,0
2017-09-25,19:05:00,23.5699,23.5699,23.5699,23.5699,124,0
2017-09-25,19:25:00,23.5501,23.5501,23.5501,23.5501,235,0
2017-09-25,20:05:00,23.58,23.58,23.58,23.58,100,0
2017-09-25,20:25:00,23.61,23.61,23.61,23.61,100,0
2017-09-25,21:30:00,23.61,23.61,23.61,23.61,115,0
2017-09-26,16:30:00,23.7,23.7,23.7,23.7,254,0
2017-09-26,17:45:00,23.72,23.72,23.72,23.72,820,0
2017-09-26,18:50:00,23.695,23.695,23.695,23.695,300,0
2017-09-26,19:50:00,23.72,23.7201,23.72,23.7201,825,0
2017-09-26,20:55:00,23.73,23.73,23.73,23.73,100,0
2017-09-27,16:10:00,23.86,23.86,23.853,23.853,2345,0
2017-09-27,16:20:00,23.86,23.86,23.86,23.86,800,0
2017-09-27,16:25:00,23.86,23.86,23.86,23.86,425,0
2017-09-27,17:20:00,23.83,23.8301,23.83,23.8301,717,0
2017-09-27,17:55:00,23.812,23.812,23.812,23.812,918,0
2017-09-27,18:45:00,23.865,23.865,23.865,23.865,100,0
2017-09-28,16:15:00,24.01,24.01,24.01,24.01,1277,0
2017-09-28,17:05:00,24.01,24.01,24.01,24.01,526,0
2017-09-28,17:25:00,24.0699,24.0699,24.0699,24.0699,405,0
2017-09-28,17:45:00,24.05,24.05,24.05,24.05,114,0
2017-09-28,18:45:00,24.085,24.085,24.085,24.085,253,0
2017-09-28,19:20:00,24.1499,24.1499,24.1499,24.1499,516,0
2017-09-28,19:55:00,24.1202,24.1202,24.1202,24.1202,291,0
2017-09-28,20:10:00,24.13,24.13,24.13,24.13,100,0
2017-09-28,21:25:00,24.1502,24.1502,24.1502,24.1502,274,0
2017-09-29,16:40:00,24.2172,24.2172,24.2172,24.2172,1429,0
2017-09-29,18:55:00,24.2699,24.2699,24.2699,24.2699,327,0
2017-09-29,19:00:00,24.241,24.241,24.241,24.241,100,0
2017-09-29,20:25:00,24.2201,24.2201,24.2201,24.2201,503,0
2017-10-02,17:15:00,24.2934,24.2934,24.2934,24.2934,178,0
2017-10-02,17:25:00,24.26,24.2601,24.26,24.2601,1495,0
2017-10-02,17:35:00,24.29,24.29,24.29,24.29,100,0
2017-10-02,18:35:00,24.36,24.36,24.36,24.36,186,0
2017-10-02,19:15:00,24.41,24.41,24.41,24.41,439,0
2017-10-02,20:00:00,24.41,24.41,24.41,24.41,100,0
2017-10-02,20:15:00,24.425,24.425,24.425,24.425,200,0
2017-10-02,21:40:00,24.431,24.431,24.431,24.431,100,0
2017-10-02,21:50:00,24.43,24.4301,24.43,24.43,400,0
2017-10-02,22:00:00,24.47,24.47,24.47,24.47,100,0
2017-10-03,16:40:00,24.4,24.4,24.4,24.4,531,0
2017-10-03,17:35:00,24.4,24.4,24.4,24.4,100,0
2017-10-03,18:30:00,24.42,24.42,24.42,24.42,275,0
2017-10-03,18:45:00,24.385,24.386,24.385,24.386,1777,0
2017-10-03,19:05:00,24.385,24.385,24.385,24.385,200,0
2017-10-03,19:45:00,24.41,24.4101,24.41,24.41,1540,0
2017-10-03,20:00:00,24.44,24.44,24.44,24.44,100,0
2017-10-03,20:10:00,24.441,24.441,24.441,24.441,1051,0
2017-10-03,20:30:00,24.46,24.46,24.46,24.46,100,0
2017-10-03,21:05:00,24.465,24.465,24.465,24.465,110,0
2017-10-03,21:30:00,24.47,24.47,24.47,24.47,400,0
2017-10-04,18:00:00,24.5572,24.5572,24.5572,24.5572,237,0
2017-10-04,18:50:00,24.512,24.512,24.512,24.512,100,0
2017-10-04,19:55:00,24.44,24.47,24.44,24.47,817,0
2017-10-04,20:40:00,24.4734,24.4734,24.4734,24.4734,495,0
2017-10-04,20:55:00,24.48,24.48,24.48,24.48,100,0
2017-10-05,16:05:00,24.48,24.4801,24.48,24.48,836,0
2017-10-05,16:10:00,24.47,24.47,24.47,24.47,200,0
2017-10-05,16:15:00,24.47,24.47,24.47,24.47,100,0
2017-10-05,17:10:00,24.49,24.49,24.49,24.49,100,0
2017-10-05,17:35:00,24.52,24.52,24.52,24.52,200,0
2017-10-05,18:00:00,24.561,24.561,24.561,24.561,431,0
2017-10-05,18:50:00,24.542,24.542,24.542,24.542,100,0
2017-10-05,19:35:00,24.54,24.5424,24.54,24.5424,428,0
2017-10-05,19:55:00,24.54,24.57,24.54,24.57,334,0
2017-10-05,20:55:00,24.52,24.52,24.51,24.52,1650,0
2017-10-05,22:00:00,24.512,24.512,24.512,24.512,100,0
2017-10-06,15:40:00,24.48,24.4948,24.48,24.4948,394,0
2017-10-06,16:20:00,24.5356,24.5356,24.5356,24.5356,158,0
2017-10-06,17:50:00,24.45,24.45,24.45,24.45,280,0
2017-10-06,19:05:00,24.491,24.491,24.491,24.491,100,0
2017-10-06,20:10:00,24.4865,24.4865,24.4865,24.4865,100,0
2017-10-06,20:55:00,24.5202,24.5202,24.5202,24.5202,607,0
2017-10-09,17:10:00,24.5032,24.5032,24.5032,24.5032,148,0
2017-10-09,17:30:00,24.5299,24.5299,24.5299,24.5299,135,0
2017-10-09,18:40:00,24.512,24.512,24.512,24.512,100,0
2017-10-09,20:05:00,24.51,24.51,24.51,24.51,1108,0
2017-10-09,20:15:00,24.47,24.47,24.47,24.47,105,0
2017-10-09,20:20:00,24.5,24.5,24.5,24.5,247,0
2017-10-09,20:40:00,24.45,24.47,24.45,24.47,711,0
2017-10-09,20:55:00,24.4744,24.4744,24.4744,24.4744,127,0
2017-10-09,21:20:00,24.4437,24.4437,24.4437,24.4437,314,0
2017-10-09,21:30:00,24.46,24.46,24.46,24.46,100,0
2017-10-09,21:40:00,24.455,24.455,24.455,24.455,302,0
2017-10-10,16:10:00,24.5,24.5,24.5,24.5,100,0
2017-10-10,16:40:00,24.52,24.52,24.52,24.52,812,0
2017-10-10,17:30:00,24.505,24.505,24.505,24.505,688,0
2017-10-10,17:40:00,24.53,24.53,24.53,24.53,1162,0
2017-10-10,18:45:00,24.49,24.49,24.49,24.49,100,0
2017-10-10,20:05:00,24.51,24.51,24.51,24.51,100,0
2017-10-10,20:35:00,24.5269,24.5269,24.5269,24.5269,274,0
2017-10-10,20:45:00,24.5268,24.5268,24.5268,24.5268,557,0
2017-10-11,16:10:00,24.54,24.54,24.54,24.54,100,0
2017-10-11,16:15:00,24.54,24.54,24.54,24.54,109,0
2017-10-11,17:55:00,24.58,24.58,24.58,24.58,2336,0
2017-10-11,18:00:00,24.545,24.545,24.545,24.545,322,0
2017-10-11,18:15:00,24.5573,24.5573,24.5573,24.5573,106,0
2017-10-11,19:55:00,24.54,24.54,24.54,24.54,676,0
2017-10-11,20:10:00,24.53,24.53,24.53,24.53,100,0
2017-10-11,20:45:00,24.53,24.53,24.53,24.53,100,0
2017-10-12,16:10:00,24.55,24.55,24.55,24.55,100,0
2017-10-12,16:45:00,24.58,24.58,24.58,24.58,1298,0
2017-10-12,17:25:00,24.6168,24.62,24.6168,24.62,604,0
2017-10-12,17:45:00,24.625,24.625,24.625,24.625,100,0
2017-10-12,18:05:00,24.615,24.615,24.6101,24.615,1131,0
2017-10-12,18:20:00,24.62,24.62,24.62,24.62,100,0
2017-10-12,20:35:00,24.67,24.67,24.6598,24.6598,384,0
2017-10-12,21:00:00,24.635,24.635,24.635,24.635,100,0
2017-10-12,21:15:00,24.65,24.65,24.65,24.65,500,0
2017-10-13,16:10:00,24.61,24.61,24.61,24.61,100,0
2017-10-13,18:10:00,24.645,24.645,24.645,24.645,131,0
2017-10-13,18:50:00,24.645,24.645,24.645,24.645,205,0
2017-10-13,19:30:00,24.64,24.64,24.64,24.64,100,0
2017-10-13,20:00:00,24.62,24.65,24.62,24.65,1613,0
2017-10-13,20:15:00,24.65,24.66,24.65,24.66,3190,0
2017-10-13,21:05:00,24.65,24.65,24.65,24.65,400,0
2017-10-13,21:40:00,24.62,24.6244,24.62,24.6244,322,0
2017-10-16,16:20:00,24.695,24.695,24.695,24.695,100,0
2017-10-16,16:55:00,24.66,24.6728,24.66,24.6601,3274,0
2017-10-16,18:10:00,24.7,24.7,24.7,24.7,250,0
2017-10-16,18:45:00,24.665,24.665,24.665,24.665,293,0
2017-10-16,18:50:00,24.6668,24.6668,24.6668,24.6668,213,0
2017-10-16,19:55:00,24.7101,24.7101,24.7101,24.7101,132,0
2017-10-16,21:20:00,24.705,24.705,24.705,24.705,169,0
2017-10-16,21:35:00,24.71,24.71,24.71,24.71,400,0
2017-10-16,21:50:00,24.71,24.7122,24.71,24.7122,522,0
2017-10-17,16:15:00,24.6868,24.6868,24.6868,24.6868,321,0
2017-10-17,18:00:00,24.715,24.715,24.715,24.715,251,0
2017-10-17,18:10:00,24.692,24.692,24.692,24.692,362,0
2017-10-17,20:25:00,24.6498,24.6498,24.6498,24.6498,370,0
2017-10-17,20:55:00,24.63,24.63,24.63,24.63,203,0
2017-10-17,21:00:00,24.6201,24.6201,24.6201,24.6201,139,0
2017-10-17,21:05:00,24.6292,24.6292,24.6292,24.6292,228,0
2017-10-17,21:15:00,24.615,24.615,24.615,24.615,201,0
2017-10-18,16:25:00,24.69,24.6972,24.69,24.6972,889,0
2017-10-18,16:50:00,24.691,24.7178,24.69,24.7178,956,0
2017-10-18,17:20:00,24.7316,24.7316,24.7316,24.7316,338,0
2017-10-18,17:45:00,24.722,24.722,24.722,24.722,225,0
2017-10-18,18:00:00,24.7472,24.7472,24.7472,24.7472,397,0
2017-10-18,18:50:00,24.762,24.762,24.762,24.762,186,0
2017-10-18,20:35:00,24.76,24.76,24.76,24.76,1300,0
2017-10-18,20:45:00,24.7728,24.7728,24.7728,24.7728,304,0
2017-10-18,21:20:00,24.761,24.761,24.761,24.761,300,0
2017-10-18,21:35:00,24.762,24.762,24.762,24.762,107,0
2017-10-19,16:15:00,24.5501,24.5501,24.5501,24.5501,352,0
2017-10-19,17:40:00,24.66,24.66,24.66,24.66,158,0
2017-10-19,17:45:00,24.678,24.678,24.6732,24.6732,409,0
2017-10-19,18:35:00,24.6558,24.6558,24.6558,24.6558,192,0
2017-10-19,18:45:00,24.632,24.632,24.632,24.632,100,0
2017-10-19,18:50:00,24.625,24.625,24.625,24.625,100,0
2017-10-19,20:50:00,24.74,24.74,24.73,24.73,672,0
2017-10-20,17:15:00,24.9267,24.9267,24.9267,24.9267,100,0
2017-10-20,17:50:00,24.912,24.912,24.912,24.912,296,0
2017-10-20,18:00:00,24.93,24.93,24.93,24.93,640,0
2017-10-20,19:15:00,24.927,24.927,24.927,24.927,1461,0
2017-10-20,20:40:00,24.935,24.935,24.935,24.935,553,0
2017-10-23,16:15:00,24.95,24.95,24.95,24.95,217,0
2017-10-23,17:50:00,24.92,24.92,24.92,24.92,184,0
2017-10-23,17:55:00,24.9451,24.9451,24.9451,24.9451,268,0
2017-10-23,18:10:00,24.9244,24.9244,24.9244,24.9244,122,0
2017-10-23,18:20:00,24.9229,24.9229,24.9229,24.9229,394,0
2017-10-23,18:40:00,24.91,24.9116,24.91,24.9116,416,0
2017-10-23,18:50:00,24.926,24.926,24.926,24.926,242,0
2017-10-24,16:15:00,24.99,24.99,24.99,24.99,279,0
2017-10-24,16:20:00,25.01,25.01,25.01,25.01,600,0
2017-10-24,17:00:00,25,25.0085,25,25.0085,630,0
2017-10-24,17:20:00,24.98,24.98,24.98,24.98,130,0
2017-10-25,16:15:00,25.0272,25.0272,25.0272,25.0272,901,0
2017-10-25,17:20:00,24.86,24.8611,24.86,24.8611,376,0
2017-10-25,17:55:00,24.868,24.868,24.868,24.868,558,0
2017-10-25,18:05:00,24.812,24.812,24.812,24.812,500,0
2017-10-25,20:00:00,24.9611,24.9611,24.9611,24.9611,507,0
2017-10-26,17:35:00,25.12,25.12,25.12,25.12,114,0
2017-10-26,17:45:00,25.14,25.14,25.14,25.14,484,0
2017-10-26,20:00:00,25.1484,25.1484,25.1484,25.1484,119,0
2017-10-26,20:30:00,25.134,25.134,25.134,25.134,529,0
2017-10-26,20:35:00,25.1468,25.1468,25.1468,25.1468,280,0
2017-10-26,21:35:00,25.13,25.13,25.13,25.13,100,0
2017-10-27,16:15:00,25.09,25.09,25.07,25.07,500,0
2017-10-27,17:25:00,25.11,25.11,25.11,25.11,318,0
2017-10-27,17:35:00,25.15,25.15,25.15,25.15,631,0
2017-10-27,20:45:00,25.1502,25.1502,25.1502,25.1502,110,0
2017-10-27,20:50:00,25.155,25.155,25.155,25.155,100,0
2017-10-27,21:25:00,25.1803,25.1803,25.1803,25.1803,229,0
2017-10-27,21:55:00,25.18,25.18,25.18,25.18,100,0
2017-10-30,14:35:00,25.04,25.04,25.04,25.04,244,0
2017-10-30,14:45:00,25.12,25.12,25.11,25.11,200,0
2017-10-30,16:50:00,25,25.01,25,25.01,651,0
2017-10-30,18:35:00,24.9556,24.9556,24.9556,24.9556,167,0
2017-10-30,19:30:00,24.917,24.917,24.917,24.917,292,0
2017-10-30,19:55:00,24.9598,24.9598,24.9598,24.9598,128,0
2017-10-31,15:05:00,25.02,25.02,25.02,25.02,483,0
2017-10-31,16:25:00,25.115,25.115,25.115,25.115,2747,0
2017-10-31,17:05:00,25.155,25.155,25.155,25.155,231,0
2017-10-31,17:15:00,25.115,25.115,25.115,25.115,523,0
2017-10-31,17:55:00,25.135,25.135,25.135,25.135,100,0
2017-10-31,19:25:00,25.2002,25.2002,25.1901,25.1901,308,0
2017-10-31,19:40:00,25.1999,25.1999,25.1999,25.1999,121,0
2017-11-01,16:05:00,25.05,25.05,25.05,25.05,100,0
2017-11-01,16:10:00,25.0016,25.0016,25.0016,25.0016,218,0
2017-11-01,17:20:00,24.985,24.985,24.985,24.985,1823,0
2017-11-01,17:30:00,24.961,24.961,24.961,24.961,102,0
2017-11-01,17:40:00,25.0073,25.0073,25.0073,25.0073,171,0
2017-11-02,15:55:00,24.94,24.94,24.94,24.94,393,0
2017-11-02,17:10:00,24.98,24.99,24.98,24.99,304,0
2017-11-02,17:15:00,25.002,25.002,25.002,25.002,451,0
2017-11-02,17:40:00,25.0572,25.0572,25.041,25.041,929,0
2017-11-02,18:00:00,25.055,25.055,25.055,25.055,200,0
2017-11-02,19:30:00,25.0002,25.0002,25.0002,25.0002,275,0
2017-11-02,20:15:00,24.995,24.995,24.995,24.995,258,0
2017-11-03,16:05:00,24.93,24.93,24.93,24.93,739,0
2017-11-03,16:50:00,24.9434,24.9435,24.93,24.9435,2009,0
2017-11-03,17:15:00,24.942,24.942,24.942,24.942,3123,0
2017-11-03,17:25:00,24.98,24.98,24.98,24.98,106,0
2017-11-03,18:00:00,24.98,24.98,24.98,24.98,200,0
2017-11-03,18:05:00,25.003,25.003,25.003,25.003,147,0
2017-11-03,18:25:00,24.98,24.9801,24.97,24.97,5200,0
2017-11-06,16:20:00,24.96,24.96,24.96,24.96,649,0
2017-11-06,16:50:00,24.97,24.982,24.97,24.982,390,0
2017-11-06,17:00:00,24.9614,24.9614,24.9614,24.9614,156,0
2017-11-06,18:40:00,24.95,24.95,24.95,24.95,739,0
2017-11-06,18:55:00,24.95,24.95,24.95,24.95,100,0
2017-11-07,17:45:00,24.7948,24.7948,24.7948,24.7948,270,0
2017-11-07,17:50:00,24.8,24.8,24.8,24.8,2000,0
2017-11-07,17:55:00,24.8,24.8,24.79,24.8,2632,0
2017-11-07,18:05:00,24.71,24.71,24.71,24.71,400,0
2017-11-07,18:45:00,24.715,24.715,24.715,24.715,100,0
2017-11-07,18:50:00,24.7,24.7,24.7,24.7,200,0
2017-11-07,19:15:00,24.7003,24.7003,24.7003,24.7003,593,0
2017-11-07,20:30:00,24.7374,24.7374,24.7374,24.7374,178,0
2017-11-08,17:15:00,24.645,24.645,24.6432,24.6432,1256,0
2017-11-08,17:20:00,24.6498,24.6498,24.6498,24.6498,239,0
2017-11-08,17:25:00,24.61,24.61,24.61,24.61,332,0
2017-11-08,17:35:00,24.6415,24.6415,24.6415,24.6415,114,0
2017-11-08,18:50:00,24.675,24.675,24.675,24.675,194,0
2017-11-08,20:00:00,24.725,24.725,24.725,24.725,100,0
2017-11-08,20:25:00,24.73,24.73,24.73,24.73,200,0
2017-11-08,20:35:00,24.7599,24.7599,24.7599,24.7599,192,0
2017-11-09,17:15:00,24.65,24.65,24.6328,24.6328,715,0
2017-11-09,17:30:00,24.532,24.532,24.532,24.532,1047,0
2017-11-09,17:40:00,24.555,24.555,24.555,24.555,382,0
2017-11-09,17:55:00,24.48,24.48,24.48,24.48,480,0
2017-11-09,18:55:00,24.415,24.415,24.415,24.415,113,0
2017-11-09,21:25:00,24.5302,24.5302,24.5302,24.5302,106,0
2017-11-10,16:00:00,24.55,24.56,24.55,24.56,400,0
2017-11-10,16:20:00,24.53,24.53,24.53,24.53,534,0
2017-11-10,17:20:00,24.535,24.54,24.535,24.54,1011,0
2017-11-10,17:30:00,24.5378,24.5378,24.5378,24.5378,297,0
2017-11-10,18:05:00,24.555,24.555,24.555,24.555,241,0
2017-11-10,18:15:00,24.58,24.58,24.58,24.58,335,0
2017-11-10,18:55:00,24.541,24.541,24.541,24.541,100,0
2017-11-10,19:00:00,24.5683,24.5683,24.5683,24.5683,126,0
2017-11-10,19:35:00,24.541,24.541,24.541,24.541,192,0
2017-11-10,20:15:00,24.5317,24.54,24.53,24.54,910,0
2017-11-10,20:35:00,24.5402,24.5402,24.5402,24.5402,157,0
2017-11-13,16:10:00,24.441,24.441,24.44,24.44,200,0
2017-11-13,17:40:00,24.495,24.52,24.495,24.52,281,0
2017-11-13,18:25:00,24.5399,24.5399,24.5399,24.5399,1197,0
2017-11-13,18:35:00,24.53,24.53,24.53,24.53,300,0
2017-11-13,18:40:00,24.5102,24.5102,24.5102,24.5102,113,0
2017-11-13,18:45:00,24.501,24.501,24.501,24.501,100,0
2017-11-13,19:10:00,24.509,24.509,24.509,24.509,181,0
2017-11-13,21:35:00,24.53,24.53,24.53,24.53,162,0
2017-11-14,16:15:00,24.495,24.495,24.495,24.495,800,0
2017-11-14,18:00:00,24.535,24.535,24.535,24.535,131,0
2017-11-14,19:15:00,24.55,24.55,24.55,24.55,100,0
2017-11-14,20:15:00,24.5999,24.5999,24.5999,24.5999,136,0
2017-11-14,20:20:00,24.59,24.59,24.59,24.59,621,0
2017-11-14,20:55:00,24.5485,24.5485,24.5485,24.5485,133,0
2017-11-15,17:25:00,24.498,24.498,24.498,24.498,235,0
2017-11-15,17:40:00,24.47,24.475,24.47,24.475,1538,0
2017-11-15,18:35:00,24.4816,24.4816,24.4816,24.4816,120,0
2017-11-15,20:40:00,24.4499,24.4499,24.445,24.4491,993,0
2017-11-15,21:00:00,24.4386,24.4386,24.4386,24.4386,417,0
2017-11-15,21:05:00,24.45,24.45,24.45,24.45,100,0
2017-11-15,21:30:00,24.42,24.42,24.42,24.42,100,0
2017-11-16,15:35:00,24.5056,24.5056,24.5056,24.5056,670,0
2017-11-16,17:10:00,24.631,24.631,24.631,24.631,596,0
2017-11-16,17:20:00,24.62,24.62,24.62,24.62,100,0
2017-11-16,17:25:00,24.601,24.601,24.601,24.601,123,0
2017-11-16,18:45:00,24.655,24.655,24.655,24.655,100,0
2017-11-16,18:55:00,24.675,24.68,24.675,24.68,481,0
2017-11-16,20:10:00,24.6868,24.6868,24.6868,24.6868,151,0
2017-11-16,20:30:00,24.6838,24.6838,24.6838,24.6838,564,0
2017-11-16,21:20:00,24.64,24.6467,24.64,24.645,3825,0
2017-11-17,16:20:00,24.51,24.51,24.4872,24.4872,1055,0
2017-11-17,16:35:00,24.5,24.5,24.5,24.5,200,0
2017-11-17,16:45:00,24.51,24.5143,24.51,24.5143,466,0
2017-11-17,18:45:00,24.631,24.631,24.631,24.631,200,0
2017-11-17,19:10:00,24.6528,24.6628,24.65,24.65,632,0
2017-11-17,20:45:00,24.6262,24.6262,24.621,24.621,1582,0
2017-11-17,21:00:00,24.63,24.63,24.63,24.63,206,0
2017-11-20,16:10:00,24.71,24.71,24.71,24.71,336,0
2017-11-20,16:35:00,24.73,24.73,24.73,24.73,100,0
2017-11-20,17:40:00,24.75,24.78,24.75,24.7595,929,0
2017-11-20,17:45:00,24.7698,24.7698,24.7698,24.7698,132,0
2017-11-20,18:40:00,24.735,24.735,24.735,24.735,339,0
2017-11-20,20:30:00,24.735,24.735,24.735,24.735,895,0
2017-11-20,20:50:00,24.731,24.731,24.731,24.731,182,0
2017-11-20,21:20:00,24.735,24.735,24.735,24.735,692,0
2017-11-20,21:55:00,24.75,24.75,24.75,24.75,100,0
2017-11-21,15:35:00,24.75,24.75,24.75,24.75,160,0
2017-11-21,15:40:00,24.84,24.84,24.84,24.84,100,0
2017-11-21,16:40:00,24.89,24.89,24.89,24.89,713,0
2017-11-21,17:55:00,24.89,24.89,24.89,24.89,312,0
2017-11-21,18:40:00,24.86,24.86,24.86,24.86,100,0
2017-11-21,18:45:00,24.8757,24.8757,24.8757,24.8757,100,0
2017-11-21,18:55:00,24.88,24.88,24.88,24.88,100,0
2017-11-21,19:00:00,24.8903,24.8903,24.8903,24.8903,591,0
2017-11-21,20:05:00,24.9,24.9086,24.9,24.9086,400,0
2017-11-21,20:55:00,24.9398,24.9398,24.9398,24.9398,142,0
2017-11-21,21:10:00,24.93,24.93,24.93,24.93,100,0
2017-11-22,17:35:00,24.918,24.918,24.918,24.918,1392,0
2017-11-22,18:15:00,24.8815,24.8815,24.8815,24.8815,164,0
2017-11-22,19:05:00,24.885,24.885,24.885,24.885,100,0
2017-11-22,21:00:00,24.8803,24.8803,24.8803,24.8803,136,0
2017-11-24,15:55:00,24.87,24.87,24.87,24.87,400,0
2017-11-24,17:05:00,24.87,24.87,24.87,24.87,100,0
2017-11-24,17:15:00,24.87,24.8757,24.87,24.8757,2000,0
2017-11-24,17:30:00,24.851,24.851,24.851,24.851,511,0
2017-11-24,18:00:00,24.8748,24.8748,24.8748,24.8748,690,0
2017-11-24,18:35:00,24.872,24.88,24.872,24.88,262,0
2017-11-24,18:40:00,24.895,24.895,24.895,24.895,299,0
2017-11-27,17:35:00,24.8792,24.8792,24.8792,24.8792,240,0
2017-11-27,18:35:00,24.89,24.9,24.89,24.9,1576,0
2017-11-27,18:40:00,24.875,24.875,24.875,24.875,200,0
2017-11-27,19:05:00,24.8973,24.8973,24.8973,24.8973,118,0
2017-11-27,20:35:00,24.8602,24.8602,24.8602,24.8602,159,0
2017-11-27,21:25:00,24.87,24.87,24.87,24.87,100,0
2017-11-27,21:50:00,24.85,24.85,24.85,24.85,100,0
2017-11-28,15:55:00,24.92,24.92,24.92,24.92,800,0
2017-11-28,17:55:00,25.005,25.005,25.005,25.005,160,0
2017-11-28,18:45:00,25.031,25.031,25.031,25.031,179,0
2017-11-28,21:00:00,25.0931,25.0931,25.09,25.09,1289,0
2017-11-29,16:30:00,25.31,25.31,25.31,25.31,538,0
2017-11-29,17:25:00,25.3398,25.3398,25.325,25.325,564,0
2017-11-29,17:55:00,25.295,25.295,25.295,25.295,143,0
2017-11-29,18:10:00,25.235,25.235,25.235,25.235,190,0
2017-11-29,19:50:00,25.21,25.23,25.21,25.23,400,0
2017-11-29,20:10:00,25.25,25.25,25.25,25.25,100,0
2017-11-29,20:15:00,25.251,25.251,25.251,25.251,200,0
2017-11-29,21:20:00,25.23,25.23,25.23,25.23,156,0
2017-11-29,21:25:00,25.2402,25.2402,25.2402,25.2402,279,0
2017-11-30,16:45:00,25.3,25.3,25.3,25.3,377,0
2017-11-30,17:00:00,25.39,25.39,25.36,25.36,208,0
2017-11-30,17:05:00,25.39,25.39,25.39,25.39,100,0
2017-11-30,18:05:00,25.42,25.42,25.4115,25.4115,292,0
2017-11-30,18:45:00,25.49,25.49,25.49,25.49,100,0
2017-11-30,19:05:00,25.505,25.505,25.505,25.505,100,0
2017-11-30,20:40:00,25.4298,25.4298,25.4298,25.4298,216,0
2017-12-01,18:20:00,25.05,25.05,25.05,25.05,200,0
2017-12-01,18:40:00,25.06,25.06,25.06,25.06,100,0
2017-12-01,18:45:00,25.0574,25.0574,25.035,25.035,441,0
2017-12-01,20:10:00,25.1699,25.1699,25.1699,25.1699,104,0
2017-12-01,20:40:00,25.1502,25.1502,25.1403,25.1403,429,0
2017-12-01,21:55:00,25.1944,25.1944,25.1944,25.1944,309,0
2017-12-04,16:10:00,25.595,25.595,25.595,25.595,827,0
2017-12-04,20:25:00,25.39,25.39,25.39,25.39,423,0
2017-12-04,20:30:00,25.39,25.39,25.39,25.39,648,0
2017-12-04,22:00:00,25.3,25.31,25.3,25.31,900,0
2017-12-05,19:35:00,25.24,25.24,25.24,25.24,605,0
2017-12-05,19:45:00,25.27,25.27,25.27,25.27,226,0
2017-12-05,20:40:00,25.1401,25.1401,25.1401,25.1401,248,0
2017-12-06,16:10:00,25.12,25.12,25.12,25.12,204,0
2017-12-06,16:20:00,25.0902,25.0902,25.0902,25.0902,394,0
2017-12-06,17:15:00,25.17,25.17,25.17,25.17,100,0
2017-12-06,17:20:00,25.1503,25.1503,25.1503,25.1503,272,0
2017-12-06,17:35:00,25.183,25.183,25.183,25.183,963,0
2017-12-06,18:35:00,25.1,25.1,25.1,25.1,100,0
