Date,Time,Open,High,Low,Close,Volume,OpenInt
2017-05-09,15:55:00,25.601,25.601,25.6,25.6001,2000,0
2017-05-09,16:05:00,25.6,25.6,25.6,25.6,100,0
2017-05-09,16:15:00,25.6,25.6,25.6,25.6,100,0
2017-05-09,16:25:00,25.63,25.65,25.63,25.65,400,0
2017-05-09,16:50:00,25.62,25.6374,25.62,25.6374,435,0
2017-05-09,17:05:00,25.61,25.61,25.61,25.61,100,0
2017-05-09,17:15:00,25.63,25.63,25.63,25.63,100,0
2017-05-09,17:30:00,25.63,25.63,25.62,25.62,301,0
2017-05-09,18:50:00,25.62,25.62,25.62,25.62,100,0
2017-05-10,15:35:00,25.66,25.66,25.66,25.66,697,0
2017-05-10,16:25:00,25.6447,25.6447,25.6447,25.6447,175,0
2017-05-10,16:30:00,25.63,25.63,25.63,25.63,100,0
2017-05-10,16:40:00,25.63,25.63,25.63,25.63,100,0
2017-05-10,16:50:00,25.62,25.635,25.62,25.635,373,0
2017-05-10,16:55:00,25.65,25.65,25.65,25.65,100,0
2017-05-10,17:00:00,25.63,25.63,25.63,25.63,100,0
2017-05-10,17:10:00,25.62,25.62,25.62,25.62,100,0
2017-05-10,17:15:00,25.62,25.62,25.62,25.62,226,0
2017-05-10,19:10:00,25.67,25.67,25.67,25.67,200,0
2017-05-10,20:50:00,25.6398,25.6398,25.6398,25.6398,390,0
2017-05-10,22:00:00,25.64,25.64,25.64,25.64,126,0
2017-05-11,17:20:00,25.6594,25.6594,25.6594,25.6594,100,0
2017-05-11,18:40:00,25.6532,25.6532,25.6532,25.6532,780,0
2017-05-12,15:35:00,25.6,25.6,25.6,25.6,281,0
2017-05-12,16:05:00,25.68,25.69,25.6585,25.6585,2100,0
2017-05-12,16:10:00,25.69,25.69,25.69,25.69,100,0
2017-05-12,17:00:00,25.69,25.69,25.69,25.69,100,0
2017-05-12,17:10:00,25.68,25.68,25.67,25.67,359,0
2017-05-12,18:20:00,25.69,25.69,25.69,25.69,100,0
2017-05-12,19:25:00,25.661,25.661,25.661,25.661,400,0
2017-05-12,20:35:00,25.69,25.69,25.68,25.68,2337,0
2017-05-12,21:15:00,25.67,25.67,25.66,25.66,800,0
2017-05-12,21:20:00,25.65,25.65,25.65,25.65,1400,0
2017-05-12,22:00:00,25.6,25.6,25.6,25.6,100,0
2017-05-15,16:50:00,25.68,25.68,25.6685,25.6685,300,0
2017-05-15,18:45:00,25.68,25.68,25.68,25.68,200,0
2017-05-15,18:50:00,25.6715,25.6715,25.6715,25.6715,291,0
2017-05-15,19:15:00,25.67,25.6707,25.65,25.6707,2436,0
2017-05-15,19:35:00,25.65,25.65,25.6451,25.6451,200,0
2017-05-15,20:30:00,25.6442,25.6522,25.64,25.6522,300,0
2017-05-15,21:25:00,25.65,25.65,25.65,25.65,223,0
2017-05-16,16:50:00,25.65,25.65,25.65,25.65,125,0
2017-05-16,16:55:00,25.6,25.6,25.6,25.6,100,0
2017-05-16,20:05:00,25.65,25.65,25.65,25.65,208,0
2017-05-17,19:00:00,25.6534,25.6534,25.6534,25.6534,400,0
2017-05-18,15:35:00,25.55,25.55,25.55,25.55,1028,0
2017-05-18,16:10:00,25.55,25.55,25.55,25.55,100,0
2017-05-18,16:25:00,25.64,25.65,25.64,25.65,1000,0
2017-05-18,17:45:00,25.6699,25.6699,25.6699,25.6699,400,0
2017-05-18,17:55:00,25.6699,25.6699,25.6699,25.6699,100,0
2017-05-18,18:10:00,25.67,25.67,25.67,25.67,200,0
2017-05-18,18:25:00,25.68,25.68,25.6669,25.6669,787,0
2017-05-18,18:45:00,25.68,25.68,25.68,25.68,300,0
2017-05-18,19:00:00,25.68,25.68,25.68,25.68,200,0
2017-05-18,19:15:00,25.68,25.68,25.68,25.68,200,0
2017-05-18,19:45:00,25.68,25.68,25.68,25.68,300,0
2017-05-18,20:30:00,25.68,25.68,25.68,25.68,100,0
2017-05-18,20:40:00,25.68,25.68,25.68,25.68,200,0
2017-05-18,20:50:00,25.68,25.68,25.68,25.68,200,0
2017-05-18,21:00:00,25.68,25.68,25.68,25.68,200,0
2017-05-18,21:10:00,25.68,25.68,25.68,25.68,200,0
2017-05-18,21:25:00,25.68,25.68,25.68,25.68,200,0
2017-05-18,22:00:00,25.68,25.68,25.68,25.68,300,0
2017-05-19,15:40:00,25.5776,25.5776,25.5776,25.5776,100,0
2017-05-19,20:30:00,25.6106,25.6106,25.6106,25.6106,100,0
2017-05-22,21:10:00,25.6583,25.6583,25.6583,25.6583,300,0
2017-05-23,17:05:00,25.69,25.69,25.6725,25.6725,236,0
2017-05-23,19:50:00,25.69,25.69,25.6899,25.6899,2000,0
2017-05-23,20:10:00,25.69,25.69,25.69,25.69,389,0
2017-05-23,22:00:00,25.69,25.69,25.69,25.69,154,0
2017-05-24,15:35:00,25.58,25.63,25.58,25.63,740,0
2017-05-24,16:35:00,25.6561,25.6561,25.6561,25.6561,100,0
2017-05-24,20:05:00,25.67,25.67,25.6607,25.6607,200,0
2017-05-24,20:40:00,25.6531,25.6531,25.6531,25.6531,200,0
2017-05-24,20:50:00,25.6,25.6,25.6,25.6,100,0
2017-05-25,18:20:00,25.69,25.69,25.6675,25.6675,230,0
2017-05-25,19:15:00,25.6656,25.6656,25.6656,25.6656,390,0
2017-05-25,19:55:00,25.6548,25.6548,25.6548,25.6548,195,0
2017-05-25,20:45:00,25.674,25.674,25.674,25.674,330,0
2017-05-25,20:55:00,25.62,25.6321,25.62,25.6321,1400,0
2017-05-26,16:35:00,25.6101,25.6101,25.6101,25.6101,200,0
2017-05-26,17:55:00,25.621,25.621,25.621,25.621,200,0
2017-05-26,19:00:00,25.6428,25.6428,25.6428,25.6428,200,0
2017-05-26,20:10:00,25.6369,25.6369,25.6369,25.6369,115,0
2017-05-26,20:50:00,25.6391,25.6391,25.6391,25.6391,120,0
2017-05-26,21:50:00,25.6851,25.69,25.6851,25.69,791,0
2017-05-26,22:00:00,25.69,25.69,25.69,25.69,781,0
2017-05-30,15:35:00,25.37,25.37,25.37,25.37,2926,0
2017-05-30,15:55:00,25.419,25.427,25.3819,25.427,4000,0
2017-05-30,16:00:00,25.4,25.4,25.35,25.35,1221,0
2017-05-30,16:15:00,25.301,25.301,25.301,25.301,209,0
2017-05-30,16:55:00,25.3372,25.34,25.3372,25.34,400,0
2017-05-30,17:05:00,25.4,25.42,25.3999,25.42,1000,0
2017-05-30,17:30:00,25.35,25.35,25.35,25.35,100,0
2017-05-30,17:55:00,25.32,25.32,25.32,25.32,100,0
2017-05-30,18:50:00,25.35,25.35,25.3331,25.3331,1190,0
2017-05-30,19:25:00,25.35,25.35,25.35,25.35,598,0
2017-05-30,20:00:00,25.32,25.32,25.32,25.32,400,0
2017-05-30,20:55:00,25.35,25.35,25.3246,25.3246,946,0
2017-05-30,21:15:00,25.33,25.33,25.32,25.32,1802,0
2017-05-30,22:00:00,25.33,25.33,25.33,25.33,100,0
2017-05-31,16:35:00,25.419,25.419,25.3895,25.39,900,0
2017-05-31,16:40:00,25.35,25.42,25.35,25.4199,1800,0
2017-05-31,17:45:00,25.3507,25.3507,25.3507,25.3507,400,0
2017-05-31,18:15:00,25.401,25.401,25.401,25.401,230,0
2017-05-31,21:25:00,25.36,25.36,25.36,25.36,196,0
2017-06-01,15:35:00,25.4,25.4,25.4,25.4,650,0
2017-06-01,16:35:00,25.39,25.42,25.3686,25.42,3454,0
2017-06-01,17:10:00,25.4,25.4,25.4,25.4,472,0
2017-06-01,17:40:00,25.3907,25.3907,25.39,25.39,400,0
2017-06-01,19:35:00,25.4,25.4,25.395,25.395,296,0
2017-06-01,19:40:00,25.4,25.4,25.4,25.4,332,0
2017-06-01,20:10:00,25.4054,25.4054,25.4054,25.4054,120,0
2017-06-02,15:35:00,25.41,25.41,25.41,25.41,914,0
2017-06-02,15:45:00,25.3847,25.41,25.3341,25.3341,900,0
2017-06-02,20:30:00,25.38,25.38,25.38,25.38,1487,0
2017-06-02,22:00:00,25.37,25.37,25.36,25.36,690,0
2017-06-05,16:00:00,25.41,25.41,25.41,25.41,1000,0
2017-06-05,17:05:00,25.41,25.41,25.405,25.41,1138,0
2017-06-05,17:35:00,25.42,25.42,25.39,25.39,200,0
2017-06-05,18:10:00,25.42,25.42,25.42,25.42,100,0
2017-06-05,18:50:00,25.42,25.42,25.4,25.4,400,0
2017-06-05,19:10:00,25.4,25.4,25.4,25.4,200,0
2017-06-05,19:30:00,25.4,25.4,25.4,25.4,794,0
2017-06-05,19:55:00,25.39,25.4199,25.3725,25.4199,1000,0
2017-06-05,20:30:00,25.42,25.42,25.42,25.42,130,0
2017-06-05,21:40:00,25.39,25.39,25.37,25.37,850,0
2017-06-05,22:00:00,25.4,25.4,25.4,25.4,100,0
2017-06-06,17:05:00,25.37,25.37,25.36,25.37,1906,0
2017-06-06,17:15:00,25.3725,25.3725,25.3454,25.3454,7800,0
2017-06-06,21:05:00,25.38,25.3899,25.32,25.3899,11304,0
2017-06-06,22:00:00,25.33,25.33,25.33,25.33,169,0
2017-06-07,15:35:00,25.31,25.31,25.31,25.31,769,0
2017-06-07,17:30:00,25.3858,25.3858,25.3858,25.3858,100,0
2017-06-07,17:35:00,25.3858,25.3858,25.3858,25.3858,100,0
2017-06-07,18:05:00,25.3682,25.3682,25.3682,25.3682,1200,0
2017-06-07,19:00:00,25.39,25.39,25.3869,25.3869,1000,0
2017-06-07,19:15:00,25.39,25.39,25.39,25.39,100,0
2017-06-07,20:25:00,25.3899,25.3899,25.3879,25.3879,800,0
2017-06-07,21:10:00,25.39,25.39,25.39,25.39,100,0
2017-06-07,21:30:00,25.3772,25.3772,25.3772,25.3772,472,0
2017-06-08,15:35:00,25.34,25.34,25.34,25.34,590,0
2017-06-08,16:45:00,25.4,25.4,25.3823,25.4,4346,0
2017-06-08,17:25:00,25.3884,25.3884,25.3884,25.3884,785,0
2017-06-08,17:45:00,25.4,25.4,25.4,25.4,100,0
2017-06-08,19:20:00,25.41,25.41,25.41,25.41,232,0
2017-06-08,21:55:00,25.4,25.4,25.4,25.4,100,0
2017-06-08,22:00:00,25.41,25.41,25.41,25.41,236,0
2017-06-09,17:05:00,25.42,25.42,25.41,25.41,2432,0
2017-06-09,18:05:00,25.4,25.4,25.4,25.4,100,0
2017-06-09,18:25:00,25.4,25.4,25.4,25.4,1200,0
2017-06-09,19:20:00,25.4,25.4,25.4,25.4,117,0
2017-06-09,20:05:00,25.41,25.41,25.41,25.41,200,0
2017-06-09,22:00:00,25.4,25.4,25.4,25.4,100,0
2017-06-12,17:20:00,25.3941,25.3941,25.3941,25.3941,1000,0
2017-06-12,19:30:00,25.3872,25.3872,25.3872,25.3872,200,0
2017-06-12,21:25:00,25.4099,25.41,25.4,25.4,804,0
2017-06-12,21:30:00,25.42,25.42,25.41,25.42,1000,0
2017-06-12,21:35:00,25.42,25.42,25.381,25.42,2650,0
2017-06-12,21:40:00,25.42,25.44,25.42,25.44,1100,0
2017-06-12,21:45:00,25.45,25.47,25.45,25.47,2400,0
2017-06-12,21:50:00,25.4899,25.49,25.4899,25.4899,2100,0
2017-06-12,21:55:00,25.49,25.51,25.49,25.51,2600,0
2017-06-12,22:00:00,25.51,25.65,25.51,25.65,5204,0
2017-06-13,16:10:00,25.45,25.45,25.45,25.45,3000,0
2017-06-13,16:15:00,25.43,25.43,25.43,25.43,100,0
2017-06-13,16:40:00,25.44,25.44,25.44,25.44,100,0
2017-06-13,17:05:00,25.44,25.44,25.44,25.44,100,0
2017-06-13,17:55:00,25.44,25.44,25.44,25.44,100,0
2017-06-13,18:50:00,25.5275,25.5275,25.5275,25.5275,565,0
2017-06-13,20:55:00,25.5578,25.5578,25.5578,25.5578,200,0
2017-06-13,21:45:00,25.5555,25.57,25.5555,25.57,348,0
2017-06-13,21:50:00,25.5749,25.5749,25.5749,25.5749,400,0
2017-06-14,18:05:00,25.47,25.47,25.47,25.47,204,0
2017-06-14,19:30:00,25.5601,25.5601,25.5601,25.5601,274,0
2017-06-14,19:35:00,25.68,25.68,25.6575,25.6575,600,0
2017-06-14,21:20:00,25.558,25.558,25.558,25.558,200,0
2017-06-14,21:40:00,25.6645,25.6645,25.6645,25.6645,155,0
2017-06-14,22:00:00,25.67,25.68,25.67,25.68,400,0
2017-06-15,21:00:00,25.6017,25.6017,25.6017,25.6017,125,0
2017-06-15,21:45:00,25.5,25.5007,25.5,25.5007,1000,0
2017-06-16,15:45:00,25.5764,25.5764,25.5764,25.5764,1000,0
2017-06-16,16:05:00,25.5948,25.5948,25.5948,25.5948,354,0
2017-06-16,17:50:00,25.551,25.551,25.551,25.551,100,0
2017-06-16,18:10:00,25.5859,25.596,25.5859,25.596,291,0
2017-06-16,19:10:00,25.62,25.63,25.62,25.6216,300,0
2017-06-16,19:15:00,25.6031,25.6031,25.6031,25.6031,117,0
2017-06-16,19:20:00,25.6276,25.6276,25.6276,25.6276,100,0
2017-06-16,19:40:00,25.64,25.64,25.64,25.64,170,0
2017-06-16,22:00:00,25.62,25.64,25.62,25.64,2600,0
2017-06-19,15:35:00,25.52,25.5201,25.52,25.5201,400,0
2017-06-19,16:50:00,25.53,25.53,25.53,25.53,100,0
2017-06-19,17:00:00,25.53,25.53,25.53,25.53,900,0
2017-06-19,17:45:00,25.55,25.56,25.55,25.55,900,0
2017-06-19,18:55:00,25.5438,25.5438,25.5438,25.5438,200,0
2017-06-19,20:10:00,25.57,25.57,25.57,25.57,500,0
2017-06-19,20:55:00,25.57,25.57,25.57,25.57,580,0
2017-06-19,21:20:00,25.57,25.57,25.57,25.57,480,0
2017-06-19,21:50:00,25.57,25.57,25.57,25.57,1284,0
2017-06-20,16:20:00,25.55,25.55,25.55,25.55,2000,0
2017-06-20,17:10:00,25.5686,25.5686,25.5686,25.5686,500,0
2017-06-20,17:25:00,25.55,25.55,25.55,25.55,211,0
2017-06-20,20:35:00,25.5546,25.5546,25.5546,25.5546,400,0
2017-06-20,20:40:00,25.5501,25.5501,25.5501,25.5501,400,0
2017-06-20,21:15:00,25.57,25.57,25.57,25.57,100,0
2017-06-20,21:25:00,25.57,25.57,25.57,25.57,100,0
2017-06-20,21:50:00,25.5501,25.5502,25.55,25.5502,850,0
2017-06-21,15:35:00,25.5,25.5,25.5,25.5,129,0
2017-06-21,16:10:00,25.521,25.525,25.521,25.525,2000,0
2017-06-21,20:40:00,25.57,25.57,25.57,25.57,100,0
2017-06-21,21:55:00,25.55,25.55,25.55,25.55,100,0
2017-06-21,22:00:00,25.52,25.52,25.52,25.52,100,0
2017-06-22,16:40:00,25.5401,25.5401,25.5401,25.5401,100,0
2017-06-22,19:40:00,25.5629,25.5629,25.5629,25.5629,1000,0
2017-06-23,15:35:00,25.52,25.52,25.52,25.52,350,0
2017-06-23,16:20:00,25.5396,25.5396,25.5396,25.5396,200,0
2017-06-23,17:20:00,25.53,25.5505,25.46,25.46,4425,0
2017-06-23,19:50:00,25.5507,25.5507,25.5507,25.5507,200,0
2017-06-23,20:25:00,25.4995,25.5173,25.4995,25.5173,564,0
2017-06-23,20:40:00,25.5304,25.5304,25.5304,25.5304,100,0
2017-06-23,22:00:00,25.49,25.49,25.49,25.49,300,0
2017-06-26,17:30:00,25.5699,25.5699,25.5699,25.5699,1000,0
2017-06-26,17:50:00,25.5699,25.5699,25.5699,25.5699,1000,0
2017-06-27,18:25:00,25.5113,25.5113,25.5113,25.5113,104,0
2017-06-27,18:35:00,25.5116,25.5116,25.5116,25.5116,105,0
2017-06-27,20:10:00,25.5619,25.5619,25.5619,25.5619,400,0
2017-06-27,22:00:00,25.5235,25.5235,25.5235,25.5235,400,0
2017-06-28,15:50:00,25.48,25.48,25.48,25.48,270,0
2017-06-28,15:55:00,25.48,25.48,25.48,25.48,100,0
2017-06-28,16:05:00,25.55,25.5599,25.55,25.5599,800,0
2017-06-28,18:30:00,25.52,25.52,25.52,25.52,100,0
2017-06-29,15:55:00,25.48,25.48,25.48,25.48,100,0
2017-06-29,17:00:00,25.5108,25.5108,25.5108,25.5108,100,0
2017-06-29,18:00:00,25.5,25.5,25.5,25.5,136,0
2017-06-29,18:30:00,25.56,25.56,25.5597,25.5597,400,0
2017-06-29,18:40:00,25.512,25.512,25.512,25.512,195,0
2017-06-29,19:00:00,25.5462,25.5462,25.5462,25.5462,400,0
2017-06-29,19:30:00,25.5512,25.5512,25.5512,25.5512,400,0
2017-06-29,21:15:00,25.5061,25.5061,25.5061,25.5061,101,0
2017-06-29,21:35:00,25.506,25.506,25.506,25.506,101,0
2017-06-29,21:40:00,25.55,25.55,25.5117,25.5117,639,0
2017-06-29,22:00:00,25.55,25.55,25.55,25.55,173,0
2017-07-03,15:40:00,25.49,25.5038,25.49,25.5038,400,0
2017-07-03,16:15:00,25.49,25.49,25.49,25.49,100,0
2017-07-03,16:40:00,25.49,25.49,25.49,25.49,200,0
2017-07-03,17:05:00,25.5284,25.5284,25.5284,25.5284,1000,0
2017-07-03,17:30:00,25.55,25.56,25.5425,25.5425,878,0
2017-07-03,18:15:00,25.56,25.56,25.56,25.56,200,0
2017-07-05,15:55:00,25.5007,25.5007,25.5001,25.5001,1200,0
2017-07-05,16:05:00,25.56,25.6,25.56,25.6,500,0
2017-07-05,16:40:00,25.5401,25.5401,25.5401,25.5401,181,0
2017-07-05,16:50:00,25.64,25.64,25.64,25.64,630,0
2017-07-05,20:00:00,25.54,25.613,25.49,25.5516,4149,0
2017-07-05,20:45:00,25.51,25.5355,25.51,25.5355,200,0
2017-07-05,20:50:00,25.5404,25.5404,25.5404,25.5404,640,0
2017-07-05,20:55:00,25.59,25.59,25.59,25.59,200,0
2017-07-05,21:00:00,25.5729,25.5729,25.5729,25.5729,432,0
2017-07-05,21:05:00,25.59,25.59,25.59,25.59,100,0
2017-07-06,15:35:00,25.5,25.5,25.5,25.5,448,0
2017-07-06,17:20:00,25.564,25.564,25.564,25.564,500,0
2017-07-06,18:05:00,25.56,25.56,25.56,25.56,200,0
2017-07-06,19:10:00,25.59,25.6,25.59,25.5932,5135,0
2017-07-06,21:20:00,25.6,25.6,25.6,25.6,100,0
2017-07-06,21:55:00,25.56,25.56,25.56,25.56,100,0
2017-07-07,16:15:00,25.51,25.51,25.51,25.51,150,0
2017-07-07,17:45:00,25.6,25.61,25.6,25.6099,1000,0
2017-07-07,20:15:00,25.59,25.59,25.59,25.59,967,0
2017-07-07,20:45:00,25.61,25.61,25.5844,25.5844,2187,0
2017-07-07,21:05:00,25.62,25.62,25.62,25.62,1413,0
2017-07-10,18:05:00,25.56,25.56,25.56,25.56,100,0
2017-07-10,18:25:00,25.55,25.55,25.55,25.55,123,0
2017-07-10,20:10:00,25.56,25.56,25.56,25.56,100,0
2017-07-11,15:45:00,25.51,25.51,25.51,25.51,300,0
2017-07-11,16:30:00,25.5518,25.5518,25.5518,25.5518,500,0
2017-07-11,20:55:00,25.57,25.57,25.57,25.57,100,0
2017-07-11,21:05:00,25.57,25.57,25.57,25.57,200,0
2017-07-12,16:10:00,25.5608,25.5608,25.5608,25.5608,200,0
2017-07-12,16:35:00,25.5301,25.5301,25.5301,25.5301,400,0
2017-07-12,16:40:00,25.5301,25.5301,25.5301,25.5301,500,0
2017-07-12,18:15:00,25.57,25.57,25.57,25.57,200,0
2017-07-12,18:25:00,25.5699,25.5699,25.5699,25.5699,200,0
2017-07-12,18:50:00,25.5665,25.5665,25.5665,25.5665,100,0
2017-07-12,20:00:00,25.5665,25.5665,25.5665,25.5665,100,0
2017-07-12,21:30:00,25.57,25.57,25.57,25.57,200,0
2017-07-13,19:10:00,25.57,25.57,25.5669,25.5669,902,0
2017-07-13,20:30:00,25.57,25.57,25.57,25.57,2000,0
2017-07-13,21:25:00,25.57,25.57,25.57,25.57,500,0
2017-07-14,20:05:00,25.57,25.57,25.57,25.57,200,0
2017-07-17,15:45:00,25.5695,25.5695,25.5695,25.5695,195,0
2017-07-17,21:30:00,25.58,25.58,25.5754,25.5754,400,0
2017-07-17,21:40:00,25.57,25.57,25.57,25.57,200,0
2017-07-17,21:55:00,25.6176,25.64,25.57,25.57,1300,0
2017-07-18,15:35:00,25.64,25.64,25.56,25.56,225,0
2017-07-18,16:05:00,25.56,25.5601,25.56,25.5601,1300,0
2017-07-18,16:35:00,25.5698,25.5698,25.5698,25.5698,500,0
2017-07-18,18:10:00,25.5625,25.5625,25.5625,25.5625,200,0
2017-07-18,21:35:00,25.55,25.5561,25.55,25.5561,800,0
2017-07-18,21:45:00,25.56,25.56,25.56,25.56,650,0
2017-07-18,22:00:00,25.56,25.56,25.56,25.56,100,0
2017-07-19,16:20:00,25.57,25.57,25.57,25.57,4978,0
2017-07-19,16:45:00,25.57,25.57,25.57,25.57,4927,0
2017-07-19,16:50:00,25.57,25.57,25.57,25.57,3593,0
2017-07-19,18:55:00,25.5868,25.5868,25.5868,25.5868,226,0
2017-07-19,20:05:00,25.62,25.64,25.62,25.64,1400,0
2017-07-19,20:10:00,25.64,25.64,25.64,25.64,1000,0
2017-07-19,20:20:00,25.63,25.63,25.63,25.63,200,0
2017-07-19,20:25:00,25.64,25.64,25.59,25.64,1400,0
2017-07-19,20:50:00,25.59,25.59,25.59,25.59,100,0
2017-07-19,22:00:00,25.64,25.64,25.64,25.64,116,0
2017-07-20,15:35:00,25.59,25.59,25.59,25.59,125,0
2017-07-20,16:10:00,25.6253,25.6253,25.6253,25.6253,400,0
2017-07-20,17:10:00,25.64,25.64,25.64,25.64,400,0
2017-07-20,19:45:00,25.62,25.62,25.62,25.62,100,0
2017-07-20,19:50:00,25.6399,25.6399,25.6399,25.6399,500,0
2017-07-20,22:00:00,25.61,25.61,25.61,25.61,100,0
2017-07-21,15:55:00,25.64,25.64,25.6285,25.6285,1895,0
2017-07-21,17:20:00,25.62,25.62,25.62,25.62,100,0
2017-07-21,20:10:00,25.6041,25.6041,25.6041,25.6041,150,0
2017-07-21,20:30:00,25.591,25.591,25.591,25.591,200,0
2017-07-21,21:15:00,25.62,25.62,25.62,25.62,100,0
2017-07-24,15:35:00,25.57,25.57,25.57,25.57,105,0
2017-07-24,20:05:00,25.64,25.64,25.6399,25.6399,482,0
2017-07-24,20:10:00,25.64,25.64,25.64,25.64,100,0
2017-07-24,20:15:00,25.64,25.64,25.56,25.56,2400,0
2017-07-24,20:20:00,25.62,25.62,25.62,25.62,200,0
2017-07-24,20:55:00,25.65,25.65,25.62,25.62,1200,0
2017-07-24,21:20:00,25.62,25.62,25.62,25.62,200,0
2017-07-25,15:35:00,25.62,25.62,25.62,25.62,200,0
2017-07-25,16:10:00,25.57,25.57,25.57,25.57,100,0
2017-07-25,16:30:00,25.62,25.62,25.62,25.62,200,0
2017-07-25,19:55:00,25.587,25.587,25.587,25.587,600,0
2017-07-25,20:00:00,25.56,25.56,25.56,25.56,100,0
2017-07-25,20:20:00,25.59,25.59,25.5699,25.5786,400,0
2017-07-25,21:05:00,25.5822,25.5822,25.5822,25.5822,300,0
2017-07-25,21:55:00,25.59,25.59,25.59,25.59,120,0
2017-07-25,22:00:00,25.605,25.605,25.59,25.59,461,0
2017-07-26,16:25:00,25.58,25.58,25.58,25.58,200,0
2017-07-26,16:40:00,25.58,25.58,25.5799,25.5799,1279,0
2017-07-26,18:55:00,25.5946,25.5946,25.5946,25.5946,400,0
2017-07-26,19:50:00,25.5901,25.5901,25.5901,25.5901,400,0
2017-07-26,20:20:00,25.5997,25.5997,25.5997,25.5997,150,0
2017-07-26,21:00:00,25.5956,25.5956,25.5956,25.5956,100,0
2017-07-26,22:00:00,25.61,25.61,25.61,25.61,100,0
2017-07-27,15:35:00,25.5794,25.5794,25.5794,25.5794,292,0
2017-07-27,16:45:00,25.6,25.6,25.6,25.6,138,0
2017-07-27,17:50:00,25.601,25.601,25.601,25.601,292,0
2017-07-27,19:15:00,25.62,25.62,25.62,25.62,1338,0
2017-07-27,19:25:00,25.655,25.655,25.655,25.655,101,0
2017-07-27,19:55:00,25.6739,25.6739,25.6739,25.6739,600,0
2017-07-27,20:20:00,25.69,26,25.69,25.89,2115,0
2017-07-27,20:30:00,25.8337,25.8337,25.81,25.8118,1600,0
2017-07-27,20:35:00,25.8431,25.8431,25.8431,25.8431,1000,0
2017-07-27,20:40:00,25.7644,25.7644,25.7644,25.7644,200,0
2017-07-27,20:45:00,25.6595,25.6595,25.6595,25.6595,200,0
2017-07-27,20:50:00,25.7,25.7,25.7,25.7,2100,0
2017-07-27,20:55:00,25.6595,25.7,25.6595,25.7,500,0
2017-07-27,21:05:00,25.62,25.62,25.62,25.62,600,0
2017-07-27,21:15:00,25.65,25.65,25.63,25.63,800,0
2017-07-27,21:25:00,25.62,25.62,25.62,25.62,500,0
2017-07-27,21:55:00,25.62,25.62,25.62,25.62,600,0
2017-07-28,15:35:00,25.65,25.65,25.65,25.65,500,0
2017-07-28,16:00:00,25.65,25.65,25.65,25.65,500,0
2017-07-28,17:20:00,25.56,25.58,25.56,25.58,792,0
2017-07-28,17:35:00,25.58,25.6372,25.58,25.6372,400,0
2017-07-28,18:05:00,25.62,25.62,25.55,25.55,1747,0
2017-07-28,18:10:00,25.556,25.556,25.556,25.556,100,0
2017-07-28,19:45:00,25.549,25.55,25.5384,25.55,2562,0
2017-07-28,21:05:00,25.6,25.6,25.6,25.6,300,0
2017-07-31,15:35:00,25.6,25.6,25.6,25.6,736,0
2017-07-31,16:25:00,25.6633,25.6633,25.6633,25.6633,175,0
2017-07-31,16:35:00,25.689,25.689,25.689,25.689,500,0
2017-07-31,17:10:00,25.69,25.69,25.69,25.69,100,0
2017-07-31,17:25:00,25.68,25.68,25.68,25.68,612,0
2017-07-31,17:30:00,25.679,25.679,25.679,25.679,360,0
2017-07-31,17:35:00,25.6,25.6,25.6,25.6,400,0
2017-07-31,18:25:00,25.62,25.62,25.62,25.62,350,0
2017-07-31,19:55:00,25.659,25.659,25.659,25.659,400,0
2017-07-31,20:15:00,25.62,25.6398,25.6,25.6398,616,0
2017-07-31,21:15:00,25.6,25.6022,25.6,25.6022,400,0
2017-07-31,21:20:00,25.6,25.6,25.6,25.6,400,0
2017-07-31,21:30:00,25.61,25.61,25.6099,25.6099,200,0
2017-07-31,21:45:00,25.62,25.62,25.6198,25.6198,486,0
2017-07-31,22:00:00,25.67,25.67,25.67,25.67,180,0
2017-08-01,16:50:00,25.67,25.67,25.67,25.67,1000,0
2017-08-01,18:10:00,25.67,25.67,25.67,25.67,600,0
2017-08-01,20:05:00,25.6608,25.6608,25.6608,25.6608,400,0
2017-08-01,21:15:00,25.67,25.67,25.67,25.67,500,0
2017-08-01,21:55:00,25.64,25.65,25.64,25.65,400,0
2017-08-01,22:00:00,25.67,25.67,25.6435,25.67,910,0
2017-08-02,16:40:00,25.6654,25.6654,25.6654,25.6654,400,0
2017-08-02,17:05:00,25.67,25.71,25.67,25.6792,1095,0
2017-08-02,17:10:00,25.6682,25.6682,25.6682,25.6682,1000,0
2017-08-02,17:20:00,25.71,25.71,25.71,25.71,499,0
2017-08-02,18:10:00,25.7809,25.7809,25.7809,25.7809,400,0
2017-08-02,18:20:00,25.7,25.7,25.7,25.7,370,0
2017-08-02,18:30:00,25.737,25.737,25.71,25.7101,2900,0
2017-08-02,18:35:00,25.7,25.711,25.7,25.7104,2300,0
2017-08-02,18:55:00,25.7,25.7,25.7,25.7,100,0
2017-08-02,19:25:00,25.6628,25.6628,25.64,25.64,650,0
2017-08-02,19:30:00,25.61,25.61,25.61,25.61,260,0
2017-08-02,20:25:00,25.61,25.61,25.61,25.61,400,0
2017-08-03,17:15:00,25.6993,25.6993,25.6993,25.6993,195,0
2017-08-03,18:40:00,25.6999,25.6999,25.6999,25.6999,157,0
2017-08-03,19:25:00,25.7,25.7,25.6885,25.6885,400,0
2017-08-03,20:35:00,25.6853,25.6853,25.6853,25.6853,500,0
2017-08-03,21:05:00,25.6999,25.6999,25.6999,25.6999,200,0
2017-08-03,21:15:00,25.67,25.71,25.67,25.71,3155,0
2017-08-04,15:35:00,25.6695,25.6695,25.6695,25.6695,150,0
2017-08-04,15:50:00,25.75,25.75,25.7247,25.7247,300,0
2017-08-04,16:05:00,25.75,25.75,25.7224,25.7224,400,0
2017-08-04,16:35:00,25.7499,25.75,25.6329,25.6329,1500,0
2017-08-04,16:45:00,25.74,25.8,25.74,25.75,4400,0
2017-08-04,17:00:00,25.8,25.8,25.8,25.8,600,0
2017-08-04,17:05:00,25.8,25.8,25.7676,25.7676,400,0
2017-08-04,17:45:00,25.76,25.79,25.76,25.79,282,0
2017-08-04,18:35:00,25.7899,25.7899,25.7899,25.7899,300,0
2017-08-04,19:20:00,25.75,25.75,25.75,25.75,1000,0
2017-08-04,19:55:00,25.781,25.781,25.781,25.781,500,0
2017-08-04,20:30:00,25.76,25.76,25.76,25.76,100,0
2017-08-07,15:35:00,25.67,25.67,25.67,25.67,105,0
2017-08-07,19:45:00,25.7101,25.7101,25.7101,25.7101,500,0
2017-08-07,20:05:00,25.7127,25.7127,25.7127,25.7127,500,0
2017-08-07,20:20:00,25.7101,25.7101,25.7101,25.7101,250,0
2017-08-07,20:40:00,25.71,25.71,25.71,25.71,143,0
2017-08-07,20:55:00,25.71,25.71,25.71,25.71,387,0
2017-08-08,15:35:00,25.66,25.66,25.66,25.66,214,0
2017-08-08,16:30:00,25.7386,25.7386,25.7386,25.7386,262,0
2017-08-08,20:05:00,25.71,25.71,25.7,25.7086,4000,0
2017-08-09,15:35:00,25.7,25.7,25.7,25.7,100,0
2017-08-09,15:50:00,25.65,25.6656,25.65,25.6585,1580,0
2017-08-09,17:05:00,25.637,25.637,25.637,25.637,250,0
2017-08-09,21:30:00,25.65,25.65,25.65,25.65,100,0
2017-08-09,21:35:00,25.6852,25.6852,25.6852,25.6852,200,0
2017-08-09,22:00:00,25.66,25.66,25.66,25.66,100,0
2017-08-10,16:45:00,25.61,25.6484,25.6,25.62,1640,0
2017-08-10,17:00:00,25.76,25.76,25.76,25.76,100,0
2017-08-10,17:05:00,25.77,25.77,25.77,25.77,100,0
2017-08-10,18:10:00,25.67,25.67,25.67,25.67,100,0
2017-08-10,18:45:00,25.73,25.73,25.73,25.73,1000,0
2017-08-10,19:00:00,25.72,25.72,25.72,25.72,100,0
2017-08-10,19:50:00,25.73,25.73,25.73,25.73,109,0
2017-08-10,20:30:00,25.73,25.73,25.73,25.73,100,0
2017-08-10,21:00:00,25.62,25.62,25.6,25.6,600,0
2017-08-10,21:30:00,25.62,25.62,25.6,25.6,666,0
2017-08-10,21:35:00,25.72,25.72,25.72,25.72,100,0
2017-08-10,21:50:00,25.6,25.6842,25.6,25.6842,867,0
2017-08-10,22:00:00,25.6,25.6,25.6,25.6,200,0
2017-08-11,16:25:00,25.677,25.677,25.677,25.677,400,0
2017-08-11,19:20:00,25.6601,25.6601,25.6,25.63,1363,0
2017-08-11,20:10:00,25.6755,25.6755,25.6755,25.6755,1000,0
2017-08-11,22:00:00,25.68,25.68,25.6455,25.6455,400,0
2017-08-14,15:35:00,25.6,25.6,25.6,25.6,258,0
2017-08-14,15:55:00,25.65,25.65,25.6,25.6015,1100,0
2017-08-14,16:05:00,25.749,25.749,25.675,25.675,400,0
2017-08-14,16:10:00,25.69,25.69,25.69,25.69,250,0
2017-08-14,17:05:00,25.74,25.74,25.74,25.74,600,0
2017-08-14,17:15:00,25.6,25.6,25.6,25.6,500,0
2017-08-14,18:50:00,25.7006,25.7006,25.7006,25.7006,400,0
2017-08-14,22:00:00,25.6,25.6,25.6,25.6,100,0
2017-08-15,15:35:00,25.6,25.6,25.6,25.6,155,0
2017-08-15,16:00:00,25.75,25.75,25.7178,25.7178,400,0
2017-08-15,17:15:00,25.6331,25.6331,25.6331,25.6331,100,0
2017-08-15,18:30:00,25.75,25.75,25.75,25.75,200,0
2017-08-15,18:40:00,25.6388,25.6388,25.6388,25.6388,1000,0
2017-08-15,20:30:00,25.63,25.64,25.61,25.62,3918,0
2017-08-15,20:40:00,25.62,25.6297,25.62,25.6297,2540,0
2017-08-15,20:45:00,25.75,25.75,25.75,25.75,1000,0
2017-08-15,21:40:00,25.6565,25.6565,25.6565,25.6565,100,0
2017-08-15,22:00:00,25.6622,25.74,25.6622,25.74,2396,0
2017-08-16,15:35:00,25.65,25.65,25.65,25.65,152,0
2017-08-16,16:40:00,25.71,25.71,25.71,25.71,118,0
2017-08-16,21:40:00,25.63,25.63,25.63,25.63,380,0
2017-08-17,18:05:00,25.62,25.62,25.62,25.62,114,0
2017-08-17,18:35:00,25.62,25.62,25.62,25.62,180,0
2017-08-17,19:25:00,25.72,25.73,25.7,25.7299,500,0
2017-08-17,21:45:00,25.63,25.63,25.63,25.63,1590,0
2017-08-17,21:55:00,25.65,25.6885,25.61,25.6484,3824,0
2017-08-17,22:00:00,25.61,25.61,25.61,25.61,200,0
2017-08-18,15:35:00,25.61,25.61,25.61,25.61,155,0
2017-08-18,16:05:00,25.61,25.61,25.61,25.61,100,0
2017-08-21,15:50:00,25.62,25.62,25.62,25.62,164,0
2017-08-21,17:15:00,25.61,25.6393,25.61,25.6393,2000,0
2017-08-21,18:35:00,25.64,25.64,25.63,25.63,357,0
2017-08-21,19:00:00,25.63,25.63,25.63,25.63,400,0
2017-08-21,20:00:00,25.63,25.63,25.63,25.63,180,0
2017-08-21,20:55:00,25.65,25.65,25.65,25.65,200,0
2017-08-21,21:05:00,25.65,25.65,25.65,25.65,100,0
2017-08-22,15:35:00,25.64,25.64,25.64,25.64,117,0
2017-08-22,16:30:00,25.65,25.65,25.64,25.64,400,0
2017-08-22,16:40:00,25.65,25.65,25.65,25.65,100,0
2017-08-22,16:50:00,25.6779,25.6779,25.6779,25.6779,400,0
2017-08-22,17:00:00,25.66,25.66,25.66,25.66,200,0
2017-08-22,17:40:00,25.66,25.66,25.66,25.66,100,0
2017-08-22,17:50:00,25.68,25.72,25.65,25.69,1824,0
2017-08-22,18:10:00,25.65,25.65,25.65,25.65,100,0
2017-08-22,18:35:00,25.6763,25.6763,25.6763,25.6763,300,0
2017-08-23,16:30:00,25.69,25.69,25.69,25.69,100,0
2017-08-23,17:20:00,25.72,25.72,25.72,25.72,350,0
2017-08-23,17:25:00,25.72,25.72,25.69,25.69,200,0
2017-08-23,18:10:00,25.69,25.69,25.69,25.69,100,0
2017-08-23,18:40:00,25.6956,25.6956,25.6956,25.6956,100,0
2017-08-24,15:35:00,25.72,25.72,25.72,25.72,1000,0
2017-08-24,17:10:00,25.66,25.66,25.66,25.66,133,0
2017-08-24,17:30:00,25.6993,25.6993,25.6993,25.6993,800,0
2017-08-24,19:35:00,25.6983,25.6983,25.6983,25.6983,600,0
2017-08-24,21:35:00,25.7093,25.7093,25.7093,25.7093,600,0
2017-08-24,21:40:00,25.72,25.72,25.72,25.72,600,0
2017-08-25,21:40:00,25.6895,25.6895,25.6855,25.6855,708,0
2017-08-28,15:35:00,25.66,25.66,25.66,25.66,180,0
2017-08-28,17:05:00,25.71,25.73,25.71,25.73,1625,0
2017-08-28,17:20:00,25.7003,25.7003,25.7003,25.7003,640,0
2017-08-28,20:45:00,25.73,25.73,25.73,25.73,720,0
2017-08-28,22:00:00,25.73,25.73,25.73,25.73,200,0
2017-08-29,15:45:00,25.73,25.73,25.7299,25.7299,1997,0
2017-08-29,16:30:00,25.6982,25.7205,25.6982,25.7205,528,0
2017-08-29,19:50:00,25.6905,25.6905,25.6905,25.6905,365,0
2017-08-29,20:15:00,25.6598,25.6598,25.6598,25.6598,500,0
2017-08-29,21:15:00,25.73,25.73,25.73,25.73,500,0
2017-08-29,21:40:00,25.7116,25.7116,25.7116,25.7116,400,0
2017-08-29,22:00:00,25.7299,25.73,25.7299,25.73,700,0
2017-08-30,15:35:00,25.33,25.35,25.3299,25.35,1844,0
2017-08-30,15:40:00,25.33,25.33,25.33,25.33,200,0
2017-08-30,15:55:00,25.33,25.33,25.33,25.33,200,0
2017-08-30,16:05:00,25.33,25.33,25.33,25.33,1000,0
2017-08-30,16:15:00,25.3234,25.3234,25.3234,25.3234,100,0
2017-08-30,17:10:00,25.35,25.35,25.35,25.35,310,0
2017-08-30,17:25:00,25.33,25.33,25.33,25.33,1000,0
2017-08-30,17:30:00,25.3295,25.3295,25.32,25.32,2500,0
2017-08-30,17:55:00,25.33,25.33,25.33,25.33,300,0
2017-08-30,18:25:00,25.35,25.35,25.3442,25.3442,200,0
2017-08-30,18:55:00,25.3508,25.36,25.3508,25.36,1900,0
2017-08-30,19:55:00,25.34,25.34,25.32,25.32,726,0
2017-08-30,20:10:00,25.36,25.36,25.36,25.36,399,0
2017-08-31,15:35:00,25.3,25.3,25.3,25.3,158,0
2017-08-31,15:45:00,25.31,25.31,25.31,25.31,172,0
2017-08-31,15:50:00,25.3,25.3,25.3,25.3,100,0
2017-08-31,16:00:00,25.36,25.36,25.36,25.36,100,0
2017-08-31,18:25:00,25.3389,25.3389,25.3389,25.3389,200,0
2017-08-31,22:00:00,25.36,25.36,25.36,25.36,100,0
2017-09-01,15:35:00,25.31,25.31,25.31,25.31,149,0
2017-09-01,15:50:00,25.3177,25.3177,25.3177,25.3177,1150,0
2017-09-01,16:10:00,25.3,25.3,25.3,25.3,100,0
2017-09-01,16:50:00,25.27,25.27,25.27,25.27,100,0
2017-09-01,17:35:00,25.34,25.39,25.34,25.39,10800,0
2017-09-01,18:20:00,25.38,25.38,25.38,25.38,500,0
2017-09-01,18:35:00,25.38,25.38,25.38,25.38,100,0
2017-09-01,21:25:00,25.39,25.39,25.39,25.39,100,0
2017-09-01,22:00:00,25.39,25.39,25.39,25.39,153,0
2017-09-05,17:15:00,25.31,25.31,25.31,25.31,700,0
2017-09-05,17:40:00,25.3,25.31,25.3,25.3,600,0
2017-09-05,17:50:00,25.35,25.35,25.31,25.31,902,0
2017-09-05,17:55:00,25.3,25.3,25.3,25.3,598,0
2017-09-05,18:00:00,25.31,25.31,25.31,25.31,104,0
2017-09-05,18:05:00,25.31,25.31,25.31,25.31,173,0
2017-09-05,21:15:00,25.31,25.31,25.31,25.31,400,0
2017-09-05,21:45:00,25.37,25.37,25.35,25.37,600,0
2017-09-05,21:50:00,25.3588,25.3588,25.3588,25.3588,200,0
2017-09-05,21:55:00,25.3588,25.3588,25.3588,25.3588,100,0
2017-09-05,22:00:00,25.36,25.36,25.36,25.36,100,0
2017-09-06,16:20:00,25.31,25.31,25.3,25.3,1800,0
2017-09-06,16:25:00,25.3,25.3,25.3,25.3,726,0
2017-09-06,16:30:00,25.29,25.29,25.29,25.29,500,0
2017-09-06,17:00:00,25.29,25.29,25.29,25.29,508,0
2017-09-06,17:05:00,25.27,25.29,25.27,25.27,2466,0
2017-09-06,17:15:00,25.35,25.35,25.35,25.35,700,0
2017-09-06,17:20:00,25.35,25.36,25.35,25.36,1200,0
2017-09-06,17:25:00,25.36,25.36,25.36,25.36,800,0
2017-09-06,17:40:00,25.36,25.38,25.36,25.38,1646,0
2017-09-06,19:55:00,25.29,25.35,25.29,25.2961,500,0
2017-09-06,20:00:00,25.35,25.35,25.35,25.35,200,0
2017-09-06,22:00:00,25.35,25.35,25.35,25.35,100,0
2017-09-07,15:35:00,25.31,25.31,25.31,25.31,1030,0
2017-09-07,15:40:00,25.2946,25.2946,25.2946,25.2946,200,0
2017-09-07,16:05:00,25.29,25.29,25.29,25.29,1700,0
2017-09-07,16:15:00,25.29,25.29,25.29,25.29,300,0
2017-09-07,16:25:00,25.28,25.28,25.28,25.28,1081,0
2017-09-07,17:15:00,25.28,25.28,25.28,25.28,300,0
2017-09-07,17:55:00,25.34,25.34,25.31,25.3214,800,0
2017-09-07,18:30:00,25.3099,25.3099,25.3099,25.3099,400,0
2017-09-07,19:25:00,25.28,25.28,25.28,25.28,2777,0
2017-09-07,19:40:00,25.3,25.31,25.3,25.31,500,0
2017-09-07,20:50:00,25.29,25.29,25.29,25.29,200,0
2017-09-07,21:00:00,25.29,25.29,25.29,25.29,200,0
2017-09-07,21:10:00,25.3,25.35,25.3,25.35,1290,0
2017-09-07,21:15:00,25.35,25.35,25.35,25.35,605,0
2017-09-07,21:20:00,25.35,25.35,25.3499,25.3499,927,0
2017-09-08,16:25:00,25.34,25.34,25.31,25.31,798,0
2017-09-08,16:30:00,25.31,25.315,25.31,25.31,400,0
2017-09-08,16:35:00,25.28,25.2801,25.28,25.28,2295,0
2017-09-08,16:55:00,25.3034,25.3034,25.3034,25.3034,500,0
2017-09-08,18:05:00,25.3081,25.3081,25.3081,25.3081,108,0
2017-09-08,18:15:00,25.28,25.28,25.28,25.28,240,0
2017-09-08,19:15:00,25.28,25.28,25.28,25.28,3000,0
2017-09-08,21:25:00,25.27,25.27,25.27,25.27,2348,0
2017-09-08,21:35:00,25.27,25.27,25.27,25.27,200,0
2017-09-08,21:55:00,25.27,25.27,25.27,25.27,200,0
2017-09-08,22:00:00,25.27,25.27,25.27,25.27,200,0
2017-09-11,15:50:00,25.2884,25.2884,25.28,25.28,380,0
2017-09-11,16:00:00,25.33,25.34,25.33,25.34,919,0
2017-09-11,16:05:00,25.29,25.29,25.29,25.29,100,0
2017-09-11,16:10:00,25.3166,25.34,25.29,25.29,1115,0
2017-09-11,16:20:00,25.31,25.34,25.31,25.3308,400,0
2017-09-11,16:25:00,25.34,25.34,25.3,25.3,700,0
2017-09-11,17:05:00,25.29,25.29,25.29,25.29,300,0
2017-09-11,17:15:00,25.29,25.29,25.27,25.27,1214,0
2017-09-11,17:20:00,25.27,25.27,25.27,25.27,300,0
2017-09-11,17:25:00,25.27,25.27,25.27,25.27,100,0
2017-09-11,17:30:00,25.27,25.27,25.27,25.27,200,0
2017-09-11,17:35:00,25.25,25.25,25.25,25.25,100,0
2017-09-11,17:40:00,25.26,25.26,25.25,25.25,200,0
2017-09-11,17:50:00,25.25,25.25,25.25,25.25,100,0
2017-09-11,17:55:00,25.25,25.25,25.25,25.25,100,0
2017-09-11,18:15:00,25.25,25.25,25.25,25.25,100,0
2017-09-11,18:20:00,25.3027,25.3027,25.3027,25.3027,200,0
2017-09-11,18:40:00,25.26,25.26,25.26,25.26,100,0
2017-09-11,18:50:00,25.26,25.26,25.26,25.26,100,0
2017-09-11,18:55:00,25.26,25.26,25.26,25.26,100,0
2017-09-11,19:00:00,25.26,25.26,25.26,25.26,177,0
2017-09-11,19:05:00,25.26,25.26,25.26,25.26,100,0
2017-09-11,20:40:00,25.3052,25.3177,25.3052,25.3177,600,0
2017-09-11,22:00:00,25.26,25.26,25.26,25.26,107,0
2017-09-12,16:20:00,25.3114,25.33,25.3,25.33,2106,0
2017-09-12,16:30:00,25.33,25.33,25.33,25.33,100,0
2017-09-12,16:35:00,25.32,25.32,25.32,25.32,100,0
2017-09-12,16:45:00,25.32,25.32,25.32,25.32,900,0
2017-09-12,17:05:00,25.27,25.27,25.27,25.27,300,0
2017-09-12,17:25:00,25.27,25.27,25.27,25.27,100,0
2017-09-12,17:35:00,25.27,25.27,25.27,25.27,214,0
2017-09-12,17:55:00,25.28,25.32,25.2694,25.32,1300,0
2017-09-12,18:55:00,25.27,25.27,25.27,25.27,100,0
2017-09-12,19:25:00,25.26,25.26,25.26,25.26,200,0
2017-09-12,20:00:00,25.27,25.28,25.27,25.28,300,0
2017-09-12,20:50:00,25.27,25.27,25.27,25.27,100,0
2017-09-12,21:20:00,25.27,25.27,25.26,25.26,200,0
2017-09-12,21:40:00,25.26,25.26,25.26,25.26,200,0
2017-09-12,21:55:00,25.26,25.26,25.26,25.26,100,0
2017-09-12,22:00:00,25.26,25.26,25.26,25.26,191,0
2017-09-13,15:45:00,25.3,25.3,25.3,25.3,300,0
2017-09-13,16:05:00,25.25,25.29,25.25,25.29,381,0
2017-09-13,16:25:00,25.26,25.26,25.26,25.26,200,0
2017-09-13,16:55:00,25.25,25.25,25.25,25.25,200,0
2017-09-13,17:00:00,25.26,25.26,25.2564,25.2564,600,0
2017-09-13,17:20:00,25.26,25.26,25.26,25.26,100,0
2017-09-13,17:30:00,25.25,25.25,25.25,25.25,100,0
2017-09-13,17:35:00,25.26,25.26,25.25,25.25,200,0
2017-09-13,17:50:00,25.25,25.25,25.25,25.25,1500,0
2017-09-13,18:30:00,25.25,25.25,25.25,25.25,200,0
2017-09-13,19:15:00,25.25,25.25,25.25,25.25,158,0
2017-09-13,19:30:00,25.3,25.3,25.3,25.3,102,0
2017-09-13,19:55:00,25.25,25.25,25.25,25.25,200,0
2017-09-13,20:10:00,25.25,25.25,25.25,25.25,300,0
2017-09-13,20:15:00,25.25,25.25,25.25,25.25,300,0
2017-09-13,20:20:00,25.26,25.34,25.26,25.3351,1900,0
2017-09-13,21:15:00,25.25,25.25,25.25,25.25,100,0
2017-09-13,21:30:00,25.25,25.25,25.25,25.25,200,0
2017-09-13,21:45:00,25.25,25.25,25.25,25.25,100,0
2017-09-13,21:55:00,25.25,25.25,25.25,25.25,100,0
2017-09-13,22:00:00,25.26,25.26,25.25,25.25,408,0
2017-09-14,16:20:00,25.26,25.26,25.25,25.25,200,0
2017-09-14,16:30:00,25.25,25.25,25.25,25.25,200,0
2017-09-14,16:45:00,25.255,25.26,25.255,25.26,300,0
2017-09-14,16:55:00,25.32,25.34,25.32,25.34,300,0
2017-09-14,17:00:00,25.25,25.25,25.25,25.25,500,0
2017-09-14,17:15:00,25.25,25.25,25.25,25.25,200,0
2017-09-14,17:25:00,25.25,25.34,25.25,25.34,600,0
2017-09-14,17:35:00,25.26,25.26,25.25,25.25,200,0
2017-09-14,17:50:00,25.26,25.26,25.26,25.26,200,0
2017-09-14,18:35:00,25.25,25.25,25.25,25.25,200,0
2017-09-14,19:15:00,25.25,25.25,25.25,25.25,200,0
2017-09-14,20:00:00,25.25,25.25,25.25,25.25,200,0
2017-09-14,20:30:00,25.25,25.25,25.25,25.25,300,0
2017-09-14,21:15:00,25.25,25.25,25.25,25.25,200,0
2017-09-14,21:35:00,25.26,25.26,25.2573,25.2573,800,0
2017-09-14,22:00:00,25.26,25.26,25.25,25.25,300,0
2017-09-15,15:55:00,25.251,25.251,25.251,25.251,300,0
2017-09-15,16:05:00,25.3,25.34,25.3,25.325,2608,0
2017-09-15,16:10:00,25.28,25.28,25.28,25.28,200,0
2017-09-15,16:20:00,25.28,25.28,25.28,25.28,200,0
2017-09-15,16:35:00,25.28,25.28,25.28,25.28,200,0
2017-09-15,16:50:00,25.28,25.28,25.27,25.27,600,0
2017-09-15,17:00:00,25.27,25.28,25.27,25.28,200,0
2017-09-15,17:05:00,25.27,25.27,25.27,25.27,200,0
2017-09-15,17:25:00,25.27,25.27,25.27,25.27,100,0
2017-09-15,17:35:00,25.28,25.28,25.26,25.26,300,0
2017-09-15,17:55:00,25.26,25.26,25.26,25.26,200,0
2017-09-15,19:15:00,25.26,25.26,25.26,25.26,200,0
2017-09-15,20:00:00,25.26,25.26,25.26,25.26,200,0
2017-09-15,20:40:00,25.26,25.26,25.26,25.26,189,0
2017-09-15,21:20:00,25.26,25.26,25.26,25.26,200,0
2017-09-15,21:45:00,25.26,25.26,25.26,25.26,200,0
2017-09-15,21:55:00,25.26,25.26,25.26,25.26,100,0
2017-09-15,22:00:00,25.28,25.28,25.27,25.27,552,0
2017-09-18,15:35:00,25.34,25.34,25.34,25.34,100,0
2017-09-18,16:05:00,25.31,25.3144,25.31,25.3144,332,0
2017-09-18,16:15:00,25.28,25.28,25.28,25.28,100,0
2017-09-18,16:30:00,25.28,25.28,25.28,25.28,100,0
2017-09-18,16:45:00,25.28,25.28,25.28,25.28,300,0
2017-09-18,17:00:00,25.27,25.27,25.27,25.27,600,0
2017-09-18,17:10:00,25.26,25.26,25.26,25.26,100,0
2017-09-18,17:20:00,25.26,25.26,25.26,25.26,200,0
2017-09-18,17:25:00,25.27,25.3,25.27,25.3,760,0
2017-09-18,18:00:00,25.32,25.32,25.295,25.295,352,0
2017-09-18,18:15:00,25.26,25.26,25.26,25.26,200,0
2017-09-18,18:30:00,25.26,25.26,25.26,25.26,300,0
2017-09-18,18:35:00,25.26,25.26,25.26,25.26,100,0
2017-09-18,18:45:00,25.26,25.26,25.26,25.26,100,0
2017-09-18,18:55:00,25.26,25.26,25.26,25.26,100,0
2017-09-18,19:05:00,25.26,25.2776,25.26,25.26,1400,0
2017-09-18,19:20:00,25.26,25.26,25.26,25.26,100,0
2017-09-18,19:50:00,25.25,25.25,25.25,25.25,100,0
2017-09-18,20:10:00,25.255,25.31,25.255,25.31,631,0
2017-09-18,20:35:00,25.3,25.3,25.3,25.3,250,0
2017-09-18,21:20:00,25.31,25.31,25.3099,25.3099,800,0
2017-09-18,21:50:00,25.31,25.32,25.3014,25.32,1000,0
2017-09-19,16:20:00,25.27,25.27,25.27,25.27,100,0
2017-09-19,16:35:00,25.26,25.2898,25.26,25.2898,500,0
2017-09-19,17:05:00,25.26,25.26,25.26,25.26,200,0
2017-09-19,17:25:00,25.26,25.26,25.26,25.26,200,0
2017-09-19,17:45:00,25.26,25.26,25.26,25.26,300,0
2017-09-19,17:55:00,25.26,25.26,25.26,25.26,100,0
2017-09-19,18:45:00,25.3,25.38,25.3,25.38,10000,0
2017-09-19,19:40:00,25.3699,25.3699,25.34,25.34,3500,0
2017-09-19,21:55:00,25.34,25.34,25.34,25.34,447,0
2017-09-19,22:00:00,25.28,25.28,25.28,25.28,200,0
2017-09-20,15:50:00,25.34,25.37,25.3,25.3194,1494,0
2017-09-20,16:10:00,25.37,25.37,25.35,25.35,800,0
2017-09-20,16:15:00,25.37,25.37,25.35,25.35,600,0
2017-09-20,16:20:00,25.35,25.35,25.35,25.35,117,0
2017-09-20,20:00:00,25.37,25.37,25.3537,25.3537,463,0
2017-09-20,20:10:00,25.3514,25.3514,25.34,25.34,2702,0
2017-09-20,20:25:00,25.37,25.37,25.3193,25.3376,632,0
2017-09-20,20:35:00,25.37,25.37,25.3481,25.3481,842,0
2017-09-20,20:40:00,25.3454,25.3454,25.3454,25.3454,200,0
2017-09-20,20:55:00,25.31,25.32,25.31,25.32,700,0
2017-09-20,21:00:00,25.32,25.32,25.32,25.32,1100,0
2017-09-20,21:30:00,25.3563,25.3563,25.298,25.298,1538,0
2017-09-20,22:00:00,25.33,25.33,25.33,25.33,100,0
2017-09-21,16:35:00,25.325,25.325,25.325,25.325,1200,0
2017-09-21,18:10:00,25.32,25.32,25.3183,25.3183,400,0
2017-09-21,19:00:00,25.32,25.32,25.32,25.32,364,0
2017-09-21,19:15:00,25.32,25.37,25.32,25.34,1595,0
2017-09-21,19:20:00,25.38,25.38,25.3293,25.3429,704,0
2017-09-21,19:25:00,25.31,25.31,25.31,25.31,100,0
2017-09-21,19:30:00,25.32,25.37,25.32,25.37,440,0
2017-09-21,19:45:00,25.33,25.37,25.33,25.3562,400,0
2017-09-21,20:10:00,25.37,25.37,25.37,25.37,160,0
2017-09-21,21:50:00,25.38,25.38,25.38,25.38,315,0
2017-09-21,22:00:00,25.38,25.38,25.38,25.38,110,0
2017-09-22,16:20:00,25.38,25.38,25.38,25.38,460,0
2017-09-22,16:40:00,25.355,25.355,25.355,25.355,3000,0
2017-09-22,16:45:00,25.37,25.397,25.37,25.397,1842,0
2017-09-22,17:00:00,25.4,25.42,25.4,25.42,800,0
2017-09-22,17:30:00,25.42,25.42,25.42,25.42,100,0
2017-09-22,18:30:00,25.42,25.42,25.4178,25.4178,400,0
2017-09-22,18:45:00,25.42,25.42,25.4044,25.4047,755,0
2017-09-22,19:00:00,25.47,25.47,25.4699,25.4699,361,0
2017-09-22,19:20:00,25.47,25.47,25.47,25.47,4300,0
2017-09-22,20:30:00,25.47,25.47,25.4491,25.4491,628,0
2017-09-22,21:05:00,25.428,25.49,25.41,25.4646,5757,0
2017-09-22,21:25:00,25.42,25.42,25.42,25.42,1100,0
2017-09-22,22:00:00,25.45,25.45,25.45,25.45,172,0
2017-09-25,16:35:00,25.439,25.439,25.434,25.434,900,0
2017-09-25,19:25:00,25.4103,25.4103,25.3754,25.3754,1851,0
2017-09-25,19:45:00,25.37,25.38,25.37,25.38,400,0
2017-09-25,19:50:00,25.39,25.39,25.39,25.39,100,0
2017-09-25,21:25:00,25.3953,25.41,25.3953,25.4099,318,0
2017-09-25,21:45:00,25.38,25.38,25.38,25.38,400,0
2017-09-26,17:10:00,25.44,25.44,25.4362,25.4362,400,0
2017-09-26,18:05:00,25.4262,25.4262,25.4262,25.4262,200,0
2017-09-26,18:40:00,25.381,25.45,25.381,25.4276,5002,0
2017-09-26,18:45:00,25.42,25.49,25.42,25.48,1880,0
2017-09-26,18:55:00,25.42,25.42,25.42,25.42,100,0
2017-09-26,19:35:00,25.401,25.401,25.401,25.401,100,0
2017-09-26,19:45:00,25.42,25.45,25.42,25.45,200,0
2017-09-26,20:10:00,25.4899,25.4899,25.4899,25.4899,400,0
2017-09-26,20:35:00,25.4205,25.4205,25.4205,25.4205,500,0
2017-09-26,21:00:00,25.41,25.41,25.41,25.41,100,0
2017-09-26,21:15:00,25.42,25.42,25.38,25.3935,552,0
2017-09-26,21:35:00,25.42,25.42,25.41,25.41,315,0
2017-09-26,22:00:00,25.4224,25.4255,25.41,25.4203,2925,0
2017-09-27,21:30:00,25.4197,25.4197,25.38,25.41,2876,0
2017-09-27,21:35:00,25.36,25.36,25.36,25.36,200,0
2017-09-27,21:40:00,25.36,25.36,25.36,25.36,100,0
2017-09-27,22:00:00,25.36,25.36,25.36,25.36,232,0
2017-09-28,19:00:00,25.4299,25.4299,25.4299,25.4299,222,0
2017-09-28,20:40:00,25.469,25.469,25.469,25.469,360,0
2017-09-28,20:50:00,25.459,25.459,25.459,25.459,267,0
2017-09-28,21:00:00,25.3606,25.3606,25.29,25.3,11529,0
2017-09-28,21:25:00,25.369,25.369,25.362,25.362,700,0
2017-09-28,22:00:00,25.31,25.31,25.31,25.31,100,0
2017-09-29,16:30:00,25.4084,25.4084,25.4084,25.4084,277,0
2017-09-29,16:35:00,25.4024,25.4024,25.4024,25.4024,279,0
2017-09-29,16:50:00,25.4084,25.4084,25.4084,25.4084,186,0
2017-09-29,18:05:00,25.31,25.31,25.31,25.31,1000,0
2017-09-29,21:20:00,25.3807,25.3807,25.3807,25.3807,488,0
2017-09-29,21:45:00,25.314,25.44,25.314,25.42,8917,0
2017-10-02,15:35:00,25.42,25.42,25.42,25.42,300,0
2017-10-03,15:35:00,25.31,25.31,25.31,25.31,217,0
2017-10-03,16:35:00,25.3444,25.3444,25.3444,25.3444,112,0
2017-10-03,18:20:00,25.34,25.34,25.34,25.34,100,0
2017-10-03,18:40:00,25.38,25.38,25.38,25.38,200,0
2017-10-03,19:00:00,25.35,25.35,25.35,25.35,500,0
2017-10-03,21:00:00,25.325,25.325,25.325,25.325,400,0
2017-10-03,21:30:00,25.37,25.37,25.37,25.37,880,0
2017-10-03,21:40:00,25.36,25.37,25.36,25.36,1860,0
2017-10-03,21:55:00,25.35,25.35,25.35,25.35,100,0
2017-10-04,15:45:00,25.4,25.4,25.4,25.4,100,0
2017-10-04,16:55:00,25.3801,25.3801,25.3801,25.3801,1000,0
2017-10-04,17:15:00,25.4083,25.41,25.3964,25.41,770,0
2017-10-04,18:05:00,25.38,25.38,25.33,25.346,3759,0
2017-10-04,18:10:00,25.35,25.35,25.32,25.32,1600,0
2017-10-04,18:20:00,25.33,25.37,25.33,25.37,2200,0
2017-10-04,19:25:00,25.3466,25.3466,25.3466,25.3466,200,0
2017-10-04,19:35:00,25.34,25.34,25.34,25.34,100,0
2017-10-04,20:25:00,25.34,25.34,25.34,25.34,500,0
2017-10-04,20:45:00,25.3308,25.3308,25.3308,25.3308,1000,0
2017-10-04,21:40:00,25.34,25.37,25.31,25.3101,5327,0
2017-10-04,21:50:00,25.3245,25.3245,25.3245,25.3245,100,0
2017-10-04,21:55:00,25.4,25.4,25.4,25.4,1100,0
2017-10-04,22:00:00,25.31,25.31,25.31,25.31,100,0
2017-10-05,15:35:00,25.38,25.38,25.38,25.38,140,0
2017-10-05,17:10:00,25.3208,25.3208,25.3208,25.3208,524,0
2017-10-05,17:40:00,25.35,25.35,25.35,25.35,200,0
2017-10-05,18:20:00,25.35,25.35,25.35,25.35,100,0
2017-10-05,19:05:00,25.35,25.35,24.48,25.02,21281,0
2017-10-05,19:10:00,25.07,25.07,25.07,25.07,100,0
2017-10-05,20:55:00,25.28,25.28,25.28,25.28,400,0
2017-10-05,21:40:00,25.2,25.2,25.2,25.2,100,0
2017-10-05,21:45:00,25.2,25.2,25.2,25.2,400,0
2017-10-05,21:50:00,25.22,25.22,25.21,25.21,600,0
2017-10-05,21:55:00,25.2,25.2,25.2,25.2,100,0
2017-10-05,22:00:00,25.21,25.22,25.21,25.22,1000,0
2017-10-06,15:55:00,25.2,25.2,25.17,25.2,2900,0
2017-10-06,19:10:00,25.1977,25.2136,25.1977,25.2136,300,0
2017-10-06,21:10:00,25.22,25.22,25.22,25.22,250,0
2017-10-09,16:45:00,25.18,25.18,25.18,25.18,500,0
2017-10-09,17:00:00,25.198,25.198,25.198,25.198,800,0
2017-10-09,19:25:00,25.26,25.26,25.26,25.26,396,0
2017-10-10,15:35:00,25.19,25.19,25.19,25.19,100,0
2017-10-10,15:45:00,25.219,25.219,25.219,25.219,500,0
2017-10-10,17:45:00,25.259,25.259,25.2565,25.2572,600,0
2017-10-10,19:00:00,25.246,25.254,25.23,25.254,3378,0
2017-10-10,19:20:00,25.2572,25.2572,25.2572,25.2572,100,0
2017-10-10,20:00:00,25.2589,25.27,25.2588,25.2588,1000,0
2017-10-10,21:45:00,25.23,25.23,25.23,25.23,665,0
2017-10-10,22:00:00,25.21,25.21,25.21,25.21,100,0
2017-10-11,20:45:00,25.254,25.254,25.244,25.244,1347,0
2017-10-11,21:25:00,25.28,25.28,25.28,25.28,2500,0
2017-10-11,21:55:00,25.3568,25.3568,25.3568,25.3568,250,0
2017-10-12,16:05:00,25.3104,25.3104,25.283,25.283,1125,0
2017-10-12,20:15:00,25.26,25.263,25.26,25.263,1720,0
2017-10-12,20:50:00,25.2779,25.29,25.2779,25.29,1200,0
2017-10-13,15:35:00,25.28,25.28,25.28,25.28,122,0
2017-10-13,16:25:00,25.32,25.32,25.32,25.32,100,0
2017-10-13,17:45:00,25.288,25.288,25.288,25.288,500,0
2017-10-13,19:45:00,25.3062,25.3062,25.3062,25.3062,500,0
2017-10-13,22:00:00,25.27,25.27,25.27,25.27,242,0
2017-10-16,16:40:00,25.3536,25.3536,25.3536,25.3536,150,0
2017-10-16,20:25:00,25.3124,25.3124,25.3124,25.3124,333,0
2017-10-16,20:30:00,25.28,25.28,25.27,25.27,1618,0
2017-10-16,21:50:00,25.27,25.27,25.27,25.27,324,0
2017-10-16,21:55:00,25.27,25.27,25.27,25.27,100,0
2017-10-17,17:05:00,25.3374,25.3374,25.3374,25.3374,200,0
2017-10-17,17:40:00,25.3098,25.3098,25.3098,25.3098,200,0
2017-10-17,17:50:00,25.273,25.273,25.273,25.273,300,0
2017-10-17,18:55:00,25.2685,25.2685,25.2685,25.2685,300,0
2017-10-17,20:05:00,25.3342,25.3342,25.3342,25.3342,200,0
2017-10-17,22:00:00,25.33,25.33,25.33,25.33,144,0
2017-10-18,18:05:00,25.3163,25.3163,25.3163,25.3163,500,0
2017-10-18,19:25:00,25.2601,25.2601,25.2601,25.2601,271,0
2017-10-19,16:05:00,25.29,25.3,25.29,25.3,780,0
2017-10-19,18:10:00,25.3272,25.3272,25.3272,25.3272,200,0
2017-10-19,19:05:00,25.34,25.34,25.34,25.34,300,0
2017-10-19,19:20:00,25.34,25.34,25.34,25.34,845,0
2017-10-20,17:25:00,25.3352,25.3352,25.3352,25.3352,200,0
2017-10-20,18:45:00,25.3534,25.3534,25.3534,25.3534,662,0
2017-10-20,19:40:00,25.39,25.39,25.36,25.36,525,0
2017-10-20,20:45:00,25.35,25.35,25.35,25.35,163,0
2017-10-20,20:50:00,25.35,25.35,25.35,25.35,200,0
2017-10-23,15:35:00,25.39,25.39,25.39,25.39,100,0
2017-10-23,16:00:00,25.28,25.3103,25.28,25.3103,1100,0
2017-10-23,17:45:00,25.3275,25.3275,25.3275,25.3275,500,0
2017-10-23,20:55:00,25.37,25.37,25.37,25.37,500,0
2017-10-23,21:05:00,25.2984,25.2984,25.2984,25.2984,290,0
2017-10-23,21:15:00,25.319,25.319,25.319,25.319,474,0
2017-10-24,16:40:00,25.35,25.35,25.35,25.35,395,0
2017-10-24,16:50:00,25.3412,25.3412,25.3412,25.3412,454,0
2017-10-24,16:55:00,25.3449,25.3449,25.3449,25.3449,394,0
2017-10-24,17:55:00,25.37,25.37,25.37,25.37,195,0
2017-10-24,18:00:00,25.3412,25.3412,25.3412,25.3412,990,0
2017-10-24,18:40:00,25.34,25.34,25.34,25.34,700,0
2017-10-24,20:00:00,25.35,25.35,25.35,25.35,100,0
2017-10-24,21:00:00,25.301,25.311,25.27,25.27,5527,0
2017-10-24,21:05:00,25.31,25.31,25.31,25.31,100,0
2017-10-24,21:35:00,25.27,25.2728,25.27,25.2728,2335,0
2017-10-24,22:00:00,25.27,25.27,25.27,25.27,600,0
2017-10-25,15:55:00,25.2749,25.2749,25.27,25.27,1200,0
2017-10-25,16:15:00,25.27,25.27,25.27,25.27,218,0
2017-10-25,17:10:00,25.2621,25.2621,25.26,25.26,500,0
2017-10-25,17:35:00,25.2762,25.2762,25.2762,25.2762,200,0
2017-10-25,19:15:00,25.26,25.26,25.26,25.26,822,0
2017-10-25,19:35:00,25.3272,25.3272,25.3272,25.3272,2000,0
2017-10-25,20:20:00,25.3,25.3,25.3,25.3,100,0
2017-10-25,20:25:00,25.33,25.33,25.33,25.33,100,0
2017-10-25,21:30:00,25.3207,25.3207,25.3207,25.3207,398,0
2017-10-25,21:40:00,25.33,25.33,25.26,25.3026,4200,0
2017-10-25,21:45:00,25.3188,25.34,25.3188,25.34,2400,0
2017-10-25,21:50:00,25.34,25.345,25.34,25.34,2100,0
2017-10-25,21:55:00,25.35,25.3566,25.35,25.3566,1264,0
2017-10-25,22:00:00,25.35,25.35,25.34,25.3408,1284,0
2017-10-26,17:25:00,25.3268,25.3268,25.3268,25.3268,100,0
2017-10-26,22:00:00,25.29,25.29,25.29,25.29,196,0
2017-10-27,15:35:00,25.29,25.29,25.29,25.29,637,0
2017-10-27,16:10:00,25.36,25.36,25.36,25.36,100,0
2017-10-27,18:05:00,25.3695,25.3695,25.3695,25.3695,500,0
2017-10-27,20:15:00,25.3459,25.3459,25.3459,25.3459,100,0
2017-10-27,20:35:00,25.3552,25.3552,25.3552,25.3552,462,0
2017-10-27,20:45:00,25.365,25.365,25.365,25.365,286,0
2017-10-27,21:05:00,25.3356,25.3356,25.3356,25.3356,235,0
2017-10-27,21:45:00,25.37,25.37,25.37,25.37,100,0
2017-10-27,22:00:00,25.37,25.37,25.37,25.37,124,0
2017-10-30,14:55:00,25.3213,25.3213,25.3213,25.3213,300,0
2017-10-30,15:50:00,25.34,25.34,25.34,25.34,205,0
2017-10-30,18:05:00,25.37,25.37,25.37,25.37,200,0
2017-10-30,18:40:00,25.3493,25.3493,25.3493,25.3493,400,0
2017-10-30,18:50:00,25.3482,25.3482,25.3482,25.3482,100,0
2017-10-31,14:50:00,25.364,25.364,25.364,25.364,750,0
2017-10-31,15:00:00,25.3101,25.3101,25.3101,25.3101,155,0
2017-10-31,15:20:00,25.32,25.32,25.32,25.32,237,0
2017-10-31,15:55:00,25.32,25.3355,25.32,25.3355,600,0
2017-10-31,17:20:00,25.3119,25.3119,25.3119,25.3119,400,0
2017-10-31,18:45:00,25.37,25.37,25.33,25.34,418,0
2017-10-31,20:00:00,25.3699,25.3699,25.3699,25.3699,250,0
2017-10-31,21:00:00,25.33,25.33,25.33,25.33,102,0
2017-11-01,14:35:00,25.31,25.31,25.31,25.31,202,0
2017-11-01,14:45:00,25.31,25.31,25.31,25.31,100,0
2017-11-01,15:10:00,25.36,25.36,25.36,25.36,100,0
2017-11-01,15:40:00,25.34,25.34,25.34,25.34,137,0
2017-11-01,16:30:00,25.3699,25.3699,25.3699,25.3699,185,0
2017-11-01,17:10:00,25.37,25.37,25.37,25.37,100,0
2017-11-01,20:20:00,25.4,25.4,25.4,25.4,163,0
2017-11-02,14:35:00,25.33,25.33,25.33,25.33,113,0
2017-11-02,16:10:00,25.32,25.32,25.32,25.32,237,0
2017-11-02,16:40:00,25.3661,25.3661,25.3661,25.3661,200,0
2017-11-02,17:55:00,25.3601,25.3601,25.3601,25.3601,113,0
2017-11-02,19:20:00,25.36,25.36,25.32,25.32,628,0
2017-11-02,21:00:00,25.33,25.33,25.33,25.33,100,0
2017-11-03,14:35:00,25.33,25.33,25.33,25.33,104,0
2017-11-03,16:15:00,25.34,25.34,25.34,25.34,237,0
2017-11-03,17:40:00,25.3939,25.3939,25.3939,25.3939,400,0
2017-11-06,15:35:00,25.33,25.33,25.33,25.33,112,0
2017-11-06,16:35:00,25.34,25.34,25.34,25.34,200,0
2017-11-06,17:45:00,25.357,25.357,25.357,25.357,205,0
2017-11-06,20:55:00,25.39,25.4,25.39,25.4,2909,0
2017-11-06,21:50:00,25.43,25.43,25.43,25.43,300,0
2017-11-07,15:35:00,25.39,25.39,25.39,25.39,121,0
2017-11-07,16:35:00,25.42,25.42,25.42,25.42,200,0
2017-11-07,16:40:00,25.42,25.42,25.42,25.42,200,0
2017-11-07,21:15:00,25.44,25.44,25.439,25.439,998,0
2017-11-07,22:00:00,25.44,25.45,25.44,25.45,3322,0
2017-11-08,15:35:00,25.41,25.41,25.41,25.41,112,0
2017-11-08,15:55:00,25.438,25.438,25.438,25.438,227,0
2017-11-08,17:10:00,25.42,25.42,25.42,25.42,245,0
2017-11-08,17:20:00,25.445,25.445,25.4,25.415,6486,0
2017-11-09,16:45:00,25.39,25.39,25.39,25.39,250,0
2017-11-09,18:35:00,25.4056,25.4056,25.3916,25.3916,242,0
2017-11-10,19:15:00,25.41,25.45,25.404,25.404,2500,0
2017-11-10,21:25:00,25.41,25.41,25.41,25.41,500,0
2017-11-10,21:30:00,25.41,25.41,25.41,25.41,100,0
2017-11-13,15:35:00,25.45,25.45,25.45,25.45,100,0
2017-11-13,16:15:00,25.38,25.38,25.38,25.38,100,0
2017-11-13,19:25:00,25.4143,25.4143,25.4143,25.4143,100,0
2017-11-13,20:00:00,25.3852,25.3852,25.3852,25.3852,500,0
2017-11-14,18:45:00,25.45,25.45,25.45,25.45,200,0
2017-11-14,21:05:00,25.45,25.45,25.45,25.45,200,0
2017-11-14,21:10:00,25.44,25.44,25.44,25.44,1359,0
2017-11-15,15:35:00,25.45,25.45,25.45,25.45,100,0
2017-11-15,16:30:00,25.37,25.3766,25.37,25.37,2100,0
2017-11-15,16:55:00,25.415,25.415,25.415,25.415,100,0
2017-11-15,18:20:00,25.4428,25.4428,25.4428,25.4428,500,0
2017-11-16,15:35:00,25.43,25.46,25.43,25.46,22098,0
2017-11-16,16:10:00,25.52,25.52,25.52,25.52,100,0
2017-11-16,17:40:00,25.495,25.495,25.45,25.45,780,0
2017-11-16,19:25:00,25.52,25.52,25.52,25.52,100,0
2017-11-16,20:00:00,25.4712,25.4712,25.4712,25.4712,500,0
2017-11-16,20:25:00,25.54,25.54,25.54,25.54,100,0
2017-11-16,21:15:00,25.5201,25.5215,25.469,25.485,1615,0
2017-11-16,21:20:00,25.53,25.53,25.53,25.53,100,0
2017-11-17,15:35:00,25.48,25.51,25.48,25.48,710,0
2017-11-17,15:40:00,25.51,25.51,25.48,25.48,16400,0
2017-11-17,15:45:00,25.47,25.48,25.3898,25.3898,12680,0
2017-11-17,16:00:00,25.39,25.39,25.39,25.39,35000,0
2017-11-17,16:05:00,25.39,25.39,25.37,25.37,598,0
2017-11-17,16:10:00,25.46,25.46,25.46,25.46,24200,0
2017-11-17,16:15:00,25.395,25.41,25.37,25.41,400,0
2017-11-17,16:30:00,25.39,25.39,25.39,25.39,900,0
2017-11-17,16:50:00,25.38,25.38,25.38,25.38,200,0
2017-11-17,16:55:00,25.39,25.39,25.39,25.39,789,0
