Date,Time,Open,High,Low,Close,Volume,OpenInt
2017-05-02,16:00:00,1.7,1.7,1.6,1.6,13920,0
2017-05-02,17:00:00,1.6,1.65,1.6,1.6,16699,0
2017-05-02,18:00:00,1.625,1.65,1.6,1.6252,27200,0
2017-05-02,19:00:00,1.6,1.6288,1.5,1.55,63810,0
2017-05-02,20:00:00,1.55,1.55,1.5,1.55,13817,0
2017-05-02,21:00:00,1.522,1.525,1.5,1.525,7300,0
2017-05-02,22:00:00,1.525,1.55,1.5,1.55,2726,0
2017-05-03,16:00:00,1.55,1.6,1.55,1.5835,19271,0
2017-05-03,17:00:00,1.555,1.595,1.55,1.55,6698,0
2017-05-03,18:00:00,1.575,1.6,1.55,1.575,9300,0
2017-05-03,20:00:00,1.575,1.575,1.575,1.575,880,0
2017-05-03,21:00:00,1.575,1.575,1.55,1.55,700,0
2017-05-03,22:00:00,1.575,1.575,1.55,1.55,7222,0
2017-05-04,16:00:00,1.55,1.555,1.55,1.55,11218,0
2017-05-04,17:00:00,1.55,1.58,1.55,1.55,23384,0
2017-05-04,18:00:00,1.55,1.6,1.5,1.584,36643,0
2017-05-04,19:00:00,1.55,1.55,1.55,1.55,300,0
2017-05-04,20:00:00,1.55,1.6,1.55,1.55,11100,0
2017-05-04,21:00:00,1.525,1.55,1.525,1.55,200,0
2017-05-04,22:00:00,1.55,1.55,1.5,1.5,11793,0
2017-05-05,16:00:00,1.5,1.5,1.5,1.5,708,0
2017-05-05,17:00:00,1.5227,1.5227,1.5227,1.5227,1000,0
2017-05-05,19:00:00,1.55,1.55,1.55,1.55,1307,0
2017-05-05,20:00:00,1.5227,1.5227,1.5227,1.5227,200,0
2017-05-05,21:00:00,1.505,1.525,1.5,1.525,710,0
2017-05-05,22:00:00,1.5,1.55,1.5,1.55,8626,0
2017-05-08,16:00:00,1.55,1.55,1.5,1.5,951,0
2017-05-08,17:00:00,1.5,1.55,1.5,1.5,2850,0
2017-05-08,18:00:00,1.545,1.6,1.5,1.575,28758,0
2017-05-08,19:00:00,1.575,1.575,1.575,1.575,200,0
2017-05-08,21:00:00,1.55,1.6,1.55,1.5766,8641,0
2017-05-08,22:00:00,1.575,1.6,1.55,1.575,16307,0
2017-05-09,16:00:00,1.6,1.65,1.6,1.65,3000,0
2017-05-09,17:00:00,1.6,1.6,1.55,1.55,1400,0
2017-05-09,18:00:00,1.5726,1.6,1.5726,1.6,1199,0
2017-05-09,19:00:00,1.5793,1.5793,1.55,1.55,9500,0
2017-05-09,20:00:00,1.55,1.57,1.55,1.55,1100,0
2017-05-09,22:00:00,1.55,1.6,1.55,1.6,1408,0
2017-05-10,16:00:00,1.55,1.5762,1.55,1.555,2720,0
2017-05-10,17:00:00,1.556,1.5761,1.55,1.55,10660,0
2017-05-10,18:00:00,1.575,1.575,1.55,1.575,2072,0
2017-05-10,19:00:00,1.55,1.55,1.55,1.55,100,0
2017-05-10,20:00:00,1.595,1.6,1.55,1.575,3000,0
2017-05-10,21:00:00,1.55,1.595,1.55,1.595,699,0
2017-05-10,22:00:00,1.6,1.6,1.55,1.579,12704,0
2017-05-11,16:00:00,1.5797,1.5797,1.55,1.55,600,0
2017-05-11,17:00:00,1.55,1.595,1.55,1.555,2142,0
2017-05-11,19:00:00,1.575,1.575,1.55,1.55,1400,0
2017-05-11,20:00:00,1.55,1.575,1.55,1.575,2200,0
2017-05-11,21:00:00,1.575,1.575,1.575,1.575,200,0
2017-05-12,16:00:00,1.6,1.605,1.555,1.5805,8273,0
2017-05-12,19:00:00,1.55,1.6,1.55,1.6,1499,0
2017-05-12,20:00:00,1.6,1.605,1.6,1.605,6130,0
2017-05-12,21:00:00,1.625,1.65,1.605,1.625,19200,0
2017-05-12,22:00:00,1.65,1.75,1.6,1.65,51107,0
2017-05-15,16:00:00,1.65,1.65,1.625,1.645,2707,0
2017-05-15,17:00:00,1.7,1.7,1.65,1.65,4047,0
2017-05-15,18:00:00,1.65,1.7,1.65,1.7,1000,0
2017-05-15,19:00:00,1.675,1.7,1.655,1.6983,27138,0
2017-05-15,21:00:00,1.7304,1.75,1.7,1.745,6630,0
2017-05-15,22:00:00,1.75,1.75,1.733,1.75,4073,0
2017-05-16,16:00:00,1.55,1.625,1.5,1.551,37716,0
2017-05-16,17:00:00,1.55,1.5512,1.5,1.55,36416,0
2017-05-16,18:00:00,1.55,1.55,1.5,1.5,6735,0
2017-05-16,19:00:00,1.55,1.55,1.525,1.55,2850,0
2017-05-16,20:00:00,1.5,1.545,1.5,1.545,1670,0
2017-05-16,21:00:00,1.55,1.55,1.5,1.55,11936,0
2017-05-16,22:00:00,1.512,1.55,1.5,1.5,4920,0
2017-05-17,16:00:00,1.5,1.525,1.5,1.5227,8519,0
2017-05-17,17:00:00,1.529,1.545,1.5,1.5,4057,0
2017-05-17,18:00:00,1.5,1.545,1.5,1.545,2418,0
2017-05-17,19:00:00,1.525,1.55,1.5,1.525,14735,0
2017-05-17,20:00:00,1.5,1.517,1.5,1.517,610,0
2017-05-17,21:00:00,1.5,1.55,1.5,1.5,4635,0
2017-05-17,22:00:00,1.5,1.55,1.5,1.5,25248,0
2017-05-18,16:00:00,1.5,1.525,1.5,1.525,2500,0
2017-05-18,17:00:00,1.525,1.525,1.5,1.5,1800,0
2017-05-18,18:00:00,1.525,1.55,1.5,1.5,1950,0
2017-05-18,19:00:00,1.525,1.525,1.525,1.525,300,0
2017-05-18,20:00:00,1.525,1.545,1.5,1.525,6095,0
2017-05-18,21:00:00,1.525,1.525,1.5,1.525,908,0
2017-05-18,22:00:00,1.525,1.55,1.5,1.5,16565,0
2017-05-19,16:00:00,1.5,1.51,1.5,1.51,31825,0
2017-05-19,17:00:00,1.5,1.5,1.45,1.45,27347,0
2017-05-19,18:00:00,1.5,1.55,1.495,1.505,39036,0
2017-05-19,19:00:00,1.55,1.55,1.525,1.525,1100,0
2017-05-19,20:00:00,1.55,1.55,1.5,1.55,1550,0
2017-05-19,21:00:00,1.55,1.55,1.5,1.55,4693,0
2017-05-19,22:00:00,1.5,1.55,1.5,1.55,1800,0
2017-05-22,16:00:00,1.5,1.55,1.5,1.5,20291,0
2017-05-22,17:00:00,1.525,1.525,1.5,1.525,3050,0
2017-05-22,18:00:00,1.525,1.525,1.525,1.525,400,0
2017-05-22,19:00:00,1.525,1.525,1.5,1.525,1600,0
2017-05-22,20:00:00,1.525,1.525,1.5,1.525,2450,0
2017-05-22,21:00:00,1.525,1.525,1.5,1.525,4255,0
2017-05-22,22:00:00,1.5,1.5,1.45,1.45,14368,0
2017-05-23,16:00:00,1.4765,1.5,1.46,1.5,13125,0
2017-05-23,17:00:00,1.52,1.5247,1.52,1.5247,215,0
2017-05-23,18:00:00,1.519,1.525,1.5,1.5,1000,0
2017-05-23,19:00:00,1.5,1.5,1.5,1.5,1400,0
2017-05-23,20:00:00,1.525,1.55,1.5,1.55,1750,0
2017-05-23,21:00:00,1.5,1.525,1.5,1.5,1337,0
2017-05-23,22:00:00,1.5,1.5,1.5,1.5,1200,0
2017-05-24,16:00:00,1.4978,1.4978,1.4978,1.4978,188,0
2017-05-24,17:00:00,1.46,1.5,1.46,1.5,2300,0
2017-05-24,20:00:00,1.5,1.5,1.5,1.5,200,0
2017-05-24,21:00:00,1.45,1.475,1.45,1.475,502,0
2017-05-24,22:00:00,1.5,1.5,1.45,1.45,1808,0
2017-05-25,16:00:00,1.5,1.5,1.45,1.45,2137,0
2017-05-25,17:00:00,1.4772,1.4772,1.45,1.45,1400,0
2017-05-25,18:00:00,1.45,1.4772,1.45,1.45,3150,0
2017-05-25,19:00:00,1.475,1.475,1.45,1.45,4050,0
2017-05-25,20:00:00,1.4756,1.4756,1.4756,1.4756,100,0
2017-05-25,21:00:00,1.475,1.5,1.45,1.45,2000,0
2017-05-25,22:00:00,1.462,1.462,1.45,1.45,800,0
2017-05-26,16:00:00,1.455,1.455,1.455,1.455,1990,0
2017-05-26,17:00:00,1.455,1.455,1.45,1.45,2200,0
2017-05-26,18:00:00,1.45,1.475,1.45,1.45,982,0
2017-05-26,19:00:00,1.45,1.475,1.45,1.475,605,0
2017-05-26,20:00:00,1.45,1.5,1.45,1.45,415,0
2017-05-26,22:00:00,1.5,1.5,1.45,1.45,4400,0
2017-05-30,17:00:00,1.4942,1.4942,1.4942,1.4942,300,0
2017-05-30,19:00:00,1.45,1.45,1.45,1.45,956,0
2017-05-30,20:00:00,1.5,1.5,1.5,1.5,450,0
2017-05-30,22:00:00,1.45,1.45,1.45,1.45,924,0
2017-05-31,16:00:00,1.45,1.45,1.45,1.45,200,0
2017-05-31,17:00:00,1.45,1.5,1.45,1.45,16481,0
2017-05-31,18:00:00,1.45,1.45,1.45,1.45,200,0
2017-05-31,19:00:00,1.5,1.5,1.45,1.45,3593,0
2017-05-31,20:00:00,1.455,1.455,1.45,1.45,2700,0
2017-05-31,22:00:00,1.5,1.5,1.4,1.4,3519,0
2017-06-01,16:00:00,1.45,1.45,1.45,1.45,100,0
2017-06-01,17:00:00,1.4,1.45,1.4,1.45,11424,0
2017-06-01,18:00:00,1.425,1.45,1.425,1.45,200,0
2017-06-01,19:00:00,1.425,1.45,1.4,1.45,30020,0
2017-06-01,20:00:00,1.45,1.45,1.4,1.45,1838,0
2017-06-01,21:00:00,1.405,1.45,1.4,1.45,5250,0
2017-06-01,22:00:00,1.45,1.45,1.4,1.4,1202,0
2017-06-02,16:00:00,1.4,1.45,1.4,1.4,6252,0
2017-06-02,18:00:00,1.4,1.4,1.4,1.4,2760,0
2017-06-02,22:00:00,1.4,1.4156,1.4,1.4,2366,0
2017-06-05,16:00:00,1.42,1.42,1.42,1.42,100,0
2017-06-05,17:00:00,1.405,1.45,1.4,1.45,6718,0
2017-06-05,18:00:00,1.419,1.419,1.419,1.419,1400,0
2017-06-05,19:00:00,1.405,1.445,1.35,1.35,9099,0
2017-06-05,20:00:00,1.4,1.4,1.4,1.4,2269,0
2017-06-05,21:00:00,1.395,1.4,1.35,1.375,6800,0
2017-06-05,22:00:00,1.375,1.4,1.35,1.35,16750,0
2017-06-06,16:00:00,1.35,1.4,1.35,1.35,3089,0
2017-06-06,17:00:00,1.35,1.35,1.35,1.35,5850,0
2017-06-06,18:00:00,1.375,1.375,1.375,1.375,1000,0
2017-06-06,19:00:00,1.375,1.4,1.375,1.4,900,0
2017-06-06,20:00:00,1.3771,1.4,1.35,1.35,4508,0
2017-06-06,21:00:00,1.35,1.4,1.35,1.4,3733,0
2017-06-06,22:00:00,1.35,1.4,1.35,1.35,11200,0
2017-06-07,16:00:00,1.35,1.35,1.35,1.35,5000,0
2017-06-07,17:00:00,1.375,1.4,1.35,1.35,8200,0
2017-06-07,18:00:00,1.355,1.375,1.35,1.375,5878,0
2017-06-07,20:00:00,1.3875,1.3875,1.35,1.35,3950,0
2017-06-07,21:00:00,1.355,1.355,1.3,1.3,22712,0
2017-06-07,22:00:00,1.305,1.35,1.3,1.3,8412,0
2017-06-08,16:00:00,1.35,1.35,1.35,1.35,1009,0
2017-06-08,18:00:00,1.323,1.35,1.323,1.323,4968,0
2017-06-08,19:00:00,1.35,1.35,1.35,1.35,736,0
2017-06-08,20:00:00,1.3,1.35,1.3,1.3,3941,0
2017-06-08,21:00:00,1.305,1.305,1.3,1.3,2500,0
2017-06-08,22:00:00,1.3,1.3,1.3,1.3,500,0
2017-06-09,16:00:00,1.3,1.35,1.3,1.35,4517,0
2017-06-09,17:00:00,1.35,1.35,1.325,1.325,8750,0
2017-06-09,18:00:00,1.327,1.327,1.3,1.3,9576,0
2017-06-09,19:00:00,1.3,1.3185,1.3,1.3185,7349,0
2017-06-09,20:00:00,1.325,1.325,1.3,1.3,1700,0
2017-06-09,21:00:00,1.35,1.35,1.35,1.35,148,0
2017-06-09,22:00:00,1.325,1.325,1.305,1.305,943,0
2017-06-12,16:00:00,1.3,1.3,1.2,1.25,43254,0
2017-06-12,17:00:00,1.25,1.25,1.225,1.25,17045,0
2017-06-12,18:00:00,1.22,1.25,1.22,1.25,12310,0
2017-06-12,19:00:00,1.225,1.25,1.2247,1.2247,4865,0
2017-06-12,20:00:00,1.2,1.25,1.2,1.25,2163,0
2017-06-12,21:00:00,1.25,1.25,1.245,1.245,2799,0
2017-06-12,22:00:00,1.225,1.225,1.2,1.2,2000,0
2017-06-13,16:00:00,1.25,1.25,1.2232,1.25,8920,0
2017-06-13,17:00:00,1.2,1.2232,1.2,1.2232,7050,0
2017-06-13,18:00:00,1.23,1.23,1.2279,1.2279,960,0
2017-06-13,20:00:00,1.2,1.25,1.2,1.25,8300,0
2017-06-13,21:00:00,1.25,1.25,1.25,1.25,1200,0
2017-06-13,22:00:00,1.25,1.25,1.2,1.25,3450,0
2017-06-14,18:00:00,1.25,1.3,1.25,1.25,7100,0
2017-06-14,19:00:00,1.25,1.3,1.25,1.25,1600,0
2017-06-14,21:00:00,1.255,1.255,1.25,1.25,4300,0
2017-06-15,16:00:00,1.25,1.25,1.25,1.25,200,0
2017-06-15,17:00:00,1.25,1.275,1.2,1.2,2111,0
2017-06-15,18:00:00,1.2,1.25,1.2,1.245,22100,0
2017-06-15,19:00:00,1.225,1.25,1.225,1.25,7100,0
2017-06-15,20:00:00,1.275,1.275,1.2,1.25,4971,0
2017-06-15,22:00:00,1.2795,1.3,1.25,1.3,2220,0
2017-06-16,16:00:00,1.25,1.25,1.25,1.25,1207,0
2017-06-16,17:00:00,1.3,1.3,1.15,1.2,32275,0
2017-06-16,18:00:00,1.175,1.25,1.15,1.2169,14263,0
2017-06-16,19:00:00,1.2149,1.2149,1.2,1.2,940,0
2017-06-16,20:00:00,1.2262,1.2262,1.2262,1.2262,100,0
2017-06-16,21:00:00,1.25,1.25,1.25,1.25,125,0
2017-06-16,22:00:00,1.25,1.25,1.25,1.25,100,0
2017-06-19,16:00:00,1.25,1.25,1.25,1.25,3625,0
2017-06-19,17:00:00,1.25,1.25,1.25,1.25,7688,0
2017-06-19,18:00:00,1.2262,1.2262,1.2262,1.2262,1000,0
2017-06-19,19:00:00,1.2,1.25,1.2,1.25,9400,0
2017-06-19,20:00:00,1.2252,1.2252,1.2252,1.2252,200,0
2017-06-19,21:00:00,1.2,1.2,1.2,1.2,150,0
2017-06-19,22:00:00,1.25,1.25,1.25,1.25,5600,0
2017-06-20,16:00:00,1.25,1.255,1.25,1.25,4325,0
2017-06-20,17:00:00,1.25,1.25,1.25,1.25,100,0
2017-06-20,18:00:00,1.275,1.275,1.25,1.25,4200,0
2017-06-20,19:00:00,1.295,1.3,1.25,1.25,1200,0
2017-06-20,21:00:00,1.3,1.3,1.25,1.3,1036,0
2017-06-20,22:00:00,1.275,1.3,1.25,1.25,7334,0
2017-06-21,16:00:00,1.25,1.255,1.205,1.205,11543,0
2017-06-21,17:00:00,1.25,1.25,1.25,1.25,3600,0
2017-06-21,18:00:00,1.25,1.255,1.25,1.25,19528,0
2017-06-21,19:00:00,1.275,1.3,1.25,1.275,2600,0
2017-06-21,20:00:00,1.275,1.275,1.275,1.275,200,0
2017-06-21,21:00:00,1.25,1.25,1.25,1.25,400,0
2017-06-21,22:00:00,1.2261,1.25,1.2,1.2382,10822,0
2017-06-22,16:00:00,1.2,1.25,1.2,1.23,751,0
2017-06-22,17:00:00,1.225,1.225,1.225,1.225,9800,0
2017-06-22,18:00:00,1.25,1.25,1.245,1.245,2720,0
2017-06-22,19:00:00,1.25,1.3,1.25,1.25,2897,0
2017-06-22,20:00:00,1.25,1.3,1.2,1.25,4756,0
2017-06-22,21:00:00,1.205,1.25,1.2,1.225,3880,0
2017-06-22,22:00:00,1.225,1.225,1.2,1.2,1200,0
2017-06-23,16:00:00,1.25,1.25,1.25,1.25,750,0
2017-06-23,17:00:00,1.25,1.25,1.25,1.25,1250,0
2017-06-23,18:00:00,1.2427,1.25,1.2427,1.25,439,0
2017-06-23,19:00:00,1.25,1.3,1.25,1.275,2061,0
2017-06-23,20:00:00,1.275,1.3,1.25,1.25,5900,0
2017-06-23,21:00:00,1.2734,1.2734,1.219,1.25,27040,0
2017-06-23,22:00:00,1.2,1.3,1.2,1.2,14140,0
2017-06-26,17:00:00,1.2634,1.2634,1.25,1.25,3120,0
2017-06-26,18:00:00,1.25,1.25,1.25,1.25,100,0
2017-06-26,19:00:00,1.25,1.255,1.25,1.25,2397,0
2017-06-26,20:00:00,1.255,1.3,1.25,1.25,11220,0
2017-06-26,21:00:00,1.3,1.3,1.25,1.255,16405,0
2017-06-26,22:00:00,1.25,1.3,1.25,1.2769,12169,0
2017-06-27,16:00:00,1.25,1.2518,1.245,1.245,855,0
2017-06-27,17:00:00,1.2,1.3,1.2,1.3,46072,0
2017-06-27,18:00:00,1.25,1.275,1.25,1.25,3810,0
2017-06-27,19:00:00,1.295,1.3,1.25,1.275,3100,0
2017-06-27,20:00:00,1.25,1.25,1.25,1.25,650,0
2017-06-27,22:00:00,1.3,1.3,1.25,1.3,3719,0
2017-06-28,16:00:00,1.295,1.3,1.25,1.25,851,0
2017-06-28,17:00:00,1.255,1.2795,1.255,1.2795,2500,0
2017-06-28,18:00:00,1.25,1.3,1.25,1.25,5448,0
2017-06-28,19:00:00,1.3,1.3,1.25,1.25,3323,0
2017-06-28,22:00:00,1.275,1.275,1.275,1.275,100,0
2017-06-29,16:00:00,1.25,1.275,1.25,1.25,1906,0
2017-06-29,17:00:00,1.25,1.3,1.25,1.25,5404,0
2017-06-29,19:00:00,1.25,1.25,1.25,1.25,240,0
2017-06-29,20:00:00,1.2769,1.2769,1.2769,1.2769,100,0
2017-06-29,21:00:00,1.25,1.295,1.25,1.25,3066,0
2017-06-29,22:00:00,1.3,1.3,1.25,1.25,200,0
2017-06-30,16:00:00,1.295,1.3,1.25,1.25,646,0
2017-06-30,17:00:00,1.25,1.2769,1.25,1.2769,1225,0
2017-06-30,18:00:00,1.25,1.25,1.25,1.25,400,0
2017-06-30,19:00:00,1.3,1.3,1.25,1.25,4050,0
2017-06-30,20:00:00,1.25,1.25,1.25,1.25,100,0
2017-06-30,21:00:00,1.25,1.3,1.25,1.25,2000,0
2017-06-30,22:00:00,1.25,1.275,1.25,1.25,1200,0
2017-07-03,16:00:00,1.3,1.3,1.25,1.25,3727,0
2017-07-03,17:00:00,1.25,1.275,1.25,1.25,1010,0
2017-07-03,18:00:00,1.282,1.3,1.25,1.25,10700,0
2017-07-03,19:00:00,1.25,1.275,1.25,1.25,1100,0
2017-07-05,16:00:00,1.2,1.25,1.2,1.2,12665,0
2017-07-05,17:00:00,1.233,1.25,1.2,1.2,56381,0
2017-07-05,18:00:00,1.2,1.25,1.2,1.2,12594,0
2017-07-05,19:00:00,1.2,1.25,1.2,1.25,13700,0
2017-07-05,20:00:00,1.225,1.25,1.2,1.2,4480,0
2017-07-05,21:00:00,1.2,1.225,1.2,1.225,4100,0
2017-07-05,22:00:00,1.2249,1.25,1.2,1.2,11970,0
2017-07-06,16:00:00,1.25,1.25,1.25,1.25,320,0
2017-07-06,17:00:00,1.2,1.2,1.2,1.2,11700,0
2017-07-06,18:00:00,1.2,1.2,1.2,1.2,2500,0
2017-07-06,19:00:00,1.2,1.2,1.2,1.2,25507,0
2017-07-06,20:00:00,1.195,1.2,1.175,1.2,25950,0
2017-07-06,21:00:00,1.168,1.2,1.168,1.1882,20036,0
2017-07-06,22:00:00,1.175,1.175,1.175,1.175,100,0
2017-07-07,16:00:00,1.2,1.2,1.15,1.15,5451,0
2017-07-07,17:00:00,1.2,1.2,1.15,1.2,11452,0
2017-07-07,18:00:00,1.2,1.2,1.15,1.2,4400,0
2017-07-07,19:00:00,1.2,1.2,1.15,1.15,18366,0
2017-07-07,20:00:00,1.2,1.2,1.15,1.2,852,0
2017-07-07,21:00:00,1.175,1.2,1.15,1.2,3650,0
2017-07-07,22:00:00,1.15,1.2,1.15,1.2,3352,0
2017-07-10,16:00:00,1.2,1.245,1.2,1.2,19039,0
2017-07-10,17:00:00,1.205,1.205,1.15,1.2,31258,0
2017-07-10,18:00:00,1.2,1.2,1.15,1.15,8500,0
2017-07-10,19:00:00,1.2,1.2,1.195,1.2,39100,0
2017-07-10,20:00:00,1.195,1.2,1.195,1.2,1125,0
2017-07-10,21:00:00,1.2,1.2,1.15,1.2,9700,0
2017-07-10,22:00:00,1.2,1.2,1.15,1.2,5857,0
2017-07-11,16:00:00,1.2,1.205,1.2,1.205,12647,0
2017-07-11,17:00:00,1.2126,1.25,1.2,1.2,31971,0
2017-07-11,18:00:00,1.2,1.225,1.2,1.2,6300,0
2017-07-11,19:00:00,1.2,1.225,1.2,1.2,869,0
2017-07-11,20:00:00,1.2,1.25,1.15,1.2,14971,0
2017-07-11,21:00:00,1.175,1.2,1.15,1.15,14176,0
2017-07-11,22:00:00,1.15,1.2,1.15,1.15,27229,0
2017-07-12,16:00:00,1.2,1.2,1.2,1.2,183,0
2017-07-12,18:00:00,1.15,1.2,1.15,1.2,1700,0
2017-07-12,19:00:00,1.175,1.2,1.15,1.15,3150,0
2017-07-12,20:00:00,1.175,1.2,1.15,1.15,1971,0
2017-07-12,21:00:00,1.2,1.2,1.15,1.15,13100,0
2017-07-12,22:00:00,1.175,1.175,1.15,1.175,5661,0
2017-07-13,16:00:00,1.2,1.2,1.2,1.2,651,0
2017-07-13,17:00:00,1.15,1.2,1.15,1.2,6754,0
2017-07-13,18:00:00,1.195,1.2,1.15,1.15,31412,0
2017-07-13,20:00:00,1.15,1.2,1.15,1.175,31700,0
2017-07-13,21:00:00,1.195,1.25,1.195,1.2,30357,0
2017-07-13,22:00:00,1.2,1.2,1.15,1.2,2200,0
2017-07-14,16:00:00,1.2,1.2,1.2,1.2,1791,0
2017-07-14,17:00:00,1.2,1.225,1.195,1.225,17673,0
2017-07-14,18:00:00,1.225,1.225,1.225,1.225,100,0
2017-07-14,19:00:00,1.2,1.21,1.15,1.17,19983,0
2017-07-14,20:00:00,1.175,1.175,1.175,1.175,100,0
2017-07-14,21:00:00,1.15,1.178,1.15,1.178,11149,0
2017-07-14,22:00:00,1.15,1.2,1.15,1.15,6100,0
2017-07-17,16:00:00,1.15,1.2,1.15,1.2,2638,0
2017-07-17,17:00:00,1.15,1.2,1.15,1.2,3750,0
2017-07-17,18:00:00,1.15,1.2,1.15,1.175,16690,0
2017-07-17,19:00:00,1.195,1.2,1.15,1.15,6397,0
2017-07-17,20:00:00,1.175,1.2,1.15,1.175,54554,0
2017-07-17,21:00:00,1.175,1.2,1.175,1.2,1809,0
2017-07-17,22:00:00,1.175,1.175,1.15,1.15,900,0
2017-07-18,16:00:00,1.2,1.2,1.15,1.15,11504,0
2017-07-18,17:00:00,1.195,1.2,1.15,1.15,5100,0
2017-07-18,18:00:00,1.2,1.2,1.15,1.15,7865,0
2017-07-18,19:00:00,1.2,1.2,1.15,1.175,1500,0
2017-07-18,20:00:00,1.2,1.2,1.15,1.15,33251,0
2017-07-18,21:00:00,1.2,1.2,1.175,1.175,5495,0
2017-07-18,22:00:00,1.175,1.2,1.15,1.15,9064,0
2017-07-19,16:00:00,1.2,1.2,1.2,1.2,204,0
2017-07-19,17:00:00,1.175,1.175,1.15,1.15,10487,0
2017-07-19,18:00:00,1.15,1.2,1.15,1.15,20804,0
2017-07-19,19:00:00,1.2,1.2,1.15,1.15,30900,0
2017-07-19,20:00:00,1.2,1.2,1.2,1.2,250,0
2017-07-19,21:00:00,1.2,1.2,1.15,1.175,21935,0
2017-07-19,22:00:00,1.2,1.2,1.15,1.15,36360,0
2017-07-20,16:00:00,1.15,1.2,1.15,1.177,1147,0
2017-07-20,18:00:00,1.195,1.2,1.15,1.175,5920,0
2017-07-20,19:00:00,1.2,1.2,1.15,1.171,11840,0
2017-07-20,20:00:00,1.175,1.2,1.15,1.15,3950,0
2017-07-20,21:00:00,1.175,1.2,1.15,1.15,7800,0
2017-07-20,22:00:00,1.15,1.2,1.15,1.15,69119,0
2017-07-21,16:00:00,1.2,1.2,1.15,1.15,2496,0
2017-07-21,17:00:00,1.2,1.2,1.15,1.15,5960,0
2017-07-21,20:00:00,1.2,1.2,1.15,1.15,36057,0
2017-07-21,21:00:00,1.15,1.2,1.15,1.15,48470,0
2017-07-21,22:00:00,1.2,1.2,1.15,1.2,19866,0
2017-07-24,16:00:00,1.2,1.2,1.2,1.2,2076,0
2017-07-24,17:00:00,1.2,1.2,1.15,1.15,10965,0
2017-07-24,18:00:00,1.175,1.2,1.15,1.175,4135,0
2017-07-24,20:00:00,1.2,1.2,1.2,1.2,100,0
2017-07-24,21:00:00,1.175,1.2,1.15,1.15,8008,0
2017-07-24,22:00:00,1.1875,1.2,1.15,1.175,12006,0
2017-07-25,16:00:00,1.15,1.2,1.15,1.2,1800,0
2017-07-25,17:00:00,1.155,1.175,1.15,1.15,17050,0
2017-07-25,18:00:00,1.175,1.2,1.15,1.175,1741,0
2017-07-25,19:00:00,1.175,1.175,1.175,1.175,100,0
2017-07-25,21:00:00,1.172,1.175,1.15,1.175,1100,0
2017-07-25,22:00:00,1.2,1.2,1.15,1.15,6781,0
2017-07-26,16:00:00,1.2,1.2,1.15,1.15,2020,0
2017-07-26,17:00:00,1.15,1.15,1.15,1.15,1400,0
2017-07-26,19:00:00,1.2,1.2,1.15,1.15,450,0
2017-07-26,20:00:00,1.175,1.2,1.15,1.2,4232,0
2017-07-26,21:00:00,1.175,1.175,1.15,1.175,8750,0
2017-07-26,22:00:00,1.155,1.2,1.15,1.2,19806,0
2017-07-27,16:00:00,1.15,1.1768,1.15,1.15,10717,0
2017-07-27,17:00:00,1.15,1.175,1.15,1.15,2800,0
2017-07-27,19:00:00,1.175,1.175,1.15,1.15,2888,0
2017-07-27,22:00:00,1.15,1.195,1.15,1.15,6153,0
2017-07-28,16:00:00,1.15,1.2,1.15,1.15,5240,0
2017-07-28,17:00:00,1.15,1.15,1.15,1.15,549,0
2017-07-28,18:00:00,1.15,1.2,1.15,1.15,25946,0
2017-07-28,19:00:00,1.15,1.2,1.1,1.1,22477,0
2017-07-28,20:00:00,1.125,1.15,1.1,1.1,7780,0
2017-07-28,21:00:00,1.15,1.15,1.1,1.125,4142,0
2017-07-28,22:00:00,1.145,1.15,1.1,1.15,4200,0
2017-07-31,16:00:00,1.15,1.15,1.1,1.1,2740,0
2017-07-31,17:00:00,1.1,1.15,1.1,1.1,8412,0
2017-07-31,18:00:00,1.105,1.125,1.1,1.1,2860,0
2017-07-31,21:00:00,1.105,1.125,1.1,1.1,5943,0
2017-07-31,22:00:00,1.1,1.15,1.1,1.1,2452,0
2017-08-01,16:00:00,1.1,1.15,1.1,1.125,19244,0
2017-08-01,17:00:00,1.1,1.125,1.05,1.075,56612,0
2017-08-01,18:00:00,1.075,1.1,1.05,1.05,4800,0
2017-08-01,19:00:00,1.1,1.1,1.05,1.075,5242,0
2017-08-01,20:00:00,1.1,1.1,1.075,1.1,2600,0
2017-08-01,21:00:00,1.1,1.1,1.05,1.1,2300,0
2017-08-01,22:00:00,1.075,1.1,1,1,84141,0
2017-08-02,16:00:00,1.05,1.05,1.05,1.05,415,0
2017-08-02,17:00:00,1.05,1.05,1,1,700,0
2017-08-02,18:00:00,1,1,1,1,550,0
2017-08-02,20:00:00,1.0265,1.0265,0.9,0.95,52279,0
2017-08-02,21:00:00,0.9,0.95,0.9,0.9,13145,0
2017-08-02,22:00:00,0.925,0.925,0.85,0.8737,36620,0
2017-08-03,16:00:00,0.95,0.95,0.8738,0.885,20744,0
2017-08-03,17:00:00,0.8836,0.9,0.8836,0.8901,31822,0
2017-08-03,18:00:00,0.89,0.95,0.89,0.9,36161,0
2017-08-03,19:00:00,0.9001,0.94,0.9,0.9201,12626,0
2017-08-03,20:00:00,0.94,0.95,0.9201,0.9301,10499,0
2017-08-03,21:00:00,0.9301,0.9931,0.9301,0.9302,11660,0
2017-08-03,22:00:00,0.9301,0.98,0.9301,0.978214,23220,0
2017-08-04,16:00:00,1,1,0.9,0.9228,14284,0
2017-08-04,17:00:00,0.95,1,0.93,1,29918,0
2017-08-04,18:00:00,0.9736,0.9736,0.94,0.95,21650,0
2017-08-04,19:00:00,0.9572,0.9699,0.95,0.95,10149,0
2017-08-04,20:00:00,0.97,0.97,0.95,0.97,8663,0
2017-08-04,21:00:00,0.97,1,0.97,0.98,9954,0
2017-08-04,22:00:00,1,1.04,0.9501,0.9501,45274,0
2017-08-07,16:00:00,1,1.04,0.9856,0.9856,5374,0
2017-08-07,17:00:00,1,1.02,1,1,8990,0
2017-08-07,19:00:00,0.97,0.97,0.95,0.95,11786,0
2017-08-07,20:00:00,0.9504,0.9507,0.95,0.95,2100,0
2017-08-07,21:00:00,0.9547,0.9549,0.9101,0.92,17100,0
2017-08-07,22:00:00,0.9429,0.9429,0.9156,0.92,6000,0
2017-08-08,16:00:00,0.9236,0.9236,0.9236,0.9236,371,0
2017-08-08,17:00:00,0.9239,0.9474,0.9239,0.9361,4613,0
2017-08-08,18:00:00,0.9243,0.9499,0.9243,0.9499,488,0
2017-08-08,19:00:00,0.9499,0.95,0.9244,0.9401,17565,0
2017-08-08,20:00:00,0.975,0.975,0.95,0.95,2300,0
2017-08-08,21:00:00,0.9501,0.96,0.95,0.9501,1810,0
2017-08-08,22:00:00,0.9601,0.9699,0.95,0.95,5573,0
2017-08-09,16:00:00,0.98,0.98,0.95,0.95,588,0
2017-08-09,17:00:00,0.929159,0.93,0.9101,0.9299,3430,0
2017-08-09,18:00:00,0.93,0.93,0.91,0.9102,7283,0
2017-08-09,19:00:00,0.92,0.93,0.9103,0.92,1900,0
2017-08-09,21:00:00,0.9155,0.9155,0.9154,0.9155,1000,0
2017-08-09,22:00:00,0.9153,0.9154,0.9101,0.9101,508,0
2017-08-10,16:00:00,0.91,0.91,0.91,0.91,259,0
2017-08-10,17:00:00,0.91,0.91,0.9,0.9,4086,0
2017-08-10,18:00:00,0.9001,0.91,0.9,0.9,4000,0
2017-08-10,19:00:00,0.906,0.9074,0.9,0.9,6380,0
2017-08-10,20:00:00,0.9,0.9083,0.89,0.89,8700,0
2017-08-10,21:00:00,0.899099,0.9,0.893779,0.8999,3000,0
2017-08-10,22:00:00,0.9,0.91,0.8801,0.8801,26276,0
2017-08-11,16:00:00,0.88,0.88,0.88,0.88,600,0
2017-08-11,17:00:00,0.9,0.9,0.88,0.8818,2862,0
2017-08-11,18:00:00,0.8886,0.9,0.88,0.9,6050,0
2017-08-11,19:00:00,0.9,0.9,0.9,0.9,700,0
2017-08-11,20:00:00,0.9,0.92,0.8999,0.9,14308,0
2017-08-11,21:00:00,0.9099,0.97,0.9001,0.9524,11391,0
2017-08-11,22:00:00,0.95,1.05,0.95,1,21702,0
2017-08-14,16:00:00,1,1,0.9762,0.9762,3243,0
2017-08-14,17:00:00,0.9607,0.9607,0.9607,0.9607,109,0
2017-08-14,18:00:00,0.999,1.0199,0.999,1.0199,5857,0
2017-08-14,19:00:00,1,1.0001,0.9963,1,11884,0
2017-08-14,20:00:00,1.005,1.005,1,1,2838,0
2017-08-14,21:00:00,1,1.01,1,1,6200,0
2017-08-14,22:00:00,1,1.03,0.9999,1.03,7118,0
2017-08-15,16:00:00,1.04,1.04,1,1,1775,0
2017-08-15,17:00:00,0.9522,0.9966,0.9522,0.9966,1500,0
2017-08-15,18:00:00,0.95,1,0.95,0.9963,7225,0
2017-08-15,19:00:00,0.9524,0.9999,0.9512,0.9512,901,0
2017-08-15,20:00:00,0.9715,0.9715,0.9715,0.9715,500,0
2017-08-15,21:00:00,0.975,1,0.9735,1,2730,0
2017-08-16,16:00:00,1,1,0.95,0.9627,1313,0
2017-08-16,17:00:00,0.9528,1,0.9528,0.99,1000,0
2017-08-16,18:00:00,0.9735,1,0.9735,1,5700,0
2017-08-16,19:00:00,0.9915,1,0.9915,1,1500,0
2017-08-16,20:00:00,0.9915,1.04,0.9915,1,18124,0
2017-08-16,21:00:00,1.025,1.04,1,1,700,0
2017-08-16,22:00:00,1.02,1.05,1,1.03,5700,0
2017-08-17,16:00:00,1.05,1.0899,1.05,1.07,5196,0
2017-08-17,17:00:00,1.0789,1.0789,1.07,1.07,2900,0
2017-08-17,18:00:00,1.075,1.0795,1.05,1.05,39134,0
2017-08-17,19:00:00,1.06,1.0801,1.06,1.08,13996,0
2017-08-17,20:00:00,1.081,1.0837,1.05,1.05,22758,0
2017-08-17,22:00:00,1.0699,1.08,1.05,1.0501,22507,0
2017-08-18,16:00:00,1.065,1.065,1.065,1.065,400,0
2017-08-18,17:00:00,1.08,1.08,1.0001,1.08,14646,0
2017-08-18,18:00:00,1.05,1.05,1.05,1.05,750,0
2017-08-18,19:00:00,1.07,1.07,1.07,1.07,1919,0
2017-08-18,21:00:00,1.02,1.05,1,1,13531,0
2017-08-18,22:00:00,1.01,1.05,1,1.05,13959,0
2017-08-21,16:00:00,1,1.01,1,1,4441,0
2017-08-21,17:00:00,1,1,1,1,1200,0
2017-08-21,19:00:00,1,1,1,1,194,0
2017-08-21,21:00:00,0.999,1,0.99,0.9935,5612,0
2017-08-22,16:00:00,1,1,0.975,0.975,3836,0
2017-08-22,18:00:00,0.9796,0.9796,0.9796,0.9796,4394,0
2017-08-22,19:00:00,1,1,1,1,400,0
2017-08-22,21:00:00,0.96,0.9685,0.95,0.959169,11200,0
2017-08-22,22:00:00,0.9599,0.96,0.95,0.95,6850,0
2017-08-23,16:00:00,0.99,0.99,0.95,0.95,1173,0
2017-08-23,17:00:00,0.97,0.97,0.97,0.97,1035,0
2017-08-23,18:00:00,0.8678,1,0.8645,0.8645,4366,0
2017-08-23,20:00:00,0.9584,1,0.94,1,7050,0
2017-08-23,21:00:00,1,1,0.97,0.98,1406,0
2017-08-23,22:00:00,0.97,0.97,0.92,0.92,1610,0
2017-08-24,16:00:00,0.96,0.96,0.9301,0.948746,7650,0
2017-08-24,17:00:00,0.9401,0.99,0.9,0.95,42216,0
2017-08-24,18:00:00,0.9665,0.9665,0.9665,0.9665,100,0
2017-08-24,19:00:00,0.9689,0.9694,0.9251,0.963,600,0
2017-08-24,20:00:00,0.988,0.994,0.988,0.994,450,0
2017-08-24,21:00:00,0.988,0.988,0.982,0.982,300,0
2017-08-24,22:00:00,0.98,0.98,0.94,0.9799,1300,0
2017-08-25,16:00:00,1,1,0.9586,0.96,3908,0
2017-08-25,17:00:00,0.9601,0.9601,0.96,0.96,300,0
2017-08-25,18:00:00,0.998,0.998,0.9601,0.9601,2032,0
2017-08-25,19:00:00,0.9624,0.9624,0.96,0.96,5570,0
2017-08-25,20:00:00,0.9679,0.968,0.96,0.96,10467,0
2017-08-25,21:00:00,0.9456,0.9647,0.91,0.9445,21141,0
2017-08-25,22:00:00,0.9517,0.97,0.92,0.9487,23025,0
2017-08-28,16:00:00,0.95,0.9501,0.9436,0.9501,3695,0
2017-08-28,17:00:00,0.952,0.955,0.9,0.945,18700,0
2017-08-28,19:00:00,0.95,0.95,0.9,0.9,2732,0
2017-08-28,20:00:00,0.9287,0.9287,0.91,0.915,11250,0
2017-08-28,21:00:00,0.9288,0.9288,0.9,0.9001,17885,0
2017-08-28,22:00:00,0.9089,0.95,0.9002,0.95,36272,0
2017-08-29,16:00:00,0.95,0.99,0.94,0.9401,22571,0
2017-08-29,17:00:00,0.95,0.965,0.95,0.965,19969,0
2017-08-29,18:00:00,0.9672,0.9672,0.965,0.965,701,0
2017-08-29,19:00:00,0.9899,0.9899,0.95,0.95,1923,0
2017-08-29,20:00:00,0.99,1,0.99,0.99,23362,0
2017-08-29,21:00:00,0.99,0.99,0.99,0.99,10152,0
2017-08-29,22:00:00,0.995,1,0.99,0.99,5055,0
2017-08-30,16:00:00,0.991,0.996,0.991,0.9911,4870,0
2017-08-30,17:00:00,0.9955,1,0.98,0.98,36389,0
2017-08-30,18:00:00,0.9501,0.97,0.95,0.95,1000,0
2017-08-30,19:00:00,0.96,0.97,0.953,0.953,2500,0
2017-08-30,20:00:00,0.973081,0.973081,0.973081,0.973081,1000,0
2017-08-30,21:00:00,0.9765,0.9765,0.953,0.953,11000,0
2017-08-31,16:00:00,0.953,0.99,0.953,0.99,4400,0
2017-08-31,17:00:00,0.99,1,0.9531,0.9601,33082,0
2017-08-31,18:00:00,0.9799,0.98,0.96,0.98,11500,0
2017-08-31,19:00:00,0.9781,0.9781,0.9781,0.9781,1200,0
2017-08-31,20:00:00,0.978,0.978,0.965,0.965,300,0
2017-08-31,21:00:00,0.9667,0.9725,0.94,0.94,19345,0
2017-08-31,22:00:00,0.94,0.95,0.935,0.935,2658,0
2017-09-01,17:00:00,0.9535,0.96,0.9535,0.96,1500,0
2017-09-01,18:00:00,0.95,0.96,0.95,0.9507,7063,0
2017-09-01,19:00:00,0.9526,0.9536,0.9526,0.9536,600,0
2017-09-01,20:00:00,0.9419,0.95,0.9419,0.95,350,0
2017-09-01,21:00:00,0.9549,0.98,0.9502,0.98,3388,0
2017-09-01,22:00:00,0.96,0.98,0.96,0.98,2400,0
2017-09-05,16:00:00,0.98,0.98,0.9615,0.9615,1096,0
2017-09-05,17:00:00,0.9615,0.99,0.9615,0.98,1100,0
2017-09-05,18:00:00,0.98,0.99,0.9301,0.94,30990,0
2017-09-05,19:00:00,0.95,0.98,0.94,0.98,800,0
2017-09-05,20:00:00,0.98,0.99,0.9405,0.989,2416,0
2017-09-05,21:00:00,0.989,0.989,0.95,0.9521,7749,0
2017-09-05,22:00:00,0.96,0.989,0.96,0.98,2009,0
2017-09-06,16:00:00,0.9698,0.98,0.9698,0.98,228,0
2017-09-06,17:00:00,0.98,0.98,0.9401,0.9401,800,0
2017-09-06,18:00:00,0.9554,0.98,0.921,0.9608,16226,0
2017-09-06,19:00:00,0.94,0.969,0.94,0.95,1606,0
2017-09-06,20:00:00,0.969,0.969,0.95,0.95,4600,0
2017-09-06,21:00:00,0.9501,0.9592,0.94,0.94,2904,0
2017-09-06,22:00:00,0.94,0.969,0.9251,0.969,2423,0
2017-09-07,16:00:00,0.99,0.99,0.9301,0.9498,3042,0
2017-09-07,17:00:00,0.94,0.95,0.94,0.94,2873,0
2017-09-07,18:00:00,0.94,0.965,0.9301,0.965,2735,0
2017-09-07,19:00:00,0.965,0.9689,0.955,0.955,800,0
2017-09-07,20:00:00,0.97,0.97,0.9423,0.95,800,0
2017-09-07,21:00:00,0.9501,0.96,0.95,0.96,500,0
2017-09-07,22:00:00,0.96,0.96,0.94,0.96,1100,0
2017-09-08,16:00:00,0.96,0.96,0.96,0.96,100,0
2017-09-08,17:00:00,0.98,0.98,0.9401,0.95,2765,0
2017-09-08,18:00:00,0.96,0.96,0.94,0.95,6181,0
2017-09-08,19:00:00,0.9599,0.9599,0.93,0.9599,33435,0
2017-09-08,20:00:00,0.95,0.9599,0.95,0.9599,300,0
2017-09-08,21:00:00,0.9598,0.9599,0.9598,0.9599,400,0
2017-09-08,22:00:00,0.9599,0.96,0.95,0.96,4410,0
2017-09-11,16:00:00,0.96,0.96,0.96,0.96,100,0
2017-09-11,17:00:00,0.9599,0.96,0.95,0.96,1825,0
2017-09-11,18:00:00,0.95,0.96,0.95,0.9503,5679,0
2017-09-11,19:00:00,0.9539,0.96,0.9539,0.9556,500,0
2017-09-11,20:00:00,0.96,0.96,0.9571,0.96,1100,0
2017-09-11,21:00:00,0.9575,0.96,0.957,0.96,9900,0
2017-09-11,22:00:00,0.96,0.96,0.9555,0.96,10700,0
2017-09-12,16:00:00,0.95,0.9502,0.95,0.9502,285,0
2017-09-12,17:00:00,0.96,0.97,0.95,0.95,1809,0
2017-09-12,18:00:00,0.97,1.01,0.9641,0.9811,136089,0
2017-09-12,19:00:00,0.9987,0.9987,0.9811,0.9845,8899,0
2017-09-12,20:00:00,0.998,1.01,0.9845,0.99,46752,0
2017-09-12,21:00:00,0.9851,0.99,0.9844,0.99,9000,0
2017-09-12,22:00:00,0.9897,1.01,0.9897,0.997,29459,0
2017-09-13,16:00:00,0.997,1.0075,0.9801,0.9801,19231,0
2017-09-13,17:00:00,0.9901,0.9901,0.97,0.9845,8577,0
2017-09-13,18:00:00,0.98,0.989,0.98,0.989,6750,0
2017-09-13,19:00:00,0.9801,0.989,0.9801,0.9872,2400,0
2017-09-13,20:00:00,0.9801,0.989,0.9801,0.989,1100,0
2017-09-13,21:00:00,0.989,0.989,0.9877,0.988,3700,0
2017-09-13,22:00:00,0.9889,1,0.9707,1,5681,0
2017-09-14,16:00:00,1,1,0.9947,0.9947,740,0
2017-09-14,17:00:00,0.9987,0.999,0.9943,0.998,12100,0
2017-09-14,18:00:00,0.998,0.998,0.9938,0.998,3400,0
2017-09-14,19:00:00,0.998,0.998,0.9979,0.998,2036,0
2017-09-14,20:00:00,0.998,0.999,0.9979,0.999,8420,0
2017-09-14,21:00:00,0.9987,0.999,0.9987,0.999,1600,0
2017-09-14,22:00:00,0.999,1,0.9911,0.9926,27400,0
2017-09-15,16:00:00,1,1,0.9927,0.9928,8621,0
2017-09-15,17:00:00,1,1.01,0.9993,1.005,13026,0
2017-09-15,18:00:00,1.01,1.01,1,1.006,11945,0
2017-09-15,19:00:00,1.01,1.01,1,1.005,4158,0
2017-09-15,20:00:00,1.01,1.04,1,1.04,87621,0
2017-09-15,21:00:00,1.04,1.08,1.03,1.06,59622,0
2017-09-15,22:00:00,1.0537,1.07,0.95,0.95,41494,0
2017-09-18,16:00:00,1.02,1.02,1.02,1.02,250,0
2017-09-18,17:00:00,0.99,0.99,0.953,0.9531,20743,0
2017-09-18,18:00:00,0.953,0.98,0.9,0.9201,96934,0
2017-09-18,19:00:00,0.9277,0.95,0.88,0.95,53196,0
2017-09-18,20:00:00,0.94,0.94,0.94,0.94,200,0
2017-09-18,21:00:00,0.94,0.965,0.94,0.9501,1300,0
2017-09-18,22:00:00,0.9505,0.99,0.94,0.95,3100,0
2017-09-19,16:00:00,0.92,0.9681,0.92,0.9681,2828,0
2017-09-19,17:00:00,0.9731,0.978,0.9,0.9399,14241,0
2017-09-19,18:00:00,0.94,0.96,0.9109,0.9228,16153,0
2017-09-19,19:00:00,0.9534,0.9577,0.93,0.93,4709,0
2017-09-19,20:00:00,0.9389,0.9548,0.9231,0.9532,2800,0
2017-09-19,21:00:00,0.9548,0.9548,0.9301,0.95,1450,0
2017-09-19,22:00:00,0.9548,0.9548,0.923,0.94,30753,0
2017-09-20,16:00:00,0.9431,0.95,0.923,0.9324,1408,0
2017-09-20,17:00:00,0.9,0.9296,0.9,0.92,15392,0
2017-09-20,18:00:00,0.91,0.92,0.91,0.92,330,0
2017-09-20,19:00:00,0.911,0.93,0.911,0.92,8421,0
2017-09-20,20:00:00,0.92,0.92,0.92,0.92,450,0
2017-09-20,21:00:00,0.91,0.9168,0.9,0.9168,18877,0
2017-09-20,22:00:00,0.9195,0.9197,0.91,0.9159,8400,0
2017-09-21,16:00:00,0.94,0.94,0.9101,0.9125,2997,0
2017-09-21,17:00:00,0.92,0.92,0.9,0.9027,12946,0
2017-09-21,18:00:00,0.9001,0.92,0.9001,0.92,5345,0
2017-09-21,19:00:00,0.92,0.92,0.905,0.91,7204,0
2017-09-21,20:00:00,0.9,0.91,0.9,0.9082,1235,0
2017-09-21,21:00:00,0.9,0.9,0.9,0.9,212,0
2017-09-22,16:00:00,0.9051,0.92,0.9,0.92,17868,0
2017-09-22,17:00:00,0.92,0.92,0.9,0.9119,13100,0
2017-09-22,18:00:00,0.92,0.92,0.9001,0.9118,3550,0
2017-09-22,19:00:00,0.9,0.906,0.9,0.906,1952,0
2017-09-22,20:00:00,0.9007,0.92,0.9007,0.9107,3403,0
2017-09-22,21:00:00,0.9111,0.9111,0.9,0.9,3100,0
2017-09-22,22:00:00,0.9001,0.91,0.9,0.91,4806,0
2017-09-25,16:00:00,0.9,0.92,0.9,0.91,1287,0
2017-09-25,17:00:00,0.9001,0.9051,0.9001,0.9002,1615,0
2017-09-25,18:00:00,0.91,0.91,0.91,0.91,400,0
2017-09-25,20:00:00,0.9099,0.91,0.9005,0.9006,9400,0
2017-09-25,22:00:00,0.9101,0.92,0.91,0.91,1270,0
2017-09-26,16:00:00,0.91,0.9132,0.91,0.9101,2204,0
2017-09-26,17:00:00,0.9,0.9035,0.9,0.9035,8500,0
2017-09-26,18:00:00,0.8977,0.8977,0.8617,0.8881,2904,0
2017-09-26,19:00:00,0.8861,0.913,0.8861,0.913,3000,0
2017-09-26,20:00:00,0.91,0.91,0.91,0.91,2200,0
2017-09-26,22:00:00,0.909,0.909,0.88,0.88,13100,0
2017-09-27,17:00:00,0.89,0.89,0.879,0.879,1599,0
2017-09-27,18:00:00,0.8999,0.8999,0.8984,0.8984,4916,0
2017-09-27,19:00:00,0.8903,0.8979,0.8903,0.8979,600,0
2017-09-27,20:00:00,0.89,0.89,0.8617,0.8809,5986,0
2017-09-27,21:00:00,0.88,0.88,0.85,0.85,13066,0
2017-09-27,22:00:00,0.86,0.88,0.8599,0.875,5378,0
2017-09-28,16:00:00,0.85,0.9,0.85,0.8882,6045,0
2017-09-28,17:00:00,0.8801,0.888,0.88,0.888,853,0
2017-09-28,18:00:00,0.9,0.9,0.88,0.8896,6312,0
2017-09-28,19:00:00,0.88,0.88,0.8401,0.846,47130,0
2017-09-28,20:00:00,0.8558,0.86,0.8501,0.8501,7207,0
2017-09-28,21:00:00,0.855,0.86,0.8502,0.855,13100,0
2017-09-28,22:00:00,0.855,0.8561,0.8502,0.8561,1400,0
2017-09-29,16:00:00,0.85,0.85,0.8403,0.8435,5161,0
2017-09-29,17:00:00,0.8404,0.8499,0.6992,0.7,68782,0
2017-09-29,18:00:00,0.805,0.85,0.78,0.81,41318,0
2017-09-29,19:00:00,0.81,0.8299,0.8085,0.8176,10099,0
2017-09-29,20:00:00,0.819,0.819,0.71,0.8005,37062,0
2017-09-29,21:00:00,0.8005,0.85,0.8001,0.81,44151,0
2017-09-29,22:00:00,0.8001,0.85,0.8001,0.81,37315,0
2017-10-02,16:00:00,0.81,0.84,0.801,0.82,2914,0
2017-10-02,17:00:00,0.82,0.835,0.8121,0.8336,10175,0
2017-10-02,18:00:00,0.8397,0.8397,0.8397,0.8397,750,0
2017-10-02,19:00:00,0.8351,0.8351,0.8345,0.8345,1520,0
2017-10-02,20:00:00,0.834,0.834,0.8333,0.8339,7352,0
2017-10-02,21:00:00,0.834,0.834,0.83,0.83,2530,0
2017-10-02,22:00:00,0.83,0.834,0.82,0.82,24483,0
2017-10-03,16:00:00,0.85,0.85,0.82,0.82,3796,0
2017-10-03,17:00:00,0.815,0.82,0.8106,0.82,9278,0
2017-10-03,18:00:00,0.82,0.8215,0.815,0.82,13388,0
2017-10-03,19:00:00,0.8181,0.8192,0.8168,0.8192,410,0
2017-10-03,20:00:00,0.82,0.8204,0.8136,0.8171,3604,0
2017-10-03,21:00:00,0.8168,0.818,0.8122,0.818,6470,0
2017-10-03,22:00:00,0.8029,0.8177,0.8,0.8,2043,0
2017-10-04,16:00:00,0.8,0.81,0.8,0.8001,8779,0
2017-10-04,17:00:00,0.81,0.8199,0.8001,0.8001,5900,0
2017-10-04,18:00:00,0.81,0.8105,0.8,0.8,32322,0
2017-10-04,19:00:00,0.8018,0.8105,0.8018,0.8102,16100,0
2017-10-04,20:00:00,0.818,0.818,0.8101,0.8101,1200,0
2017-10-04,21:00:00,0.818,0.818,0.8101,0.8101,3550,0
2017-10-04,22:00:00,0.814,0.82,0.8101,0.82,7537,0
2017-10-05,16:00:00,0.85,0.8628,0.85,0.8508,2017,0
2017-10-05,17:00:00,0.8501,0.88,0.85,0.86,22350,0
2017-10-05,18:00:00,0.86,0.87,0.85,0.85,27150,0
2017-10-05,19:00:00,0.8509,0.87,0.85,0.86,5850,0
2017-10-05,20:00:00,0.86,0.9,0.85,0.88,23547,0
2017-10-05,21:00:00,0.87,0.88,0.86,0.8791,12634,0
2017-10-05,22:00:00,0.87,0.87,0.8601,0.8648,14836,0
2017-10-06,16:00:00,0.84,0.8804,0.84,0.8651,8948,0
2017-10-06,17:00:00,0.865,0.8799,0.86,0.8651,32204,0
2017-10-06,18:00:00,0.8651,0.8651,0.86,0.86,15557,0
2017-10-06,19:00:00,0.8624,0.8624,0.8501,0.8501,4406,0
2017-10-06,20:00:00,0.8501,0.8504,0.84,0.8401,4600,0
2017-10-06,21:00:00,0.8401,0.844,0.84,0.84,1400,0
2017-10-06,22:00:00,0.8412,0.865,0.84,0.865,658,0
2017-10-09,16:00:00,0.8834,0.8834,0.865,0.8676,6053,0
2017-10-09,17:00:00,0.865,0.8798,0.865,0.8797,2232,0
2017-10-09,18:00:00,0.8797,0.8797,0.855,0.855,3452,0
2017-10-09,19:00:00,0.86,0.9399,0.86,0.91,137606,0
2017-10-09,20:00:00,0.9105,0.94,0.905,0.91,87833,0
2017-10-09,21:00:00,0.91,0.9208,0.88,0.8824,37314,0
2017-10-09,22:00:00,0.89,0.91,0.87,0.9099,19580,0
2017-10-10,16:00:00,0.92,0.92,0.88,0.8812,24439,0
2017-10-10,17:00:00,0.8895,0.8966,0.88,0.881,15180,0
2017-10-10,18:00:00,0.881,0.8811,0.8616,0.8751,11079,0
2017-10-10,19:00:00,0.88,0.89,0.88,0.8802,15434,0
2017-10-10,20:00:00,0.8851,0.8997,0.8851,0.8993,2798,0
2017-10-10,21:00:00,0.8902,0.8904,0.8901,0.8902,5790,0
2017-10-10,22:00:00,0.8901,0.9,0.8901,0.8993,6884,0
2017-10-11,16:00:00,0.91,0.91,0.87,0.87,23107,0
2017-10-11,17:00:00,0.9099,0.9099,0.87,0.8701,400,0
2017-10-11,18:00:00,0.9,0.9,0.8702,0.8899,8685,0
2017-10-11,19:00:00,0.875,0.8882,0.8711,0.8734,10700,0
2017-10-11,20:00:00,0.8832,0.888,0.875,0.888,3110,0
2017-10-11,21:00:00,0.88,0.8877,0.88,0.8877,4500,0
2017-10-11,22:00:00,0.8711,0.8822,0.8616,0.8616,7600,0
2017-10-12,16:00:00,0.92,1.82,0.9046,1.2851,2711676,0
2017-10-12,17:00:00,1.28,1.4,1.2,1.2001,1098508,0
2017-10-12,18:00:00,1.2,1.26,1.16,1.17,282416,0
2017-10-12,19:00:00,1.1748,1.2,1.16,1.18,130351,0
2017-10-12,20:00:00,1.189,1.35,1.18,1.2736,659810,0
2017-10-12,21:00:00,1.28,1.28,1.2,1.2,146120,0
2017-10-12,22:00:00,1.2,1.26,1.1232,1.26,253959,0
2017-10-13,16:00:00,1.3,1.32,1.07,1.0851,184913,0
2017-10-13,17:00:00,1.0851,1.13,1.03,1.04,207419,0
2017-10-13,18:00:00,1.0489,1.07,1.02,1.0496,82565,0
2017-10-13,19:00:00,1.04,1.09,1.04,1.05,112191,0
2017-10-13,20:00:00,1.0548,1.0548,1.0201,1.0254,52517,0
2017-10-13,21:00:00,1.0217,1.06,1.0201,1.0564,81252,0
2017-10-13,22:00:00,1.051,1.06,1.05,1.052,87263,0
2017-10-16,16:00:00,1.08,1.0949,1.0501,1.055,36356,0
2017-10-16,17:00:00,1.0577,1.06,0.9,0.9217,323021,0
2017-10-16,18:00:00,0.9314,0.94,0.87,0.89,317940,0
2017-10-16,19:00:00,0.8985,0.9,0.872,0.89,134979,0
2017-10-16,20:00:00,0.89,0.91,0.881,0.885,119674,0
2017-10-16,21:00:00,0.8896,0.89,0.885,0.8856,13270,0
2017-10-16,22:00:00,0.8857,0.91,0.8856,0.89,62700,0
2017-10-17,16:00:00,0.9,0.938,0.9,0.9051,32461,0
2017-10-17,17:00:00,0.9026,0.91,0.88,0.8814,37368,0
2017-10-17,18:00:00,0.8806,0.8842,0.86,0.8701,43682,0
2017-10-17,19:00:00,0.875,0.88,0.8701,0.8798,5422,0
2017-10-17,20:00:00,0.8798,0.89,0.8702,0.8899,27002,0
2017-10-17,21:00:00,0.8719,0.89,0.8703,0.8719,3387,0
2017-10-17,22:00:00,0.8894,0.89,0.8761,0.88,6814,0
2017-10-18,16:00:00,0.9,0.9,0.87,0.8701,14211,0
2017-10-18,17:00:00,0.8774,0.93,0.87,0.9022,85169,0
2017-10-18,18:00:00,0.9065,0.9289,0.905,0.9066,1355,0
2017-10-18,19:00:00,0.9266,0.9292,0.89,0.89,12403,0
2017-10-18,20:00:00,0.89,0.8949,0.87,0.8901,9014,0
2017-10-18,21:00:00,0.89,0.9,0.89,0.89,5345,0
2017-10-18,22:00:00,0.888,0.8998,0.85,0.8598,67100,0
2017-10-19,16:00:00,0.84,0.869,0.8,0.8057,52270,0
2017-10-19,17:00:00,0.806,0.88,0.76,0.83,84596,0
2017-10-19,18:00:00,0.821,0.85,0.79,0.8101,62999,0
2017-10-19,19:00:00,0.82,0.8383,0.81,0.8251,9995,0
2017-10-19,20:00:00,0.8219,0.84,0.81,0.84,31297,0
2017-10-19,21:00:00,0.8301,0.84,0.821,0.8369,20021,0
2017-10-19,22:00:00,0.8399,0.8499,0.82,0.8398,44737,0
2017-10-20,16:00:00,0.804,0.83,0.8,0.8261,38593,0
2017-10-20,17:00:00,0.8211,0.85,0.8211,0.8291,63793,0
2017-10-20,18:00:00,0.829,0.84,0.8205,0.8206,9948,0
2017-10-20,19:00:00,0.8211,0.8347,0.8211,0.8222,4880,0
2017-10-20,20:00:00,0.8282,0.8304,0.8206,0.8208,7849,0
2017-10-20,21:00:00,0.83,0.84,0.8205,0.84,8154,0
2017-10-20,22:00:00,0.822,0.84,0.8206,0.8207,26861,0
2017-10-23,16:00:00,0.8211,0.8289,0.8,0.8,7733,0
2017-10-23,17:00:00,0.8,0.8199,0.8,0.8176,21503,0
2017-10-23,18:00:00,0.812,0.814,0.8092,0.8134,20569,0
2017-10-23,19:00:00,0.8135,0.8164,0.8101,0.815,8434,0
2017-10-23,20:00:00,0.8199,0.8199,0.81,0.8132,14749,0
2017-10-23,21:00:00,0.8187,0.8187,0.8,0.802,18373,0
2017-10-23,22:00:00,0.8094,0.82,0.79,0.82,45406,0
2017-10-24,16:00:00,0.8,0.8399,0.78,0.782,23268,0
2017-10-24,17:00:00,0.7954,0.8,0.782,0.7897,9067,0
2017-10-24,18:00:00,0.8,0.8,0.79,0.79,1949,0
2017-10-24,19:00:00,0.7947,0.7999,0.79,0.7999,3160,0
2017-10-24,20:00:00,0.79,1.08,0.782,1,1708680,0
2017-10-24,21:00:00,0.985,0.99,0.8807,0.89,431027,0
2017-10-24,22:00:00,0.8815,0.91,0.85,0.8696,212162,0
2017-10-25,16:00:00,0.9018,0.94,0.88,0.8949,118693,0
2017-10-25,17:00:00,0.88,0.8971,0.85,0.87,92927,0
2017-10-25,18:00:00,0.872,0.8793,0.8501,0.8696,18806,0
2017-10-25,19:00:00,0.8613,0.8699,0.8267,0.8676,29472,0
2017-10-25,20:00:00,0.86,0.8601,0.8303,0.8337,13811,0
2017-10-25,21:00:00,0.84,0.8498,0.81,0.81,35281,0
2017-10-25,22:00:00,0.8191,0.844,0.8002,0.8439,43672,0
2017-10-26,16:00:00,0.82,0.8502,0.81,0.8199,60941,0
2017-10-26,17:00:00,0.8336,0.84,0.8056,0.818,39368,0
2017-10-26,18:00:00,0.8182,0.8187,0.81,0.81,11117,0
2017-10-26,19:00:00,0.81,0.8165,0.805,0.809,27377,0
2017-10-26,20:00:00,0.8099,0.811,0.8051,0.81,17364,0
2017-10-26,21:00:00,0.81,0.84,0.8051,0.83,24239,0
2017-10-26,22:00:00,0.8298,0.8298,0.81,0.825,28474,0
2017-10-27,16:00:00,0.83,0.8382,0.82,0.8251,10653,0
2017-10-27,17:00:00,0.8274,0.8298,0.81,0.8122,32959,0
2017-10-27,18:00:00,0.82,0.83,0.81,0.82,11936,0
2017-10-27,19:00:00,0.815,0.83,0.815,0.8207,33597,0
2017-10-27,20:00:00,0.8249,0.825,0.8249,0.8249,2282,0
2017-10-27,21:00:00,0.8259,0.83,0.82,0.83,19769,0
2017-10-27,22:00:00,0.8199,0.83,0.8101,0.83,14291,0
2017-10-30,15:00:00,0.83,0.834,0.8101,0.8188,17074,0
2017-10-30,16:00:00,0.814,0.8199,0.81,0.818,31443,0
2017-10-30,17:00:00,0.8108,0.8196,0.81,0.81,5366,0
2017-10-30,18:00:00,0.81,0.8144,0.8066,0.809,14809,0
2017-10-30,19:00:00,0.8101,0.8147,0.8101,0.8147,440,0
2017-10-30,20:00:00,0.819,0.819,0.8011,0.804,9598,0
2017-10-30,21:00:00,0.809,0.82,0.805,0.82,29687,0
2017-10-31,15:00:00,0.8071,0.82,0.793,0.7996,26788,0
2017-10-31,16:00:00,0.7921,0.7997,0.79,0.7963,44967,0
2017-10-31,17:00:00,0.79,0.82,0.78,0.8199,21034,0
2017-10-31,18:00:00,0.82,0.83,0.8101,0.8105,22946,0
2017-10-31,19:00:00,0.8201,0.8299,0.8201,0.8299,1616,0
2017-10-31,20:00:00,0.8151,0.8166,0.8151,0.8151,1700,0
2017-10-31,21:00:00,0.81,0.8151,0.8,0.8151,9815,0
2017-11-01,15:00:00,0.79,0.8299,0.79,0.8001,22531,0
2017-11-01,16:00:00,0.823,0.83,0.8025,0.805,13150,0
2017-11-01,17:00:00,0.8025,0.8025,0.8,0.8,2372,0
2017-11-01,18:00:00,0.8,0.81,0.7821,0.7821,19052,0
2017-11-01,19:00:00,0.784,0.8,0.782,0.7901,16983,0
2017-11-01,20:00:00,0.7997,0.7997,0.79,0.7988,1452,0
2017-11-01,21:00:00,0.7996,0.813,0.7911,0.8,33280,0
2017-11-02,15:00:00,0.7941,0.8001,0.79,0.8,3796,0
2017-11-02,16:00:00,0.7901,0.7999,0.76,0.7844,45533,0
2017-11-02,17:00:00,0.7798,0.7815,0.76,0.7733,12368,0
2017-11-02,18:00:00,0.778,0.7814,0.778,0.778,7880,0
2017-11-02,19:00:00,0.7755,0.7799,0.7755,0.778,6669,0
2017-11-02,20:00:00,0.7798,0.7799,0.775,0.7761,10619,0
2017-11-02,21:00:00,0.776,0.7795,0.7733,0.7795,42332,0
2017-11-03,15:00:00,0.7642,0.79,0.75,0.7601,11859,0
2017-11-03,16:00:00,0.795,0.8,0.7212,0.7212,67023,0
2017-11-03,17:00:00,0.74,0.765,0.7212,0.765,47727,0
2017-11-03,18:00:00,0.7599,0.78,0.75,0.7655,55265,0
2017-11-03,19:00:00,0.7625,0.7698,0.75,0.7501,44948,0
2017-11-03,20:00:00,0.7527,0.7699,0.75,0.7699,2137,0
2017-11-03,21:00:00,0.7699,0.77,0.75,0.7699,9147,0
2017-11-06,16:00:00,0.7506,0.7701,0.73,0.7431,21200,0
2017-11-06,17:00:00,0.7499,0.77,0.741,0.7699,38536,0
2017-11-06,18:00:00,0.7699,0.7699,0.76,0.76,4145,0
2017-11-06,19:00:00,0.76,0.7601,0.76,0.76,2446,0
2017-11-06,20:00:00,0.7603,0.7603,0.76,0.76,530,0
2017-11-06,21:00:00,0.7601,0.7601,0.76,0.76,10626,0
2017-11-06,22:00:00,0.755,0.758,0.745,0.755,13180,0
2017-11-07,16:00:00,0.75,0.7558,0.75,0.752,6835,0
2017-11-07,17:00:00,0.7599,0.7599,0.75,0.752,17344,0
2017-11-07,18:00:00,0.7599,0.7599,0.73,0.75,45608,0
2017-11-07,19:00:00,0.7459,0.75,0.7422,0.75,12450,0
2017-11-07,20:00:00,0.7463,0.7501,0.742,0.7451,4864,0
2017-11-07,21:00:00,0.7423,0.75,0.7423,0.7423,1325,0
2017-11-07,22:00:00,0.7499,0.7538,0.735,0.743,20492,0
2017-11-08,16:00:00,0.725,0.7496,0.7,0.7001,61380,0
2017-11-08,17:00:00,0.73,0.74,0.69,0.6911,58177,0
2017-11-08,18:00:00,0.6918,0.6999,0.68,0.69,23510,0
2017-11-08,19:00:00,0.6995,0.6999,0.69,0.6994,10784,0
2017-11-08,20:00:00,0.6995,0.6998,0.69,0.69,41626,0
2017-11-08,21:00:00,0.6999,0.7,0.6899,0.6996,25790,0
2017-11-08,22:00:00,0.6996,0.7,0.69,0.699,19663,0
2017-11-09,16:00:00,0.7,0.74,0.7,0.7149,3899,0
2017-11-09,17:00:00,0.7149,0.72,0.7002,0.707,19357,0
2017-11-09,18:00:00,0.71,0.7198,0.71,0.7148,5957,0
2017-11-09,19:00:00,0.708,0.71,0.7003,0.7027,10703,0
2017-11-09,20:00:00,0.7027,0.7188,0.7027,0.7188,4075,0
2017-11-09,21:00:00,0.7046,0.71,0.7046,0.7046,4600,0
2017-11-09,22:00:00,0.7191,0.7191,0.702,0.702,18253,0
2017-11-10,16:00:00,0.7201,0.73,0.702,0.709,11825,0
2017-11-10,17:00:00,0.705,0.7085,0.7002,0.7075,5282,0
2017-11-10,18:00:00,0.7086,0.7149,0.705,0.7149,8700,0
2017-11-10,19:00:00,0.7196,0.7197,0.71,0.7112,17122,0
2017-11-10,20:00:00,0.71,0.72,0.71,0.7185,17469,0
2017-11-10,21:00:00,0.7299,0.7399,0.72,0.7202,14387,0
2017-11-10,22:00:00,0.7201,0.7381,0.7201,0.73,25375,0
2017-11-13,16:00:00,0.76,0.76,0.738,0.745,17467,0
2017-11-13,17:00:00,0.7498,0.75,0.74,0.7408,28287,0
2017-11-13,18:00:00,0.749,0.749,0.7415,0.7435,11762,0
2017-11-13,19:00:00,0.7435,0.7474,0.7415,0.7415,4688,0
2017-11-13,20:00:00,0.7442,0.75,0.7415,0.7415,15618,0
2017-11-13,21:00:00,0.7434,0.7501,0.74,0.74,14250,0
2017-11-13,22:00:00,0.74,0.75,0.74,0.7475,3955,0
2017-11-14,16:00:00,0.78,0.7876,0.75,0.755,17196,0
2017-11-14,17:00:00,0.7665,0.7675,0.7502,0.767,27080,0
2017-11-14,18:00:00,0.7672,0.7674,0.7503,0.7637,1672,0
2017-11-14,19:00:00,0.7632,0.78,0.7514,0.78,40219,0
2017-11-14,20:00:00,0.7601,0.8275,0.7601,0.8,210083,0
2017-11-14,21:00:00,0.8,0.8093,0.78,0.79,65848,0
2017-11-14,22:00:00,0.79,0.795,0.77,0.79,57987,0
2017-11-15,16:00:00,0.78,0.78,0.61,0.6875,151135,0
2017-11-15,17:00:00,0.6816,0.7098,0.62,0.6597,73985,0
2017-11-15,18:00:00,0.6468,0.6691,0.625,0.6501,95078,0
2017-11-15,19:00:00,0.6697,0.6699,0.652,0.665,2850,0
2017-11-15,20:00:00,0.66,0.68,0.64,0.67,14775,0
2017-11-15,21:00:00,0.64,0.65,0.6363,0.645,41893,0
2017-11-15,22:00:00,0.6411,0.65,0.6411,0.645,28588,0
2017-11-16,16:00:00,0.63,0.64,0.63,0.635,28812,0
2017-11-16,17:00:00,0.635,0.6351,0.6211,0.6256,11826,0
2017-11-16,18:00:00,0.6299,0.63,0.62,0.6266,42776,0
2017-11-16,19:00:00,0.6295,0.63,0.62,0.6255,24500,0
2017-11-16,20:00:00,0.6299,0.6299,0.621,0.621,13046,0
2017-11-16,21:00:00,0.6211,0.6306,0.621,0.63,30893,0
2017-11-16,22:00:00,0.6301,0.6379,0.63,0.6379,29053,0
2017-11-17,16:00:00,0.64,0.644,0.62,0.6202,27132,0
2017-11-17,17:00:00,0.6294,0.6296,0.6199,0.62,15093,0
2017-11-17,18:00:00,0.62,0.6202,0.6123,0.6123,34166,0
2017-11-17,19:00:00,0.6199,0.6199,0.6123,0.6161,16720,0
2017-11-17,20:00:00,0.6161,0.62,0.6123,0.62,21536,0
2017-11-17,21:00:00,0.62,0.62,0.6125,0.6162,15313,0
2017-11-17,22:00:00,0.62,0.62,0.6123,0.62,17974,0
2017-11-20,16:00:00,0.62,0.648,0.6124,0.6124,9002,0
2017-11-20,17:00:00,0.613,0.6173,0.61,0.6101,26801,0
2017-11-20,18:00:00,0.61,0.6117,0.6076,0.6076,12017,0
2017-11-20,19:00:00,0.6075,0.6098,0.6,0.6001,49818,0
2017-11-20,20:00:00,0.6003,0.608,0.6001,0.6006,3239,0
2017-11-20,21:00:00,0.6039,0.608,0.6,0.6039,36457,0
2017-11-20,22:00:00,0.607,0.6177,0.6,0.6142,32260,0
2017-11-21,16:00:00,0.6154,0.6262,0.61,0.615,4829,0
2017-11-21,17:00:00,0.615,0.6151,0.615,0.615,3026,0
2017-11-21,18:00:00,0.6161,0.6169,0.6,0.605,28013,0
2017-11-21,19:00:00,0.6076,0.6162,0.6076,0.6085,15758,0
2017-11-21,20:00:00,0.61,0.6162,0.5812,0.5948,28744,0
2017-11-21,21:00:00,0.59,0.6,0.5555,0.5871,67776,0
2017-11-21,22:00:00,0.562,0.59,0.562,0.565,43505,0
2017-11-22,16:00:00,0.5985,0.5985,0.5601,0.5676,6171,0
2017-11-22,17:00:00,0.5636,0.5636,0.54,0.5402,72293,0
2017-11-22,18:00:00,0.5401,0.5496,0.5205,0.5215,46202,0
2017-11-22,19:00:00,0.5216,0.54,0.515,0.5388,55680,0
2017-11-22,20:00:00,0.5389,0.5389,0.5182,0.5301,12525,0
2017-11-22,21:00:00,0.535,0.55,0.53,0.5451,49884,0
2017-11-22,22:00:00,0.5451,0.55,0.5362,0.541,57077,0
2017-11-24,16:00:00,0.55,0.5691,0.55,0.5501,36034,0
2017-11-24,17:00:00,0.56,0.5891,0.5551,0.565,26892,0
2017-11-24,18:00:00,0.5795,0.5796,0.565,0.565,956,0
2017-11-24,19:00:00,0.57,0.59,0.5601,0.57,18245,0
2017-11-27,16:00:00,0.5599,0.5599,0.5101,0.5319,25622,0
2017-11-27,17:00:00,0.5402,0.5494,0.5401,0.5402,5392,0
2017-11-27,18:00:00,0.5402,0.5493,0.54,0.5483,11251,0
2017-11-27,19:00:00,0.5405,0.5405,0.5401,0.5401,3200,0
2017-11-27,20:00:00,0.5455,0.5455,0.51,0.52,58575,0
2017-11-27,21:00:00,0.5101,0.5285,0.36,0.4984,85060,0
2017-11-27,22:00:00,0.49,0.5,0.481,0.4849,46782,0
2017-11-28,16:00:00,0.5091,0.52,0.4501,0.4526,34471,0
2017-11-28,17:00:00,0.4551,0.5146,0.455,0.5017,43527,0
2017-11-28,18:00:00,0.5023,0.5049,0.5002,0.5005,12430,0
2017-11-28,19:00:00,0.5005,0.51,0.5005,0.5006,16371,0
2017-11-28,20:00:00,0.5006,0.5015,0.5006,0.5015,2759,0
2017-11-28,21:00:00,0.5006,0.51,0.5003,0.5099,18190,0
2017-11-28,22:00:00,0.5075,0.51,0.49,0.49,41663,0
2017-11-29,16:00:00,0.5145,0.52,0.47,0.5,11173,0
2017-11-29,17:00:00,0.49,0.5,0.4799,0.5,10350,0
2017-11-29,18:00:00,0.5,0.5,0.4901,0.4951,7320,0
2017-11-29,19:00:00,0.4926,0.5,0.4903,0.4951,6470,0
2017-11-29,20:00:00,0.4951,0.4952,0.4901,0.4951,4700,0
2017-11-29,21:00:00,0.4951,0.5,0.4951,0.4999,24700,0
2017-11-29,22:00:00,0.5,0.5,0.4954,0.5,29177,0
2017-11-30,16:00:00,0.5,0.52,0.478,0.5,12715,0
2017-11-30,17:00:00,0.505,0.52,0.5,0.5,12259,0
2017-11-30,18:00:00,0.51,0.5101,0.4999,0.4999,9190,0
2017-11-30,19:00:00,0.5,0.5,0.48,0.4925,6550,0
2017-11-30,20:00:00,0.485,0.5,0.485,0.485,22300,0
2017-11-30,21:00:00,0.485,0.4905,0.48,0.4802,13141,0
2017-11-30,22:00:00,0.4802,0.5,0.4618,0.49,26781,0
2017-12-01,16:00:00,0.4825,0.49,0.48,0.49,11284,0
2017-12-01,17:00:00,0.49,0.4924,0.45,0.4601,71073,0
2017-12-01,18:00:00,0.47,0.47,0.4501,0.4501,18997,0
2017-12-01,19:00:00,0.4533,0.4556,0.3925,0.4468,150502,0
2017-12-01,20:00:00,0.43,0.4558,0.41,0.43,37835,0
2017-12-01,21:00:00,0.43,0.4493,0.41,0.4479,23734,0
2017-12-01,22:00:00,0.435,0.44,0.42,0.44,13519,0
2017-12-04,16:00:00,0.45,0.4641,0.45,0.4616,10933,0
2017-12-04,17:00:00,0.46,0.5401,0.4526,0.49,399164,0
2017-12-04,18:00:00,0.49,0.51,0.49,0.495,30545,0
2017-12-04,19:00:00,0.5003,0.51,0.48,0.49,44097,0
2017-12-04,20:00:00,0.49,0.4992,0.49,0.4942,21094,0
2017-12-04,21:00:00,0.4998,0.53,0.4989,0.5199,90880,0
2017-12-04,22:00:00,0.5209,0.62,0.5002,0.6,342075,0
2017-12-05,16:00:00,0.55,0.55,0.491,0.5202,123200,0
2017-12-05,17:00:00,0.52,0.52,0.48,0.4885,168541,0
2017-12-05,18:00:00,0.4849,0.5097,0.4801,0.5068,45574,0
2017-12-05,19:00:00,0.4946,0.5016,0.492,0.4991,9439,0
2017-12-05,20:00:00,0.492,0.5,0.48,0.4905,23995,0
2017-12-05,21:00:00,0.4944,0.4944,0.48,0.4808,49427,0
2017-12-05,22:00:00,0.48,0.49,0.4505,0.46,88293,0
2017-12-06,16:00:00,0.48,0.48,0.4502,0.46,64981,0
2017-12-06,17:00:00,0.46,0.46,0.44,0.4489,76812,0
2017-12-06,18:00:00,0.4499,0.4595,0.4414,0.4439,17677,0
2017-12-06,19:00:00,0.4424,0.4499,0.4424,0.4424,2801,0
2017-12-06,20:00:00,0.4498,0.4499,0.441,0.4484,9665,0
2017-12-06,21:00:00,0.4446,0.4498,0.441,0.4418,14579,0
2017-12-06,22:00:00,0.4491,0.45,0.41,0.4401,62137,0
