Date,Time,Open,High,Low,Close,Volume,OpenInt
2017-05-12,16:00:00,1.5,1.6,1.5,1.55,18787,0
2017-05-12,17:00:00,1.5825,1.6,1.51,1.5108,28650,0
2017-05-12,18:00:00,1.54,1.55,1.5,1.525,14529,0
2017-05-12,19:00:00,1.55,1.55,1.5,1.5,553,0
2017-05-12,20:00:00,1.5253,1.55,1.51,1.545,6347,0
2017-05-12,21:00:00,1.55,1.55,1.545,1.55,9490,0
2017-05-12,22:00:00,1.5377,1.6,1.5,1.5,20732,0
2017-05-15,16:00:00,1.5,1.5123,1.5,1.5123,498,0
2017-05-15,17:00:00,1.51,1.55,1.505,1.55,9465,0
2017-05-15,18:00:00,1.55,1.55,1.51,1.51,2975,0
2017-05-15,19:00:00,1.5177,1.525,1.512,1.525,2450,0
2017-05-15,20:00:00,1.5359,1.55,1.5,1.55,5117,0
2017-05-15,21:00:00,1.5,1.55,1.5,1.55,7300,0
2017-05-15,22:00:00,1.55,1.55,1.5166,1.55,10594,0
2017-05-16,16:00:00,1.5,1.55,1.5,1.55,3400,0
2017-05-16,17:00:00,1.5325,1.5325,1.525,1.531,950,0
2017-05-16,18:00:00,1.55,1.55,1.525,1.525,14000,0
2017-05-16,19:00:00,1.545,1.55,1.545,1.55,12506,0
2017-05-16,20:00:00,1.55,1.55,1.55,1.55,300,0
2017-05-16,21:00:00,1.55,1.55,1.5,1.55,3084,0
2017-05-16,22:00:00,1.55,1.55,1.55,1.55,1437,0
2017-05-17,16:00:00,1.5,1.55,1.5,1.55,5964,0
2017-05-17,17:00:00,1.55,1.55,1.5326,1.5326,425,0
2017-05-17,18:00:00,1.5,1.525,1.5,1.525,3500,0
2017-05-17,19:00:00,1.545,1.55,1.5146,1.55,2675,0
2017-05-17,20:00:00,1.55,1.55,1.55,1.55,100,0
2017-05-17,21:00:00,1.54,1.55,1.5,1.55,3083,0
2017-05-17,22:00:00,1.5244,1.55,1.5,1.5,1139,0
2017-05-18,16:00:00,1.55,1.55,1.5,1.5,12982,0
2017-05-18,17:00:00,1.5,1.55,1.5,1.505,1525,0
2017-05-18,18:00:00,1.55,1.55,1.5,1.5,2308,0
2017-05-18,19:00:00,1.525,1.55,1.525,1.55,300,0
2017-05-18,20:00:00,1.51,1.545,1.51,1.545,5930,0
2017-05-18,21:00:00,1.525,1.55,1.525,1.525,14404,0
2017-05-18,22:00:00,1.525,1.55,1.525,1.55,2201,0
2017-05-19,16:00:00,1.55,1.575,1.55,1.55,5568,0
2017-05-19,17:00:00,1.575,1.575,1.5,1.55,7504,0
2017-05-19,18:00:00,1.51,1.545,1.5,1.5,3700,0
2017-05-19,19:00:00,1.5,1.5,1.45,1.475,45718,0
2017-05-19,20:00:00,1.45,1.49,1.4,1.45,23440,0
2017-05-19,21:00:00,1.45,1.45,1.4,1.4,3693,0
2017-05-19,22:00:00,1.4,1.44,1.4,1.4,12914,0
2017-05-22,16:00:00,1.5,1.5,1.4,1.4,20401,0
2017-05-22,17:00:00,1.41,1.425,1.4,1.4,6690,0
2017-05-22,18:00:00,1.4,1.45,1.4,1.4,10382,0
2017-05-22,19:00:00,1.425,1.45,1.4,1.45,3929,0
2017-05-22,20:00:00,1.45,1.45,1.4,1.4114,1186,0
2017-05-22,21:00:00,1.425,1.45,1.4,1.45,7300,0
2017-05-22,22:00:00,1.425,1.45,1.425,1.425,5198,0
2017-05-23,16:00:00,1.4,1.405,1.35,1.4,34566,0
2017-05-23,17:00:00,1.4,1.4,1.35,1.3747,32929,0
2017-05-23,18:00:00,1.3886,1.3886,1.25,1.25,31542,0
2017-05-23,19:00:00,1.295,1.3,1.2,1.255,30149,0
2017-05-23,20:00:00,1.29,1.345,1.25,1.275,32524,0
2017-05-23,21:00:00,1.275,1.3,1.25,1.25,9360,0
2017-05-23,22:00:00,1.275,1.295,1.25,1.25,7364,0
2017-05-24,16:00:00,1.2,1.25,1.2,1.2,21236,0
2017-05-24,17:00:00,1.175,1.2,1.15,1.1882,25844,0
2017-05-24,18:00:00,1.1658,1.2,1.1635,1.1803,19695,0
2017-05-24,19:00:00,1.2,1.2,1.1612,1.2,4265,0
2017-05-24,20:00:00,1.1852,1.2,1.15,1.2,15530,0
2017-05-24,21:00:00,1.19,1.2,1.15,1.2,9470,0
2017-05-24,22:00:00,1.19,1.2,1.15,1.1649,11751,0
2017-05-25,16:00:00,1.2,1.2,1.15,1.175,8428,0
2017-05-25,17:00:00,1.18,1.195,1.15,1.175,7025,0
2017-05-25,18:00:00,1.1808,1.2,1.1658,1.175,13814,0
2017-05-25,19:00:00,1.2,1.2,1.15,1.17,36115,0
2017-05-25,20:00:00,1.1871,1.2,1.1658,1.2,8251,0
2017-05-25,21:00:00,1.2,1.2,1.15,1.16,28235,0
2017-05-25,22:00:00,1.175,1.225,1.16,1.2,43250,0
2017-05-26,16:00:00,1.2,1.2,1.2,1.2,10911,0
2017-05-26,17:00:00,1.2,1.2,1.16,1.2,6290,0
2017-05-26,18:00:00,1.2,1.25,1.2,1.225,15753,0
2017-05-26,19:00:00,1.225,1.25,1.225,1.225,1800,0
2017-05-26,20:00:00,1.225,1.25,1.225,1.25,4284,0
2017-05-26,21:00:00,1.25,1.25,1.2,1.25,27657,0
2017-05-26,22:00:00,1.25,1.26,1.2112,1.25,38634,0
2017-05-30,16:00:00,1.3,1.3,1.25,1.29,2605,0
2017-05-30,17:00:00,1.2837,1.3,1.25,1.275,9092,0
2017-05-30,18:00:00,1.275,1.3,1.26,1.3,21184,0
2017-05-30,19:00:00,1.3,1.3,1.25,1.25,17700,0
2017-05-30,20:00:00,1.25,1.3,1.25,1.275,2400,0
2017-05-30,21:00:00,1.3,1.3,1.25,1.275,21600,0
2017-05-30,22:00:00,1.3,1.3,1.25,1.275,6400,0
2017-05-31,16:00:00,1.3,1.3,1.25,1.25,3712,0
2017-05-31,17:00:00,1.255,1.3,1.25,1.3,21559,0
2017-05-31,18:00:00,1.275,1.3,1.275,1.3,1321,0
2017-05-31,19:00:00,1.3,1.3,1.27,1.27,1300,0
2017-05-31,20:00:00,1.25,1.3,1.25,1.25,4700,0
2017-05-31,21:00:00,1.3,1.3,1.275,1.28,1950,0
2017-05-31,22:00:00,1.3,1.3,1.25,1.3,1304,0
2017-06-01,16:00:00,1.3,1.3,1.25,1.28,5104,0
2017-06-01,17:00:00,1.275,1.3,1.25,1.3,4600,0
2017-06-01,18:00:00,1.275,1.275,1.25,1.255,1800,0
2017-06-01,19:00:00,1.24,1.25,1.225,1.225,500,0
2017-06-01,20:00:00,1.25,1.3,1.2,1.2,27382,0
2017-06-01,21:00:00,1.2,1.25,1.15,1.2033,38322,0
2017-06-01,22:00:00,1.25,1.26,1.2,1.2,48727,0
2017-06-02,16:00:00,1.2,1.25,1.2,1.2,1214,0
2017-06-02,17:00:00,1.205,1.25,1.205,1.25,1467,0
2017-06-02,18:00:00,1.2,1.25,1.2,1.25,29841,0
2017-06-02,19:00:00,1.25,1.25,1.25,1.25,1600,0
2017-06-02,20:00:00,1.25,1.25,1.2112,1.2112,12419,0
2017-06-02,21:00:00,1.25,1.25,1.229,1.25,23800,0
2017-06-02,22:00:00,1.25,1.25,1.22,1.25,777,0
2017-06-05,16:00:00,1.25,1.25,1.16,1.175,17103,0
2017-06-05,17:00:00,1.195,1.195,1.195,1.195,100,0
2017-06-05,18:00:00,1.16,1.2,1.16,1.2,2100,0
2017-06-05,19:00:00,1.2,1.2,1.2,1.2,1556,0
2017-06-05,20:00:00,1.175,1.2,1.16,1.2,54564,0
2017-06-05,21:00:00,1.2,1.2,1.15,1.2,7629,0
2017-06-05,22:00:00,1.2,1.2,1.15,1.15,3378,0
2017-06-06,16:00:00,1.25,1.25,1.2,1.2112,15480,0
2017-06-06,17:00:00,1.21,1.25,1.15,1.2,115588,0
2017-06-06,18:00:00,1.16,1.175,1.15,1.175,22164,0
2017-06-06,19:00:00,1.19,1.2,1.175,1.2,55893,0
2017-06-06,20:00:00,1.2,1.2,1.19,1.2,30745,0
2017-06-06,21:00:00,1.2,1.2,1.15,1.2,39674,0
2017-06-06,22:00:00,1.2,1.2,1.19,1.2,5991,0
2017-06-07,16:00:00,1.2,1.2,1.16,1.2,3185,0
2017-06-07,17:00:00,1.2,1.2,1.16,1.2,10870,0
2017-06-07,18:00:00,1.19,1.2,1.19,1.2,2524,0
2017-06-07,19:00:00,1.2,1.2,1.19,1.2,2700,0
2017-06-07,20:00:00,1.2,1.2,1.155,1.2,923,0
2017-06-07,21:00:00,1.2,1.2,1.16,1.2,9300,0
2017-06-07,22:00:00,1.2,1.2,1.15,1.15,5976,0
2017-06-08,16:00:00,1.15,1.2,1.15,1.15,2270,0
2017-06-08,17:00:00,1.2,1.2,1.16,1.19,5884,0
2017-06-08,18:00:00,1.2,1.2,1.16,1.2,13440,0
2017-06-08,19:00:00,1.1882,1.2,1.15,1.2,1300,0
2017-06-08,20:00:00,1.175,1.2,1.175,1.19,5310,0
2017-06-08,21:00:00,1.2,1.2,1.19,1.2,17400,0
2017-06-08,22:00:00,1.195,1.195,1.15,1.15,914,0
2017-06-09,16:00:00,1.2,1.2,1.15,1.15,14157,0
2017-06-09,17:00:00,1.195,1.2,1.15,1.175,57520,0
2017-06-09,18:00:00,1.175,1.1882,1.15,1.175,10725,0
2017-06-09,19:00:00,1.175,1.2,1.155,1.175,2100,0
2017-06-09,20:00:00,1.175,1.175,1.175,1.175,400,0
2017-06-09,21:00:00,1.175,1.1765,1.15,1.175,2500,0
2017-06-09,22:00:00,1.175,1.2,1.15,1.2,10650,0
2017-06-12,16:00:00,1.2,1.2,1.15,1.2,2408,0
2017-06-12,17:00:00,1.1805,1.2,1.1805,1.2,710,0
2017-06-12,18:00:00,1.2,1.2,1.16,1.19,2025,0
2017-06-12,19:00:00,1.2,1.2,1.15,1.175,21647,0
2017-06-12,20:00:00,1.175,1.175,1.15,1.175,834,0
2017-06-12,21:00:00,1.175,1.175,1.05,1.15,9905,0
2017-06-12,22:00:00,1.15,1.19,1.1,1.1,4298,0
2017-06-13,16:00:00,1.1,1.1,1.075,1.075,6732,0
2017-06-13,17:00:00,1.1,1.15,1.05,1.15,9352,0
2017-06-13,18:00:00,1.125,1.2,1.125,1.2,3765,0
2017-06-13,19:00:00,1.1616,1.2,1.1616,1.2,350,0
2017-06-13,20:00:00,1.16,1.2,1.15,1.15,5727,0
2017-06-13,21:00:00,1.2,1.2,1.2,1.2,200,0
2017-06-13,22:00:00,1.2,1.2,1.16,1.2,744,0
2017-06-14,16:00:00,1.15,1.15,1.1,1.1325,2852,0
2017-06-14,17:00:00,1.125,1.15,1.07,1.1,35242,0
2017-06-14,18:00:00,1.1,1.1,1.09,1.09,2700,0
2017-06-14,19:00:00,1.1,1.15,1.075,1.1,24197,0
2017-06-14,20:00:00,1.1,1.1,1.05,1.1,17691,0
2017-06-14,21:00:00,1.055,1.1,1.05,1.1,11700,0
2017-06-14,22:00:00,1.1,1.1,1.05,1.05,7374,0
2017-06-15,16:00:00,1.05,1.05,0.945,1,96066,0
2017-06-15,17:00:00,1,1.045,0.975,1.025,31936,0
2017-06-15,18:00:00,1.025,1.025,0.97,0.97,8939,0
2017-06-15,19:00:00,1,1,0.989,0.989,7763,0
2017-06-15,20:00:00,0.995,0.995,0.96,0.995,3534,0
2017-06-15,21:00:00,0.99,1,0.95,0.9757,12097,0
2017-06-15,22:00:00,0.955,1,0.95,0.95,14903,0
2017-06-16,16:00:00,0.9755,1,0.97,1,6502,0
2017-06-16,17:00:00,1,1,0.9802,0.9909,14126,0
2017-06-16,18:00:00,0.989,1,0.989,0.9902,9400,0
2017-06-16,19:00:00,0.9985,1,0.9901,0.9902,1652,0
2017-06-16,20:00:00,0.9901,1,0.98,0.9901,36995,0
2017-06-16,21:00:00,0.9999,0.9999,0.9901,0.9901,3490,0
2017-06-16,22:00:00,0.9901,0.9987,0.9804,0.9987,6718,0
2017-06-19,16:00:00,1,1,0.98,0.9966,20984,0
2017-06-19,17:00:00,0.9951,1,0.987,0.99,15132,0
2017-06-19,18:00:00,0.99,0.99,0.9851,0.99,700,0
2017-06-19,19:00:00,0.99,0.99,0.9808,0.99,2800,0
2017-06-19,20:00:00,0.9823,0.9871,0.9797,0.9797,8856,0
2017-06-19,21:00:00,0.9797,0.984,0.9521,0.9786,9300,0
2017-06-19,22:00:00,0.98,0.98,0.95,0.95,10712,0
2017-06-20,16:00:00,0.9381,0.98,0.9381,0.98,2499,0
2017-06-20,17:00:00,0.95,0.98,0.95,0.97,2151,0
2017-06-20,18:00:00,0.97,0.97,0.95,0.95,19074,0
2017-06-20,19:00:00,0.9314,0.9314,0.9182,0.92,6221,0
2017-06-20,20:00:00,0.9414,0.9501,0.9414,0.9501,10850,0
2017-06-20,21:00:00,0.96,0.96,0.9504,0.96,4047,0
2017-06-20,22:00:00,0.9583,0.9704,0.9583,0.9704,3500,0
2017-06-21,16:00:00,0.9798,0.98,0.9798,0.98,829,0
2017-06-21,17:00:00,0.979,0.98,0.9721,0.9721,8200,0
2017-06-21,18:00:00,0.98,0.9972,0.975775,0.9972,8063,0
2017-06-21,19:00:00,0.9808,0.9997,0.976,0.976,2900,0
2017-06-21,20:00:00,1,1,0.9999,1,7916,0
2017-06-21,21:00:00,1,1,0.9759,0.976,1346,0
2017-06-21,22:00:00,1,1,0.9837,1,7762,0
2017-06-22,16:00:00,1.03,1.03,0.9,1,43543,0
2017-06-22,17:00:00,0.9876,1,0.9876,0.9999,10050,0
2017-06-22,18:00:00,0.9985,1.03,0.9963,1.0101,4450,0
2017-06-22,19:00:00,1.03,1.03,1.0101,1.03,3566,0
2017-06-22,20:00:00,1.03,1.03,1.02,1.03,6399,0
2017-06-22,21:00:00,1.0201,1.03,1.0201,1.03,900,0
2017-06-22,22:00:00,1.03,1.03,1.03,1.03,2700,0
2017-06-23,16:00:00,1.03,1.03,1.0054,1.0299,13906,0
2017-06-23,17:00:00,1.03,1.03,1.0214,1.0214,10592,0
2017-06-23,18:00:00,1.0499,1.09,1.0426,1.07,26482,0
2017-06-23,19:00:00,1.0867,1.0867,1.0799,1.08,1200,0
2017-06-23,20:00:00,1.0501,1.1,1.0501,1.0602,5647,0
2017-06-23,21:00:00,1.05,1.09,1.05,1.09,517,0
2017-06-23,22:00:00,1.0868,1.1,1.05,1.09,6520,0
2017-06-26,16:00:00,1.15,1.2299,1.15,1.2299,39986,0
2017-06-26,17:00:00,1.2463,1.482,1.22,1.36,248586,0
2017-06-26,18:00:00,1.38,1.55,1.36,1.4426,229096,0
2017-06-26,19:00:00,1.4765,1.51,1.43,1.48,101163,0
2017-06-26,20:00:00,1.5,1.58,1.45,1.46,173726,0
2017-06-26,21:00:00,1.46,1.48,1.35,1.3779,84244,0
2017-06-26,22:00:00,1.3701,1.4,1.35,1.4,60318,0
2017-06-27,16:00:00,1.4,1.84,1.4,1.7599,674659,0
2017-06-27,17:00:00,1.779,1.88,1.58,1.6899,758427,0
2017-06-27,18:00:00,1.6654,1.72,1.65,1.66,181385,0
2017-06-27,19:00:00,1.66,1.73,1.65,1.6562,143480,0
2017-06-27,20:00:00,1.65,1.7,1.65,1.67,35370,0
2017-06-27,21:00:00,1.6879,1.86,1.67,1.811,569372,0
2017-06-27,22:00:00,1.8209,1.87,1.71,1.76,433986,0
2017-06-28,16:00:00,1.74,1.94,1.54,1.6301,1134816,0
2017-06-28,17:00:00,1.64,1.72,1.63,1.6665,198841,0
2017-06-28,18:00:00,1.67,1.67,1.63,1.65,139486,0
2017-06-28,19:00:00,1.65,1.67,1.64,1.645,97283,0
2017-06-28,20:00:00,1.645,1.65,1.63,1.6301,24505,0
2017-06-28,21:00:00,1.6327,1.635,1.62,1.625,104427,0
2017-06-28,22:00:00,1.63,1.69,1.625,1.67,153063,0
2017-06-29,16:00:00,1.6,1.75,1.6,1.72,104168,0
2017-06-29,17:00:00,1.73,1.77,1.66,1.73,133284,0
2017-06-29,18:00:00,1.73,1.76,1.705,1.73,70705,0
2017-06-29,19:00:00,1.71,1.7273,1.7,1.7,43562,0
2017-06-29,20:00:00,1.71,1.71,1.69,1.71,34664,0
2017-06-29,21:00:00,1.7,1.75,1.695,1.75,87480,0
2017-06-29,22:00:00,1.75,1.76,1.74,1.75,39946,0
2017-06-30,16:00:00,1.92,1.93,1.78,1.85,162540,0
2017-06-30,17:00:00,1.88,1.88,1.76,1.8,165614,0
2017-06-30,18:00:00,1.8079,1.82,1.79,1.815,35113,0
2017-06-30,19:00:00,1.81,1.84,1.8,1.8099,75415,0
2017-06-30,20:00:00,1.79,1.84,1.76,1.8137,77433,0
2017-06-30,21:00:00,1.81,1.82,1.75,1.7552,24564,0
2017-06-30,22:00:00,1.75,1.76,1.73,1.76,28076,0
2017-07-03,16:00:00,1.7,1.7055,1.62,1.6571,66485,0
2017-07-03,17:00:00,1.6201,1.7,1.62,1.6828,14085,0
2017-07-03,18:00:00,1.6828,1.73,1.6828,1.73,21446,0
2017-07-03,19:00:00,1.74,1.759,1.71,1.72,9120,0
2017-07-03,20:00:00,1.75,1.75,1.75,1.75,200,0
2017-07-05,16:00:00,1.75,1.81,1.7211,1.79,67408,0
2017-07-05,17:00:00,1.78,1.8,1.7,1.75,34312,0
2017-07-05,18:00:00,1.721,1.721,1.65,1.7,20564,0
2017-07-05,19:00:00,1.68,1.71,1.67,1.7,4519,0
2017-07-05,20:00:00,1.71,1.72,1.7,1.7001,12240,0
2017-07-05,21:00:00,1.7,1.75,1.7,1.71,18613,0
2017-07-05,22:00:00,1.7051,1.73,1.7,1.73,13904,0
2017-07-06,16:00:00,1.72,1.75,1.69,1.718,19349,0
2017-07-06,17:00:00,1.71,1.75,1.69,1.75,36219,0
2017-07-06,18:00:00,1.75,1.75,1.73,1.73,14800,0
2017-07-06,19:00:00,1.743,1.743,1.71,1.714,7677,0
2017-07-06,21:00:00,1.734,1.75,1.71,1.71,6639,0
2017-07-06,22:00:00,1.73,1.76,1.72,1.76,11241,0
2017-07-07,16:00:00,1.75,1.76,1.72,1.76,5672,0
2017-07-07,17:00:00,1.75,1.8,1.71,1.77,18681,0
2017-07-07,18:00:00,1.75,1.7801,1.74,1.7801,17428,0
2017-07-07,19:00:00,1.7999,1.7999,1.76,1.76,12740,0
2017-07-07,20:00:00,1.76,1.775,1.71,1.7411,40319,0
2017-07-07,21:00:00,1.73,1.7379,1.65,1.6701,37002,0
2017-07-07,22:00:00,1.6701,1.77,1.66,1.7693,20783,0
2017-07-10,16:00:00,1.75,1.75,1.7201,1.73,4583,0
2017-07-10,17:00:00,1.73,1.7499,1.68,1.6801,8739,0
2017-07-10,18:00:00,1.7064,1.71,1.68,1.68,4434,0
2017-07-10,19:00:00,1.7,1.725,1.68,1.725,5466,0
2017-07-10,20:00:00,1.7035,1.72,1.68,1.695,4000,0
2017-07-10,21:00:00,1.6821,1.76,1.6821,1.7572,16173,0
2017-07-10,22:00:00,1.745,1.745,1.73,1.74,9240,0
2017-07-11,16:00:00,1.83,1.83,1.75,1.78,25671,0
2017-07-11,17:00:00,1.785,1.83,1.785,1.81,28701,0
2017-07-11,18:00:00,1.83,1.83,1.81,1.8227,6027,0
2017-07-11,19:00:00,1.8,1.83,1.8,1.8099,2150,0
2017-07-11,20:00:00,1.81,1.82,1.77,1.77,15460,0
2017-07-11,21:00:00,1.77,1.8,1.77,1.8,5343,0
2017-07-11,22:00:00,1.7864,1.82,1.7709,1.82,42752,0
2017-07-12,16:00:00,1.82,1.82,1.79,1.82,9637,0
2017-07-12,17:00:00,1.82,1.82,1.81,1.8192,4267,0
2017-07-12,18:00:00,1.81,1.82,1.81,1.8199,6468,0
2017-07-12,19:00:00,1.82,1.82,1.8,1.82,24264,0
2017-07-12,20:00:00,1.82,1.82,1.8199,1.82,3670,0
2017-07-12,21:00:00,1.82,1.82,1.8064,1.8064,1850,0
2017-07-12,22:00:00,1.82,1.82,1.8,1.81,11020,0
2017-07-13,16:00:00,1.81,1.8256,1.81,1.811,8934,0
2017-07-13,17:00:00,1.815,1.8193,1.8007,1.8193,4615,0
2017-07-13,18:00:00,1.81,1.8182,1.8,1.8,3100,0
2017-07-13,19:00:00,1.8063,1.81,1.74,1.74,6000,0
2017-07-13,20:00:00,1.742,1.75,1.74,1.7415,1316,0
2017-07-13,21:00:00,1.74,1.7568,1.71,1.7474,12741,0
2017-07-13,22:00:00,1.7258,1.82,1.72,1.795,24105,0
2017-07-14,16:00:00,1.8,1.8,1.76,1.76,369,0
2017-07-14,17:00:00,1.75,1.77,1.75,1.75,2852,0
2017-07-14,18:00:00,1.77,1.77,1.76,1.76,887,0
2017-07-14,19:00:00,1.751,1.77,1.74,1.74,5918,0
2017-07-14,20:00:00,1.75,1.75,1.74,1.74,600,0
2017-07-14,22:00:00,1.74,1.77,1.74,1.77,6817,0
2017-07-17,16:00:00,1.78,1.78,1.7642,1.7642,4613,0
2017-07-17,17:00:00,1.7698,1.83,1.75,1.8249,14872,0
2017-07-17,18:00:00,1.83,1.83,1.7833,1.81,20183,0
2017-07-17,19:00:00,1.81,1.81,1.79,1.79,12394,0
2017-07-17,20:00:00,1.79,1.797,1.79,1.79,5528,0
2017-07-17,21:00:00,1.76,1.76,1.76,1.76,200,0
2017-07-17,22:00:00,1.79,1.8,1.78,1.8,1432,0
2017-07-18,16:00:00,1.8,1.83,1.7995,1.82,22989,0
2017-07-18,17:00:00,1.83,1.83,1.78,1.78,13984,0
2017-07-18,18:00:00,1.781,1.7937,1.77,1.77,5950,0
2017-07-18,19:00:00,1.7729,1.7729,1.77,1.77,6325,0
2017-07-18,20:00:00,1.77,1.77,1.731,1.7631,19205,0
2017-07-18,21:00:00,1.73,1.73,1.7286,1.7299,6300,0
2017-07-18,22:00:00,1.7162,1.72,1.71,1.72,10439,0
2017-07-19,16:00:00,1.72,1.72,1.72,1.72,293,0
2017-07-19,17:00:00,1.7175,1.789,1.71,1.71,2006,0
2017-07-19,18:00:00,1.69,1.7399,1.68,1.7399,12189,0
2017-07-19,19:00:00,1.7179,1.7179,1.7,1.7126,17151,0
2017-07-19,20:00:00,1.6985,1.6985,1.69,1.69,5600,0
2017-07-19,21:00:00,1.68,1.6898,1.65,1.67,6365,0
2017-07-19,22:00:00,1.66,1.69,1.61,1.61,26350,0
2017-07-20,16:00:00,1.6,1.64,1.6,1.6,31485,0
2017-07-20,17:00:00,1.63,1.63,1.6,1.63,7437,0
2017-07-20,18:00:00,1.61,1.63,1.6,1.6,7435,0
2017-07-20,19:00:00,1.61,1.61,1.6,1.6092,4709,0
2017-07-20,20:00:00,1.6279,1.63,1.61,1.61,1290,0
2017-07-20,21:00:00,1.6278,1.64,1.6,1.6,17120,0
2017-07-20,22:00:00,1.61,1.62,1.6,1.62,16258,0
2017-07-21,16:00:00,1.62,1.62,1.57,1.5812,7695,0
2017-07-21,17:00:00,1.58,1.6,1.58,1.5899,8021,0
2017-07-21,18:00:00,1.59,1.59,1.55,1.557,18650,0
2017-07-21,19:00:00,1.5701,1.5999,1.5648,1.5648,6104,0
2017-07-21,20:00:00,1.575,1.59,1.56,1.5751,500,0
2017-07-21,21:00:00,1.561,1.6,1.5542,1.5983,7510,0
2017-07-21,22:00:00,1.58,1.6,1.58,1.6,254,0
2017-07-24,16:00:00,1.58,1.6,1.5624,1.6,9049,0
2017-07-24,17:00:00,1.6152,1.63,1.6001,1.63,5800,0
2017-07-24,18:00:00,1.6024,1.63,1.6,1.6,4122,0
2017-07-24,19:00:00,1.61,1.61,1.57,1.5701,3700,0
2017-07-24,20:00:00,1.59,1.59,1.55,1.56,4612,0
2017-07-24,21:00:00,1.5547,1.6,1.55,1.5634,2968,0
2017-07-24,22:00:00,1.6,1.61,1.57,1.57,1467,0
2017-07-25,16:00:00,1.59,1.63,1.59,1.6,2436,0
2017-07-25,17:00:00,1.6032,1.64,1.55,1.5653,19968,0
2017-07-25,18:00:00,1.5541,1.565,1.5541,1.56,5114,0
2017-07-25,19:00:00,1.5589,1.56,1.55,1.56,2290,0
2017-07-25,20:00:00,1.5607,1.6201,1.5607,1.6201,4399,0
2017-07-25,21:00:00,1.55,1.61,1.55,1.55,4230,0
2017-07-25,22:00:00,1.61,1.64,1.55,1.55,9131,0
2017-07-26,16:00:00,1.55,1.65,1.55,1.5785,4170,0
2017-07-26,17:00:00,1.63,1.6343,1.63,1.6343,1100,0
2017-07-26,18:00:00,1.57,1.6182,1.55,1.5964,7455,0
2017-07-26,19:00:00,1.5927,1.6,1.5927,1.6,690,0
2017-07-26,20:00:00,1.59,1.59,1.56,1.56,2500,0
2017-07-26,21:00:00,1.6014,1.61,1.6014,1.6096,5200,0
2017-07-26,22:00:00,1.57,1.5988,1.55,1.58,3340,0
2017-07-27,16:00:00,1.66,1.7,1.56,1.56,15771,0
2017-07-27,17:00:00,1.55,1.5874,1.55,1.5874,1100,0
2017-07-27,18:00:00,1.57,1.58,1.57,1.58,1100,0
2017-07-27,19:00:00,1.5928,1.6383,1.59,1.62,6298,0
2017-07-27,20:00:00,1.6339,1.6634,1.63,1.6634,8787,0
2017-07-27,21:00:00,1.64,1.67,1.6065,1.67,2325,0
2017-07-27,22:00:00,1.64,1.65,1.61,1.65,6150,0
2017-07-28,16:00:00,1.64,1.6465,1.63,1.64,8546,0
2017-07-28,17:00:00,1.6201,1.65,1.62,1.63,5270,0
2017-07-28,18:00:00,1.6299,1.6299,1.6299,1.6299,1594,0
2017-07-28,19:00:00,1.6207,1.625,1.61,1.61,4546,0
2017-07-28,20:00:00,1.61,1.63,1.61,1.63,3500,0
2017-07-28,21:00:00,1.62,1.64,1.61,1.64,1809,0
2017-07-28,22:00:00,1.64,1.66,1.6354,1.66,13176,0
2017-07-31,16:00:00,1.67,1.67,1.64,1.65,2233,0
2017-07-31,17:00:00,1.65,1.7017,1.65,1.7,7700,0
2017-07-31,18:00:00,1.7,1.71,1.69,1.7,2700,0
2017-07-31,19:00:00,1.6936,1.7,1.661,1.661,6918,0
2017-07-31,20:00:00,1.71,1.71,1.64,1.64,8065,0
2017-07-31,22:00:00,1.72,1.7415,1.68,1.7101,2256,0
2017-08-01,16:00:00,1.73,1.75,1.69,1.69,1237,0
2017-08-01,17:00:00,1.68,1.7243,1.68,1.69,5500,0
2017-08-01,18:00:00,1.69,1.69,1.68,1.68,3872,0
2017-08-01,19:00:00,1.68,1.6934,1.68,1.6934,225,0
2017-08-01,20:00:00,1.68,1.68,1.67,1.67,300,0
2017-08-01,22:00:00,1.67,1.67,1.66,1.66,1185,0
2017-08-02,16:00:00,1.6601,1.7,1.6601,1.7,740,0
2017-08-02,17:00:00,1.67,1.7,1.65,1.66,2274,0
2017-08-02,18:00:00,1.66,1.6743,1.66,1.6743,4152,0
2017-08-02,19:00:00,1.66,1.66,1.66,1.66,1000,0
2017-08-02,22:00:00,1.65,1.7,1.65,1.7,5306,0
2017-08-03,16:00:00,1.67,1.6755,1.66,1.6755,954,0
2017-08-03,17:00:00,1.71,1.7499,1.67,1.72,14797,0
2017-08-03,18:00:00,1.72,1.7464,1.72,1.72,4185,0
2017-08-03,19:00:00,1.72,1.7317,1.67,1.68,15500,0
2017-08-03,20:00:00,1.67,1.68,1.67,1.68,2197,0
2017-08-03,21:00:00,1.681,1.75,1.68,1.68,17158,0
2017-08-03,22:00:00,1.7073,1.73,1.68,1.68,8200,0
2017-08-04,16:00:00,1.69,1.72,1.6715,1.69,3480,0
2017-08-04,17:00:00,1.7038,1.732,1.6851,1.6901,1569,0
2017-08-04,18:00:00,1.708,1.708,1.6912,1.6912,413,0
2017-08-04,19:00:00,1.69,1.69,1.69,1.69,350,0
2017-08-04,20:00:00,1.68,1.7399,1.68,1.7,2666,0
2017-08-04,21:00:00,1.695,1.7,1.695,1.7,4499,0
2017-08-04,22:00:00,1.71,1.74,1.7,1.74,1452,0
2017-08-07,16:00:00,1.74,1.74,1.7,1.7,3750,0
2017-08-07,17:00:00,1.71,1.73,1.71,1.71,5354,0
2017-08-07,18:00:00,1.705,1.71,1.68,1.68,17545,0
2017-08-07,19:00:00,1.68,1.68,1.68,1.68,798,0
2017-08-07,20:00:00,1.68,1.7,1.68,1.68,2540,0
2017-08-07,21:00:00,1.68,1.705,1.68,1.6974,5809,0
2017-08-07,22:00:00,1.68,1.7,1.65,1.68,11089,0
2017-08-08,16:00:00,1.68,1.68,1.67,1.6761,735,0
2017-08-08,17:00:00,1.7186,1.72,1.7,1.7166,4700,0
2017-08-08,18:00:00,1.7091,1.72,1.7,1.72,5860,0
2017-08-08,19:00:00,1.72,1.72,1.7,1.7,12208,0
2017-08-08,20:00:00,1.71,1.72,1.71,1.72,3000,0
2017-08-08,21:00:00,1.72,1.72,1.71,1.72,17982,0
2017-08-08,22:00:00,1.7174,1.72,1.7,1.7,23000,0
2017-08-09,16:00:00,1.7,1.72,1.68,1.68,776,0
2017-08-09,17:00:00,1.71,1.71,1.71,1.71,596,0
2017-08-09,18:00:00,1.7,1.7,1.68,1.68,7700,0
2017-08-09,19:00:00,1.68,1.68,1.68,1.68,100,0
2017-08-09,20:00:00,1.6876,1.6899,1.68,1.685,2050,0
2017-08-09,21:00:00,1.69,1.7,1.68,1.68,5995,0
2017-08-09,22:00:00,1.68,1.69,1.68,1.68,12306,0
2017-08-10,16:00:00,1.7,1.7,1.65,1.65,17224,0
2017-08-10,17:00:00,1.6594,1.6594,1.65,1.65,11966,0
2017-08-10,18:00:00,1.6599,1.68,1.6,1.65,55555,0
2017-08-10,19:00:00,1.631,1.65,1.6301,1.65,13816,0
2017-08-10,20:00:00,1.6591,1.67,1.64,1.67,21699,0
2017-08-10,21:00:00,1.68,1.68,1.65,1.68,20595,0
2017-08-10,22:00:00,1.68,1.68,1.65,1.65,64945,0
2017-08-11,16:00:00,1.7,1.7,1.6713,1.678,75759,0
2017-08-11,17:00:00,1.6873,1.7131,1.68,1.6958,55410,0
2017-08-11,18:00:00,1.6826,1.7,1.68,1.69,22929,0
2017-08-11,19:00:00,1.681,1.75,1.681,1.7312,70431,0
2017-08-11,20:00:00,1.73,1.74,1.73,1.74,13835,0
2017-08-11,21:00:00,1.73,1.73,1.715,1.715,1050,0
2017-08-11,22:00:00,1.71,1.74,1.7015,1.73,21187,0
2017-08-14,16:00:00,1.7,1.77,1.7,1.751,53527,0
2017-08-14,17:00:00,1.7699,1.79,1.761,1.7726,28044,0
2017-08-14,18:00:00,1.78,1.813,1.78,1.7999,58646,0
2017-08-14,19:00:00,1.7972,1.83,1.79,1.8,63039,0
2017-08-14,20:00:00,1.8001,1.83,1.79,1.8,83851,0
2017-08-14,21:00:00,1.81,1.81,1.7946,1.7946,12611,0
2017-08-14,22:00:00,1.8,1.83,1.8,1.83,41342,0
2017-08-15,16:00:00,1.83,1.938,1.82,1.86,220604,0
2017-08-15,17:00:00,1.8678,1.93,1.8,1.8,267669,0
2017-08-15,18:00:00,1.8,1.92,1.755,1.9,95554,0
2017-08-15,19:00:00,1.9,1.9,1.83,1.85,15088,0
2017-08-15,20:00:00,1.86,1.87,1.84,1.85,21250,0
2017-08-15,21:00:00,1.8481,1.85,1.84,1.85,25700,0
2017-08-15,22:00:00,1.85,1.86,1.8326,1.84,24934,0
2017-08-16,16:00:00,1.86,1.8971,1.85,1.868,20616,0
2017-08-16,17:00:00,1.8615,1.93,1.8615,1.93,35786,0
2017-08-16,18:00:00,1.92,1.99,1.88,1.98,51068,0
2017-08-16,19:00:00,1.9431,1.9699,1.89,1.94,73142,0
2017-08-16,20:00:00,1.965,1.9773,1.9,1.95,29803,0
2017-08-16,21:00:00,1.9501,1.99,1.95,1.97,16617,0
2017-08-16,22:00:00,1.98,2.0759,1.97,2.05,141994,0
2017-08-17,16:00:00,2.06,2.15,2.0142,2.07,44215,0
2017-08-17,17:00:00,2.1,2.1,1.95,2.05,70569,0
2017-08-17,18:00:00,2.01,2.05,2.01,2.04,14206,0
2017-08-17,19:00:00,2.0525,2.0988,2.03,2.06,46705,0
2017-08-17,20:00:00,2.0516,2.06,2.03,2.035,13200,0
2017-08-17,21:00:00,2.03,2.04,2.03,2.03,8645,0
2017-08-17,22:00:00,2.03,2.03,1.94,2,49680,0
2017-08-18,16:00:00,2,2,1.9303,1.9461,17425,0
2017-08-18,17:00:00,1.9529,2.04,1.9529,2.02,12484,0
2017-08-18,18:00:00,2.05,2.08,2.04,2.08,31086,0
2017-08-18,19:00:00,2.08,2.13,2.07,2.12,19534,0
2017-08-18,20:00:00,2.1276,2.14,2.08,2.1218,19064,0
2017-08-18,21:00:00,2.125,2.14,2.11,2.11,8635,0
2017-08-18,22:00:00,2.1226,2.15,2.11,2.15,50290,0
2017-08-21,16:00:00,2.2,2.2,2.11,2.12,40120,0
2017-08-21,17:00:00,2.1107,2.16,2.1101,2.1308,26416,0
2017-08-21,18:00:00,2.1418,2.1559,2.13,2.1502,16100,0
2017-08-21,19:00:00,2.155,2.1557,2.11,2.1108,18775,0
2017-08-21,20:00:00,2.12,2.12,2,2.01,43087,0
2017-08-21,21:00:00,2.0021,2.08,2.0021,2.06,6767,0
2017-08-21,22:00:00,2.06,2.08,2.0536,2.07,13071,0
2017-08-22,16:00:00,2.07,2.1,2.0284,2.06,6086,0
2017-08-22,17:00:00,2.0301,2.05,2.0301,2.05,1750,0
2017-08-22,18:00:00,2.0432,2.05,2.02,2.03,8273,0
2017-08-22,19:00:00,2.0401,2.05,2.02,2.033,7600,0
2017-08-22,20:00:00,2.0321,2.04,2.02,2.04,1200,0
2017-08-22,21:00:00,2.02,2.02,2.02,2.02,2573,0
2017-08-22,22:00:00,2.0235,2.06,2.01,2.05,21581,0
2017-08-23,16:00:00,2.05,2.05,2.01,2.01,1504,0
2017-08-23,17:00:00,2.0238,2.05,2.02,2.0242,4050,0
2017-08-23,18:00:00,2.02,2.05,1.97,1.98,11703,0
2017-08-23,19:00:00,1.99,2,1.96,2,11200,0
2017-08-23,20:00:00,1.99,2,1.97,1.9971,9400,0
2017-08-23,21:00:00,1.97,2,1.97,1.982,3615,0
2017-08-23,22:00:00,1.975,2.02,1.975,1.99,19106,0
2017-08-24,16:00:00,1.96,2.06,1.96,2.06,15621,0
2017-08-24,17:00:00,2.04,2.0401,2.0141,2.0141,2293,0
2017-08-24,18:00:00,2.0102,2.03,2.0102,2.02,5186,0
2017-08-24,19:00:00,2.02,2.03,2.01,2.02,15920,0
2017-08-24,20:00:00,2.01,2.08,2.01,2.08,6305,0
2017-08-24,21:00:00,2.07,2.08,2.05,2.06,9161,0
2017-08-24,22:00:00,2.06,2.1,2.0557,2.09,17615,0
2017-08-25,16:00:00,2.12,2.12,2.07,2.1,3667,0
2017-08-25,17:00:00,2.0863,2.11,2.07,2.09,8999,0
2017-08-25,18:00:00,2.07,2.0732,2.06,2.07,1400,0
2017-08-25,19:00:00,2.08,2.08,2.05,2.07,2821,0
2017-08-25,20:00:00,2.0724,2.08,2.05,2.08,8333,0
2017-08-25,21:00:00,2.0537,2.08,2.04,2.0615,6240,0
2017-08-25,22:00:00,2.08,2.09,2.04,2.09,18850,0
2017-08-28,16:00:00,2.07,2.1,2.06,2.0972,4347,0
2017-08-28,17:00:00,2.07,2.1,2.07,2.1,4508,0
2017-08-28,18:00:00,2.0798,2.09,2.05,2.09,3250,0
2017-08-28,19:00:00,2.0632,2.09,2.0632,2.08,5415,0
2017-08-28,20:00:00,2.0641,2.08,2.06,2.0724,452,0
2017-08-28,21:00:00,2.08,2.08,2.0601,2.08,13920,0
2017-08-28,22:00:00,2.08,2.1,2.07,2.07,20832,0
2017-08-29,16:00:00,2.03,2.032,2,2.01,9691,0
2017-08-29,17:00:00,2.0361,2.07,2.0361,2.07,3043,0
2017-08-29,18:00:00,2.09,2.1,2.0874,2.09,5552,0
2017-08-29,19:00:00,2.09,2.1,2.08,2.08,1300,0
2017-08-29,20:00:00,2.08,2.08,2.08,2.08,100,0
2017-08-29,21:00:00,2.1,2.1,2.085,2.09,14000,0
2017-08-29,22:00:00,2.09,2.09,2.05,2.051,3385,0
2017-08-30,16:00:00,2.05,2.064,2.05,2.064,1018,0
2017-08-30,17:00:00,2.0648,2.1,2.05,2.1,7128,0
2017-08-30,18:00:00,2.08,2.11,2.08,2.0959,3398,0
2017-08-30,19:00:00,2.0842,2.1,2.08,2.0999,3401,0
2017-08-30,20:00:00,2.09,2.1,2.09,2.1,2234,0
2017-08-30,21:00:00,2.105,2.1176,2.095,2.1,9937,0
2017-08-30,22:00:00,2.09,2.11,2.06,2.11,952,0
2017-08-31,16:00:00,2.1,2.1,2.1,2.1,456,0
2017-08-31,17:00:00,2.08,2.14,2.08,2.08,19224,0
2017-08-31,18:00:00,2.1,2.11,2.0927,2.11,4247,0
2017-08-31,19:00:00,2.1,2.1,2.091,2.091,574,0
2017-08-31,20:00:00,2.11,2.11,2.11,2.11,100,0
2017-08-31,21:00:00,2.1,2.11,2.1,2.11,800,0
2017-08-31,22:00:00,2.105,2.11,2.07,2.07,11041,0
2017-09-01,16:00:00,2.05,2.132,2.05,2.0641,5064,0
2017-09-01,17:00:00,2.14,2.14,2.0759,2.11,4366,0
2017-09-01,18:00:00,2.09,2.13,2.09,2.13,5917,0
2017-09-01,19:00:00,2.09,2.13,2.09,2.13,900,0
2017-09-01,20:00:00,2.1,2.1,2.1,2.1,100,0
2017-09-01,21:00:00,2.1,2.1,2.1,2.1,400,0
2017-09-01,22:00:00,2.09,2.14,2.09,2.14,17727,0
2017-09-05,16:00:00,2.12,2.12,2.09,2.09,4440,0
2017-09-05,17:00:00,2.0844,2.1,2.0604,2.1,8012,0
2017-09-05,19:00:00,2.0987,2.1,2.0987,2.1,10820,0
2017-09-05,20:00:00,2.1,2.12,2.1,2.12,7495,0
2017-09-05,21:00:00,2.111,2.12,2.11,2.12,3350,0
2017-09-05,22:00:00,2.12,2.12,2.1165,2.12,4600,0
2017-09-06,16:00:00,2.15,2.2,2.15,2.16,21666,0
2017-09-06,17:00:00,2.16,2.1888,2.16,2.17,1944,0
2017-09-06,18:00:00,2.17,2.429,2.17,2.33,52506,0
2017-09-06,19:00:00,2.33,2.3304,2.2,2.21,19610,0
2017-09-06,20:00:00,2.2001,2.24,2.16,2.17,5730,0
2017-09-06,21:00:00,2.15,2.18,2.15,2.18,1781,0
2017-09-06,22:00:00,2.18,2.2138,2.18,2.2138,16045,0
2017-09-07,16:00:00,2.25,2.25,2.2301,2.2401,15092,0
2017-09-07,17:00:00,2.2466,2.2466,2.23,2.235,17862,0
2017-09-07,18:00:00,2.2314,2.25,2.2314,2.2463,13418,0
2017-09-07,19:00:00,2.25,2.33,2.2479,2.32,67634,0
2017-09-07,20:00:00,2.32,2.32,2.2924,2.3,5000,0
2017-09-07,21:00:00,2.3,2.37,2.3,2.33,21059,0
2017-09-07,22:00:00,2.3766,2.3766,2.2976,2.35,20156,0
2017-09-08,16:00:00,2.36,2.39,2.33,2.3301,16972,0
2017-09-08,17:00:00,2.3453,2.3499,2.29,2.3039,12750,0
2017-09-08,18:00:00,2.31,2.31,2.3,2.31,6080,0
2017-09-08,19:00:00,2.31,2.31,2.28,2.28,8454,0
2017-09-08,20:00:00,2.26,2.29,2.26,2.26,6800,0
2017-09-08,21:00:00,2.29,2.3,2.261,2.2939,7253,0
2017-09-08,22:00:00,2.3,2.31,2.2948,2.31,2400,0
2017-09-11,16:00:00,2.31,2.31,2.25,2.295,4769,0
2017-09-11,17:00:00,2.28,2.39,2.28,2.295,40139,0
2017-09-11,18:00:00,2.29,2.355,2.29,2.3447,17575,0
2017-09-11,19:00:00,2.35,2.35,2.33,2.335,7000,0
2017-09-11,20:00:00,2.335,2.335,2.29,2.31,6050,0
2017-09-11,21:00:00,2.31,2.34,2.31,2.33,2367,0
2017-09-11,22:00:00,2.33,2.38,2.3233,2.35,24048,0
2017-09-12,16:00:00,2.27,2.2783,2.255,2.2612,16754,0
2017-09-12,17:00:00,2.2754,2.3,2.27,2.282,15425,0
2017-09-12,18:00:00,2.3,2.32,2.2701,2.32,1606,0
2017-09-12,19:00:00,2.32,2.35,2.32,2.34,5262,0
2017-09-12,20:00:00,2.35,2.38,2.35,2.3658,15723,0
2017-09-12,21:00:00,2.38,2.4,2.37,2.4,17193,0
2017-09-12,22:00:00,2.385,2.4,2.36,2.4,10729,0
2017-09-13,16:00:00,2.39,2.39,2.3782,2.3782,1126,0
2017-09-13,17:00:00,2.3767,2.39,2.36,2.38,26276,0
2017-09-13,18:00:00,2.39,2.39,2.3815,2.3815,2400,0
2017-09-13,19:00:00,2.39,2.4,2.381,2.4,14313,0
2017-09-13,20:00:00,2.3801,2.42,2.3801,2.42,15550,0
2017-09-13,21:00:00,2.44,2.46,2.43,2.45,25288,0
2017-09-13,22:00:00,2.431,2.5,2.39,2.48,49847,0
2017-09-14,16:00:00,2.43,2.44,2.42,2.44,6503,0
2017-09-14,17:00:00,2.43,2.6,2.371,2.4,38038,0
2017-09-14,18:00:00,2.42,2.53,2.42,2.485,20340,0
2017-09-14,19:00:00,2.4701,2.53,2.4701,2.5238,14782,0
2017-09-14,20:00:00,2.505,2.505,2.48,2.4852,752,0
2017-09-14,21:00:00,2.505,2.525,2.48,2.48,1400,0
2017-09-14,22:00:00,2.5041,2.53,2.47,2.47,17439,0
2017-09-15,16:00:00,2.55,2.55,2.5,2.5249,9290,0
2017-09-15,17:00:00,2.5299,2.5299,2.5128,2.5215,6971,0
2017-09-15,18:00:00,2.53,2.55,2.5283,2.55,19382,0
2017-09-15,19:00:00,2.549,2.65,2.545,2.64,44955,0
2017-09-15,20:00:00,2.6374,2.6374,2.56,2.585,22134,0
2017-09-15,21:00:00,2.58,2.6,2.56,2.5621,6312,0
2017-09-15,22:00:00,2.575,2.6,2.47,2.47,30110,0
2017-09-18,16:00:00,2.52,2.5299,2.51,2.5299,6715,0
2017-09-18,17:00:00,2.5188,2.53,2.5101,2.521,17745,0
2017-09-18,18:00:00,2.52,2.54,2.52,2.54,10151,0
2017-09-18,19:00:00,2.5499,2.6,2.5499,2.59,19357,0
2017-09-18,20:00:00,2.5942,2.5987,2.55,2.57,10690,0
2017-09-18,21:00:00,2.5582,2.5582,2.53,2.54,7833,0
2017-09-18,22:00:00,2.5486,2.55,2.5,2.5,11638,0
2017-09-19,16:00:00,2.53,2.53,2.5,2.5,8144,0
2017-09-19,17:00:00,2.48,2.52,2.46,2.5,4045,0
2017-09-19,18:00:00,2.49,2.49,2.4421,2.4421,5200,0
2017-09-19,19:00:00,2.4469,2.45,2.36,2.39,23081,0
2017-09-19,20:00:00,2.399,2.42,2.35,2.41,11988,0
2017-09-19,21:00:00,2.4051,2.4051,2.35,2.39,4613,0
2017-09-19,22:00:00,2.35,2.389,2.25,2.25,33375,0
2017-09-20,16:00:00,2.22,2.36,2.21,2.35,4942,0
2017-09-20,17:00:00,2.296,2.296,2.21,2.2133,8334,0
2017-09-20,18:00:00,2.215,2.28,2.215,2.26,10722,0
2017-09-20,19:00:00,2.27,2.28,2.269,2.28,1700,0
2017-09-20,20:00:00,2.28,2.33,2.27,2.33,6468,0
2017-09-20,21:00:00,2.349,2.4,2.345,2.4,1634,0
2017-09-20,22:00:00,2.42,2.429,2.37,2.4,2941,0
2017-09-21,16:00:00,2.35,2.35,2.3,2.35,21506,0
2017-09-21,17:00:00,2.3,2.3,2.29,2.295,650,0
2017-09-21,18:00:00,2.3,2.35,2.3,2.326,3646,0
2017-09-21,19:00:00,2.33,2.335,2.32,2.335,1000,0
2017-09-21,20:00:00,2.35,2.3541,2.33,2.33,2422,0
2017-09-21,21:00:00,2.3442,2.37,2.33,2.37,950,0
2017-09-21,22:00:00,2.38,2.44,2.38,2.41,8493,0
2017-09-22,16:00:00,2.49,2.49,2.4143,2.421,13561,0
2017-09-22,17:00:00,2.4416,2.45,2.4389,2.45,2555,0
2017-09-22,18:00:00,2.45,2.5,2.45,2.486,1300,0
2017-09-22,19:00:00,2.5,2.5,2.47,2.4999,18350,0
2017-09-22,20:00:00,2.485,2.491,2.4501,2.4501,6224,0
2017-09-22,21:00:00,2.4767,2.4767,2.4767,2.4767,500,0
2017-09-22,22:00:00,2.4702,2.5,2.4702,2.5,11090,0
2017-09-25,16:00:00,2.54,2.59,2.5267,2.5613,16270,0
2017-09-25,17:00:00,2.5699,2.6,2.5649,2.6,31821,0
2017-09-25,18:00:00,2.5801,2.64,2.58,2.63,11364,0
2017-09-25,19:00:00,2.63,2.64,2.61,2.615,11930,0
2017-09-25,20:00:00,2.61,2.61,2.55,2.57,27021,0
2017-09-25,21:00:00,2.5714,2.5714,2.5714,2.5714,350,0
2017-09-25,22:00:00,2.56,2.6,2.56,2.58,2190,0
2017-09-26,16:00:00,2.55,2.59,2.55,2.5899,8193,0
2017-09-26,17:00:00,2.569,2.59,2.569,2.585,7584,0
2017-09-26,18:00:00,2.5818,2.5818,2.562,2.562,3517,0
2017-09-26,19:00:00,2.5818,2.5818,2.54,2.54,13218,0
2017-09-26,20:00:00,2.55,2.67,2.535,2.66,35009,0
2017-09-26,21:00:00,2.6513,2.6638,2.6,2.6,20099,0
2017-09-26,22:00:00,2.6136,2.62,2.58,2.6,9330,0
2017-09-27,16:00:00,2.6,2.6,2.5554,2.5701,4333,0
2017-09-27,17:00:00,2.5948,2.644,2.5948,2.627,4161,0
2017-09-27,18:00:00,2.646,2.6691,2.61,2.61,4383,0
2017-09-27,19:00:00,2.63,2.636,2.6,2.62,3968,0
2017-09-27,20:00:00,2.6432,2.6432,2.6,2.6201,6362,0
2017-09-27,21:00:00,2.63,2.63,2.51,2.51,12819,0
2017-09-27,22:00:00,2.51,2.6199,2.51,2.6,7583,0
2017-09-28,16:00:00,2.6,2.6,2.544,2.544,3726,0
2017-09-28,17:00:00,2.57,2.5889,2.54,2.5618,2250,0
2017-09-28,18:00:00,2.57,2.59,2.565,2.59,2517,0
2017-09-28,19:00:00,2.59,2.59,2.5687,2.5687,4755,0
2017-09-28,20:00:00,2.61,2.61,2.61,2.61,1000,0
2017-09-28,21:00:00,2.65,2.6613,2.63,2.634,5020,0
2017-09-28,22:00:00,2.64,2.67,2.63,2.63,9150,0
2017-09-29,16:00:00,2.65,2.65,2.63,2.63,3991,0
2017-09-29,17:00:00,2.65,2.6546,2.6486,2.6486,900,0
2017-09-29,18:00:00,2.6525,2.6777,2.6453,2.6777,20216,0
2017-09-29,19:00:00,2.7,2.72,2.67,2.705,14862,0
2017-09-29,20:00:00,2.74,2.825,2.74,2.8023,11829,0
2017-09-29,21:00:00,2.7614,2.82,2.7614,2.81,23801,0
2017-09-29,22:00:00,2.815,2.88,2.81,2.87,42937,0
2017-10-02,16:00:00,2.72,2.86,2.72,2.81,18116,0
2017-10-02,17:00:00,2.81,2.81,2.76,2.81,19491,0
2017-10-02,18:00:00,2.8304,2.8333,2.7582,2.7822,10929,0
2017-10-02,19:00:00,2.78,2.79,2.75,2.7528,3974,0
2017-10-02,20:00:00,2.79,2.79,2.7899,2.79,4000,0
2017-10-02,21:00:00,2.786,2.86,2.7804,2.8102,31874,0
2017-10-02,22:00:00,2.81,2.81,2.8,2.8065,4422,0
2017-10-03,16:00:00,2.8,3.073,2.8,3.039,37573,0
2017-10-03,17:00:00,3.07,3.15,2.95,2.97,35050,0
2017-10-03,18:00:00,2.9569,2.9633,2.9,2.9633,30217,0
2017-10-03,19:00:00,2.98,3.03,2.9701,2.985,30280,0
2017-10-03,20:00:00,2.99,3.0392,2.984,3.02,11702,0
2017-10-03,21:00:00,3.02,3.08,3.02,3.0527,9316,0
2017-10-03,22:00:00,3.041,3.3725,3.041,3.28,75022,0
2017-10-04,16:00:00,3.44,3.44,3.2642,3.342,49202,0
2017-10-04,17:00:00,3.35,3.45,3.32,3.325,79382,0
2017-10-04,18:00:00,3.3366,3.35,3.3,3.31,25459,0
2017-10-04,19:00:00,3.31,3.332,3.27,3.27,13304,0
2017-10-04,20:00:00,3.27,3.32,3.141,3.1621,36762,0
2017-10-04,21:00:00,3.175,3.24,3.175,3.2299,19212,0
2017-10-04,22:00:00,3.24,3.3115,3.206,3.28,18274,0
2017-10-05,16:00:00,3.3,3.42,3.27,3.3,36795,0
2017-10-05,17:00:00,3.3,3.3641,3.3,3.3641,2622,0
2017-10-05,18:00:00,3.35,3.35,3.24,3.3234,19016,0
2017-10-05,19:00:00,3.26,3.34,3.2475,3.25,20969,0
2017-10-05,20:00:00,3.26,3.26,3.02,3.0862,46667,0
2017-10-05,21:00:00,3.1828,3.1927,3.1,3.18,12310,0
2017-10-05,22:00:00,3.1301,3.17,3.06,3.09,14092,0
2017-10-06,16:00:00,3.05,3.1,3.0101,3.02,23237,0
2017-10-06,17:00:00,3.05,3.05,2.92,2.9359,77697,0
2017-10-06,18:00:00,2.95,2.994,2.93,2.994,15155,0
2017-10-06,19:00:00,2.99,3,2.98,3,4067,0
2017-10-06,20:00:00,2.99,3.04,2.98,3.0242,35406,0
2017-10-06,21:00:00,3.03,3.12,2.99,3.08,22897,0
2017-10-06,22:00:00,3.0801,3.0929,3.0378,3.04,11220,0
2017-10-09,16:00:00,3.07,3.07,3,3.0026,15768,0
2017-10-09,17:00:00,3.0199,3.0392,2.86,2.987,34307,0
2017-10-09,18:00:00,2.96,2.96,2.86,2.89,13610,0
2017-10-09,19:00:00,2.8601,2.91,2.86,2.8748,17004,0
2017-10-09,20:00:00,2.86,2.8922,2.85,2.89,8788,0
2017-10-09,21:00:00,2.899,2.899,2.88,2.896,4100,0
2017-10-09,22:00:00,2.8903,2.8903,2.88,2.88,1546,0
2017-10-10,16:00:00,2.87,2.87,2.82,2.82,7910,0
2017-10-10,17:00:00,2.8201,2.87,2.82,2.8541,8977,0
2017-10-10,18:00:00,2.842,2.87,2.75,2.7844,51838,0
2017-10-10,19:00:00,2.774,2.774,2.52,2.66,53517,0
2017-10-10,20:00:00,2.6999,2.6999,2.541,2.63,48297,0
2017-10-10,21:00:00,2.64,2.67,2.63,2.64,5276,0
2017-10-10,22:00:00,2.63,2.68,2.63,2.67,14561,0
2017-10-11,16:00:00,2.6,2.62,2.35,2.5652,22145,0
2017-10-11,17:00:00,2.5601,2.73,2.55,2.73,32826,0
2017-10-11,18:00:00,2.73,2.73,2.694,2.694,3050,0
2017-10-11,19:00:00,2.7,2.7099,2.68,2.6992,5004,0
2017-10-11,20:00:00,2.7,2.71,2.65,2.65,4850,0
2017-10-11,21:00:00,2.66,2.66,2.55,2.56,11737,0
2017-10-11,22:00:00,2.6252,2.66,2.6093,2.63,8067,0
2017-10-12,16:00:00,2.64,2.87,2.55,2.8599,29494,0
2017-10-12,17:00:00,2.81,2.8689,2.73,2.78,20372,0
2017-10-12,18:00:00,2.834,2.834,2.7701,2.78,6600,0
2017-10-12,19:00:00,2.7899,2.85,2.77,2.85,12552,0
2017-10-12,20:00:00,2.8,2.8,2.78,2.78,1794,0
2017-10-12,21:00:00,2.76,2.7831,2.75,2.75,8112,0
2017-10-12,22:00:00,2.7699,2.8,2.76,2.78,20731,0
2017-10-13,16:00:00,2.76,2.76,2.67,2.71,18205,0
2017-10-13,17:00:00,2.69,2.77,2.69,2.73,15534,0
2017-10-13,18:00:00,2.7271,2.73,2.69,2.69,8568,0
2017-10-13,19:00:00,2.6767,2.6999,2.66,2.698,7300,0
2017-10-13,20:00:00,2.6601,2.7,2.6601,2.685,10742,0
2017-10-13,21:00:00,2.6601,2.6746,2.66,2.6628,11438,0
2017-10-13,22:00:00,2.66,2.73,2.66,2.72,23416,0
2017-10-16,16:00:00,2.7,2.7,2.5724,2.5724,8801,0
2017-10-16,17:00:00,2.6199,2.6199,2.52,2.52,34064,0
2017-10-16,18:00:00,2.52,2.54,2.48,2.53,15501,0
2017-10-16,19:00:00,2.54,2.56,2.52,2.55,7054,0
2017-10-16,20:00:00,2.5428,2.55,2.54,2.54,3550,0
2017-10-16,21:00:00,2.54,2.5434,2.53,2.5376,5566,0
2017-10-16,22:00:00,2.56,2.56,2.53,2.53,10073,0
2017-10-17,16:00:00,2.5,2.53,2.5,2.53,4199,0
2017-10-17,17:00:00,2.5,2.5199,2.42,2.484,14668,0
2017-10-17,18:00:00,2.475,2.4883,2.41,2.45,11171,0
2017-10-17,19:00:00,2.4549,2.4636,2.21,2.21,115717,0
2017-10-17,20:00:00,2.21,2.337,2.21,2.282,18481,0
2017-10-17,21:00:00,2.2702,2.2814,2.2402,2.28,28094,0
2017-10-17,22:00:00,2.2466,2.29,2.22,2.23,20004,0
2017-10-18,16:00:00,2.25,2.3,2.13,2.1483,51740,0
2017-10-18,17:00:00,2.1579,2.24,2.1579,2.24,16750,0
2017-10-18,18:00:00,2.2266,2.2356,2.18,2.2356,11696,0
2017-10-18,19:00:00,2.21,2.25,2.2,2.25,6753,0
2017-10-18,20:00:00,2.25,2.3919,2.25,2.3,27440,0
2017-10-18,21:00:00,2.33,2.3779,2.31,2.3682,7890,0
2017-10-18,22:00:00,2.38,2.38,2.317,2.33,12650,0
2017-10-19,16:00:00,2.36,2.5,2.36,2.49,9405,0
2017-10-19,17:00:00,2.468,2.49,2.4,2.43,10294,0
2017-10-19,18:00:00,2.42,2.42,2.381,2.381,5565,0
2017-10-19,19:00:00,2.3801,2.4099,2.3591,2.3591,11696,0
2017-10-19,20:00:00,2.34,2.4,2.34,2.37,4732,0
2017-10-19,22:00:00,2.345,2.35,2.19,2.35,28547,0
2017-10-20,16:00:00,2.32,2.32,2.2646,2.2646,3607,0
2017-10-20,17:00:00,2.2804,2.4,2.2804,2.4,24795,0
2017-10-20,18:00:00,2.41,2.43,2.4,2.4,16500,0
2017-10-20,19:00:00,2.38,2.3999,2.31,2.32,1850,0
2017-10-20,20:00:00,2.32,2.37,2.3101,2.37,1026,0
2017-10-20,21:00:00,2.35,2.35,2.35,2.35,200,0
2017-10-20,22:00:00,2.35,2.4,2.35,2.37,9745,0
2017-10-23,16:00:00,2.38,2.44,2.38,2.43,12061,0
2017-10-23,17:00:00,2.4226,2.4226,2.39,2.3993,2684,0
2017-10-23,18:00:00,2.39,2.39,2.38,2.38,1100,0
2017-10-23,19:00:00,2.3899,2.3899,2.3899,2.3899,200,0
2017-10-23,20:00:00,2.37,2.37,2.35,2.35,3600,0
2017-10-23,21:00:00,2.35,2.355,2.2901,2.325,12340,0
2017-10-23,22:00:00,2.325,2.3561,2.32,2.32,3855,0
2017-10-24,16:00:00,2.38,2.439,2.305,2.3813,6154,0
2017-10-24,17:00:00,2.4,2.403,2.34,2.34,10007,0
2017-10-24,18:00:00,2.32,2.38,2.31,2.3599,5296,0
2017-10-24,19:00:00,2.35,2.6,2.3499,2.49,17943,0
2017-10-24,20:00:00,2.489,2.49,2.42,2.4879,6950,0
2017-10-24,21:00:00,2.49,2.65,2.49,2.55,36554,0
2017-10-24,22:00:00,2.53,2.649,2.53,2.55,20728,0
2017-10-25,16:00:00,2.56,2.64,2.5035,2.56,5815,0
2017-10-25,17:00:00,2.619,2.619,2.51,2.5432,1791,0
2017-10-25,18:00:00,2.54,2.5756,2.54,2.55,11519,0
2017-10-25,19:00:00,2.55,2.6,2.55,2.55,6120,0
2017-10-25,20:00:00,2.5594,2.5594,2.5174,2.53,5000,0
2017-10-25,21:00:00,2.5458,2.55,2.51,2.5399,6000,0
2017-10-25,22:00:00,2.51,2.55,2.4868,2.5005,15689,0
2017-10-26,16:00:00,2.5,2.5,2.481,2.4876,3332,0
2017-10-26,17:00:00,2.49,2.5,2.441,2.441,9160,0
2017-10-26,18:00:00,2.42,2.4533,2.42,2.4533,5353,0
2017-10-26,19:00:00,2.4557,2.4633,2.4557,2.4633,6655,0
2017-10-26,21:00:00,2.45,2.46,2.45,2.46,2300,0
2017-10-26,22:00:00,2.4597,2.48,2.43,2.48,9502,0
2017-10-27,16:00:00,2.499,2.499,2.48,2.4829,5200,0
2017-10-27,17:00:00,2.46,2.4762,2.36,2.3772,42097,0
2017-10-27,18:00:00,2.3908,2.3908,2.3701,2.3701,600,0
2017-10-27,19:00:00,2.38,2.3852,2.3701,2.3852,1430,0
2017-10-27,21:00:00,2.4,2.4221,2.38,2.4221,7430,0
2017-10-27,22:00:00,2.4325,2.5699,2.4,2.46,13830,0
2017-10-30,15:00:00,2.48,2.48,2.48,2.48,100,0
2017-10-30,16:00:00,2.4677,2.48,2.4677,2.48,1675,0
2017-10-30,17:00:00,2.52,2.615,2.51,2.51,6140,0
2017-10-30,18:00:00,2.52,2.58,2.4866,2.4866,3066,0
2017-10-30,19:00:00,2.47,2.47,2.47,2.47,100,0
2017-10-30,20:00:00,2.49,2.49,2.4899,2.4899,3050,0
2017-10-30,21:00:00,2.471,2.53,2.47,2.53,2963,0
2017-10-31,15:00:00,2.5,2.59,2.45,2.47,11325,0
2017-10-31,16:00:00,2.461,2.47,2.36,2.36,27830,0
2017-10-31,17:00:00,2.36,2.55,2.35,2.4,20146,0
2017-10-31,18:00:00,2.37,2.37,2.35,2.35,3300,0
2017-10-31,19:00:00,2.36,2.3798,2.351,2.37,12200,0
2017-10-31,20:00:00,2.36,2.37,2.25,2.25,29976,0
2017-10-31,21:00:00,2.25,2.26,2.13,2.13,55750,0
2017-11-01,15:00:00,2.3,2.3,2.12,2.12,25356,0
2017-11-01,16:00:00,2.12,2.1578,2,2.0426,53232,0
2017-11-01,17:00:00,2.0403,2.169,2.04,2.1599,35399,0
2017-11-01,18:00:00,2.16,2.26,2.15,2.16,31500,0
2017-11-01,19:00:00,2.1595,2.16,2.1507,2.155,3600,0
2017-11-01,20:00:00,2.155,2.155,2.15,2.15,400,0
2017-11-01,21:00:00,2.16,2.29,2.155,2.29,8727,0
2017-11-02,15:00:00,2.2,2.2,2.18,2.18,3353,0
2017-11-02,16:00:00,2.278,2.278,2.19,2.199,6560,0
2017-11-02,17:00:00,2.19,2.2328,2.17,2.22,13400,0
2017-11-02,18:00:00,2.19,2.19,2.17,2.18,2300,0
2017-11-02,19:00:00,2.17,2.2125,2.16,2.1882,16104,0
2017-11-02,20:00:00,2.1851,2.19,2.17,2.18,5050,0
2017-11-02,21:00:00,2.195,2.2,2.17,2.18,7744,0
2017-11-03,15:00:00,2.34,2.34,2.15,2.16,7432,0
2017-11-03,16:00:00,2.2,2.249,2.15,2.17,19512,0
2017-11-03,17:00:00,2.1919,2.2149,2.16,2.1842,22446,0
2017-11-03,18:00:00,2.1669,2.28,2.1669,2.1786,11921,0
2017-11-03,19:00:00,2.1835,2.1835,2.17,2.1788,709,0
2017-11-03,20:00:00,2.17,2.17,2.17,2.17,100,0
2017-11-03,21:00:00,2.1627,2.29,2.1627,2.25,11487,0
2017-11-06,16:00:00,2.2,2.3248,2.2,2.3248,2501,0
2017-11-06,17:00:00,2.2512,2.2896,2.2512,2.2637,7493,0
2017-11-06,18:00:00,2.25,2.25,2.22,2.22,3355,0
2017-11-06,19:00:00,2.2299,2.24,2.2274,2.24,2157,0
2017-11-06,21:00:00,2.223,2.2235,2.21,2.2198,3043,0
2017-11-06,22:00:00,2.212,2.23,2.21,2.22,4986,0
2017-11-07,16:00:00,2.22,2.229,2.17,2.17,9900,0
2017-11-07,17:00:00,2.16,2.21,2.16,2.2025,18563,0
2017-11-07,19:00:00,2.1601,2.1716,2.1601,2.168,2278,0
2017-11-07,20:00:00,2.1665,2.168,2.16,2.16,8534,0
2017-11-07,21:00:00,2.15,2.1501,2.0625,2.0899,19346,0
2017-11-07,22:00:00,2.0948,2.15,2.08,2.12,11400,0
2017-11-08,16:00:00,2.0713,2.22,2.0713,2.1683,12501,0
2017-11-08,17:00:00,2.188,2.2,2.1,2.1,19376,0
2017-11-08,18:00:00,2.1147,2.1337,2.06,2.06,25778,0
2017-11-08,19:00:00,2.1259,2.199,2.07,2.14,13000,0
2017-11-08,20:00:00,2.19,2.19,2.03,2.115,22378,0
2017-11-08,21:00:00,2.13,2.14,2.03,2.08,40060,0
2017-11-08,22:00:00,2.1187,2.1199,2.05,2.07,14910,0
2017-11-09,16:00:00,2.05,2.1936,2.02,2.0992,12602,0
2017-11-09,17:00:00,2.1,2.1,2.1,2.1,100,0
2017-11-09,18:00:00,2.08,2.122,2.08,2.122,3772,0
2017-11-09,19:00:00,2.0852,2.09,2.08,2.08,2400,0
2017-11-09,20:00:00,2.09,2.11,2.09,2.11,900,0
2017-11-09,21:00:00,2.1191,2.1799,2.1191,2.1799,10587,0
2017-11-09,22:00:00,2.1606,2.25,2.16,2.215,36588,0
2017-11-10,16:00:00,2.2,2.2845,2.2,2.2845,3150,0
2017-11-10,17:00:00,2.29,2.33,2.29,2.33,19175,0
2017-11-10,18:00:00,2.3395,2.429,2.32,2.429,14621,0
2017-11-10,19:00:00,2.43,2.51,2.36,2.3669,14516,0
2017-11-10,20:00:00,2.39,2.4,2.37,2.3952,9400,0
2017-11-10,21:00:00,2.4,2.43,2.39,2.43,1000,0
2017-11-10,22:00:00,2.42,2.4978,2.42,2.44,16048,0
2017-11-13,16:00:00,2.52,2.52,2.4178,2.419,7248,0
2017-11-13,17:00:00,2.38,2.3895,2.331,2.38,3854,0
2017-11-13,18:00:00,2.38,2.4,2.3799,2.397,6666,0
2017-11-13,19:00:00,2.39,2.39,2.34,2.34,6000,0
2017-11-13,20:00:00,2.35,2.35,2.2218,2.26,2900,0
2017-11-13,21:00:00,2.269,2.3,2.2656,2.2824,8167,0
2017-11-13,22:00:00,2.2962,2.37,2.21,2.33,8583,0
2017-11-14,16:00:00,2.22,2.359,2.2101,2.25,12461,0
2017-11-14,17:00:00,2.25,2.419,2.25,2.3232,14749,0
2017-11-14,18:00:00,2.31,2.35,2.3,2.3201,22710,0
2017-11-14,19:00:00,2.33,2.3314,2.3096,2.33,1191,0
2017-11-14,20:00:00,2.3,2.3,2.3,2.3,200,0
2017-11-14,21:00:00,2.3069,2.3299,2.3,2.315,12916,0
2017-11-14,22:00:00,2.315,2.315,2.211,2.23,9095,0
2017-11-15,16:00:00,2.2,2.2,2.1782,2.1782,5973,0
2017-11-15,17:00:00,2.1852,2.2221,2.17,2.19,10432,0
2017-11-15,18:00:00,2.19,2.19,2.11,2.11,14253,0
2017-11-15,19:00:00,2.1,2.12,2.0747,2.08,22434,0
2017-11-15,20:00:00,2.0918,2.189,2.0918,2.1624,7043,0
2017-11-15,21:00:00,2.14,2.1401,2.1,2.1201,11218,0
2017-11-15,22:00:00,2.1299,2.13,2.095,2.1,14731,0
2017-11-16,16:00:00,2.19,2.26,2.131,2.1711,5748,0
2017-11-16,17:00:00,2.1747,2.1835,2.15,2.15,13492,0
2017-11-16,18:00:00,2.14,2.175,2.14,2.1493,4411,0
2017-11-16,19:00:00,2.15,2.18,2.145,2.18,15917,0
2017-11-16,20:00:00,2.18,2.27,2.18,2.1869,1567,0
2017-11-16,21:00:00,2.1966,2.23,2.15,2.15,8200,0
2017-11-16,22:00:00,2.19,2.21,2.19,2.21,2548,0
2017-11-17,16:00:00,2.24,2.24,2.24,2.24,100,0
2017-11-17,17:00:00,2.2679,2.2679,2.235,2.235,600,0
2017-11-17,18:00:00,2.235,2.25,2.2201,2.25,2634,0
2017-11-17,19:00:00,2.2565,2.34,2.2141,2.34,16669,0
2017-11-17,20:00:00,2.3001,2.34,2.28,2.33,5737,0
2017-11-17,21:00:00,2.3,2.32,2.3,2.32,2060,0
2017-11-17,22:00:00,2.33,2.34,2.31,2.34,9669,0
2017-11-20,16:00:00,2.34,2.415,2.311,2.311,9215,0
2017-11-20,17:00:00,2.35,2.3517,2.3,2.3517,12035,0
2017-11-20,18:00:00,2.3497,2.3748,2.3497,2.3748,1240,0
2017-11-20,19:00:00,2.3918,2.3999,2.3918,2.395,1525,0
2017-11-20,20:00:00,2.4,2.48,2.4,2.465,14015,0
2017-11-20,21:00:00,2.4633,2.47,2.43,2.449,13765,0
2017-11-20,22:00:00,2.44,2.44,2.28,2.33,28438,0
2017-11-21,16:00:00,2.38,2.38,2.25,2.3203,12422,0
2017-11-21,17:00:00,2.33,2.35,2.33,2.35,500,0
2017-11-21,18:00:00,2.349,2.38,2.29,2.29,11500,0
2017-11-21,19:00:00,2.31,2.315,2.2869,2.29,1000,0
2017-11-21,20:00:00,2.2914,2.32,2.2914,2.31,930,0
2017-11-21,21:00:00,2.32,2.32,2.26,2.31,5300,0
2017-11-21,22:00:00,2.3115,2.33,2.25,2.29,4060,0
2017-11-22,17:00:00,2.3,2.33,2.251,2.2699,4600,0
2017-11-22,18:00:00,2.29,2.3,2.2783,2.28,1850,0
2017-11-22,19:00:00,2.26,2.28,2.26,2.28,400,0
2017-11-22,20:00:00,2.28,2.29,2.26,2.29,1200,0
2017-11-22,21:00:00,2.29,2.32,2.28,2.3,14245,0
2017-11-22,22:00:00,2.2876,2.32,2.26,2.26,5479,0
2017-11-24,16:00:00,2.23,2.27,2.23,2.27,5842,0
2017-11-24,17:00:00,2.28,2.35,2.2789,2.281,17426,0
2017-11-24,18:00:00,2.3316,2.3458,2.3316,2.3458,486,0
2017-11-24,19:00:00,2.31,2.37,2.31,2.37,11855,0
2017-11-27,16:00:00,2.3,2.35,2.29,2.34,3163,0
2017-11-27,17:00:00,2.33,2.3302,2.245,2.245,13000,0
2017-11-27,18:00:00,2.25,2.27,2.249,2.249,11606,0
2017-11-27,19:00:00,2.25,2.25,2.2395,2.25,3400,0
2017-11-27,20:00:00,2.245,2.25,2.24,2.2401,1977,0
2017-11-27,21:00:00,2.25,2.27,2.23,2.2579,3960,0
2017-11-27,22:00:00,2.26,2.28,2.25,2.25,3614,0
2017-11-28,16:00:00,2.17,2.2264,2.17,2.2264,8288,0
2017-11-28,17:00:00,2.2301,2.2412,2.2301,2.2412,9138,0
2017-11-28,18:00:00,2.2602,2.3,2.26,2.27,2049,0
2017-11-28,19:00:00,2.27,2.2703,2.24,2.24,2050,0
2017-11-28,20:00:00,2.255,2.26,2.24,2.24,500,0
2017-11-28,21:00:00,2.2145,2.2845,2.19,2.2845,11550,0
2017-11-28,22:00:00,2.23,2.299,2.21,2.22,27967,0
2017-11-29,16:00:00,2.25,2.25,2.1,2.1,19962,0
2017-11-29,17:00:00,2.0924,2.15,2.04,2.1138,27046,0
2017-11-29,18:00:00,2.125,2.15,2.125,2.15,700,0
2017-11-29,19:00:00,2.15,2.15,2.144,2.15,2630,0
2017-11-29,20:00:00,2.15,2.15,2.14,2.141,2400,0
2017-11-29,21:00:00,2.15,2.15,2.14,2.15,1750,0
2017-11-29,22:00:00,2.15,2.1996,2.1494,2.19,10401,0
2017-11-30,16:00:00,2.2,2.22,2.1,2.166,7533,0
2017-11-30,17:00:00,2.1644,2.1984,2.0251,2.13,64223,0
2017-11-30,18:00:00,2.0854,2.24,2.0854,2.24,35029,0
2017-11-30,19:00:00,2.2289,2.24,2.1696,2.171,23600,0
2017-11-30,20:00:00,2.2062,2.24,2.185,2.2277,13617,0
2017-11-30,21:00:00,2.21,2.24,2.205,2.24,9942,0
2017-11-30,22:00:00,2.26,2.35,2.26,2.34,14650,0
2017-12-01,16:00:00,2.34,2.34,2.2601,2.2975,5837,0
2017-12-01,17:00:00,2.32,2.37,2.32,2.33,27549,0
2017-12-01,18:00:00,2.315,2.3199,2.27,2.29,1950,0
2017-12-01,19:00:00,2.27,2.32,2.27,2.32,7149,0
2017-12-01,20:00:00,2.3046,2.3046,2.3046,2.3046,196,0
2017-12-01,21:00:00,2.3,2.32,2.29,2.3,9031,0
2017-12-01,22:00:00,2.3,2.3,2.24,2.28,10229,0
2017-12-04,16:00:00,2.24,2.3,2.231,2.231,3362,0
2017-12-04,17:00:00,2.25,2.25,2.2249,2.23,21237,0
2017-12-04,18:00:00,2.22,2.24,2.22,2.24,3700,0
2017-12-04,19:00:00,2.23,2.24,2.23,2.24,700,0
2017-12-04,20:00:00,2.24,2.25,2.23,2.25,4406,0
2017-12-04,21:00:00,2.23,2.23,2.2101,2.229,4300,0
2017-12-04,22:00:00,2.23,2.25,2.22,2.23,7042,0
2017-12-05,16:00:00,2.28,2.3025,2.28,2.29,9516,0
2017-12-05,17:00:00,2.2801,2.2838,2.2801,2.2838,363,0
2017-12-05,18:00:00,2.28,2.32,2.28,2.32,13796,0
2017-12-05,19:00:00,2.3224,2.45,2.3224,2.4221,55846,0
2017-12-05,20:00:00,2.4188,2.43,2.4,2.4178,8047,0
2017-12-05,21:00:00,2.4101,2.43,2.41,2.4172,8146,0
2017-12-05,22:00:00,2.4,2.43,2.39,2.43,8795,0
2017-12-06,16:00:00,2.42,2.48,2.42,2.48,6250,0
2017-12-06,17:00:00,2.4799,2.5,2.4687,2.5,10510,0
2017-12-06,18:00:00,2.5,2.5,2.4159,2.445,9046,0
2017-12-06,19:00:00,2.46,2.46,2.415,2.415,2600,0
2017-12-06,20:00:00,2.42,2.42,2.4151,2.42,6588,0
2017-12-06,21:00:00,2.42,2.44,2.415,2.4199,25596,0
2017-12-06,22:00:00,2.415,2.46,2.38,2.38,49239,0
