Date,Time,Open,High,Low,Close,Volume,OpenInt
2017-05-16,16:00:00,14.74,15,14.74,15,20228,0
2017-05-16,17:00:00,14.98,15.14,14.84,14.95,87408,0
2017-05-16,18:00:00,14.98,15.07,14.86,14.98,25189,0
2017-05-16,19:00:00,14.98,14.98,14.78,14.89,22680,0
2017-05-16,20:00:00,14.85,14.87,14.65,14.77,45590,0
2017-05-16,21:00:00,14.77,14.77,14.66,14.75,29681,0
2017-05-16,22:00:00,14.73,14.87,14.7,14.87,54709,0
2017-05-17,16:00:00,14.75,15.14,14.52,15,47218,0
2017-05-17,17:00:00,15,15.15,14.77,15.03,79085,0
2017-05-17,18:00:00,15.03,15.07,14.83,14.95,58453,0
2017-05-17,19:00:00,14.98,15.1,14.95,14.98,20345,0
2017-05-17,20:00:00,14.99,15.03,14.81,14.815,43089,0
2017-05-17,21:00:00,14.8,14.92,14.61,14.65,50983,0
2017-05-17,22:00:00,14.66,14.78,14.52,14.74,121084,0
2017-05-18,16:00:00,14.74,14.83,14.56,14.83,12989,0
2017-05-18,17:00:00,14.83,15.05,14.83,14.92,29509,0
2017-05-18,18:00:00,14.9302,15.1,14.9302,14.98,54226,0
2017-05-18,19:00:00,14.98,15.15,14.95,15.15,42708,0
2017-05-18,20:00:00,15.14,15.14,15.0575,15.11,31609,0
2017-05-18,21:00:00,15.11,15.15,15,15.01,32618,0
2017-05-18,22:00:00,15.01,15.43,15,15.26,161171,0
2017-05-19,16:00:00,15.4,15.5,15.33,15.44,83545,0
2017-05-19,17:00:00,15.44,15.45,15.25,15.26,55121,0
2017-05-19,18:00:00,15.29,15.38,15.24,15.37,23458,0
2017-05-19,19:00:00,15.38,15.38,15.27,15.35,28029,0
2017-05-19,20:00:00,15.35,15.42,15.3,15.35,20263,0
2017-05-19,21:00:00,15.36,15.375,15.15,15.15,75533,0
2017-05-19,22:00:00,15.15,15.19,15.05,15.13,200148,0
2017-05-22,16:00:00,15.24,15.49,15.21,15.42,61537,0
2017-05-22,17:00:00,15.42,15.4901,15.32,15.43,85599,0
2017-05-22,18:00:00,15.45,15.69,15.39,15.61,72764,0
2017-05-22,19:00:00,15.6,15.74,15.5372,15.545,33133,0
2017-05-22,20:00:00,15.53,15.64,15.53,15.59,15481,0
2017-05-22,21:00:00,15.59,15.64,15.51,15.63,34067,0
2017-05-22,22:00:00,15.6,15.7,15.59,15.69,224132,0
2017-05-23,16:00:00,15.7,15.86,15.5616,15.68,19777,0
2017-05-23,17:00:00,15.69,15.75,15.67,15.71,28112,0
2017-05-23,18:00:00,15.71,15.88,15.67,15.85,23658,0
2017-05-23,19:00:00,15.85,15.92,15.7,15.72,33484,0
2017-05-23,20:00:00,15.74,15.79,15.67,15.72,20168,0
2017-05-23,21:00:00,15.73,15.94,15.72,15.85,24203,0
2017-05-23,22:00:00,15.855,15.91,15.81,15.89,48247,0
2017-05-24,16:00:00,15.92,16.34,15.91,16.18,52101,0
2017-05-24,17:00:00,16.1492,16.24,15.82,16.079,135854,0
2017-05-24,18:00:00,16.06,16.075,15.95,15.95,40018,0
2017-05-24,19:00:00,15.96,16.01,15.9,15.9,19253,0
2017-05-24,20:00:00,15.9134,15.99,15.91,15.98,11156,0
2017-05-24,21:00:00,15.97,16.01,15.95,16,25366,0
2017-05-24,22:00:00,15.98,16.12,15.97,16.01,100433,0
2017-05-25,16:00:00,16.01,16.16,15.8701,16.02,46596,0
2017-05-25,17:00:00,16.055,16.12,16.01,16.06,62953,0
2017-05-25,18:00:00,16.06,16.16,15.91,16.08,81249,0
2017-05-25,19:00:00,16.06,16.07,15.97,16,41491,0
2017-05-25,20:00:00,16,16.01,15.97,15.99,19847,0
2017-05-25,21:00:00,15.995,16.14,15.995,16.07,149000,0
2017-05-25,22:00:00,16.09,16.11,16.01,16.11,84685,0
2017-05-26,16:00:00,16.12,16.12,16.02,16.09,40707,0
2017-05-26,17:00:00,16.11,16.3,16.07,16.22,36860,0
2017-05-26,18:00:00,16.23,16.25,16.13,16.2,39741,0
2017-05-26,19:00:00,16.21,16.24,16.15,16.2373,13090,0
2017-05-26,20:00:00,16.23,16.47,16.2,16.43,31932,0
2017-05-26,21:00:00,16.43,16.47,16.32,16.35,44620,0
2017-05-26,22:00:00,16.35,16.49,16.27,16.46,172186,0
2017-05-30,16:00:00,16.5,16.5,16.13,16.45,37295,0
2017-05-30,17:00:00,16.479,16.7,16.36,16.56,145777,0
2017-05-30,18:00:00,16.55,16.58,16.36,16.5,85924,0
2017-05-30,19:00:00,16.5,16.52,16.37,16.43,37290,0
2017-05-30,20:00:00,16.41,16.45,16.28,16.33,40983,0
2017-05-30,21:00:00,16.29,16.46,16.29,16.39,42888,0
2017-05-30,22:00:00,16.4,16.455,16.38,16.42,114338,0
2017-05-31,16:00:00,16.43,16.6466,16.36,16.42,53626,0
2017-05-31,17:00:00,16.42,16.49,16.4,16.46,81335,0
2017-05-31,18:00:00,16.47,16.51,16.38,16.48,66973,0
2017-05-31,19:00:00,16.48,16.54,16.25,16.275,90171,0
2017-05-31,20:00:00,16.3,16.44,16.29,16.33,32928,0
2017-05-31,21:00:00,16.33,16.465,16.19,16.4,64504,0
2017-05-31,22:00:00,16.4,16.56,16.38,16.52,125460,0
2017-06-01,16:00:00,16.51,16.67,16.47,16.52,12992,0
2017-06-01,17:00:00,16.52,16.89,16.5,16.845,65495,0
2017-06-01,18:00:00,16.845,16.86,16.75,16.7704,59907,0
2017-06-01,19:00:00,16.78,16.86,16.78,16.85,22149,0
2017-06-01,20:00:00,16.86,16.95,16.8,16.82,37249,0
2017-06-01,21:00:00,16.8,17.06,16.77,17,280056,0
2017-06-01,22:00:00,16.99,17.18,16.97,17.14,151369,0
2017-06-02,16:00:00,17.15,17.271,16.99,17.05,71491,0
2017-06-02,17:00:00,17.09,17.16,16.694,16.74,48728,0
2017-06-02,18:00:00,16.725,17,16.725,16.83,51599,0
2017-06-02,19:00:00,16.868,16.92,16.73,16.774,20449,0
2017-06-02,20:00:00,16.78,16.91,16.73,16.84,18824,0
2017-06-02,21:00:00,16.82,16.89,16.79,16.86,32307,0
2017-06-02,22:00:00,16.87,17.04,16.86,17,107549,0
2017-06-05,16:00:00,16.78,17,16.7,16.99,29078,0
2017-06-05,17:00:00,16.97,17.16,16.94,17.02,125428,0
2017-06-05,18:00:00,17,17.03,16.94,16.99,26116,0
2017-06-05,19:00:00,16.998,17.02,16.935,16.9702,61762,0
2017-06-05,20:00:00,16.98,17,16.96,16.98,18474,0
2017-06-05,21:00:00,16.98,17,16.95,16.98,43259,0
2017-06-05,22:00:00,16.98,17.03,16.95,16.99,131416,0
2017-06-06,16:00:00,16.88,16.99,16.88,16.99,11821,0
2017-06-06,17:00:00,16.98,16.99,16.91,16.935,26337,0
2017-06-06,18:00:00,16.935,16.99,16.93,16.96,30281,0
2017-06-06,19:00:00,16.98,16.99,16.95,16.955,30361,0
2017-06-06,20:00:00,16.955,16.975,16.93,16.95,25702,0
2017-06-06,21:00:00,16.9501,16.99,16.95,16.99,62066,0
2017-06-06,22:00:00,16.985,16.99,16.82,16.87,67789,0
2017-06-07,16:00:00,16.86,16.93,16.8,16.85,8479,0
2017-06-07,17:00:00,16.86,16.88,16.1,16.376,96298,0
2017-06-07,18:00:00,16.39,16.45,16.2,16.2,211527,0
2017-06-07,19:00:00,16.2,16.35,16.11,16.31,111261,0
2017-06-07,20:00:00,16.29,16.49,16.29,16.47,17885,0
2017-06-07,21:00:00,16.49,16.65,16.425,16.49,89102,0
2017-06-07,22:00:00,16.49,16.55,16.42,16.44,104950,0
2017-06-08,16:00:00,16.39,16.77,16.23,16.56,33830,0
2017-06-08,17:00:00,16.56,16.7,16.46,16.49,22950,0
2017-06-08,18:00:00,16.52,16.57,16.34,16.44,48577,0
2017-06-08,19:00:00,16.4447,16.48,16.4,16.46,35585,0
2017-06-08,20:00:00,16.44,16.57,16.36,16.49,30135,0
2017-06-08,21:00:00,16.49,16.57,16.44,16.54,22318,0
2017-06-08,22:00:00,16.55,16.644,16.55,16.61,70334,0
2017-06-09,16:00:00,16.72,16.8,16.66,16.8,5908,0
2017-06-09,17:00:00,16.77,16.94,16.73,16.91,31378,0
2017-06-09,18:00:00,16.91,16.92,16.74,16.83,37985,0
2017-06-09,19:00:00,16.83,16.89,16.52,16.76,37800,0
2017-06-09,20:00:00,16.77,16.77,16.375,16.45,37473,0
2017-06-09,21:00:00,16.423,16.455,15.8601,16.13,100518,0
2017-06-09,22:00:00,16.14,16.175,16.05,16.11,101409,0
2017-06-12,16:00:00,15.87,16.33,15.78,15.95,39624,0
2017-06-12,17:00:00,15.94,16.13,15.69,15.9,87599,0
2017-06-12,18:00:00,15.9,16.28,15.83,16.2,54877,0
2017-06-12,19:00:00,16.21,16.44,16.19,16.31,28173,0
2017-06-12,20:00:00,16.31,16.51,16.31,16.48,30994,0
2017-06-12,21:00:00,16.46,16.5825,16.45,16.47,37017,0
2017-06-12,22:00:00,16.46,16.53,16.34,16.48,92735,0
2017-06-13,16:00:00,16.5,16.78,16.5,16.6,21764,0
2017-06-13,17:00:00,16.6,16.74,16.52,16.55,26237,0
2017-06-13,18:00:00,16.54,16.68,16.53,16.665,30826,0
2017-06-13,19:00:00,16.67,16.7979,16.54,16.71,21740,0
2017-06-13,20:00:00,16.72,16.79,16.68,16.73,18591,0
2017-06-13,21:00:00,16.73,16.74,16.7,16.74,16250,0
2017-06-13,22:00:00,16.75,16.76,16.7,16.76,55782,0
2017-06-14,16:00:00,16.7,16.79,16.65,16.7342,7042,0
2017-06-14,17:00:00,16.7179,16.76,16.69,16.7,17165,0
2017-06-14,18:00:00,16.7,16.79,16.7,16.75,21566,0
2017-06-14,19:00:00,16.75,16.76,16.62,16.645,31736,0
2017-06-14,20:00:00,16.64,16.66,16.6,16.64,15450,0
2017-06-14,21:00:00,16.63,16.77,16.6,16.64,59033,0
2017-06-14,22:00:00,16.63,16.715,16.6,16.66,99902,0
2017-06-15,16:00:00,16.51,16.94,16.51,16.84,15080,0
2017-06-15,17:00:00,16.93,17.04,16.63,16.78,41033,0
2017-06-15,18:00:00,16.75,16.75,16.65,16.7,11671,0
2017-06-15,19:00:00,16.7,16.7,16.65,16.67,8362,0
2017-06-15,20:00:00,16.67,16.76,16.66,16.7,8862,0
2017-06-15,21:00:00,16.7,16.74,16.66,16.68,25891,0
2017-06-15,22:00:00,16.7,16.75,16.65,16.72,71832,0
2017-06-16,16:00:00,16.67,16.8,16.52,16.72,24458,0
2017-06-16,17:00:00,16.73,16.8,16.63,16.77,25528,0
2017-06-16,18:00:00,16.7461,16.76,16.66,16.74,22751,0
2017-06-16,19:00:00,16.73,16.87,16.7,16.85,9400,0
2017-06-16,20:00:00,16.74,16.94,16.74,16.89,22938,0
2017-06-16,21:00:00,16.895,16.99,16.88,16.94,15102,0
2017-06-16,22:00:00,16.96,16.97,16.7,16.93,365819,0
2017-06-19,16:00:00,16.98,17.22,16.9,17.17,18964,0
2017-06-19,17:00:00,17.115,17.44,17.03,17.3899,41415,0
2017-06-19,18:00:00,17.34,17.42,17.28,17.33,22535,0
2017-06-19,19:00:00,17.32,17.43,17.28,17.355,31465,0
2017-06-19,20:00:00,17.37,17.44,17.34,17.37,20373,0
2017-06-19,21:00:00,17.38,17.4,17.3,17.32,18064,0
2017-06-19,22:00:00,17.35,17.44,17.29,17.33,90459,0
2017-06-20,16:00:00,17.28,17.48,17.151,17.4,13652,0
2017-06-20,17:00:00,17.4,17.76,17.3812,17.73,46266,0
2017-06-20,18:00:00,17.72,17.75,17.46,17.56,31910,0
2017-06-20,19:00:00,17.58,17.59,17.48,17.55,24694,0
2017-06-20,20:00:00,17.58,17.6,17.5,17.55,16089,0
2017-06-20,21:00:00,17.58,17.59,17.5,17.54,62259,0
2017-06-20,22:00:00,17.55,17.5508,17.42,17.47,71829,0
2017-06-21,16:00:00,17.63,17.7,17.2638,17.64,10181,0
2017-06-21,17:00:00,17.64,17.64,17.31,17.35,24686,0
2017-06-21,18:00:00,17.345,17.45,17.28,17.42,25689,0
2017-06-21,19:00:00,17.42,17.46,17.41,17.43,10193,0
2017-06-21,20:00:00,17.42,17.54,17.41,17.53,11831,0
2017-06-21,21:00:00,17.54,17.54,17.43,17.44,20372,0
2017-06-21,22:00:00,17.445,17.51,17.43,17.49,36855,0
2017-06-22,16:00:00,17.55,17.74,17.3961,17.55,10116,0
2017-06-22,17:00:00,17.55,17.57,17.34,17.47,47764,0
2017-06-22,18:00:00,17.4374,17.57,17.41,17.49,7200,0
2017-06-22,19:00:00,17.475,17.63,17.475,17.62,17558,0
2017-06-22,20:00:00,17.6082,17.63,17.56,17.58,7573,0
2017-06-22,21:00:00,17.6,17.65,17.56,17.59,9009,0
2017-06-22,22:00:00,17.58,17.64,17.53,17.61,148439,0
2017-06-23,16:00:00,17.67,17.8,17.65,17.76,5863,0
2017-06-23,17:00:00,17.79,18.11,17.78,18.03,65701,0
2017-06-23,18:00:00,18.03,18.08,17.84,17.91,36238,0
2017-06-23,19:00:00,17.94,17.94,17.76,17.79,24033,0
2017-06-23,20:00:00,17.82,17.93,17.76,17.88,22704,0
2017-06-23,21:00:00,17.87,17.87,17.76,17.82,18720,0
2017-06-23,22:00:00,17.82,18.04,17.77,17.99,1179126,0
2017-06-26,16:00:00,18.05,18.05,17.84,18.03,10883,0
2017-06-26,17:00:00,18.04,18.3,17.82,17.9,44106,0
2017-06-26,18:00:00,17.88,17.89,17.3929,17.88,71642,0
2017-06-26,19:00:00,17.89,18.15,17.88,18.04,33807,0
2017-06-26,20:00:00,18.02,18.34,18.02,18.17,50299,0
2017-06-26,21:00:00,18.16,18.16,17.85,18.03,50048,0
2017-06-26,22:00:00,17.97,18.02,17.85,17.86,53386,0
2017-06-27,16:00:00,17.76,17.8864,17.71,17.78,9558,0
2017-06-27,17:00:00,17.82,17.99,17.79,17.99,9353,0
2017-06-27,18:00:00,17.96,17.98,17.81,17.87,18998,0
2017-06-27,19:00:00,17.85,17.92,17.7605,17.8,16675,0
2017-06-27,20:00:00,17.76,17.83,17.55,17.56,34908,0
2017-06-27,21:00:00,17.56,17.66,17.48,17.605,13790,0
2017-06-27,22:00:00,17.59,17.68,17.53,17.64,80790,0
2017-06-28,16:00:00,17.69,17.7631,17.6,17.665,13636,0
2017-06-28,17:00:00,17.665,17.84,17.63,17.83,16168,0
2017-06-28,18:00:00,17.815,17.82,17.73,17.82,11424,0
2017-06-28,19:00:00,17.83,17.86,17.78,17.81,9855,0
2017-06-28,20:00:00,17.81,17.83,17.78,17.82,11288,0
2017-06-28,21:00:00,17.81,17.83,17.63,17.7,21961,0
2017-06-28,22:00:00,17.73,17.9,17.73,17.87,55509,0
2017-06-29,16:00:00,17.85,17.85,17.74,17.75,13631,0
2017-06-29,17:00:00,17.78,17.86,17.7,17.83,10616,0
2017-06-29,18:00:00,17.79,17.79,17.4621,17.49,18658,0
2017-06-29,19:00:00,17.52,17.54,17.1935,17.1935,14220,0
2017-06-29,20:00:00,17.19,17.42,17.19,17.3,51327,0
2017-06-29,21:00:00,17.31,17.52,17.25,17.48,38741,0
2017-06-29,22:00:00,17.5,17.71,17.43,17.67,48389,0
2017-06-30,16:00:00,17.68,17.75,17.45,17.58,6314,0
2017-06-30,17:00:00,17.57,17.8,17.57,17.75,12205,0
2017-06-30,18:00:00,17.75,17.765,17.65,17.71,10754,0
2017-06-30,19:00:00,17.7,17.75,17.615,17.63,9426,0
2017-06-30,20:00:00,17.64,17.85,17.625,17.69,18618,0
2017-06-30,21:00:00,17.6801,17.73,17.62,17.66,12359,0
2017-06-30,22:00:00,17.67,17.67,17.28,17.35,80906,0
2017-07-03,16:00:00,17.43,17.5,17.19,17.26,8757,0
2017-07-03,17:00:00,17.34,17.405,17.19,17.19,20135,0
2017-07-03,18:00:00,17.21,17.4,17.19,17.365,21320,0
2017-07-03,19:00:00,17.37,17.41,17.22,17.33,41977,0
2017-07-03,20:00:00,17.32,17.32,17.32,17.32,3505,0
2017-07-05,16:00:00,17.32,17.32,17.01,17.01,8296,0
2017-07-05,17:00:00,17.05,17.0999,16.94,17,47998,0
2017-07-05,18:00:00,16.99,17.03,16.93,17.015,24926,0
2017-07-05,19:00:00,17.03,17.03,16.97,16.99,24451,0
2017-07-05,20:00:00,16.99,17.02,16.89,16.95,52664,0
2017-07-05,21:00:00,16.935,17.01,16.9,16.915,20660,0
2017-07-05,22:00:00,16.9,17.11,16.88,17.09,57407,0
2017-07-06,16:00:00,16.94,16.97,16.77,16.8,14847,0
2017-07-06,17:00:00,16.83,16.85,16.391,16.64,36216,0
2017-07-06,18:00:00,16.64,16.69,16.5,16.665,26703,0
2017-07-06,19:00:00,16.65,16.79,16.555,16.715,40467,0
2017-07-06,20:00:00,16.715,16.77,16.64,16.74,35601,0
2017-07-06,21:00:00,16.75,16.87,16.74,16.8,12982,0
2017-07-06,22:00:00,16.8,16.81,16.7,16.71,45287,0
2017-07-07,16:00:00,16.7,17.0299,16.7,16.95,15632,0
2017-07-07,17:00:00,16.92,16.99,16.84,16.91,8096,0
2017-07-07,18:00:00,16.85,17.03,16.83,16.99,9600,0
2017-07-07,19:00:00,16.9909,17.08,16.92,17.03,15565,0
2017-07-07,20:00:00,17.03,17.17,17.03,17.11,12429,0
2017-07-07,21:00:00,17.08,17.19,17.05,17.16,7837,0
2017-07-07,22:00:00,17.15,17.29,17.148,17.27,41759,0
2017-07-10,16:00:00,17.36,17.5,17.2,17.33,11020,0
2017-07-10,17:00:00,17.33,17.4499,17.28,17.43,15357,0
2017-07-10,18:00:00,17.4372,17.58,17.37,17.58,31195,0
2017-07-10,19:00:00,17.575,17.59,17.44,17.52,33936,0
2017-07-10,20:00:00,17.56,17.57,17.32,17.37,32382,0
2017-07-10,21:00:00,17.37,17.48,17.3,17.37,35798,0
2017-07-10,22:00:00,17.32,17.46,17.32,17.42,51560,0
2017-07-11,16:00:00,17.36,17.52,17.35,17.485,4213,0
2017-07-11,17:00:00,17.4,17.45,17.25,17.25,14296,0
2017-07-11,18:00:00,17.275,17.275,17.04,17.2,10890,0
2017-07-11,19:00:00,17.16,17.22,17.1,17.19,12832,0
2017-07-11,20:00:00,17.19,17.26,17.15,17.22,9586,0
2017-07-11,21:00:00,17.21,17.24,17.17,17.18,10400,0
2017-07-11,22:00:00,17.23,17.35,17.2,17.315,34117,0
2017-07-12,16:00:00,17.56,17.56,17.26,17.26,7236,0
2017-07-12,17:00:00,17.32,17.49,17.27,17.325,22691,0
2017-07-12,18:00:00,17.32,17.43,17.05,17.16,41898,0
2017-07-12,19:00:00,17.17,17.26,16.94,17.26,56717,0
2017-07-12,20:00:00,17.275,17.35,17.1,17.35,31111,0
2017-07-12,21:00:00,17.35,17.35,17.14,17.33,103276,0
2017-07-12,22:00:00,17.34,17.55,17.3,17.43,58473,0
2017-07-13,16:00:00,17.5,17.5,17.32,17.41,4185,0
2017-07-13,17:00:00,17.42,17.42,17.015,17.08,23008,0
2017-07-13,18:00:00,17.07,17.17,16.94,17.08,16846,0
2017-07-13,19:00:00,17.0872,17.12,17.01,17.11,13350,0
2017-07-13,20:00:00,17.07,17.08,16.99,17.07,12067,0
2017-07-13,21:00:00,17.07,17.09,16.97,16.98,14838,0
2017-07-13,22:00:00,17.04,17.04,16.93,16.94,72912,0
2017-07-14,16:00:00,17,17.08,17,17.08,8670,0
2017-07-14,17:00:00,17.0656,17.07,16.9,17,19253,0
2017-07-14,18:00:00,16.995,16.995,16.9,16.91,18700,0
2017-07-14,19:00:00,16.93,17.04,16.9,17.01,31218,0
2017-07-14,20:00:00,16.97,16.98,16.75,16.82,25224,0
2017-07-14,21:00:00,16.82,16.9,16.711,16.84,31750,0
2017-07-14,22:00:00,16.86,16.9,16.79,16.81,59180,0
2017-07-17,16:00:00,16.86,16.9923,16.67,16.92,12857,0
2017-07-17,17:00:00,16.99,16.99,16.75,16.82,40359,0
2017-07-17,18:00:00,16.81,16.88,16.68,16.78,22699,0
2017-07-17,19:00:00,16.8,16.89,16.74,16.83,36948,0
2017-07-17,20:00:00,16.835,16.89,16.83,16.84,9102,0
2017-07-17,21:00:00,16.85,16.85,16.77,16.77,43768,0
2017-07-17,22:00:00,16.78,16.81,16.72,16.77,67649,0
2017-07-18,16:00:00,16.83,16.91,16.68,16.75,9285,0
2017-07-18,17:00:00,16.725,16.7422,16.49,16.7,22244,0
2017-07-18,18:00:00,16.7,16.77,16.611,16.74,27964,0
2017-07-18,19:00:00,16.75,16.78,16.69,16.69,14596,0
2017-07-18,20:00:00,16.7,16.79,16.63,16.75,6824,0
2017-07-18,21:00:00,16.76,16.79,16.68,16.71,9498,0
2017-07-18,22:00:00,16.71,16.72,16.67,16.7,50816,0
2017-07-19,16:00:00,16.7,16.79,16.7,16.76,16765,0
2017-07-19,17:00:00,16.71,16.88,16.7,16.74,15134,0
2017-07-19,18:00:00,16.74,16.81,16.69,16.78,20342,0
2017-07-19,19:00:00,16.78,16.85,16.68,16.72,20815,0
2017-07-19,20:00:00,16.72,16.72,16.61,16.7,10550,0
2017-07-19,21:00:00,16.67,16.68,16.59,16.66,8330,0
2017-07-19,22:00:00,16.68,16.7,16.6,16.65,47443,0
2017-07-20,16:00:00,16.64,16.96,16.6,16.65,11207,0
2017-07-20,17:00:00,16.72,16.76,16.61,16.74,12495,0
2017-07-20,18:00:00,16.75,16.81,16.7,16.79,9240,0
2017-07-20,19:00:00,16.77,16.83,16.65,16.74,9200,0
2017-07-20,20:00:00,16.7274,16.83,16.66,16.81,8149,0
2017-07-20,21:00:00,16.7701,16.81,16.62,16.66,12450,0
2017-07-20,22:00:00,16.67,16.76,16.65,16.72,23922,0
2017-07-21,16:00:00,16.81,16.89,16.63,16.74,11681,0
2017-07-21,17:00:00,16.69,16.78,16.64,16.72,13604,0
2017-07-21,18:00:00,16.67,16.75,16.66,16.7,5450,0
2017-07-21,19:00:00,16.7,16.85,16.7,16.78,8301,0
2017-07-21,20:00:00,16.75,16.77,16.6,16.63,4805,0
2017-07-21,21:00:00,16.61,16.71,16.61,16.68,8729,0
2017-07-21,22:00:00,16.7,16.86,16.69,16.81,40074,0
2017-07-24,16:00:00,16.77,17.03,16.77,17.004,6017,0
2017-07-24,17:00:00,17,17.01,16.8505,16.967,9192,0
2017-07-24,18:00:00,16.975,16.99,16.87,16.94,58177,0
2017-07-24,19:00:00,16.94,17.01,16.88,17.01,13072,0
2017-07-24,20:00:00,17.0456,17.06,17.01,17.01,4130,0
2017-07-24,21:00:00,17.02,17.04,16.95,16.99,6668,0
2017-07-24,22:00:00,17,17.06,17,17.01,61980,0
2017-07-25,16:00:00,17.04,17.08,16.97,17.06,5228,0
2017-07-25,17:00:00,17.1,17.23,17.07,17.11,6617,0
2017-07-25,18:00:00,17.12,17.25,17.11,17.13,3318,0
2017-07-25,19:00:00,17.11,17.21,17.09,17.21,5000,0
2017-07-25,20:00:00,17.2,17.32,17.18,17.28,7189,0
2017-07-25,21:00:00,17.27,17.27,17.22,17.24,4731,0
2017-07-25,22:00:00,17.24,17.34,17.24,17.31,32770,0
2017-07-26,16:00:00,17.38,17.48,17.22,17.46,3941,0
2017-07-26,17:00:00,17.48,17.67,17.25,17.34,25419,0
2017-07-26,18:00:00,17.3344,17.45,17.26,17.28,3640,0
2017-07-26,19:00:00,17.33,17.41,17.28,17.34,4092,0
2017-07-26,20:00:00,17.28,17.5,17.24,17.36,8810,0
2017-07-26,21:00:00,17.39,17.48,17.32,17.35,16250,0
2017-07-26,22:00:00,17.36,17.41,17.33,17.37,19349,0
2017-07-27,16:00:00,17.48,17.57,17.28,17.57,3028,0
2017-07-27,17:00:00,17.5008,17.79,17.46,17.66,17075,0
2017-07-27,18:00:00,17.62,17.81,17.5,17.61,44727,0
2017-07-27,19:00:00,17.6,17.62,17.41,17.48,23293,0
2017-07-27,20:00:00,17.49,17.6,17.06,17.25,30304,0
2017-07-27,21:00:00,17.25,17.38,17.2,17.29,13275,0
2017-07-27,22:00:00,17.29,17.29,17.21,17.27,29106,0
2017-07-28,16:00:00,17.45,17.99,17.3,17.96,61677,0
2017-07-28,17:00:00,17.9,18,17.69,17.81,112212,0
2017-07-28,18:00:00,17.81,17.81,17.55,17.6,30299,0
2017-07-28,19:00:00,17.61,17.85,17.61,17.845,26628,0
2017-07-28,20:00:00,17.84,17.93,17.8,17.89,40143,0
2017-07-28,21:00:00,17.89,17.9,17.77,17.82,50730,0
2017-07-28,22:00:00,17.83,17.85,17.73,17.74,98529,0
2017-07-31,16:00:00,17.87,17.95,17.53,17.6,9994,0
2017-07-31,17:00:00,17.625,17.8382,17.57,17.8382,31009,0
2017-07-31,18:00:00,17.8,17.94,17.75,17.91,46162,0
2017-07-31,19:00:00,17.89,17.93,17.77,17.8094,30855,0
2017-07-31,20:00:00,17.82,17.87,17.74,17.845,18600,0
2017-07-31,21:00:00,17.85,17.87,17.74,17.78,13100,0
2017-07-31,22:00:00,17.77,17.77,17.7,17.75,153206,0
2017-08-01,16:00:00,17.88,17.94,17.4925,17.75,11081,0
2017-08-01,17:00:00,17.78,17.78,17.62,17.68,10300,0
2017-08-01,18:00:00,17.68,17.68,17.52,17.59,22516,0
2017-08-01,19:00:00,17.62,17.77,17.59,17.69,18505,0
2017-08-01,20:00:00,17.67,17.75,17.55,17.57,11812,0
2017-08-01,21:00:00,17.56,17.78,17.56,17.78,20070,0
2017-08-01,22:00:00,17.795,17.795,17.59,17.59,35922,0
2017-08-02,16:00:00,17.59,17.7,17.41,17.545,6821,0
2017-08-02,17:00:00,17.59,17.59,17.28,17.43,24184,0
2017-08-02,18:00:00,17.41,17.54,17.27,17.37,20734,0
2017-08-02,19:00:00,17.37,17.62,17.33,17.58,22534,0
2017-08-02,20:00:00,17.59,17.7,17.5,17.7,25241,0
2017-08-02,21:00:00,17.69,17.83,17.68,17.75,65804,0
2017-08-02,22:00:00,17.76,17.9,17.73,17.82,89381,0
2017-08-03,16:00:00,18,18.27,16.77,17.09,205967,0
2017-08-03,17:00:00,17.06,17.22,16.96,17.12,103418,0
2017-08-03,18:00:00,17.15,17.98,17.105,17.72,97352,0
2017-08-03,19:00:00,17.72,17.72,17.04,17.239,58630,0
2017-08-03,20:00:00,17.33,17.33,17.1,17.14,26042,0
2017-08-03,21:00:00,17.15,17.49,17.145,17.46,27915,0
2017-08-03,22:00:00,17.46,17.49,17.17,17.43,111596,0
2017-08-04,16:00:00,16.95,17.06,16.66,16.87,26432,0
2017-08-04,17:00:00,16.91,16.95,16.8,16.83,38519,0
2017-08-04,18:00:00,16.8324,16.87,16.4,16.67,67480,0
2017-08-04,19:00:00,16.7,16.9,16.63,16.85,35112,0
2017-08-04,20:00:00,16.85,16.89,16.72,16.76,19014,0
2017-08-04,21:00:00,16.76,16.83,16.7,16.73,33653,0
2017-08-04,22:00:00,16.73,16.81,16.67,16.73,57768,0
2017-08-07,16:00:00,16.75,16.8926,16.71,16.82,18420,0
2017-08-07,17:00:00,16.78,16.89,16.76,16.86,19985,0
2017-08-07,18:00:00,16.83,16.96,16.79,16.82,14129,0
2017-08-07,19:00:00,16.8,16.88,16.76,16.8,17212,0
2017-08-07,20:00:00,16.81,16.86,16.76,16.84,55992,0
2017-08-07,21:00:00,16.84,17.17,16.81,17.07,68574,0
2017-08-07,22:00:00,17.06,17.27,17.05,17.26,104414,0
2017-08-08,16:00:00,17.28,17.28,17.1,17.2558,3970,0
2017-08-08,17:00:00,17.24,17.25,17.12,17.22,9338,0
2017-08-08,18:00:00,17.21,17.3,17.16,17.26,21810,0
2017-08-08,19:00:00,17.24,17.29,17.19,17.19,27386,0
2017-08-08,20:00:00,17.22,17.23,17.13,17.13,17202,0
2017-08-08,21:00:00,17.12,17.21,17.12,17.17,22051,0
2017-08-08,22:00:00,17.15,17.15,17.02,17.11,40727,0
2017-08-09,16:00:00,16.91,17.11,16.82,17.06,8585,0
2017-08-09,17:00:00,17.02,17.26,17.02,17.205,13650,0
2017-08-09,18:00:00,17.19,17.21,17.025,17.12,17477,0
2017-08-09,19:00:00,17.13,17.17,17.07,17.07,19888,0
2017-08-09,20:00:00,17.07,17.13,17.07,17.08,16974,0
2017-08-09,21:00:00,17.08,17.1,16.96,17.04,39315,0
2017-08-09,22:00:00,17.01,17.07,16.97,17.03,31537,0
2017-08-10,16:00:00,16.99,16.99,16.84,16.8653,3310,0
2017-08-10,17:00:00,16.84,16.86,16.57,16.72,19147,0
2017-08-10,18:00:00,16.79,16.87,16.574,16.61,16586,0
2017-08-10,19:00:00,16.61,16.81,16.45,16.54,28036,0
2017-08-10,20:00:00,16.57,16.69,16.53,16.565,7892,0
2017-08-10,21:00:00,16.52,16.71,16.49,16.62,7109,0
2017-08-10,22:00:00,16.62,16.62,16.39,16.41,39762,0
2017-08-11,16:00:00,16.29,16.59,16.2,16.46,13785,0
2017-08-11,17:00:00,16.46,16.49,16.3,16.3,26027,0
2017-08-11,18:00:00,16.34,16.34,16.12,16.2,41754,0
2017-08-11,19:00:00,16.235,16.39,16.07,16.07,39361,0
2017-08-11,20:00:00,16.1,16.3499,16.1,16.31,16657,0
2017-08-11,21:00:00,16.34,16.37,16.2,16.21,16695,0
2017-08-11,22:00:00,16.22,16.3,16.19,16.3,53439,0
2017-08-14,16:00:00,16.36,16.64,16.3001,16.63,39976,0
2017-08-14,17:00:00,16.64,17.03,16.64,16.82,51736,0
2017-08-14,18:00:00,16.79,17,16.74,16.91,15492,0
2017-08-14,19:00:00,16.9,17.14,16.85,17,68762,0
2017-08-14,20:00:00,17,17.04,16.9,16.98,26708,0
2017-08-14,21:00:00,16.97,16.9999,16.83,16.85,43721,0
2017-08-14,22:00:00,16.85,16.97,16.83,16.91,67528,0
2017-08-15,16:00:00,17,17.15,16.95,17.06,33542,0
2017-08-15,17:00:00,17.01,17.085,16.93,17.01,54206,0
2017-08-15,18:00:00,17,17.035,16.94,16.96,20420,0
2017-08-15,19:00:00,16.97,17.03,16.85,16.95,30117,0
2017-08-15,20:00:00,16.96,17.03,16.95,16.98,13257,0
2017-08-15,21:00:00,16.995,17.02,16.98,17,11939,0
2017-08-15,22:00:00,16.99,17.01,16.85,16.98,39055,0
2017-08-16,16:00:00,17.06,17.25,16.97,17,9036,0
2017-08-16,17:00:00,17,17.04,16.91,17.01,15354,0
2017-08-16,18:00:00,16.9934,17.02,16.8951,16.98,18684,0
2017-08-16,19:00:00,16.99,17.02,16.95,16.99,18854,0
2017-08-16,20:00:00,16.99,17.04,16.94,16.99,27488,0
2017-08-16,21:00:00,17,17.02,16.94,17.01,35627,0
2017-08-16,22:00:00,17,17.01,16.92,16.95,32473,0
2017-08-17,16:00:00,16.82,17.1,16.82,16.91,22338,0
2017-08-17,17:00:00,16.9,16.97,16.77,16.85,21999,0
2017-08-17,18:00:00,16.86,16.93,16.83,16.89,10682,0
2017-08-17,19:00:00,16.905,16.905,16.74,16.7625,7532,0
2017-08-17,20:00:00,16.75,16.8,16.58,16.79,15013,0
2017-08-17,21:00:00,16.8,16.81,16.65,16.78,10712,0
2017-08-17,22:00:00,16.74,16.76,16.52,16.53,38790,0
2017-08-18,16:00:00,16.48,16.58,16.4,16.4,12271,0
2017-08-18,17:00:00,16.44,16.64,16.44,16.64,13594,0
2017-08-18,18:00:00,16.64,16.74,16.51,16.71,15429,0
2017-08-18,19:00:00,16.66,16.82,16.65,16.74,9798,0
2017-08-18,20:00:00,16.725,16.78,16.63,16.63,7346,0
2017-08-18,21:00:00,16.64,16.75,16.63,16.7,14122,0
2017-08-18,22:00:00,16.7,16.71,16.53,16.55,115000,0
2017-08-21,16:00:00,16.6,16.7099,16.5576,16.6,17519,0
2017-08-21,17:00:00,16.59,16.705,16.56,16.705,23835,0
2017-08-21,18:00:00,16.71,16.82,16.63,16.73,17371,0
2017-08-21,19:00:00,16.72,16.75,16.58,16.715,15079,0
2017-08-21,20:00:00,16.72,16.76,16.59,16.67,22704,0
2017-08-21,21:00:00,16.7,16.8,16.65,16.72,41839,0
2017-08-21,22:00:00,16.72,16.88,16.69,16.85,50927,0
2017-08-22,16:00:00,16.89,16.975,16.89,16.9,16912,0
2017-08-22,17:00:00,16.9,16.99,16.8307,16.875,87788,0
2017-08-22,18:00:00,16.89,16.96,16.77,16.855,41930,0
2017-08-22,19:00:00,16.87,16.95,16.72,16.87,27504,0
2017-08-22,20:00:00,16.89,16.95,16.84,16.93,19152,0
2017-08-22,21:00:00,16.93,16.95,16.83,16.83,21045,0
2017-08-22,22:00:00,16.83,16.89,16.795,16.85,108088,0
2017-08-23,16:00:00,16.8,16.97,16.8,16.86,9464,0
2017-08-23,17:00:00,16.87,16.937,16.83,16.89,18705,0
2017-08-23,18:00:00,16.89,16.97,16.88,16.93,16260,0
2017-08-23,19:00:00,16.93,16.93,16.83,16.87,18703,0
2017-08-23,20:00:00,16.91,16.92,16.84,16.885,19671,0
2017-08-23,21:00:00,16.89,16.92,16.86,16.88,18635,0
2017-08-23,22:00:00,16.89,16.91,16.87,16.89,39397,0
2017-08-24,16:00:00,16.94,16.95,16.85,16.8884,8920,0
2017-08-24,17:00:00,16.88,16.99,16.849,16.92,32696,0
2017-08-24,18:00:00,16.94,16.99,16.87,16.91,25609,0
2017-08-24,19:00:00,16.935,17,16.92,16.94,23165,0
2017-08-24,20:00:00,16.97,16.97,16.94,16.948,24093,0
2017-08-24,21:00:00,16.95,16.97,16.9,16.96,39577,0
2017-08-24,22:00:00,16.95,16.99,16.94,16.97,46952,0
2017-08-25,16:00:00,17,17.17,16.93,17.06,21145,0
2017-08-25,17:00:00,17.07,17.07,16.89,16.94,17458,0
2017-08-25,18:00:00,16.91,16.99,16.88,16.96,20250,0
2017-08-25,19:00:00,16.96,17,16.95,16.97,17837,0
2017-08-25,20:00:00,16.97,17.03,16.965,16.98,25809,0
2017-08-25,21:00:00,16.99,17.06,16.98,17.015,24753,0
2017-08-25,22:00:00,17.015,17.03,16.94,16.99,70344,0
2017-08-28,16:00:00,16.97,17.09,16.92,16.97,4819,0
2017-08-28,17:00:00,16.92,17.03,16.89,16.99,14191,0
2017-08-28,18:00:00,17,17.02,16.95,16.98,14841,0
2017-08-28,19:00:00,16.99,17.02,16.97,16.98,17594,0
2017-08-28,20:00:00,16.99,17.02,16.97,17.01,16208,0
2017-08-28,21:00:00,17.01,17.22,16.98,17.21,60469,0
2017-08-28,22:00:00,17.22,17.5,17.22,17.48,74564,0
2017-08-29,16:00:00,17.32,17.5,17.32,17.47,8731,0
2017-08-29,17:00:00,17.472,17.5,17.4,17.47,29613,0
2017-08-29,18:00:00,17.48,17.75,17.46,17.7,45076,0
2017-08-29,19:00:00,17.72,17.75,17.67,17.705,27453,0
2017-08-29,20:00:00,17.72,17.74,17.59,17.6214,15319,0
2017-08-29,21:00:00,17.63,17.665,17.6146,17.63,13350,0
2017-08-29,22:00:00,17.65,17.74,17.57,17.65,89842,0
2017-08-30,16:00:00,17.74,17.82,17.69,17.79,34281,0
2017-08-30,17:00:00,17.795,17.795,17.65,17.7,96848,0
2017-08-30,18:00:00,17.72,17.77,17.66,17.71,32388,0
2017-08-30,19:00:00,17.71,17.77,17.67,17.72,47859,0
2017-08-30,20:00:00,17.74,17.77,17.65,17.66,27890,0
2017-08-30,21:00:00,17.67,17.7,17.595,17.65,31324,0
2017-08-30,22:00:00,17.66,17.75,17.61,17.66,62839,0
2017-08-31,16:00:00,17.5,17.59,17.25,17.52,48405,0
2017-08-31,17:00:00,17.51,17.52,17.34,17.36,28472,0
2017-08-31,18:00:00,17.36,17.43,17.31,17.3925,25203,0
2017-08-31,19:00:00,17.38,17.51,17.35,17.51,21563,0
2017-08-31,20:00:00,17.51,17.75,17.48,17.605,30452,0
2017-08-31,21:00:00,17.6,17.655,17.59,17.62,24403,0
2017-08-31,22:00:00,17.62,17.82,17.61,17.8,136555,0
2017-09-01,16:00:00,17.76,17.85,17.69,17.705,12362,0
2017-09-01,17:00:00,17.7,17.78,17.68,17.755,17275,0
2017-09-01,18:00:00,17.77,17.8,17.72,17.745,13372,0
2017-09-01,19:00:00,17.74,17.76,17.69,17.72,20344,0
2017-09-01,20:00:00,17.75,17.75,17.62,17.69,15333,0
2017-09-01,21:00:00,17.68,17.71,17.65,17.7,16361,0
2017-09-01,22:00:00,17.68,17.77,17.67,17.74,77303,0
2017-09-05,16:00:00,17.7,17.76,17.54,17.65,17902,0
2017-09-05,17:00:00,17.62,17.68,17.51,17.52,36590,0
2017-09-05,18:00:00,17.5125,17.53,17.44,17.5,21072,0
2017-09-05,19:00:00,17.5,17.5,17.25,17.28,19073,0
2017-09-05,20:00:00,17.295,17.43,17.25,17.38,19541,0
2017-09-05,21:00:00,17.4,17.56,17.4,17.5,26480,0
2017-09-05,22:00:00,17.51,17.54,17.45,17.5,28229,0
2017-09-06,16:00:00,17.5,17.52,17.36,17.52,3826,0
2017-09-06,17:00:00,17.5,17.52,17.34,17.34,10902,0
2017-09-06,18:00:00,17.36,17.39,17.2499,17.33,11364,0
2017-09-06,19:00:00,17.34,17.39,17.22,17.26,7518,0
2017-09-06,20:00:00,17.28,17.44,17.2625,17.36,10980,0
2017-09-06,21:00:00,17.3502,17.46,17.33,17.4,8600,0
2017-09-06,22:00:00,17.4,17.47,17.35,17.38,31732,0
2017-09-07,16:00:00,17.02,17.31,16.907,17.25,35104,0
2017-09-07,17:00:00,17.28,17.5,17.28,17.47,19884,0
2017-09-07,18:00:00,17.49,17.5,17.36,17.46,14581,0
2017-09-07,19:00:00,17.465,17.5,17.38,17.46,17700,0
2017-09-07,20:00:00,17.445,17.46,17.34,17.34,11630,0
2017-09-07,21:00:00,17.34,17.39,17.15,17.15,17583,0
2017-09-07,22:00:00,17.15,17.26,17.14,17.15,48141,0
2017-09-08,16:00:00,17.17,17.2,17,17,8103,0
2017-09-08,17:00:00,16.95,17.04,16.89,16.945,19328,0
2017-09-08,18:00:00,16.98,17.08,16.91,16.92,17150,0
2017-09-08,19:00:00,16.91,16.99,16.89,16.92,11706,0
2017-09-08,20:00:00,16.91,16.91,16.79,16.79,12823,0
2017-09-08,21:00:00,16.79,16.87,16.72,16.76,9957,0
2017-09-08,22:00:00,16.75,16.75,16.6,16.64,53272,0
2017-09-11,16:00:00,16.71,17.09,16.56,16.9599,37768,0
2017-09-11,17:00:00,16.92,16.92,16.78,16.8499,24968,0
2017-09-11,18:00:00,16.84,16.86,16.77,16.83,25966,0
2017-09-11,19:00:00,16.86,16.88,16.79,16.8,22632,0
2017-09-11,20:00:00,16.8,16.91,16.79,16.91,24940,0
2017-09-11,21:00:00,16.9075,17.1,16.85,16.9399,46508,0
2017-09-11,22:00:00,16.9399,17.14,16.89,17.11,60668,0
2017-09-12,16:00:00,17.07,17.2599,17.07,17.18,20784,0
2017-09-12,17:00:00,17.18,17.225,17.14,17.16,13916,0
2017-09-12,18:00:00,17.15,17.28,17.14,17.18,15029,0
2017-09-12,19:00:00,17.18,17.21,17.14,17.19,6110,0
2017-09-12,20:00:00,17.165,17.265,17.14,17.265,22753,0
2017-09-12,21:00:00,17.2857,17.2857,17.14,17.16,40436,0
2017-09-12,22:00:00,17.18,17.27,17.14,17.23,45243,0
2017-09-13,16:00:00,17.15,17.45,17.15,17.44,6666,0
2017-09-13,17:00:00,17.45,17.48,17.37,17.45,18017,0
2017-09-13,18:00:00,17.45,17.45,17.38,17.43,10707,0
2017-09-13,19:00:00,17.43,17.46,17.275,17.29,22731,0
2017-09-13,20:00:00,17.27,17.4299,17.26,17.38,18035,0
2017-09-13,21:00:00,17.38,17.47,17.37,17.43,20016,0
2017-09-13,22:00:00,17.43,17.46,17.37,17.45,59630,0
2017-09-14,16:00:00,17.32,17.6,17.14,17.44,24382,0
2017-09-14,17:00:00,17.445,17.75,17.4286,17.7,80360,0
2017-09-14,18:00:00,17.67,17.77,17.48,17.49,28211,0
2017-09-14,19:00:00,17.51,17.5265,17.42,17.475,21653,0
2017-09-14,20:00:00,17.49,17.59,17.48,17.57,11176,0
2017-09-14,21:00:00,17.57,17.59,17.45,17.51,16024,0
2017-09-14,22:00:00,17.48,17.52,17.45,17.5,65171,0
2017-09-15,16:00:00,17.52,17.56,17.41,17.5099,79688,0
2017-09-15,17:00:00,17.48,17.535,17.46,17.5,12902,0
2017-09-15,18:00:00,17.5,17.54,17.46,17.51,9327,0
2017-09-15,19:00:00,17.51,17.54,17.4899,17.53,8855,0
2017-09-15,20:00:00,17.53,17.58,17.5,17.58,6738,0
2017-09-15,21:00:00,17.575,17.66,17.51,17.53,26695,0
2017-09-15,22:00:00,17.57,17.62,17.51,17.6,377297,0
2017-09-18,16:00:00,17.6,17.73,17.31,17.56,19497,0
2017-09-18,17:00:00,17.51,17.685,17.5,17.59,54813,0
2017-09-18,18:00:00,17.61,17.75,17.59,17.66,17651,0
2017-09-18,19:00:00,17.67,17.73,17.61,17.66,16996,0
2017-09-18,20:00:00,17.64,17.67,17.59,17.64,12989,0
2017-09-18,21:00:00,17.65,17.67,17.45,17.6,14622,0
2017-09-18,22:00:00,17.6,17.66,17.56,17.59,128971,0
2017-09-19,16:00:00,17.69,17.7892,17.63,17.75,61421,0
2017-09-19,17:00:00,17.715,17.77,17.65,17.77,15424,0
2017-09-19,18:00:00,17.74,17.8,17.69,17.7,35894,0
2017-09-19,19:00:00,17.7,17.775,17.69,17.75,25505,0
2017-09-19,20:00:00,17.745,17.79,17.6949,17.75,9906,0
2017-09-19,21:00:00,17.75,17.85,17.665,17.665,52968,0
2017-09-19,22:00:00,17.65,17.76,17.64,17.67,92441,0
2017-09-20,16:00:00,17.75,17.75,17.69,17.73,30985,0
2017-09-20,17:00:00,17.719,17.77,17.69,17.7,31874,0
2017-09-20,18:00:00,17.7,17.75,17.68,17.7,13310,0
2017-09-20,19:00:00,17.72,17.78,17.72,17.765,35377,0
2017-09-20,20:00:00,17.77,17.77,17.72,17.75,23546,0
2017-09-20,21:00:00,17.71,17.76,17.6,17.715,47095,0
2017-09-20,22:00:00,17.73,17.74,17.54,17.59,82051,0
2017-09-21,16:00:00,17.59,17.59,17.41,17.44,4102,0
2017-09-21,17:00:00,17.43,17.52,17.41,17.51,23024,0
2017-09-21,18:00:00,17.53,17.66,17.495,17.595,24485,0
2017-09-21,19:00:00,17.58,17.75,17.575,17.75,14371,0
2017-09-21,20:00:00,17.75,17.75,17.68,17.705,8241,0
2017-09-21,21:00:00,17.705,17.75,17.6801,17.72,9902,0
2017-09-21,22:00:00,17.72,17.75,17.7,17.75,30979,0
2017-09-22,16:00:00,17.62,17.71,17.59,17.6352,6242,0
2017-09-22,17:00:00,17.65,17.67,17.6,17.63,19077,0
2017-09-22,18:00:00,17.65,17.67,17.59,17.61,15655,0
2017-09-22,19:00:00,17.63,17.64,17.5,17.5282,11636,0
2017-09-22,20:00:00,17.5,17.56,17.43,17.45,13901,0
2017-09-22,21:00:00,17.47,17.51,17.36,17.4,46011,0
2017-09-22,22:00:00,17.4,17.44,17.38,17.42,33944,0
2017-09-25,16:00:00,17.35,17.61,17.3,17.3,14058,0
2017-09-25,17:00:00,17.32,17.4,17.29,17.3097,28694,0
2017-09-25,18:00:00,17.29,17.3,17.05,17.06,26208,0
2017-09-25,19:00:00,17.06,17.13,16.98,17.11,17530,0
2017-09-25,20:00:00,17.07,17.29,17.03,17.09,31265,0
2017-09-25,21:00:00,17.11,17.23,17.11,17.22,26901,0
2017-09-25,22:00:00,17.22,17.34,17.21,17.3,53428,0
2017-09-26,16:00:00,17.39,17.39,17.33,17.37,1897,0
2017-09-26,17:00:00,17.39,17.41,17.27,17.29,12605,0
2017-09-26,18:00:00,17.3,17.38,17.28,17.36,9597,0
2017-09-26,19:00:00,17.36,17.4,17.32,17.34,4998,0
2017-09-26,20:00:00,17.33,17.43,17.32,17.39,14040,0
2017-09-26,21:00:00,17.36,17.37,17.26,17.28,18341,0
2017-09-26,22:00:00,17.285,17.39,17.23,17.31,36273,0
2017-09-27,16:00:00,17.49,17.74,17.45,17.69,8738,0
2017-09-27,17:00:00,17.69,17.78,17.68,17.76,29824,0
2017-09-27,18:00:00,17.75,17.78,17.71,17.757,14935,0
2017-09-27,19:00:00,17.78,18.2,17.7783,18.17,36188,0
2017-09-27,20:00:00,18.19,18.46,18.17,18.37,81110,0
2017-09-27,21:00:00,18.37,18.38,18.27,18.33,35861,0
2017-09-27,22:00:00,18.32,18.38,18.265,18.28,81196,0
2017-09-28,16:00:00,18.2,18.29,18.14,18.18,6771,0
2017-09-28,17:00:00,18.17,18.29,18.14,18.17,11165,0
2017-09-28,18:00:00,18.18,18.26,18.13,18.19,21750,0
2017-09-28,19:00:00,18.19,18.35,18.19,18.21,38208,0
2017-09-28,20:00:00,18.19,18.23,18.09,18.22,17127,0
2017-09-28,21:00:00,18.23,18.2375,18.15,18.18,11300,0
2017-09-28,22:00:00,18.17,18.23,18.16,18.18,47393,0
2017-09-29,16:00:00,18.23,18.37,18.14,18.24,13647,0
2017-09-29,17:00:00,18.21,18.25,18.145,18.2,13872,0
2017-09-29,18:00:00,18.25,18.53,18.25,18.42,29923,0
2017-09-29,19:00:00,18.46,18.46,18.39,18.41,14025,0
2017-09-29,20:00:00,18.45,18.45,18.35,18.35,9849,0
2017-09-29,21:00:00,18.34,18.4,18.3,18.3562,7637,0
2017-09-29,22:00:00,18.35,18.51,18.29,18.47,55903,0
2017-10-02,16:00:00,18.55,18.8,18.55,18.76,29620,0
2017-10-02,17:00:00,18.79,18.907,18.71,18.83,61149,0
2017-10-02,18:00:00,18.83,18.83,18.61,18.6499,22654,0
2017-10-02,19:00:00,18.635,18.8,18.53,18.77,17607,0
2017-10-02,20:00:00,18.775,18.79,18.64,18.79,12873,0
2017-10-02,21:00:00,18.77,18.79,18.71,18.76,13256,0
2017-10-02,22:00:00,18.76,18.79,18.7,18.77,46543,0
2017-10-03,16:00:00,18.62,18.97,18.56,18.95,21098,0
2017-10-03,17:00:00,18.95,19,18.78,18.84,30145,0
2017-10-03,18:00:00,18.81,18.86,18.6828,18.71,25173,0
2017-10-03,19:00:00,18.71,18.855,18.65,18.81,65326,0
2017-10-03,20:00:00,18.825,18.89,18.78,18.87,41898,0
2017-10-03,21:00:00,18.8672,19.02,18.8625,18.92,55892,0
2017-10-03,22:00:00,18.95,18.95,18.79,18.86,55905,0
2017-10-04,16:00:00,18.85,18.85,18.41,18.68,9501,0
2017-10-04,17:00:00,18.61,18.89,18.61,18.83,14206,0
2017-10-04,18:00:00,18.84,18.97,18.82,18.97,9826,0
2017-10-04,19:00:00,18.97,18.97,18.83,18.92,12543,0
2017-10-04,20:00:00,18.905,18.915,18.73,18.8001,7326,0
2017-10-04,21:00:00,18.84,18.88,18.74,18.855,9098,0
2017-10-04,22:00:00,18.84,18.86,18.8,18.82,28356,0
2017-10-05,16:00:00,18.92,18.92,18.68,18.69,9576,0
2017-10-05,17:00:00,18.68,18.706,18.57,18.6,20859,0
2017-10-05,18:00:00,18.58,18.67,18.54,18.61,30452,0
2017-10-05,19:00:00,18.615,18.79,18.59,18.75,9000,0
2017-10-05,20:00:00,18.75,18.78,18.645,18.71,15047,0
2017-10-05,21:00:00,18.7,18.71,18.64,18.68,20603,0
2017-10-05,22:00:00,18.7,18.73,18.62,18.66,55212,0
2017-10-06,16:00:00,18.7,18.85,18.58,18.71,7695,0
2017-10-06,17:00:00,18.7,19.1,18.7,18.841,52010,0
2017-10-06,18:00:00,18.85,19.01,18.77,18.99,14826,0
2017-10-06,19:00:00,19.005,19.01,18.94,18.96,12788,0
2017-10-06,20:00:00,18.96,19.11,18.95,19.08,26146,0
2017-10-06,21:00:00,19.08,19.1,19,19.01,24401,0
2017-10-06,22:00:00,19.0018,19.02,18.93,18.96,109302,0
2017-10-09,16:00:00,18.97,19.15,18.97,18.98,6225,0
2017-10-09,17:00:00,18.95,18.98,18.91,18.93,6919,0
2017-10-09,18:00:00,18.955,18.99,18.92,18.97,23516,0
2017-10-09,19:00:00,18.965,18.98,18.89,18.89,13816,0
2017-10-09,20:00:00,18.89,18.9,18.79,18.835,12688,0
2017-10-09,21:00:00,18.83,18.89,18.79,18.87,11341,0
2017-10-09,22:00:00,18.88,18.9,18.78,18.8,36729,0
2017-10-10,16:00:00,18.76,18.89,18.56,18.69,6198,0
2017-10-10,17:00:00,18.7,18.75,18.65,18.73,5050,0
2017-10-10,18:00:00,18.73,18.75,18.58,18.61,25438,0
2017-10-10,19:00:00,18.59,18.59,18.39,18.47,14763,0
2017-10-10,20:00:00,18.48,18.66,18.48,18.66,8369,0
2017-10-10,21:00:00,18.66,18.67,18.57,18.57,6837,0
2017-10-10,22:00:00,18.575,18.63,18.53,18.63,24270,0
2017-10-11,16:00:00,18.63,18.69,18.41,18.52,19528,0
2017-10-11,17:00:00,18.54,18.78,18.48,18.6,25211,0
2017-10-11,18:00:00,18.62,18.69,18.61,18.62,8331,0
2017-10-11,19:00:00,18.6229,18.639,18.51,18.54,6107,0
2017-10-11,20:00:00,18.55,18.61,18.52,18.56,8600,0
2017-10-11,21:00:00,18.55,18.61,18.51,18.59,8449,0
2017-10-11,22:00:00,18.61,18.64,18.55,18.56,28230,0
2017-10-12,16:00:00,18.57,18.57,18.45,18.5,2855,0
2017-10-12,17:00:00,18.5,18.5,18.37,18.41,10496,0
2017-10-12,18:00:00,18.41,18.48,18.41,18.47,4800,0
2017-10-12,19:00:00,18.47,18.5,18.42,18.5,13392,0
2017-10-12,20:00:00,18.48,18.6,18.46,18.57,8854,0
2017-10-12,21:00:00,18.55,18.56,18.52,18.52,2831,0
2017-10-12,22:00:00,18.52,18.58,18.48,18.57,24154,0
2017-10-13,16:00:00,18.65,18.82,18.5,18.7,13203,0
2017-10-13,17:00:00,18.7,18.71,18.49,18.52,7100,0
2017-10-13,18:00:00,18.495,18.51,18.23,18.335,12271,0
2017-10-13,19:00:00,18.335,18.36,18.2,18.26,9857,0
2017-10-13,20:00:00,18.23,18.41,18.23,18.331,9634,0
2017-10-13,21:00:00,18.33,18.41,18.29,18.36,16994,0
2017-10-13,22:00:00,18.35,18.38,18.29,18.31,19168,0
2017-10-16,16:00:00,18.42,18.48,18.32,18.47,4691,0
2017-10-16,17:00:00,18.41,18.4191,18.16,18.22,30615,0
2017-10-16,18:00:00,18.21,18.33,18.19,18.27,11919,0
2017-10-16,19:00:00,18.26,18.27,18.19,18.21,9052,0
2017-10-16,20:00:00,18.2,18.33,18.195,18.26,10326,0
2017-10-16,21:00:00,18.29,18.33,18.23,18.33,9340,0
2017-10-16,22:00:00,18.32,18.35,18.255,18.31,31418,0
2017-10-17,16:00:00,18.32,18.45,18.275,18.45,2930,0
2017-10-17,17:00:00,18.3801,18.42,18.245,18.38,10224,0
2017-10-17,18:00:00,18.38,18.43,18.31,18.31,9300,0
2017-10-17,19:00:00,18.32,18.34,18.26,18.28,3700,0
2017-10-17,20:00:00,18.29,18.3,18.22,18.23,8505,0
2017-10-17,21:00:00,18.26,18.32,18.26,18.31,3551,0
2017-10-17,22:00:00,18.3032,18.305,18.22,18.26,30799,0
2017-10-18,16:00:00,18.315,18.47,18.315,18.37,3490,0
2017-10-18,17:00:00,18.4,18.43,18.295,18.41,5681,0
2017-10-18,18:00:00,18.41,18.5,18.4,18.495,4749,0
2017-10-18,19:00:00,18.51,18.64,18.51,18.58,8684,0
2017-10-18,20:00:00,18.61,18.68,18.5875,18.66,13265,0
2017-10-18,21:00:00,18.65,18.78,18.65,18.77,16578,0
2017-10-18,22:00:00,18.77,18.93,18.77,18.83,114601,0
2017-10-19,16:00:00,18.7,18.72,18.65,18.69,4186,0
2017-10-19,17:00:00,18.68,18.78,18.635,18.64,14554,0
2017-10-19,18:00:00,18.65,18.68,18.52,18.52,13063,0
2017-10-19,19:00:00,18.51,18.61,18.46,18.61,9613,0
2017-10-19,20:00:00,18.595,18.71,18.54,18.54,13884,0
2017-10-19,21:00:00,18.53,18.55,18.43,18.5,12810,0
2017-10-19,22:00:00,18.52,18.5616,18.48,18.55,75248,0
2017-10-20,16:00:00,18.69,18.75,18.51,18.69,11698,0
2017-10-20,17:00:00,18.67,18.8,18.51,18.605,27884,0
2017-10-20,18:00:00,18.65,18.69,18.51,18.69,40449,0
2017-10-20,19:00:00,18.71,18.81,18.71,18.78,21311,0
2017-10-20,20:00:00,18.79,18.8,18.69,18.72,8916,0
2017-10-20,21:00:00,18.75,18.8,18.68,18.7,12692,0
2017-10-20,22:00:00,18.68,18.76,18.63,18.73,34460,0
2017-10-23,16:00:00,18.71,18.71,18.48,18.48,1675,0
2017-10-23,17:00:00,18.55,18.58,18.35,18.44,47270,0
2017-10-23,18:00:00,18.42,18.51,18.36,18.47,9073,0
2017-10-23,19:00:00,18.49,18.53,18.41,18.505,53238,0
2017-10-23,20:00:00,18.51,18.53,18.44,18.44,9738,0
2017-10-23,21:00:00,18.47,18.48,18.38,18.4,12223,0
2017-10-23,22:00:00,18.4,18.54,18.39,18.5,34636,0
2017-10-24,16:00:00,18.46,18.74,18.46,18.6799,8847,0
2017-10-24,17:00:00,18.66,18.89,18.66,18.75,51472,0
2017-10-24,18:00:00,18.74,18.92,18.73,18.91,32621,0
2017-10-24,19:00:00,18.91,18.98,18.91,18.98,46983,0
2017-10-24,20:00:00,18.98,19,18.97,18.995,9070,0
2017-10-24,21:00:00,18.99,18.99,18.79,18.8,105465,0
2017-10-24,22:00:00,18.81,18.83,18.6,18.6,66562,0
2017-10-25,16:00:00,18.6,18.78,18.56,18.64,2087,0
2017-10-25,17:00:00,18.6,18.75,18.53,18.715,9525,0
2017-10-25,18:00:00,18.71,18.71,18.39,18.5,20530,0
2017-10-25,19:00:00,18.48,18.53,18.4,18.52,8601,0
2017-10-25,20:00:00,18.52,18.52,18.41,18.5,10361,0
2017-10-25,21:00:00,18.53,18.65,18.45,18.61,10021,0
2017-10-25,22:00:00,18.61,18.72,18.58,18.7,30204,0
2017-10-26,16:00:00,18.76,18.83,18.5,18.575,7844,0
2017-10-26,17:00:00,18.635,18.712,18.48,18.66,17836,0
2017-10-26,18:00:00,18.68,18.74,18.57,18.71,40300,0
2017-10-26,19:00:00,18.6701,18.72,18.61,18.645,7800,0
2017-10-26,20:00:00,18.68,18.72,18.63,18.63,6200,0
2017-10-26,21:00:00,18.67,18.71,18.65,18.7,6375,0
2017-10-26,22:00:00,18.7,18.9,18.66,18.72,80679,0
2017-10-27,16:00:00,18.82,19.1,18.7872,19.1,60684,0
2017-10-27,17:00:00,19.13,19.16,19,19.09,100403,0
2017-10-27,18:00:00,19.1,19.18,19.07,19.11,66329,0
2017-10-27,19:00:00,19.1,19.26,19.1,19.205,32169,0
2017-10-27,20:00:00,19.19,19.21,18.99,19.08,18334,0
2017-10-27,21:00:00,19.08,19.1,19.05,19.07,12520,0
2017-10-27,22:00:00,19.075,19.21,19.06,19.2,52176,0
2017-10-30,15:00:00,19.2,19.2,18.69,18.6992,60115,0
2017-10-30,16:00:00,18.7,18.72,18.51,18.63,22757,0
2017-10-30,17:00:00,18.59,18.6,18.41,18.48,30360,0
2017-10-30,18:00:00,18.49,18.6,18.4101,18.55,15485,0
2017-10-30,19:00:00,18.51,18.69,18.51,18.593,13482,0
2017-10-30,20:00:00,18.59,19.2,18.58,19.07,129142,0
2017-10-30,21:00:00,19.11,19.23,19,19.09,230043,0
2017-10-31,15:00:00,21,21.5,20.55,21.36,478628,0
2017-10-31,16:00:00,21.38,22.83,21.17,22.446,537599,0
2017-10-31,17:00:00,22.53,23.16,21.91,22.615,346049,0
2017-10-31,18:00:00,22.58,23.25,22.4,23.0325,181973,0
2017-10-31,19:00:00,22.9961,24,22.84,23.905,349941,0
2017-10-31,20:00:00,23.91,24.25,23.57,23.91,249510,0
2017-10-31,21:00:00,23.91,24.5,23.88,24.25,532526,0
2017-11-01,15:00:00,23.38,23.71,22.53,23.47,198865,0
2017-11-01,16:00:00,23.44,23.7158,22.94,23.19,164667,0
2017-11-01,17:00:00,23.18,23.35,23,23.19,60292,0
2017-11-01,18:00:00,23.19,23.21,22.7,22.89,95313,0
2017-11-01,19:00:00,22.88,22.88,22.5,22.74,75911,0
2017-11-01,20:00:00,22.8,22.98,22.7,22.89,52933,0
2017-11-01,21:00:00,22.89,23.03,22.53,22.55,99945,0
2017-11-02,15:00:00,22.11,22.86,22.11,22.61,79990,0
2017-11-02,16:00:00,22.63,23.29,22.61,23.08,89847,0
2017-11-02,17:00:00,23.1,23.11,22.81,22.99,73493,0
2017-11-02,18:00:00,22.98,22.99,22.78,22.78,27123,0
2017-11-02,19:00:00,22.81,22.92,22.73,22.89,22826,0
2017-11-02,20:00:00,22.9,22.95,22.71,22.72,23509,0
2017-11-02,21:00:00,22.74,23,22.72,22.77,80146,0
2017-11-03,15:00:00,22.67,22.79,22.5516,22.72,15294,0
2017-11-03,16:00:00,22.8,22.92,22.64,22.8,26944,0
2017-11-03,17:00:00,22.78,23.28,22.78,23.135,49443,0
2017-11-03,18:00:00,23.12,23.43,23.06,23.3276,59453,0
2017-11-03,19:00:00,23.35,23.415,23.23,23.3299,39213,0
2017-11-03,20:00:00,23.315,23.32,23.17,23.19,34573,0
2017-11-03,21:00:00,23.18,23.45,23.07,23.4,119187,0
2017-11-06,16:00:00,22.56,22.92,22.42,22.42,128721,0
2017-11-06,17:00:00,22.446,22.5,21.33,21.69,260941,0
2017-11-06,18:00:00,21.65,21.904,21.07,21.36,179034,0
2017-11-06,19:00:00,21.36,21.578,21.27,21.4,73897,0
2017-11-06,20:00:00,21.37,21.86,21.13,21.5292,131244,0
2017-11-06,21:00:00,21.54,21.86,21.45,21.53,106575,0
2017-11-06,22:00:00,21.5,22.02,21.49,21.85,208254,0
2017-11-07,16:00:00,21.96,22.37,21.8,22.14,26996,0
2017-11-07,17:00:00,22.13,22.2499,22.02,22.06,20490,0
2017-11-07,19:00:00,21.73,21.82,21.62,21.78,13932,0
2017-11-07,20:00:00,21.81,21.85,21.76,21.83,26933,0
2017-11-07,21:00:00,21.8,21.85,21.67,21.71,38098,0
2017-11-07,22:00:00,21.71,21.71,21.56,21.57,53167,0
2017-11-08,16:00:00,21.46,21.59,21.096,21.52,11050,0
2017-11-08,17:00:00,21.5229,21.57,21.31,21.51,21814,0
2017-11-08,18:00:00,21.485,21.56,21.29,21.51,38632,0
2017-11-08,19:00:00,21.51,21.62,21.505,21.6,9975,0
2017-11-08,20:00:00,21.62,21.78,21.6,21.776,30332,0
2017-11-08,21:00:00,21.78,21.89,21.72,21.76,36806,0
2017-11-08,22:00:00,21.75,21.97,21.72,21.89,96832,0
2017-11-09,16:00:00,21.67,21.86,20.94,21.06,92550,0
2017-11-09,17:00:00,21.08,21.14,20.92,21.03,189199,0
2017-11-09,18:00:00,21.015,21.12,20.64,20.71,189250,0
2017-11-09,19:00:00,20.7,20.86,20.46,20.85,113901,0
2017-11-09,20:00:00,20.8,21.17,20.75,21.17,80599,0
2017-11-09,21:00:00,21.2,21.24,20.95,21.17,105309,0
2017-11-09,22:00:00,21.17,21.46,21.01,21.3,223064,0
2017-11-10,16:00:00,21.17,22.47,21.17,22,52843,0
2017-11-10,17:00:00,22,22.5,22,22.25,145989,0
2017-11-10,18:00:00,22.255,22.44,22.09,22.295,57150,0
2017-11-10,19:00:00,22.295,22.48,22.21,22.3,85387,0
2017-11-10,20:00:00,22.26,22.38,22.09,22.2,34240,0
2017-11-10,21:00:00,22.2,22.35,22,22.26,52848,0
2017-11-10,22:00:00,22.23,22.26,22,22.14,226973,0
2017-11-13,16:00:00,21.94,22.23,21.66,22.07,17317,0
2017-11-13,17:00:00,22.04,22.09,21.68,21.82,24931,0
2017-11-13,18:00:00,21.86,22.01,21.76,21.91,39482,0
2017-11-13,19:00:00,21.91,22.27,21.91,22.1,27374,0
2017-11-13,20:00:00,22.0699,22.19,21.975,22.19,16749,0
2017-11-13,21:00:00,22.19,22.37,22.13,22.355,31919,0
2017-11-13,22:00:00,22.35,22.44,22.32,22.36,65255,0
2017-11-14,16:00:00,22.15,22.22,21.98,22.17,11681,0
2017-11-14,17:00:00,22.22,22.35,21.98,22.235,33197,0
2017-11-14,18:00:00,22.25,22.26,21.92,21.98,19390,0
2017-11-14,19:00:00,21.995,22.06,21.9,21.98,16130,0
2017-11-14,20:00:00,22,22.0753,21.95,22.015,24043,0
2017-11-14,21:00:00,22.01,22.04,21.95,21.99,37055,0
2017-11-14,22:00:00,21.99,22.03,21.8,21.83,46039,0
2017-11-15,16:00:00,21.68,21.68,21.26,21.27,14892,0
2017-11-15,17:00:00,21.29,21.575,21.25,21.51,48966,0
2017-11-15,18:00:00,21.52,21.84,21.52,21.8,23635,0
2017-11-15,19:00:00,21.81,21.93,21.6701,21.6701,14813,0
2017-11-15,20:00:00,21.71,21.71,21.34,21.36,70267,0
2017-11-15,21:00:00,21.35,21.7,21.3385,21.66,35893,0
2017-11-15,22:00:00,21.6992,21.89,21.63,21.8,110078,0
2017-11-16,16:00:00,21.93,22.21,21.69,22.1,63619,0
2017-11-16,17:00:00,22.1,22.2,21.7601,21.7601,33388,0
2017-11-16,18:00:00,21.77,22.16,21.72,22.1,41942,0
2017-11-16,19:00:00,22.13,22.22,22.1,22.11,24788,0
2017-11-16,20:00:00,22.11,22.23,21.94,22.155,35579,0
2017-11-16,21:00:00,22.13,22.32,22.1,22.26,33513,0
2017-11-16,22:00:00,22.26,22.57,22.25,22.5,105669,0
2017-11-17,16:00:00,22.46,22.63,22.45,22.58,21515,0
2017-11-17,17:00:00,22.58,22.63,22.3,22.35,58551,0
2017-11-17,18:00:00,22.29,22.46,22.25,22.385,25907,0
2017-11-17,19:00:00,22.38,22.39,22.25,22.32,21419,0
2017-11-17,20:00:00,22.335,22.46,22.31,22.45,15057,0
2017-11-17,21:00:00,22.47,22.64,22.47,22.62,29019,0
2017-11-17,22:00:00,22.62,22.62,22.41,22.48,49215,0
2017-11-20,16:00:00,21.59,22.1399,21.15,21.9,160277,0
2017-11-20,17:00:00,21.89,22.14,21.84,21.85,100811,0
2017-11-20,18:00:00,21.87,22.05,21.84,21.96,46634,0
2017-11-20,19:00:00,21.96,22,21.84,21.96,47274,0
2017-11-20,20:00:00,21.96,22.01,21.82,21.8225,57413,0
2017-11-20,21:00:00,21.84,21.965,21.82,21.9,35849,0
2017-11-20,22:00:00,21.9,22.13,21.89,22.11,176511,0
2017-11-21,16:00:00,22.29,22.29,21.94,22.13,15503,0
2017-11-21,17:00:00,22.13,22.28,22.015,22.15,35001,0
2017-11-21,18:00:00,22.17,22.24,21.92,22.0205,28151,0
2017-11-21,19:00:00,22,22.09,22,22.01,17473,0
2017-11-21,20:00:00,22.04,22.3,21.97,22.07,34837,0
2017-11-21,21:00:00,22.14,22.28,21.97,22.22,72004,0
2017-11-21,22:00:00,22.22,22.25,22.15,22.23,121267,0
2017-11-22,16:00:00,22.25,22.3,22.02,22.15,11274,0
2017-11-22,17:00:00,22.11,22.22,22.05,22.2,35482,0
2017-11-22,18:00:00,22.23,22.25,22,22.07,28791,0
2017-11-22,19:00:00,22.07,22.24,22.07,22.19,21278,0
2017-11-22,20:00:00,22.19,22.4,22.16,22.33,22322,0
2017-11-22,21:00:00,22.34,22.46,22.325,22.46,38057,0
2017-11-22,22:00:00,22.43,22.5,22.37,22.41,105839,0
2017-11-24,16:00:00,22.5,22.68,22.5,22.62,17771,0
2017-11-24,17:00:00,22.645,22.8,22.49,22.65,54845,0
2017-11-24,18:00:00,22.61,22.83,22.61,22.7,92719,0
2017-11-24,19:00:00,22.725,22.725,22.48,22.54,72733,0
2017-11-24,20:00:00,22.55,22.55,22.55,22.55,4154,0
2017-11-27,16:00:00,22.8,22.8,22.59,22.75,43398,0
2017-11-27,17:00:00,22.76,22.76,22.44,22.63,37597,0
2017-11-27,18:00:00,22.65,22.75,22.55,22.7,38846,0
2017-11-27,19:00:00,22.695,22.78,22.69,22.765,21374,0
2017-11-27,20:00:00,22.765,23,22.71,22.72,131557,0
2017-11-27,21:00:00,22.7,22.86,22.645,22.75,55866,0
2017-11-27,22:00:00,22.79,22.82,22.72,22.765,74676,0
2017-11-28,16:00:00,22.8,22.88,22.56,22.61,21199,0
2017-11-28,17:00:00,22.56,22.61,22.3676,22.41,32869,0
2017-11-28,18:00:00,22.4,22.5699,22.29,22.44,36822,0
2017-11-28,19:00:00,22.44,22.52,22.4,22.4,41435,0
2017-11-28,20:00:00,22.4,22.63,22.26,22.26,38985,0
2017-11-28,21:00:00,22.27,22.56,22.24,22.47,26396,0
2017-11-28,22:00:00,22.49,22.749,22.45,22.72,88404,0
2017-11-29,16:00:00,22.75,22.76,22.24,22.3,14472,0
2017-11-29,17:00:00,22.27,22.32,22,22.14,70647,0
2017-11-29,18:00:00,22.14,22.22,22,22.09,120100,0
2017-11-29,19:00:00,22.07,22.28,22,22.12,30636,0
2017-11-29,20:00:00,22.14,22.31,22.05,22.14,21669,0
2017-11-29,21:00:00,22.175,22.21,22,22,36635,0
2017-11-29,22:00:00,22.05,22.29,22.05,22.17,54470,0
2017-11-30,16:00:00,22.29,22.38,22.13,22.38,7875,0
2017-11-30,17:00:00,22.39,22.49,22.31,22.41,24433,0
2017-11-30,18:00:00,22.46,22.54,22.14,22.26,20089,0
2017-11-30,19:00:00,22.25,22.28,22.16,22.25,21102,0
2017-11-30,20:00:00,22.26,22.33,22.11,22.29,23087,0
2017-11-30,21:00:00,22.3,22.35,22.25,22.29,20886,0
2017-11-30,22:00:00,22.3,22.36,22.28,22.31,81374,0
2017-12-01,16:00:00,22.31,22.3199,22.0701,22.3199,8333,0
2017-12-01,17:00:00,22.275,22.75,22.2,22.57,60729,0
2017-12-01,18:00:00,22.54,22.55,21.99,22.43,72524,0
2017-12-01,19:00:00,22.39,22.55,22.21,22.38,37715,0
2017-12-01,20:00:00,22.38,22.54,22.3,22.48,18010,0
2017-12-01,21:00:00,22.46,22.48,22.27,22.32,25548,0
2017-12-01,22:00:00,22.32,22.5,22.3,22.48,49001,0
2017-12-04,16:00:00,22.62,22.62,22.071,22.38,16225,0
2017-12-04,17:00:00,22.38,22.5,22.11,22.1601,48213,0
2017-12-04,18:00:00,22.16,22.36,22.02,22.28,51896,0
2017-12-04,19:00:00,22.3,22.39,22.11,22.16,11613,0
2017-12-04,20:00:00,22.19,22.29,22.17,22.24,10141,0
2017-12-04,21:00:00,22.21,22.225,21.98,22.03,31710,0
2017-12-04,22:00:00,22.03,22.1,21.96,22.03,143416,0
2017-12-05,16:00:00,21.98,22.45,21.98,22.37,20148,0
2017-12-05,17:00:00,22.42,22.47,21.9,22.07,35308,0
2017-12-05,18:00:00,22.05,22.2,21.755,21.87,29727,0
2017-12-05,19:00:00,21.94,21.97,21.61,21.74,22341,0
2017-12-05,20:00:00,21.74,21.91,21.68,21.75,19869,0
2017-12-05,21:00:00,21.75,21.89,21.63,21.63,52156,0
2017-12-05,22:00:00,21.65,21.91,21.62,21.85,83162,0
2017-12-06,16:00:00,21.75,22.15,21.75,22.07,14138,0
2017-12-06,17:00:00,22.19,22.19,21.92,22.09,23488,0
2017-12-06,18:00:00,22.09,22.25,22.03,22.25,24103,0
2017-12-06,19:00:00,22.25,22.25,22.04,22.07,18240,0
2017-12-06,20:00:00,22.06,22.17,21.98,22.075,29892,0
2017-12-06,21:00:00,22.11,22.17,22.07,22.095,17725,0
2017-12-06,22:00:00,22.1,22.31,22.1,22.25,50173,0
