Date,Time,Open,High,Low,Close,Volume,OpenInt
2017-05-16,16:00:00,12.25,12.3,12.2,12.3,7800,0
2017-05-16,17:00:00,12.35,12.375,12.15,12.2,15603,0
2017-05-16,18:00:00,12.2,12.3,12.15,12.275,10975,0
2017-05-16,19:00:00,12.3,12.3,12.15,12.175,11788,0
2017-05-16,20:00:00,12.2,12.2,12.1,12.125,32412,0
2017-05-16,21:00:00,12.125,12.175,12,12.025,45659,0
2017-05-16,22:00:00,12.025,12.1,11.95,12.1,326706,0
2017-05-17,16:00:00,11.95,12,11.9,12,34083,0
2017-05-17,17:00:00,11.99,12.075,11.95,12.025,32274,0
2017-05-17,18:00:00,12,12.05,11.95,11.975,14893,0
2017-05-17,19:00:00,11.975,12.025,11.95,11.95,58788,0
2017-05-17,20:00:00,11.975,12,11.95,11.975,12595,0
2017-05-17,21:00:00,11.95,12,11.85,11.925,57588,0
2017-05-17,22:00:00,11.925,12,11.9,11.9,114225,0
2017-05-18,16:00:00,11.95,11.99,11.75,11.825,25262,0
2017-05-18,17:00:00,11.825,11.95,11.825,11.95,30197,0
2017-05-18,18:00:00,11.95,12.05,11.9,12.05,29536,0
2017-05-18,19:00:00,12.05,12.05,11.95,12.05,26589,0
2017-05-18,20:00:00,12.05,12.05,12,12.05,15703,0
2017-05-18,21:00:00,12.05,12.05,11.95,12,30795,0
2017-05-18,22:00:00,12,12.05,11.95,12,50323,0
2017-05-19,16:00:00,12,12.1,11.8,12.05,50616,0
2017-05-19,17:00:00,12.05,12.125,12,12.075,18671,0
2017-05-19,18:00:00,12.075,12.1,12,12,21085,0
2017-05-19,19:00:00,12.05,12.1,12,12.0778,16580,0
2017-05-19,20:00:00,12.075,12.1,12,12.05,16072,0
2017-05-19,21:00:00,12.075,12.15,12.05,12.125,11647,0
2017-05-19,22:00:00,12.15,12.15,12.05,12.1,125115,0
2017-05-22,16:00:00,12.15,12.25,12.125,12.15,16051,0
2017-05-22,17:00:00,12.125,12.25,12.125,12.225,35109,0
2017-05-22,18:00:00,12.25,12.3,12.2,12.25,20299,0
2017-05-22,19:00:00,12.3,12.3,12.15,12.15,25675,0
2017-05-22,20:00:00,12.1781,12.2,12.075,12.175,45864,0
2017-05-22,21:00:00,12.15,12.2,12.1,12.2,58252,0
2017-05-22,22:00:00,12.2,12.25,12.15,12.25,89804,0
2017-05-23,16:00:00,12.25,12.3,12.2,12.2,9669,0
2017-05-23,17:00:00,12.2,12.25,12.15,12.2,50606,0
2017-05-23,18:00:00,12.175,12.3,12.15,12.25,49559,0
2017-05-23,19:00:00,12.3,12.3,12.2,12.225,16035,0
2017-05-23,20:00:00,12.2,12.25,12.15,12.2,31890,0
2017-05-23,21:00:00,12.2,12.225,12.125,12.15,51528,0
2017-05-23,22:00:00,12.15,12.175,12.1,12.1,101578,0
2017-05-24,16:00:00,12.1,12.2,12.1,12.15,3645,0
2017-05-24,17:00:00,12.2,12.25,12.1,12.225,42961,0
2017-05-24,18:00:00,12.2,12.225,12.1,12.175,29019,0
2017-05-24,19:00:00,12.175,12.2,12.15,12.175,12849,0
2017-05-24,20:00:00,12.15,12.3,12.125,12.275,68066,0
2017-05-24,21:00:00,12.25,12.3,12.225,12.225,20957,0
2017-05-24,22:00:00,12.2,12.25,12.15,12.2,125064,0
2017-05-25,16:00:00,12.25,12.3,12.1,12.25,9226,0
2017-05-25,17:00:00,12.25,12.3,12.225,12.275,13600,0
2017-05-25,18:00:00,12.275,12.3,12.25,12.3,6171,0
2017-05-25,19:00:00,12.25,12.35,12.225,12.25,24307,0
2017-05-25,20:00:00,12.275,12.3,12.2,12.275,23436,0
2017-05-25,21:00:00,12.25,12.275,12.225,12.275,11610,0
2017-05-25,22:00:00,12.25,12.3,12.25,12.25,46084,0
2017-05-26,16:00:00,12.15,12.25,12.1,12.15,17817,0
2017-05-26,17:00:00,12.25,12.25,12.1,12.1,26956,0
2017-05-26,18:00:00,12.1,12.2,12.1,12.175,15065,0
2017-05-26,19:00:00,12.175,12.2,12.15,12.175,9167,0
2017-05-26,20:00:00,12.175,12.2,12.15,12.2,12900,0
2017-05-26,21:00:00,12.15,12.2,12.15,12.175,16840,0
2017-05-26,22:00:00,12.175,12.25,12.15,12.25,107756,0
2017-05-30,16:00:00,12.25,12.275,12.1,12.225,24196,0
2017-05-30,17:00:00,12.225,12.25,12.125,12.175,25549,0
2017-05-30,18:00:00,12.15,12.25,12.15,12.2,30017,0
2017-05-30,19:00:00,12.225,12.25,12.15,12.2,28118,0
2017-05-30,20:00:00,12.2,12.225,12.2,12.2,3500,0
2017-05-30,21:00:00,12.2,12.25,12.15,12.2,16386,0
2017-05-30,22:00:00,12.2,12.25,12.15,12.15,69866,0
2017-05-31,16:00:00,12.2,12.2,12,12.075,9756,0
2017-05-31,17:00:00,12.075,12.15,11.9,12.1,23922,0
2017-05-31,18:00:00,12.125,12.2,12.05,12.15,23163,0
2017-05-31,19:00:00,12.15,12.175,12.125,12.15,10328,0
2017-05-31,20:00:00,12.15,12.25,12.1,12.15,202393,0
2017-05-31,21:00:00,12.15,12.2,12.125,12.175,13903,0
2017-05-31,22:00:00,12.175,12.35,12.15,12.35,664295,0
2017-06-01,16:00:00,12.35,12.4,12.15,12.4,18759,0
2017-06-01,17:00:00,12.4,12.5,12.325,12.425,28423,0
2017-06-01,18:00:00,12.425,12.5,12.4,12.5,21518,0
2017-06-01,19:00:00,12.5,12.6,12.45,12.55,57489,0
2017-06-01,20:00:00,12.525,12.6,12.5,12.55,52833,0
2017-06-01,21:00:00,12.5174,12.6,12.5,12.575,13259,0
2017-06-01,22:00:00,12.6,12.725,12.55,12.7,138745,0
2017-06-02,16:00:00,12.7,13,12.7,12.85,17936,0
2017-06-02,17:00:00,12.875,12.9,12.7,12.775,21795,0
2017-06-02,18:00:00,12.7761,12.95,12.75,12.9,29191,0
2017-06-02,19:00:00,12.9,12.9175,12.725,12.75,22092,0
2017-06-02,20:00:00,12.75,12.825,12.7,12.8,29773,0
2017-06-02,21:00:00,12.8,12.85,12.75,12.75,17178,0
2017-06-02,22:00:00,12.75,12.85,12.75,12.85,164827,0
2017-06-05,16:00:00,12.85,12.85,12.7,12.725,7295,0
2017-06-05,17:00:00,12.725,12.85,12.725,12.85,16328,0
2017-06-05,18:00:00,12.825,12.825,12.7,12.725,19731,0
2017-06-05,19:00:00,12.725,12.8,12.7,12.725,11631,0
2017-06-05,20:00:00,12.725,12.725,12.6,12.725,19362,0
2017-06-05,21:00:00,12.725,12.8,12.65,12.725,33153,0
2017-06-05,22:00:00,12.7,12.75,12.65,12.7,61901,0
2017-06-06,16:00:00,13,13.35,12.95,13.25,99186,0
2017-06-06,17:00:00,13.275,13.3,13.2,13.225,41143,0
2017-06-06,18:00:00,13.225,13.225,13,13.075,41218,0
2017-06-06,19:00:00,13.05,13.125,13.05,13.075,19300,0
2017-06-06,20:00:00,13.075,13.1,13.05,13.1,15275,0
2017-06-06,21:00:00,13.1,13.375,13.075,13.375,65155,0
2017-06-06,22:00:00,13.4,13.4,13.3,13.35,150860,0
2017-06-07,16:00:00,13.35,13.4,13.25,13.3,10418,0
2017-06-07,17:00:00,13.3,13.4,13.15,13.35,68872,0
2017-06-07,18:00:00,13.3,13.4,13.25,13.325,51012,0
2017-06-07,19:00:00,13.3,13.35,13.25,13.325,24139,0
2017-06-07,20:00:00,13.35,13.35,13.3,13.3,3600,0
2017-06-07,21:00:00,13.325,13.4,13.3,13.4,12921,0
2017-06-07,22:00:00,13.35,13.4,13.3,13.4,114567,0
2017-06-08,16:00:00,13.3,13.35,13.25,13.25,3334,0
2017-06-08,17:00:00,13.3,13.35,13.25,13.35,9449,0
2017-06-08,18:00:00,13.35,13.375,13.3,13.35,17492,0
2017-06-08,19:00:00,13.35,13.45,13.325,13.45,50574,0
2017-06-08,20:00:00,13.45,13.5,13.425,13.5,28530,0
2017-06-08,21:00:00,13.5,13.5,13.4,13.475,44115,0
2017-06-08,22:00:00,13.475,13.65,13.425,13.6,194378,0
2017-06-09,16:00:00,13.6,13.65,13.45,13.5,22482,0
2017-06-09,17:00:00,13.5,13.6,13.45,13.525,33318,0
2017-06-09,18:00:00,13.5,13.55,13.45,13.5,45207,0
2017-06-09,19:00:00,13.5,13.5,13.35,13.5,94951,0
2017-06-09,20:00:00,13.475,13.5,13.4,13.4,60854,0
2017-06-09,21:00:00,13.425,13.475,13.3,13.375,46163,0
2017-06-09,22:00:00,13.4,13.45,13.35,13.45,139943,0
2017-06-12,16:00:00,13.5,13.5,13.3,13.35,43916,0
2017-06-12,17:00:00,13.35,13.475,13.325,13.4,23008,0
2017-06-12,18:00:00,13.375,13.45,13.3,13.325,29074,0
2017-06-12,19:00:00,13.325,13.4,13.25,13.375,12405,0
2017-06-12,20:00:00,13.35,13.4,13.325,13.35,14708,0
2017-06-12,21:00:00,13.35,13.4,13.35,13.375,5200,0
2017-06-12,22:00:00,13.375,13.425,13.35,13.35,70663,0
2017-06-13,16:00:00,13.35,13.5,13.35,13.4,13411,0
2017-06-13,17:00:00,13.4,13.475,13.4,13.425,11814,0
2017-06-13,18:00:00,13.425,13.45,13.35,13.35,30367,0
2017-06-13,19:00:00,13.35,13.45,13.35,13.425,7519,0
2017-06-13,20:00:00,13.425,13.5,13.4,13.475,26323,0
2017-06-13,21:00:00,13.475,13.5,13.45,13.475,16050,0
2017-06-13,22:00:00,13.475,13.575,13.45,13.5,124845,0
2017-06-14,16:00:00,13.55,13.55,13.4,13.475,1810,0
2017-06-14,17:00:00,13.5,13.55,13.4,13.425,9007,0
2017-06-14,18:00:00,13.425,13.55,13.4,13.45,22526,0
2017-06-14,19:00:00,13.45,13.5,13.45,13.475,11602,0
2017-06-14,20:00:00,13.45,13.5,13.45,13.475,7301,0
2017-06-14,21:00:00,13.5,13.55,13.4,13.475,36528,0
2017-06-14,22:00:00,13.475,13.5,13.4,13.4,95226,0
2017-06-15,16:00:00,13.3,13.35,13.15,13.25,37203,0
2017-06-15,17:00:00,13.25,13.325,13.25,13.3,16369,0
2017-06-15,18:00:00,13.25,13.325,13.2,13.325,82489,0
2017-06-15,19:00:00,13.3,13.325,13.2,13.25,44498,0
2017-06-15,20:00:00,13.25,13.275,13.2,13.25,36939,0
2017-06-15,21:00:00,13.25,13.275,13.15,13.2,32726,0
2017-06-15,22:00:00,13.25,13.25,13.1,13.15,208556,0
2017-06-16,16:00:00,13,13.2,12.9,13.125,175916,0
2017-06-16,17:00:00,13.125,13.175,13.05,13.125,34250,0
2017-06-16,18:00:00,13.1,13.14,13,13.125,35436,0
2017-06-16,19:00:00,13.125,13.125,13,13.025,24863,0
2017-06-16,20:00:00,13,13.025,12.9,12.975,26933,0
2017-06-16,21:00:00,12.975,13.05,12.95,13,20689,0
2017-06-16,22:00:00,13.05,13.25,13,13.2,618200,0
2017-06-19,16:00:00,13.25,13.35,13.25,13.275,6619,0
2017-06-19,17:00:00,13.3,13.3,13.2,13.2,13810,0
2017-06-19,18:00:00,13.25,13.275,13.15,13.2,8018,0
2017-06-19,19:00:00,13.2,13.3,13.1728,13.275,13389,0
2017-06-19,20:00:00,13.3,13.45,13.3,13.45,35564,0
2017-06-19,21:00:00,13.45,13.45,13.275,13.3,28168,0
2017-06-19,22:00:00,13.325,13.45,13.3,13.4,103479,0
2017-06-20,16:00:00,13.35,13.35,13.25,13.275,2414,0
2017-06-20,17:00:00,13.275,13.3,13.15,13.175,6852,0
2017-06-20,18:00:00,13.175,13.175,13.05,13.1245,10418,0
2017-06-20,19:00:00,13.1,13.15,13,13.025,8500,0
2017-06-20,20:00:00,13.05,13.05,13,13,3390,0
2017-06-20,21:00:00,13,13.025,12.9,12.975,26446,0
2017-06-20,22:00:00,12.95,12.975,12.85,12.9,63622,0
2017-06-21,16:00:00,12.95,13.15,12.85,12.85,5604,0
2017-06-21,17:00:00,12.9,13,12.85,12.85,17402,0
2017-06-21,18:00:00,12.875,12.9,12.85,12.875,3600,0
2017-06-21,19:00:00,12.85,12.9,12.85,12.9,3900,0
2017-06-21,20:00:00,12.875,12.9,12.85,12.9,12157,0
2017-06-21,21:00:00,12.875,12.925,12.8,12.8,66840,0
2017-06-21,22:00:00,12.8,12.95,12.8,12.9,119477,0
2017-06-22,16:00:00,12.9,13,12.8,12.875,4132,0
2017-06-22,17:00:00,12.85,12.9,12.8,12.875,27206,0
2017-06-22,18:00:00,12.85,12.95,12.85,12.925,8882,0
2017-06-22,19:00:00,12.95,13.05,12.9,13.05,12126,0
2017-06-22,20:00:00,13.05,13.05,12.95,13.05,11745,0
2017-06-22,21:00:00,13.025,13.05,12.95,12.975,11518,0
2017-06-22,22:00:00,13,13,12.9,12.9,49944,0
2017-06-23,16:00:00,12.95,12.975,12.75,12.8,12854,0
2017-06-23,17:00:00,12.8,12.95,12.75,12.9,30325,0
2017-06-23,18:00:00,12.925,12.95,12.85,12.925,21781,0
2017-06-23,19:00:00,12.925,13,12.9,12.975,11358,0
2017-06-23,20:00:00,12.95,13,12.9,12.975,17565,0
2017-06-23,21:00:00,12.95,13,12.95,12.95,4800,0
2017-06-23,22:00:00,12.95,13.05,12.95,12.95,412042,0
2017-06-26,16:00:00,13,13.15,12.975,13.15,13319,0
2017-06-26,17:00:00,13.15,13.175,13,13.025,17809,0
2017-06-26,18:00:00,13.025,13.1,13,13.075,8497,0
2017-06-26,19:00:00,13.1,13.2,13.05,13.175,23870,0
2017-06-26,20:00:00,13.175,13.2,13.11,13.175,24044,0
2017-06-26,21:00:00,13.175,13.225,13.1617,13.2,11908,0
2017-06-26,22:00:00,13.2,13.2,13.15,13.2,73350,0
2017-06-27,16:00:00,13.2,13.2,13,13.075,18532,0
2017-06-27,17:00:00,13.1,13.2,13.06,13.175,22378,0
2017-06-27,18:00:00,13.175,13.2,13.1,13.2,24785,0
2017-06-27,19:00:00,13.2,13.2,13.1,13.15,39191,0
2017-06-27,20:00:00,13.175,13.2,13.125,13.15,15705,0
2017-06-27,21:00:00,13.125,13.2,13.1,13.175,41737,0
2017-06-27,22:00:00,13.175,13.175,13,13.05,104870,0
2017-06-28,16:00:00,13.15,13.2,13.125,13.175,10549,0
2017-06-28,17:00:00,13.175,13.3,13.15,13.275,25380,0
2017-06-28,18:00:00,13.25,13.45,13.25,13.45,29682,0
2017-06-28,19:00:00,13.45,13.475,13.3,13.35,22868,0
2017-06-28,20:00:00,13.35,13.4,13.25,13.25,35955,0
2017-06-28,21:00:00,13.275,13.325,13.25,13.3,15613,0
2017-06-28,22:00:00,13.3,13.35,13.25,13.3,149726,0
2017-06-29,16:00:00,13.3,13.35,13.15,13.15,36089,0
2017-06-29,17:00:00,13.175,13.3,13.175,13.275,16995,0
2017-06-29,18:00:00,13.275,13.3,13.15,13.175,27536,0
2017-06-29,19:00:00,13.15,13.225,13.125,13.175,40666,0
2017-06-29,20:00:00,13.175,13.2,13.1,13.125,91075,0
2017-06-29,21:00:00,13.1,13.275,13.1,13.15,51709,0
2017-06-29,22:00:00,13.15,13.3,13.15,13.25,161721,0
2017-06-30,16:00:00,13.25,13.25,13.05,13.225,22606,0
2017-06-30,17:00:00,13.225,13.35,13.2,13.3,67772,0
2017-06-30,18:00:00,13.3,13.325,13.2,13.225,14411,0
2017-06-30,19:00:00,13.225,13.3,13.225,13.225,17639,0
2017-06-30,20:00:00,13.225,13.4,13.225,13.3,49949,0
2017-06-30,21:00:00,13.3,13.4,13.3,13.3,16888,0
2017-06-30,22:00:00,13.3,13.35,13.25,13.3,106487,0
2017-07-03,16:00:00,13.35,13.35,13.15,13.2,18838,0
2017-07-03,17:00:00,13.225,13.35,13.225,13.3,15560,0
2017-07-03,18:00:00,13.3,13.35,13.25,13.3,17785,0
2017-07-03,19:00:00,13.3,13.3,13.05,13.15,127661,0
2017-07-03,20:00:00,13.1,13.1,13.1,13.1,8464,0
2017-07-05,16:00:00,13.05,13.15,13,13,9338,0
2017-07-05,17:00:00,13.04,13.15,13,13.14,15054,0
2017-07-05,18:00:00,13.125,13.15,13.1236,13.125,5130,0
2017-07-05,19:00:00,13.1,13.25,13.1,13.2,17514,0
2017-07-05,20:00:00,13.175,13.25,13.15,13.25,6760,0
2017-07-05,21:00:00,13.2,13.25,13.1,13.125,28817,0
2017-07-05,22:00:00,13.1,13.25,13.1,13.2,51623,0
2017-07-06,16:00:00,13.1,13.2,13.05,13.05,11418,0
2017-07-06,17:00:00,13.05,13.15,13.05,13.075,10704,0
2017-07-06,18:00:00,13.05,13.1,13.05,13.1,1800,0
2017-07-06,19:00:00,13.1,13.15,13.05,13.1,8159,0
2017-07-06,20:00:00,13.05,13.1,13,13.075,13855,0
2017-07-06,21:00:00,13.025,13.1,13,13.075,18879,0
2017-07-06,22:00:00,13.075,13.1,12.95,13,101971,0
2017-07-07,16:00:00,13,13.095,12.95,13.075,15148,0
2017-07-07,17:00:00,13.1,13.15,13,13,24876,0
2017-07-07,18:00:00,13.025,13.15,12.9701,13.125,14427,0
2017-07-07,19:00:00,13.125,13.15,13.1,13.125,5200,0
2017-07-07,20:00:00,13.15,13.15,13.1,13.125,4099,0
2017-07-07,21:00:00,13.125,13.2,13.1,13.125,13528,0
2017-07-07,22:00:00,13.15,13.2,13.1,13.1,167466,0
2017-07-10,16:00:00,13.05,13.15,13,13,12112,0
2017-07-10,17:00:00,13.025,13.1,13.005,13.1,5700,0
2017-07-10,18:00:00,13.075,13.1,13,13.025,16511,0
2017-07-10,19:00:00,13.05,13.125,13.025,13.1,21625,0
2017-07-10,20:00:00,13.1,13.15,13.05,13.15,22179,0
2017-07-10,21:00:00,13.075,13.1,13,13.05,10600,0
2017-07-10,22:00:00,13.05,13.1,12.95,13.05,124027,0
2017-07-11,16:00:00,13,13.025,12.875,12.9,12314,0
2017-07-11,17:00:00,12.95,12.975,12.775,12.875,46715,0
2017-07-11,18:00:00,12.875,12.89,12.775,12.875,15967,0
2017-07-11,19:00:00,12.9,12.95,12.85,12.95,7787,0
2017-07-11,20:00:00,12.95,12.975,12.9,12.925,9756,0
2017-07-11,21:00:00,12.95,12.95,12.85,12.925,23785,0
2017-07-11,22:00:00,12.9,13.05,12.9,13,167104,0
2017-07-12,16:00:00,13.1,13.15,13.05,13.125,19016,0
2017-07-12,17:00:00,13.15,13.15,13.1,13.125,4900,0
2017-07-12,18:00:00,13.125,13.15,13.05,13.075,14390,0
2017-07-12,19:00:00,13.075,13.1,13,13.025,9441,0
2017-07-12,20:00:00,13.025,13.05,13,13,6537,0
2017-07-12,21:00:00,13,13.05,12.9677,13.025,16396,0
2017-07-12,22:00:00,13.05,13.075,13,13.05,86784,0
2017-07-13,16:00:00,13,13,12.925,12.925,21774,0
2017-07-13,17:00:00,12.925,12.95,12.85,12.9,21525,0
2017-07-13,18:00:00,12.9,12.925,12.85,12.9175,4902,0
2017-07-13,19:00:00,12.95,12.95,12.875,12.9,10974,0
2017-07-13,20:00:00,12.9,12.925,12.85,12.9,13801,0
2017-07-13,21:00:00,12.9,12.95,12.85,12.925,17920,0
2017-07-13,22:00:00,12.9,13,12.875,13,55397,0
2017-07-14,16:00:00,12.9,13.025,12.9,13,5665,0
2017-07-14,17:00:00,12.95,12.975,12.9,12.9,2646,0
2017-07-14,18:00:00,12.9,12.925,12.9,12.925,2700,0
2017-07-14,19:00:00,12.925,12.925,12.9,12.9198,923,0
2017-07-14,20:00:00,12.9,12.975,12.9,12.925,7427,0
2017-07-14,21:00:00,12.95,13,12.9,12.95,16537,0
2017-07-14,22:00:00,13,13,12.95,13,48450,0
2017-07-17,16:00:00,12.95,13.05,12.85,13,7008,0
2017-07-17,17:00:00,12.95,13.05,12.9,13,13513,0
2017-07-17,18:00:00,13.05,13.075,13,13.025,5700,0
2017-07-17,19:00:00,13.05,13.05,13,13.05,1900,0
2017-07-17,20:00:00,13.025,13.05,13,13.025,1201,0
2017-07-17,21:00:00,13,13.05,13,13,4340,0
2017-07-17,22:00:00,13.025,13.05,12.95,13.05,98095,0
2017-07-18,16:00:00,13,13.05,12.975,13.025,2227,0
2017-07-18,17:00:00,13.025,13.1,12.975,12.975,7504,0
2017-07-18,18:00:00,13,13,12.95,12.975,8900,0
2017-07-18,19:00:00,12.95,13.025,12.95,13.025,4500,0
2017-07-18,20:00:00,13,13.025,12.95,13,19426,0
2017-07-18,21:00:00,13.05,13.05,13,13,11000,0
2017-07-18,22:00:00,13,13.05,13,13.05,45702,0
2017-07-19,16:00:00,13.05,13.075,13,13.025,2781,0
2017-07-19,17:00:00,13.025,13.1,13,13.075,32170,0
2017-07-19,18:00:00,13.075,13.1,13.05,13.1,9320,0
2017-07-19,19:00:00,13.075,13.15,13.075,13.15,11434,0
2017-07-19,20:00:00,13.15,13.2,13.125,13.2,7701,0
2017-07-19,21:00:00,13.2,13.2,13.1,13.175,20359,0
2017-07-19,22:00:00,13.175,13.2,13.15,13.2,47452,0
2017-07-20,16:00:00,13,13.1,13,13.05,30944,0
2017-07-20,17:00:00,13.075,13.125,13,13.125,44882,0
2017-07-20,18:00:00,13.125,13.15,13.1,13.15,9500,0
2017-07-20,19:00:00,13.125,13.2,13.125,13.175,14197,0
2017-07-20,20:00:00,13.2,13.25,13.15,13.225,10300,0
2017-07-20,21:00:00,13.23,13.25,13.15,13.175,21463,0
2017-07-20,22:00:00,13.175,13.25,13.175,13.2,81692,0
2017-07-21,16:00:00,13.3,13.3,13.15,13.2,60094,0
2017-07-21,17:00:00,13.205,13.25,13.15,13.2,14323,0
2017-07-21,18:00:00,13.225,13.25,13.15,13.225,7939,0
2017-07-21,19:00:00,13.225,13.25,13.2,13.225,4100,0
2017-07-21,20:00:00,13.225,13.25,13.2,13.2,4136,0
2017-07-21,21:00:00,13.2,13.2,13.175,13.2,13306,0
2017-07-21,22:00:00,13.2,13.225,13.15,13.2,74166,0
2017-07-24,16:00:00,13.15,13.2,13.05,13.2,4840,0
2017-07-24,17:00:00,13.15,13.15,13,13.075,20210,0
2017-07-24,18:00:00,13.05,13.075,13,13.075,19524,0
2017-07-24,19:00:00,13.075,13.1,13.05,13.075,4079,0
2017-07-24,20:00:00,13.05,13.1,13.05,13.075,7705,0
2017-07-24,21:00:00,13.05,13.1,13.05,13.075,19745,0
2017-07-24,22:00:00,13.075,13.1,13.05,13.1,146330,0
2017-07-25,16:00:00,13.15,13.2,13.1,13.125,3730,0
2017-07-25,17:00:00,13.125,13.3,13.125,13.25,26765,0
2017-07-25,18:00:00,13.275,13.3,13.25,13.275,6955,0
2017-07-25,19:00:00,13.275,13.275,13.2,13.225,15646,0
2017-07-25,20:00:00,13.225,13.25,13.2,13.2,8600,0
2017-07-25,21:00:00,13.2,13.25,13.2,13.225,13000,0
2017-07-25,22:00:00,13.225,13.3,13.2,13.25,128172,0
2017-07-26,16:00:00,13.25,13.35,13.25,13.35,4863,0
2017-07-26,17:00:00,13.35,13.35,13.25,13.275,33693,0
2017-07-26,18:00:00,13.275,13.35,13.25,13.25,19127,0
2017-07-26,19:00:00,13.275,13.275,13.175,13.175,13755,0
2017-07-26,20:00:00,13.15,13.175,13.025,13.125,24782,0
2017-07-26,21:00:00,13.125,13.15,13,13.075,39000,0
2017-07-26,22:00:00,13.075,13.1,13,13.05,132052,0
2017-07-27,16:00:00,13.1,13.15,13.1,13.125,5580,0
2017-07-27,17:00:00,13.125,13.2,13.1,13.175,15759,0
2017-07-27,18:00:00,13.2,13.275,13.15,13.225,22758,0
2017-07-27,19:00:00,13.25,13.3,13.15,13.15,22878,0
2017-07-27,20:00:00,13.175,13.175,13.05,13.075,27819,0
2017-07-27,21:00:00,13.05,13.275,13,13.2,127638,0
2017-07-27,22:00:00,13.2,13.25,13.15,13.2,86337,0
2017-07-28,16:00:00,13.1,13.175,13.075,13.125,10377,0
2017-07-28,17:00:00,13.1,13.15,13.05,13.125,12293,0
2017-07-28,18:00:00,13.125,13.125,13.05,13.075,5581,0
2017-07-28,19:00:00,13.1,13.1,13.05,13.05,8004,0
2017-07-28,20:00:00,13.075,13.1,13.05,13.05,10600,0
2017-07-28,21:00:00,13.075,13.1,13.05,13.075,16452,0
2017-07-28,22:00:00,13.075,13.1,13.05,13.1,101283,0
2017-07-31,16:00:00,13.1,13.15,13,13.025,5177,0
2017-07-31,17:00:00,13,13.025,12.95,12.975,31272,0
2017-07-31,18:00:00,12.975,13.05,12.975,13,16279,0
2017-07-31,19:00:00,13.025,13.05,13,13.025,22900,0
2017-07-31,20:00:00,13.025,13.025,13,13.025,9798,0
2017-07-31,21:00:00,13,13.1,13,13.075,27535,0
2017-07-31,22:00:00,13.075,13.1,13.05,13.05,123710,0
2017-08-01,16:00:00,13.15,13.15,13.025,13.1,33824,0
2017-08-01,17:00:00,13.075,13.1,13,13.075,20468,0
2017-08-01,18:00:00,13.075,13.125,13.05,13.075,8760,0
2017-08-01,19:00:00,13.075,13.1,13,13.075,12487,0
2017-08-01,20:00:00,13.075,13.1,13.05,13.05,4439,0
2017-08-01,21:00:00,13.075,13.1,13.05,13.075,16321,0
2017-08-01,22:00:00,13.075,13.1,13,13.05,91429,0
2017-08-02,16:00:00,13.05,13.05,12.9,13.025,4426,0
2017-08-02,17:00:00,13.025,13.05,12.85,12.875,34592,0
2017-08-02,18:00:00,12.875,12.9,12.85,12.875,6700,0
2017-08-02,19:00:00,12.875,12.9,12.775,12.85,29503,0
2017-08-02,20:00:00,12.875,12.95,12.85,12.925,17427,0
2017-08-02,21:00:00,12.925,12.95,12.85,12.9,24923,0
2017-08-02,22:00:00,12.875,12.9,12.75,12.8,118774,0
2017-08-03,16:00:00,12.8,12.92,12.8,12.85,4315,0
2017-08-03,17:00:00,12.875,12.9,12.8,12.875,15101,0
2017-08-03,18:00:00,12.9,13,12.875,12.925,32316,0
2017-08-03,19:00:00,12.9,12.9,12.85,12.9,3267,0
2017-08-03,20:00:00,12.875,12.9,12.8,12.85,10107,0
2017-08-03,21:00:00,12.825,12.95,12.8,12.9,44547,0
2017-08-03,22:00:00,12.9,12.9,12.85,12.85,50879,0
2017-08-04,16:00:00,12.9,12.9367,12.85,12.85,3000,0
2017-08-04,17:00:00,12.875,12.95,12.8,12.95,14966,0
2017-08-04,18:00:00,12.95,12.95,12.925,12.95,4400,0
2017-08-04,19:00:00,12.95,12.95,12.9,12.95,10973,0
2017-08-04,20:00:00,12.925,13,12.925,12.975,10525,0
2017-08-04,21:00:00,13,13,12.9,12.95,47686,0
2017-08-04,22:00:00,12.975,13.1,12.95,13.1,143755,0
2017-08-07,16:00:00,13.05,13.05,12.95,13.05,4080,0
2017-08-07,17:00:00,13.05,13.1,13,13.075,11303,0
2017-08-07,18:00:00,13.075,13.1,13.025,13.075,10740,0
2017-08-07,19:00:00,13.075,13.1,13.05,13.075,7314,0
2017-08-07,20:00:00,13.075,13.075,13,13.025,10430,0
2017-08-07,21:00:00,13.025,13.05,12.95,12.975,24450,0
2017-08-07,22:00:00,12.95,13.1,12.9,13.1,139529,0
2017-08-08,16:00:00,13.45,13.75,13.25,13.525,35349,0
2017-08-08,17:00:00,13.525,13.6,13.2,13.25,97171,0
2017-08-08,18:00:00,13.3,13.4,13.15,13.25,78634,0
2017-08-08,19:00:00,13.25,13.4,13.2,13.2,32711,0
2017-08-08,20:00:00,13.25,13.25,13.2,13.25,14561,0
2017-08-08,21:00:00,13.25,13.25,13.05,13.075,36356,0
2017-08-08,22:00:00,13.075,13.1,12.9,13.05,151064,0
2017-08-09,16:00:00,12.95,13,12.85,12.95,17601,0
2017-08-09,17:00:00,12.9,12.975,12.85,12.9,29978,0
2017-08-09,18:00:00,12.95,12.95,12.85,12.85,23054,0
2017-08-09,19:00:00,12.85,12.9,12.775,12.775,19240,0
2017-08-09,20:00:00,12.775,12.8,12.75,12.775,24902,0
2017-08-09,21:00:00,12.8,12.8,12.7,12.75,24800,0
2017-08-09,22:00:00,12.725,12.85,12.725,12.85,186642,0
2017-08-10,16:00:00,12.75,12.8,12.45,12.55,55912,0
2017-08-10,17:00:00,12.55,12.575,12.4,12.475,28384,0
2017-08-10,18:00:00,12.475,12.5,12.35,12.4,44660,0
2017-08-10,19:00:00,12.425,12.425,12.3,12.375,55013,0
2017-08-10,20:00:00,12.375,12.4,12.25,12.275,96917,0
2017-08-10,21:00:00,12.275,12.35,12.25,12.3,45369,0
2017-08-10,22:00:00,12.3,12.35,12.25,12.3,262623,0
2017-08-11,16:00:00,12.25,12.275,12.05,12.175,79680,0
2017-08-11,17:00:00,12.2,12.35,12.15,12.35,47524,0
2017-08-11,18:00:00,12.325,12.35,12.2,12.25,75370,0
2017-08-11,19:00:00,12.25,12.3,12.15,12.2,107890,0
2017-08-11,20:00:00,12.2,12.275,12.15,12.25,85095,0
2017-08-11,21:00:00,12.24,12.3,12.175,12.25,118672,0
2017-08-11,22:00:00,12.25,12.35,12.2,12.35,130435,0
2017-08-14,16:00:00,12.45,12.5,12.35,12.475,20183,0
2017-08-14,17:00:00,12.475,12.525,12.45,12.525,16380,0
2017-08-14,18:00:00,12.55,12.55,12.5,12.525,8050,0
2017-08-14,19:00:00,12.525,12.55,12.5,12.5,11825,0
2017-08-14,20:00:00,12.525,12.55,12.5,12.525,11000,0
2017-08-14,21:00:00,12.5,12.55,12.5,12.55,17080,0
2017-08-14,22:00:00,12.525,12.55,12.5,12.55,118867,0
2017-08-15,16:00:00,12.55,12.55,12.475,12.525,24075,0
2017-08-15,17:00:00,12.525,12.54,12.45,12.475,16481,0
2017-08-15,18:00:00,12.475,12.5,12.45,12.475,12724,0
2017-08-15,19:00:00,12.475,12.5,12.45,12.45,15015,0
2017-08-15,20:00:00,12.45,12.5,12.45,12.475,19511,0
2017-08-15,21:00:00,12.475,12.525,12.45,12.475,90658,0
2017-08-15,22:00:00,12.475,12.6,12.475,12.55,151813,0
2017-08-16,16:00:00,12.6,12.625,12.575,12.625,10603,0
2017-08-16,17:00:00,12.625,12.625,12.5,12.525,21964,0
2017-08-16,18:00:00,12.525,12.575,12.5,12.55,18019,0
2017-08-16,19:00:00,12.55,12.575,12.4,12.5,42775,0
2017-08-16,20:00:00,12.475,12.525,12.45,12.525,38161,0
2017-08-16,21:00:00,12.525,12.55,12.4,12.525,35550,0
2017-08-16,22:00:00,12.525,12.55,12.45,12.55,165365,0
2017-08-17,16:00:00,12.45,12.55,12.45,12.525,5602,0
2017-08-17,17:00:00,12.525,12.55,12.4,12.5,45435,0
2017-08-17,18:00:00,12.5,12.525,12.5,12.525,9200,0
2017-08-17,19:00:00,12.525,12.55,12.45,12.475,36896,0
2017-08-17,20:00:00,12.45,12.5,12.4,12.45,38734,0
2017-08-17,21:00:00,12.45,12.5,12.4,12.475,86165,0
2017-08-17,22:00:00,12.475,12.55,12.45,12.55,302221,0
2017-08-18,16:00:00,12.4,12.5,12.35,12.375,63548,0
2017-08-18,17:00:00,12.375,12.4,12.35,12.4,19090,0
2017-08-18,18:00:00,12.375,12.4,12.35,12.375,17040,0
2017-08-18,19:00:00,12.375,12.4,12.3,12.325,123773,0
2017-08-18,20:00:00,12.325,12.35,12.3,12.325,17100,0
2017-08-18,21:00:00,12.325,12.35,12.3,12.35,32123,0
2017-08-18,22:00:00,12.35,12.35,12.2,12.35,1150446,0
2017-08-21,16:00:00,12.3,12.3,12.15,12.2,70265,0
2017-08-21,17:00:00,12.225,12.25,12.15,12.175,47990,0
2017-08-21,18:00:00,12.175,12.275,12.15,12.225,49996,0
2017-08-21,19:00:00,12.225,12.35,12.175,12.25,45010,0
2017-08-21,20:00:00,12.275,12.35,12.225,12.275,44718,0
2017-08-21,21:00:00,12.25,12.3,12.2,12.2,80927,0
2017-08-21,22:00:00,12.225,12.25,12.175,12.25,189598,0
2017-08-22,16:00:00,12.25,12.325,12.2,12.25,35852,0
2017-08-22,17:00:00,12.25,12.3,12.25,12.275,29870,0
2017-08-22,18:00:00,12.275,12.375,12.25,12.325,30375,0
2017-08-22,19:00:00,12.3,12.35,12.3,12.325,12706,0
2017-08-22,20:00:00,12.325,12.35,12.3,12.3,8954,0
2017-08-22,21:00:00,12.3,12.45,12.3,12.4,45477,0
2017-08-22,22:00:00,12.375,12.45,12.35,12.45,104749,0
2017-08-23,16:00:00,12.35,12.4,12.25,12.35,14163,0
2017-08-23,17:00:00,12.325,12.325,12.25,12.275,15211,0
2017-08-23,18:00:00,12.25,12.3,12.25,12.275,6600,0
2017-08-23,19:00:00,12.25,12.3,12.25,12.275,8234,0
2017-08-23,20:00:00,12.275,12.3,12.2,12.25,25492,0
2017-08-23,21:00:00,12.275,12.35,12.25,12.325,23322,0
2017-08-23,22:00:00,12.3,12.35,12.25,12.35,155357,0
2017-08-24,16:00:00,12.4,12.45,12.3,12.3,61789,0
2017-08-24,17:00:00,12.325,12.35,12.25,12.275,28075,0
2017-08-24,18:00:00,12.3,12.3,12.25,12.275,11886,0
2017-08-24,19:00:00,12.275,12.3,12.25,12.275,4200,0
2017-08-24,20:00:00,12.275,12.3,12.25,12.25,7400,0
2017-08-24,21:00:00,12.25,12.35,12.2,12.275,93338,0
2017-08-24,22:00:00,12.3,12.35,12.25,12.3,206370,0
2017-08-25,16:00:00,12.4,12.4,12.25,12.3,119071,0
2017-08-25,17:00:00,12.325,12.325,12.25,12.25,117762,0
2017-08-25,18:00:00,12.25,12.3,12.25,12.275,14026,0
2017-08-25,19:00:00,12.25,12.275,12.25,12.275,5368,0
2017-08-25,20:00:00,12.275,12.3,12.25,12.25,11390,0
2017-08-25,21:00:00,12.25,12.325,12.25,12.3,27523,0
2017-08-25,22:00:00,12.3,12.4,12.3,12.35,73185,0
2017-08-28,16:00:00,12.4,12.4,12.35,12.375,6389,0
2017-08-28,17:00:00,12.375,12.4,12.3,12.375,31896,0
2017-08-28,18:00:00,12.35,12.4,12.35,12.375,15400,0
2017-08-28,19:00:00,12.4,12.45,12.35,12.35,20099,0
2017-08-28,20:00:00,12.375,12.4,12.35,12.4,7710,0
2017-08-28,21:00:00,12.4,12.4,12.35,12.4,19665,0
2017-08-28,22:00:00,12.4,12.45,12.35,12.4,124701,0
2017-08-29,16:00:00,12.35,12.4,12.25,12.275,20051,0
2017-08-29,17:00:00,12.275,12.35,12.25,12.325,27081,0
2017-08-29,18:00:00,12.325,12.425,12.3,12.4,30929,0
2017-08-29,19:00:00,12.4,12.425,12.35,12.4,24364,0
2017-08-29,20:00:00,12.425,12.45,12.4,12.4,14065,0
2017-08-29,21:00:00,12.4,12.5,12.4,12.475,32882,0
2017-08-29,22:00:00,12.475,12.55,12.45,12.55,208774,0
2017-08-30,16:00:00,12.55,12.55,12.475,12.475,15893,0
2017-08-30,17:00:00,12.475,12.5,12.45,12.45,43120,0
2017-08-30,18:00:00,12.475,12.55,12.45,12.5,8787,0
2017-08-30,19:00:00,12.55,12.55,12.5,12.5,8090,0
2017-08-30,20:00:00,12.5,12.525,12.5,12.5,14606,0
2017-08-30,21:00:00,12.525,12.525,12.5,12.525,16132,0
2017-08-30,22:00:00,12.5,12.55,12.45,12.5,98969,0
2017-08-31,16:00:00,12.55,12.6,12.525,12.6,65116,0
2017-08-31,17:00:00,12.65,12.65,12.6,12.625,7679,0
2017-08-31,18:00:00,12.65,12.75,12.625,12.725,41288,0
2017-08-31,19:00:00,12.725,12.75,12.7,12.75,9643,0
2017-08-31,20:00:00,12.75,12.75,12.7,12.75,12053,0
2017-08-31,21:00:00,12.75,12.75,12.6,12.65,74622,0
2017-08-31,22:00:00,12.675,12.75,12.65,12.75,154941,0
2017-09-01,16:00:00,12.75,12.8,12.7,12.75,9536,0
2017-09-01,17:00:00,12.75,12.8,12.7,12.8,9200,0
2017-09-01,18:00:00,12.775,12.8,12.725,12.775,57036,0
2017-09-01,19:00:00,12.775,12.825,12.75,12.76,34133,0
2017-09-01,20:00:00,12.775,12.775,12.725,12.75,17404,0
2017-09-01,21:00:00,12.74,12.75,12.7,12.75,8001,0
2017-09-01,22:00:00,12.725,12.75,12.7,12.7,55943,0
2017-09-05,16:00:00,12.7,12.7,12.6,12.6,18573,0
2017-09-05,17:00:00,12.6,12.6,12.55,12.6,24709,0
2017-09-05,18:00:00,12.575,12.6,12.5,12.55,47238,0
2017-09-05,19:00:00,12.575,12.575,12.45,12.45,49865,0
2017-09-05,20:00:00,12.45,12.475,12.4,12.4,84714,0
2017-09-05,21:00:00,12.4,12.45,12.375,12.4,22798,0
2017-09-05,22:00:00,12.425,12.45,12.35,12.45,226550,0
2017-09-06,16:00:00,12.45,12.55,12.45,12.475,13975,0
2017-09-06,17:00:00,12.475,12.55,12.475,12.525,17796,0
2017-09-06,18:00:00,12.5,12.55,12.5,12.525,6000,0
2017-09-06,19:00:00,12.55,12.55,12.5,12.55,7600,0
2017-09-06,20:00:00,12.55,12.65,12.5,12.6,41287,0
2017-09-06,21:00:00,12.6,12.65,12.6,12.625,33679,0
2017-09-06,22:00:00,12.625,12.7,12.6,12.6,178572,0
2017-09-07,16:00:00,12.6,12.675,12.475,12.525,43277,0
2017-09-07,17:00:00,12.55,12.575,12.45,12.5,28378,0
2017-09-07,18:00:00,12.5,12.55,12.5,12.525,20421,0
2017-09-07,19:00:00,12.525,12.575,12.5,12.5,18524,0
2017-09-07,20:00:00,12.5,12.525,12.4,12.475,35619,0
2017-09-07,21:00:00,12.5,12.525,12.45,12.5,33770,0
2017-09-07,22:00:00,12.55,12.6,12.5,12.55,129963,0
2017-09-08,16:00:00,12.5,12.6,12.45,12.475,22518,0
2017-09-08,17:00:00,12.5,12.65,12.475,12.65,95901,0
2017-09-08,18:00:00,12.625,12.7,12.6,12.6,27877,0
2017-09-08,19:00:00,12.6,12.7,12.575,12.65,24776,0
2017-09-08,20:00:00,12.65,12.675,12.55,12.6,28838,0
2017-09-08,21:00:00,12.55,12.6,12.55,12.55,9300,0
2017-09-08,22:00:00,12.55,12.6,12.55,12.55,89102,0
2017-09-11,16:00:00,12.7,12.8,12.65,12.7,19591,0
2017-09-11,17:00:00,12.7,12.7,12.6,12.675,44606,0
2017-09-11,18:00:00,12.65,12.7,12.65,12.675,9170,0
2017-09-11,19:00:00,12.65,12.675,12.6,12.65,63196,0
2017-09-11,20:00:00,12.65,12.7,12.6,12.675,27492,0
2017-09-11,21:00:00,12.675,12.7,12.65,12.65,8500,0
2017-09-11,22:00:00,12.65,12.7,12.65,12.7,64368,0
2017-09-12,16:00:00,12.65,12.725,12.6,12.675,5888,0
2017-09-12,17:00:00,12.675,12.675,12.65,12.65,4698,0
2017-09-12,18:00:00,12.65,12.75,12.65,12.7,14471,0
2017-09-12,19:00:00,12.716,12.7334,12.7,12.725,4306,0
2017-09-12,20:00:00,12.725,12.725,12.675,12.675,7046,0
2017-09-12,21:00:00,12.7,12.75,12.65,12.675,30096,0
2017-09-12,22:00:00,12.675,12.7,12.65,12.65,56551,0
2017-09-13,16:00:00,12.65,12.65,12.6,12.625,4707,0
2017-09-13,17:00:00,12.625,12.75,12.6,12.75,12904,0
2017-09-13,18:00:00,12.725,12.8,12.725,12.75,16281,0
2017-09-13,19:00:00,12.775,12.85,12.75,12.825,9187,0
2017-09-13,20:00:00,12.8,12.85,12.8,12.825,8614,0
2017-09-13,21:00:00,12.85,12.9,12.8,12.85,30412,0
2017-09-13,22:00:00,12.825,12.95,12.8,12.9,171007,0
2017-09-14,16:00:00,12.85,12.85,12.65,12.725,33134,0
2017-09-14,17:00:00,12.75,12.75,12.7,12.75,5010,0
2017-09-14,18:00:00,12.7,12.725,12.7,12.7,2200,0
2017-09-14,19:00:00,12.7,12.725,12.55,12.575,50993,0
2017-09-14,20:00:00,12.55,12.6,12.55,12.575,14645,0
2017-09-14,21:00:00,12.575,12.625,12.55,12.55,32990,0
2017-09-14,22:00:00,12.575,12.65,12.55,12.65,135986,0
2017-09-15,16:00:00,12.7,12.7,12.6,12.65,145755,0
2017-09-15,17:00:00,12.65,12.65,12.5,12.525,30422,0
2017-09-15,18:00:00,12.525,12.6,12.5,12.575,20300,0
2017-09-15,19:00:00,12.575,12.6,12.55,12.575,8471,0
2017-09-15,20:00:00,12.575,12.6,12.55,12.55,6567,0
2017-09-15,21:00:00,12.575,12.6,12.575,12.6,12290,0
2017-09-15,22:00:00,12.6,12.7,12.575,12.7,420666,0
2017-09-18,16:00:00,12.7,12.7,12.55,12.6,18236,0
2017-09-18,17:00:00,12.6,12.625,12.55,12.625,18794,0
2017-09-18,18:00:00,12.625,12.65,12.6,12.625,11392,0
2017-09-18,19:00:00,12.6,12.625,12.6,12.625,13029,0
2017-09-18,20:00:00,12.6,12.65,12.6,12.6,30072,0
2017-09-18,21:00:00,12.6,12.65,12.6,12.625,17212,0
2017-09-18,22:00:00,12.6,12.65,12.6,12.65,168368,0
2017-09-19,16:00:00,12.65,12.75,12.6,12.625,5705,0
2017-09-19,17:00:00,12.625,12.65,12.6,12.625,20282,0
2017-09-19,18:00:00,12.625,12.65,12.6,12.6,6603,0
2017-09-19,19:00:00,12.625,12.65,12.6,12.625,10932,0
2017-09-19,20:00:00,12.6,12.65,12.6,12.625,10886,0
2017-09-19,21:00:00,12.625,12.65,12.6,12.625,17977,0
2017-09-19,22:00:00,12.6,12.65,12.6,12.65,266520,0
2017-09-20,16:00:00,12.65,12.65,12.6,12.65,5855,0
2017-09-20,17:00:00,12.625,12.65,12.575,12.625,42785,0
2017-09-20,18:00:00,12.6,12.75,12.6,12.675,37297,0
2017-09-20,19:00:00,12.675,12.8,12.65,12.775,16038,0
2017-09-20,20:00:00,12.8,12.8,12.75,12.775,10605,0
2017-09-20,21:00:00,12.75,12.8,12.7,12.775,98665,0
2017-09-20,22:00:00,12.8,12.8,12.65,12.75,137373,0
2017-09-21,16:00:00,12.7,12.8,12.7,12.7,8443,0
2017-09-21,17:00:00,12.75,12.775,12.65,12.775,20866,0
2017-09-21,18:00:00,12.8,12.85,12.725,12.8,25609,0
2017-09-21,19:00:00,12.85,12.9,12.8,12.875,29907,0
2017-09-21,20:00:00,12.85,12.95,12.85,12.9,45658,0
2017-09-21,21:00:00,12.95,12.95,12.85,12.875,27530,0
2017-09-21,22:00:00,12.875,12.925,12.85,12.9,66847,0
2017-09-22,16:00:00,12.95,12.95,12.8,12.8,30705,0
2017-09-22,17:00:00,12.85,13,12.85,12.9,57154,0
2017-09-22,18:00:00,12.875,12.95,12.85,12.925,55692,0
2017-09-22,19:00:00,12.925,13.075,12.925,13.05,32956,0
2017-09-22,20:00:00,13.05,13.075,13,13.075,23274,0
2017-09-22,21:00:00,13.075,13.1,13,13.05,8947,0
2017-09-22,22:00:00,13.025,13.1,13,13.1,89269,0
2017-09-25,16:00:00,13.1,13.15,13.05,13.1,15381,0
2017-09-25,17:00:00,13.125,13.15,13.05,13.05,11174,0
2017-09-25,18:00:00,13.05,13.15,13.05,13.15,23713,0
2017-09-25,19:00:00,13.15,13.15,13.1,13.15,10005,0
2017-09-25,20:00:00,13.1,13.15,13.1,13.15,16786,0
2017-09-25,21:00:00,13.15,13.2,13.1,13.125,60693,0
2017-09-25,22:00:00,13.125,13.2,13.1,13.15,123498,0
2017-09-26,16:00:00,13.2,13.25,13.05,13.075,27172,0
2017-09-26,17:00:00,13.05,13.075,13.025,13.075,10372,0
2017-09-26,18:00:00,13.075,13.15,13.075,13.15,9158,0
2017-09-26,19:00:00,13.1,13.175,13.1,13.1,31845,0
2017-09-26,20:00:00,13.15,13.175,13.1,13.125,11800,0
2017-09-26,21:00:00,13.125,13.175,13.1,13.15,26826,0
2017-09-26,22:00:00,13.125,13.225,13.125,13.2,56608,0
2017-09-27,16:00:00,13.2,13.2,13.075,13.1,28100,0
2017-09-27,17:00:00,13.125,13.125,13.05,13.1,16947,0
2017-09-27,18:00:00,13.05,13.125,13.05,13.1,12101,0
2017-09-27,19:00:00,13.125,13.2,13.125,13.2,24362,0
2017-09-27,20:00:00,13.2,13.3,13.15,13.275,61095,0
2017-09-27,21:00:00,13.275,13.4,13.25,13.375,39394,0
2017-09-27,22:00:00,13.4,13.436,13.3,13.4,114878,0
2017-09-28,16:00:00,13.3,13.45,13.2,13.375,56221,0
2017-09-28,17:00:00,13.375,13.65,13.375,13.55,114627,0
2017-09-28,18:00:00,13.525,13.8,13.5,13.725,96777,0
2017-09-28,19:00:00,13.7,13.85,13.65,13.85,190278,0
2017-09-28,20:00:00,13.825,13.95,13.8,13.875,83999,0
2017-09-28,21:00:00,13.9,13.9,13.75,13.8,147141,0
2017-09-28,22:00:00,13.825,13.875,13.75,13.75,159898,0
2017-09-29,16:00:00,13.7,13.75,13.6,13.69,10100,0
2017-09-29,17:00:00,13.675,13.75,13.675,13.725,10697,0
2017-09-29,18:00:00,13.75,13.75,13.7,13.75,6038,0
2017-09-29,19:00:00,13.7,13.75,13.65,13.725,32175,0
2017-09-29,20:00:00,13.725,13.75,13.7,13.75,10350,0
2017-09-29,21:00:00,13.75,13.75,13.65,13.675,32968,0
2017-09-29,22:00:00,13.7,13.725,13.65,13.65,157832,0
2017-10-02,16:00:00,13.65,13.7,13.55,13.65,9167,0
2017-10-02,17:00:00,13.65,13.7,13.6,13.6,15267,0
2017-10-02,18:00:00,13.625,13.65,13.6,13.6,10830,0
2017-10-02,19:00:00,13.6,13.725,13.6,13.7,15131,0
2017-10-02,20:00:00,13.7,13.75,13.675,13.7,31194,0
2017-10-02,21:00:00,13.7,13.75,13.7,13.725,15330,0
2017-10-02,22:00:00,13.7,13.75,13.7,13.75,108721,0
2017-10-03,16:00:00,13.55,13.7,13.55,13.6,42465,0
2017-10-03,17:00:00,13.6,13.8,13.45,13.75,195943,0
2017-10-03,18:00:00,13.725,13.725,13.6,13.675,28550,0
2017-10-03,19:00:00,13.675,13.8,13.65,13.75,35284,0
2017-10-03,20:00:00,13.725,13.775,13.7,13.75,14548,0
2017-10-03,21:00:00,13.725,13.8,13.725,13.775,17206,0
2017-10-03,22:00:00,13.775,13.85,13.75,13.8,226901,0
2017-10-04,16:00:00,13.85,13.85,13.75,13.8,6491,0
2017-10-04,17:00:00,13.75,13.85,13.7,13.8,24455,0
2017-10-04,18:00:00,13.825,14,13.7,13.85,99412,0
2017-10-04,19:00:00,13.85,13.9,13.7,13.775,36283,0
2017-10-04,20:00:00,13.775,13.8,13.7,13.725,13668,0
2017-10-04,21:00:00,13.725,13.8,13.7,13.775,31683,0
2017-10-04,22:00:00,13.8,13.8,13.7,13.75,154082,0
2017-10-05,16:00:00,13.8,13.8,13.75,13.775,2519,0
2017-10-05,17:00:00,13.75,13.875,13.75,13.825,19637,0
2017-10-05,18:00:00,13.8,13.9,13.8,13.85,36787,0
2017-10-05,19:00:00,13.875,13.95,13.85,13.925,29488,0
2017-10-05,20:00:00,13.925,13.95,13.9,13.9,21863,0
2017-10-05,21:00:00,13.925,13.925,13.85,13.9,44646,0
2017-10-05,22:00:00,13.925,14.05,13.9,14.05,146038,0
2017-10-06,16:00:00,14.05,14.075,14,14.075,17039,0
2017-10-06,17:00:00,14.1,14.2,14.05,14.1,29904,0
2017-10-06,18:00:00,14.1,14.1,14,14.025,29983,0
2017-10-06,19:00:00,14,14.05,14,14.025,4272,0
2017-10-06,20:00:00,14,14.025,14,14.025,2500,0
2017-10-06,21:00:00,14.025,14.05,14,14.025,8278,0
2017-10-06,22:00:00,14.025,14.1,14.025,14.05,142538,0
2017-10-09,16:00:00,14,14.15,13.975,13.975,17761,0
2017-10-09,17:00:00,13.975,14.025,13.95,14,44761,0
2017-10-09,18:00:00,14,14.05,13.95,14.05,15990,0
2017-10-09,19:00:00,14,14.05,14,14.05,7282,0
2017-10-09,20:00:00,14.05,14.1,14.025,14.05,20238,0
2017-10-09,21:00:00,14.05,14.05,13.95,13.975,83424,0
2017-10-09,22:00:00,14,14.05,13.875,13.95,618383,0
2017-10-10,16:00:00,14,14.1,13.95,14.05,18251,0
2017-10-10,17:00:00,14.1,14.1,14,14,13926,0
2017-10-10,18:00:00,14.025,14.05,14,14,11273,0
2017-10-10,19:00:00,14.025,14.05,14,14.025,4600,0
2017-10-10,20:00:00,14,14.025,14,14,8248,0
2017-10-10,21:00:00,14.025,14.05,13.95,14.05,57895,0
2017-10-10,22:00:00,14.05,14.05,14,14,140584,0
2017-10-11,16:00:00,13.95,14.1,13.85,14.05,6203,0
2017-10-11,17:00:00,14.05,14.05,14,14,12412,0
2017-10-11,18:00:00,14.025,14.05,14,14.05,13959,0
2017-10-11,19:00:00,14.05,14.05,14.025,14.05,10086,0
2017-10-11,20:00:00,14.05,14.05,13.95,14,44410,0
2017-10-11,21:00:00,14.05,14.05,14,14.05,8800,0
2017-10-11,22:00:00,14.05,14.1,14.025,14.05,107745,0
2017-10-12,16:00:00,14,14.05,13.95,14.025,40964,0
2017-10-12,17:00:00,14.025,14.05,14,14.025,12377,0
2017-10-12,18:00:00,14.025,14.1,14.025,14.075,21397,0
2017-10-12,19:00:00,14.075,14.1,14.05,14.075,5900,0
2017-10-12,20:00:00,14.075,14.1,14.05,14.075,7492,0
2017-10-12,21:00:00,14.075,14.1,14.05,14.075,15057,0
2017-10-12,22:00:00,14.1,14.1,14,14,160490,0
2017-10-13,16:00:00,14.1,14.1,14,14.025,7276,0
2017-10-13,17:00:00,14.025,14.025,13.95,13.975,26225,0
2017-10-13,18:00:00,13.975,14.05,13.975,14.05,9710,0
2017-10-13,19:00:00,14.025,14.025,13.95,14.025,16234,0
2017-10-13,20:00:00,14.025,14.05,14,14,7779,0
2017-10-13,21:00:00,14.025,14.025,13.95,13.975,22528,0
2017-10-13,22:00:00,13.975,14,13.95,13.95,116717,0
2017-10-16,16:00:00,14,14.025,13.9,14.025,3461,0
2017-10-16,17:00:00,14.05,14.05,13.9,13.9,12912,0
2017-10-16,18:00:00,13.9,13.95,13.85,13.925,9142,0
2017-10-16,19:00:00,13.925,13.95,13.9,13.925,5000,0
2017-10-16,20:00:00,13.9,13.975,13.9,13.95,9634,0
2017-10-16,21:00:00,13.975,13.975,13.9,13.925,16666,0
2017-10-16,22:00:00,13.95,13.975,13.9,13.95,70295,0
2017-10-17,16:00:00,13.8,13.875,13.8,13.825,35450,0
2017-10-17,17:00:00,13.85,13.9,13.8,13.825,20265,0
2017-10-17,18:00:00,13.8,13.925,13.8,13.85,44311,0
2017-10-17,19:00:00,13.875,13.875,13.8,13.85,9401,0
2017-10-17,20:00:00,13.8,13.85,13.725,13.75,19335,0
2017-10-17,21:00:00,13.75,13.85,13.75,13.825,14976,0
2017-10-17,22:00:00,13.825,13.825,13.7,13.7,98522,0
2017-10-18,16:00:00,13.8,13.8,13.7,13.75,14593,0
2017-10-18,17:00:00,13.775,13.8,13.7,13.7,45876,0
2017-10-18,18:00:00,13.725,13.75,13.7,13.7,20250,0
2017-10-18,19:00:00,13.75,13.8,13.7,13.8,38103,0
2017-10-18,20:00:00,13.8,13.85,13.775,13.825,16138,0
2017-10-18,21:00:00,13.825,13.85,13.75,13.75,53436,0
2017-10-18,22:00:00,13.775,13.8,13.65,13.7,153614,0
2017-10-19,16:00:00,13.65,13.7,13.55,13.7,19077,0
2017-10-19,17:00:00,13.65,13.7,13.55,13.675,22008,0
2017-10-19,18:00:00,13.675,13.7,13.65,13.675,7112,0
2017-10-19,19:00:00,13.675,13.7,13.65,13.675,3607,0
2017-10-19,20:00:00,13.675,13.74,13.65,13.675,40503,0
2017-10-19,21:00:00,13.675,13.7,13.65,13.675,18174,0
2017-10-19,22:00:00,13.65,13.7,13.6,13.6,89010,0
2017-10-20,16:00:00,13.75,13.75,13.7,13.7,28069,0
2017-10-20,17:00:00,13.7,13.7,13.65,13.675,13505,0
2017-10-20,18:00:00,13.675,13.7,13.65,13.675,4518,0
2017-10-20,19:00:00,13.675,13.675,13.6,13.65,10987,0
2017-10-20,20:00:00,13.65,13.7,13.65,13.675,6900,0
2017-10-20,21:00:00,13.675,13.7,13.65,13.675,6663,0
2017-10-20,22:00:00,13.675,13.7,13.55,13.55,120860,0
2017-10-23,16:00:00,13.6,13.7,13.55,13.55,10815,0
2017-10-23,17:00:00,13.575,13.575,13.475,13.525,13622,0
2017-10-23,18:00:00,13.525,13.55,13.45,13.45,8020,0
2017-10-23,19:00:00,13.475,13.475,13.4,13.45,8526,0
2017-10-23,20:00:00,13.5,13.5,13.4,13.41,13650,0
2017-10-23,21:00:00,13.4,13.45,13.35,13.35,13500,0
2017-10-23,22:00:00,13.375,13.45,13.3,13.35,106275,0
2017-10-24,16:00:00,13.45,13.5,13.4,13.4,10139,0
2017-10-24,17:00:00,13.425,13.45,13.3,13.3,35923,0
2017-10-24,18:00:00,13.35,13.35,13.2,13.225,61903,0
2017-10-24,19:00:00,13.225,13.325,13.15,13.225,59550,0
2017-10-24,20:00:00,13.225,13.25,13.2,13.225,15687,0
2017-10-24,21:00:00,13.2,13.25,13.15,13.175,83939,0
2017-10-24,22:00:00,13.15,13.175,13.05,13.1,155561,0
2017-10-25,16:00:00,13.1,13.2,13.1,13.125,10565,0
2017-10-25,17:00:00,13.1,13.2,13.1,13.2,13513,0
2017-10-25,18:00:00,13.15,13.175,13.05,13.125,18015,0
2017-10-25,19:00:00,13.1,13.15,13.05,13.125,11542,0
2017-10-25,20:00:00,13.125,13.15,13.05,13.05,11865,0
2017-10-25,21:00:00,13.075,13.1,12.95,12.975,30951,0
2017-10-25,22:00:00,12.95,13.1,12.95,13.1,99302,0
2017-10-26,16:00:00,13.05,13.125,13.025,13.025,9725,0
2017-10-26,17:00:00,13.025,13.05,13,13,11070,0
2017-10-26,18:00:00,13,13,12.95,12.975,18929,0
2017-10-26,19:00:00,12.95,13,12.9,12.925,20697,0
2017-10-26,20:00:00,12.95,13,12.925,12.975,8038,0
2017-10-26,21:00:00,12.95,13,12.95,12.975,4700,0
2017-10-26,22:00:00,12.95,13,12.95,12.95,47719,0
2017-10-27,16:00:00,12.95,13.1,12.95,12.95,11706,0
2017-10-27,17:00:00,12.95,13,12.925,12.95,44582,0
2017-10-27,18:00:00,12.975,13.125,12.95,13.075,58239,0
2017-10-27,19:00:00,13.075,13.1,13.05,13.075,19625,0
2017-10-27,20:00:00,13.075,13.1,13,13,50936,0
2017-10-27,21:00:00,13.025,13.2,13,13.15,42793,0
2017-10-27,22:00:00,13.15,13.3,13.125,13.2,160551,0
2017-10-30,15:00:00,13.15,13.15,13.05,13.075,11793,0
2017-10-30,16:00:00,13.05,13.15,13.05,13.075,12635,0
2017-10-30,17:00:00,13.075,13.1,13,13,20206,0
2017-10-30,18:00:00,13.025,13.05,12.95,13.05,29360,0
2017-10-30,19:00:00,13.025,13.05,13,13.025,18835,0
2017-10-30,20:00:00,13.025,13.1,13,13.075,15291,0
2017-10-30,21:00:00,13.075,13.15,13.075,13.15,106884,0
2017-10-31,15:00:00,13.2,13.2,13.1,13.15,19228,0
2017-10-31,16:00:00,13.175,13.2,13.1,13.175,31681,0
2017-10-31,17:00:00,13.15,13.2,13,13.05,32302,0
2017-10-31,18:00:00,13.075,13.1,13.05,13.05,7688,0
2017-10-31,19:00:00,13.075,13.1,12.95,13,84715,0
2017-10-31,20:00:00,13,13.15,13,13.15,84773,0
2017-10-31,21:00:00,13.15,13.25,13.1,13.15,258214,0
2017-11-01,15:00:00,13.2,13.3,13.1,13.15,19416,0
2017-11-01,16:00:00,13.175,13.2,13.1,13.125,12769,0
2017-11-01,17:00:00,13.15,13.15,13,13.05,18491,0
2017-11-01,18:00:00,13.1,13.1,13,13.05,36781,0
2017-11-01,19:00:00,13.025,13.05,13,13.05,24158,0
2017-11-01,20:00:00,13.05,13.1,13.05,13.1,12386,0
2017-11-01,21:00:00,13.075,13.15,13,13.1,138766,0
2017-11-02,15:00:00,13.15,13.15,13.1,13.125,15482,0
2017-11-02,16:00:00,13.15,13.15,13.05,13.1,36499,0
2017-11-02,17:00:00,13.1,13.125,13.05,13.1,37082,0
2017-11-02,18:00:00,13.1,13.15,13.05,13.075,80587,0
2017-11-02,19:00:00,13.1,13.125,13.066,13.075,49202,0
2017-11-02,20:00:00,13.1,13.1,13.05,13.1,21541,0
2017-11-02,21:00:00,13.0839,13.15,13.05,13.15,116669,0
2017-11-03,15:00:00,13.15,13.15,13.05,13.075,11435,0
2017-11-03,16:00:00,13.1,13.1,13,13,9602,0
2017-11-03,17:00:00,13.025,13.05,12.95,13.025,28853,0
2017-11-03,18:00:00,13.025,13.05,13,13.05,7342,0
2017-11-03,19:00:00,13.05,13.05,13,13.05,10465,0
2017-11-03,20:00:00,13.025,13.1,13.025,13.075,21335,0
2017-11-03,21:00:00,13.1,13.1,13.05,13.1,78864,0
2017-11-06,16:00:00,13.05,13.1,13.05,13.05,2543,0
2017-11-06,17:00:00,13.05,13.15,12.9,13.025,230600,0
2017-11-06,18:00:00,13.05,13.15,13,13.1,40690,0
2017-11-06,19:00:00,13.075,13.15,13.05,13.125,27683,0
2017-11-06,20:00:00,13.125,13.15,13,13.075,168508,0
2017-11-06,21:00:00,13.075,13.15,13.05,13.1,35374,0
2017-11-06,22:00:00,13.1,13.15,13.05,13.05,181971,0
2017-11-07,16:00:00,12.7,13,12.7,12.75,18771,0
2017-11-07,17:00:00,12.7,12.725,12.35,12.45,100077,0
2017-11-07,18:00:00,12.45,12.45,12,12.05,148706,0
2017-11-07,19:00:00,12.025,12.125,11.9,12.05,90122,0
2017-11-07,20:00:00,12.05,12.1,12.05,12.05,18153,0
2017-11-07,21:00:00,12.05,12.1,12.05,12.075,29200,0
2017-11-07,22:00:00,12.1,12.2,12.05,12.05,258650,0
2017-11-08,16:00:00,11.95,12.05,11.9,12.025,39008,0
2017-11-08,17:00:00,12,12.05,12,12.025,33017,0
2017-11-08,18:00:00,12.025,12.05,11.875,12,224007,0
2017-11-08,19:00:00,11.975,12.05,11.95,12.025,30426,0
2017-11-08,20:00:00,12,12.025,11.8,11.825,94192,0
2017-11-08,21:00:00,11.85,11.95,11.8,11.95,41605,0
2017-11-08,22:00:00,11.95,11.95,11.875,11.95,120375,0
2017-11-09,16:00:00,11.85,11.9,11.75,11.75,15885,0
2017-11-09,17:00:00,11.75,11.9,11.675,11.875,84853,0
2017-11-09,18:00:00,11.875,11.9,11.7,11.725,74305,0
2017-11-09,19:00:00,11.725,11.75,11.7,11.725,29278,0
2017-11-09,20:00:00,11.725,11.8,11.7,11.775,29705,0
2017-11-09,21:00:00,11.775,11.8,11.75,11.775,31879,0
2017-11-09,22:00:00,11.775,11.8,11.75,11.8,143453,0
2017-11-10,16:00:00,11.8,11.8,11.75,11.8,14968,0
2017-11-10,17:00:00,11.775,11.825,11.75,11.8,18894,0
2017-11-10,18:00:00,11.8,11.8,11.75,11.775,6200,0
2017-11-10,19:00:00,11.775,11.8,11.75,11.775,3700,0
2017-11-10,20:00:00,11.775,11.8,11.75,11.75,7325,0
2017-11-10,21:00:00,11.775,11.8,11.75,11.775,20908,0
2017-11-10,22:00:00,11.775,12,11.75,11.95,384201,0
2017-11-13,16:00:00,11.8,11.9,11.75,11.875,8472,0
2017-11-13,17:00:00,11.875,11.95,11.85,11.875,28650,0
2017-11-13,18:00:00,11.875,11.95,11.875,11.9,22036,0
2017-11-13,19:00:00,11.925,11.95,11.9,11.925,44005,0
2017-11-13,20:00:00,11.925,11.95,11.9,11.925,12830,0
2017-11-13,21:00:00,11.925,12,11.9,11.975,30451,0
2017-11-13,22:00:00,12,12.05,11.95,12,210105,0
2017-11-14,16:00:00,11.95,12,11.95,11.975,5025,0
2017-11-14,17:00:00,11.975,12,11.9,11.9,18940,0
2017-11-14,18:00:00,11.9,11.925,11.9,11.9,3200,0
2017-11-14,19:00:00,11.925,11.95,11.9,11.9,3200,0
2017-11-14,20:00:00,11.925,12,11.9,12,11994,0
2017-11-14,21:00:00,11.975,12.05,11.975,12.025,11800,0
2017-11-14,22:00:00,12.025,12.05,12,12.05,82950,0
2017-11-15,16:00:00,11.9,11.975,11.9,11.9,31871,0
2017-11-15,17:00:00,11.9,11.95,11.9,11.925,6500,0
2017-11-15,18:00:00,11.925,12.05,11.9,12.025,106131,0
2017-11-15,19:00:00,12.025,12.05,12,12.025,6000,0
2017-11-15,20:00:00,12,12.025,11.95,12,31735,0
2017-11-15,21:00:00,12.025,12.1,12,12.025,67126,0
2017-11-15,22:00:00,12.05,12.1,12,12.05,186043,0
2017-11-16,16:00:00,12.1,12.175,12.1,12.125,6667,0
2017-11-16,17:00:00,12.15,12.2,12.075,12.175,36083,0
2017-11-16,18:00:00,12.175,12.25,12.15,12.225,12673,0
2017-11-16,19:00:00,12.225,12.35,12.2,12.35,34833,0
2017-11-16,20:00:00,12.35,12.35,12.25,12.275,21869,0
2017-11-16,21:00:00,12.275,12.3,12.25,12.275,11060,0
2017-11-16,22:00:00,12.275,12.35,12.25,12.3,120545,0
2017-11-17,16:00:00,12.2,12.3,12.2,12.25,12712,0
2017-11-17,17:00:00,12.25,12.325,12.2,12.325,8519,0
2017-11-17,18:00:00,12.35,12.375,12.25,12.35,13508,0
2017-11-17,19:00:00,12.35,12.4,12.35,12.4,4500,0
2017-11-17,20:00:00,12.35,12.4,12.35,12.375,6569,0
2017-11-17,21:00:00,12.375,12.4,12.35,12.4,8900,0
2017-11-17,22:00:00,12.4,12.45,12.375,12.4,168990,0
2017-11-20,16:00:00,12.35,12.35,12.3,12.3,8843,0
2017-11-20,17:00:00,12.3,12.325,12.25,12.3,19772,0
2017-11-20,18:00:00,12.325,12.35,12.3,12.3,5271,0
2017-11-20,19:00:00,12.325,12.35,12.3,12.325,3987,0
2017-11-20,20:00:00,12.3,12.35,12.3,12.325,13525,0
2017-11-20,21:00:00,12.325,12.35,12.3,12.35,13496,0
2017-11-20,22:00:00,12.325,12.35,12.3,12.3,88134,0
2017-11-21,16:00:00,12.4,12.45,12.3,12.375,16292,0
2017-11-21,17:00:00,12.35,12.525,12.35,12.5,27823,0
2017-11-21,18:00:00,12.525,12.55,12.5,12.525,14190,0
2017-11-21,19:00:00,12.525,12.55,12.5,12.525,18032,0
2017-11-21,20:00:00,12.5,12.55,12.5,12.525,19737,0
2017-11-21,21:00:00,12.55,12.55,12.5,12.525,18658,0
2017-11-21,22:00:00,12.55,12.55,12.375,12.45,200081,0
2017-11-22,16:00:00,12.5,12.55,12.4,12.4,11858,0
2017-11-22,17:00:00,12.4,12.45,12.4,12.425,11631,0
2017-11-22,18:00:00,12.425,12.45,12.375,12.4,40431,0
2017-11-22,19:00:00,12.4,12.45,12.375,12.375,28100,0
2017-11-22,20:00:00,12.3826,12.4,12.35,12.375,15597,0
2017-11-22,21:00:00,12.375,12.45,12.35,12.425,26322,0
2017-11-22,22:00:00,12.4,12.45,12.35,12.4,117454,0
2017-11-24,16:00:00,12.4,12.45,12.375,12.425,7778,0
2017-11-24,17:00:00,12.425,12.45,12.3,12.425,47720,0
2017-11-24,18:00:00,12.425,12.425,12.425,12.425,900,0
2017-11-24,19:00:00,12.425,12.45,12.4,12.425,33962,0
2017-11-24,20:00:00,12.4,12.45,12.4,12.45,18918,0
2017-11-27,16:00:00,12.55,12.6,12.425,12.45,24456,0
2017-11-27,17:00:00,12.425,12.55,12.4,12.525,28002,0
2017-11-27,18:00:00,12.525,12.55,12.5,12.525,4233,0
2017-11-27,19:00:00,12.525,12.55,12.5,12.525,29997,0
2017-11-27,20:00:00,12.5,12.575,12.5,12.55,37209,0
2017-11-27,21:00:00,12.525,12.575,12.5,12.55,29008,0
2017-11-27,22:00:00,12.525,12.55,12.45,12.5,135023,0
2017-11-28,16:00:00,12.5,12.5,12.375,12.425,35284,0
2017-11-28,17:00:00,12.425,12.475,12.35,12.475,37717,0
2017-11-28,18:00:00,12.475,12.5,12.425,12.475,26993,0
2017-11-28,19:00:00,12.45,12.5,12.45,12.475,14850,0
2017-11-28,20:00:00,12.475,12.5,12.45,12.45,7210,0
2017-11-28,21:00:00,12.45,12.55,12.4,12.5,57408,0
2017-11-28,22:00:00,12.45,12.55,12.4,12.4,157474,0
2017-11-29,16:00:00,12.45,12.5,12.4,12.45,12543,0
2017-11-29,17:00:00,12.475,12.5,12.4,12.425,30935,0
2017-11-29,18:00:00,12.45,12.475,12.4,12.45,24918,0
2017-11-29,19:00:00,12.45,12.5,12.425,12.45,10212,0
2017-11-29,20:00:00,12.5,12.5,12.45,12.45,5484,0
2017-11-29,21:00:00,12.45,12.5,12.45,12.475,16362,0
2017-11-29,22:00:00,12.475,12.5,12.45,12.5,116408,0
2017-11-30,16:00:00,12.6,12.6,12.45,12.5,7869,0
2017-11-30,17:00:00,12.475,12.475,12.4,12.425,14242,0
2017-11-30,18:00:00,12.4,12.45,12.4,12.425,3768,0
2017-11-30,19:00:00,12.425,12.5,12.4,12.5,27610,0
2017-11-30,20:00:00,12.5,12.55,12.45,12.475,30318,0
2017-11-30,21:00:00,12.45,12.5,12.425,12.45,20790,0
2017-11-30,22:00:00,12.45,12.5,12.4,12.4,132305,0
2017-12-01,16:00:00,12.45,12.45,12.35,12.375,16274,0
2017-12-01,17:00:00,12.375,12.45,12.375,12.425,14337,0
2017-12-01,18:00:00,12.425,12.425,12,12.225,70844,0
2017-12-01,19:00:00,12.25,12.3,12.25,12.3,18600,0
2017-12-01,20:00:00,12.35,12.4,12.3,12.4,15402,0
2017-12-01,21:00:00,12.375,12.4,12.325,12.375,14944,0
2017-12-01,22:00:00,12.4,12.4,12.35,12.4,96757,0
2017-12-04,16:00:00,12.55,12.575,12.5,12.5,18975,0
2017-12-04,17:00:00,12.5,12.55,12.4,12.55,19568,0
2017-12-04,18:00:00,12.525,12.6,12.5,12.6,16091,0
2017-12-04,19:00:00,12.6,12.625,12.5,12.525,17773,0
2017-12-04,20:00:00,12.5,12.55,12.5,12.525,3200,0
2017-12-04,21:00:00,12.525,12.55,12.45,12.45,18605,0
2017-12-04,22:00:00,12.45,12.5,12.4,12.5,121065,0
2017-12-05,16:00:00,12.5,12.5,12.4,12.4,5507,0
2017-12-05,17:00:00,12.425,12.45,12.4,12.425,3100,0
2017-12-05,18:00:00,12.425,12.5,12.4,12.425,11172,0
2017-12-05,19:00:00,12.4,12.425,12.4,12.4,2000,0
2017-12-05,20:00:00,12.45,12.45,12.4,12.425,8562,0
2017-12-05,21:00:00,12.425,12.425,12.3,12.3,44718,0
2017-12-05,22:00:00,12.3,12.35,12.25,12.3,118574,0
2017-12-06,16:00:00,12.3,12.375,12.25,12.375,6605,0
2017-12-06,17:00:00,12.35,12.395,12.3,12.325,9194,0
2017-12-06,18:00:00,12.325,12.35,12.3,12.3,8300,0
2017-12-06,19:00:00,12.325,12.35,12.3,12.3,2135,0
2017-12-06,20:00:00,12.3,12.35,12.3,12.3,1719,0
2017-12-06,21:00:00,12.325,12.35,12.25,12.275,18808,0
2017-12-06,22:00:00,12.275,12.325,12.105,12.25,278776,0
