Date,Time,Open,High,Low,Close,Volume,OpenInt
2016-07-21,17:00:00,27.76,27.76,27.76,27.76,100,0
2016-07-21,18:00:00,27.92,27.92,27.92,27.92,100,0
2016-07-21,22:00:00,26.765,27.0388,26.765,27.0388,3125,0
2016-07-22,16:00:00,25,25,25,25,290,0
2016-07-22,17:00:00,26,26.3599,25.9,26.3599,4050,0
2016-07-22,20:00:00,26.47,26.47,26.47,26.47,300,0
2016-07-22,22:00:00,26.2901,26.4699,26.26,26.2601,3500,0
2016-07-25,16:00:00,26.25,26.25,26.25,26.25,499,0
2016-07-25,17:00:00,26.85,26.85,26.85,26.85,100,0
2016-07-25,18:00:00,27.64,27.64,27.64,27.64,100,0
2016-07-25,20:00:00,26.41,26.41,26.3,26.3,300,0
2016-07-25,21:00:00,26.92,26.92,26.92,26.92,100,0
2016-07-26,16:00:00,27.4,27.4,27.4,27.4,100,0
2016-07-26,17:00:00,27.7199,27.7199,27.7199,27.7199,100,0
2016-07-26,19:00:00,27.5,27.5,27.5,27.5,1400,0
2016-07-26,22:00:00,27.27,27.27,27.03,27.03,600,0
2016-07-27,17:00:00,27.39,27.3901,27.39,27.3901,446,0
2016-07-27,21:00:00,26.66,27.2199,26.66,27.2199,540,0
2016-07-27,22:00:00,26.86,27.4099,26.86,27.084,1550,0
2016-07-28,16:00:00,26.8841,26.8841,26.8841,26.8841,235,0
2016-07-28,17:00:00,26.45,26.7103,26.44,26.7036,800,0
2016-07-28,19:00:00,27.5199,27.5199,27.5199,27.5199,100,0
2016-07-29,17:00:00,26.96,27,26.96,27,500,0
2016-07-29,19:00:00,27,27,26.98,27,1000,0
2016-07-29,20:00:00,27,27,27,27,500,0
2016-07-29,21:00:00,26.92,26.92,26.35,26.7775,2841,0
2016-07-29,22:00:00,27.2,27.46,27.2,27.46,1900,0
2016-08-01,19:00:00,26.11,26.11,26.11,26.11,100,0
2016-08-01,21:00:00,26.11,26.11,26.11,26.11,484,0
2016-08-01,22:00:00,26.11,26.2425,26.11,26.1101,800,0
2016-08-02,16:00:00,26.5,26.5,26.5,26.5,200,0
2016-08-02,17:00:00,26.25,26.25,26.1,26.1,200,0
2016-08-02,18:00:00,25.45,25.6,25.45,25.49,1970,0
2016-08-02,20:00:00,25.45,25.45,25.44,25.44,1700,0
2016-08-02,21:00:00,25.6999,25.6999,25.6999,25.6999,100,0
2016-08-02,22:00:00,25.52,25.7,25.52,25.7,300,0
2016-08-03,17:00:00,25.66,26.06,25.66,26.06,2750,0
2016-08-03,20:00:00,26.9799,26.9799,26.9799,26.9799,100,0
2016-08-04,18:00:00,26.04,26.04,26.04,26.04,500,0
2016-08-04,20:00:00,25.325,25.325,25.325,25.325,100,0
2016-08-04,21:00:00,26.0299,26.0299,25.75,25.75,294,0
2016-08-04,22:00:00,26.0299,26.0299,26.0299,26.0299,100,0
2016-08-05,16:00:00,26.57,26.57,26.57,26.57,100,0
2016-08-05,18:00:00,27.32,27.32,27.32,27.32,200,0
2016-08-05,19:00:00,27.2,27.2,27.2,27.2,140,0
2016-08-05,21:00:00,27.3,27.3,27.3,27.3,100,0
2016-08-08,16:00:00,27.25,27.25,26.76,27.25,450,0
2016-08-08,17:00:00,27.4,27.4,27.4,27.4,100,0
2016-08-09,17:00:00,27.9199,27.9199,27.17,27.1701,1200,0
2016-08-09,18:00:00,27.21,27.21,27.1788,27.1788,200,0
2016-08-09,19:00:00,26.98,27.445,26.98,27.445,440,0
2016-08-09,22:00:00,26.76,26.7601,26.76,26.76,1067,0
2016-08-10,19:00:00,26.32,26.32,26.32,26.32,600,0
2016-08-10,21:00:00,26.28,26.28,26.28,26.28,200,0
2016-08-10,22:00:00,26.3,26.3,26.3,26.3,160,0
2016-08-11,16:00:00,26.3,26.3,26.3,26.3,100,0
2016-08-11,19:00:00,27.07,27.07,27.07,27.07,200,0
2016-08-11,22:00:00,26.98,26.98,26.98,26.98,400,0
2016-08-12,19:00:00,26.95,26.98,26.95,26.98,2218,0
2016-08-12,22:00:00,26.9,26.9,26.9,26.9,2000,0
2016-08-15,16:00:00,27.52,27.52,27.52,27.52,100,0
2016-08-15,18:00:00,27.7,27.7,27.7,27.7,500,0
2016-08-15,19:00:00,27.56,27.7019,27.56,27.7019,600,0
2016-08-15,21:00:00,27.99,28,27.97,27.97,4033,0
2016-08-16,20:00:00,28.53,28.53,28.53,28.53,100,0
2016-08-16,22:00:00,28,28,27.97,27.97,2450,0
2016-08-17,18:00:00,27.43,27.43,27.43,27.43,100,0
2016-08-18,17:00:00,27.5,27.5,27.5,27.5,100,0
2016-08-18,18:00:00,27.52,27.52,27.52,27.52,549,0
2016-08-18,22:00:00,27.34,27.415,27.34,27.415,2000,0
2016-08-19,18:00:00,27.39,27.565,27.39,27.565,200,0
2016-08-19,20:00:00,27.39,27.445,27.39,27.445,1200,0
2016-08-19,22:00:00,27.39,27.39,27.39,27.39,100,0
2016-08-23,16:00:00,27.94,27.94,27.94,27.94,100,0
2016-08-23,17:00:00,28.2,28.27,28.2,28.27,700,0
2016-08-23,18:00:00,28.2,29.32,28.2,29.32,2915,0
2016-08-23,20:00:00,28.2,28.2,28.2,28.2,500,0
2016-08-23,21:00:00,28.2,28.2,28.03,28.03,1600,0
2016-08-23,22:00:00,28,28,28,28,910,0
2016-08-24,16:00:00,27.8,27.8,27.8,27.8,214,0
2016-08-24,22:00:00,27.83,27.84,27.77,27.83,500,0
2016-08-25,18:00:00,28.12,28.12,28.12,28.12,410,0
2016-08-29,17:00:00,28.68,28.68,28.68,28.68,100,0
2016-08-29,19:00:00,28.67,28.8046,28.67,28.8046,724,0
2016-08-29,22:00:00,28.66,28.66,28.66,28.66,500,0
2016-08-30,16:00:00,29.0052,29.23,29.0052,29.23,1832,0
2016-08-30,18:00:00,28.96,28.96,28.96,28.96,1200,0
2016-08-30,19:00:00,29.04,29.04,29.04,29.04,168,0
2016-08-30,20:00:00,29.09,29.09,29.09,29.09,600,0
2016-08-30,22:00:00,29.4,29.41,29.39,29.39,713,0
2016-08-31,16:00:00,29.8,29.8,29.8,29.8,1360,0
2016-08-31,20:00:00,29.83,30.05,29.83,30.05,7116,0
2016-08-31,21:00:00,30.06,30.21,30.06,30.21,900,0
2016-08-31,22:00:00,30.56,30.6,30.1474,30.6,856,0
2016-09-01,17:00:00,30.6,30.6,30.16,30.16,600,0
2016-09-01,19:00:00,30.14,30.14,30.14,30.14,1000,0
2016-09-01,20:00:00,29.93,29.97,29.93,29.93,500,0
2016-09-01,22:00:00,29.69,29.71,29.67,29.67,2000,0
2016-09-02,16:00:00,30.3,30.4,30.3,30.4,600,0
2016-09-02,18:00:00,30.3,30.3,30.3,30.3,500,0
2016-09-02,19:00:00,30.35,30.35,30.33,30.33,800,0
2016-09-02,21:00:00,30.4,30.4,30.4,30.4,1100,0
2016-09-02,22:00:00,30.6,30.6,30.6,30.6,440,0
2016-09-06,18:00:00,29.8,29.898,29.8,29.898,1100,0
2016-09-07,17:00:00,30.19,30.19,29.75,29.75,1100,0
2016-09-07,21:00:00,30.8,30.9,30.8,30.9,200,0
2016-09-08,16:00:00,30.79,30.79,30.79,30.79,100,0
2016-09-08,20:00:00,31,31,31,31,1674,0
2016-09-08,21:00:00,31,31,31,31,3220,0
2016-09-09,18:00:00,30.65,30.856,30.65,30.856,1200,0
2016-09-09,19:00:00,30.62,30.8833,30.62,30.62,700,0
2016-09-09,22:00:00,30.73,30.75,30.73,30.75,1800,0
2016-09-12,16:00:00,30.12,30.12,30.12,30.12,100,0
2016-09-12,21:00:00,30.6301,30.99,30.6301,30.99,2000,0
2016-09-12,22:00:00,31,31.4875,31,31.4875,1525,0
2016-09-13,16:00:00,30.63,30.63,30.63,30.63,100,0
2016-09-13,19:00:00,30.57,30.6,30.57,30.6,300,0
2016-09-13,20:00:00,30.24,30.24,30.24,30.24,300,0
2016-09-13,22:00:00,30.62,30.62,30.62,30.62,133,0
2016-09-14,16:00:00,30.02,30.02,30.02,30.02,100,0
2016-09-14,17:00:00,29.56,29.673,29.56,29.673,200,0
2016-09-14,22:00:00,29.4,29.41,29.4,29.41,251,0
2016-09-15,16:00:00,29.44,29.44,29.44,29.44,100,0
2016-09-16,16:00:00,29.24,29.24,29.22,29.22,200,0
2016-09-19,18:00:00,29.72,29.91,29.69,29.91,14477,0
2016-09-19,22:00:00,29.61,29.61,29.61,29.61,577,0
2016-09-20,17:00:00,29.67,30.214,29.67,30.214,800,0
2016-09-20,19:00:00,29.37,29.37,29.37,29.37,200,0
2016-09-20,22:00:00,30,30,29.4,29.47,2400,0
2016-09-21,17:00:00,29.99,29.99,29.99,29.99,100,0
2016-09-21,19:00:00,29.58,29.7,29.58,29.7,700,0
2016-09-21,21:00:00,29.89,29.99,29.89,29.99,530,0
2016-09-22,17:00:00,30.76,30.76,30.76,30.76,100,0
2016-09-22,18:00:00,30.52,30.52,30.52,30.52,500,0
2016-09-22,19:00:00,30.32,30.32,30.32,30.32,100,0
2016-09-22,20:00:00,30.58,30.6,30.58,30.6,300,0
2016-09-22,21:00:00,30.66,31.5,30.66,31.5,2930,0
2016-09-22,22:00:00,30.7,30.7,30.7,30.7,1000,0
2016-09-23,16:00:00,30.86,30.86,30.86,30.86,100,0
2016-09-23,19:00:00,30.8,30.8,30.4,30.4,600,0
2016-09-26,16:00:00,29.8,29.8,29.8,29.8,100,0
2016-09-26,18:00:00,30.11,30.11,30.11,30.11,300,0
2016-09-26,20:00:00,29.55,29.55,29.55,29.55,100,0
2016-09-26,22:00:00,29.54,29.7,29.54,29.7,500,0
2016-09-27,17:00:00,29.451,29.76,29.39,29.76,1600,0
2016-09-27,18:00:00,30,30,30,30,2000,0
2016-09-27,19:00:00,30,30,30,30,500,0
2016-09-27,21:00:00,30.18,30.18,30.1,30.18,1017,0
2016-09-28,16:00:00,30.5,30.72,30.36,30.36,1400,0
2016-09-28,17:00:00,30.19,30.19,29.82,29.82,1283,0
2016-09-28,22:00:00,30.2,30.21,30.2,30.21,5200,0
2016-09-29,18:00:00,30.47,30.47,29.95,30.09,21780,0
2016-09-29,19:00:00,30.15,30.15,30.11,30.11,2900,0
2016-09-29,20:00:00,29.32,29.32,28.26,28.26,1500,0
2016-09-29,21:00:00,28.44,28.44,28.44,28.44,1500,0
2016-09-30,16:00:00,28.4,28.4,28.4,28.4,275,0
2016-09-30,17:00:00,29.53,29.53,29.53,29.53,100,0
2016-09-30,18:00:00,29.95,30,29.94,30,12200,0
2016-09-30,22:00:00,30.35,30.43,30.35,30.43,1900,0
2016-10-04,16:00:00,31.0399,31.04,31.0399,31.04,200,0
2016-10-04,17:00:00,31.45,31.45,31.45,31.45,100,0
2016-10-04,18:00:00,31.1,31.45,31.1,31.31,500,0
2016-10-04,19:00:00,31.45,31.45,31.45,31.45,400,0
2016-10-04,20:00:00,31.45,31.45,31.45,31.45,100,0
2016-10-05,17:00:00,32,32,32,32,1310,0
2016-10-05,18:00:00,32.02,32.25,32.02,32.19,1850,0
2016-10-05,20:00:00,31.97,32.1119,31.97,32.1119,1000,0
2016-10-06,16:00:00,31.37,31.37,31.37,31.37,100,0
2016-10-06,17:00:00,30.81,30.93,30.81,30.93,798,0
2016-10-06,18:00:00,30.81,30.81,30.81,30.81,125,0
2016-10-06,22:00:00,31.32,31.32,31.32,31.32,499,0
2016-10-10,19:00:00,31.8,31.8,31.8,31.8,1400,0
2016-10-11,17:00:00,31.17,31.17,31.17,31.17,100,0
2016-10-12,17:00:00,30.6291,30.6291,30.6291,30.6291,100,0
2016-10-12,18:00:00,30.54,30.54,30.54,30.54,100,0
2016-10-13,16:00:00,29.91,29.91,29.91,29.91,100,0
2016-10-13,21:00:00,29.25,29.25,29.19,29.19,1500,0
2016-10-13,22:00:00,29.96,29.96,29.96,29.96,500,0
2016-10-14,16:00:00,30.18,30.1817,30.18,30.1817,1225,0
2016-10-14,17:00:00,30.18,30.18,30.18,30.18,500,0
2016-10-17,16:00:00,30.62,30.62,30.49,30.49,2100,0
2016-10-18,17:00:00,30.29,30.29,30.29,30.29,225,0
2016-10-19,16:00:00,31.05,31.05,31.05,31.05,100,0
2016-10-19,17:00:00,31.65,31.65,31.5,31.5,1000,0
2016-10-20,16:00:00,32.11,32.25,32.11,32.25,500,0
2016-10-20,17:00:00,32.66,33.1624,32.66,33.1624,3629,0
2016-10-20,22:00:00,33.15,33.15,33.15,33.15,200,0
2016-10-21,16:00:00,32.54,32.8493,32.129,32.8493,1900,0
2016-10-21,18:00:00,33.1,33.1,33.1,33.1,500,0
2016-10-21,22:00:00,33.1,33.1,33.1,33.1,1000,0
2016-10-24,16:00:00,33.4,33.4,32.61,33.4,1084,0
2016-10-24,19:00:00,33.375,33.645,33.375,33.645,225,0
2016-10-25,16:00:00,33.2,33.2,33.2,33.2,100,0
2016-10-25,18:00:00,33.67,33.75,33.66,33.66,4604,0
2016-10-25,19:00:00,33.55,33.55,33.54,33.54,705,0
2016-10-25,22:00:00,33.6,33.6,33.46,33.46,2300,0
2016-10-26,16:00:00,32.5,32.5,31.2,31.85,800,0
2016-10-26,17:00:00,32.5,32.6,32.5,32.6,400,0
2016-10-26,20:00:00,33.8394,33.8394,33.8394,33.8394,700,0
2016-10-26,22:00:00,33.4,33.4,33.4,33.4,2200,0
2016-10-27,16:00:00,33.6,33.6,33.6,33.6,300,0
2016-10-27,17:00:00,33.56,33.56,33.56,33.56,2000,0
2016-10-27,19:00:00,33.1,33.15,33.1,33.15,1300,0
2016-10-28,16:00:00,33.14,33.14,32.706,32.706,200,0
2016-10-31,16:00:00,32.72,32.72,32.15,32.15,1465,0
2016-10-31,17:00:00,32.22,32.22,32.22,32.22,800,0
2016-10-31,18:00:00,32.22,32.22,32.22,32.22,500,0
2016-10-31,20:00:00,32.24,32.24,32.24,32.24,100,0
2016-10-31,21:00:00,32.2,32.2,31.66,32.18,1031,0
2016-11-01,15:00:00,32.06,32.06,32.06,32.06,1000,0
2016-11-01,17:00:00,32.148,32.148,32.148,32.148,650,0
2016-11-01,19:00:00,30.758,30.758,30.758,30.758,1000,0
2016-11-01,20:00:00,30.91,30.91,30.91,30.91,200,0
2016-11-01,21:00:00,30.66,31.446,30.66,31.38,400,0
2016-11-02,17:00:00,30.75,30.8,30.75,30.8,400,0
2016-11-02,18:00:00,30.89,30.9991,30.89,30.9991,2500,0
2016-11-03,16:00:00,30.96,30.96,30.96,30.96,500,0
2016-11-03,20:00:00,30.8,30.8,30.8,30.8,300,0
2016-11-04,16:00:00,30.61,31.06,30.61,31.05,1600,0
2016-11-04,18:00:00,31.6,32.09,31.6,32.09,1000,0
2016-11-07,16:00:00,31.68,32.98,31.68,32.98,1100,0
2016-11-07,21:00:00,32.48,32.696,32.48,32.696,500,0
2016-11-07,22:00:00,32.68,32.82,32.67,32.67,715,0
2016-11-08,16:00:00,32.69,32.69,30.98,30.98,1800,0
2016-11-08,17:00:00,30.52,30.52,30.52,30.52,200,0
2016-11-08,18:00:00,31.05,31.46,31.05,31.46,3863,0
2016-11-08,19:00:00,31.46,31.46,31.46,31.46,500,0
2016-11-08,20:00:00,31.46,31.46,31.46,31.46,300,0
2016-11-08,21:00:00,31.25,31.27,31.2,31.2,2800,0
2016-11-08,22:00:00,31.2,31.2,31.2,31.2,500,0
2016-11-09,16:00:00,33.06,33.5,33.06,33.5,1100,0
2016-11-09,17:00:00,33.19,33.1941,32.8152,32.8152,1000,0
2016-11-09,18:00:00,33.7,34.57,33.7,34.57,1100,0
2016-11-09,20:00:00,34.57,34.75,34.57,34.75,3400,0
2016-11-09,21:00:00,34.7,35,34.7,35,1000,0
2016-11-10,16:00:00,35.3199,37.47,35.3199,37.45,5762,0
2016-11-10,17:00:00,37.7299,37.7299,37.17,37.17,4500,0
2016-11-10,19:00:00,36.7,36.7,36.6999,36.7,900,0
2016-11-10,20:00:00,36.6246,36.72,36.4354,36.72,800,0
2016-11-10,21:00:00,37,37.38,37,37.38,950,0
2016-11-10,22:00:00,37.12,37.5,37.12,37.2613,1400,0
2016-11-11,16:00:00,37.27,37.8699,37.27,37.8699,200,0
2016-11-11,17:00:00,37.8699,37.87,37.8699,37.87,800,0
2016-11-11,18:00:00,37.75,37.75,37.45,37.45,1500,0
2016-11-11,19:00:00,37.78,38.1,37.78,38.1,1260,0
2016-11-11,21:00:00,38.6,38.66,38.57,38.62,7400,0
2016-11-11,22:00:00,38.61,39.108,38.61,38.95,184683,0
2016-11-14,16:00:00,39.49,41.1474,39.49,40.89,3670,0
2016-11-14,17:00:00,41.12,41.48,40.84,41.05,10300,0
2016-11-14,18:00:00,40.96,41.25,40.96,41.24,3700,0
2016-11-14,19:00:00,40.72,40.8175,40.02,40.7,3505,0
2016-11-14,20:00:00,40.92,41.2932,40.92,41.2932,9980,0
2016-11-14,21:00:00,41.31,41.5,41.31,41.5,10200,0
2016-11-14,22:00:00,41.5,41.73,41.5,41.69,16700,0
2016-11-15,16:00:00,39.69,39.69,37.96,38,12500,0
2016-11-15,17:00:00,39.05,39.05,38.64,38.77,600,0
2016-11-15,18:00:00,39.87,39.87,39.87,39.87,100,0
2016-11-15,20:00:00,39.5823,39.5823,39.47,39.47,556,0
2016-11-15,21:00:00,39.5,39.5,39.5,39.5,120,0
2016-11-15,22:00:00,40,40.0474,40,40.0474,700,0
2016-11-16,16:00:00,39.25,39.25,38.5,38.5,600,0
2016-11-16,17:00:00,38.22,38.22,37.84,38.06,1800,0
2016-11-16,19:00:00,37.7785,37.7785,37.7785,37.7785,200,0
2016-11-16,21:00:00,38.15,38.4,38.15,38.37,11900,0
2016-11-17,16:00:00,38.99,38.99,38.99,38.99,100,0
2016-11-17,18:00:00,38.6,38.87,38.49,38.86,71509,0
2016-11-17,19:00:00,39,39,39,39,500,0
2016-11-17,21:00:00,38.85,39.19,38.85,39,6690,0
2016-11-17,22:00:00,39.21,39.38,39.15,39.38,5998,0
2016-11-18,16:00:00,39.2,39.55,39.19,39.55,7300,0
2016-11-18,19:00:00,39.7926,39.7926,39.7926,39.7926,1333,0
2016-11-18,20:00:00,40.35,40.35,40.22,40.22,1200,0
2016-11-18,21:00:00,40.08,40.08,40.03,40.03,800,0
2016-11-18,22:00:00,40.01,40.06,40.01,40.05,1500,0
2016-11-21,18:00:00,40.84,40.88,40.84,40.88,1400,0
2016-11-21,21:00:00,41.04,41.04,41.04,41.04,300,0
2016-11-22,16:00:00,41.4,41.4,41.4,41.4,500,0
2016-11-22,17:00:00,41.27,41.3899,41.12,41.12,1600,0
2016-11-22,18:00:00,41.21,41.21,41.21,41.21,200,0
2016-11-23,16:00:00,40.95,42.07,40.95,42.07,4700,0
2016-11-23,17:00:00,42.15,42.45,42.12,42.45,2200,0
2016-11-23,21:00:00,42.49,42.66,42.49,42.66,1500,0
2016-11-23,22:00:00,42.6,42.71,42.6,42.65,7250,0
2016-11-25,16:00:00,42.15,42.15,42.15,42.15,100,0
2016-11-25,17:00:00,42.34,42.7073,42.34,42.7073,250,0
2016-11-28,16:00:00,42.1,42.5,42.1,42.5,3100,0
2016-11-28,17:00:00,42.077,42.077,42.077,42.077,250,0
2016-11-28,19:00:00,41.53,41.53,41.53,41.53,130,0
2016-11-28,20:00:00,42,42,42,42,800,0
2016-11-28,22:00:00,41.8,41.8,41.53,41.53,500,0
2016-11-29,16:00:00,41.32,41.32,41.32,41.32,100,0
2016-11-29,17:00:00,41.27,41.5,41.17,41.5,3454,0
2016-11-29,18:00:00,41.1,41.1,41.1,41.1,400,0
2016-11-30,16:00:00,41.94,42.2,41.94,42.16,2200,0
2016-11-30,17:00:00,42.0462,42.0462,42.0462,42.0462,100,0
2016-11-30,18:00:00,42,42,42,42,500,0
2016-11-30,19:00:00,42.22,42.5,42.22,42.5,800,0
2016-11-30,22:00:00,41.9,41.9,41.9,41.9,1000,0
2016-12-01,16:00:00,42.31,42.74,42.3,42.74,500,0
2016-12-01,17:00:00,43.1,44,43.1,43.86,400,0
2016-12-01,18:00:00,43.9778,44.3,43.9778,44.15,900,0
2016-12-01,19:00:00,44.299,44.42,44.15,44.2899,8140,0
2016-12-01,20:00:00,44.28,44.3,44.2043,44.3,700,0
2016-12-01,21:00:00,44.4375,44.4375,44.4375,44.4375,500,0
2016-12-01,22:00:00,44.36,44.37,44.36,44.37,1400,0
2016-12-02,16:00:00,43.53,43.6,43.27,43.59,2200,0
2016-12-02,17:00:00,44.21,44.3516,44.21,44.3516,600,0
2016-12-02,19:00:00,43.8,44.26,43.8,44.26,800,0
2016-12-02,21:00:00,43.8,43.82,43.78,43.78,3900,0
2016-12-02,22:00:00,44,44.35,43.96,44.35,700,0
2016-12-05,16:00:00,45,45.164,44.93,45.164,1990,0
2016-12-05,17:00:00,45.39,45.39,45.39,45.39,1000,0
2016-12-05,22:00:00,44.83,44.83,44.83,44.83,400,0
2016-12-06,16:00:00,44.55,44.55,44.5,44.5,400,0
2016-12-06,17:00:00,44.26,44.5,44.25,44.5,3053,0
2016-12-06,22:00:00,45.6801,45.83,45.6801,45.83,500,0
2016-12-07,18:00:00,46.41,46.41,46.0101,46.0101,600,0
2016-12-07,19:00:00,46.09,46.35,46.09,46.35,2400,0
2016-12-07,20:00:00,46.78,47.05,46.76,47.05,900,0
2016-12-07,21:00:00,47.25,47.26,47.224,47.224,659,0
2016-12-07,22:00:00,47.5,47.53,47.5,47.53,500,0
2016-12-08,16:00:00,48,49.11,48,48.13,19520,0
2016-12-08,17:00:00,47.47,47.47,47.47,47.47,600,0
2016-12-08,18:00:00,47.95,48.49,47.88,48.36,1800,0
2016-12-08,19:00:00,48.85,49,48.85,49,2350,0
2016-12-08,20:00:00,49,49.2,48.83,49.2,1734,0
2016-12-09,16:00:00,48.24,48.24,47.6935,47.6935,200,0
2016-12-09,17:00:00,48.24,48.35,48.24,48.33,3950,0
2016-12-09,18:00:00,47.94,47.94,47.94,47.94,4000,0
2016-12-12,16:00:00,48.02,48.02,48.02,48.02,1000,0
2016-12-12,17:00:00,48.56,48.56,48.26,48.26,800,0
2016-12-12,18:00:00,48.17,48.17,48.17,48.17,100,0
2016-12-12,19:00:00,47.39,47.39,47.39,47.39,500,0
2016-12-12,22:00:00,47.47,47.47,47.45,47.45,500,0
2016-12-13,16:00:00,47.45,48.01,47.45,47.5484,1445,0
2016-12-13,18:00:00,46.54,46.54,46.54,46.54,160,0
2016-12-13,19:00:00,47.2954,47.2954,47.2954,47.2954,200,0
2016-12-13,22:00:00,47.4401,47.4401,47.4401,47.4401,230,0
2016-12-14,17:00:00,46.5017,46.69,46.5017,46.69,600,0
2016-12-14,18:00:00,47,47,46.61,46.61,7501,0
2016-12-14,19:00:00,47.075,47.075,47.005,47.005,925,0
2016-12-14,20:00:00,47.12,47.12,47.12,47.12,2800,0
2016-12-14,21:00:00,46.65,47.72,46.527,46.527,2600,0
2016-12-15,16:00:00,47.41,49.15,47.41,49.15,4400,0
2016-12-15,17:00:00,49.15,49.25,48.98,48.98,3200,0
2016-12-15,18:00:00,49.14,49.25,49.14,49.25,10000,0
2016-12-15,20:00:00,48.65,48.65,48.65,48.65,165,0
2016-12-15,21:00:00,48.4799,48.4799,48.26,48.41,19040,0
2016-12-15,22:00:00,48.59,48.7305,48.25,48.6805,22603,0
2016-12-16,16:00:00,48.24,48.24,48.24,48.24,100,0
2016-12-16,20:00:00,47.42,47.53,47.42,47.53,200,0
2016-12-16,22:00:00,47.18,47.18,47.18,47.18,700,0
2016-12-19,16:00:00,46.64,47.96,46.64,47.96,732,0
2016-12-19,17:00:00,47.41,47.41,47.41,47.41,100,0
2016-12-19,18:00:00,47.86,47.86,47.86,47.86,100,0
2016-12-19,19:00:00,47.28,47.28,47.28,47.28,100,0
2016-12-19,20:00:00,47.67,47.67,47.62,47.62,400,0
2016-12-19,21:00:00,48.09,48.1,48.09,48.1,400,0
2016-12-19,22:00:00,47.81,47.98,47.81,47.94,700,0
2016-12-20,16:00:00,48.45,48.73,48.45,48.73,200,0
2016-12-20,17:00:00,48.25,48.25,48.12,48.12,800,0
2016-12-20,18:00:00,48,48.11,48,48,2600,0
2016-12-21,17:00:00,48.28,48.35,48.28,48.35,1500,0
2016-12-21,21:00:00,48.49,48.49,48.49,48.49,400,0
2016-12-22,16:00:00,47.53,47.53,47.53,47.53,100,0
2016-12-22,17:00:00,47.13,47.13,47.13,47.13,1900,0
2016-12-22,19:00:00,47,47.18,47,47.18,4034,0
2016-12-23,17:00:00,48.15,48.15,48.15,48.15,100,0
2016-12-27,18:00:00,47.849,47.849,47.849,47.849,145,0
2016-12-27,20:00:00,47.77,47.77,47.75,47.75,330,0
2016-12-27,21:00:00,47.72,47.72,47.72,47.72,100,0
2016-12-28,19:00:00,46.75,46.75,46.5,46.5,950,0
2016-12-28,22:00:00,46.15,46.15,46.15,46.15,200,0
2016-12-29,16:00:00,46.12,46.12,46.12,46.12,100,0
2016-12-29,19:00:00,45.18,45.18,45.18,45.18,100,0
2016-12-29,20:00:00,45.09,45.09,45.09,45.09,100,0
2016-12-29,22:00:00,45.18,45.18,45.18,45.18,300,0
2016-12-30,16:00:00,45,45,45,45,1000,0
2016-12-30,17:00:00,45.5,45.5,45.5,45.5,100,0
2016-12-30,20:00:00,45.25,45.25,45.23,45.23,350,0
2016-12-30,22:00:00,44.98,45.26,44.98,45.19,2800,0
2017-01-03,16:00:00,46.14,46.5,46.14,46.5,200,0
2017-01-03,17:00:00,47.08,47.44,47.08,47.44,1385,0
2017-01-03,22:00:00,46.35,46.75,46.35,46.75,200,0
2017-01-04,16:00:00,46.8,46.8,46.8,46.8,100,0
2017-01-04,17:00:00,47.68,47.68,47.68,47.68,100,0
2017-01-04,18:00:00,48,48,48,48,2604,0
2017-01-05,17:00:00,47.07,47.07,47.07,47.07,100,0
2017-01-05,22:00:00,46.43,46.43,46.43,46.43,100,0
2017-01-06,16:00:00,46.58,46.72,46.58,46.72,300,0
2017-01-06,17:00:00,46.61,46.61,46.61,46.61,900,0
2017-01-06,19:00:00,46.68,46.68,46.56,46.59,16000,0
2017-01-06,21:00:00,46.919,46.919,46.919,46.919,330,0
2017-01-09,20:00:00,45.66,45.7,45.66,45.7,1100,0
2017-01-10,16:00:00,45.76,45.9,45.76,45.9,8100,0
2017-01-10,17:00:00,45.9,46.35,45.68,46.32,37626,0
2017-01-10,18:00:00,46.32,46.68,46.32,46.59,24034,0
2017-01-10,21:00:00,46.68,46.96,46.68,46.96,4730,0
2017-01-11,16:00:00,46.23,46.23,46.23,46.23,200,0
2017-01-11,17:00:00,46.86,46.89,46.85,46.89,8100,0
2017-01-11,19:00:00,46.78,46.78,46.78,46.78,100,0
2017-01-11,22:00:00,47,47.0512,47,47.0512,900,0
2017-01-12,18:00:00,44.75,44.75,44.75,44.75,400,0
2017-01-12,19:00:00,45.02,45.316,44.98,45.316,7834,0
2017-01-12,20:00:00,45.5168,45.5168,45.5168,45.5168,100,0
2017-01-12,21:00:00,45.76,45.76,45.76,45.76,400,0
2017-01-13,16:00:00,47.22,47.22,47.22,47.22,1700,0
2017-01-13,17:00:00,47.58,47.597,47.58,47.597,1800,0
2017-01-13,18:00:00,47.15,47.34,47.14,47.22,10359,0
2017-01-13,19:00:00,46.72,46.72,46.72,46.72,500,0
2017-01-13,20:00:00,46.94,46.94,46.94,46.94,179,0
2017-01-13,21:00:00,46.83,46.851,46.64,46.64,1500,0
2017-01-13,22:00:00,46.88,46.88,46.88,46.88,1000,0
2017-01-17,16:00:00,45.94,45.94,45.94,45.94,100,0
2017-01-17,17:00:00,45.39,45.39,45.39,45.39,300,0
2017-01-17,18:00:00,45.362,45.362,45.362,45.362,300,0
2017-01-17,19:00:00,45.3,45.3,45.03,45.03,600,0
2017-01-18,16:00:00,45.11,45.11,43.89,44.72,5230,0
2017-01-18,20:00:00,44.82,44.82,44.82,44.82,2000,0
2017-01-18,22:00:00,45.015,45.35,45,45.35,64372,0
2017-01-19,17:00:00,45.4,45.4,45.3,45.3,6200,0
2017-01-19,18:00:00,45.22,45.22,44.97,45,60200,0
2017-01-19,19:00:00,44.91,44.91,44.79,44.79,40000,0
2017-01-19,20:00:00,44.73,44.73,44.73,44.73,400,0
2017-01-19,21:00:00,44.48,44.59,44.48,44.59,40100,0
2017-01-19,22:00:00,44.63,44.78,44.61,44.78,41800,0
2017-01-20,16:00:00,45.7,45.7,45.7,45.7,100,0
2017-01-20,18:00:00,45.82,45.82,45.75,45.75,400,0
2017-01-20,19:00:00,45.38,45.38,45.38,45.38,100,0
2017-01-20,22:00:00,45.27,45.27,45.23,45.23,500,0
2017-01-23,16:00:00,45.42,45.68,45.42,45.68,600,0
2017-01-23,17:00:00,45.51,45.51,44.66,44.66,700,0
2017-01-24,17:00:00,45.46,45.91,45.46,45.91,1100,0
2017-01-24,19:00:00,46.55,46.55,46.55,46.55,600,0
2017-01-24,20:00:00,46.6333,46.6333,46.6333,46.6333,150,0
2017-01-24,21:00:00,46.96,46.96,46.78,46.78,5484,0
2017-01-24,22:00:00,46.95,46.97,46.84,46.84,1500,0
2017-01-25,16:00:00,45.93,46.51,45.8,46.51,1300,0
2017-01-25,17:00:00,46.61,46.61,46.61,46.61,100,0
2017-01-25,18:00:00,45.83,45.83,45.73,45.73,1041855,0
2017-01-26,17:00:00,46.71,46.71,46.35,46.35,200,0
2017-01-26,19:00:00,46.7797,46.7797,46.7797,46.7797,300,0
2017-01-26,20:00:00,46.911,46.95,46.905,46.95,570,0
2017-01-26,22:00:00,47.55,47.67,47.5,47.67,1200,0
2017-01-27,18:00:00,47.22,47.532,47.22,47.521,3200,0
2017-01-27,19:00:00,47.7838,47.7838,47.7838,47.7838,250,0
2017-01-27,22:00:00,47.05,47.05,47.01,47.04,1200,0
2017-01-30,16:00:00,46.26,46.26,46.16,46.19,1050,0
2017-01-30,17:00:00,46.15,46.1504,45.56,45.56,2000,0
2017-01-30,18:00:00,45.83,45.9,45.71,45.9,758005,0
2017-01-30,19:00:00,46.05,46.34,46.05,46.32,15745,0
2017-01-30,20:00:00,46.36,46.5,46.26,46.28,32400,0
2017-01-30,21:00:00,46.27,46.69,46.27,46.63,8590,0
2017-01-30,22:00:00,46.59,46.91,46.48,46.89,6900,0
2017-01-31,16:00:00,46.9,46.9,46.9,46.9,100,0
2017-01-31,17:00:00,45.78,45.78,45.12,45.2,3300,0
2017-01-31,18:00:00,45.19,45.25,45.17,45.25,1300,0
2017-01-31,19:00:00,45,45.2,44.98,45.19,4500,0
2017-01-31,20:00:00,45.22,45.22,44.9401,45.08,4100,0
2017-01-31,21:00:00,44.97,44.97,44.84,44.97,1500,0
2017-01-31,22:00:00,45.33,45.5,45.32,45.32,6153,0
2017-02-01,16:00:00,46.81,46.81,46.81,46.81,100,0
2017-02-01,19:00:00,45.9,45.9,45.9,45.9,100,0
2017-02-01,21:00:00,45.9,45.96,45.35,45.35,600,0
2017-02-01,22:00:00,45.49,45.67,45.49,45.67,400,0
2017-02-02,16:00:00,45.05,45.05,44.6,44.89,900,0
2017-02-02,18:00:00,44.25,44.25,44.25,44.25,500,0
2017-02-02,19:00:00,44.11,44.11,44.11,44.11,400,0
2017-02-06,18:00:00,45.704,45.704,45.704,45.704,150,0
2017-02-06,20:00:00,45.42,45.42,45.42,45.42,100,0
2017-02-06,21:00:00,45.44,45.44,45.44,45.44,100,0
2017-02-06,22:00:00,45.44,45.61,45.44,45.54,643,0
2017-02-07,18:00:00,45.7001,45.8,45.7001,45.8,500,0
2017-02-07,22:00:00,45.78,45.85,45.5601,45.85,800,0
2017-02-08,16:00:00,45.1001,45.1001,45.1001,45.1001,1000,0
2017-02-08,17:00:00,45.48,45.48,45.48,45.48,200,0
2017-02-08,20:00:00,45.4,45.4,45.4,45.4,100,0
2017-02-08,22:00:00,45.44,45.44,45.44,45.44,200,0
2017-02-09,16:00:00,45.75,45.94,45.7,45.94,400,0
2017-02-09,18:00:00,46.24,46.24,46.24,46.24,500,0
2017-02-10,17:00:00,46.85,46.85,46.85,46.85,500,0
2017-02-10,22:00:00,46.7925,46.8,46.7925,46.8,400,0
2017-02-13,17:00:00,47.5,47.729,47.5,47.5,5700,0
2017-02-13,19:00:00,47.3001,47.383,47.3001,47.383,1400,0
2017-02-13,20:00:00,47.5,47.722,47.5,47.722,900,0
2017-02-13,21:00:00,47.55,47.59,47.55,47.59,500,0
2017-02-13,22:00:00,47.45,47.45,47.45,47.45,400,0
2017-02-14,17:00:00,47.41,47.55,47.41,47.55,10000,0
2017-02-14,18:00:00,47.75,48.03,47.75,48.03,500,0
2017-02-14,19:00:00,48.03,48.058,48.03,48.0372,780,0
2017-02-14,20:00:00,48.22,48.22,48.22,48.22,1000,0
2017-02-14,22:00:00,48.42,48.42,48.42,48.42,100,0
2017-02-15,16:00:00,48.4,48.42,48.29,48.42,879,0
2017-02-15,18:00:00,48.68,49.014,48.65,48.73,3259,0
2017-02-15,20:00:00,48.95,49.25,48.95,49.25,3711,0
2017-02-15,21:00:00,49.2,49.2,49.2,49.2,500,0
2017-02-15,22:00:00,49.0401,49.0401,48.95,48.973,900,0
2017-02-16,16:00:00,48.71,49.25,48.71,49.12,3827,0
2017-02-16,17:00:00,48.9,48.9,48.9,48.9,300,0
2017-02-16,18:00:00,48.3384,48.4,48.3384,48.4,750,0
2017-02-16,19:00:00,48.4,48.4426,48.4,48.4426,300,0
2017-02-16,20:00:00,48.3,48.3015,48.07,48.07,1139,0
2017-02-16,22:00:00,48.42,48.42,48.42,48.42,600,0
2017-02-17,16:00:00,48.66,48.66,48.66,48.66,1000,0
2017-02-17,17:00:00,48.5,48.5,48.5,48.5,1150,0
2017-02-17,18:00:00,48.45,48.632,48.44,48.467,1770,0
2017-02-17,22:00:00,49.25,49.98,49.245,49.7776,29662,0
2017-02-21,16:00:00,50.4,51,50,50.9,8228,0
2017-02-21,17:00:00,50.9,51.595,50.9,51.46,15880,0
2017-02-21,18:00:00,50.84,50.84,50.83,50.83,200,0
2017-02-21,19:00:00,50.84,50.84,50.75,50.75,200,0
2017-02-21,20:00:00,50.67,50.67,50.65,50.65,300,0
2017-02-21,21:00:00,50.75,50.75,50.75,50.75,100,0
2017-02-21,22:00:00,50.77,51.01,50.77,51.01,4300,0
2017-02-22,19:00:00,50.8,50.8,50.8,50.8,100,0
2017-02-22,20:00:00,51,51.1,50.99,51.1,6200,0
2017-02-22,21:00:00,51.0403,51.0403,51.0403,51.0403,250,0
2017-02-23,16:00:00,51.1,51.33,51.1,51.1801,3200,0
2017-02-23,17:00:00,51.28,51.28,51.11,51.175,1100,0
2017-02-23,19:00:00,51.37,51.4,51.33,51.34,6704,0
2017-02-23,22:00:00,51.34,51.34,51.34,51.34,100,0
2017-02-27,20:00:00,51.58,51.58,51.58,51.58,200,0
2017-02-27,21:00:00,51.53,51.53,51.53,51.53,250,0
2017-02-28,16:00:00,52.75,52.75,51.4,51.4,1000,0
2017-02-28,17:00:00,51.49,51.49,51.49,51.49,2000,0
2017-02-28,19:00:00,51.05,51.05,51.05,51.05,400,0
2017-02-28,22:00:00,51.6,51.6,51.6,51.6,200,0
2017-03-01,16:00:00,53.72,54.14,53.72,54.14,1178,0
2017-03-01,17:00:00,54.8,54.8,54.6101,54.6101,300,0
2017-03-01,18:00:00,54.4,54.4,54.1,54.1,3834,0
2017-03-01,19:00:00,54.15,54.15,54.15,54.15,300,0
2017-03-01,20:00:00,54.09,54.25,54.09,54.25,800,0
2017-03-01,21:00:00,54.57,54.57,54.57,54.57,100,0
2017-03-02,16:00:00,53.7,53.88,53.49,53.65,2355,0
2017-03-02,18:00:00,52.85,52.85,52.81,52.85,1820,0
2017-03-03,16:00:00,51.52,51.5489,51.52,51.5489,300,0
2017-03-03,17:00:00,51.43,51.84,51.43,51.55,1100,0
2017-03-03,18:00:00,51.7,51.7,51.7,51.7,100,0
2017-03-03,20:00:00,52.13,52.13,52.13,52.13,132,0
2017-03-06,17:00:00,51.09,51.09,51.09,51.09,100,0
2017-03-06,18:00:00,50.98,50.98,50.98,50.98,200,0
2017-03-06,20:00:00,51.18,51.18,51.18,51.18,100,0
2017-03-06,21:00:00,51.07,51.07,51.07,51.07,200,0
2017-03-07,20:00:00,51,51,51,51,400,0
2017-03-08,16:00:00,52.12,52.12,52.12,52.12,100,0
2017-03-10,18:00:00,50.11,50.1525,50.11,50.1525,200,0
2017-03-10,19:00:00,50.22,50.3,50.22,50.3,2000,0
2017-03-13,18:00:00,49.95,49.95,49.95,49.95,100,0
2017-03-13,21:00:00,50,50,49.95,49.95,700,0
2017-03-14,16:00:00,49.07,49.2611,48.8955,48.8955,2300,0
2017-03-15,15:00:00,48.9,49.53,48.5,48.5,3838,0
2017-03-15,18:00:00,48.51,48.51,48.5,48.5,2900,0
2017-03-16,16:00:00,48.5,48.66,48.5,48.66,3102,0
2017-03-16,17:00:00,48.26,48.26,48.2069,48.2069,400,0
2017-03-16,19:00:00,48.3,48.3,48.3,48.3,300,0
2017-03-17,16:00:00,47.65,47.65,47.65,47.65,100,0
2017-03-17,21:00:00,46.48,46.5,46.48,46.5,400,0
2017-03-20,15:00:00,47.65,47.65,47.65,47.65,100,0
2017-03-20,16:00:00,45.85,46.22,45.85,46.22,704,0
2017-03-20,18:00:00,45.54,45.54,45.54,45.54,240,0
2017-03-20,19:00:00,45.5028,45.5028,45.5028,45.5028,250,0
2017-03-20,20:00:00,45.24,45.24,45.24,45.24,200,0
2017-03-21,15:00:00,44.26,44.4,44.07,44.1,1065,0
2017-03-21,16:00:00,43.7,43.7,43.5,43.5,400,0
2017-03-21,17:00:00,43.1768,43.43,42.96,42.96,2825,0
2017-03-21,18:00:00,42.25,42.25,42.25,42.25,139,0
2017-03-21,19:00:00,41.7616,41.8,41.7616,41.7989,1100,0
2017-03-21,21:00:00,42,42,42,42,2250,0
2017-03-22,15:00:00,41.02,41.02,40.41,40.41,379,0
2017-03-22,16:00:00,42.1,42.1,42.1,42.1,1500,0
2017-03-22,20:00:00,41.75,41.75,41.75,41.75,2700,0
2017-03-22,21:00:00,41.88,41.88,41.88,41.88,500,0
2017-03-23,17:00:00,42.86,42.86,42.7296,42.7296,8050,0
2017-03-24,15:00:00,41.95,41.95,41.95,41.95,100,0
2017-03-24,16:00:00,41.74,41.7408,41.74,41.7408,600,0
2017-03-24,20:00:00,41.9,41.92,41.9,41.91,12100,0
2017-03-24,21:00:00,41.67,41.7,41.66,41.7,500,0
2017-03-27,16:00:00,41.29,41.29,41.29,41.29,100,0
2017-03-27,17:00:00,40.35,40.75,40.35,40.56,3868,0
2017-03-27,18:00:00,40.75,40.75,40.75,40.75,5000,0
2017-03-27,21:00:00,40.6,40.6,40.25,40.25,2500,0
2017-03-27,22:00:00,40.32,40.32,40.32,40.32,2901,0
2017-03-28,17:00:00,41.17,41.99,41.17,41.99,290,0
2017-03-28,22:00:00,42.6199,42.6199,42.6199,42.6199,100,0
2017-03-29,16:00:00,42.83,42.83,42.5,42.5,300,0
2017-03-29,17:00:00,43.01,43.01,43.01,43.01,500,0
2017-03-29,18:00:00,43,43,43,43,1000,0
2017-03-29,19:00:00,43,43,43,43,200,0
2017-03-30,17:00:00,43.85,43.85,43.85,43.85,100,0
2017-03-30,18:00:00,44.75,44.75,44.75,44.75,200,0
2017-03-30,21:00:00,45.44,45.44,45.44,45.44,100,0
2017-03-31,16:00:00,44.69,45.0247,44.69,45.0247,200,0
2017-03-31,21:00:00,44.73,44.73,44.73,44.73,200,0
2017-03-31,22:00:00,44.87,44.87,44.72,44.8,500,0
2017-04-03,16:00:00,44.64,44.64,44.64,44.64,100,0
2017-04-04,16:00:00,43.78,43.78,43.2,43.2,400,0
2017-04-04,18:00:00,44.08,44.08,43.6,43.92,3300,0
2017-04-04,19:00:00,43.6,43.6,43.44,43.44,300,0
2017-04-04,20:00:00,43.49,43.49,43.49,43.49,100,0
2017-04-04,21:00:00,43.5818,43.665,43.5818,43.64,800,0
2017-04-04,22:00:00,43.45,43.45,43.45,43.45,800,0
2017-04-05,16:00:00,44.39,44.39,44.39,44.39,100,0
2017-04-05,18:00:00,43.8,43.8,43.8,43.8,100,0
2017-04-05,21:00:00,43.8,43.83,43.8,43.83,4008,0
2017-04-06,16:00:00,42.67,42.67,42.67,42.67,100,0
2017-04-06,17:00:00,41.845,41.845,41.845,41.845,100,0
2017-04-06,18:00:00,42.25,42.25,42.25,42.25,1000,0
2017-04-06,22:00:00,41.9625,42.19,41.9625,42.19,1134,0
2017-04-07,16:00:00,41.31,41.47,41.31,41.47,1100,0
2017-04-07,17:00:00,41.34,41.761,41.34,41.7,850,0
2017-04-07,20:00:00,41.9,42.19,41.9,42.11,15765,0
2017-04-07,21:00:00,42.2,42.29,42.15,42.15,6500,0
2017-04-10,18:00:00,41.2,41.27,41.2,41.27,200,0
2017-04-10,20:00:00,41.25,41.25,41.25,41.25,6200,0
2017-04-10,21:00:00,41.06,41.06,41.06,41.06,100,0
2017-04-10,22:00:00,40.73,40.73,40.73,40.73,100,0
2017-04-11,16:00:00,39.88,39.88,39.88,39.88,100,0
2017-04-12,16:00:00,40.73,40.73,40.73,40.73,100,0
2017-04-12,17:00:00,41.0508,41.0508,41.0508,41.0508,150,0
2017-04-12,19:00:00,40.61,40.61,40.61,40.61,100,0
2017-04-13,19:00:00,39.76,39.76,39.76,39.76,100,0
2017-04-13,20:00:00,39.2483,39.2483,39.2483,39.2483,300,0
2017-04-13,21:00:00,39.32,39.32,39.32,39.32,100,0
2017-04-17,16:00:00,38.73,38.73,38.5,38.5,500,0
2017-04-17,18:00:00,39.34,39.34,39.34,39.34,200,0
2017-04-17,22:00:00,40.53,40.53,40.53,40.53,100,0
2017-04-18,17:00:00,40.85,40.85,40.55,40.55,3100,0
2017-04-18,19:00:00,39.65,39.65,39.65,39.65,100,0
2017-04-19,16:00:00,40.47,40.47,40.47,40.47,100,0
2017-04-19,18:00:00,40.33,40.4371,40.33,40.4371,1100,0
2017-04-19,19:00:00,40.25,40.25,40.25,40.25,500,0
2017-04-20,16:00:00,41.05,41.05,41.05,41.05,100,0
2017-04-20,20:00:00,41.81,41.88,41.81,41.88,300,0
2017-04-21,20:00:00,41.07,41.07,41.07,41.07,100,0
2017-04-24,16:00:00,41.88,42.8303,41.88,42.8303,500,0
2017-04-24,17:00:00,42.99,43,42.99,43,300,0
2017-04-24,18:00:00,42.37,42.37,42.37,42.37,400,0
2017-04-25,16:00:00,43.19,43.65,43.19,43.65,220,0
2017-04-25,17:00:00,43.57,43.57,43.57,43.57,100,0
2017-04-25,20:00:00,43.7625,43.7625,43.7625,43.7625,100,0
2017-04-25,22:00:00,43.58,43.58,43.58,43.58,500,0
2017-04-26,16:00:00,41.16,42.09,41,41.16,2100,0
2017-04-26,17:00:00,40.53,40.56,40.46,40.56,1825,0
2017-04-26,18:00:00,40.44,40.44,40.44,40.44,500,0
2017-04-26,19:00:00,41.39,41.51,41.31,41.51,5525,0
2017-04-26,20:00:00,42.19,42.19,42.19,42.19,429,0
2017-04-26,21:00:00,42.1,42.1,42.1,42.1,500,0
2017-04-27,16:00:00,41.26,41.26,41.26,41.26,100,0
2017-04-27,17:00:00,41.49,41.49,40.68,40.68,3600,0
2017-04-27,18:00:00,40.7,40.76,40.7,40.75,2550,0
2017-04-27,21:00:00,40.7,40.7,40.7,40.7,2900,0
2017-04-27,22:00:00,40.68,40.68,40.3,40.3,200,0
2017-04-28,16:00:00,39.5,39.8,39.3372,39.8,1153,0
2017-04-28,17:00:00,39.38,39.38,39.38,39.38,100,0
2017-05-01,17:00:00,38.95,38.95,38.95,38.95,100,0
2017-05-01,19:00:00,39.56,39.57,39.46,39.46,5100,0
2017-05-02,18:00:00,39.87,39.87,39.87,39.87,100,0
2017-05-02,19:00:00,39.94,39.94,39.94,39.94,100,0
2017-05-02,20:00:00,40.25,40.25,40.25,40.25,2000,0
2017-05-02,21:00:00,40.31,40.31,40.31,40.31,1500,0
2017-05-03,17:00:00,40.7,40.7,40.64,40.64,2000,0
2017-05-03,21:00:00,40.36,40.36,40.36,40.36,500,0
2017-05-03,22:00:00,40.45,40.46,40.45,40.46,1300,0
2017-05-04,16:00:00,41.04,41.13,41.04,41.13,3700,0
2017-05-04,17:00:00,40.55,40.55,40.55,40.55,200,0
2017-05-04,18:00:00,40.94,40.96,40.89,40.96,1100,0
2017-05-04,21:00:00,40.45,40.45,40.45,40.45,200,0
2017-05-05,17:00:00,40.53,40.572,40.53,40.572,300,0
2017-05-08,16:00:00,39.96,39.96,39.96,39.96,100,0
2017-05-08,18:00:00,39.9301,39.9301,39.9301,39.9301,100,0
2017-05-08,21:00:00,40.0282,40.0282,40.0282,40.0282,100,0
2017-05-08,22:00:00,40,40,40,40,100,0
2017-05-09,16:00:00,39.96,39.96,39.96,39.96,100,0
2017-05-09,18:00:00,40.41,40.41,40.41,40.41,1800,0
2017-05-09,19:00:00,40.65,40.66,40.65,40.66,2800,0
2017-05-10,16:00:00,39.85,39.85,39.85,39.85,100,0
2017-05-11,16:00:00,39.07,39.07,39.07,39.07,100,0
2017-05-11,18:00:00,38.8,38.8,38.8,38.8,100,0
2017-05-12,16:00:00,38.28,38.28,38.28,38.28,100,0
2017-05-15,17:00:00,39.07,39.07,39.07,39.07,200,0
2017-05-15,21:00:00,39.75,39.75,39.75,39.75,6017,0
2017-05-15,22:00:00,39.75,39.75,39.54,39.54,3971,0
2017-05-16,17:00:00,39.5,39.5,39.5,39.5,3306,0
2017-05-16,20:00:00,40.0428,40.0428,40.0428,40.0428,100,0
2017-05-16,21:00:00,39.65,39.65,39.65,39.65,100,0
2017-05-16,22:00:00,39.59,39.59,39.59,39.59,100,0
2017-05-17,16:00:00,38.74,38.74,38.74,38.74,100,0
2017-05-17,18:00:00,38.26,38.26,38.26,38.26,2747,0
2017-05-17,19:00:00,38.25,38.25,38.05,38.05,2103,0
2017-05-17,20:00:00,38.05,38.05,37.75,37.75,7417,0
2017-05-17,21:00:00,37.75,37.7505,37.75,37.75,1480,0
2017-05-17,22:00:00,37.76,37.76,37.76,37.76,600,0
2017-05-18,18:00:00,37.8,37.8,37.77,37.77,1637,0
2017-05-18,19:00:00,37.77,37.77,37.76,37.76,3718,0
2017-05-18,21:00:00,38.59,39.56,38.59,39.31,10300,0
2017-05-18,22:00:00,38.07,38.07,38.07,38.07,2114,0
2017-05-19,16:00:00,38.21,39,38.21,39,2086,0
2017-05-19,17:00:00,39,39,39,39,1000,0
2017-05-19,21:00:00,39.47,39.47,39.47,39.47,200,0
2017-05-22,17:00:00,38.68,38.68,38.5,38.5,2100,0
2017-05-23,17:00:00,38.02,38.44,38,38.44,2299,0
2017-05-23,18:00:00,38.75,38.79,38.75,38.79,400,0
2017-05-23,19:00:00,39.07,39.1,39.07,39.1,300,0
2017-05-23,21:00:00,39.22,39.23,39.22,39.23,299,0
2017-05-23,22:00:00,39,39,39,39,600,0
2017-05-24,16:00:00,38.82,38.82,38.82,38.82,600,0
2017-05-24,18:00:00,38.86,38.86,38.86,38.86,200,0
2017-05-24,19:00:00,38.78,38.88,38.78,38.88,1400,0
2017-05-24,20:00:00,38.8,38.8,38.8,38.8,1900,0
2017-05-24,21:00:00,38.8,38.8,38.8,38.8,1800,0
2017-05-25,16:00:00,38.54,38.79,38.54,38.79,300,0
2017-05-25,17:00:00,38.85,38.99,38.85,38.99,300,0
2017-05-25,19:00:00,38.27,38.27,38.27,38.27,200,0
2017-05-25,21:00:00,38.3,38.3,38.3,38.3,300,0
2017-05-25,22:00:00,38.3,38.31,38.3,38.31,1800,0
2017-05-26,16:00:00,38.14,38.4,38.14,38.4,300,0
2017-05-26,17:00:00,38.23,38.23,38.23,38.23,200,0
2017-05-26,18:00:00,38.41,38.41,38.41,38.41,100,0
2017-05-26,19:00:00,38.48,38.48,38.48,38.48,200,0
2017-05-26,20:00:00,38.48,38.48,38.48,38.48,200,0
2017-05-30,16:00:00,38.12,38.14,38.12,38.14,400,0
2017-05-30,17:00:00,38,38,37.71,37.71,5525,0
2017-05-30,18:00:00,37.74,37.74,37.74,37.74,100,0
2017-05-30,21:00:00,37.53,37.53,37.53,37.53,200,0
2017-05-30,22:00:00,37.3,37.3,37.3,37.3,100,0
2017-05-31,16:00:00,36.15,36.15,35.75,35.75,3150,0
2017-05-31,17:00:00,35.5,35.67,35.5,35.67,4663,0
2017-05-31,18:00:00,35.7,35.7,35.7,35.7,200,0
2017-05-31,20:00:00,35.89,35.89,35.87,35.89,2218,0
2017-05-31,22:00:00,35.97,37.92,35.97,36.97,1559,0
2017-06-01,17:00:00,36.47,36.47,36.47,36.47,200,0
2017-06-01,19:00:00,36.66,36.66,36.66,36.66,200,0
2017-06-01,20:00:00,36.47,36.47,36.47,36.47,200,0
2017-06-02,17:00:00,36.49,36.49,36.49,36.49,200,0
2017-06-05,18:00:00,37.28,37.28,37.28,37.28,200,0
2017-06-05,20:00:00,36.9,36.9,36.83,36.83,200,0
2017-06-06,21:00:00,36.9,36.9,36.9,36.9,200,0
2017-06-07,16:00:00,37.62,37.64,37.62,37.64,500,0
2017-06-07,20:00:00,38.2213,38.2213,38.2213,38.2213,150,0
2017-06-07,22:00:00,38.13,38.13,38.07,38.07,500,0
2017-06-08,16:00:00,38.45,38.47,38.45,38.47,300,0
2017-06-08,18:00:00,38.73,38.81,38.73,38.81,500,0
2017-06-08,20:00:00,38.66,38.66,38.66,38.66,1000,0
2017-06-09,21:00:00,38.73,38.7399,38.73,38.7399,400,0
2017-06-09,22:00:00,38.6,38.6,38.6,38.6,300,0
2017-06-12,16:00:00,39.15,39.25,39.15,39.25,3300,0
2017-06-12,17:00:00,39.15,39.15,39.15,39.15,1000,0
2017-06-13,17:00:00,39.25,39.25,39.25,39.25,2709,0
2017-06-13,18:00:00,39.25,39.25,39.25,39.25,900,0
2017-06-14,16:00:00,38.47,38.47,38.47,38.47,100,0
2017-06-14,18:00:00,37.93,37.93,37.93,37.93,100,0
2017-06-14,21:00:00,38.11,38.11,38.11,38.11,100,0
2017-06-15,16:00:00,38.89,38.89,38.89,38.89,100,0
2017-06-15,17:00:00,38.76,39.67,38.76,39.67,800,0
2017-06-16,16:00:00,39.54,39.54,39.54,39.54,100,0
2017-06-19,16:00:00,40.32,40.32,40.32,40.32,100,0
2017-06-20,17:00:00,39.8,39.8,39.8,39.8,200,0
2017-06-22,16:00:00,39.52,39.52,39.52,39.52,100,0
2017-06-23,16:00:00,38.74,38.74,38.74,38.74,100,0
2017-06-26,19:00:00,39,39,39,39,1000,0
2017-06-26,22:00:00,38.87,40.15,38.87,40.15,2575,0
2017-06-27,16:00:00,40.13,40.13,40.13,40.13,100,0
2017-06-27,20:00:00,40.39,40.39,40.39,40.39,300,0
2017-06-28,16:00:00,41.08,41.08,41.08,41.08,100,0
2017-06-28,17:00:00,41.33,41.33,41.33,41.33,100,0
2017-06-28,19:00:00,41.73,41.73,41.73,41.73,100,0
2017-06-28,20:00:00,41.65,41.65,41.55,41.59,1500,0
2017-06-28,21:00:00,41.33,41.3815,41.33,41.3815,1500,0
2017-06-28,22:00:00,41.39,41.75,41.37,41.4875,5700,0
2017-06-29,16:00:00,40.31,40.7902,40.26,40.7902,1200,0
2017-06-29,17:00:00,40.4,40.6428,40.4,40.49,3500,0
2017-06-29,18:00:00,39.24,39.24,39.24,39.24,300,0
2017-06-29,19:00:00,39.31,39.4011,39.31,39.4011,500,0
2017-06-29,20:00:00,39.37,39.41,39.37,39.39,800,0
2017-06-29,22:00:00,39.94,40.25,39.94,40.25,3300,0
2017-06-30,21:00:00,40.61,40.61,40.5,40.5775,900,0
2017-06-30,22:00:00,42.16,42.16,41.45,41.49,673,0
2017-07-03,16:00:00,42.17,42.2,42.17,42.2,500,0
2017-07-05,16:00:00,41.25,41.25,41.25,41.25,400,0
2017-07-05,18:00:00,41.25,41.25,41.25,41.25,500,0
2017-07-05,20:00:00,41.34,41.37,41.34,41.37,700,0
2017-07-05,22:00:00,41.16,41.17,41.12,41.12,600,0
2017-07-06,17:00:00,40.8,40.8,40.8,40.8,100,0
2017-07-06,18:00:00,41.0288,41.0288,41.0288,41.0288,150,0
2017-07-06,19:00:00,40.96,40.96,40.96,40.96,2942,0
2017-07-06,20:00:00,41.2,41.2,41.2,41.2,900,0
2017-07-06,22:00:00,41.5699,41.5699,41.5699,41.5699,200,0
2017-07-07,18:00:00,40.5,40.5,40.5,40.5,100,0
2017-07-07,22:00:00,40.9985,40.9985,40.79,40.82,1599,0
2017-07-11,16:00:00,41,41,39.82,39.82,675,0
2017-07-11,18:00:00,40,40,40,40,2730,0
2017-07-11,22:00:00,40,40,39.38,39.4135,500,0
2017-07-12,18:00:00,40.3,40.3,40.3,40.3,100,0
2017-07-12,21:00:00,40.3,40.311,40.3,40.311,200,0
2017-07-12,22:00:00,40.5,40.5,40.5,40.5,1600,0
2017-07-13,21:00:00,41.3477,41.3477,41,41,1100,0
2017-07-14,22:00:00,41.02,41.45,41.02,41.45,604,0
2017-07-18,16:00:00,39.3,40,39.3,40,3000,0
2017-07-18,17:00:00,39.46,39.48,39.46,39.48,1100,0
2017-07-19,22:00:00,39.9,39.9,39.9,39.9,300,0
2017-07-20,17:00:00,39.45,39.45,39.45,39.45,2000,0
2017-07-21,16:00:00,43.45,45.38,39.38,45.25,3640,0
2017-07-21,17:00:00,44.51,45.17,44.17,45.17,2015,0
2017-07-21,18:00:00,45.53,46.08,45.53,45.97,1639,0
2017-07-21,19:00:00,46.12,46.1695,45.41,45.41,3600,0
2017-07-21,22:00:00,46.07,46.07,45.84,45.84,1091,0
2017-07-24,17:00:00,45.26,45.26,45.26,45.26,110,0
2017-07-24,18:00:00,44.82,44.82,44.82,44.82,100,0
2017-07-24,19:00:00,44.97,44.97,44.92,44.92,600,0
2017-07-24,20:00:00,44.86,45,44.85,45,2080,0
2017-07-25,17:00:00,45.1,45.1,45.08,45.1,2600,0
2017-07-25,18:00:00,45.1,45.65,45.1,45.65,3700,0
2017-07-26,17:00:00,45.4,45.4,45.4,45.4,500,0
2017-07-26,18:00:00,44.39,44.4053,44.38,44.4053,600,0
2017-07-26,22:00:00,44.7,44.7,44.7,44.7,300,0
2017-07-27,22:00:00,43.2,43.2,43.2,43.2,300,0
2017-07-28,17:00:00,42.95,42.95,42.95,42.95,200,0
2017-07-31,18:00:00,44.01,44.01,44.01,44.01,200,0
2017-07-31,19:00:00,44.3,44.3,44.3,44.3,200,0
2017-07-31,20:00:00,44.41,44.5,44.41,44.5,400,0
2017-07-31,22:00:00,44.3,44.3,44.3,44.3,209,0
2017-08-01,19:00:00,44.75,44.75,44.75,44.75,100,0
2017-08-02,19:00:00,43.58,43.58,43.58,43.58,200,0
2017-08-02,20:00:00,43.58,43.92,43.58,43.91,9983,0
2017-08-03,17:00:00,43.24,43.24,43.23,43.23,2000,0
2017-08-03,18:00:00,43.22,43.22,43.2,43.22,2500,0
2017-08-03,19:00:00,42.9247,43,42.9247,43,400,0
2017-08-03,20:00:00,42.97,43,42.94,42.95,5500,0
2017-08-03,22:00:00,43,43.1,43,43.1,400,0
2017-08-04,18:00:00,43.67,43.98,43.67,43.98,1400,0
2017-08-04,19:00:00,43.44,43.44,43.37,43.37,1500,0
2017-08-04,22:00:00,42.72,42.72,42.7,42.7,200,0
2017-08-07,17:00:00,43.05,43.05,43.05,43.05,300,0
2017-08-07,18:00:00,43.05,43.05,43.05,43.05,100,0
2017-08-07,19:00:00,43.25,43.4,43.25,43.4,400,0
2017-08-07,21:00:00,43.42,43.42,43.42,43.42,2000,0
2017-08-07,22:00:00,43.552,43.552,43.552,43.552,249,0
2017-08-08,17:00:00,43.75,44.55,43.75,44.55,700,0
2017-08-08,18:00:00,45.05,45.5,45.05,45.37,800,0
2017-08-08,21:00:00,44.3382,44.3382,44.3382,44.3382,365,0
2017-08-09,17:00:00,43.5,43.5,43.5,43.5,300,0
2017-08-10,16:00:00,42.3,42.3,42.3,42.3,300,0
2017-08-10,22:00:00,41.83,42,41.83,42,500,0
2017-08-14,17:00:00,42.51,42.51,42.51,42.51,200,0
2017-08-14,18:00:00,42.71,43,42.71,43,400,0
2017-08-15,18:00:00,42.13,42.13,42.13,42.13,200,0
2017-08-15,21:00:00,42.52,42.86,42.52,42.86,600,0
2017-08-16,17:00:00,43.05,43.05,43.05,43.05,100,0
2017-08-16,21:00:00,42.12,42.12,42.12,42.12,424,0
2017-08-17,16:00:00,43.26,43.29,43.26,43.29,700,0
2017-08-17,18:00:00,41.52,41.52,41.52,41.52,260,0
2017-08-17,20:00:00,40.95,40.95,40.82,40.82,500,0
2017-08-17,22:00:00,40.98,41,40.86,40.86,400,0
2017-08-18,17:00:00,40.35,40.35,40.35,40.35,500,0
2017-08-18,18:00:00,40.55,40.55,40.55,40.55,200,0
2017-08-21,19:00:00,40.08,40.08,40.08,40.08,100,0
2017-08-21,22:00:00,39.95,39.95,39.95,39.95,300,0
2017-08-22,17:00:00,39.9,39.9,39.9,39.9,3000,0
2017-08-22,22:00:00,39.9,39.9,39.9,39.9,100,0
2017-08-23,16:00:00,39.44,39.44,39.44,39.44,200,0
2017-08-23,17:00:00,39.86,40.3,39.86,40.3,820,0
2017-08-23,18:00:00,40.4,40.4,40.4,40.4,200,0
2017-08-25,16:00:00,40.59,40.6,40.59,40.6,300,0
2017-08-25,22:00:00,39.88,39.88,39.88,39.88,700,0
2017-08-28,17:00:00,39.16,39.16,39.09,39.09,700,0
2017-08-28,18:00:00,39.28,39.28,39.25,39.25,400,0
2017-08-28,21:00:00,39.05,39.05,39.05,39.05,100,0
2017-08-29,16:00:00,37.93,37.93,37.93,37.93,900,0
2017-08-29,17:00:00,37.76,37.76,37.65,37.65,500,0
2017-08-29,22:00:00,38.35,38.35,38.35,38.35,300,0
2017-08-30,21:00:00,38.97,38.97,38.97,38.97,1053,0
2017-08-31,22:00:00,38.35,38.35,37.54,37.54,435,0
2017-09-05,18:00:00,37.33,37.33,37.3,37.3,3500,0
2017-09-05,20:00:00,36.69,36.69,36.69,36.69,1000,0
2017-09-05,21:00:00,36.92,36.92,36.92,36.92,1300,0
2017-09-05,22:00:00,37,37,36.87,36.8854,1598,0
2017-09-06,16:00:00,37.13,37.53,37.13,37.53,1980,0
2017-09-06,18:00:00,37.62,37.62,37.62,37.62,1000,0
2017-09-06,20:00:00,37.75,37.75,37.68,37.68,1400,0
2017-09-06,22:00:00,37.9099,37.9099,37.9099,37.9099,150,0
2017-09-07,22:00:00,36.8199,36.8199,36.8199,36.8199,200,0
2017-09-08,18:00:00,36.3,36.3,36.19,36.19,3200,0
2017-09-08,21:00:00,36.744,36.75,36.744,36.75,570,0
2017-09-11,16:00:00,36.65,36.65,36.65,36.65,200,0
2017-09-13,22:00:00,38.2,38.2,38.2,38.2,300,0
2017-09-14,18:00:00,37.16,37.16,37.16,37.16,128,0
2017-09-14,22:00:00,37,37,37,37,100,0
2017-09-15,16:00:00,37,38.15,37,38.15,900,0
2017-09-15,18:00:00,37.95,37.95,37.95,37.95,100,0
2017-09-15,19:00:00,37.9,37.9,37.9,37.9,300,0
2017-09-15,22:00:00,38.02,38.02,38.02,38.02,250,0
2017-09-19,16:00:00,38.79,38.79,38.79,38.79,265,0
2017-09-19,17:00:00,39.03,39.03,39,39,2000,0
2017-09-19,22:00:00,39.15,39.15,39.15,39.15,300,0
2017-09-20,18:00:00,39.64,39.6574,39.582,39.6574,2500,0
2017-09-20,19:00:00,39.69,39.69,39.69,39.69,1000,0
2017-09-20,20:00:00,39.74,40.01,39.74,40.01,1437,0
2017-09-20,21:00:00,40.15,40.15,40.15,40.15,100,0
2017-09-20,22:00:00,39.9976,39.9976,39.9976,39.9976,500,0
2017-09-22,22:00:00,39.8,40.02,39.8,40.02,2300,0
2017-09-25,18:00:00,40.04,40.04,40.04,40.04,500,0
2017-09-26,22:00:00,41.02,41.02,41.02,41.02,300,0
2017-09-27,17:00:00,42,42,42,42,500,0
2017-09-27,20:00:00,42,42.37,42,42.37,2681,0
2017-09-27,22:00:00,42.02,42.02,42.02,42.02,300,0
2017-09-29,20:00:00,43.23,43.23,43.23,43.23,250,0
2017-09-29,22:00:00,42.63,42.63,42.63,42.63,149,0
2017-10-02,18:00:00,43.5,43.53,43.5,43.53,700,0
2017-10-02,22:00:00,43.53,43.74,43.53,43.74,600,0
2017-10-03,17:00:00,43.78,43.78,43.78,43.78,907,0
2017-10-03,22:00:00,44.21,44.21,44.21,44.21,300,0
2017-10-04,16:00:00,44.01,44.01,44.01,44.01,200,0
2017-10-04,17:00:00,44.23,44.23,44.23,44.23,500,0
2017-10-04,20:00:00,44.57,44.57,44.57,44.57,100,0
2017-10-05,20:00:00,45.4319,45.4319,45.4319,45.4319,500,0
2017-10-06,22:00:00,45.15,45.15,45.15,45.15,300,0
2017-10-09,18:00:00,45.19,45.19,45.19,45.19,270,0
2017-10-10,17:00:00,45.46,45.651,45.46,45.651,200,0
2017-10-12,21:00:00,42.61,42.67,42.5896,42.67,1600,0
2017-10-12,22:00:00,43,43,43,43,600,0
2017-10-13,17:00:00,43.54,43.54,43.54,43.54,850,0
2017-10-13,19:00:00,43.6,43.6001,43.6,43.6001,964,0
2017-10-16,17:00:00,44.16,44.16,44.16,44.16,1100,0
2017-10-16,21:00:00,44.48,44.5,44.48,44.5,200,0
2017-10-16,22:00:00,44.6,44.6,44.6,44.6,300,0
2017-10-17,22:00:00,44.09,44.09,44.09,44.09,100,0
2017-10-19,21:00:00,45.25,45.4925,45.25,45.4925,2400,0
2017-10-19,22:00:00,45.36,45.36,45.36,45.36,350,0
2017-10-20,16:00:00,47.05,47.48,47.025,47.025,1500,0
2017-10-20,17:00:00,47.23,47.23,47.2,47.21,1397,0
2017-10-20,20:00:00,47.36,47.36,47.36,47.36,200,0
2017-10-20,21:00:00,47.5,47.935,47.5,47.935,1503,0
2017-10-20,22:00:00,47.935,47.94,47.63,47.643,2000,0
2017-10-23,16:00:00,48.2,48.2,48.2,48.2,100,0
2017-10-23,22:00:00,47.81,47.85,47.81,47.85,300,0
2017-10-24,22:00:00,47.8,47.8,47.8,47.8,400,0
2017-10-25,17:00:00,48.507,48.507,48.507,48.507,135,0
2017-10-25,18:00:00,48.09,48.29,48.09,48.29,2500,0
2017-10-25,22:00:00,48.93,49.05,48.93,49.05,800,0
2017-10-26,17:00:00,49.8,49.8,49.8,49.8,600,0
2017-10-26,18:00:00,49.8,49.8,49.8,49.8,100,0
2017-10-26,21:00:00,50,50,49.99,49.99,200,0
2017-10-26,22:00:00,50.36,51.22,50.36,50.66,3075,0
2017-10-27,20:00:00,50.66,50.8719,50.66,50.8719,500,0
2017-10-30,16:00:00,50.9,51.31,50.9,51.27,5200,0
2017-10-30,18:00:00,50.9299,50.9299,50.9299,50.9299,128,0
2017-10-30,19:00:00,50.81,50.81,50.81,50.81,200,0
2017-10-30,21:00:00,50.52,50.52,50.5099,50.5099,200,0
2017-10-31,15:00:00,50.75,50.81,50.75,50.8,4170,0
2017-10-31,16:00:00,50.8,50.8,50.8,50.8,510,0
2017-10-31,19:00:00,50.6199,50.67,50.6199,50.67,268,0
2017-10-31,21:00:00,50.25,50.82,50.16,50.82,5866,0
2017-11-01,17:00:00,50,50,50,50,200,0
2017-11-01,18:00:00,49.978,49.978,49.748,49.748,800,0
2017-11-01,21:00:00,49.97,49.98,49.97,49.98,600,0
2017-11-02,16:00:00,49.68,49.68,49.68,49.68,200,0
2017-11-02,18:00:00,50.59,50.59,50.44,50.44,300,0
2017-11-02,21:00:00,50.364,50.364,50.364,50.364,250,0
2017-11-03,17:00:00,50,50,50,50,500,0
2017-11-06,19:00:00,49.3786,49.3786,49.28,49.28,200,0
2017-11-06,22:00:00,50.25,50.25,50.25,50.25,100,0
2017-11-07,17:00:00,50.08,50.08,50.08,50.08,150,0
2017-11-07,21:00:00,48.4,48.4001,48.4,48.4001,1000,0
2017-11-07,22:00:00,48.4,48.4,48.4,48.4,100,0
2017-11-08,18:00:00,46.83,46.9521,46.79,46.79,700,0
2017-11-08,22:00:00,46.8,46.8452,46.8,46.8452,1254,0
2017-11-09,19:00:00,45,45,45,45,100,0
2017-11-09,21:00:00,45.77,45.8616,45.77,45.8616,600,0
2017-11-10,22:00:00,45.5,45.5,45.5,45.5,800,0
2017-11-14,18:00:00,44.1318,44.1318,44.1318,44.1318,600,0
2017-11-14,19:00:00,44.0918,44.0918,44.07,44.07,300,0
2017-11-14,22:00:00,44.35,44.35,44.35,44.35,300,0
2017-11-15,17:00:00,44.4,44.81,44.4,44.81,800,0
2017-11-15,21:00:00,45.89,45.89,45.89,45.89,100,0
2017-11-15,22:00:00,46,46.02,46,46.02,400,0
2017-11-27,17:00:00,45.04,45.04,45.04,45.04,406,0
2017-11-27,19:00:00,44.7842,44.7842,44.7842,44.7842,800,0
2017-11-27,21:00:00,45.12,45.2611,45.12,45.2611,200,0
2017-11-28,18:00:00,45.84,45.84,45.84,45.84,1300,0
2017-11-28,20:00:00,46.74,46.74,46.74,46.74,1000,0
2017-11-28,22:00:00,47.49,47.7,47.49,47.7,400,0
2017-11-29,16:00:00,48,50.6138,48,50.6138,1542,0
2017-11-29,22:00:00,49.05,49.05,49.02,49.02,700,0
2017-11-30,17:00:00,50.15,50.15,50.15,50.15,5000,0
2017-11-30,18:00:00,50.15,50.56,50.15,50.43,15423,0
2017-11-30,19:00:00,50.88,50.94,50.84,50.84,2100,0
2017-11-30,20:00:00,51.23,51.23,51.23,51.23,500,0
2017-12-01,18:00:00,49.39,49.39,49.39,49.39,100,0
2017-12-01,20:00:00,50.2,50.2,50.2,50.2,300,0
2017-12-04,17:00:00,53.43,53.43,53.4,53.4,700,0
2017-12-04,18:00:00,53.65,53.65,53.65,53.65,600,0
2017-12-04,19:00:00,54,54.02,54,54.02,1000,0
2017-12-05,16:00:00,52.88,52.88,52.88,52.88,100,0
2017-12-05,18:00:00,53.39,53.4827,53.39,53.4827,600,0
2017-12-05,20:00:00,53.3,53.3,53.3,53.3,100,0
2017-12-05,22:00:00,52.05,52.0901,52.05,52.0901,2000,0
2017-12-06,17:00:00,51.5,51.563,51.5,51.5,2500,0
