Date,Time,Open,High,Low,Close,Volume,OpenInt
2017-05-09,16:00:00,2.25,2.25,2.25,2.25,410,0
2017-05-09,17:00:00,2.27,2.3,2.2,2.25,17317,0
2017-05-09,18:00:00,2.23,2.26,2.1,2.26,18897,0
2017-05-09,19:00:00,2.23,2.23,2.2,2.2001,662,0
2017-05-09,20:00:00,2.18,2.19,2.11,2.135,4913,0
2017-05-09,21:00:00,2.12,2.25,2.11,2.11,4621,0
2017-05-09,22:00:00,2.18,2.29,2.18,2.29,7200,0
2017-05-10,16:00:00,2.3,2.3,2.1318,2.1318,1696,0
2017-05-10,17:00:00,2.17,2.29,2.17,2.23,2365,0
2017-05-10,18:00:00,2.2148,2.2291,2.2148,2.2291,1200,0
2017-05-10,19:00:00,2.19,2.1901,2.15,2.181,1650,0
2017-05-10,20:00:00,2.22,2.3,2.209,2.3,35892,0
2017-05-10,21:00:00,2.22,2.3,2.2,2.2712,7586,0
2017-05-10,22:00:00,2.3,2.3,2.26,2.27,31513,0
2017-05-11,16:00:00,2.1,2.34,2.1,2.25,4900,0
2017-05-11,17:00:00,2.3,2.3333,2.11,2.25,2101,0
2017-05-11,18:00:00,2.2407,2.2407,2.14,2.15,1215,0
2017-05-11,19:00:00,2.2146,2.29,2.18,2.29,2400,0
2017-05-11,20:00:00,2.3,2.3,2.27,2.27,1200,0
2017-05-11,21:00:00,2.3,2.33,2.3,2.33,7733,0
2017-05-11,22:00:00,2.31,2.38,2.31,2.38,16295,0
2017-05-12,16:00:00,2.37,2.4,2.37,2.38,5894,0
2017-05-12,17:00:00,2.39,2.4,2.31,2.4,5500,0
2017-05-12,18:00:00,2.3999,2.4,2.3061,2.4,2910,0
2017-05-12,19:00:00,2.3536,2.4,2.3536,2.4,8700,0
2017-05-12,20:00:00,2.4,2.4,2.375,2.375,300,0
2017-05-12,21:00:00,2.37,2.37,2.37,2.37,300,0
2017-05-12,22:00:00,2.3748,2.4,2.31,2.36,6256,0
2017-05-15,16:00:00,2.4465,2.45,2.4176,2.4498,2080,0
2017-05-15,17:00:00,2.3975,2.44,2.31,2.37,3975,0
2017-05-15,18:00:00,2.38,2.41,2.34,2.41,3492,0
2017-05-15,19:00:00,2.4283,2.4283,2.32,2.32,2700,0
2017-05-15,20:00:00,2.4176,2.4176,2.4176,2.4176,100,0
2017-05-15,21:00:00,2.37,2.41,2.32,2.41,7700,0
2017-05-15,22:00:00,2.3924,2.41,2.34,2.4,10800,0
2017-05-16,16:00:00,2.44,2.44,2.3383,2.35,3818,0
2017-05-16,17:00:00,2.35,2.45,2.3,2.4272,8800,0
2017-05-16,18:00:00,2.4331,2.4331,2.3436,2.38,1449,0
2017-05-16,19:00:00,2.398,2.398,2.376,2.39,2300,0
2017-05-16,20:00:00,2.38,2.41,2.35,2.41,1800,0
2017-05-16,21:00:00,2.42,2.42,2.42,2.42,100,0
2017-05-16,22:00:00,2.44,2.44,2.39,2.43,4744,0
2017-05-17,19:00:00,2.4299,2.45,2.39,2.42,6803,0
2017-05-17,20:00:00,2.4154,2.4154,2.3714,2.39,1500,0
2017-05-17,21:00:00,2.39,2.39,2.3816,2.3816,303,0
2017-05-17,22:00:00,2.39,2.4374,2.25,2.31,18403,0
2017-05-18,17:00:00,2.42,2.42,2.24,2.34,5612,0
2017-05-18,18:00:00,2.3,2.41,2.26,2.31,18795,0
2017-05-18,19:00:00,2.27,2.32,2.25,2.28,1791,0
2017-05-18,20:00:00,2.29,2.29,2.2408,2.2408,2176,0
2017-05-18,21:00:00,2.29,2.29,2.23,2.27,2500,0
2017-05-18,22:00:00,2.2332,2.42,2.22,2.42,2002,0
2017-05-19,16:00:00,2.32,2.43,2.32,2.39,500,0
2017-05-19,17:00:00,2.36,2.4,2.36,2.4,3300,0
2017-05-19,18:00:00,2.3594,2.3594,2.3053,2.3053,1700,0
2017-05-19,19:00:00,2.3,2.43,2.3,2.43,20995,0
2017-05-19,20:00:00,2.41,2.41,2.41,2.41,100,0
2017-05-19,22:00:00,2.355,2.39,2.24,2.39,1421,0
2017-05-22,16:00:00,2.4331,2.44,2.29,2.44,1025,0
2017-05-22,17:00:00,2.35,2.36,2.25,2.36,1940,0
2017-05-22,18:00:00,2.36,2.4175,2.35,2.4175,5400,0
2017-05-22,19:00:00,2.3701,2.43,2.3334,2.3334,1800,0
2017-05-22,21:00:00,2.3402,2.39,2.3402,2.39,600,0
2017-05-22,22:00:00,2.3842,2.3842,2.38,2.38,2300,0
2017-05-23,17:00:00,2.4376,2.4376,2.39,2.39,700,0
2017-05-23,18:00:00,2.41,2.4101,2.4,2.4,4200,0
2017-05-23,19:00:00,2.38,2.38,2.31,2.37,5247,0
2017-05-23,20:00:00,2.43,2.43,2.3298,2.3298,200,0
2017-05-23,21:00:00,2.4,2.4,2.4,2.4,100,0
2017-05-23,22:00:00,2.33,2.3492,2.28,2.32,1150,0
2017-05-24,16:00:00,2.35,2.35,2.35,2.35,120,0
2017-05-24,17:00:00,2.3293,2.3293,2.3293,2.3293,2000,0
2017-05-24,18:00:00,2.34,2.4,2.34,2.35,5100,0
2017-05-24,19:00:00,2.43,2.4399,2.4,2.4,3400,0
2017-05-24,20:00:00,2.3485,2.4,2.3485,2.4,841,0
2017-05-24,21:00:00,2.3501,2.3577,2.35,2.35,4900,0
2017-05-24,22:00:00,2.38,2.39,2.37,2.39,400,0
2017-05-25,16:00:00,2.3867,2.3867,2.3867,2.3867,200,0
2017-05-25,17:00:00,2.3,2.37,2.29,2.29,2590,0
2017-05-25,20:00:00,2.289,2.289,2.289,2.289,300,0
2017-05-25,21:00:00,2.25,2.25,2.25,2.25,154,0
2017-05-25,22:00:00,2.28,2.3,2.25,2.3,8113,0
2017-05-26,16:00:00,2.2966,2.2966,2.25,2.25,2834,0
2017-05-26,17:00:00,2.21,2.21,2.15,2.157,18893,0
2017-05-26,18:00:00,2.16,2.1799,2.157,2.1799,11072,0
2017-05-26,19:00:00,2.16,2.18,2.157,2.1767,21088,0
2017-05-26,20:00:00,2.16,2.18,2.1599,2.1599,1000,0
2017-05-26,21:00:00,2.18,2.18,2.1501,2.1779,2785,0
2017-05-26,22:00:00,2.18,2.2,2.18,2.2,3000,0
2017-05-30,16:00:00,2.2,2.2,2.2,2.2,499,0
2017-05-30,18:00:00,2.1623,2.1859,2.1,2.1,6448,0
2017-05-30,19:00:00,2.0768,2.11,2.0741,2.11,4100,0
2017-05-30,20:00:00,2.11,2.12,2.11,2.12,1800,0
2017-05-30,21:00:00,2.1199,2.12,2.1199,2.12,1000,0
2017-05-30,22:00:00,2.24,2.24,2.11,2.15,2400,0
2017-05-31,17:00:00,2.08,2.09,2.0626,2.08,5680,0
2017-05-31,19:00:00,2.13,2.2,2.13,2.2,16095,0
2017-05-31,20:00:00,2.2,2.2,2.19,2.2,10440,0
2017-05-31,21:00:00,2.24,2.24,2.1933,2.1933,500,0
2017-05-31,22:00:00,2.19,2.22,2.19,2.2,12500,0
2017-06-01,17:00:00,2.21,2.21,2.17,2.17,1800,0
2017-06-01,18:00:00,2.1533,2.1533,2.1533,2.1533,200,0
2017-06-01,19:00:00,2.17,2.19,2.163,2.19,2700,0
2017-06-01,20:00:00,2.2115,2.2115,2.2115,2.2115,900,0
2017-06-01,22:00:00,2.225,2.24,2.225,2.2259,350,0
2017-06-02,17:00:00,2.25,2.25,2.22,2.22,700,0
2017-06-02,18:00:00,2.23,2.2393,2.23,2.2393,602,0
2017-06-02,19:00:00,2.24,2.25,2.24,2.2484,1563,0
2017-06-02,20:00:00,2.24,2.25,2.2,2.2002,16374,0
2017-06-02,21:00:00,2.21,2.25,2.18,2.24,11289,0
2017-06-02,22:00:00,2.25,2.25,2.23,2.23,200,0
2017-06-05,16:00:00,2.21,2.21,2.21,2.21,157,0
2017-06-05,18:00:00,2.19,2.19,2.19,2.19,300,0
2017-06-05,19:00:00,2.17,2.17,2.17,2.17,100,0
2017-06-05,20:00:00,2.15,2.15,2.1444,2.1478,6099,0
2017-06-05,21:00:00,2.15,2.21,2.15,2.15,16643,0
2017-06-05,22:00:00,2.15,2.2,2.1499,2.16,2222,0
2017-06-06,16:00:00,2.15,2.156,2.15,2.15,16573,0
2017-06-06,17:00:00,2.14,2.1405,2.14,2.14,3150,0
2017-06-06,18:00:00,2.09,2.09,1.95,2.05,28156,0
2017-06-06,19:00:00,2.05,2.15,2.0485,2.12,10291,0
2017-06-06,20:00:00,2.12,2.15,2.11,2.11,27400,0
2017-06-06,21:00:00,2.1,2.1,2.07,2.07,11900,0
2017-06-06,22:00:00,2.0701,2.0701,2.02,2.04,5488,0
2017-06-07,16:00:00,2.06,2.06,2.06,2.06,110,0
2017-06-07,17:00:00,2.05,2.2,2.05,2.172,21295,0
2017-06-07,18:00:00,2.18,2.18,2.13,2.13,6814,0
2017-06-07,19:00:00,2.1464,2.1464,2.1464,2.1464,1485,0
2017-06-07,20:00:00,2.13,2.13,2.06,2.07,10208,0
2017-06-07,21:00:00,2.085,2.1,2.085,2.09,1500,0
2017-06-07,22:00:00,2.09,2.12,2.0811,2.1001,6910,0
2017-06-08,16:00:00,2.16,2.16,2.16,2.16,1320,0
2017-06-08,17:00:00,2.13,2.13,2.13,2.13,200,0
2017-06-08,18:00:00,2.1489,2.1489,2.1489,2.1489,287,0
2017-06-08,20:00:00,2.1132,2.1132,2.1132,2.1132,500,0
2017-06-08,21:00:00,2.1001,2.1399,2.02,2.1399,12370,0
2017-06-08,22:00:00,2.06,2.13,2,2,9348,0
2017-06-09,16:00:00,2,2,1.92,1.92,42940,0
2017-06-09,17:00:00,1.9425,1.9832,1.87,1.8924,14920,0
2017-06-09,18:00:00,1.9057,1.9671,1.88,1.9,11259,0
2017-06-09,19:00:00,1.95,1.95,1.95,1.95,300,0
2017-06-09,21:00:00,1.9336,1.9499,1.9336,1.9469,1480,0
2017-06-09,22:00:00,1.95,1.95,1.91,1.91,4090,0
2017-06-12,17:00:00,1.9,1.9,1.87,1.888,1900,0
2017-06-12,18:00:00,1.87,1.87,1.81,1.816,9559,0
2017-06-12,19:00:00,1.8271,1.9,1.8271,1.9,6708,0
2017-06-12,20:00:00,1.86,1.86,1.85,1.85,2970,0
2017-06-12,21:00:00,1.85,1.8799,1.85,1.8799,5100,0
2017-06-12,22:00:00,1.889,1.89,1.86,1.8748,5400,0
2017-06-13,16:00:00,1.86,1.87,1.8524,1.8584,13951,0
2017-06-13,17:00:00,1.87,1.87,1.8,1.81,14144,0
2017-06-13,18:00:00,1.827,1.8399,1.81,1.8399,2200,0
2017-06-13,19:00:00,1.83,1.8322,1.826,1.83,5000,0
2017-06-13,20:00:00,1.83,1.83,1.82,1.82,500,0
2017-06-13,21:00:00,1.8201,1.83,1.77,1.82,7623,0
2017-06-13,22:00:00,1.82,1.83,1.82,1.83,1701,0
2017-06-14,16:00:00,1.85,1.85,1.69,1.85,7032,0
2017-06-14,17:00:00,1.8292,1.8292,1.8,1.8,400,0
2017-06-14,18:00:00,1.79,1.8,1.79,1.79,3750,0
2017-06-14,19:00:00,1.7601,1.77,1.7532,1.76,6800,0
2017-06-14,20:00:00,1.76,1.76,1.731,1.76,2339,0
2017-06-14,21:00:00,1.76,1.76,1.7464,1.755,2197,0
2017-06-14,22:00:00,1.73,1.79,1.73,1.76,2923,0
2017-06-15,16:00:00,1.76,1.7699,1.76,1.76,13100,0
2017-06-15,17:00:00,1.76,1.76,1.73,1.76,4924,0
2017-06-15,18:00:00,1.76,1.76,1.75,1.76,1616,0
2017-06-15,19:00:00,1.75,1.75,1.75,1.75,100,0
2017-06-15,20:00:00,1.7534,1.76,1.75,1.751,3161,0
2017-06-15,21:00:00,1.76,1.77,1.73,1.77,6652,0
2017-06-15,22:00:00,1.7601,1.83,1.76,1.8,5800,0
2017-06-16,16:00:00,1.86,1.98,1.76,1.85,13573,0
2017-06-16,17:00:00,1.88,1.88,1.82,1.82,12799,0
2017-06-16,18:00:00,1.83,1.88,1.8006,1.83,2584,0
2017-06-16,19:00:00,1.8019,1.84,1.78,1.84,5675,0
2017-06-16,20:00:00,1.8396,1.8396,1.8273,1.8273,2424,0
2017-06-16,21:00:00,1.81,1.8107,1.81,1.8107,625,0
2017-06-16,22:00:00,1.8,1.8,1.8,1.8,1110,0
2017-06-19,16:00:00,1.79,1.8,1.79,1.8,1600,0
2017-06-19,17:00:00,1.7836,1.8133,1.7699,1.8101,15900,0
2017-06-19,18:00:00,1.7952,1.7999,1.77,1.77,3300,0
2017-06-19,19:00:00,1.79,1.8,1.7818,1.8,2800,0
2017-06-19,20:00:00,1.8,1.8,1.76,1.799,6875,0
2017-06-19,21:00:00,1.8,1.9,1.7999,1.9,7800,0
2017-06-19,22:00:00,1.8672,1.89,1.8672,1.89,2992,0
2017-06-20,16:00:00,1.8838,1.9,1.8838,1.9,1100,0
2017-06-20,17:00:00,1.86,1.9,1.86,1.863,7467,0
2017-06-20,18:00:00,1.9,1.9,1.85,1.8779,1203,0
2017-06-20,19:00:00,1.84,1.8401,1.8,1.8101,3343,0
2017-06-20,20:00:00,1.88,1.88,1.88,1.88,100,0
2017-06-20,22:00:00,1.885,1.885,1.82,1.82,287,0
2017-06-21,16:00:00,1.803,1.803,1.8,1.8001,1542,0
2017-06-21,17:00:00,1.7874,1.83,1.76,1.82,7782,0
2017-06-21,19:00:00,1.79,1.86,1.66,1.82,36218,0
2017-06-21,20:00:00,1.7701,1.85,1.7701,1.83,2723,0
2017-06-21,21:00:00,1.82,1.9,1.82,1.89,14993,0
2017-06-21,22:00:00,1.8861,1.89,1.85,1.85,1009,0
2017-06-22,16:00:00,1.95,2.73,1.95,2.35,1286247,0
2017-06-22,17:00:00,2.3513,2.57,2.13,2.16,568368,0
2017-06-22,18:00:00,2.1674,2.28,2.16,2.255,140166,0
2017-06-22,19:00:00,2.26,2.29,2.19,2.22,103779,0
2017-06-22,20:00:00,2.24,2.29,2.21,2.24,95422,0
2017-06-22,21:00:00,2.231,2.25,2.17,2.23,58169,0
2017-06-22,22:00:00,2.19,2.2656,2.18,2.26,85306,0
2017-06-23,16:00:00,2.27,2.339,1.95,2.1799,107047,0
2017-06-23,17:00:00,2.15,2.22,2.091,2.15,21433,0
2017-06-23,18:00:00,2.15,2.24,2.132,2.132,6113,0
2017-06-23,19:00:00,2.132,2.25,2.132,2.25,8650,0
2017-06-23,20:00:00,2.25,2.28,2.16,2.2278,7380,0
2017-06-23,21:00:00,2.185,2.2205,2.1582,2.2,3603,0
2017-06-23,22:00:00,2.161,2.22,2.15,2.21,10729,0
2017-06-26,16:00:00,2.25,2.25,2.16,2.19,22167,0
2017-06-26,17:00:00,2.2072,2.21,2.12,2.1689,31278,0
2017-06-26,18:00:00,2.17,2.2,2.16,2.16,4700,0
2017-06-26,19:00:00,2.19,2.21,2.1232,2.15,6314,0
2017-06-26,20:00:00,2.18,2.18,2.12,2.13,6600,0
2017-06-26,21:00:00,2.16,2.16,2.12,2.12,1210,0
2017-06-26,22:00:00,2.18,2.23,2.12,2.18,18729,0
2017-06-27,16:00:00,2.18,2.18,2.06,2.06,2900,0
2017-06-27,17:00:00,2.0501,2.14,2.05,2.12,12815,0
2017-06-27,18:00:00,2.08,2.09,2,2.09,13000,0
2017-06-27,19:00:00,2.119,2.124,2.0621,2.0621,2853,0
2017-06-27,20:00:00,2.06,2.08,2.0401,2.08,4735,0
2017-06-27,21:00:00,2.1357,2.1357,2.06,2.11,8900,0
2017-06-27,22:00:00,2.0831,2.0831,2.02,2.0291,19032,0
2017-06-28,16:00:00,2,2.07,1.9,1.938,16783,0
2017-06-28,17:00:00,2.037,2.06,1.9787,2.03,8924,0
2017-06-28,18:00:00,2.04,2.1,2.021,2.07,3636,0
2017-06-28,19:00:00,2.07,2.13,2.0631,2.12,25087,0
2017-06-28,20:00:00,2.13,2.34,2.13,2.217,53965,0
2017-06-28,21:00:00,2.25,2.34,2.15,2.25,27636,0
2017-06-28,22:00:00,2.32,2.4,2.3046,2.36,72735,0
2017-06-29,16:00:00,2.4,2.589,2.4,2.5,82339,0
2017-06-29,17:00:00,2.5026,2.55,2.3772,2.3772,96588,0
2017-06-29,18:00:00,2.311,2.37,2.3,2.36,18087,0
2017-06-29,19:00:00,2.3437,2.36,2.1701,2.19,12042,0
2017-06-29,20:00:00,2.2225,2.2225,2.2225,2.2225,595,0
2017-06-29,21:00:00,2.2449,2.3,2.24,2.24,9700,0
2017-06-29,22:00:00,2.28,2.3326,2.266,2.3326,7847,0
2017-06-30,16:00:00,2.4071,2.4071,2.3401,2.3401,2600,0
2017-06-30,17:00:00,2.3436,2.38,2.3436,2.3726,9370,0
2017-06-30,18:00:00,2.3531,2.38,2.35,2.3599,5719,0
2017-06-30,19:00:00,2.35,2.38,2.35,2.38,4100,0
2017-06-30,20:00:00,2.3524,2.374,2.34,2.34,7978,0
2017-06-30,21:00:00,2.3417,2.3547,2.33,2.33,800,0
2017-06-30,22:00:00,2.2954,2.34,2.27,2.29,12480,0
2017-07-03,16:00:00,2.29,2.59,2.29,2.3029,6190,0
2017-07-03,17:00:00,2.3197,2.3699,2.1548,2.22,35990,0
2017-07-03,18:00:00,2.19,2.3399,2.17,2.3,12330,0
2017-07-03,19:00:00,2.31,2.31,2.17,2.17,12588,0
2017-07-05,16:00:00,2.18,2.3,2.18,2.25,5680,0
2017-07-05,17:00:00,2.2181,2.2181,2.1415,2.1472,1900,0
2017-07-05,18:00:00,2.1581,2.1582,2.12,2.15,8712,0
2017-07-05,19:00:00,2.1001,2.24,2.1001,2.21,16341,0
2017-07-05,21:00:00,2.133,2.16,2.133,2.15,1500,0
2017-07-05,22:00:00,2.175,2.175,2.175,2.175,500,0
2017-07-06,16:00:00,2.17,2.1808,2.17,2.1808,1099,0
2017-07-06,17:00:00,2.16,2.18,2.15,2.18,4368,0
2017-07-06,19:00:00,2.1801,2.1801,2.18,2.18,600,0
2017-07-06,20:00:00,2.195,2.195,2.1643,2.1643,875,0
2017-07-06,21:00:00,2.1577,2.17,2.1577,2.16,2283,0
2017-07-06,22:00:00,2.1501,2.18,2.1501,2.1501,4232,0
2017-07-07,16:00:00,2.1606,2.1606,2.1606,2.1606,500,0
2017-07-07,17:00:00,2.15,2.16,2.14,2.16,2387,0
2017-07-07,18:00:00,2.189,2.189,2.189,2.189,490,0
2017-07-07,20:00:00,2.1404,2.1404,2.1404,2.1404,200,0
2017-07-07,21:00:00,2.1029,2.1029,2.09,2.1,4200,0
2017-07-07,22:00:00,2.08,2.11,2.05,2.11,6799,0
2017-07-10,16:00:00,2.08,2.1137,2.08,2.1137,851,0
2017-07-10,17:00:00,2.07,2.07,2.05,2.06,2149,0
2017-07-10,18:00:00,2.07,2.18,2.07,2.18,5100,0
2017-07-10,19:00:00,2.1301,2.1301,2.1,2.11,2750,0
2017-07-10,20:00:00,2.09,2.09,2.09,2.09,100,0
2017-07-10,21:00:00,2.09,2.09,2.09,2.09,400,0
2017-07-10,22:00:00,2.0642,2.0856,2.05,2.06,4431,0
2017-07-11,16:00:00,2.095,2.12,2.095,2.12,5600,0
2017-07-11,17:00:00,2.1,2.1,2.0789,2.0789,2365,0
2017-07-11,18:00:00,2.1,2.22,2.0946,2.15,27471,0
2017-07-11,19:00:00,2.1599,2.1599,2.05,2.12,27779,0
2017-07-11,20:00:00,2.1301,2.1301,2.1,2.1,500,0
2017-07-11,22:00:00,2.12,2.1378,2.05,2.1378,14023,0
2017-07-12,16:00:00,2.11,2.2,2.1,2.13,6205,0
2017-07-12,17:00:00,2.1138,2.13,2.1,2.1,8300,0
2017-07-12,18:00:00,2.0669,2.0901,2.05,2.07,12646,0
2017-07-12,19:00:00,2.0731,2.0731,2.07,2.07,1600,0
2017-07-12,20:00:00,2.09,2.09,2.03,2.0452,22768,0
2017-07-12,21:00:00,2.045,2.06,2,2.01,8100,0
2017-07-12,22:00:00,2.034,2.05,2,2.03,11300,0
2017-07-13,16:00:00,2.03,2.072,2.03,2.072,455,0
2017-07-13,17:00:00,2.021,2.0529,2.02,2.05,13664,0
2017-07-13,18:00:00,2.06,2.08,2.0587,2.0772,2420,0
2017-07-13,19:00:00,2.0615,2.0635,2.01,2.0291,18350,0
2017-07-13,21:00:00,2.025,2.03,2.025,2.03,300,0
2017-07-13,22:00:00,2.0417,2.0699,2.0417,2.06,735,0
2017-07-14,16:00:00,2.06,2.06,2.06,2.06,125,0
2017-07-14,17:00:00,2.0692,2.0956,2,2.05,4865,0
2017-07-14,18:00:00,2.065,2.065,2.04,2.0408,500,0
2017-07-14,19:00:00,2.04,2.09,2.04,2.06,1700,0
2017-07-14,21:00:00,2.07,2.08,2.05,2.06,5995,0
2017-07-14,22:00:00,2.05,2.07,2.05,2.07,2971,0
2017-07-17,16:00:00,2.05,2.08,1.9627,2.04,5726,0
2017-07-17,17:00:00,2.04,2.04,1.93,1.99,8850,0
2017-07-17,18:00:00,2,2.0007,1.98,2,8900,0
2017-07-17,19:00:00,2,2,1.94,1.97,34400,0
2017-07-17,20:00:00,1.9636,1.97,1.9602,1.9602,4350,0
2017-07-17,21:00:00,1.97,2.01,1.97,2.01,890,0
2017-07-17,22:00:00,1.986,2.01,1.96,1.96,8035,0
2017-07-18,16:00:00,2.01,2.036,2.01,2.03,7600,0
2017-07-18,17:00:00,2.0324,2.0324,1.97,2.03,2440,0
2017-07-18,18:00:00,2,2.05,1.99,2.0151,3775,0
2017-07-18,19:00:00,2.01,2.0101,1.93,1.951,4400,0
2017-07-18,20:00:00,1.96,1.96,1.96,1.96,200,0
2017-07-18,21:00:00,2,2,2,2,400,0
2017-07-18,22:00:00,1.97,1.97,1.97,1.97,2500,0
2017-07-19,17:00:00,1.98,1.99,1.95,1.99,2200,0
2017-07-19,18:00:00,1.97,1.97,1.9634,1.9634,3000,0
2017-07-19,19:00:00,1.99,2,1.9701,1.985,4438,0
2017-07-19,20:00:00,1.97,2,1.96,2,2500,0
2017-07-19,21:00:00,2,2.03,1.98,2.02,1400,0
2017-07-19,22:00:00,2.01,2.03,2.0071,2.02,3400,0
2017-07-20,16:00:00,2.04,2.05,2.04,2.05,2150,0
2017-07-20,17:00:00,2.04,2.04,2.0205,2.04,1400,0
2017-07-20,19:00:00,2.02,2.02,1.99,1.99,7430,0
2017-07-20,20:00:00,2.02,2.02,1.9801,1.9801,1100,0
2017-07-20,21:00:00,2.02,2.02,1.96,1.97,1800,0
2017-07-20,22:00:00,2,2.02,1.97,1.97,2000,0
2017-07-21,16:00:00,2,2,2,2,2000,0
2017-07-21,17:00:00,2.01,2.84,2.01,2.35,1579772,0
2017-07-21,18:00:00,2.3398,2.45,2.3398,2.3692,127181,0
2017-07-21,19:00:00,2.35,2.35,2.15,2.22,156938,0
2017-07-21,20:00:00,2.2459,2.2868,2.2227,2.2657,27091,0
2017-07-21,21:00:00,2.2648,2.2736,2.15,2.1601,29921,0
2017-07-21,22:00:00,2.16,2.1778,2.05,2.08,63819,0
2017-07-24,16:00:00,2.11,2.2858,2,2.06,118010,0
2017-07-24,17:00:00,2.0497,2.0773,2.01,2.04,28671,0
2017-07-24,18:00:00,2.04,2.05,2.01,2.05,10255,0
2017-07-24,19:00:00,2.0439,2.1071,2.02,2.09,31297,0
2017-07-24,20:00:00,2.0626,2.1,2.0626,2.0855,3820,0
2017-07-24,21:00:00,2.0541,2.1,2.041,2.0475,8153,0
2017-07-24,22:00:00,2.0625,2.09,2,2.09,37847,0
2017-07-25,16:00:00,2.08,2.08,2.02,2.02,12416,0
2017-07-25,17:00:00,2.0462,2.0462,2,2.0028,10492,0
2017-07-25,18:00:00,2.004,2.011,2,2.001,7750,0
2017-07-25,19:00:00,2.0187,2.06,2,2.0451,9400,0
2017-07-25,20:00:00,2.045,2.045,2.045,2.045,100,0
2017-07-25,21:00:00,2.04,2.0599,2.02,2.05,27289,0
2017-07-25,22:00:00,2.0405,2.1,2.0405,2.1,26747,0
2017-07-26,16:00:00,2.1,2.2112,2.1,2.1128,15910,0
2017-07-26,17:00:00,2.1399,2.25,2.0999,2.2,49998,0
2017-07-26,18:00:00,2.186,2.186,2.12,2.1232,4320,0
2017-07-26,19:00:00,2.12,2.12,2.09,2.1,17861,0
2017-07-26,20:00:00,2.1317,2.1501,2.1317,2.15,5270,0
2017-07-26,21:00:00,2.11,2.11,2.11,2.11,900,0
2017-07-26,22:00:00,2.11,2.15,2.08,2.1,32399,0
2017-07-27,16:00:00,2.1032,2.1558,2.1032,2.1558,1400,0
2017-07-27,17:00:00,2.1085,2.1085,2.0501,2.0501,15974,0
2017-07-27,18:00:00,2.08,2.13,2.08,2.13,6000,0
2017-07-27,19:00:00,2.0732,2.1,2.0732,2.1,900,0
2017-07-27,20:00:00,2.0701,2.1001,2.0701,2.1001,2651,0
2017-07-27,21:00:00,2.1,2.1,2.06,2.08,5050,0
2017-07-27,22:00:00,2.07,2.12,2.06,2.12,900,0
2017-07-28,16:00:00,2.12,2.16,2.1199,2.16,5105,0
2017-07-28,17:00:00,2.1458,2.1458,2.0846,2.12,7470,0
2017-07-28,18:00:00,2.11,2.1101,2.0714,2.0714,6204,0
2017-07-28,19:00:00,2.07,2.106,2.06,2.07,9152,0
2017-07-28,20:00:00,2.09,2.1,2.09,2.09,1000,0
2017-07-28,21:00:00,2.0828,2.0828,2.0828,2.0828,1204,0
2017-07-28,22:00:00,2.1,2.1,2.08,2.08,2300,0
2017-07-31,16:00:00,2.12,2.12,2.12,2.12,110,0
2017-07-31,17:00:00,2.06,2.11,2.06,2.11,14600,0
2017-07-31,18:00:00,2.1028,2.1105,2.09,2.1105,5328,0
2017-07-31,19:00:00,2.09,2.0999,2.07,2.08,15674,0
2017-07-31,20:00:00,2.08,2.08,2.07,2.07,3700,0
2017-07-31,21:00:00,2.09,2.11,2.09,2.11,1180,0
2017-07-31,22:00:00,2.0877,2.25,2.07,2.18,51317,0
2017-08-01,16:00:00,2.16,2.16,2.1,2.1,2974,0
2017-08-01,17:00:00,2.0801,2.15,2.08,2.1,75900,0
2017-08-01,18:00:00,2.1104,2.14,2.1104,2.1175,2913,0
2017-08-01,19:00:00,2.11,2.11,2.1,2.1,7099,0
2017-08-01,20:00:00,2.1,2.11,2.0833,2.11,2245,0
2017-08-01,21:00:00,2.11,2.11,2.06,2.07,162001,0
2017-08-01,22:00:00,2.0728,2.1,2.01,2.0859,57479,0
2017-08-02,16:00:00,2.13,2.13,2.08,2.0932,3793,0
2017-08-02,17:00:00,2.0978,2.0978,2.05,2.0687,6114,0
2017-08-02,18:00:00,2.05,2.0675,2.05,2.067,9342,0
2017-08-02,19:00:00,2.04,2.0559,2.04,2.04,19451,0
2017-08-02,20:00:00,2.04,2.0609,2.04,2.05,8025,0
2017-08-02,21:00:00,2.05,2.069,2.05,2.069,1000,0
2017-08-02,22:00:00,2.05,2.09,2.05,2.09,5928,0
2017-08-03,16:00:00,2.09,2.12,2.0601,2.0601,15465,0
2017-08-03,17:00:00,2.0802,2.09,2.0802,2.0878,731,0
2017-08-03,18:00:00,2.0899,2.09,2.0601,2.0604,5129,0
2017-08-03,19:00:00,2.068,2.068,2.068,2.068,100,0
2017-08-03,20:00:00,2.0768,2.08,2.07,2.07,800,0
2017-08-03,21:00:00,2.0818,2.0818,2.0818,2.0818,495,0
2017-08-03,22:00:00,2.07,2.1,2.07,2.1,5667,0
2017-08-04,16:00:00,2.1069,2.1069,2.0777,2.0777,1350,0
2017-08-04,17:00:00,2.05,2.0797,2.05,2.07,12406,0
2017-08-04,18:00:00,2.0979,2.0979,2.0979,2.0979,100,0
2017-08-04,19:00:00,2.085,2.095,2.0701,2.09,4939,0
2017-08-04,20:00:00,2.0933,2.0933,2.09,2.09,4100,0
2017-08-04,21:00:00,2.0902,2.0905,2.09,2.09,720,0
2017-08-04,22:00:00,2.09,2.0948,2.06,2.0948,15862,0
2017-08-07,16:00:00,2.06,2.0601,2.05,2.05,2993,0
2017-08-07,17:00:00,2.05,2.0501,2.05,2.05,1600,0
2017-08-07,18:00:00,2.0524,2.0524,2,2,22540,0
2017-08-07,19:00:00,2,2.001,1.9201,1.94,31167,0
2017-08-07,20:00:00,1.92,1.93,1.8805,1.9295,23443,0
2017-08-07,21:00:00,1.9304,1.9304,1.9,1.9105,6823,0
2017-08-07,22:00:00,1.91,1.93,1.89,1.93,5006,0
2017-08-08,16:00:00,1.93,1.93,1.8876,1.9099,3538,0
2017-08-08,17:00:00,1.92,1.95,1.88,1.88,22343,0
2017-08-08,18:00:00,1.88,1.885,1.8062,1.8062,48704,0
2017-08-08,19:00:00,1.81,1.81,1.72,1.749,40965,0
2017-08-08,20:00:00,1.73,1.73,1.7,1.705,28071,0
2017-08-08,21:00:00,1.705,1.7312,1.7,1.7256,14900,0
2017-08-08,22:00:00,1.715,1.72,1.7075,1.72,11606,0
2017-08-09,16:00:00,1.73,1.77,1.7099,1.7572,8729,0
2017-08-09,17:00:00,1.8047,1.8047,1.7,1.7,18585,0
2017-08-09,18:00:00,1.72,1.72,1.69,1.69,13759,0
2017-08-09,19:00:00,1.6283,1.71,1.5862,1.6258,22802,0
2017-08-09,20:00:00,1.692,1.692,1.692,1.692,500,0
2017-08-09,21:00:00,1.65,1.65,1.6401,1.6401,200,0
2017-08-09,22:00:00,1.67,1.69,1.67,1.68,1901,0
2017-08-10,16:00:00,1.65,1.65,1.6001,1.6001,1088,0
2017-08-10,17:00:00,1.61,1.6224,1.55,1.56,10847,0
2017-08-10,18:00:00,1.5601,1.57,1.52,1.5341,12582,0
2017-08-10,19:00:00,1.5393,1.56,1.52,1.5268,14106,0
2017-08-10,20:00:00,1.5101,1.53,1.5101,1.5201,6314,0
2017-08-10,21:00:00,1.52,1.53,1.51,1.52,8907,0
2017-08-10,22:00:00,1.52,1.57,1.51,1.56,21255,0
2017-08-11,16:00:00,1.51,1.56,1.5,1.537,6304,0
2017-08-11,17:00:00,1.55,1.55,1.55,1.55,100,0
2017-08-11,18:00:00,1.55,1.57,1.55,1.57,600,0
2017-08-11,19:00:00,1.59,1.59,1.59,1.59,100,0
2017-08-11,20:00:00,1.578,1.578,1.578,1.578,1000,0
2017-08-11,21:00:00,1.56,1.56,1.5,1.5,4200,0
2017-08-11,22:00:00,1.55,1.55,1.45,1.45,8450,0
2017-08-14,16:00:00,1.45,1.45,1.26,1.41,43266,0
2017-08-14,17:00:00,1.4923,1.5,1.3124,1.3799,6414,0
2017-08-14,18:00:00,1.3799,1.38,1.3799,1.38,1423,0
2017-08-14,19:00:00,1.3633,1.41,1.34,1.41,5300,0
2017-08-14,20:00:00,1.429,1.429,1.36,1.4,5204,0
2017-08-14,21:00:00,1.42,1.42,1.42,1.42,100,0
2017-08-14,22:00:00,1.445,1.445,1.37,1.4,22454,0
2017-08-15,16:00:00,1.4,1.4,1.3,1.33,16173,0
2017-08-15,17:00:00,1.314,1.328,1.3,1.3,12310,0
2017-08-15,18:00:00,1.29,1.31,1.29,1.3,15740,0
2017-08-15,19:00:00,1.3092,1.34,1.309,1.34,10240,0
2017-08-15,20:00:00,1.31,1.3273,1.31,1.3273,2082,0
2017-08-15,21:00:00,1.33,1.35,1.32,1.32,11000,0
2017-08-15,22:00:00,1.3357,1.34,1.32,1.32,5868,0
2017-08-16,16:00:00,1.3,1.3,1.25,1.2789,7345,0
2017-08-16,17:00:00,1.2887,1.3345,1.28,1.32,16186,0
2017-08-16,18:00:00,1.3135,1.3299,1.26,1.3013,29550,0
2017-08-16,19:00:00,1.3,1.3,1.3,1.3,100,0
2017-08-16,20:00:00,1.3,1.32,1.3,1.32,546,0
2017-08-16,21:00:00,1.3001,1.3001,1.3001,1.3001,2800,0
2017-08-16,22:00:00,1.3,1.3027,1.27,1.28,2800,0
2017-08-17,16:00:00,1.26,1.2737,1.26,1.2737,1220,0
2017-08-17,17:00:00,1.28,1.3,1.28,1.3,981,0
2017-08-17,18:00:00,1.3,1.3,1.27,1.289,5853,0
2017-08-17,19:00:00,1.2733,1.2733,1.27,1.2701,1100,0
2017-08-17,21:00:00,1.27,1.29,1.26,1.29,7100,0
2017-08-17,22:00:00,1.29,1.3,1.26,1.26,20769,0
2017-08-18,16:00:00,1.26,1.3,1.2501,1.29,18278,0
2017-08-18,17:00:00,1.26,1.37,1.26,1.37,29017,0
2017-08-18,18:00:00,1.4,1.4,1.33,1.35,21010,0
2017-08-18,19:00:00,1.3427,1.3749,1.32,1.33,6489,0
2017-08-18,20:00:00,1.37,1.41,1.37,1.39,23600,0
2017-08-18,21:00:00,1.35,1.4349,1.35,1.4349,16200,0
2017-08-18,22:00:00,1.43,1.4346,1.3641,1.4,16300,0
2017-08-21,16:00:00,1.44,1.44,1.38,1.38,4677,0
2017-08-21,17:00:00,1.36,1.42,1.29,1.36,16192,0
2017-08-21,18:00:00,1.3344,1.42,1.3224,1.4,17608,0
2017-08-21,19:00:00,1.349,1.41,1.3333,1.41,8700,0
2017-08-21,20:00:00,1.3401,1.39,1.3301,1.36,3200,0
2017-08-21,21:00:00,1.39,1.4,1.34,1.39,1000,0
2017-08-21,22:00:00,1.34,1.4,1.34,1.38,6300,0
2017-08-22,16:00:00,1.41,1.41,1.41,1.41,511,0
2017-08-22,17:00:00,1.4,1.4,1.4,1.4,500,0
2017-08-22,18:00:00,1.4099,1.41,1.371,1.41,3800,0
2017-08-22,19:00:00,1.41,1.46,1.38,1.44,18479,0
2017-08-22,20:00:00,1.43,1.45,1.41,1.44,13340,0
2017-08-22,21:00:00,1.4122,1.44,1.4122,1.43,1400,0
2017-08-22,22:00:00,1.41,1.44,1.3712,1.38,10590,0
2017-08-23,16:00:00,1.35,1.4,1.35,1.4,1906,0
2017-08-23,17:00:00,1.4,1.4,1.3,1.37,7050,0
2017-08-23,18:00:00,1.39,1.39,1.3401,1.38,3985,0
2017-08-23,19:00:00,1.38,1.38,1.3769,1.3769,1500,0
2017-08-23,20:00:00,1.35,1.4,1.35,1.4,25300,0
2017-08-23,21:00:00,1.4,1.4,1.4,1.4,1200,0
2017-08-23,22:00:00,1.3938,1.43,1.31,1.32,8950,0
2017-08-24,16:00:00,1.37,1.37,1.37,1.37,300,0
2017-08-24,17:00:00,1.35,1.38,1.332,1.38,1565,0
2017-08-24,18:00:00,1.3515,1.37,1.35,1.3684,6400,0
2017-08-24,19:00:00,1.37,1.4,1.3466,1.3466,2324,0
2017-08-24,20:00:00,1.39,1.4,1.3869,1.399,2200,0
2017-08-24,21:00:00,1.38,1.4,1.36,1.37,2800,0
2017-08-24,22:00:00,1.38,1.38,1.35,1.35,1500,0
2017-08-25,16:00:00,1.35,1.4,1.35,1.4,950,0
2017-08-25,18:00:00,1.37,1.39,1.36,1.39,723,0
2017-08-25,19:00:00,1.37,1.4,1.37,1.4,5800,0
2017-08-25,20:00:00,1.3746,1.3883,1.3746,1.38,8400,0
2017-08-25,21:00:00,1.4,1.4,1.3973,1.3973,272,0
2017-08-25,22:00:00,1.399,1.4,1.36,1.36,4000,0
2017-08-28,16:00:00,1.35,1.42,1.35,1.3935,3984,0
2017-08-28,17:00:00,1.3802,1.42,1.3802,1.4199,3111,0
2017-08-28,18:00:00,1.3674,1.39,1.33,1.33,4973,0
2017-08-28,19:00:00,1.3441,1.36,1.3441,1.35,7400,0
2017-08-28,20:00:00,1.33,1.33,1.33,1.33,300,0
2017-08-28,21:00:00,1.3587,1.3587,1.27,1.27,6609,0
2017-08-28,22:00:00,1.347,1.36,1.27,1.27,8790,0
2017-08-29,16:00:00,1.25,1.39,1.25,1.33,3303,0
2017-08-29,17:00:00,1.32,1.36,1.26,1.3252,17159,0
2017-08-29,18:00:00,1.36,1.3723,1.34,1.3723,1135,0
2017-08-29,19:00:00,1.36,1.39,1.36,1.3722,3100,0
2017-08-29,20:00:00,1.36,1.3749,1.3017,1.37,3007,0
2017-08-29,21:00:00,1.36,1.36,1.3448,1.3448,900,0
2017-08-29,22:00:00,1.37,1.37,1.3,1.36,12158,0
2017-08-30,16:00:00,1.36,1.36,1.3455,1.3455,727,0
2017-08-30,17:00:00,1.3168,1.35,1.3168,1.35,4300,0
2017-08-30,18:00:00,1.3,1.32,1.26,1.31,31514,0
2017-08-30,19:00:00,1.2977,1.34,1.29,1.29,5401,0
2017-08-30,20:00:00,1.285,1.3,1.285,1.299,5150,0
2017-08-30,21:00:00,1.3,1.3,1.284,1.284,2800,0
2017-08-30,22:00:00,1.3,1.3,1.2,1.25,13540,0
2017-08-31,16:00:00,1.25,1.33,1.25,1.33,3675,0
2017-08-31,17:00:00,1.318,1.328,1.2629,1.328,15248,0
2017-08-31,18:00:00,1.3,1.3,1.26,1.2889,4960,0
2017-08-31,19:00:00,1.2878,1.29,1.2878,1.29,1300,0
2017-08-31,20:00:00,1.2889,1.29,1.25,1.2871,14145,0
2017-08-31,21:00:00,1.279,1.29,1.2708,1.28,4200,0
2017-08-31,22:00:00,1.28,1.3,1.27,1.28,2700,0
2017-09-01,16:00:00,1.3,1.3,1.26,1.26,7595,0
2017-09-01,17:00:00,1.27,1.28,1.2517,1.2784,3592,0
2017-09-01,18:00:00,1.26,1.28,1.25,1.2602,15723,0
2017-09-01,19:00:00,1.27,1.28,1.266,1.28,350,0
2017-09-01,20:00:00,1.27,1.28,1.27,1.28,2600,0
2017-09-01,21:00:00,1.27,1.2871,1.26,1.2871,12493,0
2017-09-01,22:00:00,1.2719,1.29,1.2719,1.29,800,0
2017-09-05,16:00:00,1.29,1.29,1.2595,1.2595,389,0
2017-09-05,17:00:00,1.2251,1.2251,1.2251,1.2251,304,0
2017-09-05,18:00:00,1.2685,1.2685,1.2685,1.2685,100,0
2017-09-05,20:00:00,1.272,1.3,1.272,1.2745,5951,0
2017-09-05,21:00:00,1.285,1.285,1.25,1.25,4500,0
2017-09-05,22:00:00,1.2442,1.29,1.2442,1.28,716,0
2017-09-06,16:00:00,1.28,1.28,1.26,1.2757,4926,0
2017-09-06,17:00:00,1.27,1.3,1.2,1.22,17540,0
2017-09-06,18:00:00,1.266,1.266,1.19,1.19,7441,0
2017-09-06,19:00:00,1.2062,1.24,1.19,1.2,24935,0
2017-09-06,20:00:00,1.2,1.2186,1.18,1.18,26895,0
2017-09-06,21:00:00,1.1733,1.2,1.17,1.189,11725,0
2017-09-06,22:00:00,1.19,1.2,1.15,1.15,17358,0
2017-09-07,16:00:00,1.15,1.22,1.14,1.22,8384,0
2017-09-07,17:00:00,1.21,1.25,1.13,1.172,12049,0
2017-09-07,18:00:00,1.17,1.1909,1.1624,1.19,5320,0
2017-09-07,19:00:00,1.181,1.2,1.171,1.19,7575,0
2017-09-07,20:00:00,1.2,1.2,1.1969,1.1969,403,0
2017-09-07,21:00:00,1.22,1.2454,1.22,1.2454,2000,0
2017-09-07,22:00:00,1.24,1.24,1.2,1.23,3100,0
2017-09-08,16:00:00,1.22,1.22,1.15,1.18,1518,0
2017-09-08,17:00:00,1.19,1.21,1.19,1.2,800,0
2017-09-08,18:00:00,1.2,1.21,1.2,1.2,600,0
2017-09-08,19:00:00,1.2,1.2,1.18,1.18,2205,0
2017-09-08,20:00:00,1.16,1.16,1.16,1.16,500,0
2017-09-08,21:00:00,1.1787,1.1787,1.15,1.15,951,0
2017-09-08,22:00:00,1.163,1.1899,1.15,1.18,4750,0
2017-09-11,16:00:00,1.23,1.23,1.18,1.2031,3227,0
2017-09-11,17:00:00,1.19,1.2581,1.15,1.2377,11256,0
2017-09-11,18:00:00,1.2499,1.3,1.24,1.2817,35695,0
2017-09-11,19:00:00,1.28,1.33,1.28,1.33,31032,0
2017-09-11,20:00:00,1.33,1.4899,1.1842,1.25,81571,0
2017-09-11,21:00:00,1.28,1.28,1.24,1.24,4165,0
2017-09-11,22:00:00,1.2778,1.2778,1.22,1.259,2095,0
2017-09-12,16:00:00,1.32,1.32,1.26,1.26,5310,0
2017-09-12,17:00:00,1.252,1.2614,1.252,1.2614,3000,0
2017-09-12,18:00:00,1.2701,1.2824,1.27,1.27,4200,0
2017-09-12,19:00:00,1.2601,1.2886,1.2601,1.2886,3050,0
2017-09-12,20:00:00,1.2726,1.2726,1.27,1.27,600,0
2017-09-12,22:00:00,1.27,1.29,1.27,1.29,10600,0
2017-09-13,16:00:00,1.26,1.3737,1.257,1.28,4038,0
2017-09-13,17:00:00,1.2797,1.2797,1.26,1.2628,4300,0
2017-09-13,18:00:00,1.27,1.28,1.27,1.271,2200,0
2017-09-13,19:00:00,1.271,1.271,1.271,1.271,150,0
2017-09-13,20:00:00,1.31,1.31,1.21,1.2668,11296,0
2017-09-13,22:00:00,1.2356,1.2356,1.21,1.21,6942,0
2017-09-14,16:00:00,1.22,1.22,1.22,1.22,119,0
2017-09-14,17:00:00,1.18,1.19,1.16,1.19,14999,0
2017-09-14,18:00:00,1.1836,1.2082,1.16,1.2,14100,0
2017-09-14,19:00:00,1.195,1.209,1.195,1.195,3445,0
2017-09-14,20:00:00,1.18,1.1866,1.1718,1.18,1500,0
2017-09-14,21:00:00,1.1875,1.19,1.18,1.18,7988,0
2017-09-14,22:00:00,1.18,1.18,1.17,1.17,13456,0
2017-09-15,16:00:00,1.17,1.18,1.17,1.18,1310,0
2017-09-15,17:00:00,1.1785,1.1785,1.15,1.15,9000,0
2017-09-15,18:00:00,1.1542,1.17,1.06,1.0801,27029,0
2017-09-15,19:00:00,1.104,1.12,1.08,1.1,32138,0
2017-09-15,20:00:00,1.09,1.1,1.08,1.0999,15517,0
2017-09-15,21:00:00,1.095,1.149,1.09,1.1,31810,0
2017-09-15,22:00:00,1.1,1.114,1.093,1.1097,14428,0
2017-09-18,16:00:00,1.25,1.299,1.14,1.1601,104677,0
2017-09-18,17:00:00,1.1625,1.199,1.14,1.16,57891,0
2017-09-18,18:00:00,1.1501,1.1698,1.1,1.12,39066,0
2017-09-18,19:00:00,1.1496,1.1496,1.1,1.1,15828,0
2017-09-18,20:00:00,1.1066,1.1121,1.1,1.1,45637,0
2017-09-18,21:00:00,1.1,1.11,1.1,1.1,7129,0
2017-09-18,22:00:00,1.1,1.11,1.08,1.09,50991,0
2017-09-19,16:00:00,1.1,1.13,1.051,1.07,61611,0
2017-09-19,17:00:00,1.06,1.12,1.06,1.12,34510,0
2017-09-19,18:00:00,1.12,1.1386,1.05,1.0979,31241,0
2017-09-19,19:00:00,1.0736,1.11,1.07,1.11,11250,0
2017-09-19,20:00:00,1.1199,1.12,1.1,1.12,21450,0
2017-09-19,21:00:00,1.115,1.2,1.07,1.11,82266,0
2017-09-19,22:00:00,1.11,1.144,1.11,1.1194,26350,0
2017-09-20,16:00:00,1.8,2.29,1.77,1.8408,6699514,0
2017-09-20,17:00:00,1.84,2.27,1.81,2.1,5719715,0
2017-09-20,18:00:00,2.11,2.22,1.95,2.04,2777729,0
2017-09-20,19:00:00,2.03,2.18,2,2.07,1322614,0
2017-09-20,20:00:00,2.07,2.15,1.76,1.7636,2218979,0
2017-09-20,21:00:00,1.77,1.82,1.45,1.53,2963544,0
2017-09-20,22:00:00,1.531,1.6,0.9504,1.07,7952991,0
2017-09-21,16:00:00,1.06,1.07,0.97,1.01,1729205,0
2017-09-21,17:00:00,1.01,1.02,0.98,0.995,1052143,0
2017-09-21,18:00:00,0.9976,1.02,0.99,1,462580,0
2017-09-21,19:00:00,1,1.0099,0.98,0.9914,311362,0
2017-09-21,20:00:00,0.9982,1.01,0.98,0.9881,203228,0
2017-09-21,21:00:00,0.9915,0.998,0.95,0.96,563710,0
2017-09-21,22:00:00,0.97,0.98,0.955,0.98,319392,0
2017-09-22,16:00:00,0.98,0.98,0.915,0.915,474804,0
2017-09-22,17:00:00,0.9283,0.95,0.91,0.9293,256624,0
2017-09-22,18:00:00,0.9204,0.94,0.91,0.9102,215630,0
2017-09-22,19:00:00,0.9101,0.9195,0.9101,0.91014,130930,0
2017-09-22,20:00:00,0.9101,0.9193,0.9052,0.9053,105609,0
2017-09-22,21:00:00,0.9053,0.915,0.86,0.8802,382546,0
2017-09-22,22:00:00,0.889165,0.9099,0.88,0.8802,209355,0
2017-09-25,16:00:00,0.9,0.9,0.85,0.8565,179770,0
2017-09-25,17:00:00,0.8533,0.8998,0.84,0.844,295667,0
2017-09-25,18:00:00,0.844,0.8449,0.82,0.82511,145729,0
2017-09-25,19:00:00,0.8263,0.834,0.826,0.8282,141840,0
2017-09-25,20:00:00,0.8261,0.831,0.825,0.83,115690,0
2017-09-25,21:00:00,0.8299,0.8419,0.82591,0.8343,81639,0
2017-09-25,22:00:00,0.8379,0.8555,0.8259,0.8555,116974,0
2017-09-26,16:00:00,0.84,0.84,0.8,0.8111,192737,0
2017-09-26,17:00:00,0.8193,0.8299,0.8099,0.8197,158305,0
2017-09-26,18:00:00,0.8197,0.99,0.8197,0.9501,924579,0
2017-09-26,19:00:00,0.955,0.99,0.92,0.924,296269,0
2017-09-26,20:00:00,0.9297,0.94,0.9106,0.9399,258500,0
2017-09-26,21:00:00,0.9399,0.95,0.9021,0.9364,132710,0
2017-09-26,22:00:00,0.9355,0.9401,0.9,0.94,106379,0
2017-09-27,16:00:00,0.94,0.96,0.9,0.91404,92003,0
2017-09-27,17:00:00,0.9149,0.93,0.882,0.93,115965,0
2017-09-27,18:00:00,0.94,0.94,0.8899,0.8899,43117,0
2017-09-27,19:00:00,0.91595,0.92,0.88,0.89,23432,0
2017-09-27,20:00:00,0.888,0.9,0.8616,0.88,38266,0
2017-09-27,21:00:00,0.87,0.9,0.864,0.878844,54089,0
2017-09-27,22:00:00,0.87,0.8998,0.862267,0.8998,87249,0
2017-09-28,16:00:00,0.882,0.899982,0.8618,0.8716,146454,0
2017-09-28,17:00:00,0.8619,0.8982,0.8588,0.8889,51148,0
2017-09-28,18:00:00,0.8889,0.8889,0.85,0.8649,107346,0
2017-09-28,19:00:00,0.86,0.8699,0.83,0.838953,230374,0
2017-09-28,20:00:00,0.8378,0.851,0.8328,0.851,124830,0
2017-09-28,21:00:00,0.8406,0.855,0.8403,0.84901,133179,0
2017-09-28,22:00:00,0.849,0.853,0.84,0.845,40783,0
2017-09-29,16:00:00,0.84,0.9,0.84,0.8597,60763,0
2017-09-29,17:00:00,0.852,0.86,0.845,0.845,94383,0
2017-09-29,18:00:00,0.85,0.86,0.845,0.8562,48080,0
2017-09-29,19:00:00,0.8599,0.86,0.855,0.8598,53546,0
2017-09-29,20:00:00,0.8599,0.86,0.855,0.8591,34844,0
2017-09-29,21:00:00,0.8571,0.86,0.83,0.8352,118323,0
2017-09-29,22:00:00,0.8377,0.845,0.831,0.84,170844,0
2017-10-02,16:00:00,0.8458,0.86,0.83,0.852476,75974,0
2017-10-02,17:00:00,0.85,0.882,0.84,0.8667,45179,0
2017-10-02,18:00:00,0.867,0.874,0.8527,0.86,41277,0
2017-10-02,19:00:00,0.8505,0.86,0.8301,0.8599,74504,0
2017-10-02,20:00:00,0.8507,0.865,0.84,0.8572,35905,0
2017-10-02,21:00:00,0.8501,0.858,0.84001,0.84001,7131,0
2017-10-02,22:00:00,0.8548,0.8603,0.8452,0.86,60436,0
2017-10-03,16:00:00,0.95,0.97,0.885,0.91,492622,0
2017-10-03,17:00:00,0.9057,0.915,0.8737,0.8825,343484,0
2017-10-03,18:00:00,0.88,0.9449,0.8711,0.917,318713,0
2017-10-03,19:00:00,0.9199,0.92,0.885,0.9,101306,0
2017-10-03,20:00:00,0.9089,0.937,0.9,0.919,101326,0
2017-10-03,21:00:00,0.92,0.97,0.91,0.918,286905,0
2017-10-03,22:00:00,0.924,0.924,0.89,0.9,242447,0
2017-10-04,16:00:00,0.89,0.9,0.83291,0.8655,311370,0
2017-10-04,17:00:00,0.8698,0.8698,0.845,0.8573,117081,0
2017-10-04,18:00:00,0.8549,0.8898,0.8481,0.8789,62403,0
2017-10-04,19:00:00,0.8802,0.8896,0.86121,0.87,46089,0
2017-10-04,20:00:00,0.88,0.88,0.86,0.8678,43920,0
2017-10-04,21:00:00,0.8691,0.8893,0.8601,0.8892,22342,0
2017-10-04,22:00:00,0.8893,0.899,0.865,0.8924,102400,0
2017-10-05,16:00:00,0.9,0.92,0.86,0.8728,117672,0
2017-10-05,17:00:00,0.8728,0.88,0.8227,0.8261,343807,0
2017-10-05,18:00:00,0.827,0.84,0.827,0.83571,118175,0
2017-10-05,19:00:00,0.8377,0.8599,0.836,0.8596,95290,0
2017-10-05,20:00:00,0.855,0.86,0.855,0.86,11294,0
2017-10-05,21:00:00,0.8561,0.8593,0.851,0.8562,40331,0
2017-10-05,22:00:00,0.855,0.8845,0.85,0.88,161569,0
2017-10-06,16:00:00,0.9,0.913,0.87,0.88,63240,0
2017-10-06,17:00:00,0.8801,0.9285,0.8705,0.88,153629,0
2017-10-06,18:00:00,0.88,0.8897,0.8611,0.8611,63405,0
2017-10-06,19:00:00,0.861,0.88,0.861,0.8721,34713,0
2017-10-06,20:00:00,0.8711,0.8895,0.87,0.8814,51937,0
2017-10-06,21:00:00,0.8767,0.88,0.87291,0.88,12314,0
2017-10-06,22:00:00,0.88,0.8881,0.8708,0.884,89772,0
2017-10-09,16:00:00,0.88,0.89,0.871,0.8849,38872,0
2017-10-09,17:00:00,0.8701,0.88,0.86,0.86,59960,0
2017-10-09,18:00:00,0.86,0.885,0.86,0.87,55436,0
2017-10-09,19:00:00,0.8685,0.9352,0.863,0.9101,251747,0
2017-10-09,20:00:00,0.91,0.9101,0.89,0.9001,66989,0
2017-10-09,21:00:00,0.9047,0.9199,0.9001,0.91,78962,0
2017-10-09,22:00:00,0.9001,0.9298,0.9001,0.9298,108169,0
2017-10-10,16:00:00,0.94,1.04,0.925,0.99,2304423,0
2017-10-10,17:00:00,1.005,1.02,0.95,0.9583,831297,0
2017-10-10,18:00:00,0.96,0.961,0.93,0.9476,173394,0
2017-10-10,19:00:00,0.94001,0.99,0.94,0.967,179725,0
2017-10-10,20:00:00,0.9671,0.99,0.9602,0.9899,176987,0
2017-10-10,21:00:00,0.9806,0.999,0.961,0.995,107780,0
2017-10-10,22:00:00,0.9907,0.999,0.9801,0.995,146137,0
2017-10-11,16:00:00,1.02,1.021,0.98001,0.9838,395081,0
2017-10-11,17:00:00,0.99,0.9997,0.95,0.95,188093,0
2017-10-11,18:00:00,0.951,0.989,0.95,0.9889,94226,0
2017-10-11,19:00:00,0.9735,0.9898,0.9732,0.9869,49047,0
2017-10-11,20:00:00,0.989,0.989,0.95,0.9695,114363,0
2017-10-11,21:00:00,0.9612,0.9799,0.9612,0.9799,88649,0
2017-10-11,22:00:00,0.9798,0.987,0.96,0.96,91101,0
2017-10-12,16:00:00,0.99,0.99,0.93,0.95,113001,0
2017-10-12,17:00:00,0.95,0.9599,0.912,0.9213,210264,0
2017-10-12,18:00:00,0.9201,0.937,0.92,0.92,60668,0
2017-10-12,19:00:00,0.92,0.937,0.91,0.93,75608,0
2017-10-12,20:00:00,0.9287,0.93,0.92,0.921,58973,0
2017-10-12,21:00:00,0.9212,0.9255,0.9137,0.92,14275,0
2017-10-12,22:00:00,0.92,0.9347,0.9137,0.923,48172,0
2017-10-13,16:00:00,0.91,0.91,0.88,0.89,289839,0
2017-10-13,17:00:00,0.8858,0.9075,0.88501,0.89001,68609,0
2017-10-13,18:00:00,0.89001,0.8999,0.885,0.885,35454,0
2017-10-13,19:00:00,0.8903,0.8903,0.861,0.8706,158641,0
2017-10-13,20:00:00,0.87041,0.8755,0.86,0.8699,62304,0
2017-10-13,21:00:00,0.8626,0.8699,0.8622,0.8695,39098,0
2017-10-13,22:00:00,0.86331,0.876,0.86,0.876,99698,0
2017-10-16,16:00:00,0.88,0.92,0.878,0.8976,77530,0
2017-10-16,17:00:00,0.8999,0.91,0.89001,0.89021,35937,0
2017-10-16,18:00:00,0.8906,0.9049,0.8811,0.9,53184,0
2017-10-16,19:00:00,0.8811,0.8999,0.880235,0.8831,7814,0
2017-10-16,20:00:00,0.8974,0.8982,0.8851,0.8851,12750,0
2017-10-16,21:00:00,0.89,0.8975,0.883,0.8831,31537,0
2017-10-16,22:00:00,0.89,0.9,0.88,0.9,65732,0
2017-10-17,16:00:00,0.882,0.9,0.88,0.885,45332,0
2017-10-17,17:00:00,0.88501,0.8949,0.88,0.8812,58114,0
2017-10-17,18:00:00,0.88,0.8899,0.88,0.88,64894,0
2017-10-17,19:00:00,0.8874,0.989,0.88,0.974948,612179,0
2017-10-17,20:00:00,0.9716,0.975,0.91,0.9178,218683,0
2017-10-17,21:00:00,0.9179,0.93,0.91051,0.917234,80066,0
2017-10-17,22:00:00,0.9235,0.93,0.9111,0.93,63256,0
2017-10-18,16:00:00,0.91,0.93,0.91,0.91001,47075,0
2017-10-18,17:00:00,0.9101,0.93,0.91,0.9164,32781,0
2017-10-18,18:00:00,0.91211,0.9199,0.89,0.8904,62964,0
2017-10-18,19:00:00,0.8999,0.9198,0.88,0.895,139955,0
2017-10-18,20:00:00,0.8999,0.91,0.8999,0.909,88870,0
2017-10-18,21:00:00,0.9025,0.909744,0.89,0.8942,105667,0
2017-10-18,22:00:00,0.8943,0.9,0.885,0.885,71340,0
2017-10-19,16:00:00,0.885,0.8994,0.885,0.8854,23900,0
2017-10-19,17:00:00,0.88501,0.8889,0.88,0.88501,35006,0
2017-10-19,18:00:00,0.885,0.8899,0.88,0.88,42985,0
2017-10-19,19:00:00,0.88,0.89,0.86,0.8665,58713,0
2017-10-19,20:00:00,0.8666,0.8798,0.8601,0.8798,17422,0
2017-10-19,21:00:00,0.8786,0.8786,0.865,0.87,10071,0
2017-10-19,22:00:00,0.8762,0.8799,0.865,0.8799,38155,0
2017-10-20,16:00:00,0.8889,0.894,0.8601,0.861,19918,0
2017-10-20,17:00:00,0.8634,0.8679,0.86,0.86,129413,0
2017-10-20,18:00:00,0.8601,0.868,0.85,0.8626,154739,0
2017-10-20,19:00:00,0.8717,0.8717,0.86001,0.86011,25606,0
2017-10-20,20:00:00,0.8634,0.866,0.8631,0.864,5175,0
2017-10-20,21:00:00,0.8641,0.8799,0.8641,0.8799,7640,0
2017-10-20,22:00:00,0.88,0.88,0.8639,0.8639,23742,0
2017-10-23,16:00:00,0.87,0.87,0.8602,0.8646,22809,0
2017-10-23,17:00:00,0.8699,0.8699,0.8506,0.8562,85634,0
2017-10-23,18:00:00,0.8507,0.8592,0.85,0.8501,79797,0
2017-10-23,19:00:00,0.8501,0.8553,0.84,0.8416,106831,0
2017-10-23,20:00:00,0.84,0.8455,0.8292,0.833,113015,0
2017-10-23,21:00:00,0.8359,0.8384,0.825,0.8256,116569,0
2017-10-23,22:00:00,0.8256,0.8454,0.8251,0.8399,94322,0
2017-10-24,16:00:00,0.8318,0.8454,0.83,0.8445,29008,0
2017-10-24,17:00:00,0.8374,0.86,0.83101,0.86,55925,0
2017-10-24,18:00:00,0.840363,0.8699,0.8402,0.8677,51567,0
2017-10-24,19:00:00,0.86301,0.95,0.855,0.9197,625574,0
2017-10-24,20:00:00,0.9083,0.9199,0.8701,0.91,255819,0
2017-10-24,21:00:00,0.91,0.93,0.87,0.9095,180704,0
2017-10-24,22:00:00,0.9064,0.9093,0.85,0.8737,294119,0
2017-10-25,16:00:00,0.9,0.919317,0.8701,0.8769,52749,0
2017-10-25,17:00:00,0.8766,0.8766,0.8601,0.863,41699,0
2017-10-25,18:00:00,0.8744,0.88,0.8502,0.857,27375,0
2017-10-25,19:00:00,0.8532,0.8586,0.84,0.8509,125175,0
2017-10-25,20:00:00,0.841,0.845313,0.8351,0.8401,51064,0
2017-10-25,21:00:00,0.85,0.855,0.8379,0.8402,18708,0
2017-10-25,22:00:00,0.8597,0.8597,0.84,0.857,51445,0
2017-10-26,16:00:00,0.845,0.8667,0.8401,0.8544,11050,0
2017-10-26,17:00:00,0.8539,0.86,0.8401,0.8484,54182,0
2017-10-26,18:00:00,0.8421,0.8497,0.84,0.8486,69194,0
2017-10-26,19:00:00,0.84,0.85,0.84,0.8425,23500,0
2017-10-26,20:00:00,0.8426,0.8593,0.8408,0.8567,15422,0
2017-10-26,21:00:00,0.8431,0.85,0.8431,0.85,5500,0
2017-10-26,22:00:00,0.849,0.8543,0.84,0.85,27668,0
2017-10-27,16:00:00,0.85,0.888,0.85,0.8705,22458,0
2017-10-27,17:00:00,0.87,0.8789,0.86,0.878,89520,0
2017-10-27,18:00:00,0.878,0.8789,0.8651,0.8682,26160,0
2017-10-27,19:00:00,0.8682,0.8789,0.865,0.8697,22250,0
2017-10-27,20:00:00,0.8697,0.8729,0.865,0.8666,14040,0
2017-10-27,21:00:00,0.8666,0.8666,0.852,0.8586,19529,0
2017-10-27,22:00:00,0.8586,0.87,0.8401,0.87,114688,0
2017-10-30,15:00:00,0.87,0.88,0.86,0.88,23067,0
2017-10-30,16:00:00,0.88,0.89,0.87,0.89,76543,0
2017-10-30,17:00:00,0.89,0.9,0.8757,0.87801,44710,0
2017-10-30,18:00:00,0.8899,0.8899,0.8543,0.8811,39372,0
2017-10-30,19:00:00,0.8811,0.8811,0.8711,0.8811,12720,0
2017-10-30,20:00:00,0.8811,0.89,0.87,0.89,17529,0
2017-10-30,21:00:00,0.8882,0.889,0.8611,0.889,25167,0
2017-10-31,15:00:00,1.02,1.02,0.91,0.92,1266294,0
2017-10-31,16:00:00,0.92,0.94,0.88,0.93,397281,0
2017-10-31,17:00:00,0.9299,0.94,0.9,0.9051,161063,0
2017-10-31,18:00:00,0.9179,0.92,0.9,0.9164,28745,0
2017-10-31,19:00:00,0.9083,0.9101,0.9,0.9082,45618,0
2017-10-31,20:00:00,0.9098,0.91,0.9,0.9075,14556,0
2017-10-31,21:00:00,0.9055,0.92,0.884,0.8851,165906,0
2017-11-01,15:00:00,0.9,0.9,0.85,0.8502,174595,0
2017-11-01,16:00:00,0.8501,0.8798,0.85,0.8516,75922,0
2017-11-01,17:00:00,0.8515,0.8689,0.8506,0.8575,50815,0
2017-11-01,18:00:00,0.863,0.863,0.855,0.855,19831,0
2017-11-01,19:00:00,0.855,0.8579,0.8505,0.8548,37002,0
2017-11-01,20:00:00,0.8515,0.8662,0.85,0.8506,107586,0
2017-11-01,21:00:00,0.8506,0.8599,0.85,0.8503,112270,0
2017-11-02,15:00:00,0.86,0.869,0.85,0.869,67367,0
2017-11-02,16:00:00,0.865,0.88,0.861,0.873,82172,0
2017-11-02,17:00:00,0.87051,0.8944,0.862,0.87,85604,0
2017-11-02,18:00:00,0.865,0.8666,0.864,0.864,2610,0
2017-11-02,19:00:00,0.864,0.8641,0.852,0.8601,28740,0
2017-11-02,20:00:00,0.852,0.86,0.852,0.86,49459,0
2017-11-02,21:00:00,0.863,0.87,0.8532,0.855,19557,0
2017-11-03,15:00:00,0.85,0.8601,0.85,0.856,21868,0
2017-11-03,16:00:00,0.86,0.86,0.8414,0.8499,105853,0
2017-11-03,17:00:00,0.8499,0.8574,0.846,0.85,21657,0
2017-11-03,18:00:00,0.85,0.86,0.85,0.85,98066,0
2017-11-03,19:00:00,0.8501,0.86,0.8501,0.8553,4815,0
2017-11-03,20:00:00,0.8789,0.8789,0.8501,0.8501,36901,0
2017-11-03,21:00:00,0.8501,0.87,0.85,0.87,21101,0
2017-11-06,16:00:00,0.85,0.87,0.84,0.86,246879,0
2017-11-06,17:00:00,0.8599,0.86,0.8405,0.856,35757,0
2017-11-06,18:00:00,0.845,0.8598,0.8401,0.855,29988,0
2017-11-06,19:00:00,0.855,0.8597,0.84301,0.854,13810,0
2017-11-06,20:00:00,0.8535,0.8549,0.843,0.843,19515,0
2017-11-06,21:00:00,0.843,0.8495,0.84,0.843,41602,0
2017-11-06,22:00:00,0.8431,0.855,0.843,0.843,19033,0
2017-11-07,16:00:00,0.84,0.8463,0.84,0.8418,25794,0
2017-11-07,17:00:00,0.8402,0.843,0.84,0.84,43378,0
2017-11-07,19:00:00,0.83501,0.843,0.83,0.8413,31356,0
2017-11-07,20:00:00,0.8317,0.843,0.83,0.8342,3250,0
2017-11-07,21:00:00,0.83,0.8498,0.83,0.8401,18054,0
2017-11-07,22:00:00,0.8401,0.8485,0.82,0.83,64762,0
2017-11-08,16:00:00,0.83,0.8344,0.8,0.81,133052,0
2017-11-08,17:00:00,0.8098,0.8099,0.79,0.8,103552,0
2017-11-08,18:00:00,0.8,0.83,0.8,0.805,41769,0
2017-11-08,19:00:00,0.8068,0.8227,0.805,0.8227,15980,0
2017-11-08,20:00:00,0.815,0.8192,0.8051,0.8075,16825,0
2017-11-08,21:00:00,0.8075,0.815,0.8075,0.81,36125,0
2017-11-08,22:00:00,0.81,0.8238,0.804,0.8238,86437,0
2017-11-09,16:00:00,0.82,0.8301,0.805,0.807,9875,0
2017-11-09,17:00:00,0.8069,0.8295,0.8069,0.8103,19909,0
2017-11-09,18:00:00,0.8106,0.8106,0.7959,0.7959,35932,0
2017-11-09,19:00:00,0.795,0.8015,0.791,0.7981,44689,0
2017-11-09,20:00:00,0.792,0.809,0.78,0.79,111431,0
2017-11-09,21:00:00,0.79,0.7987,0.79,0.7919,38296,0
2017-11-09,22:00:00,0.79,0.8005,0.79,0.7923,30897,0
2017-11-10,16:00:00,0.7975,0.7978,0.7975,0.7978,34007,0
2017-11-10,17:00:00,0.7984,0.825,0.7984,0.8,51438,0
2017-11-10,18:00:00,0.8001,0.8179,0.80001,0.8145,23225,0
2017-11-10,19:00:00,0.81,0.82,0.8007,0.8171,62800,0
2017-11-10,20:00:00,0.81,0.819,0.8001,0.819,27513,0
2017-11-10,21:00:00,0.8006,0.819,0.8001,0.8053,12637,0
2017-11-10,22:00:00,0.8119,0.84,0.8053,0.8202,89559,0
2017-11-13,16:00:00,0.81,0.8433,0.81,0.8199,24634,0
2017-11-13,17:00:00,0.815,0.815,0.8107,0.8117,23888,0
2017-11-13,18:00:00,0.813,0.8178,0.803,0.803,13883,0
2017-11-13,19:00:00,0.8031,0.8097,0.8031,0.8074,18080,0
2017-11-13,20:00:00,0.8074,0.8097,0.78,0.7801,152019,0
2017-11-13,21:00:00,0.7996,0.8,0.7853,0.7996,13680,0
2017-11-13,22:00:00,0.79,0.8067,0.78,0.8067,285017,0
2017-11-14,16:00:00,0.8,0.8044,0.78,0.7906,25195,0
2017-11-14,17:00:00,0.788,0.79,0.785,0.7851,55372,0
2017-11-14,18:00:00,0.785,0.8024,0.785,0.802,22250,0
2017-11-14,19:00:00,0.7979,0.805,0.7979,0.8047,14074,0
2017-11-14,20:00:00,0.8046,0.85,0.7999,0.83,199061,0
2017-11-14,21:00:00,0.8201,0.8354,0.8151,0.8348,27325,0
2017-11-14,22:00:00,0.8326,0.8399,0.83,0.837,49310,0
2017-11-15,16:00:00,0.84,0.85,0.7855,0.8195,33903,0
2017-11-15,17:00:00,0.8182,0.8344,0.7997,0.8,67414,0
2017-11-15,18:00:00,0.8,0.81,0.8,0.8049,9414,0
2017-11-15,19:00:00,0.8001,0.8011,0.8001,0.8001,4537,0
2017-11-15,20:00:00,0.802,0.818,0.802,0.818,8175,0
2017-11-15,21:00:00,0.83,0.83,0.818,0.818,5698,0
2017-11-15,22:00:00,0.805,0.82,0.805,0.8051,39312,0
2017-11-16,16:00:00,0.805,0.81,0.805,0.805,11600,0
2017-11-16,17:00:00,0.8076,0.8191,0.8001,0.805,54857,0
2017-11-16,18:00:00,0.8004,0.81,0.8004,0.8073,28124,0
2017-11-16,19:00:00,0.8051,0.8051,0.8002,0.8018,11236,0
2017-11-16,20:00:00,0.8018,0.8065,0.8002,0.8065,5734,0
2017-11-16,21:00:00,0.8002,0.8066,0.8002,0.8003,8800,0
2017-11-16,22:00:00,0.805,0.8098,0.8003,0.801,45025,0
2017-11-17,16:00:00,0.8391,0.85,0.823,0.8234,125441,0
2017-11-17,17:00:00,0.8317,0.87,0.8317,0.8401,603882,0
2017-11-17,18:00:00,0.84,0.8575,0.84,0.8575,49440,0
2017-11-17,19:00:00,0.8507,0.865,0.8501,0.8501,79451,0
2017-11-17,20:00:00,0.8599,0.865,0.845,0.845,139341,0
2017-11-17,21:00:00,0.8499,0.855,0.84,0.8449,61192,0
2017-11-17,22:00:00,0.8422,0.865,0.84,0.8626,171478,0
2017-11-20,16:00:00,0.89,0.89,0.8201,0.8398,87990,0
2017-11-20,17:00:00,0.8396,0.8597,0.815,0.84,172301,0
2017-11-20,18:00:00,0.84,0.8581,0.8384,0.8407,19700,0
2017-11-20,19:00:00,0.8598,0.8598,0.8403,0.8431,6350,0
2017-11-20,20:00:00,0.8426,0.8464,0.83,0.845,24400,0
2017-11-20,21:00:00,0.8449,0.8449,0.83,0.8301,9670,0
2017-11-20,22:00:00,0.8302,0.8492,0.8301,0.8492,32637,0
2017-11-21,16:00:00,0.83,0.848,0.821,0.8299,29982,0
2017-11-21,17:00:00,0.8399,0.859,0.83,0.8399,15102,0
2017-11-21,18:00:00,0.8302,0.85,0.8252,0.8272,27235,0
2017-11-21,19:00:00,0.8398,0.8431,0.821,0.8431,19510,0
2017-11-21,20:00:00,0.835,0.84,0.83,0.8323,8550,0
2017-11-21,21:00:00,0.8323,0.8399,0.8304,0.8395,7622,0
2017-11-21,22:00:00,0.8351,0.97,0.835,0.96,2255207,0
2017-11-22,16:00:00,1.14,1.2,1.03,1.0369,3078901,0
2017-11-22,17:00:00,1.0353,1.04,0.981,1.02,1731644,0
2017-11-22,18:00:00,1.02,1.03,0.981,1.0113,553609,0
2017-11-22,19:00:00,1.01,1.04,1,1.0152,464484,0
2017-11-22,20:00:00,1.0192,1.03,1,1.0102,237701,0
2017-11-22,21:00:00,1.01,1.02,1,1.01,204001,0
2017-11-22,22:00:00,1.0169,1.02,0.97,0.98,647338,0
2017-11-24,16:00:00,1.01,1.02,0.925,0.9363,390845,0
2017-11-24,17:00:00,0.9398,0.98,0.9116,0.9504,279433,0
2017-11-24,18:00:00,0.95,0.95,0.935,0.935,107936,0
2017-11-24,19:00:00,0.9398,0.9452,0.92,0.9297,125947,0
2017-11-24,20:00:00,0.93,0.93,0.93,0.93,2405,0
2017-11-27,16:00:00,0.92,0.9201,0.88,0.88,336238,0
2017-11-27,17:00:00,0.8882,0.8892,0.875,0.8751,131984,0
2017-11-27,18:00:00,0.875,0.8799,0.855,0.857,160223,0
2017-11-27,19:00:00,0.857,0.88,0.855,0.8726,138913,0
2017-11-27,20:00:00,0.8749,0.8891,0.8726,0.8748,60048,0
2017-11-27,21:00:00,0.873,0.8891,0.8701,0.8891,23563,0
2017-11-27,22:00:00,0.8891,0.9152,0.8891,0.915,107472,0
2017-11-28,16:00:00,0.9082,0.919,0.8701,0.8701,66013,0
2017-11-28,17:00:00,0.8709,0.89,0.8692,0.88,77081,0
2017-11-28,18:00:00,0.8898,0.919,0.8898,0.9189,104238,0
2017-11-28,19:00:00,0.9188,0.9349,0.9006,0.9338,125220,0
2017-11-28,20:00:00,0.9319,0.96,0.93,0.9351,127948,0
2017-11-28,21:00:00,0.93,0.9346,0.92,0.923,51884,0
2017-11-28,22:00:00,0.9219,0.95,0.9217,0.9274,123870,0
2017-11-29,16:00:00,0.99,1.01,0.96,0.96,246693,0
2017-11-29,17:00:00,0.96,0.999,0.95,0.96,104200,0
2017-11-29,18:00:00,0.9677,0.9699,0.95,0.9501,73094,0
2017-11-29,19:00:00,0.9502,0.97,0.941,0.964,85750,0
2017-11-29,20:00:00,0.965,0.97,0.95,0.9505,44309,0
2017-11-29,21:00:00,0.951,0.9611,0.951,0.96,8770,0
2017-11-29,22:00:00,0.9536,0.975,0.95,0.968,80990,0
2017-11-30,16:00:00,0.9547,0.9779,0.938,0.9454,73791,0
2017-11-30,17:00:00,0.95,0.978,0.946,0.9701,96310,0
2017-11-30,18:00:00,0.9702,0.9724,0.965,0.965,66618,0
2017-11-30,19:00:00,0.9669,0.9698,0.948,0.9501,80493,0
2017-11-30,20:00:00,0.9501,0.9501,0.924,0.94,68638,0
2017-11-30,21:00:00,0.94,0.94,0.92,0.9205,44453,0
2017-11-30,22:00:00,0.921,0.9447,0.92,0.9447,31752,0
2017-12-01,16:00:00,0.95,0.9548,0.93,0.942,23913,0
2017-12-01,17:00:00,0.9401,0.945,0.9201,0.9287,45524,0
2017-12-01,18:00:00,0.9261,0.9294,0.88,0.9,154038,0
2017-12-01,19:00:00,0.9049,0.9099,0.89,0.9,11807,0
2017-12-01,20:00:00,0.9,0.9093,0.89,0.8902,10324,0
2017-12-01,21:00:00,0.9094,0.9295,0.8901,0.8906,36637,0
2017-12-01,22:00:00,0.8903,0.9255,0.8903,0.9255,14693,0
2017-12-04,16:00:00,0.953,0.953,0.915,0.9304,74827,0
2017-12-04,17:00:00,0.9399,0.9399,0.9,0.9,157518,0
2017-12-04,18:00:00,0.9001,0.9389,0.9,0.9246,40770,0
2017-12-04,19:00:00,0.92,0.9372,0.92,0.9344,7404,0
2017-12-04,20:00:00,0.93,0.9363,0.913,0.9194,60713,0
2017-12-04,21:00:00,0.9279,0.9362,0.9107,0.9286,11760,0
2017-12-04,22:00:00,0.9146,0.9283,0.8974,0.9283,103983,0
2017-12-05,16:00:00,0.911,0.9331,0.9,0.9078,52724,0
2017-12-05,17:00:00,0.9061,0.9196,0.9,0.905,17243,0
2017-12-05,18:00:00,0.908,0.9196,0.9,0.9004,21594,0
2017-12-05,19:00:00,0.9,0.91,0.8801,0.888,46270,0
2017-12-05,20:00:00,0.888,0.8996,0.88,0.88,100042,0
2017-12-05,21:00:00,0.8801,0.8997,0.88,0.8901,39637,0
2017-12-05,22:00:00,0.89,0.8937,0.8801,0.883,35920,0
2017-12-06,16:00:00,0.88,0.9085,0.8613,0.8801,73739,0
2017-12-06,17:00:00,0.8805,0.9,0.87,0.8708,75776,0
2017-12-06,18:00:00,0.8708,0.88,0.87,0.875,61671,0
2017-12-06,19:00:00,0.875,0.88,0.862,0.862,49850,0
2017-12-06,20:00:00,0.8653,0.885,0.862,0.8806,49326,0
2017-12-06,21:00:00,0.88,0.8998,0.88,0.8899,7960,0
2017-12-06,22:00:00,0.88,0.88,0.86,0.88,34461,0
