Date,Time,Open,High,Low,Close,Volume,OpenInt
2017-05-16,16:00:00,16.705,16.705,16.558,16.656,6796,0
2017-05-16,17:00:00,16.656,16.771,16.607,16.754,5628,0
2017-05-16,18:00:00,16.705,16.803,16.705,16.803,8836,0
2017-05-16,19:00:00,16.803,16.847,16.803,16.803,2245,0
2017-05-16,20:00:00,16.803,16.999,16.803,16.999,7149,0
2017-05-16,21:00:00,16.975,16.999,16.95,16.999,2125,0
2017-05-16,22:00:00,16.95,17.048,16.95,16.999,20019,0
2017-05-17,16:00:00,16.705,16.803,16.656,16.656,4131,0
2017-05-17,17:00:00,16.705,16.705,16.509,16.558,21414,0
2017-05-17,18:00:00,16.533,16.607,16.411,16.607,12487,0
2017-05-17,19:00:00,16.607,16.607,16.411,16.533,5913,0
2017-05-17,20:00:00,16.509,16.705,16.46,16.705,13386,0
2017-05-17,21:00:00,16.656,16.656,16.509,16.607,8686,0
2017-05-17,22:00:00,16.607,16.646,16.46,16.46,23588,0
2017-05-18,16:00:00,16.46,16.558,16.435,16.435,520,0
2017-05-18,17:00:00,16.435,16.46,16.215,16.46,12511,0
2017-05-18,18:00:00,16.435,16.509,16.411,16.46,12320,0
2017-05-18,19:00:00,16.46,16.607,16.46,16.558,4792,0
2017-05-18,20:00:00,16.558,16.607,16.46,16.509,4500,0
2017-05-18,21:00:00,16.465,16.558,16.362,16.46,9653,0
2017-05-18,22:00:00,16.435,16.435,16.264,16.289,14870,0
2017-05-19,16:00:00,16.313,16.411,16.117,16.215,9731,0
2017-05-19,17:00:00,16.166,16.362,16.166,16.264,8091,0
2017-05-19,18:00:00,16.259,16.313,16.141,16.239,9186,0
2017-05-19,19:00:00,16.241,16.313,16.234,16.289,2537,0
2017-05-19,20:00:00,16.264,16.313,16.264,16.289,4919,0
2017-05-19,21:00:00,16.313,16.411,16.313,16.337,5543,0
2017-05-19,22:00:00,16.362,16.411,16.117,16.166,26405,0
2017-05-22,16:00:00,16.215,16.231,16.117,16.215,4428,0
2017-05-22,17:00:00,16.214,16.264,16.068,16.068,12771,0
2017-05-22,18:00:00,16.068,16.215,16.068,16.068,5512,0
2017-05-22,19:00:00,16.093,16.117,15.97,16.019,9778,0
2017-05-22,20:00:00,16.019,16.068,15.97,16.043,4077,0
2017-05-22,21:00:00,16.043,16.117,16.01,16.068,4143,0
2017-05-22,22:00:00,16.068,16.117,16.019,16.068,18169,0
2017-05-23,16:00:00,16.215,16.215,16.019,16.019,2308,0
2017-05-23,17:00:00,15.97,15.97,15.823,15.872,4160,0
2017-05-23,18:00:00,15.872,15.97,15.799,15.97,14795,0
2017-05-23,19:00:00,15.97,16.043,15.872,15.897,5870,0
2017-05-23,20:00:00,15.897,15.921,15.823,15.921,2948,0
2017-05-23,21:00:00,15.823,16.019,15.823,15.97,6896,0
2017-05-23,22:00:00,15.995,16.166,15.97,16.117,24132,0
2017-05-24,16:00:00,16.117,16.166,16.068,16.068,2326,0
2017-05-24,17:00:00,16.068,16.166,16.068,16.166,5237,0
2017-05-24,18:00:00,16.166,16.166,15.872,15.872,5061,0
2017-05-24,19:00:00,15.921,15.97,15.774,15.848,9182,0
2017-05-24,20:00:00,15.848,15.872,15.725,15.75,6462,0
2017-05-24,21:00:00,15.725,15.774,15.676,15.701,7686,0
2017-05-24,22:00:00,15.706,15.774,15.627,15.725,20102,0
2017-05-25,16:00:00,15.774,15.97,15.774,15.774,2209,0
2017-05-25,17:00:00,15.823,15.872,15.725,15.774,3678,0
2017-05-25,18:00:00,15.823,15.823,15.676,15.774,5843,0
2017-05-25,19:00:00,15.774,15.872,15.676,15.848,7080,0
2017-05-25,20:00:00,15.823,15.823,15.676,15.823,12048,0
2017-05-25,21:00:00,15.823,15.97,15.774,15.97,10208,0
2017-05-25,22:00:00,15.945,16.043,15.872,15.921,17282,0
2017-05-26,16:00:00,15.97,15.97,15.872,15.921,1554,0
2017-05-26,17:00:00,15.823,15.872,15.774,15.872,918,0
2017-05-26,18:00:00,15.808,15.872,15.774,15.872,2454,0
2017-05-26,19:00:00,15.872,15.921,15.823,15.921,816,0
2017-05-26,20:00:00,15.897,15.97,15.872,15.97,2347,0
2017-05-26,21:00:00,15.872,15.872,15.823,15.823,2639,0
2017-05-26,22:00:00,15.872,15.921,15.774,15.872,25646,0
2017-05-30,16:00:00,15.823,15.97,15.823,15.921,2391,0
2017-05-30,17:00:00,15.823,15.823,15.725,15.73,6257,0
2017-05-30,18:00:00,15.823,15.872,15.799,15.823,3913,0
2017-05-30,19:00:00,15.872,15.926,15.823,15.823,4843,0
2017-05-30,20:00:00,15.848,16.019,15.848,16.019,12805,0
2017-05-30,21:00:00,16.019,16.068,15.945,15.97,4210,0
2017-05-30,22:00:00,15.97,16.019,15.872,15.872,13116,0
2017-05-31,16:00:00,15.823,15.97,15.676,15.676,3664,0
2017-05-31,17:00:00,15.676,15.872,15.603,15.872,8190,0
2017-05-31,18:00:00,15.848,15.872,15.627,15.725,13585,0
2017-05-31,19:00:00,15.676,15.75,15.676,15.701,7251,0
2017-05-31,20:00:00,15.706,15.823,15.627,15.652,7262,0
2017-05-31,21:00:00,15.627,15.725,15.627,15.676,7810,0
2017-05-31,22:00:00,15.701,15.823,15.676,15.725,29623,0
2017-06-01,16:00:00,15.774,15.774,15.676,15.725,1921,0
2017-06-01,17:00:00,15.823,15.839,15.75,15.774,3869,0
2017-06-01,18:00:00,15.774,15.799,15.774,15.788,1281,0
2017-06-01,19:00:00,15.823,15.921,15.784,15.921,4367,0
2017-06-01,20:00:00,15.897,15.945,15.872,15.872,2175,0
2017-06-01,21:00:00,15.848,16.019,15.848,15.97,5729,0
2017-06-01,22:00:00,15.995,16.141,15.921,16.068,50137,0
2017-06-02,16:00:00,15.97,16.362,15.97,16.127,6670,0
2017-06-02,17:00:00,16.166,16.215,16.068,16.166,3470,0
2017-06-02,18:00:00,16.191,16.46,16.191,16.435,9857,0
2017-06-02,19:00:00,16.411,16.411,16.264,16.313,2935,0
2017-06-02,20:00:00,16.264,16.264,16.117,16.166,5359,0
2017-06-02,21:00:00,16.215,16.215,16.068,16.068,4083,0
2017-06-02,22:00:00,16.117,16.166,16.019,16.068,19485,0
2017-06-05,16:00:00,16.117,16.362,16.068,16.068,2685,0
2017-06-05,17:00:00,16.117,16.166,15.97,15.97,2040,0
2017-06-05,18:00:00,15.945,16.019,15.921,16.019,6761,0
2017-06-05,19:00:00,16.043,16.043,15.921,15.97,6970,0
2017-06-05,20:00:00,15.945,15.945,15.921,15.945,2430,0
2017-06-05,21:00:00,15.945,16.093,15.872,16.019,5702,0
2017-06-05,22:00:00,16.019,16.068,15.921,15.921,13111,0
2017-06-06,16:00:00,15.823,16.019,15.774,15.921,6711,0
2017-06-06,17:00:00,15.872,15.97,15.774,15.774,6948,0
2017-06-06,18:00:00,15.774,15.774,15.578,15.725,10622,0
2017-06-06,19:00:00,15.774,15.799,15.774,15.799,510,0
2017-06-06,20:00:00,15.799,15.823,15.725,15.756,4491,0
2017-06-06,21:00:00,15.725,16.019,15.725,15.921,7702,0
2017-06-06,22:00:00,15.872,15.97,15.774,15.872,20265,0
2017-06-07,16:00:00,15.774,15.97,15.774,15.872,2751,0
2017-06-07,17:00:00,15.872,16.019,15.725,15.97,6713,0
2017-06-07,18:00:00,15.97,16.117,15.97,16.068,7623,0
2017-06-07,19:00:00,15.97,15.97,15.823,15.872,6011,0
2017-06-07,20:00:00,15.921,15.97,15.823,15.872,3517,0
2017-06-07,21:00:00,15.921,15.97,15.872,15.921,7058,0
2017-06-07,22:00:00,15.872,16.019,15.823,15.97,19490,0
2017-06-08,16:00:00,16.019,16.215,15.848,16.215,2222,0
2017-06-08,17:00:00,16.264,16.313,16.117,16.313,6226,0
2017-06-08,18:00:00,16.362,16.362,16.166,16.215,4083,0
2017-06-08,19:00:00,16.264,16.362,16.215,16.264,3164,0
2017-06-08,20:00:00,16.362,16.46,16.264,16.387,3393,0
2017-06-08,21:00:00,16.411,16.46,16.313,16.46,10891,0
2017-06-08,22:00:00,16.411,16.509,16.387,16.46,30093,0
2017-06-09,16:00:00,16.509,16.509,16.117,16.46,2247,0
2017-06-09,17:00:00,16.509,16.607,16.411,16.509,6360,0
2017-06-09,18:00:00,16.558,16.607,16.509,16.558,5325,0
2017-06-09,19:00:00,16.613,16.754,16.558,16.754,8288,0
2017-06-09,20:00:00,16.754,16.852,16.656,16.729,9067,0
2017-06-09,21:00:00,16.729,16.901,16.705,16.754,20497,0
2017-06-09,22:00:00,16.803,16.803,16.509,16.558,44590,0
2017-06-12,16:00:00,16.509,16.852,16.509,16.852,3443,0
2017-06-12,17:00:00,16.877,17.048,16.852,16.95,14518,0
2017-06-12,18:00:00,16.901,16.95,16.46,16.509,11330,0
2017-06-12,19:00:00,16.46,16.754,16.411,16.754,5433,0
2017-06-12,20:00:00,16.754,16.803,16.656,16.774,11089,0
2017-06-12,21:00:00,16.754,16.754,16.558,16.607,5842,0
2017-06-12,22:00:00,16.607,16.705,16.558,16.656,14417,0
2017-06-13,16:00:00,16.607,16.656,16.46,16.558,3042,0
2017-06-13,17:00:00,16.558,16.803,16.558,16.754,5188,0
2017-06-13,18:00:00,16.803,16.852,16.607,16.656,6697,0
2017-06-13,19:00:00,16.631,16.631,16.558,16.607,913,0
2017-06-13,20:00:00,16.607,16.803,16.607,16.803,4630,0
2017-06-13,21:00:00,16.803,16.827,16.656,16.705,5508,0
2017-06-13,22:00:00,16.656,16.656,16.607,16.607,14115,0
2017-06-14,16:00:00,16.656,16.656,16.558,16.656,930,0
2017-06-14,17:00:00,16.583,16.607,16.453,16.453,2463,0
2017-06-14,18:00:00,16.46,16.558,16.411,16.558,4797,0
2017-06-14,19:00:00,16.509,16.607,16.509,16.509,2272,0
2017-06-14,20:00:00,16.558,16.607,16.509,16.558,5823,0
2017-06-14,21:00:00,16.558,16.558,16.362,16.46,13599,0
2017-06-14,22:00:00,16.435,16.558,16.411,16.509,15279,0
2017-06-15,16:00:00,16.411,16.558,16.411,16.411,2607,0
2017-06-15,17:00:00,16.46,16.558,16.362,16.46,3187,0
2017-06-15,18:00:00,16.46,16.509,16.313,16.313,3808,0
2017-06-15,19:00:00,16.338,16.338,16.264,16.313,1837,0
2017-06-15,20:00:00,16.264,16.362,16.264,16.337,1962,0
2017-06-15,21:00:00,16.313,16.337,16.264,16.313,3144,0
2017-06-15,22:00:00,16.289,16.313,16.215,16.313,18892,0
2017-06-16,16:00:00,16.117,16.215,15.872,16.068,59143,0
2017-06-16,17:00:00,16.141,16.141,16.068,16.068,1052,0
2017-06-16,18:00:00,16.068,16.117,16.019,16.019,19086,0
2017-06-16,19:00:00,16.043,16.215,16.043,16.215,1837,0
2017-06-16,20:00:00,16.136,16.264,16.136,16.264,2635,0
2017-06-16,21:00:00,16.264,16.313,16.166,16.166,8668,0
2017-06-16,22:00:00,16.191,16.215,16.019,16.068,68105,0
2017-06-19,16:00:00,15.774,16.313,15.774,16.313,8114,0
2017-06-19,17:00:00,16.362,16.46,16.313,16.411,9991,0
2017-06-19,18:00:00,16.411,16.46,16.313,16.337,8202,0
2017-06-19,19:00:00,16.337,16.47,16.264,16.411,46280,0
2017-06-19,20:00:00,16.46,16.656,16.46,16.533,11146,0
2017-06-19,21:00:00,16.509,16.509,16.264,16.362,18036,0
2017-06-19,22:00:00,16.337,16.46,16.313,16.411,19820,0
2017-06-20,16:00:00,16.313,16.46,16.215,16.46,4518,0
2017-06-20,17:00:00,16.46,16.656,16.362,16.656,12768,0
2017-06-20,18:00:00,16.656,16.754,16.656,16.754,4442,0
2017-06-20,19:00:00,16.705,16.754,16.656,16.754,9560,0
2017-06-20,20:00:00,16.754,16.803,16.754,16.779,5630,0
2017-06-20,21:00:00,16.779,16.803,16.705,16.705,3198,0
2017-06-20,22:00:00,16.681,16.754,16.656,16.705,20669,0
2017-06-21,16:00:00,16.558,16.705,16.558,16.705,982,0
2017-06-21,17:00:00,16.705,16.733,16.607,16.66,3223,0
2017-06-21,18:00:00,16.607,16.656,16.46,16.46,6132,0
2017-06-21,19:00:00,16.46,16.485,16.435,16.485,3170,0
2017-06-21,20:00:00,16.46,16.509,16.411,16.485,3936,0
2017-06-21,21:00:00,16.485,16.607,16.485,16.533,7017,0
2017-06-21,22:00:00,16.509,16.558,16.46,16.509,37888,0
2017-06-22,16:00:00,16.46,16.509,16.46,16.509,1977,0
2017-06-22,17:00:00,16.558,16.607,16.435,16.46,3051,0
2017-06-22,18:00:00,16.485,16.558,16.485,16.558,816,0
2017-06-22,19:00:00,16.533,16.754,16.525,16.705,11678,0
2017-06-22,20:00:00,16.705,16.754,16.631,16.656,3266,0
2017-06-22,21:00:00,16.656,16.754,16.631,16.754,5126,0
2017-06-22,22:00:00,16.754,16.852,16.656,16.705,22272,0
2017-06-23,16:00:00,16.803,16.803,16.705,16.705,1243,0
2017-06-23,17:00:00,16.754,16.852,16.656,16.852,2818,0
2017-06-23,18:00:00,16.803,16.95,16.803,16.852,3852,0
2017-06-23,19:00:00,16.827,16.901,16.827,16.901,3700,0
2017-06-23,20:00:00,16.877,16.925,16.852,16.901,5155,0
2017-06-23,21:00:00,16.877,16.96,16.877,16.95,6300,0
2017-06-23,22:00:00,16.95,17.293,16.901,17.195,119829,0
2017-06-26,16:00:00,17.44,17.44,17.097,17.195,7659,0
2017-06-26,17:00:00,17.195,17.538,17.151,17.244,8187,0
2017-06-26,18:00:00,17.195,17.44,17.048,17.391,7893,0
2017-06-26,19:00:00,17.406,17.489,17.391,17.44,4475,0
2017-06-26,20:00:00,17.396,17.733,17.396,17.587,29323,0
2017-06-26,21:00:00,17.587,17.685,17.538,17.685,10713,0
2017-06-26,22:00:00,17.66,17.733,17.587,17.587,40583,0
2017-06-27,16:00:00,17.733,17.783,17.614,17.733,18553,0
2017-06-27,17:00:00,17.738,18.027,17.685,17.929,17311,0
2017-06-27,18:00:00,17.979,18.125,17.881,18.052,9532,0
2017-06-27,19:00:00,18.052,18.469,18.052,18.273,14442,0
2017-06-27,20:00:00,18.321,18.469,18.175,18.419,17006,0
2017-06-27,21:00:00,18.419,18.713,18.371,18.64,19570,0
2017-06-27,22:00:00,18.615,18.665,18.273,18.321,56291,0
2017-06-28,16:00:00,18.517,18.517,18.125,18.175,10349,0
2017-06-28,17:00:00,18.223,18.395,18.185,18.371,7757,0
2017-06-28,18:00:00,18.419,18.577,18.395,18.469,10559,0
2017-06-28,19:00:00,18.493,18.615,18.493,18.542,7378,0
2017-06-28,20:00:00,18.542,18.615,18.469,18.517,12916,0
2017-06-28,21:00:00,18.493,18.517,18.371,18.517,19579,0
2017-06-28,22:00:00,18.542,18.665,18.419,18.665,59788,0
2017-06-29,16:00:00,18.665,18.713,18.567,18.665,3754,0
2017-06-29,17:00:00,18.668,18.713,18.517,18.517,6794,0
2017-06-29,18:00:00,18.419,18.615,18.371,18.517,11545,0
2017-06-29,19:00:00,18.517,18.567,18.419,18.419,4898,0
2017-06-29,20:00:00,18.419,18.567,18.419,18.567,13136,0
2017-06-29,21:00:00,18.567,18.811,18.567,18.787,14002,0
2017-06-29,22:00:00,18.787,18.909,18.763,18.86,73049,0
2017-06-30,16:00:00,18.909,18.909,18.469,18.615,8257,0
2017-06-30,17:00:00,18.615,18.713,18.517,18.615,8263,0
2017-06-30,18:00:00,18.615,18.665,18.567,18.615,4196,0
2017-06-30,19:00:00,18.591,18.713,18.567,18.689,7354,0
2017-06-30,20:00:00,18.689,18.713,18.615,18.615,6403,0
2017-06-30,21:00:00,18.615,18.665,18.615,18.64,5737,0
2017-06-30,22:00:00,18.665,18.763,18.615,18.713,73109,0
2017-07-03,16:00:00,18.713,18.909,18.586,18.586,12174,0
2017-07-03,17:00:00,18.615,18.713,18.469,18.615,14680,0
2017-07-03,18:00:00,18.615,18.811,18.567,18.605,15157,0
2017-07-03,19:00:00,18.567,18.86,18.567,18.811,26379,0
2017-07-03,20:00:00,18.811,18.811,18.763,18.811,8750,0
2017-07-05,16:00:00,18.762,18.901,18.415,18.44,46756,0
2017-07-05,17:00:00,18.415,18.465,18.217,18.465,11478,0
2017-07-05,18:00:00,18.465,18.663,18.415,18.663,9536,0
2017-07-05,19:00:00,18.613,18.712,18.514,18.613,6171,0
2017-07-05,20:00:00,18.564,18.663,18.514,18.663,2961,0
2017-07-05,21:00:00,18.663,18.712,18.514,18.564,6000,0
2017-07-05,22:00:00,18.564,18.861,18.539,18.811,76330,0
2017-07-06,16:00:00,18.811,18.811,18.514,18.663,4436,0
2017-07-06,17:00:00,18.712,18.861,18.564,18.811,39601,0
2017-07-06,18:00:00,18.811,18.96,18.811,18.91,14045,0
2017-07-06,19:00:00,18.96,19.009,18.861,18.91,7402,0
2017-07-06,20:00:00,18.861,18.91,18.712,18.811,5368,0
2017-07-06,21:00:00,18.787,18.811,18.688,18.811,6959,0
2017-07-06,22:00:00,18.762,18.811,18.613,18.712,42473,0
2017-07-07,16:00:00,18.861,18.861,18.762,18.762,1759,0
2017-07-07,17:00:00,18.811,18.811,18.613,18.638,4271,0
2017-07-07,18:00:00,18.638,18.836,18.613,18.811,10318,0
2017-07-07,19:00:00,18.762,18.811,18.712,18.762,4275,0
2017-07-07,20:00:00,18.811,18.811,18.762,18.762,2961,0
2017-07-07,21:00:00,18.762,18.861,18.762,18.811,15956,0
2017-07-07,22:00:00,18.811,18.861,18.762,18.861,36575,0
2017-07-10,16:00:00,18.762,18.811,18.589,18.613,10355,0
2017-07-10,17:00:00,18.613,18.712,18.564,18.63,7397,0
2017-07-10,18:00:00,18.613,18.762,18.613,18.762,5761,0
2017-07-10,19:00:00,18.762,18.811,18.712,18.787,6060,0
2017-07-10,20:00:00,18.811,18.861,18.663,18.787,23652,0
2017-07-10,21:00:00,18.787,18.811,18.663,18.762,21082,0
2017-07-10,22:00:00,18.787,18.811,18.663,18.712,52888,0
2017-07-11,16:00:00,18.811,18.861,18.712,18.762,15985,0
2017-07-11,17:00:00,18.762,18.836,18.712,18.836,18388,0
2017-07-11,18:00:00,18.861,18.91,18.663,18.836,12529,0
2017-07-11,19:00:00,18.811,18.861,18.712,18.811,9517,0
2017-07-11,20:00:00,18.811,18.861,18.787,18.811,8537,0
2017-07-11,21:00:00,18.811,18.861,18.712,18.712,10605,0
2017-07-11,22:00:00,18.712,18.811,18.712,18.811,36062,0
2017-07-12,16:00:00,18.811,19.108,18.811,19.009,5174,0
2017-07-12,17:00:00,19.009,19.059,18.712,18.811,8631,0
2017-07-12,18:00:00,18.787,18.787,18.712,18.787,5561,0
2017-07-12,19:00:00,18.787,18.787,18.712,18.762,12877,0
2017-07-12,20:00:00,18.737,18.737,18.663,18.712,13837,0
2017-07-12,21:00:00,18.762,18.811,18.712,18.737,7711,0
2017-07-12,22:00:00,18.762,18.836,18.712,18.762,41775,0
2017-07-13,16:00:00,18.861,18.861,18.762,18.762,2532,0
2017-07-13,17:00:00,18.762,18.811,18.663,18.688,13964,0
2017-07-13,18:00:00,18.712,18.712,18.663,18.688,6285,0
2017-07-13,19:00:00,18.688,18.762,18.663,18.712,8205,0
2017-07-13,20:00:00,18.663,18.91,18.663,18.91,11905,0
2017-07-13,21:00:00,18.96,18.96,18.762,18.762,5557,0
2017-07-13,22:00:00,18.762,18.96,18.762,18.861,29734,0
2017-07-14,16:00:00,18.762,18.871,18.762,18.811,2564,0
2017-07-14,17:00:00,18.861,18.91,18.811,18.861,4328,0
2017-07-14,18:00:00,18.861,18.91,18.811,18.861,9750,0
2017-07-14,19:00:00,18.861,18.91,18.811,18.861,4247,0
2017-07-14,20:00:00,18.886,19.009,18.861,19.009,5471,0
2017-07-14,21:00:00,18.96,19.059,18.91,19.009,8093,0
2017-07-14,22:00:00,19.009,19.133,18.985,19.059,35870,0
2017-07-17,16:00:00,19.059,19.059,18.861,19.009,2968,0
2017-07-17,17:00:00,18.96,19.257,18.91,19.059,24085,0
2017-07-17,18:00:00,19.059,19.158,19.009,19.059,16937,0
2017-07-17,19:00:00,19.059,19.108,19.059,19.084,6585,0
2017-07-17,20:00:00,19.084,19.108,19.009,19.108,13498,0
2017-07-17,21:00:00,19.108,19.207,19.059,19.084,10446,0
2017-07-17,22:00:00,19.059,19.158,18.96,19.108,50020,0
2017-07-18,16:00:00,19.108,19.108,18.96,18.96,3566,0
2017-07-18,17:00:00,19.009,19.009,18.861,18.91,4040,0
2017-07-18,18:00:00,18.91,19.009,18.861,18.935,4005,0
2017-07-18,19:00:00,18.91,19.009,18.9,18.91,5327,0
2017-07-18,20:00:00,18.861,18.935,18.811,18.935,5101,0
2017-07-18,21:00:00,18.91,19.054,18.861,18.985,17012,0
2017-07-18,22:00:00,18.96,19.158,18.96,19.108,32253,0
2017-07-19,16:00:00,19.207,19.257,19.158,19.207,4861,0
2017-07-19,17:00:00,19.257,19.381,19.059,19.158,84584,0
2017-07-19,18:00:00,19.207,19.356,19.158,19.207,7954,0
2017-07-19,19:00:00,19.257,19.257,19.207,19.232,3765,0
2017-07-19,20:00:00,19.232,19.257,19.158,19.158,11320,0
2017-07-19,21:00:00,19.158,19.207,19.059,19.207,55349,0
2017-07-19,22:00:00,19.183,19.232,19.108,19.158,39516,0
2017-07-20,16:00:00,19.207,19.217,19.108,19.108,6580,0
2017-07-20,17:00:00,19.108,19.158,19.009,19.084,17347,0
2017-07-20,18:00:00,19.059,19.356,19.034,19.306,11686,0
2017-07-20,19:00:00,19.257,19.405,19.207,19.331,5959,0
2017-07-20,20:00:00,19.306,19.405,19.257,19.356,76823,0
2017-07-20,21:00:00,19.356,19.504,19.356,19.455,22327,0
2017-07-20,22:00:00,19.504,19.554,19.356,19.405,22098,0
2017-07-21,16:00:00,19.554,19.554,19.356,19.356,29074,0
2017-07-21,17:00:00,19.306,19.306,19.108,19.108,12120,0
2017-07-21,18:00:00,19.108,19.158,19.084,19.133,15337,0
2017-07-21,19:00:00,19.158,19.158,19.059,19.059,7398,0
2017-07-21,20:00:00,19.059,19.158,19.059,19.133,7134,0
2017-07-21,21:00:00,19.133,19.207,19.108,19.158,6780,0
2017-07-21,22:00:00,19.207,19.405,19.108,19.158,39058,0
2017-07-24,16:00:00,19.158,19.207,19.009,19.034,9913,0
2017-07-24,17:00:00,19.029,19.207,19.009,19.108,11990,0
2017-07-24,18:00:00,19.084,19.108,19.059,19.108,2557,0
2017-07-24,19:00:00,19.084,19.084,18.985,19.034,19222,0
2017-07-24,20:00:00,19.034,19.187,19.024,19.059,19387,0
2017-07-24,21:00:00,19.059,19.183,19.059,19.183,3891,0
2017-07-24,22:00:00,19.183,19.207,19.108,19.108,14540,0
2017-07-25,16:00:00,19.207,19.405,19.158,19.405,4939,0
2017-07-25,17:00:00,19.405,19.455,19.306,19.356,4394,0
2017-07-25,18:00:00,19.356,19.653,19.356,19.653,11095,0
2017-07-25,19:00:00,19.603,19.653,19.405,19.405,7006,0
2017-07-25,20:00:00,19.306,19.356,19.207,19.257,6376,0
2017-07-25,21:00:00,19.257,19.504,19.257,19.455,14156,0
2017-07-25,22:00:00,19.48,19.504,19.207,19.306,46628,0
2017-07-26,16:00:00,19.356,19.356,19.207,19.207,1140,0
2017-07-26,17:00:00,19.108,19.158,19.009,19.108,3961,0
2017-07-26,18:00:00,19.108,19.108,19.059,19.108,5069,0
2017-07-26,19:00:00,19.059,19.108,19.009,19.108,3267,0
2017-07-26,20:00:00,19.138,19.138,19.059,19.059,6935,0
2017-07-26,21:00:00,19.108,19.108,19.034,19.084,7577,0
2017-07-26,22:00:00,19.084,19.158,19.059,19.059,21266,0
2017-07-27,16:00:00,19.059,19.108,19.059,19.059,6426,0
2017-07-27,17:00:00,19.059,19.257,18.96,19.108,24894,0
2017-07-27,18:00:00,19.108,19.257,19.108,19.158,6311,0
2017-07-27,19:00:00,19.183,19.207,19.059,19.059,9893,0
2017-07-27,20:00:00,19.059,19.232,19.059,19.207,7947,0
2017-07-27,21:00:00,19.207,19.306,19.158,19.257,14777,0
2017-07-27,22:00:00,19.306,19.331,19.207,19.257,21086,0
2017-07-28,16:00:00,19.207,19.286,19.108,19.158,3627,0
2017-07-28,17:00:00,19.158,19.207,19.108,19.158,3815,0
2017-07-28,18:00:00,19.158,19.158,19.059,19.108,3434,0
2017-07-28,19:00:00,19.108,19.158,19.059,19.108,2024,0
2017-07-28,20:00:00,19.084,19.158,19.059,19.108,3131,0
2017-07-28,21:00:00,19.108,19.108,19.059,19.059,1599,0
2017-07-28,22:00:00,19.108,19.158,19.059,19.108,19115,0
2017-07-31,16:00:00,19.158,19.257,19.009,19.009,2035,0
2017-07-31,17:00:00,19.009,19.158,19.009,19.059,6471,0
2017-07-31,18:00:00,19.108,19.129,19.059,19.084,2365,0
2017-07-31,19:00:00,19.084,19.158,19.084,19.158,909,0
2017-07-31,20:00:00,19.207,19.257,19.183,19.207,3262,0
2017-07-31,21:00:00,19.183,19.183,19.084,19.108,6641,0
2017-07-31,22:00:00,19.158,19.257,19.059,19.059,41190,0
2017-08-01,16:00:00,19.009,19.207,18.925,19.118,14835,0
2017-08-01,17:00:00,19.099,19.257,19.009,19.256,9050,0
2017-08-01,18:00:00,19.257,19.504,19.257,19.397,6213,0
2017-08-01,19:00:00,19.361,19.455,19.324,19.356,7299,0
2017-08-01,20:00:00,19.356,19.455,19.356,19.455,5477,0
2017-08-01,21:00:00,19.426,19.455,19.405,19.455,6099,0
2017-08-01,22:00:00,19.455,19.603,19.45,19.554,32795,0
2017-08-02,16:00:00,19.554,19.554,19.356,19.455,3156,0
2017-08-02,17:00:00,19.356,19.405,19.183,19.207,2915,0
2017-08-02,18:00:00,19.183,19.257,19.183,19.257,5353,0
2017-08-02,19:00:00,19.257,19.331,19.183,19.257,11501,0
2017-08-02,20:00:00,19.257,19.282,19.232,19.232,2887,0
2017-08-02,21:00:00,19.232,19.306,19.183,19.257,4902,0
2017-08-02,22:00:00,19.257,19.306,19.108,19.108,13862,0
2017-08-03,16:00:00,19.158,19.207,19.059,19.207,4423,0
2017-08-03,17:00:00,19.108,19.207,19.059,19.158,5416,0
2017-08-03,18:00:00,19.158,19.257,19.108,19.257,6566,0
2017-08-03,19:00:00,19.207,19.356,19.207,19.212,23988,0
2017-08-03,20:00:00,19.257,19.257,19.034,19.108,6077,0
2017-08-03,21:00:00,19.059,19.059,18.96,19.059,7356,0
2017-08-03,22:00:00,19.059,19.108,19.034,19.059,20019,0
2017-08-04,16:00:00,19.218,19.218,18.96,19.009,4377,0
2017-08-04,17:00:00,19.009,19.108,19.009,19.059,2753,0
2017-08-04,18:00:00,19.059,19.059,18.96,18.96,1212,0
2017-08-04,19:00:00,18.91,19.009,18.91,19.009,979,0
2017-08-04,20:00:00,19.009,19.158,19.009,19.059,7100,0
2017-08-04,21:00:00,19.059,19.158,19.034,19.108,4030,0
2017-08-04,22:00:00,19.133,19.183,19.108,19.108,20754,0
2017-08-07,16:00:00,19.207,19.207,19.084,19.084,3617,0
2017-08-07,17:00:00,19.059,19.071,18.96,18.96,5101,0
2017-08-07,18:00:00,19.009,19.158,18.91,19.158,35321,0
2017-08-07,19:00:00,19.158,19.257,19.108,19.108,3284,0
2017-08-07,20:00:00,19.108,19.108,19.009,19.009,3807,0
2017-08-07,21:00:00,19.059,19.059,18.96,19.059,24199,0
2017-08-07,22:00:00,19.059,19.133,18.96,19.009,17203,0
2017-08-08,16:00:00,19.059,19.148,18.96,18.96,3362,0
2017-08-08,17:00:00,18.96,19.207,18.96,19.207,9117,0
2017-08-08,18:00:00,19.257,19.257,19.158,19.207,1881,0
2017-08-08,19:00:00,19.207,19.207,18.91,18.935,11540,0
2017-08-08,20:00:00,18.96,19.059,18.96,19.034,6175,0
2017-08-08,21:00:00,19.059,19.133,19.034,19.084,4474,0
2017-08-08,22:00:00,19.108,19.108,18.91,18.96,23284,0
2017-08-09,16:00:00,18.91,18.96,18.811,18.861,7080,0
2017-08-09,17:00:00,18.861,18.91,18.861,18.91,1538,0
2017-08-09,18:00:00,18.91,19.009,18.91,19.009,2342,0
2017-08-09,19:00:00,19.016,19.059,18.91,18.91,4953,0
2017-08-09,20:00:00,18.91,18.96,18.886,18.886,3269,0
2017-08-09,21:00:00,18.886,18.96,18.811,18.95,31032,0
2017-08-09,22:00:00,18.861,18.91,18.762,18.861,22873,0
2017-08-10,16:00:00,18.811,18.811,18.811,18.811,593,0
2017-08-10,17:00:00,18.762,18.762,18.613,18.638,4085,0
2017-08-10,18:00:00,18.638,18.762,18.613,18.712,8154,0
2017-08-10,19:00:00,18.712,18.762,18.663,18.737,5411,0
2017-08-10,20:00:00,18.712,18.811,18.663,18.712,6831,0
2017-08-10,21:00:00,18.663,18.712,18.663,18.712,5194,0
2017-08-10,22:00:00,18.663,18.811,18.663,18.663,30518,0
2017-08-11,16:00:00,18.217,18.861,18.118,18.762,9530,0
2017-08-11,17:00:00,18.811,18.811,18.591,18.591,5348,0
2017-08-11,18:00:00,18.663,18.663,18.49,18.514,4300,0
2017-08-11,19:00:00,18.504,18.504,18.403,18.415,5483,0
2017-08-11,20:00:00,18.415,18.613,18.415,18.564,6057,0
2017-08-11,21:00:00,18.564,18.584,18.514,18.564,2691,0
2017-08-11,22:00:00,18.564,18.564,18.465,18.514,16166,0
2017-08-14,16:00:00,18.564,18.663,18.346,18.661,2496,0
2017-08-14,17:00:00,18.613,18.712,18.564,18.712,3264,0
2017-08-14,18:00:00,18.712,18.762,18.688,18.762,2121,0
2017-08-14,19:00:00,18.861,18.861,18.712,18.811,5655,0
2017-08-14,20:00:00,18.811,18.861,18.762,18.762,2424,0
2017-08-14,21:00:00,18.787,18.787,18.712,18.762,2570,0
2017-08-14,22:00:00,18.811,18.91,18.762,18.861,17336,0
2017-08-15,16:00:00,18.811,18.811,18.683,18.683,1290,0
2017-08-15,17:00:00,18.673,18.811,18.613,18.712,5034,0
2017-08-15,18:00:00,18.712,18.712,18.663,18.712,3131,0
2017-08-15,19:00:00,18.712,18.712,18.613,18.663,2020,0
2017-08-15,20:00:00,18.663,18.712,18.564,18.613,4298,0
2017-08-15,21:00:00,18.564,18.663,18.564,18.613,1616,0
2017-08-15,22:00:00,18.613,18.737,18.564,18.613,19741,0
2017-08-16,16:00:00,18.613,18.663,18.613,18.663,1341,0
2017-08-16,17:00:00,18.613,18.663,18.564,18.663,1525,0
2017-08-16,18:00:00,18.712,18.762,18.712,18.712,1842,0
2017-08-16,19:00:00,18.762,18.811,18.663,18.663,5934,0
2017-08-16,20:00:00,18.663,18.712,18.564,18.613,5260,0
2017-08-16,21:00:00,18.613,18.613,18.514,18.613,3186,0
2017-08-16,22:00:00,18.564,18.564,18.415,18.465,15781,0
2017-08-17,16:00:00,18.366,18.613,18.366,18.514,1842,0
2017-08-17,17:00:00,18.514,18.514,18.267,18.415,4935,0
2017-08-17,18:00:00,18.465,18.49,18.415,18.465,4430,0
2017-08-17,19:00:00,18.415,18.49,18.366,18.366,8074,0
2017-08-17,20:00:00,18.366,18.443,18.366,18.415,4332,0
2017-08-17,21:00:00,18.415,18.514,18.366,18.465,4409,0
2017-08-17,22:00:00,18.514,18.514,18.267,18.267,20133,0
2017-08-18,16:00:00,18.118,18.217,18.118,18.143,12196,0
2017-08-18,17:00:00,18.168,18.316,18.168,18.217,5209,0
2017-08-18,18:00:00,18.267,18.267,18.217,18.217,1010,0
2017-08-18,19:00:00,18.217,18.415,18.217,18.415,5693,0
2017-08-18,20:00:00,18.415,18.514,18.415,18.465,2121,0
2017-08-18,21:00:00,18.415,18.415,18.341,18.391,8222,0
2017-08-18,22:00:00,18.415,18.465,18.316,18.366,52220,0
2017-08-21,16:00:00,18.316,18.366,18.217,18.366,3598,0
2017-08-21,17:00:00,18.415,18.514,18.316,18.415,2740,0
2017-08-21,18:00:00,18.415,18.514,18.366,18.415,27038,0
2017-08-21,19:00:00,18.44,18.564,18.415,18.539,4714,0
2017-08-21,20:00:00,18.564,18.638,18.539,18.613,5051,0
2017-08-21,21:00:00,18.633,18.757,18.613,18.712,7141,0
2017-08-21,22:00:00,18.663,18.712,18.564,18.613,17614,0
2017-08-22,16:00:00,18.613,18.663,18.613,18.663,1764,0
2017-08-22,17:00:00,18.688,18.712,18.514,18.613,3030,0
2017-08-22,18:00:00,18.663,18.712,18.514,18.514,2565,0
2017-08-22,19:00:00,18.564,18.589,18.514,18.564,1510,0
2017-08-22,20:00:00,18.613,18.613,18.564,18.564,505,0
2017-08-22,21:00:00,18.564,18.663,18.514,18.663,1871,0
2017-08-22,22:00:00,18.638,18.712,18.589,18.663,12154,0
2017-08-23,16:00:00,18.564,18.564,18.465,18.465,2439,0
2017-08-23,17:00:00,18.514,18.564,18.415,18.564,4631,0
2017-08-23,18:00:00,18.603,18.603,18.465,18.465,3316,0
2017-08-23,19:00:00,18.465,18.514,18.465,18.465,1524,0
2017-08-23,20:00:00,18.465,18.564,18.44,18.527,4204,0
2017-08-23,21:00:00,18.465,18.514,18.465,18.514,1414,0
2017-08-23,22:00:00,18.564,18.663,18.465,18.564,32343,0
2017-08-24,16:00:00,18.663,18.712,18.564,18.564,1482,0
2017-08-24,17:00:00,18.564,18.663,18.564,18.663,1897,0
2017-08-24,18:00:00,18.613,18.806,18.564,18.806,6113,0
2017-08-24,19:00:00,18.811,18.811,18.737,18.811,5790,0
2017-08-24,20:00:00,18.762,18.811,18.514,18.653,10877,0
2017-08-24,21:00:00,18.589,18.589,18.539,18.589,1172,0
2017-08-24,22:00:00,18.564,18.564,18.44,18.514,14685,0
2017-08-25,16:00:00,18.564,18.663,18.465,18.613,2778,0
2017-08-25,17:00:00,18.564,18.564,18.391,18.391,2755,0
2017-08-25,18:00:00,18.415,18.564,18.415,18.564,7964,0
2017-08-25,19:00:00,18.564,18.564,18.366,18.44,9399,0
2017-08-25,20:00:00,18.44,18.514,18.44,18.465,6977,0
2017-08-25,21:00:00,18.465,18.613,18.465,18.564,6303,0
2017-08-25,22:00:00,18.589,18.712,18.514,18.564,15721,0
2017-08-28,16:00:00,18.613,18.712,18.613,18.638,4201,0
2017-08-28,17:00:00,18.613,18.663,18.613,18.613,6292,0
2017-08-28,18:00:00,18.613,18.613,18.49,18.564,8787,0
2017-08-28,19:00:00,18.564,18.613,18.465,18.514,4242,0
2017-08-28,20:00:00,18.49,18.564,18.49,18.539,7675,0
2017-08-28,21:00:00,18.539,18.564,18.44,18.564,6698,0
2017-08-28,22:00:00,18.564,18.663,18.514,18.613,20454,0
2017-08-29,16:00:00,18.514,18.762,18.514,18.712,2356,0
2017-08-29,17:00:00,18.762,18.811,18.712,18.762,2424,0
2017-08-29,18:00:00,18.762,18.861,18.663,18.811,6868,0
2017-08-29,19:00:00,18.861,18.935,18.861,18.91,3333,0
2017-08-29,20:00:00,18.96,18.96,18.811,18.811,2758,0
2017-08-29,21:00:00,18.762,18.91,18.762,18.886,4734,0
2017-08-29,22:00:00,18.91,18.96,18.762,18.811,18012,0
2017-08-30,16:00:00,18.762,18.861,18.613,18.861,1664,0
2017-08-30,17:00:00,18.96,18.96,18.762,18.935,5744,0
2017-08-30,18:00:00,18.91,18.91,18.762,18.762,3500,0
2017-08-30,19:00:00,18.787,18.91,18.663,18.91,3283,0
2017-08-30,20:00:00,18.811,18.91,18.811,18.811,2916,0
2017-08-30,21:00:00,18.811,18.96,18.811,18.96,5031,0
2017-08-30,22:00:00,18.935,19.009,18.861,18.861,18218,0
2017-08-31,16:00:00,18.91,19.009,18.762,18.96,3585,0
2017-08-31,17:00:00,19.059,19.059,18.861,18.861,4411,0
2017-08-31,18:00:00,18.886,18.96,18.811,18.861,6794,0
2017-08-31,19:00:00,18.861,19.009,18.861,18.935,6658,0
2017-08-31,20:00:00,18.96,18.99,18.96,18.96,2833,0
2017-08-31,21:00:00,18.96,19.009,18.91,18.985,3776,0
2017-08-31,22:00:00,18.96,19.009,18.861,18.91,47514,0
2017-09-01,16:00:00,18.96,19.009,18.91,18.92,1223,0
2017-09-01,17:00:00,18.91,19.207,18.91,19.108,6283,0
2017-09-01,18:00:00,19.158,19.158,19.059,19.158,1322,0
2017-09-01,19:00:00,19.158,19.207,19.009,19.009,1835,0
2017-09-01,20:00:00,19.059,19.059,18.96,18.985,2046,0
2017-09-01,21:00:00,18.985,19.009,18.91,18.985,3888,0
2017-09-01,22:00:00,18.985,19.158,18.96,19.009,26230,0
2017-09-05,16:00:00,18.96,19.108,18.96,19.108,2288,0
2017-09-05,17:00:00,19.108,19.108,19.009,19.009,1212,0
2017-09-05,18:00:00,19.009,19.034,18.985,19.034,1325,0
2017-09-05,19:00:00,19.009,19.009,18.762,18.762,2366,0
2017-09-05,20:00:00,18.762,18.811,18.663,18.805,4203,0
2017-09-05,21:00:00,18.787,18.811,18.688,18.688,8492,0
2017-09-05,22:00:00,18.663,18.811,18.663,18.712,22952,0
2017-09-06,16:00:00,18.762,18.861,18.762,18.762,905,0
2017-09-06,17:00:00,18.811,19.084,18.811,19.059,5725,0
2017-09-06,18:00:00,19.059,19.059,18.91,18.91,2222,0
2017-09-06,19:00:00,18.96,18.96,18.861,18.861,2090,0
2017-09-06,20:00:00,19.009,19.009,18.96,19.009,922,0
2017-09-06,21:00:00,18.96,18.96,18.861,18.861,5659,0
2017-09-06,22:00:00,18.91,18.935,18.712,18.762,36100,0
2017-09-07,16:00:00,18.762,18.811,18.613,18.613,2521,0
2017-09-07,17:00:00,18.613,18.663,18.514,18.663,3559,0
2017-09-07,18:00:00,18.663,18.694,18.539,18.613,3656,0
2017-09-07,19:00:00,18.712,18.737,18.663,18.737,1878,0
2017-09-07,20:00:00,18.737,18.737,18.564,18.663,4254,0
2017-09-07,21:00:00,18.663,18.712,18.653,18.712,1437,0
2017-09-07,22:00:00,18.688,18.712,18.564,18.613,14386,0
2017-09-08,16:00:00,18.613,18.613,18.465,18.514,3301,0
2017-09-08,17:00:00,18.514,18.712,18.514,18.663,4294,0
2017-09-08,18:00:00,18.762,18.861,18.762,18.811,3066,0
2017-09-08,19:00:00,18.811,18.811,18.663,18.712,3131,0
2017-09-08,20:00:00,18.712,18.737,18.613,18.613,4248,0
2017-09-08,21:00:00,18.663,18.811,18.613,18.712,5353,0
2017-09-08,22:00:00,18.762,18.762,18.663,18.712,25089,0
2017-09-11,16:00:00,18.861,18.91,18.811,18.91,1080,0
2017-09-11,17:00:00,18.861,19.009,18.861,18.96,1313,0
2017-09-11,18:00:00,18.96,18.96,18.861,18.96,3439,0
2017-09-11,19:00:00,19.059,19.059,18.96,18.96,3331,0
2017-09-11,20:00:00,19.009,19.034,18.96,18.96,2409,0
2017-09-11,21:00:00,19.009,19.059,18.96,18.96,1338,0
2017-09-11,22:00:00,19.009,19.059,18.861,18.861,15359,0
2017-09-12,16:00:00,18.91,19.009,18.712,18.811,6526,0
2017-09-12,17:00:00,18.91,18.96,18.91,18.96,3128,0
2017-09-12,18:00:00,18.96,18.96,18.861,18.91,2222,0
2017-09-12,19:00:00,18.91,18.91,18.861,18.861,1212,0
2017-09-12,20:00:00,18.91,18.935,18.811,18.91,5260,0
2017-09-12,21:00:00,18.861,18.96,18.861,18.91,1845,0
2017-09-12,22:00:00,19.009,19.009,18.861,18.861,17879,0
2017-09-13,16:00:00,18.861,18.96,18.712,18.96,3043,0
2017-09-13,17:00:00,18.96,18.96,18.712,18.96,6447,0
2017-09-13,18:00:00,18.96,18.985,18.861,18.861,3607,0
2017-09-13,19:00:00,18.861,18.91,18.861,18.91,1111,0
2017-09-13,20:00:00,18.886,18.91,18.811,18.861,1844,0
2017-09-13,21:00:00,18.861,18.91,18.762,18.811,5026,0
2017-09-13,22:00:00,18.811,18.91,18.811,18.811,16575,0
2017-09-14,16:00:00,18.762,18.762,18.663,18.737,1791,0
2017-09-14,17:00:00,18.762,18.861,18.762,18.861,8108,0
2017-09-14,18:00:00,18.886,18.886,18.762,18.762,2709,0
2017-09-14,19:00:00,18.762,18.787,18.762,18.762,707,0
2017-09-14,20:00:00,18.762,18.762,18.737,18.762,2756,0
2017-09-14,21:00:00,18.762,18.787,18.737,18.762,1954,0
2017-09-14,22:00:00,18.737,18.811,18.712,18.712,15245,0
2017-09-15,16:00:00,18.762,18.762,18.564,18.613,40499,0
2017-09-15,17:00:00,18.663,18.712,18.613,18.712,1616,0
2017-09-15,18:00:00,18.787,18.886,18.762,18.886,1921,0
2017-09-15,19:00:00,18.886,18.91,18.811,18.836,909,0
2017-09-15,20:00:00,18.836,18.861,18.811,18.811,1719,0
2017-09-15,21:00:00,18.861,18.91,18.811,18.811,8284,0
2017-09-15,22:00:00,18.861,19.158,18.762,19.059,94959,0
2017-09-18,16:00:00,19.009,19.108,19.009,19.108,1683,0
2017-09-18,17:00:00,19.059,19.158,18.96,19.059,5242,0
2017-09-18,18:00:00,19.039,19.108,18.96,19.009,4314,0
2017-09-18,19:00:00,18.96,19.034,18.91,19.009,5457,0
2017-09-18,20:00:00,18.96,19.133,18.91,19.108,4581,0
2017-09-18,21:00:00,19.059,19.108,18.91,19.059,12251,0
2017-09-18,22:00:00,19.108,19.108,18.96,19.059,27255,0
2017-09-19,16:00:00,19.059,19.108,18.811,19.108,1893,0
2017-09-19,17:00:00,19.059,19.158,19.059,19.133,5555,0
2017-09-19,18:00:00,19.108,19.207,19.009,19.183,3046,0
2017-09-19,19:00:00,19.158,19.158,19.108,19.108,707,0
2017-09-19,20:00:00,19.133,19.137,19.133,19.133,303,0
2017-09-19,21:00:00,19.133,19.133,19.059,19.084,4175,0
2017-09-19,22:00:00,19.084,19.158,18.96,19.009,29073,0
2017-09-20,16:00:00,18.861,18.96,18.861,18.91,4936,0
2017-09-20,17:00:00,18.96,19.034,18.91,19.009,2425,0
2017-09-20,18:00:00,19.059,19.207,19.034,19.108,1751,0
2017-09-20,19:00:00,19.158,19.158,19.108,19.158,717,0
2017-09-20,20:00:00,19.158,19.158,19.108,19.158,710,0
2017-09-20,21:00:00,19.133,19.158,19.059,19.108,2953,0
2017-09-20,22:00:00,19.158,19.158,18.91,18.96,18379,0
2017-09-21,16:00:00,19.009,19.009,18.861,18.91,2352,0
2017-09-21,17:00:00,18.861,19.009,18.762,18.91,5797,0
2017-09-21,18:00:00,18.91,18.91,18.811,18.811,2525,0
2017-09-21,19:00:00,18.811,18.91,18.762,18.886,6132,0
2017-09-21,20:00:00,18.861,18.91,18.762,18.811,6511,0
2017-09-21,21:00:00,18.762,18.811,18.712,18.737,6245,0
2017-09-21,22:00:00,18.762,18.811,18.712,18.762,25407,0
2017-09-22,16:00:00,18.811,18.861,18.762,18.811,1821,0
2017-09-22,17:00:00,18.811,19.108,18.811,19.108,3141,0
2017-09-22,18:00:00,19.084,19.158,19.009,19.009,8833,0
2017-09-22,19:00:00,19.059,19.11,19.019,19.108,960,0
2017-09-22,20:00:00,19.108,19.108,19.108,19.108,746,0
2017-09-22,21:00:00,19.133,19.158,19.059,19.108,5517,0
2017-09-22,22:00:00,19.108,19.207,19.108,19.158,16932,0
2017-09-25,16:00:00,19.207,19.356,19.158,19.257,15934,0
2017-09-25,17:00:00,19.306,19.702,19.282,19.653,30420,0
2017-09-25,18:00:00,19.702,19.702,19.504,19.554,5184,0
2017-09-25,19:00:00,19.554,19.579,19.455,19.504,3232,0
2017-09-25,20:00:00,19.554,19.653,19.455,19.653,6679,0
2017-09-25,21:00:00,19.653,19.702,19.504,19.554,4853,0
2017-09-25,22:00:00,19.554,19.653,19.356,19.405,36844,0
2017-09-26,16:00:00,19.504,19.549,19.361,19.361,3356,0
2017-09-26,17:00:00,19.356,19.455,19.306,19.442,7843,0
2017-09-26,18:00:00,19.43,19.603,19.43,19.554,2311,0
2017-09-26,19:00:00,19.529,19.579,19.529,19.579,707,0
2017-09-26,20:00:00,19.603,19.702,19.554,19.702,15686,0
2017-09-26,21:00:00,19.702,19.702,19.43,19.455,8950,0
2017-09-26,22:00:00,19.405,19.529,19.356,19.356,34769,0
2017-09-27,16:00:00,19.603,19.603,19.465,19.553,5771,0
2017-09-27,17:00:00,19.554,19.554,19.257,19.306,10827,0
2017-09-27,18:00:00,19.282,19.331,19.133,19.183,17324,0
2017-09-27,19:00:00,19.183,19.455,19.133,19.455,28204,0
2017-09-27,20:00:00,19.554,19.603,19.356,19.603,16888,0
2017-09-27,21:00:00,19.653,19.752,19.579,19.702,18976,0
2017-09-27,22:00:00,19.678,19.762,19.653,19.752,23065,0
2017-09-28,16:00:00,19.752,19.752,19.752,19.752,1374,0
2017-09-28,17:00:00,19.702,19.702,19.48,19.504,11507,0
2017-09-28,18:00:00,19.48,19.529,19.405,19.405,7017,0
2017-09-28,19:00:00,19.381,19.554,19.356,19.554,6711,0
2017-09-28,20:00:00,19.504,19.554,19.504,19.504,3803,0
2017-09-28,21:00:00,19.504,19.603,19.504,19.603,8737,0
2017-09-28,22:00:00,19.554,19.653,19.529,19.603,22203,0
2017-09-29,16:00:00,19.603,19.603,19.504,19.603,4132,0
2017-09-29,17:00:00,19.603,19.653,19.504,19.653,7079,0
2017-09-29,18:00:00,19.653,19.653,19.504,19.603,6437,0
2017-09-29,19:00:00,19.554,19.653,19.504,19.582,10619,0
2017-09-29,20:00:00,19.554,19.554,19.48,19.544,4509,0
2017-09-29,21:00:00,19.529,19.529,19.48,19.504,7623,0
2017-09-29,22:00:00,19.504,19.554,19.455,19.455,29852,0
2017-10-02,16:00:00,19.504,19.504,19.435,19.504,4486,0
2017-10-02,17:00:00,19.554,19.603,19.504,19.529,6573,0
2017-10-02,18:00:00,19.529,19.529,19.43,19.447,13482,0
2017-10-02,19:00:00,19.455,19.554,19.405,19.504,14589,0
2017-10-02,20:00:00,19.554,19.603,19.554,19.554,3935,0
2017-10-02,21:00:00,19.653,19.702,19.504,19.504,11659,0
2017-10-02,22:00:00,19.554,19.702,19.48,19.702,30194,0
2017-10-03,16:00:00,19.702,19.702,19.653,19.702,4441,0
2017-10-03,17:00:00,19.702,19.727,19.653,19.702,5697,0
2017-10-03,18:00:00,19.702,19.752,19.579,19.603,17485,0
2017-10-03,19:00:00,19.653,19.653,19.554,19.603,3541,0
2017-10-03,20:00:00,19.653,19.653,19.554,19.603,9809,0
2017-10-03,21:00:00,19.603,19.702,19.554,19.603,13609,0
2017-10-03,22:00:00,19.603,19.752,19.603,19.653,27430,0
2017-10-04,16:00:00,19.752,19.801,19.663,19.801,2266,0
2017-10-04,17:00:00,19.801,20.148,19.801,20.059,16710,0
2017-10-04,18:00:00,20.148,20.198,20,20.074,16918,0
2017-10-04,19:00:00,20.148,20.148,20.074,20.074,10685,0
2017-10-04,20:00:00,20.074,20.074,19.9,19.9,4879,0
2017-10-04,21:00:00,19.95,20,19.95,19.975,6100,0
2017-10-04,22:00:00,19.975,20.049,19.95,19.95,24025,0
2017-10-05,16:00:00,19.95,20.049,19.9,19.987,10820,0
2017-10-05,17:00:00,19.95,20.049,19.9,20.049,7884,0
2017-10-05,18:00:00,20.024,20.247,20,20.247,15227,0
2017-10-05,19:00:00,20.297,20.346,20.099,20.099,9998,0
2017-10-05,20:00:00,20.099,20.346,20.099,20.297,20969,0
2017-10-05,21:00:00,20.297,20.495,20.272,20.445,39334,0
2017-10-05,22:00:00,20.396,20.445,20.247,20.297,28835,0
2017-10-06,16:00:00,20.297,20.445,20.297,20.445,1888,0
2017-10-06,17:00:00,20.445,20.544,20.321,20.321,9623,0
2017-10-06,18:00:00,20.346,20.346,20.222,20.247,8156,0
2017-10-06,19:00:00,20.198,20.321,20.148,20.297,6652,0
2017-10-06,20:00:00,20.247,20.371,20.247,20.297,3311,0
2017-10-06,21:00:00,20.272,20.297,20.247,20.272,3838,0
2017-10-06,22:00:00,20.272,20.272,20.049,20.099,33145,0
2017-10-09,16:00:00,20.148,20.297,20,20.104,9086,0
2017-10-09,17:00:00,20.148,20.148,19.95,20.049,3535,0
2017-10-09,18:00:00,20.049,20.099,20,20.024,16194,0
2017-10-09,19:00:00,20,20.024,19.851,19.851,7507,0
2017-10-09,20:00:00,19.826,19.876,19.801,19.851,2132,0
2017-10-09,21:00:00,19.876,19.876,19.702,19.772,6882,0
2017-10-09,22:00:00,19.777,19.777,19.603,19.653,34663,0
2017-10-10,16:00:00,19.752,19.801,19.603,19.777,3958,0
2017-10-10,17:00:00,19.777,19.826,19.702,19.702,7755,0
2017-10-10,18:00:00,19.752,19.851,19.727,19.777,5786,0
2017-10-10,19:00:00,19.777,19.777,19.579,19.653,17113,0
2017-10-10,20:00:00,19.653,19.752,19.653,19.678,6426,0
2017-10-10,21:00:00,19.678,19.752,19.603,19.702,19912,0
2017-10-10,22:00:00,19.727,19.801,19.603,19.702,32530,0
2017-10-11,16:00:00,19.851,19.851,19.603,19.702,5996,0
2017-10-11,17:00:00,19.653,19.851,19.653,19.727,10809,0
2017-10-11,18:00:00,19.702,20.059,19.702,20,19162,0
2017-10-11,19:00:00,20,20.099,19.975,20,14343,0
2017-10-11,20:00:00,19.975,20.049,19.95,20.049,4663,0
2017-10-11,21:00:00,20.049,20.099,19.975,19.975,14385,0
2017-10-11,22:00:00,19.975,20.049,19.9,19.95,42867,0
2017-10-12,16:00:00,19.95,20,19.75,19.7692,6248,0
2017-10-12,17:00:00,19.8,20.1,19.8,20.1,8000,0
2017-10-12,18:00:00,20.1,20.125,20.05,20.1,6409,0
2017-10-12,19:00:00,20.075,20.15,20.05,20.15,8000,0
2017-10-12,20:00:00,20.1,20.245,20.1,20.175,7708,0
2017-10-12,21:00:00,20.1999,20.1999,20.1,20.125,13606,0
2017-10-12,22:00:00,20.125,20.15,20,20,21065,0
2017-10-13,16:00:00,20,20,19.85,19.85,2096,0
2017-10-13,17:00:00,19.9,19.9753,19.9,19.975,6150,0
2017-10-13,18:00:00,19.95,20.05,19.95,20,14372,0
2017-10-13,19:00:00,20.025,20.025,19.85,19.9,12196,0
2017-10-13,20:00:00,19.9,19.925,19.85,19.875,4407,0
2017-10-13,21:00:00,19.9,19.95,19.85,19.925,4902,0
2017-10-13,22:00:00,19.95,20,19.85,19.85,45618,0
2017-10-16,16:00:00,19.85,19.9,19.5,19.6,10390,0
2017-10-16,17:00:00,19.65,19.725,19.5,19.65,11406,0
2017-10-16,18:00:00,19.65,19.8,19.65,19.795,4283,0
2017-10-16,19:00:00,19.8,19.9,19.705,19.75,5551,0
2017-10-16,20:00:00,19.7,19.85,19.65,19.8,5897,0
2017-10-16,21:00:00,19.8,19.85,19.725,19.825,11664,0
2017-10-16,22:00:00,19.815,19.9,19.75,19.8,26348,0
2017-10-17,16:00:00,19.85,19.95,19.85,19.95,3451,0
2017-10-17,17:00:00,19.95,19.95,19.75,19.85,7124,0
2017-10-17,18:00:00,19.825,20.09,19.825,20,11754,0
2017-10-17,19:00:00,19.975,19.9805,19.825,19.825,3761,0
2017-10-17,20:00:00,19.8336,19.85,19.7,19.7,3763,0
2017-10-17,21:00:00,19.7114,19.8,19.65,19.7,7009,0
2017-10-17,22:00:00,19.7,19.8,19.575,19.65,25903,0
2017-10-18,16:00:00,19.85,19.9,19.75,19.85,4342,0
2017-10-18,17:00:00,19.95,20.05,19.95,20.025,6905,0
2017-10-18,18:00:00,20.05,20.2,20.05,20.2,8591,0
2017-10-18,19:00:00,20.2,20.25,20.15,20.25,4350,0
2017-10-18,20:00:00,20.225,20.4,20.225,20.35,30230,0
2017-10-18,21:00:00,20.36,20.525,20.36,20.45,8308,0
2017-10-18,22:00:00,20.45,20.45,20.2,20.25,28336,0
2017-10-19,16:00:00,20.2,20.2,20.2,20.2,1976,0
2017-10-19,17:00:00,20.18,20.2,20.18,20.2,2367,0
2017-10-19,18:00:00,20.2,20.25,20,20,23710,0
2017-10-19,19:00:00,20.05,20.1,20.05,20.1,1700,0
2017-10-19,20:00:00,20.1,20.25,20.09,20.2,5550,0
2017-10-19,21:00:00,20.2,20.3,20.15,20.225,20608,0
2017-10-19,22:00:00,20.225,20.25,20.15,20.2,27554,0
2017-10-20,16:00:00,20.4,20.45,20.35,20.45,10527,0
2017-10-20,17:00:00,20.425,20.6,20.425,20.55,26862,0
2017-10-20,18:00:00,20.575,20.65,20.5,20.575,11897,0
2017-10-20,19:00:00,20.575,20.65,20.55,20.575,4507,0
2017-10-20,20:00:00,20.575,20.65,20.5,20.5,3434,0
2017-10-20,21:00:00,20.5,20.6,20.5,20.525,6004,0
2017-10-20,22:00:00,20.5,20.6,20.4,20.45,25550,0
2017-10-23,16:00:00,20.5,20.5,20.475,20.5,2890,0
2017-10-23,17:00:00,20.5,20.5,20.25,20.25,4874,0
2017-10-23,18:00:00,20.3,20.45,20.25,20.45,3700,0
2017-10-23,19:00:00,20.45,20.45,20.35,20.45,3200,0
2017-10-23,20:00:00,20.4,20.4,20.3,20.35,5599,0
2017-10-23,21:00:00,20.3,20.3,20.175,20.2,8120,0
2017-10-23,22:00:00,20.25,20.25,20.075,20.15,24461,0
2017-10-24,16:00:00,20.2,20.2,20.1,20.1,1768,0
2017-10-24,17:00:00,20.1,20.225,20.05,20.2,5180,0
2017-10-24,18:00:00,20.2,20.25,20.15,20.25,4000,0
2017-10-24,19:00:00,20.2,20.2,20.1,20.2,5525,0
2017-10-24,20:00:00,20.2,20.2,20.1585,20.175,4485,0
2017-10-24,21:00:00,20.175,20.2,20.1,20.175,6952,0
2017-10-24,22:00:00,20.175,20.25,20.1,20.1,27924,0
2017-10-25,16:00:00,20.15,20.15,20.1,20.1,2453,0
2017-10-25,17:00:00,20.15,20.45,20.15,20.4,16255,0
2017-10-25,18:00:00,20.4,20.45,20.25,20.3,8542,0
2017-10-25,19:00:00,20.35,20.4,20.25,20.4,2999,0
2017-10-25,20:00:00,20.4,20.6,20.365,20.55,5185,0
2017-10-25,21:00:00,20.55,20.6,20.45,20.5,6760,0
2017-10-25,22:00:00,20.45,20.575,20.4,20.4,16946,0
2017-10-26,16:00:00,20.55,20.625,20.5,20.55,4143,0
2017-10-26,17:00:00,20.525,20.55,20.425,20.5,3203,0
2017-10-26,18:00:00,20.45,20.4962,20.45,20.45,6481,0
2017-10-26,19:00:00,20.45,20.5,20.35,20.35,5699,0
2017-10-26,20:00:00,20.35,20.375,20.3,20.325,4264,0
2017-10-26,21:00:00,20.325,20.35,20.2979,20.34,1769,0
2017-10-26,22:00:00,20.3,20.55,20.25,20.45,32733,0
2017-10-27,16:00:00,20.55,20.55,20.38,20.45,1809,0
2017-10-27,17:00:00,20.45,20.7,20.45,20.675,7653,0
2017-10-27,18:00:00,20.7,20.9,20.7,20.85,13150,0
2017-10-27,19:00:00,20.9,20.975,20.85,20.95,10739,0
2017-10-27,20:00:00,20.95,21,20.9,20.95,5110,0
2017-10-27,21:00:00,20.95,21.05,20.925,20.98,12680,0
2017-10-27,22:00:00,20.975,21.05,20.95,21,23018,0
2017-10-30,15:00:00,20.8,20.805,20.5,20.5,2654,0
2017-10-30,16:00:00,20.5238,20.55,20.35,20.375,6327,0
2017-10-30,17:00:00,20.375,20.4,20.2,20.3,17108,0
2017-10-30,18:00:00,20.375,20.4,20.25,20.3,6673,0
2017-10-30,19:00:00,20.3,20.34,20.175,20.2,11134,0
2017-10-30,20:00:00,20.225,20.225,20.15,20.175,6057,0
2017-10-30,21:00:00,20.15,20.2,20.1,20.15,23943,0
2017-10-31,15:00:00,20.3,20.3,20.175,20.2,2083,0
2017-10-31,16:00:00,20.15,20.2758,20.15,20.25,5702,0
2017-10-31,17:00:00,20.25,20.35,20.25,20.3,5824,0
2017-10-31,18:00:00,20.312,20.35,20.3,20.35,2876,0
2017-10-31,19:00:00,20.325,20.35,20.225,20.2843,6083,0
2017-10-31,20:00:00,20.275,20.35,20.25,20.325,6661,0
2017-10-31,21:00:00,20.325,20.375,20.1,20.15,41360,0
2017-11-01,15:00:00,20.35,20.35,20.1,20.2,3393,0
2017-11-01,16:00:00,20.15,20.3,20.05,20.05,6245,0
2017-11-01,17:00:00,20,20,19.65,19.65,11533,0
2017-11-01,18:00:00,19.7,19.725,19.555,19.555,7922,0
2017-11-01,19:00:00,19.6,19.65,19.5,19.55,8146,0
2017-11-01,20:00:00,19.65,19.75,19.65,19.7,7360,0
2017-11-01,21:00:00,19.65,19.7,19.575,19.6,22601,0
2017-11-02,15:00:00,19.6,19.7,19.6,19.65,1527,0
2017-11-02,16:00:00,19.7,19.9,19.65,19.8,11791,0
2017-11-02,17:00:00,19.85,19.85,19.7,19.8,11383,0
2017-11-02,18:00:00,19.85,19.9,19.75,19.75,8399,0
2017-11-02,19:00:00,19.75,19.75,19.625,19.6866,10193,0
2017-11-02,20:00:00,19.7,19.85,19.65,19.85,5900,0
2017-11-02,21:00:00,19.85,20,19.825,19.9,28667,0
2017-11-03,15:00:00,19.9,19.9,19.8,19.8,1096,0
2017-11-03,16:00:00,19.85,19.85,19.8,19.8,535,0
2017-11-03,17:00:00,19.9,19.9,19.7,19.7,2952,0
2017-11-03,18:00:00,19.675,19.75,19.65,19.7,3385,0
2017-11-03,19:00:00,19.75,19.75,19.525,19.5357,5367,0
2017-11-03,20:00:00,19.5,19.5,19.4,19.4,6736,0
2017-11-03,21:00:00,19.425,19.425,19.25,19.3,27184,0
2017-11-06,16:00:00,19.4,19.4,19.3,19.3,1720,0
2017-11-06,17:00:00,19.4,19.4,19.25,19.35,7268,0
2017-11-06,18:00:00,19.4,19.4,19.2,19.3,4653,0
2017-11-06,19:00:00,19.2749,19.55,19.2749,19.45,10980,0
2017-11-06,20:00:00,19.475,19.7,19.4,19.425,13764,0
2017-11-06,21:00:00,19.425,19.45,19.425,19.425,800,0
2017-11-06,22:00:00,19.4,19.65,19.4,19.5,20783,0
2017-11-07,16:00:00,19.55,19.6,19.45,19.55,1782,0
2017-11-07,17:00:00,19.55,19.55,19.2,19.225,4911,0
2017-11-07,19:00:00,18.9001,19,18.9,18.925,2010,0
2017-11-07,20:00:00,18.95,18.975,18.85,18.9,4388,0
2017-11-07,21:00:00,18.93,19.05,18.93,18.95,4027,0
2017-11-07,22:00:00,18.975,19.05,18.9,18.95,15202,0
2017-11-08,16:00:00,18.8,19.05,18.8,18.805,2486,0
2017-11-08,17:00:00,18.8,18.95,18.775,18.95,7107,0
2017-11-08,18:00:00,18.95,18.95,18.8,18.9,5992,0
2017-11-08,19:00:00,18.9,18.975,18.9,18.9473,2046,0
2017-11-08,20:00:00,18.95,19,18.925,19,3575,0
2017-11-08,21:00:00,19,19.15,19,19.15,4662,0
2017-11-08,22:00:00,19.15,19.15,19,19,19374,0
2017-11-09,16:00:00,19,19.1,18.95,19.1,4318,0
2017-11-09,17:00:00,19.15,19.4,19.15,19.4,7553,0
2017-11-09,18:00:00,19.4,19.4,19.075,19.1,7309,0
2017-11-09,19:00:00,19.15,19.15,18.975,19.1,8121,0
2017-11-09,20:00:00,19.1,19.25,19.1,19.25,3535,0
2017-11-09,21:00:00,19.2,19.25,19.15,19.2,5333,0
2017-11-09,22:00:00,19.2,19.25,19.15,19.2,12152,0
2017-11-10,16:00:00,19.35,19.65,19.3,19.6,5222,0
2017-11-10,17:00:00,19.55,19.55,19.4,19.425,2075,0
2017-11-10,18:00:00,19.425,19.65,19.425,19.55,3760,0
2017-11-10,19:00:00,19.6,19.6,19.55,19.55,3500,0
2017-11-10,20:00:00,19.55,19.565,19.45,19.565,7535,0
2017-11-10,21:00:00,19.55,19.65,19.55,19.6,3248,0
2017-11-10,22:00:00,19.6,19.6,19.5,19.55,29196,0
2017-11-13,16:00:00,19.5,19.5,19.2409,19.45,8459,0
2017-11-13,17:00:00,19.4,19.5,19.3,19.3,4061,0
2017-11-13,18:00:00,19.325,19.55,19.3,19.4,5608,0
2017-11-13,19:00:00,19.45,19.5,19.35,19.35,1600,0
2017-11-13,20:00:00,19.35,19.5,19.25,19.45,14821,0
2017-11-13,21:00:00,19.45,19.5,19.4,19.45,4800,0
2017-11-13,22:00:00,19.45,19.5,19.35,19.4,24260,0
2017-11-14,16:00:00,19.5,19.5,19.15,19.35,7857,0
2017-11-14,17:00:00,19.3,19.475,19.3,19.45,6910,0
2017-11-14,18:00:00,19.45,19.45,19.3,19.3,5356,0
2017-11-14,19:00:00,19.3,19.35,19.25,19.35,6607,0
2017-11-14,20:00:00,19.35,19.35,19.3,19.35,7347,0
2017-11-14,21:00:00,19.35,19.75,19.35,19.7,24030,0
2017-11-14,22:00:00,19.675,19.775,19.6,19.7,45587,0
2017-11-15,16:00:00,19.6,19.6,19.3,19.45,2711,0
2017-11-15,17:00:00,19.4,19.475,19.23,19.271,5845,0
2017-11-15,18:00:00,19.25,19.25,19.05,19.1,9300,0
2017-11-15,19:00:00,19.05,19.1,19.05,19.1,5566,0
2017-11-15,20:00:00,19.15,19.2,18.99,19,8261,0
2017-11-15,21:00:00,19.05,19.1,18.95,19.025,22874,0
2017-11-15,22:00:00,19,19.05,18.95,18.95,18655,0
2017-11-16,16:00:00,19.05,19.2,19.05,19.06,2617,0
2017-11-16,17:00:00,19.175,19.445,19.15,19.3,4946,0
2017-11-16,18:00:00,19.275,19.45,19.275,19.45,7055,0
2017-11-16,19:00:00,19.45,19.45,19.35,19.45,4030,0
2017-11-16,20:00:00,19.4625,19.65,19.45,19.49,6735,0
2017-11-16,21:00:00,19.5,19.55,19.4143,19.5,8518,0
2017-11-16,22:00:00,19.45,19.55,19.45,19.5,17361,0
2017-11-17,16:00:00,19.4,19.4,19.35,19.35,4871,0
2017-11-17,17:00:00,19.475,19.475,19.35,19.4,6434,0
2017-11-17,18:00:00,19.4,19.45,19.3,19.425,2985,0
2017-11-17,19:00:00,19.45,19.525,19.4,19.475,3500,0
2017-11-17,20:00:00,19.5,19.7,19.5,19.625,6294,0
2017-11-17,21:00:00,19.645,19.65,19.55,19.575,5256,0
2017-11-17,22:00:00,19.6,19.65,19.5,19.6,13323,0
2017-11-20,16:00:00,19.75,19.75,19.6,19.6,3082,0
2017-11-20,17:00:00,19.55,19.6764,19.55,19.65,3491,0
2017-11-20,18:00:00,19.6,19.675,19.575,19.65,2530,0
2017-11-20,19:00:00,19.675,19.75,19.6681,19.725,4742,0
2017-11-20,20:00:00,19.7,19.85,19.7,19.85,3500,0
2017-11-20,21:00:00,19.85,19.85,19.725,19.85,3600,0
2017-11-20,22:00:00,19.8,20,19.75,19.95,19256,0
2017-11-21,16:00:00,20.05,20.2,19.9,20.2,2121,0
2017-11-21,17:00:00,20.175,20.4,20.175,20.3,5354,0
2017-11-21,18:00:00,20.25,20.25,20.2,20.25,3248,0
2017-11-21,19:00:00,20.25,20.25,19.95,20.1,8535,0
2017-11-21,20:00:00,20.05,20.15,20.05,20.1,4069,0
2017-11-21,21:00:00,20.125,20.2,20.1,20.19,6309,0
2017-11-21,22:00:00,20.2,20.25,20.1,20.2,18733,0
2017-11-22,16:00:00,20.2,20.36,20.2,20.36,3496,0
2017-11-22,17:00:00,20.35,20.45,20.25,20.45,5005,0
2017-11-22,18:00:00,20.45,20.5,20.4,20.4,2808,0
2017-11-22,19:00:00,20.4,20.5,20.4,20.45,3078,0
2017-11-22,20:00:00,20.425,20.5,20.425,20.5,2142,0
2017-11-22,21:00:00,20.5,20.5,20.35,20.4,3413,0
2017-11-22,22:00:00,20.45,20.45,20.15,20.2,21185,0
2017-11-24,16:00:00,20.25,20.25,20.1,20.15,633,0
2017-11-24,17:00:00,20.05,20.1,19.805,19.87,4437,0
2017-11-24,18:00:00,19.9,19.9711,19.875,19.95,2700,0
2017-11-24,19:00:00,19.95,20,19.9,19.95,6648,0
2017-11-24,20:00:00,20,20,20,20,2958,0
2017-11-27,16:00:00,20,20.1678,20,20.1678,3244,0
2017-11-27,17:00:00,20.1,20.225,20.1,20.2,2672,0
2017-11-27,18:00:00,20.15,20.15,20.1366,20.15,1714,0
2017-11-27,19:00:00,20.2,20.2,20.1,20.2,5197,0
2017-11-27,20:00:00,20.2,20.25,20.1,20.125,3786,0
2017-11-27,21:00:00,20.05,20.075,19.9574,19.9574,6711,0
2017-11-27,22:00:00,20,20.1,19.975,20.05,16857,0
2017-11-28,16:00:00,20.1,20.4,20.05,20.4,3535,0
2017-11-28,17:00:00,20.45,20.55,20.35,20.55,5180,0
2017-11-28,18:00:00,20.55,20.7,20.55,20.7,6855,0
2017-11-28,19:00:00,20.7,20.7,20.6,20.625,6015,0
2017-11-28,20:00:00,20.65,20.65,20.5,20.5,3360,0
2017-11-28,21:00:00,20.5,20.7,20.45,20.7,6501,0
2017-11-28,22:00:00,20.7,20.9,20.65,20.9,26306,0
2017-11-29,16:00:00,20.85,21.15,20.85,21.15,8852,0
2017-11-29,17:00:00,21.15,21.15,21,21.15,5374,0
2017-11-29,18:00:00,21.1,21.35,21.055,21.3,10918,0
2017-11-29,19:00:00,21.35,21.5,21.1,21.1,7120,0
2017-11-29,20:00:00,21.15,21.15,20.95,20.95,4508,0
2017-11-29,21:00:00,21,21.15,20.95,21.1,6438,0
2017-11-29,22:00:00,21.1,21.15,21.05,21.05,14388,0
2017-11-30,16:00:00,21.1,21.3,21.05,21.3,4230,0
2017-11-30,17:00:00,21.25,21.4,21.25,21.35,8337,0
2017-11-30,18:00:00,21.45,21.45,21.1,21.1,4945,0
2017-11-30,19:00:00,21.05,21.3,21.05,21.25,3458,0
2017-11-30,20:00:00,21.295,21.3,21.2,21.2,6191,0
2017-11-30,21:00:00,21.15,21.15,20.95,20.95,8874,0
2017-11-30,22:00:00,20.95,21.25,20.925,21.15,43226,0
2017-12-01,16:00:00,21.1,21.1,21,21.05,1955,0
2017-12-01,17:00:00,20.95,20.95,20.75,20.85,3732,0
2017-12-01,18:00:00,20.65,20.65,19.85,20.25,16162,0
2017-12-01,19:00:00,20.4,20.4,20.15,20.25,2342,0
2017-12-01,20:00:00,20.2,20.45,20.15,20.4,5872,0
2017-12-01,21:00:00,20.3,20.3,19.95,20.05,11156,0
2017-12-01,22:00:00,20,20.25,20,20.2,23123,0
2017-12-04,16:00:00,20.5,20.675,20.4,20.675,4345,0
2017-12-04,17:00:00,20.675,20.85,20.6,20.85,3719,0
2017-12-04,18:00:00,20.85,20.9,20.75,20.8,3712,0
2017-12-04,19:00:00,20.85,20.85,20.6,20.6,1300,0
2017-12-04,20:00:00,20.6,20.65,20.6,20.625,1175,0
2017-12-04,21:00:00,20.65,20.675,20.5,20.55,6153,0
2017-12-04,22:00:00,20.5,20.575,20.35,20.4,17208,0
2017-12-05,16:00:00,20.55,20.55,20.25,20.25,1233,0
2017-12-05,17:00:00,20.255,20.41,20.175,20.175,7838,0
2017-12-05,18:00:00,20.2,20.425,20.2,20.35,6179,0
2017-12-05,19:00:00,20.35,20.35,20.205,20.25,5015,0
2017-12-05,20:00:00,20.3,20.35,20.25,20.255,3200,0
2017-12-05,21:00:00,20.3,20.35,20.2,20.26,8438,0
2017-12-05,22:00:00,20.3,20.4,20.2,20.2,17895,0
2017-12-06,16:00:00,20.2,20.35,20.2,20.35,816,0
2017-12-06,17:00:00,20.275,20.45,20.21,20.4253,4851,0
2017-12-06,18:00:00,20.45,20.5,20.35,20.35,2247,0
2017-12-06,19:00:00,20.35,20.375,20.25,20.35,1100,0
2017-12-06,20:00:00,20.35,20.5,20.35,20.45,5596,0
2017-12-06,21:00:00,20.475,20.475,20.35,20.4,4745,0
2017-12-06,22:00:00,20.375,20.45,20.35,20.4,12347,0
