Date,Time,Open,High,Low,Close,Volume,OpenInt
2017-05-12,16:00:00,10.15,10.37,10.15,10.37,233,0
2017-05-12,17:00:00,10.47,10.49,10.32,10.45,1730,0
2017-05-12,18:00:00,10.4,10.44,10.355,10.42,720,0
2017-05-12,19:00:00,10.44,10.72,10.44,10.6,3503,0
2017-05-12,20:00:00,10.64,10.86,10.55,10.62,1681,0
2017-05-12,21:00:00,10.55,10.55,10.45,10.49,1600,0
2017-05-12,22:00:00,10.47,10.5,10.35,10.45,37599,0
2017-05-15,16:00:00,10.47,10.73,10.4484,10.56,2517,0
2017-05-15,17:00:00,10.46,10.625,10.3,10.47,4882,0
2017-05-15,18:00:00,10.45,10.58,10.4,10.45,7800,0
2017-05-15,19:00:00,10.45,10.58,10.407,10.47,5277,0
2017-05-15,20:00:00,10.4756,10.5342,10.437,10.45,4850,0
2017-05-15,21:00:00,10.4401,10.5,10.4,10.46,5900,0
2017-05-15,22:00:00,10.367,10.49,10.32,10.44,31290,0
2017-05-16,16:00:00,10.48,10.48,10.48,10.48,100,0
2017-05-16,17:00:00,10.49,10.49,10.34,10.34,1200,0
2017-05-16,18:00:00,10.4,10.49,10.4,10.4351,1100,0
2017-05-16,19:00:00,10.42,10.4427,10.35,10.42,500,0
2017-05-16,20:00:00,10.47,10.49,10.38,10.38,400,0
2017-05-16,21:00:00,10.49,10.49,10.39,10.41,500,0
2017-05-16,22:00:00,10.47,10.48,10.3,10.37,4341,0
2017-05-17,16:00:00,10.3,10.402,10.25,10.25,3950,0
2017-05-17,17:00:00,10.27,10.28,10.02,10.22,4411,0
2017-05-17,18:00:00,10.19,10.25,10.19,10.25,1000,0
2017-05-17,19:00:00,10.16,10.31,10.16,10.31,2200,0
2017-05-17,20:00:00,10.27,10.41,10.15,10.26,3900,0
2017-05-17,21:00:00,10.38,10.38,10.18,10.28,1400,0
2017-05-17,22:00:00,10.27,10.3,10.13,10.17,7442,0
2017-05-18,16:00:00,10.22,10.22,10.15,10.21,300,0
2017-05-18,17:00:00,10.22,10.22,10.07,10.14,2627,0
2017-05-18,18:00:00,10.1,10.3,9.985,10.04,5152,0
2017-05-18,19:00:00,10.07,10.155,9.83,9.935,2616,0
2017-05-18,20:00:00,9.94,10.24,9.88,10.06,3562,0
2017-05-18,21:00:00,9.995,10.13,9.86,9.86,1711,0
2017-05-18,22:00:00,9.9,10.07,9.84,9.87,9219,0
2017-05-19,16:00:00,9.9,10.02,9.69,9.888,3257,0
2017-05-19,17:00:00,10.06,10.06,9.71,9.94,5827,0
2017-05-19,18:00:00,9.95,9.99,9.64,9.77,1300,0
2017-05-19,19:00:00,9.83,9.86,9.67,9.84,2800,0
2017-05-19,20:00:00,9.78,9.86,9.65,9.86,4907,0
2017-05-19,21:00:00,9.82,10.03,9.77,9.94,2200,0
2017-05-19,22:00:00,9.97,9.97,9.53,9.65,53717,0
2017-05-22,17:00:00,9.79,9.9,9.7,9.84,10846,0
2017-05-22,18:00:00,9.79,9.79,9.79,9.79,100,0
2017-05-22,19:00:00,9.75,9.84,9.62,9.705,6010,0
2017-05-22,20:00:00,9.77,9.85,9.62,9.85,3611,0
2017-05-22,21:00:00,9.82,9.82,9.745,9.77,800,0
2017-05-22,22:00:00,9.78,10.14,9.685,9.97,14957,0
2017-05-23,16:00:00,10.04,10.19,10.04,10.15,955,0
2017-05-23,17:00:00,10.15,10.19,9.79,10.01,2377,0
2017-05-23,18:00:00,10.015,10.07,9.97,10.07,800,0
2017-05-23,19:00:00,10.03,10.03,9.77,9.78,1500,0
2017-05-23,20:00:00,9.98,9.98,9.79,9.89,800,0
2017-05-23,21:00:00,10.03,10.03,9.77,9.94,5458,0
2017-05-23,22:00:00,9.88,10.02,9.73,9.95,7568,0
2017-05-24,16:00:00,9.89,9.96,9.89,9.94,800,0
2017-05-24,17:00:00,9.94,10.15,9.83,9.87,6745,0
2017-05-24,18:00:00,9.92,10.04,9.89,9.97,1100,0
2017-05-24,19:00:00,10.0505,10.0505,9.73,9.74,4885,0
2017-05-24,20:00:00,9.75,9.75,9.68,9.72,3500,0
2017-05-24,21:00:00,9.71,9.76,9.68,9.76,2500,0
2017-05-24,22:00:00,9.76,10.02,9.71,9.91,25712,0
2017-05-25,17:00:00,9.78,9.85,9.76,9.78,2200,0
2017-05-25,18:00:00,9.855,9.87,9.59,9.67,5800,0
2017-05-25,19:00:00,9.6249,10,9.6249,9.87,6800,0
2017-05-25,20:00:00,9.81,9.8362,9.79,9.81,2800,0
2017-05-25,21:00:00,9.81,9.92,9.71,9.9,7700,0
2017-05-25,22:00:00,9.89,9.9,9.8,9.83,8580,0
2017-05-26,16:00:00,9.64,10.16,9.61,10.16,633,0
2017-05-26,17:00:00,9.94,10.0312,9.7,9.89,29144,0
2017-05-26,18:00:00,9.76,9.85,9.72,9.84,3470,0
2017-05-26,19:00:00,9.79,9.84,9.73,9.8,3380,0
2017-05-26,20:00:00,9.82,9.9,9.7401,9.86,3750,0
2017-05-26,21:00:00,9.85,9.85,9.73,9.78,1800,0
2017-05-26,22:00:00,9.78,9.81,9.71,9.74,9292,0
2017-05-30,16:00:00,9.69,9.76,9.665,9.69,1028,0
2017-05-30,17:00:00,9.74,9.79,9.52,9.69,3705,0
2017-05-30,18:00:00,9.54,9.69,9.365,9.66,10471,0
2017-05-30,19:00:00,9.66,9.78,9.46,9.78,4300,0
2017-05-30,20:00:00,9.65,9.94,9.65,9.68,1600,0
2017-05-30,21:00:00,9.68,9.75,9.5,9.71,13584,0
2017-05-30,22:00:00,9.72,9.87,9.62,9.67,7983,0
2017-05-31,16:00:00,9.15,9.82,8.921,9.7,6499,0
2017-05-31,17:00:00,9.48,9.64,9.3,9.63,10194,0
2017-05-31,18:00:00,9.56,9.77,9.3,9.77,13721,0
2017-05-31,19:00:00,9.71,9.88,9.4,9.63,12934,0
2017-05-31,20:00:00,9.62,9.64,9.5,9.56,5492,0
2017-05-31,21:00:00,9.56,9.79,9.54,9.74,10800,0
2017-05-31,22:00:00,9.61,9.86,9.61,9.8,11510,0
2017-06-01,16:00:00,9.98,9.98,9.72,9.98,400,0
2017-06-01,17:00:00,9.755,9.95,9.6,9.75,6306,0
2017-06-01,18:00:00,9.75,9.98,9.74,9.98,2100,0
2017-06-01,19:00:00,9.895,10.07,9.89,10.01,3509,0
2017-06-01,20:00:00,10.02,10.25,10.02,10.1583,1640,0
2017-06-01,21:00:00,10.165,10.3,10.081,10.28,2610,0
2017-06-01,22:00:00,10.3,10.3,10.21,10.24,11794,0
2017-06-02,16:00:00,10.25,10.3,10.13,10.22,2446,0
2017-06-02,17:00:00,10.28,10.3,10.24,10.27,9000,0
2017-06-02,18:00:00,10.17,10.3,10.17,10.3,3100,0
2017-06-02,19:00:00,10.29,10.29,10.26,10.27,905,0
2017-06-02,20:00:00,10.3,10.58,10.29,10.52,9854,0
2017-06-02,21:00:00,10.46,10.55,10.46,10.5,2767,0
2017-06-02,22:00:00,10.46,10.475,10.38,10.4,7498,0
2017-06-05,16:00:00,9.2,10.44,9.2,10.33,980,0
2017-06-05,17:00:00,10.35,10.5,10.35,10.41,2595,0
2017-06-05,18:00:00,10.39,10.39,10.32,10.32,1100,0
2017-06-05,19:00:00,10.31,10.35,10.31,10.35,900,0
2017-06-05,20:00:00,10.33,10.35,10.06,10.13,4329,0
2017-06-05,21:00:00,10.12,10.3,9.99,10.26,4010,0
2017-06-05,22:00:00,10.22,10.22,9.94,9.98,11117,0
2017-06-06,16:00:00,9.73,10.33,9.61,10.33,2095,0
2017-06-06,17:00:00,10.29,10.29,10.06,10.08,1660,0
2017-06-06,18:00:00,9.96,10.01,9.96,9.975,1300,0
2017-06-06,19:00:00,9.98,10.06,9.98,10.06,400,0
2017-06-06,20:00:00,10.09,10.1,9.96,9.97,2779,0
2017-06-06,21:00:00,9.98,10.29,9.97,10.09,2400,0
2017-06-06,22:00:00,10.11,10.11,9.94,9.96,6211,0
2017-06-07,16:00:00,9.66,10.23,9.66,10,711,0
2017-06-07,17:00:00,10.18,10.18,9.8,9.96,1663,0
2017-06-07,18:00:00,9.9799,9.98,9.93,9.97,1200,0
2017-06-07,19:00:00,9.97,10.035,9.78,9.8699,4751,0
2017-06-07,20:00:00,9.71,9.93,9.58,9.8999,4611,0
2017-06-07,21:00:00,9.8199,10,9.58,9.815,4411,0
2017-06-07,22:00:00,9.8024,9.9,9.77,9.84,8793,0
2017-06-08,16:00:00,9.59,9.91,9.59,9.8,695,0
2017-06-08,17:00:00,9.87,9.89,9.8,9.89,1633,0
2017-06-08,18:00:00,9.87,10.09,9.87,10,2841,0
2017-06-08,19:00:00,10.01,10.02,9.77,9.94,3011,0
2017-06-08,20:00:00,9.9,10.15,9.8,10.14,4154,0
2017-06-08,21:00:00,10.06,10.2,9.935,9.99,3000,0
2017-06-08,22:00:00,10,10.05,9.75,9.85,19227,0
2017-06-09,16:00:00,9.95,9.95,9.64,9.64,3177,0
2017-06-09,17:00:00,9.77,9.96,9.695,9.96,1300,0
2017-06-09,18:00:00,9.93,9.98,9.9,9.98,700,0
2017-06-09,19:00:00,9.97,10.12,9.96,10.04,1800,0
2017-06-09,20:00:00,10.17,10.25,10.11,10.25,954,0
2017-06-09,21:00:00,10.24,10.24,10.02,10.02,800,0
2017-06-09,22:00:00,10.13,10.32,10.02,10.24,14799,0
2017-06-12,16:00:00,10.19,10.23,10.145,10.145,1442,0
2017-06-12,17:00:00,10.09,10.25,10.09,10.2237,2800,0
2017-06-12,18:00:00,10.23,10.5,10.14,10.5,6300,0
2017-06-12,19:00:00,10.5,10.5,10.375,10.49,5040,0
2017-06-12,20:00:00,10.44,10.49,10.36,10.36,2690,0
2017-06-12,21:00:00,10.43,10.44,10.36,10.44,1800,0
2017-06-12,22:00:00,10.43,10.43,10.21,10.29,10917,0
2017-06-13,16:00:00,10.24,10.29,9.94,10.1499,6129,0
2017-06-13,17:00:00,10.09,10.14,9.86,10.06,5869,0
2017-06-13,18:00:00,10.03,10.215,10.03,10.0808,4311,0
2017-06-13,19:00:00,10.05,10.2099,10.03,10.17,2133,0
2017-06-13,20:00:00,10.22,10.34,10.16,10.29,4312,0
2017-06-13,21:00:00,10.35,10.35,10.04,10.14,4800,0
2017-06-13,22:00:00,10.21,10.3,10.15,10.23,11925,0
2017-06-14,16:00:00,10.13,10.2,10,10,2100,0
2017-06-14,17:00:00,10.06,10.065,9.905,10,2613,0
2017-06-14,18:00:00,10,10.02,9.955,9.99,3692,0
2017-06-14,19:00:00,9.98,10.03,9.94,10.005,2142,0
2017-06-14,20:00:00,9.98,10.01,9.95,9.95,2691,0
2017-06-14,21:00:00,9.99,10.01,9.94,9.94,3749,0
2017-06-14,22:00:00,9.97,10.08,9.92,9.92,9619,0
2017-06-15,16:00:00,9.78,10.03,9.78,10.01,1049,0
2017-06-15,17:00:00,9.98,10.29,9.88,9.92,4500,0
2017-06-15,18:00:00,9.89,9.94,9.81,9.81,1965,0
2017-06-15,19:00:00,9.86,9.94,9.75,9.925,1400,0
2017-06-15,20:00:00,9.97,9.99,9.7,9.88,3755,0
2017-06-15,21:00:00,9.89,10,9.78,9.89,1300,0
2017-06-15,22:00:00,9.855,10.01,9.83,9.98,10662,0
2017-06-16,16:00:00,9.77,10.11,9.77,9.87,33183,0
2017-06-16,17:00:00,9.86,9.95,9.7372,9.76,3126,0
2017-06-16,18:00:00,9.885,9.885,9.66,9.745,5059,0
2017-06-16,19:00:00,9.715,9.95,9.665,9.9099,4898,0
2017-06-16,20:00:00,9.91,9.95,9.86,9.93,2300,0
2017-06-16,21:00:00,9.9999,10,9.9499,10,2900,0
2017-06-16,22:00:00,10,10.03,9.94,10,34713,0
2017-06-19,16:00:00,10,10,9.92,9.96,1156,0
2017-06-19,17:00:00,9.91,10,9.91,9.925,600,0
2017-06-19,18:00:00,9.95,10,9.945,9.96,1600,0
2017-06-19,19:00:00,9.985,10.14,9.985,10.14,5700,0
2017-06-19,20:00:00,10.16,10.405,10.13,10.14,2527,0
2017-06-19,21:00:00,10.15,10.235,10.1299,10.1408,4100,0
2017-06-19,22:00:00,10.23,10.26,10.09,10.15,9102,0
2017-06-20,16:00:00,10.07,10.14,10,10.13,3596,0
2017-06-20,17:00:00,10.11,10.13,10,10.11,2497,0
2017-06-20,18:00:00,10,10.26,10,10.26,2100,0
2017-06-20,19:00:00,10.18,10.25,10.04,10.14,2333,0
2017-06-20,20:00:00,10.22,10.29,10.04,10.29,1700,0
2017-06-20,21:00:00,10.29,10.29,10.17,10.24,2242,0
2017-06-20,22:00:00,10.12,10.26,10.12,10.15,4930,0
2017-06-21,16:00:00,10.24,10.24,9.8,10.05,1141,0
2017-06-21,17:00:00,10.03,10.245,10.03,10.15,2627,0
2017-06-21,18:00:00,10.149,10.43,10.05,10.24,30163,0
2017-06-21,19:00:00,10.26,10.3,10.09,10.19,8321,0
2017-06-21,20:00:00,10.13,10.3499,10.07,10.3499,3362,0
2017-06-21,21:00:00,10.3,10.46,10.18,10.3589,4996,0
2017-06-21,22:00:00,10.34,10.38,10.3,10.3,23144,0
2017-06-22,16:00:00,10.24,10.78,10.24,10.5,31319,0
2017-06-22,17:00:00,10.53,10.58,10.38,10.5,13091,0
2017-06-22,18:00:00,10.5,10.57,10.44,10.44,10118,0
2017-06-22,19:00:00,10.48,10.48,10.38,10.38,3000,0
2017-06-22,20:00:00,10.4,10.4,10.18,10.22,4806,0
2017-06-22,21:00:00,10.18,10.305,10.11,10.21,2476,0
2017-06-22,22:00:00,10.24,10.35,10.02,10.27,26983,0
2017-06-23,16:00:00,10.25,10.25,10,10,2115,0
2017-06-23,17:00:00,10,10.22,9.95,10.04,7941,0
2017-06-23,18:00:00,10.05,10.2,10.05,10.16,4844,0
2017-06-23,19:00:00,10.12,10.21,10.1,10.18,3660,0
2017-06-23,20:00:00,10.17,10.21,10.12,10.21,1834,0
2017-06-23,21:00:00,10.18,10.35,10.17,10.2,7980,0
2017-06-23,22:00:00,10.19,10.25,9.88,9.955,315590,0
2017-06-26,16:00:00,9.9,10.04,9.9,10.04,1948,0
2017-06-26,17:00:00,10.13,10.2,10.1,10.1,3581,0
2017-06-26,18:00:00,10.15,10.15,9.97,10.1,10103,0
2017-06-26,19:00:00,10.14,10.46,10.13,10.35,10340,0
2017-06-26,20:00:00,10.34,10.34,10.23,10.26,8300,0
2017-06-26,21:00:00,10.305,10.305,10.18,10.27,2700,0
2017-06-26,22:00:00,10.24,10.255,10.0111,10.07,16670,0
2017-06-27,16:00:00,10.04,10.05,10,10.01,2593,0
2017-06-27,17:00:00,10,10.1,9.98,10.07,6178,0
2017-06-27,18:00:00,10.09,10.41,10.09,10.28,4622,0
2017-06-27,19:00:00,10.243,10.34,10.11,10.34,8447,0
2017-06-27,20:00:00,10.28,10.32,10.13,10.175,3754,0
2017-06-27,21:00:00,10.04,10.18,10.01,10.08,800,0
2017-06-27,22:00:00,10.01,10.05,9.96,10.02,15818,0
2017-06-28,16:00:00,10.1,10.14,10,10.14,2236,0
2017-06-28,17:00:00,10.1,10.13,10,10.11,700,0
2017-06-28,18:00:00,10.09,10.23,10.08,10.15,2400,0
2017-06-28,19:00:00,10.12,10.435,10.12,10.34,6495,0
2017-06-28,20:00:00,10.47,10.6,10.37,10.45,2853,0
2017-06-28,21:00:00,10.5642,10.58,10.46,10.46,4675,0
2017-06-28,22:00:00,10.46,10.49,10.24,10.3,21825,0
2017-06-29,16:00:00,10.32,10.32,10.17,10.17,1443,0
2017-06-29,17:00:00,10.11,10.19,10.06,10.18,1622,0
2017-06-29,18:00:00,10.21,10.29,10.15,10.29,2752,0
2017-06-29,19:00:00,10.24,10.32,10.21,10.24,900,0
2017-06-29,20:00:00,10.22,10.27,10.07,10.15,2800,0
2017-06-29,21:00:00,10.17,10.32,10.17,10.32,1800,0
2017-06-29,22:00:00,10.243,10.26,10.1128,10.2,9946,0
2017-06-30,16:00:00,10.26,10.28,10.2,10.2,643,0
2017-06-30,17:00:00,10.06,10.27,10.06,10.215,1400,0
2017-06-30,18:00:00,10.28,10.31,10.25,10.31,400,0
2017-06-30,19:00:00,10.31,10.48,10.25,10.34,9497,0
2017-06-30,20:00:00,10.35,10.38,10.22,10.26,5600,0
2017-06-30,21:00:00,10.23,10.48,10.17,10.44,6776,0
2017-06-30,22:00:00,10.47,10.47,10.23,10.26,16683,0
2017-07-03,16:00:00,10.295,10.32,10.07,10.25,1300,0
2017-07-03,17:00:00,10.255,10.34,10.1101,10.1101,2950,0
2017-07-03,18:00:00,10.31,10.59,10.24,10.5,6581,0
2017-07-03,19:00:00,10.5,10.5,10.28,10.43,14712,0
2017-07-03,20:00:00,10.45,10.46,10.44,10.46,2069,0
2017-07-05,16:00:00,10.42,10.53,10.13,10.18,10020,0
2017-07-05,17:00:00,10.14,10.27,10.11,10.14,3571,0
2017-07-05,18:00:00,10.17,10.285,10.1,10.25,4441,0
2017-07-05,19:00:00,10.205,10.205,10.08,10.17,2611,0
2017-07-05,20:00:00,10.17,10.29,10.1328,10.29,4023,0
2017-07-05,21:00:00,10.29,10.29,10.1063,10.21,2300,0
2017-07-05,22:00:00,10.26,10.34,10.2001,10.25,13649,0
2017-07-06,16:00:00,10.28,10.35,10.07,10.07,4515,0
2017-07-06,17:00:00,10.06,10.13,10.01,10.13,4064,0
2017-07-06,18:00:00,10.09,10.22,10.07,10.135,6911,0
2017-07-06,19:00:00,10.16,10.17,10.08,10.1308,4202,0
2017-07-06,20:00:00,10.16,10.27,10.12,10.12,2886,0
2017-07-06,21:00:00,10.08,10.11,10,10.11,4799,0
2017-07-06,22:00:00,10.04,10.17,10,10.12,24154,0
2017-07-07,16:00:00,10.23,10.23,10.05,10.13,621,0
2017-07-07,17:00:00,10.11,10.14,10.1,10.11,1450,0
2017-07-07,18:00:00,10.0901,10.14,10.0701,10.12,1999,0
2017-07-07,19:00:00,10.06,10.18,10.05,10.16,6009,0
2017-07-07,20:00:00,10.1,10.1,10.06,10.09,585,0
2017-07-07,21:00:00,10.0601,10.1,10.05,10.075,1800,0
2017-07-07,22:00:00,10.07,10.2,10.07,10.13,7819,0
2017-07-10,16:00:00,10.13,10.36,10.06,10.205,795,0
2017-07-10,17:00:00,10.22,10.22,9.8,10,12784,0
2017-07-10,18:00:00,9.91,10.15,9.81,10.11,6652,0
2017-07-10,19:00:00,10.13,10.13,10.13,10.13,100,0
2017-07-10,20:00:00,10.08,10.19,10.08,10.09,900,0
2017-07-10,21:00:00,10.035,10.05,10,10.05,2001,0
2017-07-10,22:00:00,10.1,10.17,10.05,10.05,10054,0
2017-07-11,16:00:00,9.95,10.265,9.95,10.18,3201,0
2017-07-11,17:00:00,10.255,10.265,10.06,10.25,5200,0
2017-07-11,18:00:00,10.25,10.38,10.245,10.26,3400,0
2017-07-11,19:00:00,10.29,10.4,10.29,10.4,1200,0
2017-07-11,20:00:00,10.4,10.4,10.29,10.29,1000,0
2017-07-11,21:00:00,10.32,10.32,10.1875,10.25,4206,0
2017-07-11,22:00:00,10.32,10.32,10.1301,10.17,14253,0
2017-07-12,16:00:00,9.89,10.3,9.89,10.3,200,0
2017-07-12,17:00:00,10.26,10.35,10.26,10.32,3600,0
2017-07-12,18:00:00,10.37,10.4,10.37,10.4,2510,0
2017-07-12,19:00:00,10.41,10.42,10.41,10.42,200,0
2017-07-12,20:00:00,10.41,10.5,10.38,10.49,2730,0
2017-07-12,21:00:00,10.5,10.5,10.41,10.43,2227,0
2017-07-12,22:00:00,10.4387,10.54,10.41,10.42,6114,0
2017-07-13,16:00:00,10.37,10.37,10.1,10.17,4966,0
2017-07-13,17:00:00,10.21,10.34,10.09,10.28,4240,0
2017-07-13,18:00:00,10.289,10.38,10.24,10.36,3939,0
2017-07-13,19:00:00,10.28,10.36,10.25,10.36,1771,0
2017-07-13,20:00:00,10.36,10.36,10.325,10.325,200,0
2017-07-13,21:00:00,10.37,10.5,10.37,10.49,4942,0
2017-07-13,22:00:00,10.52,10.53,10.38,10.43,4204,0
2017-07-14,16:00:00,10.34,10.45,10.27,10.41,2358,0
2017-07-14,17:00:00,10.42,10.44,10.36,10.44,1400,0
2017-07-14,18:00:00,10.42,10.68,10.42,10.67,10946,0
2017-07-14,19:00:00,10.68,10.68,10.68,10.68,100,0
2017-07-14,20:00:00,10.66,10.8,10.63,10.75,10857,0
2017-07-14,21:00:00,10.7,10.7328,10.6,10.65,4200,0
2017-07-14,22:00:00,10.67,10.72,10.64,10.66,8722,0
2017-07-17,16:00:00,10.64,10.7,10.64,10.7,300,0
2017-07-17,17:00:00,10.725,10.74,10.65,10.68,1300,0
2017-07-17,18:00:00,10.62,10.6225,10.48,10.52,4732,0
2017-07-17,19:00:00,10.52,10.525,10.45,10.49,3700,0
2017-07-17,20:00:00,10.49,10.49,10.42,10.44,3100,0
2017-07-17,21:00:00,10.45,10.49,10.45,10.47,1400,0
2017-07-17,22:00:00,10.43,10.47,10.36,10.41,25627,0
2017-07-18,16:00:00,10.31,10.4,10.09,10.27,5102,0
2017-07-18,17:00:00,10.32,10.39,10.02,10.225,12698,0
2017-07-18,18:00:00,10.225,10.29,10.14,10.165,3511,0
2017-07-18,19:00:00,10.14,10.3,10.14,10.205,5350,0
2017-07-18,20:00:00,10.19,10.247,10.13,10.13,3200,0
2017-07-18,21:00:00,10.12,10.2799,10.04,10.19,13273,0
2017-07-18,22:00:00,10.191,10.21,10.03,10.12,16124,0
2017-07-19,16:00:00,10.1,10.1,10.1,10.1,302,0
2017-07-19,17:00:00,10.22,10.22,10.07,10.2,2322,0
2017-07-19,18:00:00,10.225,10.39,10.18,10.39,1900,0
2017-07-19,19:00:00,10.4,10.4,10.3,10.31,2300,0
2017-07-19,20:00:00,10.34,10.55,10.34,10.53,1639,0
2017-07-19,21:00:00,10.49,10.62,10.4101,10.62,1900,0
2017-07-19,22:00:00,10.58,10.7,10.55,10.58,13301,0
2017-07-20,16:00:00,10.54,10.74,10.3,10.64,3622,0
2017-07-20,17:00:00,10.55,10.58,10.4,10.48,2900,0
2017-07-20,18:00:00,10.465,10.505,10.44,10.49,8038,0
2017-07-20,19:00:00,10.47,10.47,10.435,10.44,1200,0
2017-07-20,20:00:00,10.41,10.44,10.36,10.44,1100,0
2017-07-20,21:00:00,10.4392,10.56,10.22,10.22,19843,0
2017-07-20,22:00:00,10.3,10.45,10.3,10.43,10281,0
2017-07-21,16:00:00,10.6,10.6,10.49,10.49,10879,0
2017-07-21,17:00:00,10.49,10.61,10.46,10.46,5782,0
2017-07-21,18:00:00,10.46,10.56,10.33,10.33,10170,0
2017-07-21,19:00:00,10.39,10.47,10.32,10.36,7452,0
2017-07-21,20:00:00,10.36,10.39,10.21,10.38,11489,0
2017-07-21,21:00:00,10.34,10.37,10.2664,10.3,2814,0
2017-07-21,22:00:00,10.3,10.37,10.23,10.34,15127,0
2017-07-24,16:00:00,10.29,10.42,10.22,10.31,5017,0
2017-07-24,17:00:00,10.37,10.41,10.25,10.37,4900,0
2017-07-24,18:00:00,10.38,10.41,10.26,10.31,3622,0
2017-07-24,19:00:00,10.35,10.42,10.24,10.34,18516,0
2017-07-24,20:00:00,10.37,10.66,10.36,10.44,11111,0
2017-07-24,21:00:00,10.45,10.545,10.43,10.48,10722,0
2017-07-24,22:00:00,10.43,10.4557,10.36,10.37,11674,0
2017-07-25,16:00:00,10.36,10.686,10.34,10.4908,17030,0
2017-07-25,17:00:00,10.42,10.6793,10.16,10.38,20200,0
2017-07-25,18:00:00,10.4216,10.55,10.24,10.39,4000,0
2017-07-25,19:00:00,10.412,10.412,10.185,10.25,18426,0
2017-07-25,20:00:00,10.23,10.4703,10.17,10.29,12038,0
2017-07-25,21:00:00,10.38,10.59,10.25,10.44,4797,0
2017-07-25,22:00:00,10.42,10.47,10.25,10.35,16923,0
2017-07-26,16:00:00,10.6,10.94,10.6,10.94,273,0
2017-07-26,17:00:00,10.72,10.72,10.66,10.66,400,0
2017-07-26,18:00:00,10.65,10.68,10.42,10.47,16273,0
2017-07-26,19:00:00,10.52,10.53,10.42,10.5,2422,0
2017-07-26,20:00:00,10.5,10.5302,10.5,10.53,900,0
2017-07-26,21:00:00,10.53,10.54,10.43,10.48,7306,0
2017-07-26,22:00:00,10.5,10.5665,10.4711,10.51,17725,0
2017-07-27,16:00:00,10.62,10.78,10.55,10.55,1158,0
2017-07-27,17:00:00,10.58,10.83,10.4,10.83,15090,0
2017-07-27,18:00:00,10.69,10.949,10.69,10.75,5900,0
2017-07-27,19:00:00,10.959,10.959,10.52,10.74,3709,0
2017-07-27,20:00:00,10.63,10.7,10.44,10.7,8466,0
2017-07-27,21:00:00,10.57,10.74,10.45,10.67,15100,0
2017-07-27,22:00:00,10.64,10.82,10.57,10.66,14955,0
2017-07-28,16:00:00,10.58,10.97,10.58,10.97,554,0
2017-07-28,17:00:00,10.7,10.82,10.51,10.67,8516,0
2017-07-28,18:00:00,10.7,10.7,10.57,10.69,5200,0
2017-07-28,19:00:00,10.66,10.74,10.65,10.74,1800,0
2017-07-28,20:00:00,10.68,10.775,10.64,10.72,3800,0
2017-07-28,21:00:00,10.72,10.79,10.53,10.68,6033,0
2017-07-28,22:00:00,10.56,10.87,10.43,10.73,14011,0
2017-07-31,16:00:00,10.95,11,10.95,11,428,0
2017-07-31,17:00:00,10.59,10.99,10.59,10.93,4181,0
2017-07-31,18:00:00,10.8,11,10.765,10.93,2509,0
2017-07-31,19:00:00,10.955,10.96,10.82,10.96,500,0
2017-07-31,20:00:00,10.95,10.98,10.82,10.88,2720,0
2017-07-31,21:00:00,10.965,10.98,10.86,10.869,1300,0
2017-07-31,22:00:00,10.87,10.94,10.76,10.8,11485,0
2017-08-01,16:00:00,10.94,10.9489,10.555,10.605,4132,0
2017-08-01,17:00:00,10.65,10.74,10.47,10.69,6600,0
2017-08-01,18:00:00,10.68,10.74,10.67,10.73,1600,0
2017-08-01,19:00:00,10.7,10.72,10.66,10.69,1800,0
2017-08-01,20:00:00,10.65,10.72,10.49,10.64,21203,0
2017-08-01,21:00:00,10.64,10.66,10.61,10.61,1100,0
2017-08-01,22:00:00,10.63,10.69,10.5816,10.68,7664,0
2017-08-02,16:00:00,10.68,10.68,10.38,10.51,9622,0
2017-08-02,17:00:00,10.5,10.5999,10.3525,10.3525,7000,0
2017-08-02,18:00:00,10.44,10.5,10.4,10.47,2000,0
2017-08-02,19:00:00,10.5,10.5,10.43,10.48,3600,0
2017-08-02,20:00:00,10.52,10.52,10.43,10.43,900,0
2017-08-02,21:00:00,10.48,10.74,10.48,10.68,3784,0
2017-08-02,22:00:00,10.73,10.74,10.52,10.64,10821,0
2017-08-03,16:00:00,10.62,10.63,10.4,10.56,5100,0
2017-08-03,17:00:00,10.56,10.56,10.46,10.49,6845,0
2017-08-03,18:00:00,10.47,10.52,10.43,10.5,6864,0
2017-08-03,19:00:00,10.533,10.533,10.31,10.41,5862,0
2017-08-03,20:00:00,10.41,10.5,10.33,10.43,4900,0
2017-08-03,21:00:00,10.411,10.53,10.22,10.28,13145,0
2017-08-03,22:00:00,10.28,10.44,10.16,10.36,18640,0
2017-08-04,19:00:00,10.325,10.48,10.31,10.48,1950,0
2017-08-04,20:00:00,10.45,10.66,10.43,10.51,4630,0
2017-08-04,21:00:00,10.51,10.54,10.46,10.4855,2644,0
2017-08-04,22:00:00,10.5,10.51,10.41,10.44,8725,0
2017-08-07,16:00:00,10.4,10.52,10.4,10.52,235,0
2017-08-07,17:00:00,10.54,10.56,10.4,10.53,2314,0
2017-08-07,18:00:00,10.5149,10.68,10.5149,10.67,4767,0
2017-08-07,19:00:00,10.7393,10.96,10.73,10.95,3249,0
2017-08-07,20:00:00,10.95,10.98,10.88,10.88,2214,0
2017-08-07,21:00:00,10.73,10.96,10.73,10.94,2300,0
2017-08-07,22:00:00,10.9338,10.96,10.79,10.83,7666,0
2017-08-08,16:00:00,10.94,11.26,10.94,11.21,9332,0
2017-08-08,17:00:00,11.28,11.3772,11.28,11.3772,3289,0
2017-08-08,18:00:00,11.44,11.8,11.43,11.8,11163,0
2017-08-08,19:00:00,11.83,12.1,11.82,11.82,23399,0
2017-08-08,20:00:00,11.8431,12.2,11.81,12.08,15232,0
2017-08-08,21:00:00,12.0524,12.11,11.73,11.84,7902,0
2017-08-08,22:00:00,11.799,11.8,11.41,11.51,14026,0
2017-08-09,16:00:00,11.35,11.81,11.35,11.81,717,0
2017-08-09,17:00:00,11.6,11.6,11.28,11.29,2926,0
2017-08-09,18:00:00,11.2401,11.5,11.11,11.48,12900,0
2017-08-09,19:00:00,11.42,11.62,11.1201,11.38,5543,0
2017-08-09,20:00:00,11.5,11.54,11.2001,11.35,2317,0
2017-08-09,21:00:00,11.32,11.32,11.1401,11.25,2800,0
2017-08-09,22:00:00,11.2001,11.435,11.2001,11.34,17733,0
2017-08-10,16:00:00,11.14,11.16,11.11,11.16,400,0
2017-08-10,17:00:00,11.14,11.19,11.01,11.05,2800,0
2017-08-10,18:00:00,11.01,11.1,10.91,11.03,4100,0
2017-08-10,19:00:00,11.03,11.1,10.87,11,9511,0
2017-08-10,20:00:00,10.97,11.02,10.88,10.88,1558,0
2017-08-10,21:00:00,10.79,11.06,10.79,10.845,1299,0
2017-08-10,22:00:00,10.91,11.03,10.84,10.85,8720,0
2017-08-11,16:00:00,10.99,10.99,10.99,10.99,645,0
2017-08-11,17:00:00,11.08,11.08,10.61,10.8,5063,0
2017-08-11,18:00:00,10.7,10.78,10.7,10.78,300,0
2017-08-11,19:00:00,10.71,10.79,10.59,10.75,2794,0
2017-08-11,20:00:00,10.679,10.75,10.53,10.75,800,0
2017-08-11,21:00:00,10.7,10.8,10.67,10.73,4400,0
2017-08-11,22:00:00,10.73,10.85,10.72,10.8,12018,0
2017-08-14,17:00:00,10.61,10.74,10.61,10.65,1300,0
2017-08-14,18:00:00,10.67,10.79,10.66,10.79,1400,0
2017-08-14,19:00:00,10.88,10.91,10.83,10.83,1000,0
2017-08-14,20:00:00,10.7525,10.94,10.715,10.8,1100,0
2017-08-14,21:00:00,10.82,11.05,10.82,11.01,6500,0
2017-08-14,22:00:00,10.96,11.01,10.925,10.99,5726,0
2017-08-15,16:00:00,11.1,11.1,10.9,10.9,628,0
2017-08-15,17:00:00,10.87,11,10.84,11,1500,0
2017-08-15,18:00:00,10.96,10.96,10.88,10.88,200,0
2017-08-15,20:00:00,10.96,10.96,10.95,10.95,200,0
2017-08-15,21:00:00,10.96,10.96,10.81,10.86,900,0
2017-08-15,22:00:00,10.94,10.98,10.59,10.68,11725,0
2017-08-16,16:00:00,10.6371,10.8,10.5416,10.8,585,0
2017-08-16,17:00:00,10.57,10.79,10.57,10.75,600,0
2017-08-16,18:00:00,10.76,10.8,10.73,10.79,4511,0
2017-08-16,19:00:00,10.5801,10.79,10.5601,10.69,83133,0
2017-08-16,20:00:00,10.725,10.76,10.61,10.76,800,0
2017-08-16,21:00:00,10.6138,10.73,10.6138,10.73,474,0
2017-08-16,22:00:00,10.64,10.71,10.6,10.65,7301,0
2017-08-17,16:00:00,10.55,10.8,10.51,10.8,1245,0
2017-08-17,17:00:00,10.77,10.77,10.64,10.65,500,0
2017-08-17,18:00:00,10.74,10.8,10.51,10.8,5932,0
2017-08-17,19:00:00,10.6,10.69,10.6,10.65,500,0
2017-08-17,20:00:00,10.65,10.73,10.511,10.57,4242,0
2017-08-17,21:00:00,10.595,10.649,10.57,10.62,6476,0
2017-08-17,22:00:00,10.59,10.7,10.51,10.6,14943,0
2017-08-18,16:00:00,10.37,10.68,10.3248,10.68,16330,0
2017-08-18,17:00:00,10.69,10.77,10.48,10.75,1821,0
2017-08-18,18:00:00,10.62,10.72,10.62,10.72,376,0
2017-08-18,19:00:00,10.61,10.73,10.61,10.73,300,0
2017-08-18,20:00:00,10.63,10.74,10.62,10.67,1100,0
2017-08-18,21:00:00,10.71,10.7378,10.62,10.67,880,0
2017-08-18,22:00:00,10.65,10.8,10.6301,10.71,14606,0
2017-08-21,16:00:00,10.65,10.78,10.65,10.78,352,0
2017-08-21,17:00:00,10.79,10.79,10.66,10.73,400,0
2017-08-21,18:00:00,10.73,10.78,10.415,10.425,3300,0
2017-08-21,19:00:00,10.52,10.6,10.42,10.5,12441,0
2017-08-21,20:00:00,10.44,10.545,10.44,10.545,1572,0
2017-08-21,21:00:00,10.47,10.52,10.3,10.355,17705,0
2017-08-21,22:00:00,10.355,10.45,10.29,10.29,16218,0
2017-08-22,16:00:00,10.39,10.47,10.33,10.35,6714,0
2017-08-22,17:00:00,10.38,10.42,10.33,10.37,6546,0
2017-08-22,18:00:00,10.4,10.4,10.36,10.4,2300,0
2017-08-22,19:00:00,10.39,10.41,10.25,10.32,7918,0
2017-08-22,20:00:00,10.3,10.3,10.26,10.26,400,0
2017-08-22,21:00:00,10.26,10.33,10.26,10.32,1523,0
2017-08-22,22:00:00,10.33,10.38,10.3,10.36,7523,0
2017-08-23,16:00:00,10.25,10.4,10.25,10.39,876,0
2017-08-23,17:00:00,10.36,10.405,10.33,10.34,1111,0
2017-08-23,18:00:00,10.27,10.385,10.27,10.35,1100,0
2017-08-23,19:00:00,10.36,10.4,10.3,10.32,3400,0
2017-08-23,20:00:00,10.29,10.36,10.26,10.36,92200,0
2017-08-23,21:00:00,10.4,10.44,10.285,10.3201,65700,0
2017-08-23,22:00:00,10.31,10.39,10.2601,10.31,14695,0
2017-08-24,17:00:00,10.4,10.47,10.39,10.41,3300,0
2017-08-24,18:00:00,10.41,10.49,10.385,10.49,22100,0
2017-08-24,19:00:00,10.61,10.66,10.52,10.61,4700,0
2017-08-24,20:00:00,10.615,10.68,10.6,10.65,3800,0
2017-08-24,21:00:00,10.65,10.69,10.645,10.65,7004,0
2017-08-24,22:00:00,10.66,10.66,10.5,10.56,58574,0
2017-08-25,16:00:00,10.35,10.77,10.35,10.66,611,0
2017-08-25,17:00:00,10.79,10.79,10.54,10.6,2485,0
2017-08-25,18:00:00,10.6,10.675,10.34,10.55,3700,0
2017-08-25,19:00:00,10.5,10.64,10.39,10.525,101400,0
2017-08-25,20:00:00,10.55,10.55,10.46,10.5,2400,0
2017-08-25,21:00:00,10.52,10.61,10.47,10.58,104300,0
2017-08-25,22:00:00,10.56,10.57,10.38,10.46,12328,0
2017-08-28,16:00:00,10.43,10.705,10.43,10.67,1075,0
2017-08-28,17:00:00,10.66,10.69,10.5601,10.57,6833,0
2017-08-28,18:00:00,10.62,10.65,10.56,10.62,33655,0
2017-08-28,19:00:00,10.61,10.62,10.57,10.6,3800,0
2017-08-28,20:00:00,10.61,10.61,10.57,10.59,9687,0
2017-08-28,21:00:00,10.58,10.635,10.54,10.6,13500,0
2017-08-28,22:00:00,10.605,10.64,10.6,10.64,14083,0
2017-08-29,16:00:00,10.5,10.55,10.32,10.51,16803,0
2017-08-29,17:00:00,10.5,10.51,10.46,10.465,1200,0
2017-08-29,18:00:00,10.49,10.51,10.39,10.49,12422,0
2017-08-29,19:00:00,10.48,10.56,10.48,10.52,8523,0
2017-08-29,20:00:00,10.52,10.53,10.5,10.5,12424,0
2017-08-29,21:00:00,10.5,10.53,10.48,10.51,15823,0
2017-08-29,22:00:00,10.53,10.5699,10.5,10.53,8803,0
2017-08-30,16:00:00,10.46,10.57,10.46,10.57,2300,0
2017-08-30,17:00:00,10.505,10.525,10.5,10.5,7300,0
2017-08-30,18:00:00,10.5,10.65,10.46,10.525,24356,0
2017-08-30,19:00:00,10.5,10.58,10.5,10.58,3400,0
2017-08-30,20:00:00,10.585,10.59,10.53,10.55,2300,0
2017-08-30,21:00:00,10.57,10.57,10.52,10.56,3000,0
2017-08-30,22:00:00,10.56,10.57,10.53,10.54,6844,0
2017-08-31,16:00:00,10.55,10.55,10.4393,10.5,3600,0
2017-08-31,17:00:00,10.5,10.54,10.41,10.51,34493,0
2017-08-31,18:00:00,10.54,10.59,10.51,10.51,13136,0
2017-08-31,19:00:00,10.53,10.53,10.44,10.515,3841,0
2017-08-31,20:00:00,10.515,10.515,10.49,10.49,1848,0
2017-08-31,21:00:00,10.48,10.53,10.45,10.5,600,0
2017-08-31,22:00:00,10.5,10.55,10.44,10.55,16436,0
2017-09-01,16:00:00,10.62,10.64,10.4,10.4,754,0
2017-09-01,17:00:00,10.43,10.5,10.2965,10.5,1500,0
2017-09-01,18:00:00,10.37,10.56,10.37,10.52,1000,0
2017-09-01,19:00:00,10.5,10.59,10.5,10.5787,2300,0
2017-09-01,20:00:00,10.57,10.63,10.4,10.525,4134,0
2017-09-01,21:00:00,10.435,10.5,10.28,10.35,3310,0
2017-09-01,22:00:00,10.35,10.35,10.09,10.21,16338,0
2017-09-05,16:00:00,10.15,10.165,10.15,10.15,800,0
2017-09-05,17:00:00,10.15,10.15,10.04,10.1,2912,0
2017-09-05,18:00:00,10.13,10.195,10.01,10.01,3000,0
2017-09-05,19:00:00,10.15,10.15,9.78,9.83,142716,0
2017-09-05,20:00:00,9.81,9.94,9.76,9.85,5482,0
2017-09-05,21:00:00,9.9,9.94,9.81,9.84,1300,0
2017-09-05,22:00:00,9.865,10.04,9.83,9.96,154960,0
2017-09-06,16:00:00,10.09,10.12,10,10.03,2836,0
2017-09-06,17:00:00,10.165,10.285,10.09,10.25,9225,0
2017-09-06,18:00:00,10.21,10.21,10.12,10.17,3200,0
2017-09-06,19:00:00,10.23,10.24,10.15,10.17,1300,0
2017-09-06,20:00:00,10.2,10.5,10.19,10.5,12094,0
2017-09-06,21:00:00,10.5,10.69,10.43,10.62,8950,0
2017-09-06,22:00:00,10.675,10.675,10.49,10.51,23620,0
2017-09-07,16:00:00,10.28,10.64,10.28,10.5,6522,0
2017-09-07,17:00:00,10.32,10.58,10.17,10.58,81006,0
2017-09-07,18:00:00,10.625,10.625,10.425,10.5,5432,0
2017-09-07,19:00:00,10.485,10.62,10.41,10.62,6241,0
2017-09-07,20:00:00,10.7,10.7,10.55,10.7,58336,0
2017-09-07,21:00:00,10.7,10.715,10.64,10.67,8579,0
2017-09-07,22:00:00,10.7,10.74,10.67,10.73,9665,0
2017-09-08,16:00:00,10.56,10.65,10.49,10.6,10760,0
2017-09-08,17:00:00,10.57,10.6,10.5,10.6,7424,0
2017-09-08,18:00:00,10.6,10.7,10.6,10.7,2600,0
2017-09-08,19:00:00,10.66,10.69,10.57,10.57,7500,0
2017-09-08,20:00:00,10.7,10.7,10.58,10.62,6132,0
2017-09-08,21:00:00,10.63,10.67,10.59,10.59,9594,0
2017-09-08,22:00:00,10.5,10.55,10.48,10.5,4450,0
2017-09-11,16:00:00,10.5,10.5,10.36,10.36,3429,0
2017-09-11,17:00:00,10.45,10.45,10.04,10.115,27573,0
2017-09-11,18:00:00,10.05,10.24,10.02,10.11,6100,0
2017-09-11,19:00:00,10.1,10.13,9.71,9.8,10250,0
2017-09-11,20:00:00,9.81,10.12,9.785,10.005,24752,0
2017-09-11,21:00:00,9.97,10.2,9.9,9.9,10421,0
2017-09-11,22:00:00,9.86,9.89,9.41,9.67,52842,0
2017-09-12,16:00:00,9.92,10,9.5461,9.7,2300,0
2017-09-12,17:00:00,9.61,9.65,9.19,9.19,32226,0
2017-09-12,18:00:00,9.22,9.42,9.0901,9.34,8737,0
2017-09-12,19:00:00,9.28,9.39,9.17,9.37,7094,0
2017-09-12,20:00:00,9.28,9.35,9.25,9.34,1933,0
2017-09-12,21:00:00,9.31,9.36,9.31,9.35,2391,0
2017-09-12,22:00:00,9.36,9.41,9.3,9.41,9553,0
2017-09-13,16:00:00,9.47,9.48,9.44,9.44,1400,0
2017-09-13,17:00:00,9.48,9.58,9.45,9.49,37024,0
2017-09-13,18:00:00,9.47,9.47,9.32,9.35,2658,0
2017-09-13,19:00:00,9.36,9.41,9.35,9.41,1600,0
2017-09-13,20:00:00,9.38,9.46,9.32,9.43,2600,0
2017-09-13,21:00:00,9.29,9.47,9.29,9.37,2200,0
2017-09-13,22:00:00,9.365,9.39,9.11,9.23,20923,0
2017-09-14,16:00:00,9.42,9.42,9.13,9.14,1700,0
2017-09-14,17:00:00,9.22,9.22,9.06,9.06,2792,0
2017-09-14,18:00:00,9.1,9.14,9.1,9.1,1400,0
2017-09-14,19:00:00,9.13,9.14,9.03,9.13,7760,0
2017-09-14,20:00:00,9.1,9.22,9.1,9.17,4850,0
2017-09-14,21:00:00,9.2,9.22,9.16,9.16,3042,0
2017-09-14,22:00:00,9.14,9.26,9.14,9.2,10443,0
2017-09-15,16:00:00,9.23,9.27,9.08,9.27,33828,0
2017-09-15,17:00:00,9.12,9.22,9.11,9.21,2516,0
2017-09-15,18:00:00,9.14,9.24,9.14,9.23,2900,0
2017-09-15,19:00:00,9.2,9.23,9.105,9.21,2900,0
2017-09-15,20:00:00,9.18,9.24,9.16,9.16,1200,0
2017-09-15,21:00:00,9.21,9.2513,9.2,9.2513,5605,0
2017-09-15,22:00:00,9.225,9.53,9.21,9.48,155774,0
2017-09-18,16:00:00,9.49,9.49,9.305,9.49,1926,0
2017-09-18,17:00:00,9.49,9.5,9.47,9.5,24322,0
2017-09-18,18:00:00,9.5,9.5,9.48,9.5,8114,0
2017-09-18,19:00:00,9.5,9.5,9.48,9.5,17280,0
2017-09-18,20:00:00,9.5,9.5,9.45,9.45,6705,0
2017-09-18,21:00:00,9.44,9.45,9.39,9.45,1600,0
2017-09-18,22:00:00,9.41,9.46,9.4,9.43,21505,0
2017-09-19,16:00:00,9.51,9.51,9.35,9.35,1510,0
2017-09-19,17:00:00,9.37,9.39,9.27,9.31,4850,0
2017-09-19,18:00:00,9.36,9.36,9.22,9.3,400,0
2017-09-19,19:00:00,9.28,9.4,9.28,9.34,3812,0
2017-09-19,20:00:00,9.31,9.47,9.3,9.43,5837,0
2017-09-19,21:00:00,9.42,9.5,9.42,9.5,6023,0
2017-09-19,22:00:00,9.49,9.54,9.48,9.52,33178,0
2017-09-20,16:00:00,9.5,9.5,9.26,9.45,16900,0
2017-09-20,17:00:00,9.311,9.56,9.311,9.52,6752,0
2017-09-20,18:00:00,9.57,9.57,9.43,9.5,7600,0
2017-09-20,19:00:00,9.54,9.57,9.46,9.57,8210,0
2017-09-20,20:00:00,9.54,9.57,9.54,9.56,3604,0
2017-09-20,21:00:00,9.57,9.57,9.435,9.5,2900,0
2017-09-20,22:00:00,9.5,9.57,9.5,9.56,7079,0
2017-09-21,16:00:00,9.5,9.5,9.4,9.42,7801,0
2017-09-21,17:00:00,9.34,9.59,9.34,9.59,1800,0
2017-09-21,18:00:00,9.6,9.69,9.55,9.65,12368,0
2017-09-21,19:00:00,9.66,9.7,9.64,9.7,4654,0
2017-09-21,20:00:00,9.66,9.7,9.66,9.7,1970,0
2017-09-21,21:00:00,9.66,9.69,9.55,9.69,3800,0
2017-09-21,22:00:00,9.68,9.68,9.52,9.56,5842,0
2017-09-22,16:00:00,9.5,9.5,9.5,9.5,100,0
2017-09-22,17:00:00,9.41,9.59,9.41,9.56,5565,0
2017-09-22,18:00:00,9.55,9.73,9.44,9.53,8025,0
2017-09-22,19:00:00,9.46,9.55,9.44,9.53,1820,0
2017-09-22,20:00:00,9.63,9.66,9.54,9.66,500,0
2017-09-22,21:00:00,9.49,9.6,9.48,9.6,3622,0
2017-09-22,22:00:00,9.55,9.584,9.49,9.56,14958,0
2017-09-25,17:00:00,9.645,9.75,9.645,9.69,7192,0
2017-09-25,18:00:00,9.69,9.72,9.66,9.68,4238,0
2017-09-25,19:00:00,9.67,9.74,9.61,9.74,2067,0
2017-09-25,20:00:00,9.71,9.77,9.71,9.72,2900,0
2017-09-25,21:00:00,9.74,9.74,9.65,9.69,2822,0
2017-09-25,22:00:00,9.69,9.7,9.64,9.69,9398,0
2017-09-26,16:00:00,9.72,9.74,9.68,9.74,710,0
2017-09-26,17:00:00,9.7,9.71,9.68,9.68,500,0
2017-09-26,18:00:00,9.68,9.78,9.63,9.74,1000,0
2017-09-26,19:00:00,9.7582,9.78,9.7,9.74,6703,0
2017-09-26,20:00:00,9.745,9.87,9.745,9.78,4849,0
2017-09-26,21:00:00,9.85,9.86,9.82,9.82,2700,0
2017-09-26,22:00:00,9.83,9.88,9.83,9.85,3809,0
2017-09-27,16:00:00,9.87,9.87,9.75,9.77,1264,0
2017-09-27,17:00:00,9.73,10.23,9.7,9.92,8434,0
2017-09-27,18:00:00,9.9682,9.99,9.85,9.98,9589,0
2017-09-27,19:00:00,10.0178,10.27,10.0178,10.18,3300,0
2017-09-27,20:00:00,10.19,10.55,10.19,10.55,2467,0
2017-09-27,21:00:00,10.41,10.59,10.25,10.5,7558,0
2017-09-27,22:00:00,10.55,10.67,10.5,10.61,11766,0
2017-09-28,16:00:00,10.66,10.66,10.47,10.65,2398,0
2017-09-28,17:00:00,10.67,10.75,10.44,10.69,16930,0
2017-09-28,18:00:00,10.64,10.68,10.63,10.68,5955,0
2017-09-28,19:00:00,10.7,10.71,10.65,10.7,5500,0
2017-09-28,20:00:00,10.7,10.75,10.7,10.75,5700,0
2017-09-28,21:00:00,10.6861,10.72,10.64,10.72,4500,0
2017-09-28,22:00:00,10.7,10.75,10.57,10.72,10950,0
2017-09-29,16:00:00,10.59,10.69,10.59,10.64,1200,0
2017-09-29,17:00:00,10.7,10.725,10.7,10.7176,1800,0
2017-09-29,18:00:00,10.7,10.89,10.69,10.79,1834,0
2017-09-29,19:00:00,10.9,10.9,10.8435,10.8614,450,0
2017-09-29,20:00:00,10.82,10.9,10.82,10.82,500,0
2017-09-29,21:00:00,10.82,10.86,10.67,10.82,1400,0
2017-09-29,22:00:00,10.81,10.81,10.69,10.73,9246,0
2017-10-02,16:00:00,10.7,10.8,10.69,10.8,920,0
2017-10-02,17:00:00,10.83,10.9139,10.818,10.86,7988,0
2017-10-02,18:00:00,10.86,10.9,10.83,10.84,1718,0
2017-10-02,19:00:00,10.84,10.87,10.81,10.86,1950,0
2017-10-02,20:00:00,10.88,10.91,10.8,10.81,17642,0
2017-10-02,21:00:00,10.81,10.815,10.7,10.815,2626,0
2017-10-02,22:00:00,10.79,10.86,10.77,10.86,16059,0
2017-10-03,16:00:00,10.92,10.92,10.83,10.835,1809,0
2017-10-03,17:00:00,10.85,10.91,10.79,10.9,5800,0
2017-10-03,18:00:00,10.88,10.98,10.88,10.96,2609,0
2017-10-03,19:00:00,10.945,10.98,10.93,10.97,2400,0
2017-10-03,20:00:00,10.94,10.97,10.87,10.92,4063,0
2017-10-03,21:00:00,10.87,10.96,10.85,10.92,2400,0
2017-10-03,22:00:00,10.96,11.11,10.91,11.08,37024,0
2017-10-04,16:00:00,11.1,11.155,11.065,11.12,1402,0
2017-10-04,17:00:00,11.12,11.195,11.09,11.15,3200,0
2017-10-04,18:00:00,11.16,11.22,11.13,11.19,2025,0
2017-10-04,19:00:00,11.222,11.222,11.1442,11.19,1950,0
2017-10-04,20:00:00,11.2,11.2,11.1,11.13,1700,0
2017-10-04,21:00:00,11.12,11.18,11.11,11.18,700,0
2017-10-04,22:00:00,11.15,11.2,11.1,11.13,5905,0
2017-10-05,16:00:00,11.23,11.23,10.9181,11.07,1200,0
2017-10-05,17:00:00,11.08,11.15,11.08,11.12,4579,0
2017-10-05,18:00:00,11.13,11.15,10.93,10.93,9800,0
2017-10-05,19:00:00,10.9673,11.05,10.94,10.94,34142,0
2017-10-05,20:00:00,11,11.005,10.99,11,500,0
2017-10-05,21:00:00,11.026,11.06,10.97,11.05,12322,0
2017-10-05,22:00:00,11.05,11.09,10.97,11.04,10583,0
2017-10-06,16:00:00,10.95,10.95,10.95,10.95,353,0
2017-10-06,17:00:00,10.9952,11.04,10.85,10.95,13471,0
2017-10-06,18:00:00,11.015,11.015,10.96,10.98,20928,0
2017-10-06,19:00:00,11,11.0599,11,11.02,7085,0
2017-10-06,20:00:00,10.99,11.06,10.99,11.06,75503,0
2017-10-06,21:00:00,11.06,11.18,11.06,11.07,15028,0
2017-10-06,22:00:00,11.07,11.125,11,11.05,21570,0
2017-10-09,17:00:00,11.08,11.19,10.97,11.115,4654,0
2017-10-09,18:00:00,11.06,11.165,11.05,11.11,3140,0
2017-10-09,19:00:00,11.12,11.16,11.11,11.16,800,0
2017-10-09,20:00:00,11.1301,11.17,11.11,11.145,25800,0
2017-10-09,21:00:00,11.13,11.13,11.01,11.12,6240,0
2017-10-09,22:00:00,11.07,11.07,10.94,10.97,10323,0
2017-10-10,16:00:00,11.06,11.06,11.01,11.01,538,0
2017-10-10,17:00:00,11.1,11.1,10.95,10.96,2100,0
2017-10-10,18:00:00,10.98,11.07,10.97,10.97,2200,0
2017-10-10,19:00:00,10.95,11.03,10.95,11.02,1500,0
2017-10-10,20:00:00,11.021,11.11,10.965,11,17169,0
2017-10-10,21:00:00,11.01,11.01,10.93,10.93,12138,0
2017-10-10,22:00:00,10.94,11.16,10.94,11.08,11362,0
2017-10-11,16:00:00,11,11.02,11,11,4331,0
2017-10-11,17:00:00,10.925,11.05,10.925,11.02,7000,0
2017-10-11,18:00:00,11.01,11.05,11,11.02,4400,0
2017-10-11,19:00:00,11.04,11.04,10.98,11,9386,0
2017-10-11,20:00:00,11.01,11.05,10.99,11,5700,0
2017-10-11,21:00:00,10.99,11.025,10.56,10.79,14344,0
2017-10-11,22:00:00,10.815,10.82,10.63,10.66,22236,0
2017-10-12,16:00:00,10.71,10.71,10.71,10.71,180,0
2017-10-12,17:00:00,10.85,11.01,10.76,10.76,1700,0
2017-10-12,18:00:00,10.77,10.93,10.75,10.835,600,0
2017-10-12,19:00:00,10.7,10.77,10.68,10.7,3600,0
2017-10-12,20:00:00,10.7,10.74,10.69,10.7,4600,0
2017-10-12,21:00:00,10.71,10.9,10.68,10.69,1344,0
2017-10-12,22:00:00,10.76,10.86,10.58,10.6,6496,0
2017-10-13,16:00:00,10.66,10.75,10.6,10.6,2600,0
2017-10-13,17:00:00,10.59,10.68,10.54,10.59,3880,0
2017-10-13,18:00:00,10.59,10.63,10.52,10.63,1170,0
2017-10-13,19:00:00,10.5,10.5,10.5,10.5,300,0
2017-10-13,20:00:00,10.58,10.62,10.41,10.61,6292,0
2017-10-13,22:00:00,10.6181,10.64,10.48,10.53,7065,0
2017-10-16,16:00:00,10.53,10.6,10.45,10.6,1450,0
2017-10-16,17:00:00,10.63,10.63,10.555,10.555,200,0
2017-10-16,18:00:00,10.51,10.61,10.44,10.47,2500,0
2017-10-16,19:00:00,10.45,10.57,10.41,10.45,800,0
2017-10-16,20:00:00,10.44,10.54,10.11,10.35,8083,0
2017-10-16,21:00:00,10.36,10.48,10.26,10.36,5430,0
2017-10-16,22:00:00,10.44,10.45,10.28,10.38,12260,0
2017-10-17,18:00:00,10.38,10.38,10.1,10.32,772,0
2017-10-17,19:00:00,10.32,10.32,10.23,10.23,400,0
2017-10-17,20:00:00,10.35,10.38,10.32,10.35,1900,0
2017-10-17,21:00:00,10.33,10.35,10.3,10.3,400,0
2017-10-17,22:00:00,10.265,10.38,10.22,10.26,5384,0
2017-10-18,16:00:00,10.23,10.37,10.23,10.28,1477,0
2017-10-18,17:00:00,10.13,10.31,10.12,10.22,4560,0
2017-10-18,18:00:00,10.19,10.21,10.16,10.16,3300,0
2017-10-18,19:00:00,10.16,10.25,10.16,10.21,2000,0
2017-10-18,20:00:00,10.22,10.22,10.14,10.14,3027,0
2017-10-18,21:00:00,10.14,10.21,10.11,10.21,2966,0
2017-10-18,22:00:00,10.2,10.22,10.17,10.2,6783,0
2017-10-19,16:00:00,10.03,10.17,9.865,9.94,11296,0
2017-10-19,17:00:00,9.93,10.14,9.93,10.14,21336,0
2017-10-19,18:00:00,10.08,10.155,10.02,10.15,4155,0
2017-10-19,19:00:00,10.08,10.1,10.035,10.06,700,0
2017-10-19,20:00:00,10.11,10.19,10.095,10.12,2500,0
2017-10-19,21:00:00,10.09,10.21,10.09,10.12,2200,0
2017-10-19,22:00:00,10.17,10.38,10.14,10.26,7446,0
2017-10-20,16:00:00,10.37,10.37,10.3,10.3,5437,0
2017-10-20,17:00:00,10.3,10.31,10.19,10.3,4281,0
2017-10-20,18:00:00,10.34,10.39,10.34,10.39,300,0
2017-10-20,19:00:00,10.4,10.54,10.38,10.42,5950,0
2017-10-20,20:00:00,10.5,10.55,10.45,10.45,600,0
2017-10-20,21:00:00,10.46,10.46,10.39,10.39,300,0
2017-10-20,22:00:00,10.43,10.47,10.39,10.46,5790,0
2017-10-23,16:00:00,10.47,10.649,10.47,10.548,700,0
2017-10-23,17:00:00,10.49,10.49,10.32,10.48,4250,0
2017-10-23,18:00:00,10.42,10.46,10.3501,10.43,1567,0
2017-10-23,19:00:00,10.43,10.58,10.35,10.58,8565,0
2017-10-23,20:00:00,10.56,10.61,10.53,10.58,1800,0
2017-10-23,21:00:00,10.61,10.89,10.52,10.76,16047,0
2017-10-23,22:00:00,10.84,10.89,10.63,10.77,20594,0
2017-10-24,16:00:00,10.83,10.83,10.5601,10.57,1572,0
2017-10-24,17:00:00,10.575,11.02,10.575,10.77,4880,0
2017-10-24,18:00:00,10.85,10.98,10.76,10.96,30090,0
2017-10-24,19:00:00,10.98,11.03,10.915,10.96,6200,0
2017-10-24,20:00:00,10.99,10.99,10.9,10.96,1700,0
2017-10-24,21:00:00,10.97,10.98,10.865,10.91,3950,0
2017-10-24,22:00:00,10.87,10.91,10.81,10.82,16080,0
2017-10-25,17:00:00,10.74,10.75,10.56,10.65,5147,0
2017-10-25,18:00:00,10.72,10.72,10.6,10.66,2600,0
2017-10-25,19:00:00,10.72,10.78,10.7,10.75,11800,0
2017-10-25,20:00:00,10.75,10.85,10.73,10.82,4418,0
2017-10-25,21:00:00,10.82,10.84,10.78,10.81,900,0
2017-10-25,22:00:00,10.86,10.86,10.78,10.79,3625,0
2017-10-26,16:00:00,10.71,10.76,10.585,10.6,6314,0
2017-10-26,17:00:00,10.57,10.72,10.57,10.72,1410,0
2017-10-26,18:00:00,10.78,10.88,10.77,10.7701,3400,0
2017-10-26,19:00:00,10.84,10.89,10.79,10.79,900,0
2017-10-26,20:00:00,10.795,10.89,10.795,10.8,1600,0
2017-10-26,21:00:00,10.78,10.84,10.77,10.8,1000,0
2017-10-26,22:00:00,10.8,10.8,10.68,10.78,9162,0
2017-10-27,16:00:00,10.68,10.97,10.65,10.97,1100,0
2017-10-27,17:00:00,10.89,11.05,10.815,10.88,4800,0
2017-10-27,18:00:00,10.82,10.94,10.82,10.87,1943,0
2017-10-27,19:00:00,10.89,11,10.89,11,6300,0
2017-10-27,20:00:00,10.94,11.02,10.92,11,4000,0
2017-10-27,21:00:00,11.035,11.0484,10.99,11.005,4000,0
2017-10-27,22:00:00,11.005,11.005,10.91,10.96,25810,0
2017-10-30,15:00:00,11.08,11.08,10.88,10.94,18200,0
2017-10-30,16:00:00,11.08,11.08,10.88,10.98,3825,0
2017-10-30,17:00:00,10.94,11.05,10.83,10.83,4400,0
2017-10-30,18:00:00,11.01,11.01,10.84,10.84,2900,0
2017-10-30,19:00:00,10.86,10.95,10.86,10.93,6249,0
2017-10-30,20:00:00,10.93,11.08,10.84,11.08,2200,0
2017-10-30,21:00:00,10.98,11.15,10.85,11.06,12871,0
2017-10-31,15:00:00,11.15,11.37,11.07,11.37,20577,0
2017-10-31,16:00:00,11.38,11.38,11.15,11.2,37786,0
2017-10-31,17:00:00,11.11,11.125,11.05,11.0824,3800,0
2017-10-31,18:00:00,11.065,11.09,10.92,11.03,8313,0
2017-10-31,19:00:00,10.99,11.03,10.97,11,1600,0
2017-10-31,20:00:00,11.03,11.05,10.98,11.02,4400,0
2017-10-31,21:00:00,11,11,10.77,10.86,27066,0
2017-11-01,15:00:00,11.4,11.4,11.12,11.175,1764,0
2017-11-01,16:00:00,11.225,11.24,10.84,10.98,5030,0
2017-11-01,17:00:00,11,11.06,10.88,10.95,7459,0
2017-11-01,18:00:00,11,11.005,10.87,10.96,5270,0
2017-11-01,19:00:00,10.905,10.92,10.79,10.79,3603,0
2017-11-01,20:00:00,10.83,11.085,10.8,10.83,19550,0
2017-11-01,21:00:00,10.83,10.85,10.7,10.73,14659,0
2017-11-02,15:00:00,10.86,10.86,10.8,10.8,200,0
2017-11-02,16:00:00,10.64,10.96,10.64,10.96,3500,0
2017-11-02,17:00:00,10.99,11,10.79,10.97,2900,0
2017-11-02,18:00:00,10.96,11.21,10.85,10.85,4810,0
2017-11-02,19:00:00,10.925,11.1,10.925,11.05,5700,0
2017-11-02,20:00:00,11.09,11.09,10.89,11.01,7239,0
2017-11-02,21:00:00,11.01,11.08,10.95,10.99,16268,0
2017-11-03,15:00:00,10.95,11.24,10.95,11.07,4300,0
2017-11-03,16:00:00,11.05,11.05,10.89,11,4310,0
2017-11-03,17:00:00,11.02,11.03,10.98,11.01,4000,0
2017-11-03,18:00:00,11.02,11.02,10.91,10.94,8334,0
2017-11-03,19:00:00,10.95,10.98,10.93,10.93,3800,0
2017-11-03,20:00:00,10.91,10.935,10.72,10.775,5500,0
2017-11-03,21:00:00,10.73,10.83,10.61,10.75,10375,0
2017-11-06,16:00:00,10.75,10.77,10.7,10.7,720,0
2017-11-06,17:00:00,10.7,10.765,10.61,10.63,8350,0
2017-11-06,18:00:00,10.6,10.645,10.5689,10.59,2387,0
2017-11-06,19:00:00,10.5511,10.63,10.53,10.57,900,0
2017-11-06,21:00:00,10.63,10.65,10.59,10.65,1650,0
2017-11-06,22:00:00,10.63,10.72,10.59,10.62,1423,0
2017-11-07,16:00:00,10.55,10.64,10.4048,10.63,2521,0
2017-11-07,17:00:00,10.6,10.66,10.35,10.47,3655,0
2017-11-07,18:00:00,10.43,10.46,10.25,10.25,4176,0
2017-11-07,19:00:00,10.25,10.35,10.2,10.2878,6068,0
2017-11-07,20:00:00,10.2827,10.31,10.23,10.26,1500,0
2017-11-07,21:00:00,10.24,10.24,10.12,10.12,1720,0
2017-11-07,22:00:00,10.02,10.17,10.01,10.09,7959,0
2017-11-08,16:00:00,10.05,10.05,9.88,9.97,2708,0
2017-11-08,17:00:00,9.98,10,9.84,9.885,2901,0
2017-11-08,18:00:00,9.895,9.895,9.72,9.72,1600,0
2017-11-08,19:00:00,9.71,9.96,9.71,9.96,5796,0
2017-11-08,20:00:00,9.935,9.935,9.88,9.88,1000,0
2017-11-08,21:00:00,9.9,9.91,9.88,9.89,3749,0
2017-11-08,22:00:00,9.89,9.96,9.88,9.89,3800,0
2017-11-09,16:00:00,9.93,9.93,9.8808,9.8808,2637,0
2017-11-09,17:00:00,9.88,9.97,9.88,9.88,400,0
2017-11-09,18:00:00,9.97,9.97,9.73,9.73,2115,0
2017-11-09,19:00:00,9.71,9.73,9.67,9.67,2100,0
2017-11-09,20:00:00,9.8,9.8,9.74,9.74,200,0
2017-11-09,21:00:00,9.74,9.78,9.7,9.76,400,0
2017-11-09,22:00:00,9.75,9.89,9.75,9.89,4725,0
2017-11-10,16:00:00,9.95,10.11,9.95,10.11,604,0
2017-11-10,17:00:00,9.87,9.895,9.76,9.76,800,0
2017-11-10,18:00:00,9.8499,9.9706,9.79,9.84,6742,0
2017-11-10,19:00:00,9.81,9.81,9.81,9.81,200,0
2017-11-10,20:00:00,9.8099,9.82,9.77,9.82,6345,0
2017-11-10,21:00:00,9.8323,9.8372,9.74,9.8,7174,0
2017-11-10,22:00:00,9.83,9.88,9.81,9.81,7205,0
2017-11-13,16:00:00,9.99,10.809,9.99,10.01,10566,0
2017-11-13,17:00:00,10.02,10.17,9.99,10.01,11707,0
2017-11-13,18:00:00,10.02,10.07,9.91,9.98,20774,0
2017-11-13,19:00:00,9.99,9.99,9.96,9.96,6700,0
2017-11-13,20:00:00,9.96,9.96,9.85,9.86,11834,0
2017-11-13,21:00:00,9.83,9.85,9.81,9.83,1200,0
2017-11-13,22:00:00,9.83,9.8511,9.66,9.69,14713,0
2017-11-14,16:00:00,9.73,9.73,9.62,9.62,550,0
2017-11-14,17:00:00,9.6,9.6,9.3,9.34,11585,0
2017-11-14,18:00:00,9.38,9.43,9.32,9.34,2935,0
2017-11-14,19:00:00,9.31,9.32,9.22,9.24,13105,0
2017-11-14,20:00:00,9.24,9.3342,9.19,9.26,5274,0
2017-11-14,21:00:00,9.26,9.26,9.08,9.12,4981,0
2017-11-14,22:00:00,9.1971,9.2906,9.16,9.24,7994,0
2017-11-15,16:00:00,9.19,9.22,9.14,9.2,726,0
2017-11-15,17:00:00,9.2,9.29,9.19,9.24,5133,0
2017-11-15,18:00:00,9.255,9.3,9.25,9.3,1300,0
2017-11-15,19:00:00,9.29,9.4,9.25,9.25,3905,0
2017-11-15,20:00:00,9.28,9.32,9.26,9.26,1000,0
2017-11-15,21:00:00,9.28,9.32,9.28,9.29,3637,0
2017-11-15,22:00:00,9.31,9.31,9.21,9.23,13826,0
2017-11-16,16:00:00,9.33,9.33,9.33,9.33,100,0
2017-11-16,17:00:00,9.3,9.665,9.3,9.665,5410,0
2017-11-16,18:00:00,9.7,9.7,9.56,9.57,2750,0
2017-11-16,19:00:00,9.58,9.68,9.58,9.68,2106,0
2017-11-16,20:00:00,9.63,9.82,9.63,9.79,2400,0
2017-11-16,21:00:00,9.8,9.82,9.71,9.76,1500,0
2017-11-16,22:00:00,9.76,9.85,9.74,9.76,9533,0
2017-11-17,16:00:00,9.7,9.7,9.7,9.7,2092,0
2017-11-17,17:00:00,9.68,9.68,9.5,9.58,9885,0
2017-11-17,18:00:00,9.56,9.65,9.5,9.56,3400,0
2017-11-17,19:00:00,9.53,9.58,9.5,9.57,3898,0
2017-11-17,20:00:00,9.51,9.61,9.5,9.56,2100,0
2017-11-17,21:00:00,9.51,9.61,9.5,9.5,3340,0
2017-11-17,22:00:00,9.5,9.54,9.35,9.41,17535,0
2017-11-20,16:00:00,9.39,9.39,9.3748,9.3748,313,0
2017-11-20,17:00:00,9.4,9.9,9.4,9.56,9788,0
2017-11-20,18:00:00,9.57,9.57,9.4,9.4,1300,0
2017-11-20,19:00:00,9.36,9.38,9.3,9.36,3087,0
2017-11-20,20:00:00,9.3,9.51,9.3,9.33,1875,0
2017-11-20,21:00:00,9.3,9.43,9.3,9.43,1200,0
2017-11-20,22:00:00,9.46,9.49,9.43,9.49,4653,0
2017-11-21,16:00:00,9.56,9.58,9.56,9.58,2213,0
2017-11-21,17:00:00,9.67,9.72,9.59,9.6,1358,0
2017-11-21,18:00:00,9.62,9.62,9.62,9.62,200,0
2017-11-21,19:00:00,9.57,9.61,9.56,9.56,1198,0
2017-11-21,20:00:00,9.55,9.74,9.55,9.655,1204,0
2017-11-21,21:00:00,9.62,9.66,9.57,9.65,1410,0
2017-11-21,22:00:00,9.65,9.9,9.65,9.79,10383,0
2017-11-22,16:00:00,9.86,9.86,9.75,9.85,1445,0
2017-11-22,17:00:00,9.79,10.15,9.72,9.89,16003,0
2017-11-22,18:00:00,9.9104,9.962,9.72,9.84,11700,0
2017-11-22,19:00:00,9.85,9.89,9.8,9.87,1700,0
2017-11-22,20:00:00,9.85,9.89,9.82,9.89,1700,0
2017-11-22,21:00:00,9.85,9.91,9.84,9.84,1300,0
2017-11-22,22:00:00,9.87,9.93,9.81,9.9,13519,0
2017-11-24,16:00:00,9.99,9.99,9.84,9.87,1400,0
2017-11-24,17:00:00,9.89,9.89,9.75,9.75,1900,0
2017-11-24,18:00:00,9.78,9.8505,9.78,9.85,5700,0
2017-11-24,19:00:00,9.86,10.05,9.85,9.97,2757,0
2017-11-24,20:00:00,10.04,10.04,10.04,10.04,2076,0
2017-11-27,16:00:00,10.1,10.1,10,10.07,1596,0
2017-11-27,17:00:00,10.11,10.18,10.1,10.18,1500,0
2017-11-27,18:00:00,10.16,10.16,9.87,9.965,4600,0
2017-11-27,19:00:00,9.95,10.03,9.95,9.97,1600,0
2017-11-27,20:00:00,9.99,9.99,9.88,9.88,1000,0
2017-11-27,21:00:00,9.92,10.01,9.88,10.01,3489,0
2017-11-27,22:00:00,10.03,10.09,9.93,9.98,4682,0
2017-11-28,16:00:00,9.96,9.96,9.76,9.9,900,0
2017-11-28,17:00:00,9.855,9.9702,9.671,9.93,4657,0
2017-11-28,18:00:00,9.9,9.95,9.9,9.92,1400,0
2017-11-28,19:00:00,9.92,10.08,9.9,9.9,3600,0
2017-11-28,20:00:00,9.9,9.96,9.9,9.91,12448,0
2017-11-28,21:00:00,9.91,9.98,9.9,9.91,2949,0
2017-11-28,22:00:00,9.92,10.079,9.92,10,19205,0
2017-11-29,16:00:00,10.1,10.15,9.9501,10.0897,16171,0
2017-11-29,17:00:00,10.09,10.21,10.09,10.15,3207,0
2017-11-29,18:00:00,10.18,10.18,10.12,10.13,2700,0
2017-11-29,19:00:00,10.2,10.3808,10.08,10.1405,30896,0
2017-11-29,20:00:00,10.2,10.2581,10.1,10.1504,1792,0
2017-11-29,21:00:00,10.1827,10.1827,10.04,10.13,1700,0
2017-11-29,22:00:00,10.08,10.14,9.7601,9.97,15808,0
2017-11-30,16:00:00,10.09,10.09,9.77,9.89,2349,0
2017-11-30,17:00:00,9.86,10.2,9.86,10.06,3200,0
2017-11-30,18:00:00,9.98,10.209,9.98,10.06,2932,0
2017-11-30,19:00:00,10.04,10.141,10.04,10.06,2100,0
2017-11-30,20:00:00,10.04,10.11,9.95,10.05,2177,0
2017-11-30,21:00:00,9.97,10.13,9.96,10.055,600,0
2017-11-30,22:00:00,10.08,10.2,10.06,10.1,19519,0
2017-12-01,16:00:00,10.19,10.19,9.93,9.93,943,0
2017-12-01,17:00:00,9.96,10.15,9.96,10.1085,2275,0
2017-12-01,18:00:00,10.0991,10.0991,9.7,9.81,2500,0
2017-12-01,19:00:00,9.86,9.99,9.86,9.92,2000,0
2017-12-01,20:00:00,9.89,9.99,9.89,9.99,1639,0
2017-12-01,21:00:00,10.05,10.05,9.94,9.94,1285,0
2017-12-01,22:00:00,9.925,10.04,9.87,9.99,13854,0
2017-12-04,16:00:00,10.12,10.38,10.1,10.38,2806,0
2017-12-04,17:00:00,10.43,10.43,10.07,10.1,11160,0
2017-12-04,18:00:00,10.1325,10.1325,10.05,10.08,17468,0
2017-12-04,19:00:00,10.07,10.09,10.015,10.0419,3100,0
2017-12-04,20:00:00,10.03,10.07,10,10.05,1300,0
2017-12-04,21:00:00,10.02,10.02,9.72,9.76,1500,0
2017-12-04,22:00:00,9.76,9.83,9.7,9.76,5918,0
2017-12-05,16:00:00,9.9348,9.9348,9.71,9.87,2265,0
2017-12-05,17:00:00,10,10.005,9.7162,9.7162,2232,0
2017-12-05,18:00:00,9.77,9.8547,9.7,9.76,41351,0
2017-12-05,19:00:00,9.75,9.8603,9.72,9.7201,4700,0
2017-12-05,20:00:00,9.66,9.77,9.66,9.77,3100,0
2017-12-05,21:00:00,9.69,9.73,9.53,9.57,6489,0
2017-12-05,22:00:00,9.59,9.62,9.46,9.55,5963,0
2017-12-06,16:00:00,9.53,9.53,9.53,9.53,200,0
2017-12-06,17:00:00,9.53,9.53,9.46,9.48,832,0
2017-12-06,18:00:00,9.5,9.5,9.36,9.37,3367,0
2017-12-06,19:00:00,9.35,9.44,9.26,9.41,31915,0
2017-12-06,20:00:00,9.4541,9.64,9.37,9.42,37909,0
2017-12-06,21:00:00,9.405,9.44,9.31,9.424,6900,0
2017-12-06,22:00:00,9.4,9.46,9.32,9.4,11640,0
