Date,Time,Open,High,Low,Close,Volume,OpenInt
2017-05-16,16:00:00,36.91,37.4,36.91,37.34,26050,0
2017-05-16,17:00:00,37.35,37.5,37.1,37.1073,48303,0
2017-05-16,18:00:00,37.09,37.12,36.96,37.02,49465,0
2017-05-16,19:00:00,37.02,37.03,36.88,36.93,26028,0
2017-05-16,20:00:00,36.93,37.08,36.92,37.0281,61969,0
2017-05-16,21:00:00,37.01,37.24,37.01,37.24,21084,0
2017-05-16,22:00:00,37.23,37.3,37.14,37.21,119284,0
2017-05-17,16:00:00,36.51,36.98,36.36,36.65,30030,0
2017-05-17,17:00:00,36.625,36.72,36.48,36.63,50900,0
2017-05-17,18:00:00,36.655,36.89,36.51,36.85,54919,0
2017-05-17,19:00:00,36.84,36.96,36.6525,36.77,31357,0
2017-05-17,20:00:00,36.78,36.78,36.47,36.5,36147,0
2017-05-17,21:00:00,36.52,36.68,36.44,36.67,49628,0
2017-05-17,22:00:00,36.65,36.8,36.52,36.55,188797,0
2017-05-18,16:00:00,36.53,36.88,36.225,36.74,47332,0
2017-05-18,17:00:00,36.68,36.96,36.5,36.5,52579,0
2017-05-18,18:00:00,36.5,36.68,36.37,36.4,47561,0
2017-05-18,19:00:00,36.41,36.56,36.31,36.49,60395,0
2017-05-18,20:00:00,36.51,36.57,36.44,36.52,51136,0
2017-05-18,21:00:00,36.5041,36.53,36.37,36.37,41956,0
2017-05-18,22:00:00,36.39,36.39,36.19,36.19,129278,0
2017-05-19,16:00:00,36.34,36.63,36.01,36.295,41890,0
2017-05-19,17:00:00,36.25,36.4,36.13,36.26,51878,0
2017-05-19,18:00:00,36.26,36.29,35.9,35.94,71056,0
2017-05-19,19:00:00,35.94,36,35.84,35.84,28256,0
2017-05-19,20:00:00,35.84,35.92,35.71,35.89,48988,0
2017-05-19,21:00:00,35.89,36.12,35.8,36.12,116055,0
2017-05-19,22:00:00,36.12,36.12,35.81,35.83,153493,0
2017-05-22,16:00:00,35.8,35.83,35.49,35.5,40316,0
2017-05-22,17:00:00,35.495,35.6156,35.46,35.5,57959,0
2017-05-22,18:00:00,35.5,35.85,35.48,35.83,52580,0
2017-05-22,19:00:00,35.85,36.0299,35.85,35.92,29133,0
2017-05-22,20:00:00,35.92,35.93,35.83,35.87,28859,0
2017-05-22,21:00:00,35.85,35.95,35.83,35.84,24995,0
2017-05-22,22:00:00,35.84,36.02,35.7881,36,150938,0
2017-05-23,16:00:00,36.1,36.1,35.57,35.64,13110,0
2017-05-23,17:00:00,35.561,35.8,35.53,35.77,36317,0
2017-05-23,18:00:00,35.77,36.12,35.74,36.03,41703,0
2017-05-23,19:00:00,36.0426,36.11,35.92,35.92,18909,0
2017-05-23,20:00:00,35.92,36.18,35.92,36.18,29540,0
2017-05-23,21:00:00,36.18,36.53,36.15,36.45,41905,0
2017-05-23,22:00:00,36.45,36.56,36.43,36.56,161860,0
2017-05-24,16:00:00,36.67,36.7034,36.41,36.55,7747,0
2017-05-24,17:00:00,36.54,36.77,36.53,36.74,29741,0
2017-05-24,18:00:00,36.7442,36.82,36.52,36.6,40402,0
2017-05-24,19:00:00,36.62,36.691,36.603,36.6108,12970,0
2017-05-24,20:00:00,36.62,36.63,36.4601,36.53,11395,0
2017-05-24,21:00:00,36.52,36.61,36.47,36.58,22840,0
2017-05-24,22:00:00,36.58,36.64,36.51,36.57,65879,0
2017-05-25,16:00:00,36.64,36.71,36.56,36.56,19115,0
2017-05-25,17:00:00,36.6,36.6,36.46,36.46,20200,0
2017-05-25,18:00:00,36.44,36.62,36.39,36.5003,67018,0
2017-05-25,19:00:00,36.48,36.55,36.34,36.345,19109,0
2017-05-25,20:00:00,36.35,36.4,36.26,36.305,18004,0
2017-05-25,21:00:00,36.31,36.41,36.25,36.33,22866,0
2017-05-25,22:00:00,36.33,36.49,36.3,36.48,163184,0
2017-05-26,16:00:00,36.46,36.46,36.17,36.29,12579,0
2017-05-26,17:00:00,36.26,36.38,36.02,36.3528,25393,0
2017-05-26,18:00:00,36.355,36.52,36.35,36.44,28178,0
2017-05-26,19:00:00,36.45,36.65,36.45,36.57,26492,0
2017-05-26,20:00:00,36.58,36.75,36.5669,36.71,16957,0
2017-05-26,21:00:00,36.73,36.84,36.73,36.785,15401,0
2017-05-26,22:00:00,36.785,36.91,36.77,36.89,128332,0
2017-05-30,16:00:00,36.84,36.84,36.45,36.45,10548,0
2017-05-30,17:00:00,36.43,36.54,36.21,36.49,20687,0
2017-05-30,18:00:00,36.49,36.56,36.29,36.29,21575,0
2017-05-30,19:00:00,36.32,36.36,36.25,36.28,14945,0
2017-05-30,20:00:00,36.28,36.39,36.2,36.3,20159,0
2017-05-30,21:00:00,36.305,36.34,36.19,36.22,23479,0
2017-05-30,22:00:00,36.23,36.27,36.16,36.23,103772,0
2017-05-31,16:00:00,36.3,36.58,35.7601,35.7968,38018,0
2017-05-31,17:00:00,35.81,36.1199,35.56,36.07,37065,0
2017-05-31,18:00:00,36.07,36.11,35.93,36.07,14436,0
2017-05-31,19:00:00,36.0686,36.08,35.99,36.06,13362,0
2017-05-31,20:00:00,36.05,36.14,35.91,35.96,23638,0
2017-05-31,21:00:00,35.98,36.12,35.91,36.07,24876,0
2017-05-31,22:00:00,36.051,36.3,36.051,36.27,153539,0
2017-06-01,16:00:00,36.19,36.4,36.17,36.2,38407,0
2017-06-01,17:00:00,36.2,36.3,36.06,36.15,47300,0
2017-06-01,18:00:00,36.16,36.66,36.117,36.66,44490,0
2017-06-01,19:00:00,36.62,36.68,36.515,36.62,22803,0
2017-06-01,20:00:00,36.63,36.64,36.55,36.58,38936,0
2017-06-01,21:00:00,36.56,36.72,36.54,36.61,34595,0
2017-06-01,22:00:00,36.6,36.74,36.485,36.74,137505,0
2017-06-02,16:00:00,36.75,37.4,36.75,36.97,57364,0
2017-06-02,17:00:00,36.98,37.14,36.82,37.02,49633,0
2017-06-02,18:00:00,37.02,37.42,37.02,37.39,67542,0
2017-06-02,19:00:00,37.38,37.38,37.02,37.02,42003,0
2017-06-02,20:00:00,37.01,37.03,36.92,36.93,39219,0
2017-06-02,21:00:00,36.96,37.015,36.72,36.83,40274,0
2017-06-02,22:00:00,36.835,36.87,36.53,36.56,168137,0
2017-06-05,16:00:00,36.57,36.6,36.05,36.11,31733,0
2017-06-05,17:00:00,36.1131,36.185,35.955,36.14,65093,0
2017-06-05,18:00:00,36.13,36.23,35.59,35.765,106601,0
2017-06-05,19:00:00,35.78,35.82,35.505,35.72,90724,0
2017-06-05,20:00:00,35.7246,35.73,35.24,35.3,96469,0
2017-06-05,21:00:00,35.3,35.52,35.3,35.36,95048,0
2017-06-05,22:00:00,35.37,35.4,35.14,35.17,237248,0
2017-06-06,16:00:00,35,35.1519,34.43,35.11,65494,0
2017-06-06,17:00:00,35.12,35.13,34.72,34.75,72339,0
2017-06-06,18:00:00,34.75,34.85,34.68,34.85,74735,0
2017-06-06,19:00:00,34.85,35,34.78,34.79,36544,0
2017-06-06,20:00:00,34.8,34.91,34.7,34.9,52354,0
2017-06-06,21:00:00,34.9,35.18,34.8,35.04,85637,0
2017-06-06,22:00:00,35.05,35.1,34.88,34.99,205222,0
2017-06-07,16:00:00,35.09,35.33,35.09,35.18,15362,0
2017-06-07,17:00:00,35.23,35.25,35.06,35.08,77501,0
2017-06-07,18:00:00,35.08,35.35,34.89,35.35,35486,0
2017-06-07,19:00:00,35.32,35.43,35.21,35.3045,21291,0
2017-06-07,20:00:00,35.3,35.36,35.24,35.29,11018,0
2017-06-07,21:00:00,35.3,35.44,35.26,35.44,29640,0
2017-06-07,22:00:00,35.41,35.7,35.36,35.54,141177,0
2017-06-08,16:00:00,35.48,35.96,35.46,35.924,13731,0
2017-06-08,17:00:00,35.95,36.1053,35.8564,35.9,31332,0
2017-06-08,18:00:00,35.86,36.22,35.85,36.15,32911,0
2017-06-08,19:00:00,36.18,36.47,36.13,36.43,24604,0
2017-06-08,20:00:00,36.44,36.6,36.28,36.51,31156,0
2017-06-08,21:00:00,36.5399,36.5399,36.15,36.23,33963,0
2017-06-08,22:00:00,36.25,36.29,36.1001,36.18,124176,0
2017-06-09,16:00:00,36.22,36.57,36.2188,36.515,34853,0
2017-06-09,17:00:00,36.5,36.71,36.41,36.64,69738,0
2017-06-09,18:00:00,36.65,36.931,36.6,36.7429,45150,0
2017-06-09,19:00:00,36.73,36.87,36.63,36.86,25259,0
2017-06-09,20:00:00,36.88,36.89,36.56,36.57,23931,0
2017-06-09,21:00:00,36.64,36.75,36.44,36.52,47924,0
2017-06-09,22:00:00,36.52,36.709,36.45,36.61,152972,0
2017-06-12,16:00:00,36.68,36.73,36.23,36.36,24367,0
2017-06-12,17:00:00,36.415,37.005,36.31,36.98,44010,0
2017-06-12,18:00:00,36.93,36.97,36.38,36.57,43402,0
2017-06-12,19:00:00,36.55,36.63,36.43,36.46,17178,0
2017-06-12,20:00:00,36.45,36.55,36.38,36.45,27858,0
2017-06-12,21:00:00,36.46,36.5,36.26,36.44,32136,0
2017-06-12,22:00:00,36.45,36.73,36.42,36.72,155555,0
2017-06-13,16:00:00,36.67,37.06,36.67,37.0018,15748,0
2017-06-13,17:00:00,37.02,37.2,36.93,37.0999,32070,0
2017-06-13,18:00:00,37.075,37.26,37.03,37.07,22383,0
2017-06-13,19:00:00,37.06,37.08,36.995,37.01,16414,0
2017-06-13,20:00:00,36.99,37.06,36.965,37.025,18935,0
2017-06-13,21:00:00,37.0142,37.18,37.001,37.11,46528,0
2017-06-13,22:00:00,37.09,37.21,37.09,37.17,101926,0
2017-06-14,16:00:00,37.01,37.02,36.775,36.9264,14743,0
2017-06-14,17:00:00,36.89,36.91,36.525,36.525,19434,0
2017-06-14,18:00:00,36.535,36.6,36.41,36.44,17155,0
2017-06-14,19:00:00,36.46,36.5,36.36,36.3802,19034,0
2017-06-14,20:00:00,36.43,36.5,36.33,36.4,22116,0
2017-06-14,21:00:00,36.42,36.71,36.37,36.68,29880,0
2017-06-14,22:00:00,36.63,36.96,36.62,36.96,164025,0
2017-06-15,16:00:00,36.6,36.73,36.41,36.73,11271,0
2017-06-15,17:00:00,36.75,36.83,36.3,36.44,32475,0
2017-06-15,18:00:00,36.46,36.63,36.41,36.56,34598,0
2017-06-15,19:00:00,36.56,36.62,36.37,36.5,11102,0
2017-06-15,20:00:00,36.46,36.58,36.39,36.4405,17897,0
2017-06-15,21:00:00,36.4,36.5,36.32,36.465,22558,0
2017-06-15,22:00:00,36.48,36.56,36.32,36.54,78253,0
2017-06-16,16:00:00,36.58,36.66,36.38,36.38,119575,0
2017-06-16,17:00:00,36.4,36.41,36.16,36.27,24428,0
2017-06-16,18:00:00,36.31,36.38,36.21,36.38,17927,0
2017-06-16,19:00:00,36.39,36.65,36.39,36.4699,41769,0
2017-06-16,20:00:00,36.47,36.545,36.4,36.5,10134,0
2017-06-16,21:00:00,36.5286,36.5286,36.43,36.4372,17405,0
2017-06-16,22:00:00,36.42,36.46,36.33,36.44,310537,0
2017-06-19,16:00:00,36.62,36.84,36.58,36.76,9482,0
2017-06-19,17:00:00,36.75,36.87,36.695,36.71,22164,0
2017-06-19,18:00:00,36.72,36.87,36.69,36.87,20477,0
2017-06-19,19:00:00,36.88,37.19,36.88,37.15,18614,0
2017-06-19,20:00:00,37.14,37.29,37.06,37.2,23457,0
2017-06-19,21:00:00,37.17,37.17,36.87,36.92,13461,0
2017-06-19,22:00:00,36.94,36.99,36.84,36.84,68179,0
2017-06-20,16:00:00,36.73,36.7739,36.53,36.53,7140,0
2017-06-20,17:00:00,36.57,36.62,36.34,36.395,11102,0
2017-06-20,18:00:00,36.41,36.64,36.37,36.48,26840,0
2017-06-20,19:00:00,36.421,36.52,36.4,36.45,29724,0
2017-06-20,20:00:00,36.41,36.52,36.4,36.4639,10487,0
2017-06-20,21:00:00,36.47,36.5,36.32,36.35,13442,0
2017-06-20,22:00:00,36.34,36.39,36.28,36.28,61817,0
2017-06-21,16:00:00,36.32,36.55,35.941,36.31,19422,0
2017-06-21,17:00:00,36.29,36.51,36.23,36.405,16675,0
2017-06-21,18:00:00,36.42,36.4762,36.24,36.4762,12750,0
2017-06-21,19:00:00,36.405,36.45,36.32,36.35,14830,0
2017-06-21,20:00:00,36.35,36.405,36.22,36.29,16944,0
2017-06-21,21:00:00,36.28,36.35,36.2,36.28,34003,0
2017-06-21,22:00:00,36.29,36.33,36.1,36.23,95240,0
2017-06-22,16:00:00,36.23,36.3075,35.97,36.07,11411,0
2017-06-22,17:00:00,36.1,36.13,35.8,35.98,20849,0
2017-06-22,18:00:00,36.02,36.11,35.98,36.06,13506,0
2017-06-22,19:00:00,36.07,36.07,35.87,35.93,14074,0
2017-06-22,20:00:00,35.925,35.97,35.9,35.945,8706,0
2017-06-22,21:00:00,35.965,36.1,35.89,36.0875,37760,0
2017-06-22,22:00:00,36.09,36.135,35.98,36.01,100463,0
2017-06-23,16:00:00,36.09,36.35,35.785,35.85,25851,0
2017-06-23,17:00:00,35.94,36.07,35.88,35.98,14625,0
2017-06-23,18:00:00,36.01,36.05,35.825,35.84,17525,0
2017-06-23,19:00:00,35.84,35.84,35.69,35.77,32565,0
2017-06-23,20:00:00,35.79,35.9,35.735,35.87,13412,0
2017-06-23,21:00:00,35.88,35.98,35.745,35.93,22117,0
2017-06-23,22:00:00,35.93,36.06,35.85,35.99,83070,0
2017-06-26,16:00:00,36.07,36.2,36,36.1,19551,0
2017-06-26,17:00:00,36.0881,36.0881,35.66,35.75,74821,0
2017-06-26,18:00:00,35.73,35.77,35.39,35.73,19441,0
2017-06-26,19:00:00,35.71,35.8,35.7,35.77,14042,0
2017-06-26,20:00:00,35.8,35.86,35.76,35.805,11830,0
2017-06-26,21:00:00,35.79,35.88,35.79,35.84,13784,0
2017-06-26,22:00:00,35.7986,35.85,35.71,35.75,65310,0
2017-06-27,16:00:00,35.86,35.95,35.69,35.8,14160,0
2017-06-27,17:00:00,35.86,36.07,35.78,35.98,38460,0
2017-06-27,18:00:00,35.98,36.1299,35.945,36.1,17512,0
2017-06-27,19:00:00,36.05,36.22,36.04,36.13,13135,0
2017-06-27,20:00:00,36.18,36.19,35.96,36.013,12585,0
2017-06-27,21:00:00,35.99,36.07,35.93,36.04,14966,0
2017-06-27,22:00:00,36.03,36.08,35.96,36.04,87063,0
2017-06-28,16:00:00,36.25,36.48,36.25,36.3273,6441,0
2017-06-28,17:00:00,36.368,36.42,36.19,36.23,18482,0
2017-06-28,18:00:00,36.215,36.5,36.21,36.46,16629,0
2017-06-28,19:00:00,36.48,36.58,36.4375,36.57,9300,0
2017-06-28,20:00:00,36.6,36.61,36.5,36.5,12280,0
2017-06-28,21:00:00,36.5,36.57,36.4,36.415,14866,0
2017-06-28,22:00:00,36.46,36.54,36.4,36.49,56689,0
2017-06-29,16:00:00,36.81,36.96,36.68,36.85,18599,0
2017-06-29,17:00:00,36.85,37.17,36.79,37.14,20126,0
2017-06-29,18:00:00,37.14,37.17,36.88,36.93,35498,0
2017-06-29,19:00:00,36.88,36.97,36.8184,36.88,27605,0
2017-06-29,20:00:00,36.9,36.93,36.71,36.9,33827,0
2017-06-29,21:00:00,36.88,36.93,36.79,36.93,51786,0
2017-06-29,22:00:00,36.86,37.28,36.82,37.22,129829,0
2017-06-30,16:00:00,37.38,37.589,36.97,37.03,36144,0
2017-06-30,17:00:00,37.0381,37.09,36.9363,37.01,30528,0
2017-06-30,18:00:00,37.015,37.06,36.68,36.86,29638,0
2017-06-30,19:00:00,36.86,36.86,36.59,36.6,18889,0
2017-06-30,20:00:00,36.615,36.93,36.6107,36.86,29478,0
2017-06-30,21:00:00,36.83,37,36.7501,36.98,18699,0
2017-06-30,22:00:00,36.99,37.31,36.99,37.14,131536,0
2017-07-03,16:00:00,37.43,38.26,37.3884,37.47,66097,0
2017-07-03,17:00:00,37.5,38.06,37.43,38,44898,0
2017-07-03,18:00:00,37.96,38.3,37.86,38.18,55015,0
2017-07-03,19:00:00,38.19,38.21,37.92,38.04,75754,0
2017-07-03,20:00:00,38.05,38.06,38.05,38.06,17192,0
2017-07-05,16:00:00,38.1,38.31,37.8378,38.02,56163,0
2017-07-05,17:00:00,38.11,38.58,38.01,38.5,44896,0
2017-07-05,18:00:00,38.52,38.6,37.93,38.03,39421,0
2017-07-05,19:00:00,38.02,38.19,37.91,38.1,22143,0
2017-07-05,20:00:00,38.13,38.31,38.11,38.25,12757,0
2017-07-05,21:00:00,38.21,38.3314,38.19,38.25,31511,0
2017-07-05,22:00:00,38.25,38.26,38.18,38.18,103423,0
2017-07-06,16:00:00,38.09,38.09,37.61,37.67,24692,0
2017-07-06,17:00:00,37.67,38.05,37.59,37.99,33334,0
2017-07-06,18:00:00,37.99,38.34,37.95,38.1875,48709,0
2017-07-06,19:00:00,38.21,38.27,38.145,38.2,18749,0
2017-07-06,20:00:00,38.21,38.37,38.18,38.32,58375,0
2017-07-06,21:00:00,38.34,38.46,38.23,38.39,73719,0
2017-07-06,22:00:00,38.37,38.5,38.16,38.25,177470,0
2017-07-07,16:00:00,38.49,38.5,38.17,38.27,31785,0
2017-07-07,17:00:00,38.29,38.6,38.26,38.6,84966,0
2017-07-07,18:00:00,38.6,38.99,38.47,38.82,72258,0
2017-07-07,19:00:00,38.84,39.01,38.83,39.01,93495,0
2017-07-07,20:00:00,39,39.0511,38.75,38.86,62622,0
2017-07-07,21:00:00,38.8582,39,38.78,38.92,57805,0
2017-07-07,22:00:00,38.92,39.26,38.8,39.19,267905,0
2017-07-10,16:00:00,39.6,39.61,39,39.2,222789,0
2017-07-10,17:00:00,39.2,39.39,38.83,39,179011,0
2017-07-10,18:00:00,39.02,39.14,38.91,39.0101,82267,0
2017-07-10,19:00:00,39.03,39.12,38.92,38.96,118099,0
2017-07-10,20:00:00,38.98,39.03,38.84,38.96,43885,0
2017-07-10,21:00:00,38.9511,38.96,38.65,38.66,62450,0
2017-07-10,22:00:00,38.68,38.81,38.5,38.51,188349,0
2017-07-11,16:00:00,38.47,38.62,38.07,38.19,33902,0
2017-07-11,17:00:00,38.1855,38.47,38.13,38.47,142443,0
2017-07-11,18:00:00,38.46,38.53,38.13,38.41,26584,0
2017-07-11,19:00:00,38.41,38.48,38.3088,38.32,17533,0
2017-07-11,20:00:00,38.32,38.38,38.19,38.29,14446,0
2017-07-11,21:00:00,38.27,38.27,38.08,38.14,32763,0
2017-07-11,22:00:00,38.1413,38.31,38.08,38.27,201038,0
2017-07-12,16:00:00,38.38,38.72,38.13,38.705,42312,0
2017-07-12,17:00:00,38.74,38.9,38.66,38.66,33201,0
2017-07-12,18:00:00,38.61,38.79,38.54,38.69,29449,0
2017-07-12,19:00:00,38.71,38.82,38.63,38.82,28246,0
2017-07-12,20:00:00,38.835,38.87,38.72,38.82,15473,0
2017-07-12,21:00:00,38.81,39,38.81,38.96,29343,0
2017-07-12,22:00:00,38.96,38.9601,38.73,38.77,187366,0
2017-07-13,16:00:00,38.7,38.8512,38.3625,38.55,34997,0
2017-07-13,17:00:00,38.5964,38.92,38.46,38.585,41705,0
2017-07-13,18:00:00,38.58,38.81,38.55,38.65,68578,0
2017-07-13,19:00:00,38.685,38.78,38.47,38.5499,18758,0
2017-07-13,20:00:00,38.53,38.655,38.41,38.51,17904,0
2017-07-13,21:00:00,38.48,38.61,38.46,38.575,34864,0
2017-07-13,22:00:00,38.5747,38.8,38.5,38.8,108073,0
2017-07-14,16:00:00,38.54,38.68,38.45,38.56,53820,0
2017-07-14,17:00:00,38.5801,38.61,38.42,38.54,75686,0
2017-07-14,18:00:00,38.545,38.674,38.535,38.58,45153,0
2017-07-14,19:00:00,38.58,38.705,38.545,38.69,31801,0
2017-07-14,20:00:00,38.69,38.85,38.66,38.84,18196,0
2017-07-14,21:00:00,38.845,38.9,38.76,38.81,23892,0
2017-07-14,22:00:00,38.82,39,38.74,38.79,122893,0
2017-07-17,16:00:00,38.79,38.79,38.45,38.52,46438,0
2017-07-17,17:00:00,38.51,38.79,38.5,38.72,53983,0
2017-07-17,18:00:00,38.74,38.79,38.63,38.72,27597,0
2017-07-17,19:00:00,38.72,38.86,38.71,38.8,29508,0
2017-07-17,20:00:00,38.79,38.9058,38.79,38.9058,32948,0
2017-07-17,21:00:00,38.87,39.03,38.87,38.945,83060,0
2017-07-17,22:00:00,38.9576,39.01,38.85,38.94,117946,0
2017-07-18,16:00:00,38.72,38.9,38.71,38.9,26279,0
2017-07-18,17:00:00,38.895,39.03,38.765,38.88,70051,0
2017-07-18,18:00:00,38.86,39.01,38.805,38.98,54668,0
2017-07-18,19:00:00,38.985,39.4,38.96,39.2174,72922,0
2017-07-18,20:00:00,39.205,39.25,39.14,39.17,68239,0
2017-07-18,21:00:00,39.15,39.1606,38.95,39.1,35618,0
2017-07-18,22:00:00,39.1013,39.13,38.98,39.07,192516,0
2017-07-19,16:00:00,39.06,39.11,38.96,39.04,17388,0
2017-07-19,17:00:00,39.04,39.2546,38.96,39.08,34835,0
2017-07-19,18:00:00,39.0949,39.3687,39.0949,39.18,32002,0
2017-07-19,19:00:00,39.17,39.17,38.8102,38.849,19203,0
2017-07-19,20:00:00,38.84,39.03,38.84,38.95,23218,0
2017-07-19,21:00:00,38.94,39,38.92,38.95,36838,0
2017-07-19,22:00:00,38.95,38.98,38.85,38.97,92695,0
2017-07-20,16:00:00,39.07,39.22,38.96,39.12,13656,0
2017-07-20,17:00:00,39.14,39.31,38.88,38.955,28831,0
2017-07-20,18:00:00,38.95,38.99,38.7,38.99,22624,0
2017-07-20,19:00:00,38.9735,39.2,38.95,39.17,37243,0
2017-07-20,20:00:00,39.17,39.2,39.085,39.15,18494,0
2017-07-20,21:00:00,39.14,39.19,39.03,39.06,34033,0
2017-07-20,22:00:00,39.0533,39.14,38.98,39.1,118482,0
2017-07-21,16:00:00,38.78,39,38.6997,38.6997,61840,0
2017-07-21,17:00:00,38.71,38.78,38.44,38.72,73056,0
2017-07-21,18:00:00,38.74,38.87,38.68,38.75,63636,0
2017-07-21,19:00:00,38.76,38.9,38.71,38.77,35538,0
2017-07-21,20:00:00,38.79,38.79,38.63,38.67,27999,0
2017-07-21,21:00:00,38.6774,38.7,38.58,38.69,32777,0
2017-07-21,22:00:00,38.6821,38.76,38.5,38.67,131257,0
2017-07-24,16:00:00,38.69,38.99,38.6,38.76,18572,0
2017-07-24,17:00:00,38.75,38.77,38.22,38.22,45091,0
2017-07-24,18:00:00,38.25,38.42,38.14,38.18,45959,0
2017-07-24,19:00:00,38.185,38.2,38.0164,38.12,28611,0
2017-07-24,20:00:00,38.15,38.2356,38.06,38.13,19668,0
2017-07-24,21:00:00,38.13,38.28,38.08,38.1823,38922,0
2017-07-24,22:00:00,38.1845,38.19,38.04,38.09,129536,0
2017-07-25,16:00:00,38.79,39.17,38.545,38.595,63127,0
2017-07-25,17:00:00,38.575,38.7,38.43,38.44,27551,0
2017-07-25,18:00:00,38.4309,38.74,38.41,38.72,18267,0
2017-07-25,19:00:00,38.67,38.68,38.48,38.5,12283,0
2017-07-25,20:00:00,38.48,38.55,38.4,38.4,17611,0
2017-07-25,21:00:00,38.415,38.46,38.15,38.22,44799,0
2017-07-25,22:00:00,38.22,38.41,38.17,38.35,93604,0
2017-07-26,16:00:00,38.42,38.42,38.04,38.405,22638,0
2017-07-26,17:00:00,38.44,38.52,38.04,38.11,32990,0
2017-07-26,18:00:00,38.09,38.17,38.02,38.17,20346,0
2017-07-26,19:00:00,38.18,38.18,38.06,38.11,13762,0
2017-07-26,20:00:00,38.11,38.23,38.0901,38.1,17740,0
2017-07-26,21:00:00,38.13,38.22,37.8901,37.94,33414,0
2017-07-26,22:00:00,37.935,38.04,37.765,37.82,123006,0
2017-07-27,16:00:00,37.94,38.27,37.58,38.27,28047,0
2017-07-27,17:00:00,38.26,38.56,38.16,38.415,41531,0
2017-07-27,18:00:00,38.42,38.54,38.2153,38.28,25628,0
2017-07-27,19:00:00,38.27,38.27,37.91,38.07,24513,0
2017-07-27,20:00:00,38.06,38.06,37.64,37.73,49758,0
2017-07-27,21:00:00,37.74,37.87,37.67,37.71,33287,0
2017-07-27,22:00:00,37.68,37.79,37.63,37.78,133325,0
2017-07-28,16:00:00,37.83,37.88,37.5,37.785,19558,0
2017-07-28,17:00:00,37.79,37.79,37.6,37.6364,15750,0
2017-07-28,18:00:00,37.64,37.71,37.52,37.65,14972,0
2017-07-28,19:00:00,37.6471,37.68,37.59,37.63,10902,0
2017-07-28,20:00:00,37.64,37.64,37.51,37.61,13345,0
2017-07-28,21:00:00,37.64,37.74,37.59,37.66,19981,0
2017-07-28,22:00:00,37.66,37.73,37.63,37.73,86044,0
2017-07-31,16:00:00,37.84,37.98,37.75,37.95,13437,0
2017-07-31,17:00:00,37.92,38.02,37.81,38,23804,0
2017-07-31,18:00:00,38,38.23,37.935,38.06,17588,0
2017-07-31,19:00:00,38.06,38.3,38.05,38.23,22826,0
2017-07-31,20:00:00,38.247,38.51,38.235,38.44,27480,0
2017-07-31,21:00:00,38.41,38.49,38.32,38.36,25716,0
2017-07-31,22:00:00,38.41,38.56,38.385,38.42,91852,0
2017-08-01,16:00:00,38.62,39.05,38.62,38.86,19517,0
2017-08-01,17:00:00,38.86,39.08,38.67,38.95,49638,0
2017-08-01,18:00:00,38.9786,39.04,38.79,39.01,40016,0
2017-08-01,19:00:00,39,39.17,38.97,39.0971,53604,0
2017-08-01,20:00:00,39.11,39.16,39.0499,39.08,42781,0
2017-08-01,21:00:00,39.07,39.16,39.02,39.05,51660,0
2017-08-01,22:00:00,39.05,39.19,39.01,39.1,176408,0
2017-08-02,16:00:00,39.11,39.16,38.63,38.66,30152,0
2017-08-02,17:00:00,38.65,38.7,38.4137,38.59,43373,0
2017-08-02,18:00:00,38.6099,38.76,38.44,38.69,54515,0
2017-08-02,19:00:00,38.68,38.6927,38.4,38.58,41998,0
2017-08-02,20:00:00,38.5899,38.61,38.54,38.59,53288,0
2017-08-02,21:00:00,38.58,38.61,38.49,38.54,63335,0
2017-08-02,22:00:00,38.56,38.67,38.47,38.62,85218,0
2017-08-03,16:00:00,38.58,38.63,38.4923,38.55,14639,0
2017-08-03,17:00:00,38.6,38.6,38.35,38.53,18637,0
2017-08-03,18:00:00,38.54,38.6,38.4,38.41,23144,0
2017-08-03,19:00:00,38.43,38.56,38.34,38.48,20083,0
2017-08-03,20:00:00,38.46,38.61,38.39,38.61,15473,0
2017-08-03,21:00:00,38.56,38.63,38.47,38.48,23947,0
2017-08-03,22:00:00,38.51,38.69,38.38,38.38,184570,0
2017-08-04,16:00:00,38.9114,39.69,38.4,39.07,125979,0
2017-08-04,17:00:00,39.0158,39.1953,38.66,38.695,297327,0
2017-08-04,18:00:00,38.66,38.93,38.12,38.9,82471,0
2017-08-04,19:00:00,38.89,39.085,38.8,39.03,81437,0
2017-08-04,20:00:00,39.05,39.54,38.97,39.36,127670,0
2017-08-04,21:00:00,39.34,39.76,39.21,39.44,126478,0
2017-08-04,22:00:00,39.46,40.12,39.37,40.02,449499,0
2017-08-07,16:00:00,40.7,41.18,39.95,40.182,264118,0
2017-08-07,17:00:00,40.22,40.305,39.9344,40.16,163700,0
2017-08-07,18:00:00,40.14,40.63,40.06,40.44,131873,0
2017-08-07,19:00:00,40.459,41.35,40.36,41.24,175979,0
2017-08-07,20:00:00,41.25,41.44,41,41.17,113679,0
2017-08-07,21:00:00,41.2045,41.3,40.65,40.7294,123500,0
2017-08-07,22:00:00,40.7279,40.76,40.61,40.66,255553,0
2017-08-08,16:00:00,39.9,39.99,39.51,39.84,544971,0
2017-08-08,17:00:00,39.815,39.93,39.68,39.885,446748,0
2017-08-08,18:00:00,39.88,39.91,39.82,39.875,307236,0
2017-08-08,19:00:00,39.87,39.905,39.56,39.75,168854,0
2017-08-08,20:00:00,39.765,39.82,39.66,39.75,120409,0
2017-08-08,21:00:00,39.75,39.835,39.73,39.785,152300,0
2017-08-08,22:00:00,39.785,39.86,39.41,39.44,895607,0
2017-08-09,16:00:00,39.2,39.28,38.57,38.97,186421,0
2017-08-09,17:00:00,38.98,39.06,38.82,38.915,239389,0
2017-08-09,18:00:00,38.915,39,38.75,38.98,105249,0
2017-08-09,19:00:00,38.97,38.99,38.92,38.93,85721,0
2017-08-09,20:00:00,38.9157,39.05,38.89,38.98,94110,0
2017-08-09,21:00:00,38.97,39.17,38.915,38.975,102845,0
2017-08-09,22:00:00,38.9603,39.16,38.83,39.04,375545,0
2017-08-10,16:00:00,38.86,38.86,38.02,38.54,130197,0
2017-08-10,17:00:00,38.54,38.59,37.99,38.31,195278,0
2017-08-10,18:00:00,38.28,38.295,37.67,37.9025,208540,0
2017-08-10,19:00:00,37.9048,37.9048,37.15,37.34,201325,0
2017-08-10,20:00:00,37.37,37.65,37.23,37.65,86618,0
2017-08-10,21:00:00,37.625,37.86,37.48,37.62,134082,0
2017-08-10,22:00:00,37.61,37.67,37.33,37.6,586435,0
2017-08-11,16:00:00,37.31,37.41,36.71,37.19,162439,0
2017-08-11,17:00:00,37.18,38.1,37.07,37.85,142477,0
2017-08-11,18:00:00,37.89,38.22,37.86,38,109350,0
2017-08-11,19:00:00,38,38.21,37.95,38.01,78851,0
2017-08-11,20:00:00,38.02,38.06,37.88,38.03,83490,0
2017-08-11,21:00:00,38.04,38.12,37.97,38.05,74889,0
2017-08-11,22:00:00,38.07,38.23,38.07,38.2,250733,0
2017-08-14,16:00:00,38.61,39.29,38.61,39.16,123277,0
2017-08-14,17:00:00,39.2,39.27,38.92,39.01,115581,0
2017-08-14,18:00:00,39.01,39.13,38.74,39.03,91969,0
2017-08-14,19:00:00,39.035,39.04,38.87,38.9,49773,0
2017-08-14,20:00:00,38.9,39.03,38.79,39.02,50298,0
2017-08-14,21:00:00,39.02,39.19,38.9,38.94,95561,0
2017-08-14,22:00:00,38.96,39.06,38.89,38.98,178009,0
2017-08-15,16:00:00,39,39.075,38.65,39.01,46278,0
2017-08-15,17:00:00,39.01,39.22,38.855,38.91,118810,0
2017-08-15,18:00:00,38.8913,39.08,38.8913,38.905,42634,0
2017-08-15,19:00:00,38.89,38.9,38.72,38.79,62764,0
2017-08-15,20:00:00,38.81,38.85,38.75,38.815,36187,0
2017-08-15,21:00:00,38.81,39,38.76,38.945,55477,0
2017-08-15,22:00:00,38.93,39.14,38.77,38.77,412201,0
2017-08-16,16:00:00,38.89,39.07,38.8526,38.93,14698,0
2017-08-16,17:00:00,38.94,39.25,38.94,39.2,40227,0
2017-08-16,18:00:00,39.1963,39.305,39.0691,39.21,41829,0
2017-08-16,19:00:00,39.2,39.29,39.13,39.13,83591,0
2017-08-16,20:00:00,39.13,39.27,39.02,39.21,36435,0
2017-08-16,21:00:00,39.23,39.23,38.91,38.945,32839,0
2017-08-16,22:00:00,38.945,39.09,38.84,38.98,119078,0
2017-08-17,16:00:00,38.92,38.94,38.511,38.542,20991,0
2017-08-17,17:00:00,38.57,38.76,38.28,38.615,48906,0
2017-08-17,18:00:00,38.59,39.15,38.59,39.05,61211,0
2017-08-17,19:00:00,39.07,39.21,38.79,38.85,28900,0
2017-08-17,20:00:00,38.84,38.86,38.68,38.85,33504,0
2017-08-17,21:00:00,38.85,38.899,38.65,38.79,35021,0
2017-08-17,22:00:00,38.79,38.79,38.4,38.42,117204,0
2017-08-18,16:00:00,38.06,38.45,37.62,38.29,77121,0
2017-08-18,17:00:00,38.21,38.34,37.84,37.93,32835,0
2017-08-18,18:00:00,37.94,38.18,37.86,38.15,43868,0
2017-08-18,19:00:00,38.159,38.159,38.02,38.08,18365,0
2017-08-18,20:00:00,38.04,38.05,37.86,37.94,28896,0
2017-08-18,21:00:00,37.925,38.14,37.925,38.05,28945,0
2017-08-18,22:00:00,38.06,38.23,37.87,37.87,347519,0
2017-08-21,16:00:00,37.86,37.96,37.704,37.83,15149,0
2017-08-21,17:00:00,37.79,37.91,37.57,37.67,35345,0
2017-08-21,18:00:00,37.69,37.8838,37.67,37.82,34705,0
2017-08-21,19:00:00,37.84,37.965,37.81,37.95,17916,0
2017-08-21,20:00:00,37.95,37.95,37.84,37.91,22026,0
2017-08-21,21:00:00,37.92,38.15,37.89,37.95,24121,0
2017-08-21,22:00:00,37.93,37.97,37.9,37.91,89847,0
2017-08-22,16:00:00,38.06,38.42,38.055,38.34,20072,0
2017-08-22,17:00:00,38.36,38.76,38.34,38.61,79733,0
2017-08-22,18:00:00,38.65,38.66,38.295,38.31,50100,0
2017-08-22,19:00:00,38.31,38.5,38.28,38.37,41487,0
2017-08-22,20:00:00,38.4,38.42,38.22,38.39,20940,0
2017-08-22,21:00:00,38.36,38.4,38.3,38.34,23888,0
2017-08-22,22:00:00,38.345,38.48,38.33,38.37,129615,0
2017-08-23,16:00:00,38.47,39.32,38.47,39.11,88729,0
2017-08-23,17:00:00,39.085,39.71,38.9685,39.71,207409,0
2017-08-23,18:00:00,39.7,39.83,39.36,39.7,208624,0
2017-08-23,19:00:00,39.7,40.0324,39.66,39.81,221176,0
2017-08-23,20:00:00,39.81,39.98,39.5,39.815,143983,0
2017-08-23,21:00:00,39.82,39.86,39.68,39.7201,104870,0
2017-08-23,22:00:00,39.75,39.87,39.67,39.7,305584,0
2017-08-24,16:00:00,39.83,40.02,39.31,39.31,38492,0
2017-08-24,17:00:00,39.33,39.4,39.14,39.18,32618,0
2017-08-24,18:00:00,39.16,39.23,39,39.02,34016,0
2017-08-24,19:00:00,39.0112,39.1,38.98,39.07,59550,0
2017-08-24,20:00:00,39.07,39.34,39.056,39.333,17507,0
2017-08-24,21:00:00,39.34,39.44,39.34,39.4,40546,0
2017-08-24,22:00:00,39.41,39.44,39.12,39.21,143552,0
2017-08-25,16:00:00,39.28,39.44,39.17,39.32,17213,0
2017-08-25,17:00:00,39.31,39.32,38.84,38.84,85083,0
2017-08-25,18:00:00,38.84,38.84,38.6,38.67,41586,0
2017-08-25,19:00:00,38.675,38.75,38.57,38.66,31980,0
2017-08-25,20:00:00,38.66,38.79,38.54,38.555,50265,0
2017-08-25,21:00:00,38.54,38.635,38.46,38.47,78000,0
2017-08-25,22:00:00,38.48,38.57,38.35,38.4,177454,0
2017-08-28,16:00:00,38.42,38.6,38.3,38.425,30061,0
2017-08-28,17:00:00,38.47,38.5,38.2,38.32,27015,0
2017-08-28,18:00:00,38.34,38.44,38.195,38.3,28357,0
2017-08-28,19:00:00,38.31,38.45,38.26,38.33,24723,0
2017-08-28,20:00:00,38.34,38.4,38.18,38.24,32390,0
2017-08-28,21:00:00,38.26,38.26,37.9,37.96,46423,0
2017-08-28,22:00:00,37.965,38.14,37.955,38.13,131240,0
2017-08-29,16:00:00,37.88,37.9,37.22,37.49,105265,0
2017-08-29,17:00:00,37.47,37.522,36.86,37.2,154473,0
2017-08-29,18:00:00,37.2256,37.31,36.94,36.985,82070,0
2017-08-29,19:00:00,37,37.34,36.92,37.29,108231,0
2017-08-29,20:00:00,37.28,37.54,37.24,37.48,52249,0
2017-08-29,21:00:00,37.46,37.68,37.43,37.46,140319,0
2017-08-29,22:00:00,37.46,37.56,37.3,37.31,194530,0
2017-08-30,16:00:00,37.3,37.65,37.19,37.6472,31742,0
2017-08-30,17:00:00,37.62,38.03,37.6,38.03,31470,0
2017-08-30,18:00:00,38,38.06,37.82,37.87,80957,0
2017-08-30,19:00:00,37.88,38.115,37.8626,38.095,41954,0
2017-08-30,20:00:00,38.1,38.14,37.835,37.94,31175,0
2017-08-30,21:00:00,37.94,38.1,37.89,38.08,96956,0
2017-08-30,22:00:00,38.1,38.15,37.96,38.04,161723,0
2017-08-31,16:00:00,38.15,38.62,38.15,38.44,29599,0
2017-08-31,17:00:00,38.41,38.95,38.41,38.72,99948,0
2017-08-31,18:00:00,38.79,38.95,38.66,38.855,63200,0
2017-08-31,19:00:00,38.84,38.92,38.79,38.85,62254,0
2017-08-31,20:00:00,38.87,38.99,38.825,38.84,48753,0
2017-08-31,21:00:00,38.83,39.04,38.81,39.03,63200,0
2017-08-31,22:00:00,39.03,39.2,39,39.08,259268,0
2017-09-01,16:00:00,39.03,39.1399,38.91,39.02,32756,0
2017-09-01,17:00:00,39.04,39.08,38.88,38.9213,27043,0
2017-09-01,18:00:00,38.92,39.05,38.77,38.98,35553,0
2017-09-01,19:00:00,38.98,39.02,38.93,38.96,27079,0
2017-09-01,20:00:00,38.95,39.1,38.95,39.01,33953,0
2017-09-01,21:00:00,39.022,39.03,38.92,38.96,31055,0
2017-09-01,22:00:00,38.94,39.03,38.9,38.98,107065,0
2017-09-05,16:00:00,38.56,38.83,38.47,38.63,66098,0
2017-09-05,17:00:00,38.68,38.76,37.971,38.0496,42164,0
2017-09-05,18:00:00,38.04,38.1081,37.76,37.805,36722,0
2017-09-05,19:00:00,37.79,37.79,37.3,37.41,45863,0
2017-09-05,20:00:00,37.39,37.52,37.1821,37.4759,47190,0
2017-09-05,21:00:00,37.49,37.52,37.35,37.3507,34998,0
2017-09-05,22:00:00,37.3511,37.43,37.23,37.3,146017,0
2017-09-06,16:00:00,37.5,37.8978,37.5,37.83,28231,0
2017-09-06,17:00:00,37.85,37.94,37.55,37.67,38782,0
2017-09-06,18:00:00,37.65,37.69,37.1,37.1,61657,0
2017-09-06,19:00:00,37.11,37.49,37.05,37.49,31651,0
2017-09-06,20:00:00,37.49,37.53,37.29,37.31,44506,0
2017-09-06,21:00:00,37.33,37.39,37.24,37.24,38937,0
2017-09-06,22:00:00,37.24,37.29,36.94,36.94,184518,0
2017-09-07,16:00:00,36.89,36.9665,35.75,36.39,148414,0
2017-09-07,17:00:00,36.37,36.575,35.8,36.485,165043,0
2017-09-07,18:00:00,36.4608,36.52,35.86,35.95,84540,0
2017-09-07,19:00:00,35.95,36.14,35.82,36.09,122536,0
2017-09-07,20:00:00,36.08,36.09,35.81,36,62228,0
2017-09-07,21:00:00,35.99,36.17,35.86,36.04,43903,0
2017-09-07,22:00:00,36.03,36.19,35.86,36.17,238745,0
2017-09-08,16:00:00,36.03,36.35,36.03,36.17,47020,0
2017-09-08,17:00:00,36.17,36.27,35.92,36.19,106798,0
2017-09-08,18:00:00,36.19,36.45,36.1,36.4,84920,0
2017-09-08,19:00:00,36.41,36.54,36.31,36.38,106145,0
2017-09-08,20:00:00,36.39,36.53,36.35,36.4082,34919,0
2017-09-08,21:00:00,36.45,36.95,36.4,36.92,87060,0
2017-09-08,22:00:00,36.92,36.925,36.62,36.62,213303,0
2017-09-11,16:00:00,37.05,37.53,36.85,36.89,50248,0
2017-09-11,17:00:00,36.9,37.41,36.86,37.3,99094,0
2017-09-11,18:00:00,37.3,37.57,37.25,37.285,89193,0
2017-09-11,19:00:00,37.285,37.48,37.1798,37.3,27609,0
2017-09-11,20:00:00,37.32,37.65,37.28,37.63,63336,0
2017-09-11,21:00:00,37.65,37.65,37.49,37.61,54437,0
2017-09-11,22:00:00,37.6,37.67,37.395,37.49,179885,0
2017-09-12,16:00:00,38.5,38.68,38.03,38.25,93807,0
2017-09-12,17:00:00,38.26,38.53,38.23,38.425,90191,0
2017-09-12,18:00:00,38.45,38.77,38.45,38.6,85310,0
2017-09-12,19:00:00,38.63,38.8602,38.615,38.7892,65342,0
2017-09-12,20:00:00,38.79,38.93,38.78,38.89,55998,0
2017-09-12,21:00:00,38.88,38.91,38.73,38.9,72305,0
2017-09-12,22:00:00,38.91,39.03,38.8175,39.01,177216,0
2017-09-13,16:00:00,38.99,39.05,38.8053,39,19452,0
2017-09-13,17:00:00,38.97,39.05,38.91,38.91,45869,0
2017-09-13,18:00:00,38.9101,39.05,38.88,39.02,23750,0
2017-09-13,19:00:00,39,39.09,38.91,38.98,27702,0
2017-09-13,20:00:00,38.98,39,38.8875,38.915,63943,0
2017-09-13,21:00:00,38.9,38.96,38.79,38.92,55982,0
2017-09-13,22:00:00,38.93,38.93,38.77,38.85,160018,0
2017-09-14,16:00:00,38.85,39.09,38.68,38.99,31609,0
2017-09-14,17:00:00,39,39.05,38.92,38.985,40688,0
2017-09-14,18:00:00,39,39.58,39,39.455,124107,0
2017-09-14,19:00:00,39.45,39.48,39.18,39.205,60534,0
2017-09-14,20:00:00,39.2,39.265,38.92,38.92,279487,0
2017-09-14,21:00:00,38.9295,39,38.845,38.855,47476,0
2017-09-14,22:00:00,38.86,39.01,38.71,38.76,234106,0
2017-09-15,16:00:00,38.72,38.86,38.56,38.785,141711,0
2017-09-15,17:00:00,38.8,38.94,38.72,38.89,49392,0
2017-09-15,18:00:00,38.89,39.15,38.885,39.11,120266,0
2017-09-15,19:00:00,39.11,39.295,39.06,39.29,43110,0
2017-09-15,20:00:00,39.28,39.33,39.22,39.23,42777,0
2017-09-15,21:00:00,39.22,39.28,39.01,39.01,58659,0
2017-09-15,22:00:00,39,39.255,38.99,39.08,673637,0
2017-09-18,16:00:00,39.16,39.41,39.11,39.32,29832,0
2017-09-18,17:00:00,39.36,39.57,39.33,39.5,59874,0
2017-09-18,18:00:00,39.5,39.68,39.46,39.635,91988,0
2017-09-18,19:00:00,39.65,39.675,39.51,39.56,40127,0
2017-09-18,20:00:00,39.54,39.65,39.42,39.65,45509,0
2017-09-18,21:00:00,39.65,39.66,39.475,39.56,70631,0
2017-09-18,22:00:00,39.56,39.56,39.36,39.4,153981,0
2017-09-19,16:00:00,39.38,39.9,39.38,39.79,40094,0
2017-09-19,17:00:00,39.755,39.77,39.53,39.6,82054,0
2017-09-19,18:00:00,39.58,39.825,39.53,39.68,62257,0
2017-09-19,19:00:00,39.66,39.72,39.6,39.7,30018,0
2017-09-19,20:00:00,39.7,39.775,39.63,39.712,30930,0
2017-09-19,21:00:00,39.72,39.8,39.65,39.7,36419,0
2017-09-19,22:00:00,39.7,39.77,39.69,39.73,108963,0
2017-09-20,16:00:00,39.67,39.67,39.28,39.28,25438,0
2017-09-20,17:00:00,39.31,39.72,39.22,39.59,55393,0
2017-09-20,18:00:00,39.62,39.66,39.52,39.64,52915,0
2017-09-20,19:00:00,39.66,39.775,39.62,39.77,21037,0
2017-09-20,20:00:00,39.77,39.82,39.62,39.67,50816,0
2017-09-20,21:00:00,39.66,39.78,39.48,39.54,102327,0
2017-09-20,22:00:00,39.55,39.68,39.25,39.38,164274,0
2017-09-21,16:00:00,39.37,39.47,39.1,39.295,30686,0
2017-09-21,17:00:00,39.28,39.48,39.25,39.43,51232,0
2017-09-21,18:00:00,39.4,39.58,39.28,39.53,52383,0
2017-09-21,19:00:00,39.55,39.69,39.49,39.59,37061,0
2017-09-21,20:00:00,39.6,39.6596,39.54,39.63,43155,0
2017-09-21,21:00:00,39.63,39.65,39.44,39.54,40794,0
2017-09-21,22:00:00,39.54,39.66,39.42,39.44,115842,0
2017-09-22,16:00:00,39.38,39.41,39.04,39.34,26549,0
2017-09-22,17:00:00,39.34,39.8,39.34,39.66,56127,0
2017-09-22,18:00:00,39.68,39.71,39.55,39.65,28341,0
2017-09-22,19:00:00,39.67,39.73,39.6,39.6201,37669,0
2017-09-22,20:00:00,39.63,39.71,39.6,39.71,27113,0
2017-09-22,21:00:00,39.69,39.7,39.475,39.54,24667,0
2017-09-22,22:00:00,39.53,39.6461,39.525,39.55,92758,0
2017-09-25,16:00:00,39.45,39.45,38.9,39.02,32027,0
2017-09-25,17:00:00,39.02,39.13,38.8,38.94,47375,0
2017-09-25,18:00:00,38.94,38.975,38.75,38.83,33162,0
2017-09-25,19:00:00,38.84,38.84,38.6,38.72,24154,0
2017-09-25,20:00:00,38.74,38.81,38.7,38.81,17411,0
2017-09-25,21:00:00,38.81,38.84,38.65,38.79,33567,0
2017-09-25,22:00:00,38.775,39.01,38.76,38.99,113158,0
2017-09-26,16:00:00,39.1,39.1899,38.88,39.1,49968,0
2017-09-26,17:00:00,39.11,39.44,39.1,39.41,48358,0
2017-09-26,18:00:00,39.39,39.67,39.31,39.65,102565,0
2017-09-26,19:00:00,39.67,39.88,39.59,39.72,119725,0
2017-09-26,20:00:00,39.72,39.84,39.61,39.71,70459,0
2017-09-26,21:00:00,39.715,39.79,39.6,39.68,104385,0
2017-09-26,22:00:00,39.69,39.79,39.69,39.78,320532,0
2017-09-27,16:00:00,40.15,40.38,40.01,40.155,128385,0
2017-09-27,17:00:00,40.13,40.18,39.56,39.885,217583,0
2017-09-27,18:00:00,39.89,40.06,39.85,39.95,46242,0
2017-09-27,19:00:00,39.97,40.12,39.86,40.1103,55660,0
2017-09-27,20:00:00,40.115,40.46,40.08,40.46,103879,0
2017-09-27,21:00:00,40.46,40.46,40.17,40.36,74882,0
2017-09-27,22:00:00,40.37,40.47,40.25,40.25,186988,0
2017-09-28,16:00:00,40.25,40.25,39.94,40.08,35692,0
2017-09-28,17:00:00,40.06,40.18,39.8349,39.89,55518,0
2017-09-28,18:00:00,39.87,40.25,39.81,40.19,82400,0
2017-09-28,19:00:00,40.2,40.43,40.07,40.39,72104,0
2017-09-28,20:00:00,40.36,40.48,40.23,40.395,108905,0
2017-09-28,21:00:00,40.395,40.57,40.35,40.51,104074,0
2017-09-28,22:00:00,40.52,40.62,40.49,40.52,158024,0
2017-09-29,16:00:00,40.53,40.68,40.36,40.5,26166,0
2017-09-29,17:00:00,40.48,40.7786,40.44,40.58,60371,0
2017-09-29,18:00:00,40.58,40.71,40.53,40.66,32416,0
2017-09-29,19:00:00,40.66,40.69,40.56,40.61,24291,0
2017-09-29,20:00:00,40.59,40.69,40.59,40.66,23048,0
2017-09-29,21:00:00,40.65,40.69,40.53,40.61,49956,0
2017-09-29,22:00:00,40.62,40.62,40.36,40.5,166964,0
2017-10-02,16:00:00,40.44,40.655,40.14,40.3,50649,0
2017-10-02,17:00:00,40.24,40.5,40.02,40.06,50170,0
2017-10-02,18:00:00,40.09,40.15,39.9,40.12,34611,0
2017-10-02,19:00:00,40.08,40.09,39.99,40.0525,33732,0
2017-10-02,20:00:00,40.04,40.08,39.96,40.07,38720,0
2017-10-02,21:00:00,40.06,40.29,40.03,40.255,63923,0
2017-10-02,22:00:00,40.27,40.38,40.06,40.34,262531,0
2017-10-03,16:00:00,40.28,40.56,40.27,40.42,14544,0
2017-10-03,17:00:00,40.43,40.53,40.29,40.48,43453,0
2017-10-03,18:00:00,40.47,40.49,40.37,40.45,38096,0
2017-10-03,19:00:00,40.48,40.5,40.33,40.47,35512,0
2017-10-03,20:00:00,40.47,40.57,40.4,40.56,48726,0
2017-10-03,21:00:00,40.56,40.7,40.47,40.639,54021,0
2017-10-03,22:00:00,40.65,40.66,40.44,40.54,209696,0
2017-10-04,16:00:00,40.61,40.635,40.07,40.23,28090,0
2017-10-04,17:00:00,40.29,40.52,40.27,40.48,50319,0
2017-10-04,18:00:00,40.49,40.7,40.475,40.57,25653,0
2017-10-04,19:00:00,40.55,40.58,40.1,40.14,114704,0
2017-10-04,20:00:00,40.165,40.27,39.97,40.01,116634,0
2017-10-04,21:00:00,40.025,40.2898,39.99,40.14,218261,0
2017-10-04,22:00:00,40.15,40.2,39.9,39.92,213134,0
2017-10-05,16:00:00,40.05,40.22,40.02,40.07,42070,0
2017-10-05,17:00:00,40.07,40.42,39.96,40.34,256847,0
2017-10-05,18:00:00,40.37,40.52,40.27,40.37,123502,0
2017-10-05,19:00:00,40.39,40.64,40.33,40.63,134559,0
2017-10-05,20:00:00,40.64,40.66,40.39,40.39,171073,0
2017-10-05,21:00:00,40.39,40.48,40.32,40.42,81587,0
2017-10-05,22:00:00,40.45,40.47,40.28,40.34,198000,0
2017-10-06,16:00:00,40.38,40.59,40.38,40.4,19866,0
2017-10-06,17:00:00,40.44,40.45,40.23,40.34,58271,0
2017-10-06,18:00:00,40.32,40.48,40.23,40.26,43327,0
2017-10-06,19:00:00,40.26,40.47,40.22,40.3916,40011,0
2017-10-06,20:00:00,40.36,40.363,40.23,40.275,42303,0
2017-10-06,21:00:00,40.27,40.35,40.25,40.33,43770,0
2017-10-06,22:00:00,40.31,40.34,40.02,40.11,185390,0
2017-10-09,16:00:00,40.12,40.3456,39.78,39.81,32805,0
2017-10-09,17:00:00,39.87,40.01,39.63,39.64,50400,0
2017-10-09,18:00:00,39.66,39.79,39.66,39.75,41249,0
2017-10-09,19:00:00,39.75,39.77,39.61,39.62,36187,0
2017-10-09,20:00:00,39.61,39.79,39.59,39.62,32222,0
2017-10-09,21:00:00,39.63,39.63,39.44,39.49,52266,0
2017-10-09,22:00:00,39.49,39.51,39.32,39.46,108295,0
2017-10-10,16:00:00,39.53,39.775,39.5,39.59,21519,0
2017-10-10,17:00:00,39.56,39.62,39.5,39.6,48783,0
2017-10-10,18:00:00,39.59,39.76,39.585,39.63,70379,0
2017-10-10,19:00:00,39.63,39.67,39.55,39.66,47167,0
2017-10-10,20:00:00,39.66,39.76,39.56,39.68,57080,0
2017-10-10,21:00:00,39.67,39.75,39.65,39.71,44624,0
2017-10-10,22:00:00,39.7,39.76,39.64,39.7,160400,0
2017-10-11,16:00:00,40.25,40.4,39.97,40.22,60484,0
2017-10-11,17:00:00,40.23,40.44,40.18,40.4375,65842,0
2017-10-11,18:00:00,40.45,40.67,40.39,40.4108,82891,0
2017-10-11,19:00:00,40.415,40.44,40.31,40.4,54033,0
2017-10-11,20:00:00,40.4,40.41,40.13,40.16,37201,0
2017-10-11,21:00:00,40.16,40.24,40.12,40.24,36045,0
2017-10-11,22:00:00,40.24,40.43,40.21,40.27,169211,0
2017-10-12,16:00:00,40.29,40.414,40.01,40.195,12990,0
2017-10-12,17:00:00,40.14,40.58,40.12,40.4,85862,0
2017-10-12,18:00:00,40.395,40.57,40.2,40.54,69528,0
2017-10-12,19:00:00,40.545,40.72,40.48,40.65,83129,0
2017-10-12,20:00:00,40.67,40.68,40.485,40.49,48529,0
2017-10-12,21:00:00,40.49,40.6,40.43,40.52,40075,0
2017-10-12,22:00:00,40.52,40.68,40.48,40.52,220710,0
2017-10-13,16:00:00,40.43,40.8,40.36,40.77,39273,0
2017-10-13,17:00:00,40.77,41.31,40.77,41.26,140882,0
2017-10-13,18:00:00,41.25,41.39,41.225,41.37,97867,0
2017-10-13,19:00:00,41.35,41.41,41.33,41.33,78558,0
2017-10-13,20:00:00,41.34,41.65,41.34,41.6,148607,0
2017-10-13,21:00:00,41.59,41.68,41.43,41.67,94447,0
2017-10-13,22:00:00,41.65,41.715,41.56,41.6,264368,0
2017-10-16,16:00:00,41.72,42.03,41.65,41.8826,144901,0
2017-10-16,17:00:00,41.8856,42.22,41.88,42.04,253639,0
2017-10-16,18:00:00,42.04,42.425,42.02,42.34,173851,0
2017-10-16,19:00:00,42.35,42.42,42.06,42.1886,96239,0
2017-10-16,20:00:00,42.19,42.45,42.17,42.23,108200,0
2017-10-16,21:00:00,42.23,42.425,42.22,42.425,89221,0
2017-10-16,22:00:00,42.43,42.64,42.4103,42.51,538536,0
2017-10-17,16:00:00,42.64,42.74,42.19,42.57,34854,0
2017-10-17,17:00:00,42.57,42.91,42.57,42.81,140307,0
2017-10-17,18:00:00,42.82,43.18,42.74,43.1274,210868,0
2017-10-17,19:00:00,43.14,43.37,43.1,43.31,89697,0
2017-10-17,20:00:00,43.31,43.48,43.16,43.28,123041,0
2017-10-17,21:00:00,43.28,43.325,43.02,43.27,113517,0
2017-10-17,22:00:00,43.27,43.49,43.21,43.42,205546,0
2017-10-18,16:00:00,43.58,44.07,43.384,43.6017,56199,0
2017-10-18,17:00:00,43.61,43.95,43.61,43.76,69485,0
2017-10-18,18:00:00,43.77,43.9598,43.45,43.93,70979,0
2017-10-18,19:00:00,43.94,43.99,43.63,43.64,90951,0
2017-10-18,20:00:00,43.64,43.87,43.59,43.835,87280,0
2017-10-18,21:00:00,43.84,43.93,43.79,43.82,65647,0
2017-10-18,22:00:00,43.82,44.06,43.73,44,209108,0
2017-10-19,16:00:00,43.64,43.88,43.14,43.811,35246,0
2017-10-19,17:00:00,43.84,44.02,43.8,43.985,201879,0
2017-10-19,18:00:00,43.99,44.17,43.93,44.17,111699,0
2017-10-19,19:00:00,44.152,44.28,44.07,44.15,92304,0
2017-10-19,20:00:00,44.16,44.215,44.12,44.15,46483,0
2017-10-19,21:00:00,44.15,44.48,44.13,44.375,68047,0
2017-10-19,22:00:00,44.38,44.5,44.36,44.48,177259,0
2017-10-20,16:00:00,45,45.08,44.55,44.7625,59360,0
2017-10-20,17:00:00,44.74,45.07,44.74,44.97,190656,0
2017-10-20,18:00:00,44.98,45.1,44.955,45.08,57884,0
2017-10-20,19:00:00,45.09,45.1,44.905,44.91,66199,0
2017-10-20,20:00:00,44.89,44.94,44.78,44.88,27734,0
2017-10-20,21:00:00,44.8701,44.89,44.755,44.76,82020,0
2017-10-20,22:00:00,44.75,44.84,44.44,44.5,207519,0
2017-10-23,16:00:00,44.19,44.46,43.41,43.99,154405,0
2017-10-23,17:00:00,43.99,43.99,42.71,43.6,282295,0
2017-10-23,18:00:00,43.59,43.74,43.41,43.62,92872,0
2017-10-23,19:00:00,43.615,43.68,43.38,43.44,70127,0
2017-10-23,20:00:00,43.44,43.54,43.41,43.52,68483,0
2017-10-23,21:00:00,43.5225,43.525,43.14,43.28,67806,0
2017-10-23,22:00:00,43.28,43.38,43.105,43.23,208635,0
2017-10-24,16:00:00,43.62,43.96,43.5,43.7,61879,0
2017-10-24,17:00:00,43.71,44.07,43.7,43.91,76054,0
2017-10-24,18:00:00,43.93,44.03,43.86,43.96,66583,0
2017-10-24,19:00:00,43.97,43.97,43.82,43.91,34342,0
2017-10-24,20:00:00,43.89,44.01,43.81,44,50881,0
2017-10-24,21:00:00,43.995,44.08,43.79,43.81,74874,0
2017-10-24,22:00:00,43.79,43.86,43.57,43.7,238681,0
2017-10-25,16:00:00,43.69,43.815,43.35,43.44,33863,0
2017-10-25,17:00:00,43.43,43.85,43.3,43.55,64019,0
2017-10-25,18:00:00,43.55,43.77,43.38,43.58,79980,0
2017-10-25,19:00:00,43.55,43.75,43.51,43.72,40535,0
2017-10-25,20:00:00,43.71,43.83,43.63,43.77,49778,0
2017-10-25,21:00:00,43.77,43.9,43.47,43.51,125802,0
2017-10-25,22:00:00,43.54,43.64,43.39,43.42,281675,0
2017-10-26,16:00:00,43.45,43.85,43.45,43.8,51175,0
2017-10-26,17:00:00,43.82,44.44,43.76,44.34,100688,0
2017-10-26,18:00:00,44.36,44.53,43.91,43.97,224792,0
2017-10-26,19:00:00,43.99,44,43.76,43.83,146164,0
2017-10-26,20:00:00,43.82,44,43.76,43.86,154307,0
2017-10-26,21:00:00,43.87,43.88,43.6503,43.705,76367,0
2017-10-26,22:00:00,43.72,43.8,43.59,43.73,222324,0
2017-10-27,16:00:00,43.74,44.0199,43.72,43.83,65065,0
2017-10-27,17:00:00,43.83,44.07,43.8,44.05,186450,0
2017-10-27,18:00:00,44.05,44.14,43.65,43.81,189599,0
2017-10-27,19:00:00,43.82,44.05,43.78,43.98,35552,0
2017-10-27,20:00:00,44.02,44.22,43.94,44.11,204332,0
2017-10-27,21:00:00,44.13,44.26,44,44,84119,0
2017-10-27,22:00:00,43.97,44.04,43.9,43.96,151743,0
2017-10-30,15:00:00,43.664,44.08,43.56,43.58,32816,0
2017-10-30,16:00:00,43.6306,43.98,43.6306,43.941,46914,0
2017-10-30,17:00:00,43.9294,44.02,43.6,43.67,74986,0
2017-10-30,18:00:00,43.67,43.69,43.37,43.41,47671,0
2017-10-30,19:00:00,43.4299,43.51,43.26,43.35,93045,0
2017-10-30,20:00:00,43.36,43.37,43.19,43.2,67568,0
2017-10-30,21:00:00,43.2,43.325,43.11,43.26,227355,0
2017-10-31,15:00:00,43.52,43.55,43.26,43.4,30729,0
2017-10-31,16:00:00,43.405,43.53,43,43.03,187840,0
2017-10-31,17:00:00,43.08,43.12,42.255,42.35,300884,0
2017-10-31,18:00:00,42.33,42.89,42.235,42.775,175690,0
2017-10-31,19:00:00,42.8,42.94,42.7,42.8,107269,0
2017-10-31,20:00:00,42.77,42.89,42.69,42.81,156074,0
2017-10-31,21:00:00,42.83,42.92,42.61,42.62,253514,0
2017-11-01,15:00:00,43.1,43.19,42.79,43.18,24582,0
2017-11-01,16:00:00,43.16,43.49,42.98,42.98,111678,0
2017-11-01,17:00:00,42.99,43.04,42.73,42.98,111213,0
2017-11-01,18:00:00,42.97,43.03,42.76,42.86,56935,0
2017-11-01,19:00:00,42.84,42.95,42.67,42.9,73460,0
2017-11-01,20:00:00,42.92,42.95,42.77,42.835,89688,0
2017-11-01,21:00:00,42.835,42.92,42.81,42.91,211649,0
2017-11-02,15:00:00,42.9,43.05,42.73,42.96,26260,0
2017-11-02,16:00:00,42.9,42.98,42.63,42.9,55194,0
2017-11-02,17:00:00,42.8925,43.25,42.85,43.12,132786,0
2017-11-02,18:00:00,43.15,43.77,43.11,43.48,163304,0
2017-11-02,19:00:00,43.495,43.495,43.21,43.27,33658,0
2017-11-02,20:00:00,43.27,43.3,42.96,42.96,65435,0
2017-11-02,21:00:00,42.97,42.97,42.49,42.51,520953,0
2017-11-03,15:00:00,41.62,41.745,40.64,40.7744,213077,0
2017-11-03,16:00:00,40.79,41.44,40.35,41.39,310266,0
2017-11-03,17:00:00,41.37,41.38,40.61,40.74,346881,0
2017-11-03,18:00:00,40.72,40.745,40.38,40.71,165109,0
2017-11-03,19:00:00,40.718,40.73,40.2601,40.33,257318,0
2017-11-03,20:00:00,40.32,40.34,39.79,39.97,392836,0
2017-11-03,21:00:00,39.97,40.56,39.89,40.47,469017,0
2017-11-06,16:00:00,40.37,40.7,40.1,40.7,98733,0
2017-11-06,17:00:00,40.71,41.12,40.69,40.93,300690,0
2017-11-06,18:00:00,40.91,41.3,40.85,41.3,143419,0
2017-11-06,19:00:00,41.3,41.5,41.21,41.47,135546,0
2017-11-06,20:00:00,41.48,42.12,41.46,42.12,187334,0
2017-11-06,21:00:00,42.095,42.12,41.69,41.91,208820,0
2017-11-06,22:00:00,41.91,42.14,41.82,41.82,422398,0
2017-11-07,16:00:00,41.74,41.96,41.61,41.77,24027,0
2017-11-07,17:00:00,41.75,41.77,41.47,41.63,130929,0
2017-11-07,19:00:00,41.36,41.525,41.27,41.51,88936,0
2017-11-07,20:00:00,41.52,41.61,41.43,41.53,118279,0
2017-11-07,21:00:00,41.53,41.62,41.32,41.34,101669,0
2017-11-07,22:00:00,41.355,41.5,41.3198,41.44,394611,0
2017-11-08,16:00:00,41.39,41.58,41.02,41.52,62103,0
2017-11-08,17:00:00,41.56,41.8,41.38,41.575,155470,0
2017-11-08,18:00:00,41.62,41.655,41.38,41.6,143423,0
2017-11-08,19:00:00,41.61,41.8,41.605,41.76,80585,0
2017-11-08,20:00:00,41.77,41.88,41.68,41.82,97688,0
2017-11-08,21:00:00,41.81,42.31,41.6824,42.2,288335,0
2017-11-08,22:00:00,42.18,42.44,41.75,41.79,667315,0
2017-11-09,16:00:00,42,42.4288,41.93,42.24,100683,0
2017-11-09,17:00:00,42.23,42.69,42.07,42.27,216644,0
2017-11-09,18:00:00,42.255,42.38,41.82,42.085,133086,0
2017-11-09,19:00:00,42.08,42.08,41.5529,41.86,92305,0
2017-11-09,20:00:00,41.85,42.43,41.7738,42.35,138844,0
2017-11-09,21:00:00,42.311,42.49,42.12,42.18,171697,0
2017-11-09,22:00:00,42.19,42.29,42.16,42.22,351441,0
2017-11-10,16:00:00,42.69,42.69,42,42.21,50671,0
2017-11-10,17:00:00,42.205,42.28,42.03,42.2,80687,0
2017-11-10,18:00:00,42.2,42.22,42.04,42.19,40276,0
2017-11-10,19:00:00,42.19,42.2,41.85,41.85,67304,0
2017-11-10,20:00:00,41.86,41.89,41.69,41.74,66563,0
2017-11-10,21:00:00,41.74,41.8,41.66,41.71,123523,0
2017-11-10,22:00:00,41.72,41.74,41.49,41.58,270233,0
2017-11-13,16:00:00,41.15,41.98,41.15,41.8,76570,0
2017-11-13,17:00:00,41.82,41.96,41.59,41.9,89974,0
2017-11-13,18:00:00,41.91,41.95,41.81,41.95,65289,0
2017-11-13,19:00:00,41.98,42.23,41.94,42.2,96929,0
2017-11-13,20:00:00,42.2,42.58,42.2,42.47,76027,0
2017-11-13,21:00:00,42.47,42.7,42.43,42.58,117654,0
2017-11-13,22:00:00,42.58,42.9558,42.46,42.94,324684,0
2017-11-14,16:00:00,42.68,42.94,42.16,42.23,39991,0
2017-11-14,17:00:00,42.215,42.48,42.0501,42.48,72047,0
2017-11-14,18:00:00,42.44,42.57,42.21,42.28,112003,0
2017-11-14,19:00:00,42.3,42.58,42.23,42.51,81164,0
2017-11-14,20:00:00,42.48,42.62,42.45,42.57,37271,0
2017-11-14,21:00:00,42.57,42.86,42.52,42.67,41097,0
2017-11-14,22:00:00,42.68,42.72,42.29,42.32,187334,0
2017-11-15,16:00:00,41.86,42.88,41.84,42.73,155757,0
2017-11-15,17:00:00,42.73,43.3,42.71,43.21,104929,0
2017-11-15,18:00:00,43.185,43.47,43.12,43.33,102814,0
2017-11-15,19:00:00,43.34,43.54,43.3,43.53,49302,0
2017-11-15,20:00:00,43.53,43.67,43.36,43.56,80546,0
2017-11-15,21:00:00,43.56,43.82,43.49,43.82,81135,0
2017-11-15,22:00:00,43.82,43.97,43.75,43.89,344199,0
2017-11-16,16:00:00,44.13,44.99,44.08,44.81,214147,0
2017-11-16,17:00:00,44.79,45.22,44.695,44.97,371639,0
2017-11-16,18:00:00,44.99,45.05,44.78,44.86,197492,0
2017-11-16,19:00:00,44.84,44.98,44.585,44.655,408436,0
2017-11-16,20:00:00,44.655,44.97,44.59,44.96,270187,0
2017-11-16,21:00:00,44.95,45.01,44.75,44.7586,139119,0
2017-11-16,22:00:00,44.76,44.94,44.74,44.87,540619,0
2017-11-17,16:00:00,44.8,45.04,44.56,44.85,86486,0
2017-11-17,17:00:00,44.85,44.85,44.48,44.5332,92259,0
2017-11-17,18:00:00,44.53,44.97,44.461,44.97,69384,0
2017-11-17,19:00:00,44.96,45.06,44.83,45.06,102791,0
2017-11-17,20:00:00,45.05,45.08,44.87,44.9225,74435,0
2017-11-17,21:00:00,44.91,44.97,44.77,44.86,75494,0
2017-11-17,22:00:00,44.8575,44.91,44.72,44.8,290932,0
2017-11-20,16:00:00,45.01,45.03,44.795,44.93,44768,0
2017-11-20,17:00:00,44.96,45.01,44.72,44.72,70377,0
2017-11-20,18:00:00,44.73,44.85,44.65,44.78,59998,0
2017-11-20,19:00:00,44.78,44.82,44.6,44.67,54190,0
2017-11-20,20:00:00,44.67,44.96,44.6582,44.87,48191,0
2017-11-20,21:00:00,44.885,44.95,44.79,44.92,39400,0
2017-11-20,22:00:00,44.95,44.98,44.78,44.9,174263,0
2017-11-21,16:00:00,45.08,45.23,44.85,44.95,46536,0
2017-11-21,17:00:00,44.87,45.02,44.81,44.91,48722,0
2017-11-21,18:00:00,44.9,44.95,44.77,44.77,33005,0
2017-11-21,19:00:00,44.78,44.85,44.6875,44.79,33212,0
2017-11-21,20:00:00,44.79,44.9,44.74,44.87,31502,0
2017-11-21,21:00:00,44.84,44.89,44.8,44.85,33021,0
2017-11-21,22:00:00,44.85,44.9,44.81,44.88,161453,0
2017-11-22,16:00:00,44.84,45.05,44.73,44.73,37364,0
2017-11-22,17:00:00,44.7,45.0295,44.66,45.01,34789,0
2017-11-22,18:00:00,45.0202,45.03,44.82,44.86,86775,0
2017-11-22,19:00:00,44.85,45.01,44.85,45,32920,0
2017-11-22,20:00:00,45.01,45.01,44.82,44.87,50217,0
2017-11-22,21:00:00,44.859,44.91,44.8,44.86,34097,0
2017-11-22,22:00:00,44.845,44.8501,44.7,44.7,179865,0
2017-11-24,16:00:00,44.95,45.07,44.44,44.74,46127,0
2017-11-24,17:00:00,44.75,44.82,44.48,44.61,32306,0
2017-11-24,18:00:00,44.62,44.7809,44.45,44.78,31199,0
2017-11-24,19:00:00,44.73,44.75,44.57,44.68,59710,0
2017-11-24,20:00:00,44.66,44.66,44.66,44.66,19556,0
2017-11-27,16:00:00,44.66,44.9,44.55,44.61,42067,0
2017-11-27,17:00:00,44.57,44.71,44.52,44.57,43373,0
2017-11-27,18:00:00,44.56,44.6,44.3266,44.41,51668,0
2017-11-27,19:00:00,44.38,44.38,44.22,44.298,39373,0
2017-11-27,20:00:00,44.3,44.39,44.22,44.25,19384,0
2017-11-27,21:00:00,44.27,44.43,44.22,44.28,37974,0
2017-11-27,22:00:00,44.28,44.36,44.15,44.15,118081,0
2017-11-28,16:00:00,45,45,44.44,44.94,112636,0
2017-11-28,17:00:00,44.93,45.01,44.84,44.94,97749,0
2017-11-28,18:00:00,44.955,45.18,44.87,45.15,109945,0
2017-11-28,19:00:00,45.1296,45.23,44.97,45.06,106460,0
2017-11-28,20:00:00,45.08,45.22,44.92,44.97,80303,0
2017-11-28,21:00:00,44.96,45.09,44.87,45.06,56135,0
2017-11-28,22:00:00,45.05,45.34,44.99,45.23,273071,0
2017-11-29,16:00:00,45.42,45.55,45.05,45.28,71636,0
2017-11-29,17:00:00,45.34,45.36,45.11,45.12,94699,0
2017-11-29,18:00:00,45.14,45.14,44.79,44.7925,94775,0
2017-11-29,19:00:00,44.8,44.97,44.73,44.76,77070,0
2017-11-29,20:00:00,44.76,44.8,44.45,44.57,57287,0
2017-11-29,21:00:00,44.56,44.84,44.55,44.75,66940,0
2017-11-29,22:00:00,44.75,44.81,44.57,44.74,159669,0
2017-11-30,16:00:00,45,45,44.52,44.58,35561,0
2017-11-30,17:00:00,44.5558,44.5558,44.06,44.48,136520,0
2017-11-30,18:00:00,44.46,44.58,44.415,44.47,36134,0
2017-11-30,19:00:00,44.495,44.75,44.48,44.71,18736,0
2017-11-30,20:00:00,44.7,44.75,44.43,44.5,91016,0
2017-11-30,21:00:00,44.51,44.65,44.42,44.42,90351,0
2017-11-30,22:00:00,44.43,44.43,43.93,44.25,306376,0
2017-12-01,16:00:00,44.16,44.3382,43.72,43.86,265808,0
2017-12-01,17:00:00,43.89,44.92,43.81,44.85,116115,0
2017-12-01,18:00:00,44.85,45.03,43.07,44.125,115564,0
2017-12-01,19:00:00,44.07,44.66,43.93,44.55,101420,0
2017-12-01,20:00:00,44.53,45.03,44.46,44.89,70226,0
2017-12-01,21:00:00,44.89,45,44.67,44.71,73712,0
2017-12-01,22:00:00,44.69,45.16,44.64,45.07,443685,0
2017-12-04,16:00:00,45.98,46.15,45.41,45.48,84409,0
2017-12-04,17:00:00,45.48,45.8,45.4172,45.77,206165,0
2017-12-04,18:00:00,45.74,45.96,45.68,45.84,74077,0
2017-12-04,19:00:00,45.85,45.97,45.735,45.88,61077,0
2017-12-04,20:00:00,45.9072,45.96,45.74,45.805,80428,0
2017-12-04,21:00:00,45.8,45.83,45.44,45.58,63969,0
2017-12-04,22:00:00,45.59,45.78,45.45,45.52,179199,0
2017-12-05,16:00:00,45.76,45.98,45.44,45.79,67228,0
2017-12-05,17:00:00,45.7768,45.93,45.72,45.84,89401,0
2017-12-05,18:00:00,45.88,46.14,45.67,45.68,104104,0
2017-12-05,19:00:00,45.69,45.71,45.46,45.6,32473,0
2017-12-05,20:00:00,45.595,45.78,45.5,45.77,48517,0
2017-12-05,21:00:00,45.74,45.83,45.56,45.62,103434,0
2017-12-05,22:00:00,45.59,45.69,45.48,45.54,232743,0
2017-12-06,16:00:00,45.21,45.49,45.04,45.38,40584,0
2017-12-06,17:00:00,45.405,45.615,45.31,45.51,26599,0
2017-12-06,18:00:00,45.53,45.8,45.515,45.515,29645,0
2017-12-06,19:00:00,45.45,45.66,45.38,45.61,28922,0
2017-12-06,20:00:00,45.6,45.635,45.42,45.55,15845,0
2017-12-06,21:00:00,45.52,45.62,45.37,45.43,31964,0
2017-12-06,22:00:00,45.43,45.63,45.43,45.55,204654,0
