Date,Time,Open,High,Low,Close,Volume,OpenInt
2016-07-20,17:00:00,24.68,24.68,24.68,24.68,207,0
2016-07-20,21:00:00,24.673,24.673,24.673,24.673,104,0
2016-07-21,17:00:00,24.681,24.681,24.681,24.681,186,0
2016-07-21,18:00:00,24.712,24.712,24.689,24.692,931,0
2016-07-22,18:00:00,24.732,31.197,24.732,31.197,207,0
2016-07-25,16:00:00,24.779,24.837,24.779,24.837,1655,0
2016-07-25,18:00:00,24.722,25.881,24.722,25.833,1034,0
2016-07-25,20:00:00,24.75,24.75,24.75,24.75,104,0
2016-07-25,22:00:00,24.75,24.75,24.75,24.75,207,0
2016-07-27,17:00:00,24.876,24.915,24.876,24.915,318,0
2016-07-28,22:00:00,24.896,24.934,24.896,24.934,1352,0
2016-07-29,20:00:00,25.677,25.677,25.677,25.677,104,0
2016-07-29,21:00:00,25.283,25.292,25.283,25.292,607,0
2016-07-29,22:00:00,25.253,25.273,25.189,25.216,3254,0
2016-08-02,17:00:00,25.283,25.283,25.283,25.283,207,0
2016-08-02,21:00:00,25.128,25.128,25.128,25.128,172,0
2016-08-03,16:00:00,25.069,25.079,25.069,25.079,207,0
2016-08-03,17:00:00,25.109,25.109,25.035,25.069,414,0
2016-08-03,18:00:00,25.054,25.104,25.054,25.104,414,0
2016-08-03,19:00:00,25.109,25.123,25.109,25.123,207,0
2016-08-03,20:00:00,25.123,25.133,25.123,25.123,310,0
2016-08-04,16:00:00,25.997,25.997,25.369,25.399,1449,0
2016-08-04,17:00:00,25.359,25.409,25.34,25.409,723,0
2016-08-04,18:00:00,25.418,25.505,25.418,25.505,517,0
2016-08-04,19:00:00,25.524,25.524,25.515,25.515,414,0
2016-08-04,20:00:00,25.495,25.495,25.476,25.476,414,0
2016-08-04,21:00:00,25.476,25.495,25.456,25.466,1863,0
2016-08-04,22:00:00,25.466,25.466,25.456,25.456,207,0
2016-08-08,16:00:00,26.374,26.374,25.755,25.755,310,0
2016-08-08,17:00:00,25.745,25.745,25.745,25.745,104,0
2016-08-08,18:00:00,25.745,25.745,25.745,25.745,104,0
2016-08-08,21:00:00,25.652,25.652,25.652,25.652,517,0
2016-08-10,18:00:00,25.891,25.891,25.697,25.697,1229,0
2016-08-11,17:00:00,25.896,25.927,25.896,25.927,341,0
2016-08-12,16:00:00,25.966,25.966,25.966,25.966,388,0
2016-08-12,19:00:00,25.948,25.948,25.948,25.948,128,0
2016-08-15,19:00:00,26.106,26.106,26.106,26.106,128,0
2016-08-16,16:00:00,25.986,25.986,25.986,25.986,104,0
2016-08-16,17:00:00,25.937,25.937,25.937,25.937,388,0
2016-08-16,19:00:00,26.027,26.027,26.027,26.027,104,0
2016-08-18,17:00:00,26.113,26.113,26.113,26.113,104,0
2016-08-18,19:00:00,26.074,26.074,26.074,26.074,104,0
2016-08-18,20:00:00,26.093,26.093,26.093,26.093,104,0
2016-08-19,17:00:00,25.775,25.775,25.775,25.775,104,0
2016-08-19,18:00:00,25.833,25.833,25.833,25.833,104,0
2016-08-19,19:00:00,25.823,25.823,25.823,25.823,104,0
2016-08-24,19:00:00,25.427,25.427,25.427,25.427,207,0
2016-08-24,22:00:00,25.314,25.314,25.314,25.314,414,0
2016-08-25,19:00:00,25.389,25.389,25.389,25.389,153,0
2016-08-26,20:00:00,25.476,25.476,25.128,25.137,1097,0
2016-08-26,21:00:00,25.137,25.253,25.002,25.082,32801,0
2016-08-26,22:00:00,25.031,25.031,24.983,24.983,1966,0
2016-08-29,17:00:00,24.983,24.983,24.983,24.983,984,0
2016-08-29,18:00:00,24.983,24.983,24.98,24.983,827,0
2016-08-29,19:00:00,24.973,24.973,24.973,24.973,827,0
2016-08-29,20:00:00,24.973,24.973,24.963,24.963,8485,0
2016-08-29,21:00:00,24.915,24.915,24.837,24.915,11211,0
2016-08-30,16:00:00,25.174,25.174,25.174,25.174,104,0
2016-08-30,17:00:00,25.331,25.331,25.012,25.012,827,0
2016-08-30,20:00:00,24.892,24.892,24.892,24.892,127,0
2016-08-31,17:00:00,25.235,25.235,24.983,24.993,579,0
2016-09-01,16:00:00,24.993,24.993,24.993,24.993,3139,0
2016-09-01,19:00:00,24.896,24.896,24.886,24.886,1948,0
2016-09-02,16:00:00,24.547,24.547,24.547,24.547,414,0
2016-09-02,20:00:00,25.319,25.319,25.319,25.319,207,0
2016-09-06,20:00:00,25.954,25.954,25.954,25.954,398,0
2016-09-07,16:00:00,25.803,25.803,25.793,25.793,414,0
2016-09-07,17:00:00,26.093,26.093,26.093,26.093,129,0
2016-09-09,17:00:00,25.453,25.453,25.453,25.453,303,0
2016-09-12,16:00:00,25.006,25.006,25.006,25.006,517,0
2016-09-12,17:00:00,25.137,25.137,25.137,25.137,104,0
2016-09-12,18:00:00,25.147,25.185,25.147,25.185,292,0
2016-09-12,19:00:00,25.225,25.225,25.225,25.225,104,0
2016-09-12,21:00:00,25.379,25.379,25.379,25.379,104,0
2016-09-12,22:00:00,25.466,25.485,25.466,25.485,207,0
2016-09-13,17:00:00,24.896,24.896,24.896,24.896,104,0
2016-09-13,18:00:00,24.886,24.886,24.837,24.837,300,0
2016-09-14,18:00:00,25.059,25.059,25.059,25.059,182,0
2016-09-14,20:00:00,25.031,25.031,25.031,25.031,234,0
2016-09-16,17:00:00,24.915,25.002,24.915,25.002,228,0
2016-09-16,19:00:00,25.022,25.022,25.022,25.022,104,0
2016-09-19,17:00:00,25.389,25.389,25.359,25.359,310,0
2016-09-19,18:00:00,25.34,25.34,25.331,25.331,207,0
2016-09-19,19:00:00,25.263,25.263,25.263,25.263,104,0
2016-09-19,20:00:00,25.195,25.235,25.195,25.195,896,0
2016-09-20,17:00:00,25.408,25.408,25.398,25.398,485,0
2016-09-20,18:00:00,25.418,25.418,25.418,25.418,104,0
2016-09-20,19:00:00,25.21,25.389,25.21,25.389,207,0
2016-09-21,21:00:00,25.697,25.697,25.697,25.697,633,0
2016-09-21,22:00:00,25.649,25.649,25.63,25.63,723,0
2016-09-23,17:00:00,25.775,25.775,25.775,25.775,139,0
2016-09-23,22:00:00,25.639,25.639,25.639,25.639,194,0
2016-09-26,22:00:00,25.099,25.099,25.099,25.099,104,0
2016-09-28,21:00:00,25.524,25.524,25.524,25.524,104,0
2016-09-29,17:00:00,25.833,25.833,25.833,25.833,202,0
2016-09-29,22:00:00,25.658,25.658,25.658,25.658,207,0
2016-10-04,17:00:00,25.883,25.883,25.883,25.883,318,0
2016-10-04,22:00:00,25.726,25.726,25.726,25.726,617,0
2016-10-05,17:00:00,25.881,25.881,25.881,25.881,1637,0
2016-10-05,19:00:00,25.857,25.929,25.857,25.929,310,0
2016-10-06,17:00:00,25.698,25.698,25.698,25.698,238,0
2016-10-06,18:00:00,25.734,25.734,25.734,25.734,104,0
2016-10-06,22:00:00,26.007,26.007,26.007,26.007,543,0
2016-10-07,21:00:00,25.987,25.987,25.973,25.973,582,0
2016-10-10,20:00:00,26.218,26.218,26.218,26.218,381,0
2016-10-11,17:00:00,25.667,25.667,25.534,25.534,539,0
2016-10-11,21:00:00,25.534,25.534,25.534,25.534,310,0
2016-10-11,22:00:00,25.601,25.601,25.601,25.601,289,0
2016-10-13,17:00:00,25.225,25.225,25.225,25.225,628,0
2016-10-14,19:00:00,25.379,25.379,25.379,25.379,240,0
2016-10-18,17:00:00,25.736,25.736,25.736,25.736,127,0
2016-10-18,18:00:00,25.75,25.75,25.75,25.75,414,0
2016-10-18,19:00:00,25.833,25.833,25.833,25.833,126,0
2016-10-18,22:00:00,25.823,25.823,25.823,25.823,141,0
2016-10-20,19:00:00,25.922,25.922,25.922,25.922,111,0
2016-10-21,22:00:00,25.63,25.63,25.63,25.63,285,0
2016-10-24,17:00:00,26.045,26.054,26.045,26.054,364,0
2016-10-24,18:00:00,26.054,26.054,26.054,26.054,310,0
2016-10-24,19:00:00,26.064,26.064,26.064,26.064,310,0
2016-10-24,22:00:00,26.064,26.064,26.064,26.064,207,0
2016-10-25,17:00:00,26.001,26.017,26.001,26.017,821,0
2016-10-25,20:00:00,25.755,25.755,25.755,25.755,104,0
2016-10-27,17:00:00,25.551,25.551,25.551,25.551,1138,0
2016-10-27,22:00:00,25.717,25.717,25.717,25.717,104,0
2016-10-28,17:00:00,25.63,25.63,25.63,25.63,183,0
2016-10-31,16:00:00,25.697,25.697,25.667,25.697,872,0
2016-11-01,18:00:00,25.5,25.5,25.5,25.5,104,0
2016-11-01,20:00:00,25.427,25.427,25.427,25.427,104,0
2016-11-02,18:00:00,25.389,25.389,25.389,25.389,123,0
2016-11-02,20:00:00,25.311,25.389,25.311,25.359,1034,0
2016-11-02,21:00:00,25.35,25.436,25.35,25.399,1759,0
2016-11-03,20:00:00,25.059,25.059,25.05,25.05,414,0
2016-11-03,21:00:00,25.05,25.05,25.043,25.043,414,0
2016-11-04,18:00:00,25.099,25.099,25.099,25.099,407,0
2016-11-07,16:00:00,25.793,25.793,25.793,25.793,591,0
2016-11-07,22:00:00,25.62,25.659,25.62,25.659,591,0
2016-11-08,16:00:00,25.524,25.524,25.524,25.524,187,0
2016-11-11,16:00:00,24.547,24.547,24.547,24.547,310,0
2016-11-11,18:00:00,24.354,24.354,24.354,24.354,124,0
2016-11-14,17:00:00,23.997,23.997,23.997,23.997,207,0
2016-11-15,17:00:00,24.5,24.5,24.5,24.5,371,0
2016-11-15,22:00:00,24.592,24.644,24.592,24.644,612,0
2016-11-16,16:00:00,24.393,24.393,24.393,24.393,259,0
2016-11-16,17:00:00,24.48,24.518,24.48,24.518,1558,0
2016-11-17,17:00:00,24.663,24.663,24.663,24.663,105,0
2016-11-18,17:00:00,24.634,24.634,24.634,24.634,147,0
2016-11-21,16:00:00,24.306,24.432,24.306,24.412,4887,0
2016-11-21,18:00:00,24.45,24.45,24.45,24.45,229,0
2016-11-21,20:00:00,24.45,24.45,24.45,24.45,207,0
2016-11-21,21:00:00,24.45,24.45,24.45,24.45,364,0
2016-11-22,19:00:00,24.886,24.925,24.886,24.902,1235,0
2016-11-22,22:00:00,25.002,25.002,25.002,25.002,310,0
2016-11-23,16:00:00,24.76,24.76,24.722,24.722,538,0
2016-11-23,17:00:00,24.702,24.702,24.702,24.702,293,0
2016-11-23,18:00:00,24.724,24.732,24.724,24.732,315,0
2016-11-23,22:00:00,24.799,24.799,24.518,24.518,207,0
2016-11-25,16:00:00,24.925,24.925,24.925,24.925,145,0
2016-11-25,17:00:00,24.896,24.896,24.896,24.896,226,0
2016-11-25,20:00:00,24.896,24.896,24.896,24.896,0,0
2016-11-28,18:00:00,24.953,24.973,24.953,24.973,241,0
2016-11-28,19:00:00,24.924,24.924,24.924,24.924,248,0
2016-11-28,22:00:00,24.934,24.934,24.934,24.934,176,0
2016-11-29,17:00:00,24.818,24.876,24.818,24.876,660,0
2016-11-30,16:00:00,25.002,25.002,24.965,24.965,827,0
2016-11-30,20:00:00,24.943,24.943,24.943,24.943,268,0
2016-11-30,21:00:00,24.937,24.937,24.937,24.937,399,0
2016-12-01,16:00:00,24.943,24.943,24.943,24.943,207,0
2016-12-01,17:00:00,24.943,24.943,24.924,24.943,795,0
2016-12-01,18:00:00,24.934,24.934,24.915,24.915,414,0
2016-12-01,19:00:00,24.915,24.92,24.915,24.92,414,0
2016-12-01,20:00:00,24.92,24.92,24.92,24.92,207,0
2016-12-01,22:00:00,24.934,24.934,24.93,24.93,293,0
2016-12-02,16:00:00,24.915,24.915,24.886,24.886,207,0
2016-12-02,17:00:00,24.886,24.983,24.886,24.963,310,0
2016-12-02,18:00:00,24.911,24.983,24.911,24.983,537,0
2016-12-02,19:00:00,24.973,24.973,24.973,24.973,104,0
2016-12-05,16:00:00,24.934,24.934,24.934,24.934,104,0
2016-12-05,17:00:00,25.012,25.012,24.963,24.963,267,0
2016-12-06,19:00:00,25.156,25.156,25.156,25.156,104,0
2016-12-06,20:00:00,25.156,25.156,25.156,25.156,104,0
2016-12-07,17:00:00,25.359,25.359,25.359,25.359,364,0
2016-12-07,19:00:00,25.436,25.436,25.436,25.436,112,0
2016-12-08,17:00:00,25.591,25.591,25.591,25.591,268,0
2016-12-08,21:00:00,25.707,25.707,25.707,25.707,110,0
2016-12-12,16:00:00,26.248,26.248,26.248,26.248,815,0
2016-12-12,22:00:00,25.561,25.561,25.561,25.561,414,0
2016-12-13,19:00:00,25.881,25.881,25.881,25.881,349,0
2016-12-14,21:00:00,25.697,25.697,25.697,25.697,352,0
2016-12-14,22:00:00,25.697,25.697,25.359,25.359,788,0
2016-12-15,16:00:00,25.63,25.63,25.63,25.63,517,0
2016-12-16,22:00:00,25.418,25.418,25.418,25.418,119,0
2016-12-19,17:00:00,25.367,25.369,25.351,25.351,621,0
2016-12-20,18:00:00,25.128,25.35,25.128,25.35,1464,0
2016-12-20,19:00:00,25.356,25.356,25.356,25.356,310,0
2016-12-21,17:00:00,25.359,25.359,25.304,25.35,419,0
2016-12-21,18:00:00,25.379,25.379,25.379,25.379,517,0
2016-12-22,17:00:00,25.185,25.19,25.185,25.19,310,0
2016-12-22,19:00:00,25.185,25.85,25.185,25.85,639,0
2016-12-22,21:00:00,25.26,25.26,25.26,25.26,207,0
2016-12-22,22:00:00,25.26,25.26,25.185,25.185,310,0
2016-12-23,19:00:00,25.321,25.321,25.321,25.321,1655,0
2016-12-23,22:00:00,25.321,25.321,25.273,25.273,414,0
2016-12-27,17:00:00,25.542,25.542,25.515,25.515,836,0
2016-12-27,18:00:00,25.505,25.505,25.505,25.505,103,0
2016-12-27,21:00:00,25.466,25.466,25.418,25.418,308,0
2016-12-27,22:00:00,25.495,25.495,25.291,25.291,308,0
2016-12-28,17:00:00,25.602,25.602,25.602,25.602,103,0
2016-12-28,19:00:00,25.515,25.515,25.515,25.515,193,0
2016-12-28,20:00:00,25.495,25.495,25.495,25.495,103,0
2016-12-29,18:00:00,25.836,25.836,25.836,25.836,205,0
2016-12-30,16:00:00,25.884,26.156,25.854,26.147,1026,0
2016-12-30,17:00:00,26.147,26.741,26.147,26.741,924,0
2016-12-30,18:00:00,26.848,26.848,25.767,25.767,2544,0
2016-12-30,19:00:00,25.441,25.441,25.441,25.441,183,0
2016-12-30,22:00:00,25.631,25.854,25.631,25.811,6804,0
2017-01-03,18:00:00,26.955,27.004,26.887,27.004,1310,0
2017-01-03,19:00:00,25.672,25.672,25.672,25.672,129,0
2017-01-03,22:00:00,26.839,26.839,25.806,25.854,1042,0
2017-01-04,17:00:00,27.108,27.108,27.108,27.108,185,0
2017-01-04,22:00:00,26.204,26.204,26.204,26.204,516,0
2017-01-05,18:00:00,26.208,26.208,26.208,26.208,380,0
2017-01-06,17:00:00,26.537,26.537,26.537,26.537,103,0
2017-01-06,22:00:00,26.147,26.147,26.147,26.147,103,0
2017-01-09,16:00:00,26.138,26.138,26.138,26.138,171,0
2017-01-09,17:00:00,26.156,26.156,26.156,26.156,205,0
2017-01-09,18:00:00,26.098,26.098,26.098,26.098,103,0
2017-01-09,21:00:00,26.235,26.264,26.196,26.264,1951,0
2017-01-10,16:00:00,26.391,26.391,26.138,26.138,205,0
2017-01-10,17:00:00,26.138,26.508,26.138,26.488,606,0
2017-01-10,18:00:00,26.138,26.138,26.138,26.138,205,0
2017-01-10,21:00:00,26.86,26.86,26.86,26.86,272,0
2017-01-11,18:00:00,26.284,26.284,26.049,26.049,227,0
2017-01-11,22:00:00,26.361,26.361,26.361,26.361,378,0
2017-01-12,17:00:00,26.663,26.663,26.663,26.663,103,0
2017-01-12,18:00:00,26.303,26.303,26.303,26.303,103,0
2017-01-12,19:00:00,26.293,26.313,26.293,26.313,308,0
2017-01-12,20:00:00,26.341,26.341,26.341,26.341,909,0
2017-01-12,21:00:00,26.439,26.439,26.413,26.413,411,0
2017-01-12,22:00:00,26.341,26.76,26.341,26.735,1143,0
2017-01-13,16:00:00,26.702,26.702,26.702,26.702,103,0
2017-01-13,17:00:00,26.673,26.693,26.673,26.693,205,0
2017-01-13,19:00:00,26.975,27.531,26.488,26.488,308,0
2017-01-13,20:00:00,26.488,26.488,26.452,26.488,513,0
2017-01-13,21:00:00,27.656,27.656,27.656,27.656,408,0
2017-01-13,22:00:00,27.666,27.666,26.313,26.313,450,0
2017-01-17,16:00:00,26.625,26.625,26.625,26.625,113,0
2017-01-17,17:00:00,26.508,26.508,26.508,26.508,103,0
2017-01-17,21:00:00,26.508,26.508,26.508,26.508,513,0
2017-01-18,16:00:00,26.595,26.595,26.595,26.595,103,0
2017-01-18,17:00:00,26.585,26.585,26.585,26.585,1026,0
2017-01-18,22:00:00,26.488,26.488,26.488,26.488,174,0
2017-01-19,19:00:00,26.313,26.333,26.313,26.333,411,0
2017-01-20,21:00:00,26.478,26.478,26.478,26.478,195,0
2017-01-23,17:00:00,26.751,26.751,26.709,26.709,327,0
2017-01-23,22:00:00,26.81,26.81,26.81,26.81,103,0
2017-01-24,16:00:00,27.004,27.004,27.004,27.004,103,0
2017-01-24,17:00:00,27.004,27.004,26.995,27.004,308,0
2017-01-24,18:00:00,27.004,27.024,26.995,27.024,353,0
2017-01-24,19:00:00,27.043,27.043,27.043,27.043,103,0
2017-01-24,20:00:00,27.034,27.072,27.034,27.072,205,0
2017-01-24,21:00:00,27.072,27.072,27.072,27.072,205,0
2017-01-24,22:00:00,27.092,27.092,27.072,27.072,308,0
2017-01-25,17:00:00,27.091,27.091,27.091,27.091,103,0
2017-01-25,18:00:00,27.141,27.141,27.141,27.141,181,0
2017-01-26,16:00:00,27.491,27.491,27.18,27.18,1026,0
2017-01-26,17:00:00,27.15,27.15,27.15,27.15,667,0
2017-01-26,20:00:00,27.131,27.131,27.131,27.131,2054,0
2017-01-27,22:00:00,27.082,27.087,27.082,27.082,488,0
2017-01-30,17:00:00,26.807,26.807,26.807,26.807,151,0
2017-01-30,20:00:00,26.765,26.765,26.765,26.765,126,0
2017-01-30,21:00:00,26.917,26.917,26.907,26.907,411,0
2017-01-30,22:00:00,26.897,26.917,26.897,26.917,411,0
2017-01-31,19:00:00,27.034,27.034,27.034,27.034,1417,0
2017-02-02,22:00:00,27.277,27.277,27.277,27.277,148,0
2017-02-03,16:00:00,27.326,27.326,27.326,27.326,103,0
2017-02-03,17:00:00,27.617,27.617,27.617,27.617,10,0
2017-02-03,18:00:00,27.675,27.675,27.675,27.675,162,0
2017-02-03,19:00:00,27.685,27.685,27.374,27.685,449,0
2017-02-03,20:00:00,27.552,27.637,27.552,27.637,44,0
2017-02-03,21:00:00,27.637,27.637,27.637,27.637,24,0
2017-02-03,22:00:00,27.365,27.685,27.365,27.685,10,0
2017-02-06,18:00:00,27.501,27.501,27.501,27.501,103,0
2017-02-06,20:00:00,27.433,27.433,27.379,27.379,205,0
2017-02-07,16:00:00,27.472,27.472,27.472,27.472,103,0
2017-02-07,17:00:00,27.452,27.462,27.433,27.452,616,0
2017-02-07,18:00:00,27.452,27.452,27.452,27.452,411,0
2017-02-07,19:00:00,27.462,27.462,27.442,27.442,411,0
2017-02-07,20:00:00,27.424,27.452,27.424,27.452,616,0
2017-02-07,21:00:00,27.433,27.442,27.433,27.442,821,0
2017-02-07,22:00:00,27.442,27.442,27.442,27.442,424,0
2017-02-08,17:00:00,27.51,27.51,27.51,27.51,361,0
2017-02-09,17:00:00,27.695,27.695,27.695,27.695,212,0
2017-02-10,17:00:00,27.734,27.753,27.734,27.753,629,0
2017-02-13,17:00:00,27.939,27.939,27.929,27.929,441,0
2017-02-14,18:00:00,27.948,27.948,27.948,27.948,103,0
2017-02-14,21:00:00,28.148,28.148,28.095,28.095,308,0
2017-02-14,22:00:00,28.221,28.221,28.221,28.221,305,0
2017-02-15,16:00:00,28.212,28.212,28.212,28.212,205,0
2017-02-15,21:00:00,28.377,28.377,28.377,28.377,613,0
2017-02-17,21:00:00,27.948,28.201,27.948,28.201,1331,0
2017-02-21,17:00:00,28.241,28.426,28.241,28.426,423,0
2017-02-21,19:00:00,28.387,28.387,28.387,28.387,141,0
2017-02-21,21:00:00,28.397,28.397,28.397,28.397,718,0
2017-02-22,17:00:00,28.494,28.494,28.494,28.494,128,0
2017-02-22,19:00:00,28.436,28.484,28.436,28.484,296,0
2017-02-23,16:00:00,28.816,28.816,28.674,28.674,411,0
2017-02-23,17:00:00,28.671,28.708,28.659,28.659,616,0
2017-02-23,18:00:00,28.699,28.699,28.626,28.626,513,0
2017-02-23,19:00:00,28.626,28.626,28.623,28.626,411,0
2017-02-23,20:00:00,28.621,28.621,28.621,28.621,488,0
2017-02-23,22:00:00,28.767,28.767,28.582,28.582,616,0
2017-02-24,16:00:00,28.484,28.484,28.484,28.484,821,0
2017-02-27,19:00:00,28.343,28.343,28.343,28.343,103,0
2017-02-28,16:00:00,28.406,28.406,28.406,28.406,103,0
2017-02-28,19:00:00,28.231,28.231,28.231,28.231,103,0
2017-02-28,21:00:00,28.239,28.239,28.239,28.239,103,0
2017-02-28,22:00:00,28.212,28.212,28.212,28.212,103,0
2017-03-01,17:00:00,28.457,28.457,28.432,28.432,233,0
2017-03-01,19:00:00,28.339,28.339,28.339,28.339,175,0
2017-03-02,18:00:00,28.339,28.347,28.339,28.347,302,0
2017-03-03,17:00:00,28.343,28.343,28.343,28.343,205,0
2017-03-03,18:00:00,28.343,28.347,28.343,28.343,574,0
2017-03-03,20:00:00,28.339,28.339,28.339,28.339,411,0
2017-03-06,22:00:00,28.406,28.406,28.406,28.406,103,0
2017-03-07,16:00:00,28.474,28.474,28.455,28.455,205,0
2017-03-07,17:00:00,28.426,28.446,28.39,28.446,984,0
2017-03-07,18:00:00,28.446,28.446,28.416,28.416,411,0
2017-03-07,19:00:00,28.446,28.524,28.416,28.464,2460,0
2017-03-07,20:00:00,28.414,28.436,28.414,28.426,553,0
2017-03-07,21:00:00,28.406,28.416,28.28,28.28,821,0
2017-03-07,22:00:00,28.446,28.446,28.446,28.446,205,0
2017-03-08,22:00:00,28.055,28.124,28.055,28.124,1832,0
2017-03-09,21:00:00,27.417,27.417,27.417,27.417,559,0
2017-03-10,16:00:00,27.859,27.859,27.859,27.859,103,0
2017-03-10,20:00:00,27.919,27.959,27.919,27.959,485,0
2017-03-10,21:00:00,27.948,27.948,27.948,27.948,349,0
2017-03-10,22:00:00,27.9,27.9,27.9,27.9,205,0
2017-03-13,16:00:00,28.221,28.221,28.221,28.221,144,0
2017-03-13,21:00:00,28.221,28.387,28.221,28.221,616,0
2017-03-14,16:00:00,28.117,28.153,28.114,28.153,694,0
2017-03-14,21:00:00,28.045,28.319,28.045,28.319,3517,0
2017-03-15,16:00:00,28.426,28.514,28.426,28.514,727,0
2017-03-15,17:00:00,28.524,28.533,28.524,28.533,616,0
2017-03-15,18:00:00,28.46,28.562,28.46,28.504,821,0
2017-03-15,19:00:00,28.533,28.533,28.533,28.533,616,0
2017-03-15,20:00:00,28.796,28.951,28.796,28.951,718,0
2017-03-15,21:00:00,28.991,29.03,28.991,29.03,567,0
2017-03-16,15:00:00,29.235,29.235,29.215,29.215,718,0
2017-03-16,16:00:00,29.276,29.276,29.186,29.273,4321,0
2017-03-16,17:00:00,29.273,29.303,29.263,29.263,1130,0
2017-03-16,18:00:00,29.263,29.303,29.263,29.303,981,0
2017-03-16,19:00:00,29.303,29.317,29.303,29.317,821,0
2017-03-17,15:00:00,29.235,29.235,29.235,29.235,1592,0
2017-03-17,16:00:00,29.245,29.245,29.245,29.245,205,0
2017-03-17,17:00:00,29.245,29.245,29.235,29.24,308,0
2017-03-17,21:00:00,29.098,29.098,29.098,29.098,103,0
2017-03-21,19:00:00,29.069,29.108,29.069,29.108,1248,0
2017-03-21,20:00:00,28.918,28.918,28.918,28.918,103,0
2017-03-21,21:00:00,29.03,29.035,29.02,29.02,1233,0
2017-03-22,15:00:00,29.02,29.02,29.02,29.02,2583,0
2017-03-22,16:00:00,28.954,28.954,28.954,28.954,140,0
2017-03-23,15:00:00,29.205,29.205,29.205,29.205,103,0
2017-03-23,16:00:00,29.195,29.205,29.195,29.205,821,0
2017-03-23,17:00:00,29.741,29.741,29.653,29.653,205,0
2017-03-23,18:00:00,29.604,29.604,29.4,29.4,205,0
2017-03-23,21:00:00,29.342,29.342,29.342,29.342,339,0
2017-03-24,16:00:00,29.239,29.239,29.237,29.237,333,0
2017-03-24,18:00:00,29.303,29.303,29.303,29.303,110,0
2017-03-24,19:00:00,29.03,29.03,29.03,29.03,103,0
2017-03-24,21:00:00,29.235,29.235,29.235,29.235,110,0
2017-03-27,16:00:00,29.078,29.078,28.582,28.582,205,0
2017-03-28,21:00:00,29.18,29.706,28.907,29.102,6796,0
2017-03-28,22:00:00,28.907,29.112,28.907,28.927,616,0
2017-03-29,16:00:00,28.975,28.975,28.975,28.975,175,0
2017-03-29,17:00:00,29.657,29.657,29.657,29.657,164,0
2017-03-30,16:00:00,29.01,29.01,29.01,29.01,103,0
2017-03-30,17:00:00,29.066,29.082,28.751,29.012,1208,0
2017-03-30,18:00:00,28.858,28.858,28.858,28.858,308,0
2017-03-30,20:00:00,28.785,28.785,28.785,28.785,103,0
2017-03-30,22:00:00,28.78,28.78,28.78,28.78,205,0
2017-03-31,18:00:00,28.635,28.635,28.635,28.635,103,0
2017-03-31,19:00:00,28.498,28.498,28.498,28.498,205,0
2017-03-31,20:00:00,28.81,28.81,28.81,28.81,103,0
2017-04-03,16:00:00,28.78,28.78,28.78,28.78,103,0
2017-04-03,17:00:00,28.742,28.81,28.742,28.81,1026,0
2017-04-03,18:00:00,28.761,28.765,28.566,28.566,376,0
2017-04-03,19:00:00,28.313,28.313,28.313,28.313,616,0
2017-04-04,16:00:00,28.391,28.401,28.381,28.401,1437,0
2017-04-04,17:00:00,28.778,28.778,28.778,28.778,113,0
2017-04-05,19:00:00,28.653,28.653,28.653,28.653,154,0
2017-04-05,20:00:00,28.874,28.874,28.874,28.874,308,0
2017-04-06,16:00:00,28.343,28.343,28.343,28.343,103,0
2017-04-07,17:00:00,28.343,28.343,28.343,28.343,138,0
2017-04-07,22:00:00,28.449,28.449,28.449,28.449,205,0
2017-04-10,16:00:00,28.343,28.343,28.343,28.343,103,0
2017-04-10,17:00:00,28.378,28.383,28.378,28.383,360,0
2017-04-10,22:00:00,28.343,28.343,28.049,28.049,616,0
2017-04-11,17:00:00,28.449,28.449,28.449,28.449,113,0
2017-04-12,21:00:00,27.914,27.914,27.914,27.914,103,0
2017-04-12,22:00:00,27.914,27.914,27.914,27.914,103,0
2017-04-17,17:00:00,28.574,28.615,28.574,28.615,314,0
2017-04-18,17:00:00,28.518,28.518,28.518,28.518,364,0
2017-04-18,19:00:00,28.351,28.351,28.343,28.343,205,0
2017-04-19,17:00:00,28.566,28.566,28.566,28.566,198,0
2017-04-19,18:00:00,28.522,28.522,28.522,28.522,143,0
2017-04-19,19:00:00,28.293,28.371,28.293,28.371,205,0
2017-04-20,17:00:00,28.524,28.524,28.524,28.524,120,0
2017-04-20,19:00:00,28.43,28.43,28.43,28.43,103,0
2017-04-20,20:00:00,28.516,28.516,28.516,28.516,103,0
2017-04-20,22:00:00,28.732,29.794,28.147,29.794,1555,0
2017-04-21,20:00:00,28.41,28.41,28.41,28.41,103,0
2017-04-24,16:00:00,28.957,28.957,28.957,28.957,103,0
2017-04-24,17:00:00,29.063,29.063,28.947,28.947,658,0
2017-04-24,18:00:00,29.05,29.05,28.987,28.987,718,0
2017-04-24,21:00:00,29.034,29.034,29.034,29.034,205,0
2017-04-25,20:00:00,29.102,29.102,29.102,29.102,103,0
2017-04-26,16:00:00,29.132,29.132,29.132,29.132,103,0
2017-04-26,22:00:00,29.209,29.209,29.209,29.209,103,0
2017-04-27,16:00:00,29.209,29.209,29.18,29.18,308,0
2017-04-27,17:00:00,29.199,29.199,29.18,29.18,513,0
2017-04-28,22:00:00,29.141,29.239,29.141,29.199,7082,0
2017-05-01,16:00:00,29.326,29.326,29.132,29.132,616,0
2017-05-01,17:00:00,29.132,29.132,29.132,29.132,616,0
2017-05-01,20:00:00,29.19,29.19,29.19,29.19,411,0
2017-05-01,22:00:00,29.363,29.363,29.363,29.363,110,0
2017-05-02,17:00:00,29.559,29.559,29.559,29.559,136,0
2017-05-02,18:00:00,29.534,29.534,29.482,29.482,243,0
2017-05-02,20:00:00,29.525,29.525,29.525,29.525,205,0
2017-05-02,22:00:00,29.511,29.511,29.472,29.472,205,0
2017-05-03,16:00:00,29.326,29.326,29.326,29.326,718,0
2017-05-03,19:00:00,29.336,29.384,29.336,29.384,308,0
2017-05-03,21:00:00,29.409,29.409,29.409,29.409,103,0
2017-05-04,18:00:00,28.975,29.102,28.975,29.102,205,0
2017-05-05,21:00:00,28.98,28.98,28.98,28.98,821,0
2017-05-08,16:00:00,29.219,29.434,29.219,29.424,2069,0
2017-05-08,17:00:00,29.424,29.424,29.392,29.421,682,0
2017-05-08,18:00:00,29.395,29.395,29.395,29.395,513,0
2017-05-08,22:00:00,29.166,29.166,29.166,29.166,220,0
2017-05-09,18:00:00,29.495,29.589,29.495,29.531,343,0
2017-05-09,19:00:00,29.569,29.569,29.569,29.569,205,0
2017-05-09,21:00:00,29.521,29.521,29.521,29.521,103,0
2017-05-09,22:00:00,29.531,29.555,29.511,29.511,1539,0
2017-05-10,17:00:00,29.794,29.794,29.205,29.742,495,0
2017-05-10,20:00:00,29.716,29.852,29.667,29.779,1334,0
2017-05-10,22:00:00,29.881,29.881,29.881,29.881,244,0
2017-05-11,17:00:00,29.794,29.794,29.521,29.521,1127,0
2017-05-11,18:00:00,29.521,29.521,29.521,29.521,308,0
2017-05-11,22:00:00,29.482,29.482,29.482,29.482,170,0
2017-05-12,17:00:00,29.657,29.657,29.657,29.657,205,0
2017-05-12,18:00:00,29.541,29.541,29.521,29.531,461,0
2017-05-15,17:00:00,30.102,30.102,29.589,29.589,457,0
2017-05-15,19:00:00,30.183,30.183,30.183,30.183,175,0
2017-05-16,18:00:00,30.11,30.11,29.998,29.998,205,0
2017-05-16,21:00:00,30.106,30.106,30.106,30.106,185,0
2017-05-17,17:00:00,29.881,30.047,29.881,30.047,205,0
2017-05-17,21:00:00,29.764,29.764,29.764,29.764,103,0
2017-05-18,16:00:00,29.482,29.482,29.482,29.482,360,0
2017-05-19,21:00:00,29.833,29.833,29.619,29.833,816,0
2017-05-22,17:00:00,29.579,29.579,29.579,29.579,103,0
2017-05-22,19:00:00,29.18,29.18,29.18,29.18,103,0
2017-05-23,17:00:00,29.307,29.307,29.307,29.307,103,0
2017-05-24,21:00:00,29.696,29.696,29.696,29.696,103,0
2017-05-25,16:00:00,29.521,29.521,29.521,29.521,103,0
2017-05-25,17:00:00,29.95,29.95,29.95,29.95,103,0
2017-05-25,18:00:00,30.028,30.028,30.028,30.028,103,0
2017-05-25,19:00:00,29.911,29.911,29.911,29.911,205,0
2017-05-25,22:00:00,29.901,29.901,29.901,29.901,308,0
2017-05-26,16:00:00,29.716,29.716,29.716,29.716,308,0
2017-05-26,17:00:00,29.716,29.767,29.716,29.716,616,0
2017-05-26,19:00:00,29.716,29.716,29.716,29.716,205,0
2017-05-26,21:00:00,29.721,29.721,29.721,29.721,103,0
2017-05-30,20:00:00,29.813,29.813,29.813,29.813,308,0
2017-05-30,21:00:00,29.823,29.823,29.764,29.764,205,0
2017-05-30,22:00:00,29.764,29.764,29.764,29.764,103,0
2017-05-31,16:00:00,29.784,29.784,29.774,29.774,205,0
2017-05-31,17:00:00,29.764,29.764,29.589,29.706,1226,0
2017-05-31,18:00:00,29.716,29.716,29.716,29.716,308,0
2017-06-01,21:00:00,29.209,29.209,29.18,29.18,565,0
2017-06-02,17:00:00,29.593,29.593,29.593,29.593,120,0
2017-06-02,20:00:00,29.466,29.466,29.466,29.466,513,0
2017-06-02,22:00:00,29.589,29.589,29.589,29.589,103,0
2017-06-05,17:00:00,29.619,29.619,29.619,29.619,103,0
2017-06-05,19:00:00,29.86,29.86,29.86,29.86,513,0
2017-06-06,16:00:00,29.901,29.901,29.901,29.901,180,0
2017-06-07,20:00:00,29.589,29.589,29.541,29.55,4414,0
2017-06-07,21:00:00,29.579,29.579,29.579,29.579,1539,0
2017-06-09,17:00:00,29.667,29.667,29.667,29.667,205,0
2017-06-12,19:00:00,29.482,29.482,29.482,29.482,2566,0
2017-06-12,20:00:00,29.501,29.521,29.501,29.521,2566,0
2017-06-12,22:00:00,29.355,29.355,29.355,29.355,103,0
2017-06-13,17:00:00,29.803,29.803,29.628,29.628,210,0
2017-06-14,17:00:00,29.861,29.861,29.861,29.861,174,0
2017-06-15,17:00:00,29.044,29.355,29.044,29.355,513,0
2017-06-19,17:00:00,29.648,29.648,29.501,29.501,323,0
2017-06-20,21:00:00,29.034,29.034,28.888,28.888,817,0
2017-06-20,22:00:00,29.075,29.075,29.075,29.075,103,0
2017-06-21,17:00:00,29.424,29.424,29.414,29.414,709,0
2017-06-21,18:00:00,29.424,29.424,29.424,29.424,257,0
2017-06-21,22:00:00,28.78,28.78,28.78,28.78,411,0
2017-06-22,21:00:00,29.404,29.404,29.404,29.404,103,0
2017-06-22,22:00:00,29.132,29.132,28.985,28.985,308,0
2017-06-23,17:00:00,29.239,29.239,29.239,29.239,103,0
2017-06-26,17:00:00,29.569,29.569,29.526,29.526,318,0
2017-06-26,18:00:00,29.648,29.648,29.648,29.648,103,0
2017-06-26,21:00:00,29.521,29.657,29.521,29.657,205,0
2017-06-27,18:00:00,29.456,29.456,29.456,29.456,101,0
2017-06-27,20:00:00,29.456,29.456,29.456,29.456,170,0
2017-06-29,17:00:00,29.466,29.466,29.466,29.466,101,0
2017-06-29,18:00:00,29.407,29.407,29.258,29.258,404,0
2017-06-30,17:00:00,29.367,29.367,29.169,29.169,202,0
2017-06-30,22:00:00,29.664,29.684,29.565,29.565,303,0
2017-07-03,17:00:00,29.704,29.704,29.704,29.704,101,0
2017-07-03,19:00:00,29.704,29.704,29.258,29.258,2323,0
2017-07-03,20:00:00,29.258,29.258,29.258,29.258,0,0
2017-07-05,16:00:00,29.179,29.506,29.179,29.456,306,0
2017-07-05,17:00:00,29.456,29.476,29.417,29.427,724,0
2017-07-05,22:00:00,29.585,29.585,29.585,29.585,101,0
2017-07-06,17:00:00,29.526,29.526,29.526,29.526,101,0
2017-07-07,18:00:00,29.536,29.536,29.536,29.536,101,0
2017-07-10,17:00:00,29.852,29.93,29.852,29.93,269,0
2017-07-10,18:00:00,29.862,29.862,29.862,29.862,202,0
2017-07-10,20:00:00,29.862,29.862,29.862,29.862,101,0
2017-07-11,17:00:00,29.902,30.021,29.902,30.021,525,0
2017-07-17,22:00:00,30.813,30.813,30.813,30.813,202,0
2017-07-18,17:00:00,31.336,31.336,31.336,31.336,101,0
2017-07-19,17:00:00,31.615,31.615,31.615,31.615,404,0
2017-07-19,19:00:00,31.526,31.585,31.526,31.585,202,0
2017-07-20,17:00:00,31.585,31.585,31.585,31.585,202,0
2017-07-21,19:00:00,31.538,31.538,31.538,31.538,101,0
2017-07-26,17:00:00,31.556,31.556,31.556,31.556,261,0
2017-07-26,20:00:00,31.472,31.472,31.472,31.472,174,0
2017-07-26,21:00:00,31.565,31.565,31.565,31.565,505,0
2017-07-27,22:00:00,31.684,31.783,31.684,31.783,303,0
2017-07-28,22:00:00,31.585,31.734,31.514,31.514,606,0
2017-07-31,22:00:00,31.954,31.954,31.914,31.914,783,0
2017-08-01,18:00:00,31.819,31.819,31.819,31.819,104,0
2017-08-01,21:00:00,31.961,32.1,31.961,32.026,6237,0
2017-08-01,22:00:00,31.912,32.007,31.808,31.818,2121,0
2017-08-03,17:00:00,31.942,31.942,31.942,31.942,157,0
2017-08-03,22:00:00,31.754,31.763,31.754,31.763,404,0
2017-08-04,16:00:00,32.001,32.001,32.001,32.001,101,0
2017-08-04,17:00:00,32.1,32.1,32.1,32.1,145,0
2017-08-07,18:00:00,31.921,31.921,31.921,31.921,120,0
2017-08-07,21:00:00,31.934,31.934,31.934,31.934,111,0
2017-08-08,18:00:00,32.412,32.412,32.412,32.412,303,0
2017-08-08,19:00:00,32.415,32.415,32.415,32.415,101,0
2017-08-11,16:00:00,30.981,30.981,30.981,30.981,252,0
2017-08-11,17:00:00,31.476,31.536,31.476,31.536,303,0
2017-08-11,18:00:00,31.546,31.546,31.546,31.546,167,0
2017-08-11,21:00:00,31.659,31.659,31.659,31.659,101,0
2017-08-11,22:00:00,31.684,31.709,31.674,31.674,3434,0
2017-08-14,22:00:00,31.991,32.016,31.991,31.991,1717,0
2017-08-15,16:00:00,31.694,31.694,31.694,31.694,505,0
2017-08-15,22:00:00,31.882,31.882,31.882,31.882,101,0
2017-08-16,16:00:00,32.169,32.169,32.169,32.169,101,0
2017-08-16,19:00:00,32.261,32.261,32.261,32.261,126,0
2017-08-16,20:00:00,32.298,32.298,32.298,32.298,221,0
2017-08-16,21:00:00,32.268,32.268,32.268,32.268,101,0
2017-08-16,22:00:00,32.377,32.377,32.258,32.263,2790,0
2017-08-17,17:00:00,32.219,32.219,32.087,32.087,656,0
2017-08-17,22:00:00,32.09,32.09,31.925,31.925,808,0
2017-08-18,18:00:00,31.7,31.7,31.7,31.7,505,0
2017-08-21,17:00:00,32.407,32.407,32.407,32.407,101,0
2017-08-21,19:00:00,32.427,32.427,32.268,32.268,798,0
2017-08-22,22:00:00,32.377,32.65,32.377,32.521,1924,0
2017-08-23,16:00:00,32.159,32.184,32.159,32.184,359,0
2017-08-24,20:00:00,32.922,32.922,32.922,32.922,505,0
2017-08-24,22:00:00,32.674,32.922,32.674,32.922,419,0
2017-08-25,16:00:00,33.268,33.268,32.922,32.922,341,0
2017-08-25,17:00:00,32.922,33.239,32.922,33.239,485,0
2017-08-25,18:00:00,33.063,33.063,33.063,33.063,121,0
2017-08-25,19:00:00,33.14,33.14,33.105,33.105,245,0
2017-08-25,22:00:00,33.1,33.1,33.1,33.1,202,0
2017-08-28,16:00:00,33.318,33.318,33.318,33.318,101,0
2017-08-28,17:00:00,33.306,33.306,33.306,33.306,122,0
2017-08-28,18:00:00,33.387,33.387,33.387,33.387,101,0
2017-08-28,22:00:00,33.268,33.268,33.268,33.268,101,0
2017-08-29,16:00:00,33.249,34.585,33.043,33.043,404,0
2017-08-29,17:00:00,33.149,33.149,33.149,33.149,101,0
2017-08-29,18:00:00,33.133,33.284,33.133,33.284,338,0
2017-08-30,19:00:00,33.433,33.433,33.367,33.367,980,0
2017-08-30,22:00:00,33.16,33.16,33.16,33.16,854,0
2017-08-31,18:00:00,33.628,33.645,33.417,33.645,505,0
2017-08-31,21:00:00,33.625,33.625,33.625,33.625,101,0
2017-09-01,19:00:00,33.926,33.926,33.926,33.926,101,0
2017-09-01,20:00:00,33.949,33.949,33.949,33.949,119,0
2017-09-05,16:00:00,34.011,34.011,33.962,33.962,716,0
2017-09-05,17:00:00,34.007,34.007,34.007,34.007,202,0
2017-09-05,18:00:00,34.021,34.03,34.021,34.03,6254,0
2017-09-05,19:00:00,33.948,33.948,33.948,33.948,147,0
2017-09-05,20:00:00,33.919,33.919,33.919,33.919,202,0
2017-09-05,21:00:00,33.942,33.942,33.942,33.942,146,0
2017-09-05,22:00:00,33.771,34.011,33.771,34.011,404,0
2017-09-06,17:00:00,34.011,34.011,34.011,34.011,101,0
2017-09-06,18:00:00,33.946,34.011,33.946,33.95,1136,0
2017-09-06,19:00:00,33.942,33.942,33.914,33.914,549,0
2017-09-06,20:00:00,34.011,34.011,34.011,34.011,404,0
2017-09-06,21:00:00,34.288,34.288,34.288,34.288,513,0
2017-09-06,22:00:00,34.288,34.288,34.288,34.288,202,0
2017-09-07,17:00:00,34.655,34.655,34.556,34.556,505,0
2017-09-07,18:00:00,34.625,34.625,34.615,34.615,633,0
2017-09-07,20:00:00,34.625,34.641,34.625,34.641,288,0
2017-09-07,21:00:00,34.665,34.665,34.665,34.665,101,0
2017-09-08,16:00:00,34.278,34.278,34.278,34.278,548,0
2017-09-08,17:00:00,34.377,34.377,34.268,34.283,404,0
2017-09-08,18:00:00,34.283,34.367,34.283,34.328,1111,0
2017-09-08,19:00:00,34.348,34.348,34.348,34.348,101,0
2017-09-08,20:00:00,34.259,34.259,34.259,34.259,943,0
2017-09-08,22:00:00,33.949,33.949,33.912,33.912,202,0
2017-09-11,17:00:00,34.377,34.377,34.377,34.377,101,0
2017-09-11,19:00:00,34.237,34.358,34.237,34.358,202,0
2017-09-12,17:00:00,33.872,33.872,33.447,33.536,2727,0
2017-09-12,20:00:00,33.585,33.585,33.516,33.516,3830,0
2017-09-12,21:00:00,33.725,33.725,33.725,33.725,202,0
2017-09-12,22:00:00,33.892,33.892,33.516,33.645,17478,0
2017-09-13,16:00:00,33.734,33.783,33.65,33.674,1212,0
2017-09-13,17:00:00,33.556,33.556,33.516,33.551,1406,0
2017-09-13,18:00:00,33.546,33.645,33.546,33.625,909,0
2017-09-13,19:00:00,33.575,33.575,33.575,33.575,101,0
2017-09-13,21:00:00,33.585,33.754,33.585,33.754,4830,0
2017-09-13,22:00:00,33.729,33.729,33.565,33.565,1321,0
2017-09-14,16:00:00,33.437,33.437,33.051,33.051,1213,0
2017-09-14,22:00:00,33.757,33.757,33.757,33.757,202,0
2017-09-15,16:00:00,34.546,35.932,34.011,34.041,1111,0
2017-09-15,17:00:00,34.377,34.377,34.329,34.329,202,0
2017-09-15,19:00:00,34.338,34.338,34.338,34.338,101,0
2017-09-15,21:00:00,34.349,34.349,34.349,34.349,132,0
2017-09-15,22:00:00,34.365,34.367,34.365,34.367,359,0
2017-09-18,16:00:00,33.843,33.843,33.843,33.843,232,0
2017-09-18,17:00:00,34.16,34.197,34.16,34.197,334,0
2017-09-19,16:00:00,34.219,34.219,34.219,34.219,202,0
2017-09-19,17:00:00,34.278,34.278,34.278,34.278,101,0
2017-09-19,20:00:00,34.239,34.239,34.239,34.239,101,0
2017-09-19,21:00:00,34.288,34.288,34.288,34.288,101,0
2017-09-21,17:00:00,33.952,33.991,33.952,33.991,248,0
2017-09-21,21:00:00,33.808,33.808,33.808,33.808,101,0
2017-09-22,19:00:00,33.733,33.733,33.733,33.733,101,0
2017-09-22,20:00:00,33.853,33.872,33.843,33.843,2864,0
2017-09-22,22:00:00,33.788,33.788,33.664,33.664,625,0
2017-09-25,16:00:00,33.674,33.674,33.664,33.664,1313,0
2017-09-25,18:00:00,33.432,33.432,33.432,33.432,202,0
2017-09-26,16:00:00,32.57,32.78,32.57,32.78,1646,0
2017-09-26,17:00:00,32.78,33.4608,32.78,32.82,545,0
2017-09-26,18:00:00,32.9256,32.9908,32.9256,32.9908,200,0
2017-09-26,19:00:00,32.78,32.78,32.78,32.78,100,0
2017-09-26,22:00:00,32.78,32.78,32.78,32.78,100,0
2017-09-27,16:00:00,32.92,33,32.51,32.51,412,0
2017-09-27,17:00:00,32.46,32.46,32.46,32.46,424,0
2017-09-27,21:00:00,32.3055,32.4348,32.3055,32.4348,528,0
2017-09-28,17:00:00,33.25,33.25,33.25,33.25,100,0
2017-09-28,18:00:00,33.33,33.33,33.33,33.33,362,0
2017-09-28,20:00:00,33.18,33.18,33.18,33.18,100,0
2017-09-28,22:00:00,33.17,33.17,33.17,33.17,126,0
2017-09-29,19:00:00,32.6873,32.6873,32.6873,32.6873,111,0
2017-09-29,22:00:00,33.58,33.909,33.58,33.72,572,0
2017-10-02,16:00:00,33.43,33.43,33.43,33.43,102,0
2017-10-02,17:00:00,33.2812,33.2812,33.2812,33.2812,217,0
2017-10-02,21:00:00,33.359,33.359,33.359,33.359,100,0
2017-10-03,17:00:00,33.73,33.7493,33.73,33.7493,267,0
2017-10-04,18:00:00,33.5703,33.5703,33.5703,33.5703,150,0
2017-10-04,20:00:00,33.4001,33.4001,33.4001,33.4001,270,0
2017-10-04,22:00:00,33.4,33.4,33.4,33.4,100,0
2017-10-05,17:00:00,33.7229,33.7229,33.7229,33.7229,401,0
2017-10-05,18:00:00,33.74,33.8,33.74,33.8,393,0
2017-10-06,16:00:00,33.54,33.54,33.54,33.54,901,0
2017-10-09,16:00:00,33.44,33.82,33.44,33.67,1396,0
2017-10-09,17:00:00,33.66,34.2,33.64,34.2,1800,0
2017-10-09,18:00:00,34.19,34.27,34.14,34.27,1700,0
2017-10-09,19:00:00,34.27,34.295,34.17,34.29,1300,0
2017-10-09,20:00:00,34.295,34.34,34.21,34.21,1300,0
2017-10-09,21:00:00,34.335,34.335,33.51,33.64,2311,0
2017-10-09,22:00:00,33.5,33.5,33.3,33.4496,1380,0
2017-10-10,21:00:00,34.3117,34.3117,34.3117,34.3117,300,0
2017-10-11,16:00:00,33.81,33.81,33.81,33.81,200,0
2017-10-11,18:00:00,33.962,33.962,33.962,33.962,100,0
2017-10-11,21:00:00,33.9177,33.9177,33.9177,33.9177,469,0
2017-10-11,22:00:00,33.96,33.96,33.885,33.885,210,0
2017-10-12,19:00:00,33.84,33.85,33.84,33.85,200,0
2017-10-12,22:00:00,33.82,33.82,33.82,33.82,100,0
2017-10-13,17:00:00,33.96,34.2588,33.96,34.2588,251,0
2017-10-13,19:00:00,34.259,34.259,34.259,34.259,100,0
2017-10-13,21:00:00,34.27,34.275,34.27,34.275,1200,0
2017-10-16,17:00:00,34.05,34.05,34.05,34.05,337,0
2017-10-16,19:00:00,34.06,34.06,34.05,34.05,550,0
2017-10-16,20:00:00,33.9501,33.987,33.9501,33.987,961,0
2017-10-17,16:00:00,33.77,33.85,33.77,33.85,2125,0
2017-10-17,17:00:00,33.73,33.73,33.6,33.62,3344,0
2017-10-17,21:00:00,33.45,33.45,33.45,33.45,300,0
2017-10-18,17:00:00,33.4,33.4,33.4,33.4,100,0
2017-10-18,18:00:00,33.4209,33.4209,33.4209,33.4209,100,0
2017-10-19,19:00:00,33.555,33.555,33.555,33.555,200,0
2017-10-19,20:00:00,33.4144,33.4144,33.4144,33.4144,100,0
2017-10-20,20:00:00,33.7582,33.7582,33.675,33.675,380,0
2017-10-23,17:00:00,33.54,33.54,33.54,33.54,100,0
2017-10-23,20:00:00,33.37,33.37,33.2,33.2,300,0
2017-10-23,21:00:00,33.5,33.5,33.5,33.5,200,0
2017-10-23,22:00:00,33.355,33.355,33.355,33.355,330,0
2017-10-25,19:00:00,33.3599,33.3599,33.3599,33.3599,211,0
2017-10-25,21:00:00,33.1888,33.1888,33.1888,33.1888,500,0
2017-10-26,17:00:00,33.1915,33.1915,33.19,33.19,250,0
2017-10-26,22:00:00,33.12,33.12,33.12,33.12,200,0
2017-10-27,18:00:00,33.196,33.196,33.196,33.196,347,0
2017-10-31,15:00:00,32.92,32.92,32.9148,32.9148,412,0
2017-10-31,16:00:00,32.9415,32.9415,32.9415,32.9415,175,0
2017-10-31,20:00:00,33.0896,33.0896,33.0896,33.0896,100,0
2017-11-01,16:00:00,33.75,33.75,33.7499,33.7499,320,0
2017-11-01,18:00:00,33.645,33.645,33.645,33.645,100,0
2017-11-02,15:00:00,33.62,33.62,33.62,33.62,590,0
2017-11-02,17:00:00,33.6196,33.6196,33.6196,33.6196,308,0
2017-11-02,18:00:00,33.65,33.65,33.65,33.65,243,0
2017-11-03,18:00:00,33.32,33.32,33.32,33.32,100,0
2017-11-03,19:00:00,33.0289,33.0289,33.0289,33.0289,908,0
2017-11-03,21:00:00,33.027,33.0327,33.027,33.0327,224,0
2017-11-06,16:00:00,33.18,33.18,33.18,33.18,1212,0
2017-11-06,17:00:00,33.29,33.32,33.29,33.3,1516,0
2017-11-06,19:00:00,33.0401,33.0407,33.0401,33.0407,200,0
2017-11-07,16:00:00,32.92,32.92,32.92,32.92,162,0
2017-11-07,17:00:00,32.79,32.8,32.79,32.8,400,0
2017-11-07,19:00:00,32.505,32.505,32.505,32.505,123,0
2017-11-08,17:00:00,32.9721,32.9721,32.9721,32.9721,339,0
2017-11-09,17:00:00,32.8024,32.8024,32.8024,32.8024,367,0
2017-11-10,16:00:00,32.41,32.41,32.41,32.41,1054,0
2017-11-13,16:00:00,32.01,32.01,32.01,32.01,153,0
2017-11-13,17:00:00,32.1001,32.1001,32.1,32.1,260,0
2017-11-13,19:00:00,32.15,32.15,32.05,32.05,569,0
2017-11-13,20:00:00,32.104,32.104,32.104,32.104,246,0
2017-11-14,21:00:00,32.14,32.1516,32.14,32.1516,710,0
2017-11-14,22:00:00,32.17,32.17,32.17,32.17,353,0
2017-11-15,20:00:00,31.915,31.915,31.691,31.691,800,0
2017-11-16,16:00:00,32.2075,32.2075,32.09,32.09,400,0
2017-11-16,17:00:00,32.5833,32.5833,32.5833,32.5833,198,0
2017-11-16,18:00:00,32.6299,32.6299,32.6299,32.6299,788,0
2017-11-20,16:00:00,32.54,32.54,32.25,32.25,877,0
2017-11-20,19:00:00,32.298,32.298,32.298,32.298,618,0
2017-11-20,21:00:00,32.315,32.32,32.315,32.32,562,0
2017-11-21,20:00:00,32.6601,32.6601,32.6601,32.6601,350,0
2017-11-22,17:00:00,33.2024,33.2024,33.2024,33.2024,121,0
2017-11-24,17:00:00,33.2081,33.2081,33.2081,33.2081,107,0
2017-11-24,20:00:00,33.2081,33.2081,33.2081,33.2081,0,0
2017-11-27,16:00:00,33.17,33.17,33.17,33.17,1316,0
2017-11-28,16:00:00,33.11,33.13,33.11,33.13,200,0
2017-11-28,17:00:00,33.0599,33.0599,33.0599,33.0599,148,0
2017-11-28,20:00:00,33.24,33.24,33.1425,33.1425,200,0
2017-11-28,22:00:00,33.12,33.12,33.1,33.1,1186,0
2017-11-30,16:00:00,32.69,32.69,32.69,32.69,206,0
2017-11-30,17:00:00,32.4168,32.4168,32.4168,32.4168,217,0
2017-11-30,19:00:00,32.81,32.84,32.81,32.84,400,0
2017-11-30,22:00:00,32.7017,32.7017,32.7017,32.7017,155,0
2017-12-01,16:00:00,32.5859,32.5859,32.5859,32.5859,123,0
2017-12-01,17:00:00,32.67,32.69,32.4548,32.4548,345,0
2017-12-04,16:00:00,32.39,32.39,32.39,32.39,100,0
2017-12-04,17:00:00,32.7999,32.7999,32.7999,32.7999,237,0
2017-12-04,19:00:00,32.375,32.375,32.375,32.375,146,0
2017-12-04,22:00:00,32.648,32.648,32.648,32.648,600,0
2017-12-06,16:00:00,32.49,32.51,32.49,32.51,400,0
2017-12-06,18:00:00,32.395,32.4699,32.395,32.4699,1550,0
2017-12-06,19:00:00,32.35,32.35,32.32,32.32,320,0
