Date,Time,Open,High,Low,Close,Volume,OpenInt
2017-04-11,16:00:00,26.705,26.705,26.665,26.695,404,0
2017-04-11,19:00:00,26.645,26.705,26.645,26.705,1011,0
2017-04-11,20:00:00,26.715,26.715,26.715,26.715,100,0
2017-04-12,16:00:00,26.745,26.745,26.705,26.705,1228,0
2017-04-12,17:00:00,26.735,26.745,26.675,26.688,1101,0
2017-04-12,18:00:00,26.715,26.715,26.685,26.685,404,0
2017-04-12,19:00:00,26.685,26.685,26.665,26.665,823,0
2017-04-12,20:00:00,26.675,26.68,26.675,26.675,404,0
2017-04-12,22:00:00,26.665,26.695,26.645,26.695,1311,0
2017-04-13,16:00:00,26.593,26.593,26.593,26.593,504,0
2017-04-13,17:00:00,26.664,26.664,26.664,26.664,202,0
2017-04-13,18:00:00,26.685,26.685,26.685,26.685,299,0
2017-04-13,19:00:00,26.645,26.645,26.645,26.645,287,0
2017-04-13,20:00:00,26.615,26.615,26.615,26.615,100,0
2017-04-13,21:00:00,26.602,26.602,26.602,26.602,706,0
2017-04-13,22:00:00,26.582,26.596,26.557,26.557,726,0
2017-04-17,16:00:00,26.527,26.597,26.527,26.597,675,0
2017-04-17,17:00:00,26.586,26.655,26.586,26.631,2355,0
2017-04-17,18:00:00,26.655,26.655,26.655,26.655,591,0
2017-04-17,19:00:00,26.68,26.68,26.65,26.65,22077,0
2017-04-17,21:00:00,26.681,26.695,26.665,26.695,3045,0
2017-04-17,22:00:00,26.705,26.745,26.705,26.745,202,0
2017-04-18,16:00:00,26.745,26.755,26.715,26.755,984,0
2017-04-18,17:00:00,26.695,26.695,26.675,26.675,202,0
2017-04-18,18:00:00,26.664,26.664,26.664,26.664,100,0
2017-04-18,19:00:00,26.655,26.655,26.655,26.655,252,0
2017-04-18,21:00:00,26.695,26.725,26.695,26.705,1816,0
2017-04-19,17:00:00,26.785,26.785,26.765,26.765,374,0
2017-04-19,18:00:00,26.735,26.739,26.735,26.739,1140,0
2017-04-19,19:00:00,26.685,26.685,26.685,26.685,202,0
2017-04-19,21:00:00,26.685,26.685,26.655,26.655,1326,0
2017-04-19,22:00:00,26.655,26.655,26.655,26.655,202,0
2017-04-20,16:00:00,26.785,26.785,26.685,26.685,1850,0
2017-04-20,17:00:00,26.706,26.745,26.706,26.71,607,0
2017-04-20,18:00:00,26.705,26.765,26.705,26.765,537,0
2017-04-20,19:00:00,26.824,26.843,26.795,26.825,1928,0
2017-04-20,21:00:00,26.824,26.845,26.824,26.845,643,0
2017-04-20,22:00:00,26.839,26.839,26.839,26.839,177,0
2017-04-21,16:00:00,26.883,26.883,26.883,26.883,1219,0
2017-04-21,17:00:00,26.863,26.863,26.844,26.844,1470,0
2017-04-21,18:00:00,26.843,26.843,26.824,26.824,2018,0
2017-04-21,19:00:00,26.833,26.833,26.795,26.795,1983,0
2017-04-21,20:00:00,26.785,26.805,26.765,26.765,555,0
2017-04-21,21:00:00,26.82,26.82,26.82,26.82,376,0
2017-04-21,22:00:00,26.785,26.824,26.785,26.824,901,0
2017-04-24,16:00:00,26.993,27.042,26.983,26.993,7244,0
2017-04-24,17:00:00,26.983,26.993,26.973,26.973,606,0
2017-04-24,18:00:00,26.993,26.998,26.983,26.983,454,0
2017-04-24,19:00:00,26.983,26.983,26.953,26.977,1420,0
2017-04-24,20:00:00,26.973,26.973,26.973,26.973,100,0
2017-04-24,22:00:00,27.003,27.023,27.003,27.023,3480,0
2017-04-25,16:00:00,27.161,27.161,27.111,27.111,784,0
2017-04-25,17:00:00,27.16,27.171,27.151,27.151,1988,0
2017-04-25,18:00:00,27.138,27.191,27.138,27.166,1060,0
2017-04-25,19:00:00,27.171,27.171,27.151,27.152,2200,0
2017-04-25,22:00:00,27.091,27.091,27.091,27.091,5298,0
2017-04-26,16:00:00,27.161,27.191,27.161,27.166,1211,0
2017-04-26,17:00:00,27.161,27.201,27.16,27.16,571,0
2017-04-26,18:00:00,27.241,27.243,27.241,27.243,2018,0
2017-04-26,19:00:00,27.217,27.251,27.217,27.251,53394,0
2017-04-26,20:00:00,27.269,27.279,27.221,27.241,13803,0
2017-04-26,21:00:00,27.231,27.26,27.231,27.241,1976,0
2017-04-26,22:00:00,27.26,27.26,27.131,27.131,19295,0
2017-04-27,16:00:00,27.211,27.211,27.211,27.211,960,0
2017-04-27,17:00:00,27.26,27.26,27.26,27.26,404,0
2017-04-27,19:00:00,27.181,27.227,27.161,27.227,3597,0
2017-04-27,20:00:00,27.241,27.241,27.191,27.215,3195,0
2017-04-27,21:00:00,27.191,27.241,27.191,27.226,2700,0
2017-04-27,22:00:00,27.201,27.201,27.201,27.201,100,0
2017-04-28,18:00:00,27.121,27.131,27.116,27.131,12732,0
2017-04-28,19:00:00,27.131,27.131,27.111,27.111,404,0
2017-04-28,20:00:00,27.121,27.121,27.101,27.101,404,0
2017-04-28,21:00:00,27.121,27.121,27.111,27.111,404,0
2017-04-28,22:00:00,27.141,27.141,27.141,27.141,1010,0
2017-05-01,16:00:00,27.339,27.339,27.111,27.151,4736,0
2017-05-01,17:00:00,27.121,27.121,27.101,27.121,812,0
2017-05-01,18:00:00,27.121,27.151,27.111,27.131,626,0
2017-05-01,19:00:00,27.151,27.151,27.106,27.121,1464,0
2017-05-01,21:00:00,27.181,27.181,27.146,27.146,3597,0
2017-05-01,22:00:00,27.161,27.191,27.121,27.161,2550,0
2017-05-02,16:00:00,27.181,27.181,27.131,27.131,1804,0
2017-05-02,17:00:00,27.13,27.131,27.102,27.131,1698,0
2017-05-02,18:00:00,27.126,27.126,27.12,27.121,1250,0
2017-05-02,19:00:00,27.15,27.15,27.15,27.15,369,0
2017-05-02,20:00:00,27.14,27.14,27.135,27.135,328,0
2017-05-02,21:00:00,27.103,27.103,27.103,27.103,404,0
2017-05-02,22:00:00,27.09,27.131,27.09,27.131,3203,0
2017-05-03,16:00:00,27.141,27.141,27.091,27.091,1048,0
2017-05-03,17:00:00,27.064,27.064,27.064,27.064,177,0
2017-05-03,19:00:00,27.081,27.081,27.041,27.041,202,0
2017-05-03,22:00:00,27.091,27.1,27.072,27.1,808,0
2017-05-04,16:00:00,27.111,27.111,27.111,27.111,504,0
2017-05-04,17:00:00,27.111,27.121,27.108,27.108,2203,0
2017-05-04,18:00:00,27.151,27.151,27.151,27.151,202,0
2017-05-04,19:00:00,27.141,27.141,27.051,27.082,18982,0
2017-05-04,20:00:00,27.122,27.141,27.121,27.141,5046,0
2017-05-04,21:00:00,27.161,27.171,27.146,27.161,2487,0
2017-05-04,22:00:00,27.126,27.181,27.121,27.181,8176,0
2017-05-05,16:00:00,27.369,27.369,27.369,27.369,1599,0
2017-05-05,17:00:00,27.191,27.191,27.156,27.191,2759,0
2017-05-05,18:00:00,27.156,27.191,27.151,27.151,1794,0
2017-05-05,19:00:00,27.167,27.181,27.161,27.161,1918,0
2017-05-05,20:00:00,27.181,27.181,27.141,27.141,808,0
2017-05-05,21:00:00,27.186,27.221,27.17,27.221,2704,0
2017-05-05,22:00:00,27.231,27.269,27.191,27.269,6629,0
2017-05-08,16:00:00,27.289,27.349,27.241,27.241,7433,0
2017-05-08,17:00:00,27.221,27.221,27.191,27.191,352,0
2017-05-08,18:00:00,27.196,27.211,27.173,27.206,1810,0
2017-05-08,19:00:00,27.201,27.231,27.191,27.231,1475,0
2017-05-08,20:00:00,27.231,27.241,27.191,27.211,1412,0
2017-05-08,21:00:00,27.221,27.221,27.206,27.221,1684,0
2017-05-08,22:00:00,27.221,27.221,27.191,27.201,2931,0
2017-05-09,16:00:00,27.339,27.339,27.211,27.221,570,0
2017-05-09,17:00:00,27.221,27.221,27.201,27.201,2901,0
2017-05-09,18:00:00,27.201,27.221,27.191,27.221,10328,0
2017-05-09,19:00:00,27.211,27.211,27.176,27.181,1242,0
2017-05-09,20:00:00,27.181,27.181,27.151,27.171,1776,0
2017-05-09,21:00:00,27.181,27.181,27.161,27.171,606,0
2017-05-09,22:00:00,27.141,27.141,27.141,27.141,504,0
2017-05-10,16:00:00,27.171,27.171,27.171,27.171,454,0
2017-05-10,17:00:00,27.161,27.161,27.131,27.131,706,0
2017-05-10,18:00:00,27.151,27.159,27.131,27.159,4945,0
2017-05-10,19:00:00,27.151,27.171,27.151,27.17,1074,0
2017-05-10,20:00:00,27.171,27.171,27.171,27.171,152,0
2017-05-10,21:00:00,27.181,27.181,27.161,27.161,404,0
2017-05-10,22:00:00,27.151,27.151,27.151,27.151,130,0
2017-05-11,16:00:00,27.033,27.091,27.033,27.081,1472,0
2017-05-11,17:00:00,27.036,27.042,26.983,27.003,3230,0
2017-05-11,18:00:00,27.051,27.071,27.033,27.042,3944,0
2017-05-11,19:00:00,27.061,27.091,27.061,27.091,202,0
2017-05-11,20:00:00,27.081,27.111,27.061,27.111,404,0
2017-05-11,21:00:00,27.101,27.131,27.101,27.121,404,0
2017-05-12,16:00:00,27.26,27.26,27.081,27.081,646,0
2017-05-12,18:00:00,27.056,27.056,27.051,27.051,1342,0
2017-05-12,19:00:00,27.061,27.061,27.061,27.061,202,0
2017-05-12,20:00:00,27.068,27.068,27.068,27.068,100,0
2017-05-15,16:00:00,27.141,27.161,27.111,27.161,966,0
2017-05-15,17:00:00,27.171,27.191,27.151,27.191,1018,0
2017-05-15,18:00:00,27.191,27.201,27.171,27.181,4138,0
2017-05-15,19:00:00,27.181,27.181,27.181,27.181,100,0
2017-05-15,20:00:00,27.181,27.201,27.176,27.201,1110,0
2017-05-15,21:00:00,27.191,27.191,27.171,27.171,404,0
2017-05-16,16:00:00,27.181,27.181,27.181,27.181,446,0
2017-05-16,18:00:00,27.123,27.123,27.123,27.123,1010,0
2017-05-16,19:00:00,27.141,27.141,27.141,27.141,100,0
2017-05-16,21:00:00,27.131,27.131,27.114,27.121,706,0
2017-05-17,16:00:00,26.943,26.943,26.943,26.943,1524,0
2017-05-17,17:00:00,26.975,26.975,26.975,26.975,616,0
2017-05-17,19:00:00,26.973,26.979,26.973,26.979,245,0
2017-05-17,20:00:00,26.975,26.98,26.955,26.955,2775,0
2017-05-17,21:00:00,26.933,26.933,26.883,26.93,3431,0
2017-05-17,22:00:00,26.91,26.922,26.853,26.853,2200,0
2017-05-18,16:00:00,26.862,26.873,26.833,26.833,4642,0
2017-05-18,17:00:00,26.883,26.883,26.883,26.883,302,0
2017-05-18,18:00:00,26.934,26.973,26.917,26.973,1939,0
2017-05-18,20:00:00,26.953,26.953,26.953,26.953,100,0
2017-05-18,21:00:00,26.953,26.953,26.953,26.953,152,0
2017-05-18,22:00:00,26.998,27.023,26.953,26.953,3936,0
2017-05-19,16:00:00,26.973,26.973,26.949,26.973,10091,0
2017-05-19,17:00:00,27.051,27.051,27.031,27.031,606,0
2017-05-19,18:00:00,27.071,27.071,27.071,27.071,100,0
2017-05-19,19:00:00,27.086,27.101,27.082,27.101,1424,0
2017-05-19,20:00:00,27.091,27.091,27.091,27.091,504,0
2017-05-19,22:00:00,27.081,27.081,27.062,27.062,1010,0
2017-05-22,16:00:00,27.161,27.191,27.136,27.16,7176,0
2017-05-22,17:00:00,27.171,27.181,27.141,27.156,4160,0
2017-05-22,18:00:00,27.141,27.191,27.141,27.176,1343,0
2017-05-22,19:00:00,27.171,27.221,27.171,27.191,1713,0
2017-05-22,21:00:00,27.211,27.22,27.17,27.201,808,0
2017-05-22,22:00:00,27.211,27.226,27.201,27.226,2714,0
2017-05-23,16:00:00,27.289,27.289,27.251,27.251,717,0
2017-05-23,17:00:00,27.251,27.251,27.251,27.251,313,0
2017-05-23,18:00:00,27.251,27.289,27.251,27.26,808,0
2017-05-23,19:00:00,27.299,27.299,27.231,27.269,808,0
2017-05-23,20:00:00,27.274,27.289,27.241,27.241,2925,0
2017-05-23,21:00:00,27.265,27.289,27.231,27.269,3346,0
2017-05-23,22:00:00,27.251,27.289,27.251,27.269,5651,0
2017-05-24,16:00:00,27.339,27.339,27.269,27.309,1514,0
2017-05-24,17:00:00,27.319,27.319,27.308,27.319,2624,0
2017-05-24,18:00:00,27.319,27.339,27.299,27.329,808,0
2017-05-24,19:00:00,27.329,27.329,27.299,27.329,2182,0
2017-05-24,20:00:00,27.329,27.329,27.319,27.329,404,0
2017-05-24,21:00:00,27.309,27.349,27.299,27.349,990,0
2017-05-24,22:00:00,27.359,27.369,27.339,27.349,2220,0
2017-05-25,17:00:00,27.399,27.477,27.399,27.477,606,0
2017-05-25,18:00:00,27.517,27.517,27.476,27.497,2724,0
2017-05-25,19:00:00,27.507,27.507,27.497,27.497,1211,0
2017-05-25,20:00:00,27.492,27.517,27.469,27.507,3966,0
2017-05-25,21:00:00,27.504,27.537,27.478,27.512,1943,0
2017-05-25,22:00:00,27.517,27.517,27.517,27.517,404,0
2017-05-26,16:00:00,27.557,27.557,27.507,27.527,813,0
2017-05-26,17:00:00,27.537,27.547,27.527,27.547,504,0
2017-05-26,18:00:00,27.537,27.537,27.522,27.527,1821,0
2017-05-26,19:00:00,27.527,27.547,27.517,27.547,3759,0
2017-05-26,20:00:00,27.536,27.537,27.517,27.527,1752,0
2017-05-26,21:00:00,27.517,27.537,27.497,27.537,968,0
2017-05-26,22:00:00,27.524,27.537,27.487,27.527,6817,0
2017-05-30,16:00:00,27.478,27.507,27.467,27.487,4490,0
2017-05-30,17:00:00,27.447,27.517,27.447,27.517,24876,0
2017-05-30,18:00:00,27.497,27.497,27.469,27.469,202,0
2017-05-30,19:00:00,27.469,27.507,27.469,27.497,9684,0
2017-05-30,20:00:00,27.497,27.516,27.487,27.487,504,0
2017-05-30,21:00:00,27.478,27.517,27.478,27.507,606,0
2017-05-30,22:00:00,27.512,27.537,27.487,27.514,2624,0
2017-05-31,16:00:00,27.577,27.577,27.517,27.517,2935,0
2017-05-31,17:00:00,27.497,27.547,27.497,27.547,656,0
2017-05-31,18:00:00,27.557,27.557,27.527,27.537,1040,0
2017-05-31,19:00:00,27.537,27.547,27.497,27.527,1010,0
2017-05-31,20:00:00,27.517,27.557,27.517,27.537,699,0
2017-05-31,21:00:00,27.527,27.567,27.517,27.537,2826,0
2017-05-31,22:00:00,27.557,27.587,27.526,27.567,5046,0
2017-06-01,16:00:00,27.637,27.637,27.587,27.617,1643,0
2017-06-01,17:00:00,27.627,27.627,27.597,27.597,1090,0
2017-06-01,18:00:00,27.587,27.617,27.587,27.617,1716,0
2017-06-01,19:00:00,27.617,27.667,27.617,27.667,606,0
2017-06-01,20:00:00,27.696,27.696,27.687,27.687,302,0
2017-06-01,21:00:00,27.679,27.705,27.667,27.686,1388,0
2017-06-01,22:00:00,27.667,27.667,27.667,27.667,202,0
2017-06-02,16:00:00,27.765,27.765,27.765,27.765,190,0
2017-06-02,17:00:00,27.765,27.775,27.765,27.775,2018,0
2017-06-02,18:00:00,27.788,27.805,27.772,27.775,9789,0
2017-06-02,22:00:00,27.776,27.805,27.776,27.804,1829,0
2017-06-05,16:00:00,27.993,27.993,27.993,27.993,2939,0
2017-06-05,17:00:00,27.829,27.829,27.815,27.825,415,0
2017-06-05,18:00:00,27.815,27.815,27.775,27.785,2222,0
2017-06-05,19:00:00,27.81,27.81,27.81,27.81,188,0
2017-06-05,20:00:00,27.775,27.805,27.775,27.805,4296,0
2017-06-05,21:00:00,27.805,27.81,27.805,27.81,1513,0
2017-06-05,22:00:00,27.81,27.81,27.795,27.795,2771,0
2017-06-06,16:00:00,27.835,27.835,27.725,27.725,822,0
2017-06-06,17:00:00,27.755,27.755,27.755,27.755,207,0
2017-06-06,18:00:00,27.725,27.725,27.709,27.709,211,0
2017-06-06,19:00:00,27.725,27.725,27.725,27.725,606,0
2017-06-06,20:00:00,27.715,27.715,27.715,27.715,202,0
2017-06-06,21:00:00,27.73,27.73,27.73,27.73,441,0
2017-06-06,22:00:00,27.73,27.73,27.705,27.705,1810,0
2017-06-07,16:00:00,27.775,27.775,27.715,27.735,2130,0
2017-06-07,17:00:00,27.715,27.715,27.715,27.715,100,0
2017-06-07,18:00:00,27.706,27.706,27.698,27.698,232,0
2017-06-07,19:00:00,27.677,27.677,27.677,27.677,354,0
2017-06-07,20:00:00,27.667,27.667,27.667,27.667,100,0
2017-06-07,21:00:00,27.716,27.734,27.716,27.725,544,0
2017-06-07,22:00:00,27.725,27.725,27.725,27.725,404,0
2017-06-08,16:00:00,27.687,27.687,27.687,27.687,1392,0
2017-06-08,17:00:00,27.647,27.647,27.62,27.62,1614,0
2017-06-08,18:00:00,27.677,27.687,27.659,27.687,6395,0
2017-06-08,21:00:00,27.607,27.607,27.607,27.607,152,0
2017-06-08,22:00:00,27.634,27.634,27.634,27.634,302,0
2017-06-09,16:00:00,27.735,27.735,27.667,27.697,843,0
2017-06-09,17:00:00,27.705,27.755,27.705,27.755,1488,0
2017-06-09,18:00:00,27.765,27.765,27.735,27.745,2880,0
2017-06-09,19:00:00,27.735,27.745,27.687,27.735,908,0
2017-06-09,20:00:00,27.725,27.725,27.696,27.696,1580,0
2017-06-09,21:00:00,27.696,27.696,27.577,27.597,1312,0
2017-06-09,22:00:00,27.627,27.627,27.627,27.627,202,0
2017-06-12,16:00:00,27.617,27.617,27.617,27.617,859,0
2017-06-12,18:00:00,27.705,27.705,27.691,27.705,1211,0
2017-06-12,19:00:00,27.687,27.687,27.637,27.685,1527,0
2017-06-12,22:00:00,27.705,27.714,27.667,27.667,2321,0
2017-06-13,16:00:00,27.795,27.795,27.743,27.743,493,0
2017-06-13,17:00:00,27.775,27.815,27.775,27.795,606,0
2017-06-13,18:00:00,27.805,27.825,27.805,27.805,606,0
2017-06-13,19:00:00,27.825,27.845,27.783,27.845,908,0
2017-06-13,20:00:00,27.835,27.835,27.835,27.835,100,0
2017-06-13,21:00:00,27.875,27.875,27.833,27.865,1211,0
2017-06-13,22:00:00,27.845,27.855,27.815,27.815,3330,0
2017-06-14,16:00:00,27.914,27.914,27.865,27.865,3284,0
2017-06-14,17:00:00,27.885,27.885,27.845,27.845,606,0
2017-06-14,19:00:00,27.875,27.905,27.875,27.905,202,0
2017-06-14,20:00:00,27.89,27.905,27.89,27.905,614,0
2017-06-14,21:00:00,27.905,27.905,27.845,27.845,980,0
2017-06-14,22:00:00,27.825,27.885,27.795,27.884,1696,0
2017-06-15,16:00:00,27.805,27.805,27.696,27.696,2184,0
2017-06-15,17:00:00,27.735,27.74,27.73,27.73,706,0
2017-06-15,18:00:00,27.8,27.8,27.8,27.8,100,0
2017-06-15,21:00:00,27.825,27.825,27.825,27.825,252,0
2017-06-15,22:00:00,27.845,27.845,27.815,27.815,1589,0
2017-06-16,16:00:00,27.862,27.862,27.792,27.792,2712,0
2017-06-16,17:00:00,27.762,27.765,27.736,27.736,574,0
2017-06-16,19:00:00,27.828,27.828,27.827,27.827,326,0
2017-06-19,16:00:00,27.991,27.991,27.991,27.991,737,0
2017-06-19,17:00:00,27.961,28.001,27.961,27.981,1362,0
2017-06-19,18:00:00,27.971,27.991,27.971,27.991,290,0
2017-06-19,19:00:00,28.011,28.011,28.011,28.011,100,0
2017-06-19,21:00:00,27.97,27.97,27.97,27.97,201,0
2017-06-19,22:00:00,28.021,28.021,28.021,28.021,1005,0
2017-06-20,16:00:00,28.041,28.041,27.951,27.951,1747,0
2017-06-20,17:00:00,27.961,27.961,27.921,27.961,3404,0
2017-06-20,18:00:00,27.921,27.921,27.921,27.921,151,0
2017-06-20,19:00:00,27.941,27.941,27.872,27.872,8382,0
2017-06-20,20:00:00,27.902,27.931,27.892,27.892,402,0
2017-06-20,21:00:00,27.934,27.934,27.911,27.911,874,0
2017-06-20,22:00:00,27.882,27.882,27.872,27.872,804,0
2017-06-21,16:00:00,27.941,27.941,27.872,27.882,3100,0
2017-06-21,17:00:00,27.842,27.892,27.842,27.874,904,0
2017-06-21,18:00:00,27.862,27.862,27.862,27.862,100,0
2017-06-21,19:00:00,27.832,27.832,27.832,27.832,703,0
2017-06-21,20:00:00,27.793,27.812,27.792,27.792,804,0
2017-06-21,21:00:00,27.832,27.832,27.832,27.832,301,0
2017-06-21,22:00:00,27.802,27.802,27.782,27.782,301,0
2017-06-22,16:00:00,27.842,27.842,27.782,27.822,503,0
2017-06-22,17:00:00,27.812,27.812,27.792,27.792,5073,0
2017-06-22,18:00:00,27.852,27.862,27.822,27.862,1406,0
2017-06-22,19:00:00,27.842,27.842,27.822,27.842,3005,0
2017-06-22,20:00:00,27.832,27.842,27.832,27.842,502,0
2017-06-22,21:00:00,27.842,27.842,27.812,27.832,1366,0
2017-06-22,22:00:00,27.831,27.831,27.792,27.802,703,0
2017-06-23,16:00:00,27.822,27.822,27.822,27.822,452,0
2017-06-23,18:00:00,27.772,27.812,27.772,27.792,1069,0
2017-06-23,19:00:00,27.812,27.822,27.802,27.802,1808,0
2017-06-23,20:00:00,27.812,27.812,27.772,27.772,209,0
2017-06-23,22:00:00,27.762,27.762,27.762,27.762,402,0
2017-06-26,16:00:00,27.911,27.911,27.848,27.862,2414,0
2017-06-26,17:00:00,27.882,27.882,27.818,27.832,2562,0
2017-06-26,18:00:00,27.842,27.842,27.822,27.822,1678,0
2017-06-26,19:00:00,27.852,27.852,27.822,27.822,2518,0
2017-06-26,20:00:00,27.822,27.852,27.822,27.852,1218,0
2017-06-26,21:00:00,27.842,27.842,27.842,27.842,100,0
2017-06-26,22:00:00,27.842,27.842,27.824,27.824,1120,0
2017-06-27,16:00:00,27.931,27.931,27.772,27.772,1578,0
2017-06-27,17:00:00,27.752,27.812,27.752,27.812,1306,0
2017-06-27,18:00:00,27.802,27.812,27.792,27.792,1025,0
2017-06-27,19:00:00,27.802,27.802,27.752,27.752,504,0
2017-06-27,20:00:00,27.702,27.712,27.673,27.673,5606,0
2017-06-27,21:00:00,27.674,27.722,27.674,27.722,553,0
2017-06-27,22:00:00,27.673,27.692,27.643,27.673,2731,0
2017-06-28,17:00:00,27.722,27.722,27.722,27.722,1005,0
2017-06-28,18:00:00,27.782,27.812,27.782,27.792,601,0
2017-06-28,20:00:00,27.806,27.812,27.806,27.812,1316,0
2017-06-28,21:00:00,27.764,27.764,27.764,27.764,502,0
2017-06-28,22:00:00,27.772,27.802,27.762,27.802,603,0
2017-06-29,16:00:00,27.822,27.822,27.643,27.643,1045,0
2017-06-29,17:00:00,27.643,27.643,27.638,27.638,502,0
2017-06-29,18:00:00,27.61,27.61,27.573,27.586,854,0
2017-06-29,19:00:00,27.549,27.573,27.549,27.573,299,0
2017-06-29,20:00:00,27.483,27.483,27.483,27.483,100,0
2017-06-29,21:00:00,27.537,27.537,27.537,27.537,100,0
2017-06-29,22:00:00,27.543,27.573,27.54,27.54,1568,0
2017-06-30,16:00:00,27.613,27.643,27.613,27.643,1005,0
2017-06-30,17:00:00,27.643,27.643,27.553,27.553,9357,0
2017-06-30,19:00:00,27.603,27.603,27.603,27.603,181,0
2017-06-30,20:00:00,27.632,27.632,27.632,27.632,201,0
2017-06-30,21:00:00,27.653,27.653,27.653,27.653,100,0
2017-06-30,22:00:00,27.643,27.683,27.642,27.643,5324,0
2017-07-03,16:00:00,27.673,27.673,27.673,27.673,996,0
2017-07-03,17:00:00,27.754,27.754,27.754,27.754,201,0
2017-07-03,18:00:00,27.772,27.802,27.772,27.802,698,0
2017-07-03,19:00:00,27.692,27.722,27.692,27.722,251,0
2017-07-05,16:00:00,27.812,27.812,27.644,27.663,679,0
2017-07-05,17:00:00,27.652,27.683,27.613,27.683,11985,0
2017-07-05,20:00:00,27.675,27.692,27.675,27.692,1128,0
2017-07-05,22:00:00,27.695,27.695,27.695,27.695,183,0
2017-07-06,16:00:00,27.663,27.663,27.513,27.513,3092,0
2017-07-06,17:00:00,27.483,27.513,27.483,27.513,1246,0
2017-07-06,18:00:00,27.518,27.563,27.513,27.556,2564,0
2017-07-06,21:00:00,27.513,27.513,27.513,27.513,301,0
2017-07-06,22:00:00,27.485,27.485,27.439,27.439,1945,0
2017-07-07,16:00:00,27.493,27.493,27.493,27.493,609,0
2017-07-07,18:00:00,27.563,27.573,27.563,27.573,1155,0
2017-07-07,19:00:00,27.613,27.613,27.613,27.613,100,0
2017-07-07,20:00:00,27.628,27.628,27.593,27.593,402,0
2017-07-07,21:00:00,27.618,27.633,27.591,27.591,1206,0
2017-07-07,22:00:00,27.608,27.608,27.608,27.608,402,0
2017-07-10,16:00:00,27.623,27.623,27.593,27.598,2222,0
2017-07-10,17:00:00,27.603,27.643,27.591,27.605,6216,0
2017-07-10,18:00:00,27.638,27.638,27.638,27.638,1005,0
2017-07-10,19:00:00,27.653,27.653,27.653,27.653,502,0
2017-07-10,20:00:00,27.624,27.624,27.624,27.624,100,0
2017-07-10,21:00:00,27.604,27.604,27.604,27.604,100,0
2017-07-11,16:00:00,27.573,27.581,27.573,27.581,2273,0
2017-07-11,17:00:00,27.578,27.578,27.578,27.578,603,0
2017-07-11,18:00:00,27.573,27.573,27.573,27.573,1518,0
2017-07-11,19:00:00,27.5,27.5,27.474,27.474,1246,0
2017-07-11,21:00:00,27.544,27.573,27.544,27.553,1057,0
2017-07-12,16:00:00,27.593,27.752,27.593,27.728,1085,0
2017-07-12,17:00:00,27.742,27.762,27.716,27.762,904,0
2017-07-12,18:00:00,27.752,27.752,27.728,27.728,603,0
2017-07-12,20:00:00,27.762,27.762,27.762,27.762,504,0
2017-07-12,21:00:00,27.746,27.746,27.746,27.746,100,0
2017-07-13,16:00:00,27.762,27.772,27.757,27.757,2752,0
2017-07-13,17:00:00,27.693,27.693,27.693,27.693,716,0
2017-07-13,21:00:00,27.782,27.782,27.752,27.752,2512,0
2017-07-13,22:00:00,27.752,27.772,27.752,27.772,603,0
2017-07-14,16:00:00,27.862,27.862,27.862,27.862,100,0
2017-07-14,17:00:00,27.817,27.817,27.817,27.817,100,0
2017-07-14,18:00:00,27.812,27.822,27.812,27.822,301,0
2017-07-14,19:00:00,27.827,27.842,27.827,27.842,352,0
2017-07-14,20:00:00,27.844,27.867,27.844,27.867,2110,0
2017-07-14,21:00:00,27.872,27.872,27.872,27.872,100,0
2017-07-14,22:00:00,27.919,27.919,27.919,27.919,100,0
2017-07-17,16:00:00,27.882,27.882,27.882,27.882,963,0
2017-07-17,18:00:00,27.892,27.911,27.882,27.911,502,0
2017-07-17,19:00:00,27.872,27.911,27.872,27.887,1708,0
2017-07-17,20:00:00,27.88,27.911,27.88,27.891,553,0
2017-07-17,21:00:00,27.911,27.911,27.902,27.902,201,0
2017-07-17,22:00:00,27.887,27.887,27.872,27.872,603,0
2017-07-18,16:00:00,27.792,27.817,27.792,27.817,201,0
2017-07-18,17:00:00,27.852,27.852,27.842,27.842,301,0
2017-07-18,18:00:00,27.842,27.881,27.823,27.842,1697,0
2017-07-18,19:00:00,27.882,27.882,27.867,27.867,1224,0
2017-07-18,20:00:00,27.837,27.837,27.837,27.837,100,0
2017-07-18,21:00:00,27.872,27.872,27.852,27.862,2662,0
2017-07-18,22:00:00,27.872,27.882,27.842,27.882,1105,0
2017-07-19,16:00:00,27.882,27.941,27.882,27.931,4179,0
2017-07-19,17:00:00,27.926,27.931,27.926,27.931,603,0
2017-07-19,18:00:00,27.936,27.936,27.936,27.936,402,0
2017-07-19,19:00:00,27.932,27.951,27.931,27.942,2728,0
2017-07-19,20:00:00,27.961,27.961,27.921,27.961,402,0
2017-07-19,21:00:00,27.932,27.981,27.932,27.941,13930,0
2017-07-19,22:00:00,27.981,28.001,27.981,27.982,12274,0
2017-07-20,16:00:00,28.011,28.021,28.001,28.021,402,0
2017-07-20,17:00:00,28.021,28.021,27.991,27.991,1005,0
2017-07-20,18:00:00,28.001,28.001,27.975,27.991,1804,0
2017-07-20,19:00:00,27.971,28.031,27.971,28.031,3404,0
2017-07-20,20:00:00,27.991,28.041,27.991,28.016,1135,0
2017-07-20,21:00:00,28.031,28.041,28.001,28.041,1284,0
2017-07-20,22:00:00,28.016,28.016,27.981,28.001,2913,0
2017-07-21,16:00:00,28.15,28.15,27.981,27.981,931,0
2017-07-21,17:00:00,27.971,27.971,27.971,27.971,100,0
2017-07-21,18:00:00,27.976,27.976,27.976,27.976,1005,0
2017-07-21,19:00:00,27.981,27.981,27.981,27.981,2009,0
2017-07-21,20:00:00,27.961,27.961,27.961,27.961,770,0
2017-07-21,21:00:00,27.963,27.981,27.959,27.981,738,0
2017-07-21,22:00:00,28.021,28.021,28.021,28.021,288,0
2017-07-24,16:00:00,28.031,28.031,27.991,27.991,5568,0
2017-07-24,17:00:00,27.976,27.976,27.911,27.951,4599,0
2017-07-24,18:00:00,27.912,27.961,27.912,27.961,18088,0
2017-07-24,19:00:00,27.921,27.961,27.921,27.936,845,0
2017-07-24,20:00:00,27.928,27.946,27.928,27.946,452,0
2017-07-24,21:00:00,27.981,27.981,27.961,27.961,201,0
2017-07-24,22:00:00,27.951,27.971,27.951,27.971,642,0
2017-07-25,16:00:00,28.021,28.021,28.021,28.021,176,0
2017-07-25,17:00:00,27.985,28.021,27.985,28.001,1252,0
2017-07-25,18:00:00,27.98,28.011,27.98,28.011,1005,0
2017-07-25,19:00:00,28.031,28.031,28.031,28.031,186,0
2017-07-25,20:00:00,28.021,28.026,28.021,28.026,578,0
2017-07-25,21:00:00,28.021,28.021,28.021,28.021,286,0
2017-07-25,22:00:00,28.021,28.021,27.962,27.996,1778,0
2017-07-26,16:00:00,28.041,28.041,28.001,28.001,1618,0
2017-07-26,17:00:00,27.979,28.021,27.979,28.021,1005,0
2017-07-26,18:00:00,28.006,28.006,28.006,28.006,100,0
2017-07-26,20:00:00,27.986,27.986,27.986,27.986,352,0
2017-07-26,21:00:00,28.004,28.031,27.991,28.031,1206,0
2017-07-26,22:00:00,27.969,28.011,27.969,28.011,1528,0
2017-07-27,16:00:00,28.011,28.011,27.981,27.981,462,0
2017-07-27,17:00:00,27.961,27.991,27.961,27.991,1206,0
2017-07-27,18:00:00,27.961,27.961,27.951,27.951,13060,0
2017-07-27,19:00:00,27.961,27.961,27.951,27.951,36266,0
2017-07-27,20:00:00,27.961,27.961,27.862,27.872,51533,0
2017-07-27,21:00:00,27.925,27.925,27.924,27.924,452,0
2017-07-27,22:00:00,27.917,27.971,27.917,27.971,628,0
2017-07-28,16:00:00,27.981,27.981,27.981,27.981,538,0
2017-07-28,19:00:00,27.996,28,27.996,28,462,0
2017-07-28,20:00:00,27.978,28.001,27.978,28.001,201,0
2017-07-28,21:00:00,27.981,28.021,27.981,28.021,2079,0
2017-07-28,22:00:00,28.031,28.031,28.001,28.031,698,0
2017-07-31,16:00:00,28.031,28.031,28.031,28.031,100,0
2017-07-31,17:00:00,28.071,28.071,28.071,28.071,300,0
2017-07-31,18:00:00,28.071,28.091,28.066,28.091,2160,0
2017-07-31,21:00:00,28.105,28.105,28.105,28.105,201,0
2017-07-31,22:00:00,28.091,28.121,28.061,28.096,1956,0
2017-08-01,16:00:00,28.18,28.18,28.13,28.13,1448,0
2017-08-01,17:00:00,28.124,28.124,28.124,28.124,201,0
2017-08-01,18:00:00,28.105,28.105,28.105,28.105,251,0
2017-08-01,22:00:00,28.15,28.16,28.127,28.127,3355,0
2017-08-02,16:00:00,28.13,28.13,28.13,28.13,100,0
2017-08-02,18:00:00,28.081,28.081,28.081,28.081,151,0
2017-08-02,20:00:00,28.101,28.114,28.081,28.114,1607,0
2017-08-02,22:00:00,28.121,28.121,28.121,28.121,502,0
2017-08-03,16:00:00,28.14,28.14,28.14,28.14,150,0
2017-08-03,17:00:00,28.14,28.14,28.14,28.14,100,0
2017-08-03,18:00:00,28.12,28.12,28.116,28.116,849,0
2017-08-03,21:00:00,28.15,28.16,28.15,28.16,452,0
2017-08-03,22:00:00,28.16,28.16,28.16,28.16,100,0
2017-08-04,16:00:00,28.195,28.195,28.178,28.19,1206,0
2017-08-04,17:00:00,28.128,28.2,28.128,28.18,1065,0
2017-08-04,18:00:00,28.14,28.14,28.14,28.14,201,0
2017-08-04,21:00:00,28.108,28.108,28.108,28.108,201,0
2017-08-04,22:00:00,28.125,28.125,28.125,28.125,100,0
2017-08-07,16:00:00,28.3,28.3,28.3,28.3,100,0
2017-08-07,17:00:00,28.14,28.16,28.13,28.13,1194,0
2017-08-07,18:00:00,28.13,28.14,28.113,28.14,1143,0
2017-08-07,19:00:00,28.14,28.14,28.14,28.14,100,0
2017-08-07,20:00:00,28.14,28.15,28.121,28.135,1321,0
2017-08-07,21:00:00,28.13,28.15,28.13,28.15,301,0
2017-08-07,22:00:00,28.14,28.14,28.101,28.101,2364,0
2017-08-08,17:00:00,28.13,28.15,28.13,28.15,678,0
2017-08-08,19:00:00,28.2,28.2,28.17,28.17,201,0
2017-08-08,20:00:00,28.15,28.15,28.145,28.145,618,0
2017-08-08,21:00:00,28.155,28.155,28.14,28.14,944,0
2017-08-08,22:00:00,28.13,28.13,28.13,28.13,100,0
2017-08-09,16:00:00,28.031,28.041,28.011,28.021,3236,0
2017-08-09,17:00:00,28.056,28.056,28.011,28.011,1183,0
2017-08-09,18:00:00,28.091,28.121,28.091,28.091,12469,0
2017-08-09,19:00:00,28.081,28.106,28.081,28.081,2632,0
2017-08-09,20:00:00,28.091,28.121,28.091,28.121,990,0
2017-08-09,21:00:00,28.066,28.081,28.066,28.081,2210,0
2017-08-09,22:00:00,28.081,28.101,28.081,28.101,502,0
2017-08-10,16:00:00,27.991,28.053,27.991,28.032,314,0
2017-08-10,17:00:00,28.017,28.021,27.941,28.011,4018,0
2017-08-10,18:00:00,27.971,27.988,27.948,27.948,2090,0
2017-08-10,19:00:00,27.95,27.95,27.95,27.95,176,0
2017-08-10,21:00:00,27.971,28.011,27.971,28.011,1105,0
2017-08-10,22:00:00,27.941,27.941,27.918,27.918,502,0
2017-08-11,16:00:00,27.872,27.921,27.872,27.892,3271,0
2017-08-11,17:00:00,27.895,27.948,27.895,27.948,201,0
2017-08-11,18:00:00,27.927,27.927,27.927,27.927,100,0
2017-08-11,19:00:00,27.915,27.915,27.915,27.915,100,0
2017-08-11,20:00:00,27.941,27.941,27.902,27.902,860,0
2017-08-11,21:00:00,27.892,27.916,27.892,27.894,463,0
2017-08-11,22:00:00,27.872,27.872,27.872,27.872,181,0
2017-08-14,16:00:00,27.991,28.091,27.991,28.091,603,0
2017-08-14,17:00:00,28.13,28.14,28.111,28.14,2009,0
2017-08-14,18:00:00,28.105,28.105,28.105,28.105,201,0
2017-08-14,20:00:00,28.13,28.13,28.13,28.13,184,0
2017-08-14,21:00:00,28.14,28.14,28.111,28.111,5624,0
2017-08-14,22:00:00,28.085,28.14,28.068,28.14,1537,0
2017-08-15,16:00:00,28.13,28.15,28.088,28.088,2230,0
2017-08-15,17:00:00,28.082,28.082,28.082,28.082,100,0
2017-08-15,22:00:00,28.101,28.101,28.101,28.101,1682,0
2017-08-16,16:00:00,28.21,28.21,28.155,28.165,804,0
2017-08-16,17:00:00,28.16,28.2,28.16,28.174,1990,0
2017-08-16,18:00:00,28.191,28.22,28.191,28.22,289,0
2017-08-16,19:00:00,28.22,28.22,28.22,28.22,201,0
2017-08-16,20:00:00,28.185,28.2,28.16,28.2,1081,0
2017-08-16,21:00:00,28.18,28.18,28.18,28.18,151,0
2017-08-16,22:00:00,28.16,28.18,28.16,28.18,3617,0
2017-08-17,16:00:00,28.17,28.17,28.115,28.115,753,0
2017-08-17,17:00:00,28.081,28.081,28.041,28.041,1509,0
2017-08-17,18:00:00,28.061,28.103,28.051,28.081,103680,0
2017-08-17,19:00:00,28.023,28.023,27.981,27.981,1155,0
2017-08-17,20:00:00,27.946,27.961,27.931,27.943,3486,0
2017-08-17,21:00:00,27.931,27.941,27.892,27.892,1406,0
2017-08-17,22:00:00,27.888,27.888,27.812,27.812,723,0
2017-08-18,16:00:00,27.772,27.772,27.772,27.772,100,0
2017-08-18,17:00:00,27.75,27.752,27.732,27.752,3215,0
2017-08-18,18:00:00,27.683,27.75,27.683,27.75,201,0
2017-08-18,20:00:00,27.812,27.812,27.792,27.792,3615,0
2017-08-18,22:00:00,27.804,27.804,27.752,27.752,1497,0
2017-08-21,16:00:00,27.722,27.722,27.715,27.715,479,0
2017-08-21,17:00:00,27.732,27.742,27.732,27.742,201,0
2017-08-21,18:00:00,27.772,27.782,27.772,27.782,1551,0
2017-08-21,19:00:00,27.81,27.81,27.81,27.81,452,0
2017-08-21,20:00:00,27.804,27.804,27.804,27.804,207,0
2017-08-21,21:00:00,27.782,27.792,27.78,27.792,5367,0
2017-08-22,16:00:00,27.902,27.902,27.901,27.901,995,0
2017-08-22,17:00:00,27.931,27.941,27.92,27.941,7032,0
2017-08-22,18:00:00,27.959,27.961,27.941,27.961,2090,0
2017-08-22,21:00:00,27.981,28.021,27.981,28.021,707,0
2017-08-22,22:00:00,28.016,28.021,28.016,28.021,502,0
2017-08-23,16:00:00,27.961,27.961,27.961,27.961,501,0
2017-08-23,17:00:00,27.946,27.946,27.946,27.946,100,0
2017-08-23,21:00:00,27.951,27.951,27.941,27.941,4812,0
2017-08-23,22:00:00,27.961,27.961,27.931,27.931,1195,0
2017-08-24,16:00:00,27.911,27.911,27.911,27.911,1265,0
2017-08-24,17:00:00,27.872,27.898,27.872,27.898,357,0
2017-08-24,18:00:00,27.872,27.872,27.852,27.852,301,0
2017-08-24,22:00:00,27.852,27.862,27.822,27.822,2642,0
2017-08-25,16:00:00,27.931,27.953,27.912,27.953,388,0
2017-08-25,17:00:00,27.981,27.981,27.941,27.961,2301,0
2017-08-25,18:00:00,27.902,27.912,27.902,27.912,332,0
2017-08-25,22:00:00,27.941,27.941,27.941,27.941,179,0
2017-08-28,16:00:00,27.951,27.951,27.926,27.926,372,0
2017-08-28,17:00:00,27.883,27.883,27.883,27.883,201,0
2017-08-28,18:00:00,27.872,27.872,27.872,27.872,100,0
2017-08-28,19:00:00,27.882,27.882,27.872,27.872,1120,0
2017-08-28,20:00:00,27.852,27.862,27.847,27.847,603,0
2017-08-28,21:00:00,27.872,27.872,27.857,27.862,603,0
2017-08-28,22:00:00,27.872,27.882,27.868,27.868,1161,0
2017-08-29,16:00:00,27.712,27.712,27.712,27.712,201,0
2017-08-29,17:00:00,27.832,27.832,27.832,27.832,226,0
2017-08-29,18:00:00,27.842,27.842,27.842,27.842,367,0
2017-08-29,20:00:00,27.872,27.872,27.872,27.872,121,0
2017-08-29,21:00:00,27.872,27.892,27.872,27.892,2592,0
2017-08-30,16:00:00,27.862,27.867,27.862,27.867,690,0
2017-08-30,17:00:00,27.887,27.887,27.877,27.877,819,0
2017-08-30,18:00:00,27.921,27.921,27.921,27.921,201,0
2017-08-30,19:00:00,27.902,27.902,27.902,27.902,286,0
2017-08-30,20:00:00,27.957,27.957,27.957,27.957,102,0
2017-08-30,21:00:00,27.971,27.971,27.971,27.971,703,0
2017-08-30,22:00:00,27.956,27.971,27.954,27.954,703,0
2017-08-31,16:00:00,27.971,27.971,27.971,27.971,201,0
2017-08-31,17:00:00,28.071,28.081,28.041,28.061,3416,0
2017-08-31,18:00:00,28.046,28.046,28.032,28.041,1366,0
2017-08-31,19:00:00,28.041,28.041,28.041,28.041,402,0
2017-08-31,20:00:00,28.041,28.051,28.041,28.041,6530,0
2017-08-31,21:00:00,28.061,28.061,28.031,28.031,1206,0
2017-08-31,22:00:00,28.076,28.111,28.071,28.081,2950,0
2017-09-01,16:00:00,28.25,28.25,28.145,28.145,804,0
2017-09-01,17:00:00,28.13,28.135,28.091,28.106,3767,0
2017-09-01,18:00:00,28.121,28.121,28.091,28.091,223,0
2017-09-01,20:00:00,28.134,28.134,28.13,28.13,3266,0
2017-09-01,21:00:00,28.14,28.14,28.14,28.14,3516,0
2017-09-01,22:00:00,28.125,28.14,28.121,28.14,1053,0
2017-09-05,16:00:00,28.081,28.081,28.061,28.061,1987,0
2017-09-05,17:00:00,28.091,28.091,28.056,28.056,1102,0
2017-09-05,19:00:00,28.031,28.031,27.911,27.931,1577,0
2017-09-05,20:00:00,27.902,27.931,27.892,27.921,1218,0
2017-09-05,21:00:00,27.951,27.971,27.931,27.931,2624,0
2017-09-05,22:00:00,27.941,27.941,27.921,27.921,603,0
2017-09-06,16:00:00,28.041,28.041,28.041,28.041,201,0
2017-09-06,17:00:00,28.023,28.031,28.001,28.001,22129,0
2017-09-06,18:00:00,28.001,28.001,27.991,27.991,6971,0
2017-09-06,19:00:00,28.011,28.016,28.011,28.016,301,0
2017-09-06,20:00:00,28.041,28.061,28.031,28.046,1879,0
2017-09-06,21:00:00,28.051,28.051,28.051,28.051,100,0
2017-09-06,22:00:00,28.046,28.046,28.031,28.046,866,0
2017-09-07,16:00:00,28.076,28.076,28.076,28.076,100,0
2017-09-07,17:00:00,28.041,28.041,28.041,28.041,100,0
2017-09-07,19:00:00,27.981,27.981,27.981,27.981,151,0
2017-09-07,20:00:00,28.001,28.001,28.001,28.001,100,0
2017-09-08,16:00:00,28.011,28.031,28.011,28.031,227,0
2017-09-08,18:00:00,28.081,28.111,28.081,28.111,3223,0
2017-09-08,19:00:00,28.091,28.13,28.091,28.13,374,0
2017-09-08,20:00:00,28.091,28.091,28.091,28.091,100,0
2017-09-08,22:00:00,28.121,28.121,28.121,28.121,100,0
2017-09-11,16:00:00,28.25,28.25,28.25,28.25,403,0
2017-09-11,17:00:00,28.319,28.319,28.319,28.319,201,0
2017-09-11,18:00:00,28.315,28.315,28.315,28.315,510,0
2017-09-11,19:00:00,28.323,28.369,28.32,28.355,1289,0
2017-09-11,21:00:00,28.35,28.35,28.349,28.349,301,0
2017-09-11,22:00:00,28.349,28.349,28.349,28.349,100,0
2017-09-12,16:00:00,28.369,28.369,28.369,28.369,502,0
2017-09-12,17:00:00,28.406,28.406,28.406,28.406,151,0
2017-09-12,18:00:00,28.397,28.412,28.38,28.389,477,0
2017-09-12,19:00:00,28.403,28.439,28.379,28.389,3134,0
2017-09-12,20:00:00,28.403,28.428,28.379,28.428,914,0
2017-09-12,21:00:00,28.383,28.409,28.379,28.394,1398,0
2017-09-12,22:00:00,28.398,28.409,28.394,28.394,869,0
2017-09-13,16:00:00,28.558,28.558,28.409,28.409,1055,0
2017-09-13,17:00:00,28.393,28.439,28.393,28.439,2974,0
2017-09-13,20:00:00,28.429,28.429,28.427,28.427,201,0
2017-09-13,21:00:00,28.426,28.426,28.426,28.426,201,0
2017-09-13,22:00:00,28.429,28.429,28.379,28.379,3526,0
2017-09-14,16:00:00,28.568,28.568,28.568,28.568,100,0
2017-09-14,18:00:00,28.407,28.407,28.407,28.407,904,0
2017-09-14,19:00:00,28.416,28.439,28.409,28.419,2009,0
2017-09-14,20:00:00,28.439,28.439,28.389,28.439,3935,0
2017-09-14,21:00:00,28.419,28.419,28.419,28.419,100,0
2017-09-14,22:00:00,28.439,28.449,28.399,28.449,1758,0
2017-09-15,16:00:00,28.57,28.57,28.57,28.57,3006,0
2017-09-15,17:00:00,28.4,28.43,28.3857,28.4212,916,0
2017-09-15,18:00:00,28.43,28.43,28.407,28.41,890,0
2017-09-15,20:00:00,28.4,28.45,28.39,28.39,66060,0
2017-09-15,21:00:00,28.4297,28.4297,28.4297,28.4297,483,0
2017-09-15,22:00:00,28.47,28.47,28.47,28.47,729,0
2017-09-18,16:00:00,28.47,28.52,28.47,28.52,356,0
2017-09-18,17:00:00,28.49,28.52,28.49,28.52,500,0
2017-09-18,18:00:00,28.52,28.53,28.52,28.52,300,0
2017-09-18,19:00:00,28.52,28.52,28.5,28.5,704,0
2017-09-18,20:00:00,28.51,28.52,28.51,28.52,200,0
2017-09-18,21:00:00,28.475,28.5,28.475,28.48,400,0
2017-09-18,22:00:00,28.503,28.503,28.47,28.47,1100,0
2017-09-19,16:00:00,28.52,28.53,28.52,28.53,1238,0
2017-09-19,17:00:00,28.53,28.53,28.505,28.505,400,0
2017-09-19,18:00:00,28.52,28.53,28.52,28.53,400,0
2017-09-19,19:00:00,28.55,28.55,28.55,28.55,100,0
2017-09-19,20:00:00,28.54,28.54,28.507,28.54,1334,0
2017-09-19,21:00:00,28.54,28.54,28.54,28.54,100,0
2017-09-19,22:00:00,28.54,28.54,28.49,28.54,2371,0
2017-09-20,16:00:00,28.45,28.5401,28.45,28.5351,600,0
2017-09-20,18:00:00,28.535,28.559,28.5208,28.5208,806,0
2017-09-20,21:00:00,28.52,28.52,28.45,28.48,372,0
2017-09-21,16:00:00,28.62,28.62,28.51,28.51,200,0
2017-09-21,17:00:00,28.529,28.529,28.48,28.48,200,0
2017-09-21,18:00:00,28.54,28.54,28.54,28.54,100,0
2017-09-21,20:00:00,28.52,28.54,28.52,28.52,2407,0
2017-09-21,21:00:00,28.52,28.52,28.52,28.52,100,0
2017-09-21,22:00:00,28.52,28.53,28.48,28.5064,805,0
2017-09-22,16:00:00,28.5,28.5,28.4752,28.5,523,0
2017-09-22,17:00:00,28.45,28.4804,28.45,28.4804,900,0
2017-09-22,19:00:00,28.4899,28.4899,28.4758,28.4758,800,0
2017-09-22,20:00:00,28.47,28.47,28.4502,28.4502,4200,0
2017-09-22,21:00:00,28.4756,28.5,28.465,28.48,6868,0
2017-09-22,22:00:00,28.499,28.51,28.4752,28.51,800,0
2017-09-25,16:00:00,28.5,28.5,28.5,28.5,283,0
2017-09-25,17:00:00,28.499,28.51,28.46,28.46,1535,0
2017-09-25,18:00:00,28.439,28.4558,28.39,28.4558,1134,0
2017-09-25,19:00:00,28.44,28.44,28.44,28.44,100,0
2017-09-25,20:00:00,28.479,28.48,28.4535,28.48,2462,0
2017-09-26,16:00:00,28.6,28.6,28.6,28.6,300,0
2017-09-26,17:00:00,28.52,28.52,28.479,28.479,920,0
2017-09-26,18:00:00,28.509,28.509,28.47,28.4941,522,0
2017-09-26,20:00:00,28.51,28.51,28.4933,28.505,2450,0
2017-09-26,21:00:00,28.51,28.51,28.51,28.51,500,0
2017-09-26,22:00:00,28.505,28.53,28.47,28.49,1955,0
2017-09-27,16:00:00,28.59,28.59,28.53,28.53,200,0
2017-09-27,17:00:00,28.5,28.5,28.45,28.45,300,0
2017-09-27,18:00:00,28.449,28.48,28.42,28.48,300,0
2017-09-27,19:00:00,28.465,28.475,28.455,28.475,300,0
2017-09-27,20:00:00,28.48,28.48,28.4726,28.475,3250,0
2017-09-27,21:00:00,28.49,28.55,28.49,28.55,840,0
2017-09-27,22:00:00,28.56,28.56,28.56,28.56,100,0
2017-09-28,16:00:00,28.54,28.54,28.515,28.515,355,0
2017-09-28,17:00:00,28.51,28.54,28.5,28.54,5200,0
2017-09-28,18:00:00,28.535,28.56,28.53,28.5498,3300,0
2017-09-28,19:00:00,28.58,28.58,28.58,28.58,100,0
2017-09-28,20:00:00,28.6,28.6,28.6,28.6,100,0
2017-09-28,21:00:00,28.61,28.61,28.6,28.6,200,0
2017-09-28,22:00:00,28.609,28.61,28.58,28.61,9003,0
2017-09-29,16:00:00,28.68,28.68,28.6226,28.6226,605,0
2017-09-29,20:00:00,28.6872,28.6872,28.6872,28.6872,125,0
2017-09-29,21:00:00,28.68,28.69,28.64,28.69,854,0
2017-09-29,22:00:00,28.6833,28.7,28.6833,28.7,858,0
2017-10-02,16:00:00,28.71,28.72,28.71,28.72,677,0
2017-10-02,18:00:00,28.73,28.75,28.73,28.75,939,0
2017-10-02,19:00:00,28.75,28.76,28.75,28.76,200,0
2017-10-02,20:00:00,28.785,28.8,28.77,28.8,6867,0
2017-10-02,21:00:00,28.7742,28.7742,28.7742,28.7742,100,0
2017-10-02,22:00:00,28.785,28.82,28.78,28.82,18705,0
2017-10-03,16:00:00,28.91,28.91,28.822,28.84,3786,0
2017-10-03,17:00:00,28.86,28.86,28.83,28.83,13210,0
2017-10-03,18:00:00,28.859,28.87,28.84,28.8553,2350,0
2017-10-03,20:00:00,28.86,28.87,28.86,28.87,1338,0
2017-10-03,21:00:00,28.87,28.88,28.857,28.861,2300,0
2017-10-03,22:00:00,28.889,28.909,28.85,28.875,2550,0
2017-10-04,16:00:00,28.96,28.96,28.85,28.85,1745,0
2017-10-04,17:00:00,28.87,28.879,28.86,28.8746,1445,0
2017-10-04,19:00:00,28.93,28.949,28.9185,28.9185,2548,0
2017-10-04,20:00:00,28.91,28.91,28.91,28.91,138,0
2017-10-04,21:00:00,28.915,28.915,28.9,28.9,927,0
2017-10-04,22:00:00,28.929,28.95,28.91,28.91,4288,0
2017-10-05,16:00:00,29.02,29.02,29.02,29.02,130,0
2017-10-05,17:00:00,28.969,28.99,28.94,28.99,1300,0
2017-10-05,18:00:00,28.989,29.01,28.96,29.0051,929,0
2017-10-05,19:00:00,29.04,29.05,29.01,29.01,2500,0
2017-10-05,20:00:00,29,29.05,29,29.04,500,0
2017-10-05,21:00:00,29.04,29.04,29,29.0296,602,0
2017-10-05,22:00:00,29.04,29.04,29.01,29.04,400,0
2017-10-06,16:00:00,29.07,29.07,29,29,567,0
2017-10-06,17:00:00,29.02,29.03,29.01,29.01,900,0
2017-10-06,18:00:00,29.01,29.01,28.99,29,1437,0
2017-10-06,19:00:00,28.98,29,28.98,28.98,400,0
2017-10-06,20:00:00,29,29,29,29,200,0
2017-10-06,21:00:00,29.009,29.01,28.9901,29.0047,2228,0
2017-10-06,22:00:00,29.029,29.03,29,29,15950,0
2017-10-09,16:00:00,29.07,29.07,29.07,29.07,370,0
2017-10-09,17:00:00,29.029,29.029,28.99,29.0048,1700,0
2017-10-09,18:00:00,29.015,29.015,29.015,29.015,100,0
2017-10-09,21:00:00,29.039,29.04,28.99,29.02,11428,0
2017-10-09,22:00:00,29.009,29.01,28.9545,29,7250,0
2017-10-10,16:00:00,29.01,29.01,29.01,29.01,381,0
2017-10-10,17:00:00,29.0398,29.0398,29.02,29.0349,1477,0
2017-10-10,18:00:00,29.0349,29.0349,29.02,29.02,600,0
2017-10-10,19:00:00,29.0282,29.0282,29.0282,29.0282,100,0
2017-10-10,20:00:00,29.03,29.03,29.03,29.03,100,0
2017-10-10,22:00:00,29.025,29.05,29.025,29.05,646,0
2017-10-11,16:00:00,29.05,29.07,29.02,29.0515,11118,0
2017-10-11,17:00:00,29.02,29.0511,29.02,29.0511,800,0
2017-10-11,18:00:00,29.0703,29.0703,29.0703,29.0703,140,0
2017-10-11,19:00:00,29.079,29.09,29.079,29.0886,472,0
2017-10-11,20:00:00,29.085,29.085,29.0666,29.0666,2600,0
2017-10-11,21:00:00,29.099,29.099,29.07,29.07,200,0
2017-10-11,22:00:00,29.12,29.12,29.08,29.08,950,0
2017-10-12,16:00:00,29.05,29.1,29.05,29.06,364,0
2017-10-12,18:00:00,29.09,29.09,29.09,29.09,100,0
2017-10-12,19:00:00,29.1202,29.1202,29.1202,29.1202,120,0
2017-10-12,20:00:00,29.11,29.139,29.11,29.139,1495,0
2017-10-12,21:00:00,29.125,29.125,29.125,29.125,100,0
2017-10-12,22:00:00,29.11,29.11,29.06,29.071,2179,0
2017-10-13,16:00:00,29.18,29.18,29.18,29.18,1107,0
2017-10-13,17:00:00,29.15,29.15,29.15,29.15,343,0
2017-10-13,18:00:00,29.18,29.18,29.1583,29.1583,2630,0
2017-10-13,19:00:00,29.1504,29.17,29.1499,29.169,1000,0
2017-10-13,21:00:00,29.169,29.169,29.13,29.13,204,0
2017-10-13,22:00:00,29.135,29.135,29.1202,29.1202,443,0
2017-10-16,16:00:00,29.24,29.24,29.13,29.13,2381,0
2017-10-16,17:00:00,29.109,29.11,29.095,29.11,899,0
2017-10-16,18:00:00,29.11,29.11,29.11,29.11,300,0
2017-10-16,19:00:00,29.109,29.109,29.08,29.08,600,0
2017-10-16,20:00:00,29.1,29.119,29.1,29.119,211,0
2017-10-16,21:00:00,29.11,29.11,29.095,29.11,627,0
2017-10-16,22:00:00,29.109,29.119,29.105,29.119,520,0
2017-10-17,16:00:00,29.13,29.13,29.1,29.1,2227,0
2017-10-17,17:00:00,29.13,29.13,29.11,29.1104,700,0
2017-10-17,18:00:00,29.14,29.14,29.14,29.14,500,0
2017-10-17,20:00:00,29.129,29.129,29.12,29.12,681,0
2017-10-17,22:00:00,29.145,29.15,29.14,29.14,300,0
2017-10-18,16:00:00,29.23,29.23,29.2004,29.22,579,0
2017-10-18,17:00:00,29.199,29.199,29.19,29.19,200,0
2017-10-18,18:00:00,29.21,29.21,29.16,29.16,900,0
2017-10-18,19:00:00,29.186,29.186,29.186,29.186,400,0
2017-10-18,21:00:00,29.22,29.22,29.21,29.21,562,0
2017-10-18,22:00:00,29.22,29.22,29.176,29.176,671,0
2017-10-19,16:00:00,29.11,29.17,29.11,29.11,3500,0
2017-10-19,20:00:00,29.23,29.23,29.22,29.22,800,0
2017-10-19,21:00:00,29.239,29.259,29.2075,29.259,2212,0
2017-10-19,22:00:00,29.25,29.25,29.25,29.25,109,0
2017-10-20,16:00:00,29.37,29.37,29.32,29.32,2010,0
2017-10-20,17:00:00,29.3453,29.349,29.33,29.33,892,0
2017-10-20,18:00:00,29.33,29.33,29.33,29.33,100,0
2017-10-20,19:00:00,29.369,29.37,29.341,29.341,4270,0
2017-10-20,20:00:00,29.3641,29.3641,29.3641,29.3641,500,0
2017-10-20,21:00:00,29.361,29.361,29.361,29.361,351,0
2017-10-20,22:00:00,29.3798,29.3798,29.37,29.37,513,0
2017-10-23,16:00:00,29.49,29.49,29.42,29.42,2530,0
2017-10-23,17:00:00,29.469,29.469,29.4472,29.4686,1294,0
2017-10-23,18:00:00,29.4444,29.4444,29.4444,29.4444,136,0
2017-10-23,19:00:00,29.449,29.449,29.4301,29.4301,200,0
2017-10-23,21:00:00,29.413,29.415,29.413,29.4132,600,0
2017-10-23,22:00:00,29.4111,29.4111,29.4,29.4,1050,0
2017-10-24,16:00:00,29.4,29.4,29.38,29.389,2740,0
2017-10-24,17:00:00,29.37,29.389,29.37,29.3853,2181,0
2017-10-24,18:00:00,29.379,29.38,29.36,29.38,1280,0
2017-10-24,20:00:00,29.38,29.38,29.369,29.369,670,0
2017-10-24,21:00:00,29.38,29.38,29.36,29.37,800,0
2017-10-24,22:00:00,29.36,29.37,29.3455,29.369,4238,0
2017-10-25,16:00:00,29.38,29.38,29.3147,29.3147,1340,0
2017-10-25,17:00:00,29.3,29.3,29.3,29.3,400,0
2017-10-25,18:00:00,29.23,29.259,29.23,29.259,300,0
2017-10-25,19:00:00,29.21,29.21,29.21,29.21,900,0
2017-10-25,20:00:00,29.235,29.235,29.235,29.235,100,0
2017-10-25,21:00:00,29.3038,29.31,29.297,29.31,600,0
2017-10-25,22:00:00,29.3,29.34,29.3,29.33,1005,0
2017-10-26,16:00:00,29.47,29.47,29.3801,29.44,3346,0
2017-10-26,17:00:00,29.42,29.42,29.3601,29.389,3372,0
2017-10-26,18:00:00,29.409,29.409,29.3704,29.38,1705,0
2017-10-26,19:00:00,29.39,29.39,29.37,29.37,200,0
2017-10-26,20:00:00,29.41,29.41,29.41,29.41,100,0
2017-10-26,21:00:00,29.41,29.41,29.38,29.409,1627,0
2017-10-26,22:00:00,29.39,29.42,29.39,29.42,533,0
2017-10-27,16:00:00,29.55,29.55,29.46,29.47,3670,0
2017-10-27,17:00:00,29.495,29.54,29.495,29.539,1300,0
2017-10-27,18:00:00,29.559,29.58,29.5307,29.56,1380,0
2017-10-27,19:00:00,29.565,29.6,29.565,29.59,300,0
2017-10-27,20:00:00,29.58,29.59,29.57,29.57,1133,0
2017-10-27,21:00:00,29.579,29.589,29.5623,29.589,2800,0
2017-10-27,22:00:00,29.589,29.599,29.561,29.57,14376,0
2017-10-30,15:00:00,29.6,29.6,29.4592,29.465,3848,0
2017-10-30,16:00:00,29.4899,29.5,29.4705,29.5,1332,0
2017-10-30,17:00:00,29.48,29.48,29.43,29.43,600,0
2017-10-30,18:00:00,29.42,29.42,29.3947,29.3947,1800,0
2017-10-30,19:00:00,29.4499,29.45,29.43,29.43,1036,0
2017-10-30,20:00:00,29.43,29.44,29.42,29.435,665,0
2017-10-30,21:00:00,29.37,29.44,29.37,29.44,4600,0
2017-10-31,15:00:00,29.53,29.53,29.53,29.53,217,0
2017-10-31,16:00:00,29.43,29.4399,29.43,29.4399,1100,0
2017-10-31,17:00:00,29.449,29.4499,29.449,29.4499,200,0
2017-10-31,18:00:00,29.43,29.45,29.43,29.4353,3035,0
2017-10-31,19:00:00,29.459,29.459,29.43,29.4425,1258,0
2017-10-31,20:00:00,29.44,29.4498,29.44,29.4498,1018,0
2017-10-31,21:00:00,29.4402,29.45,29.43,29.43,1200,0
2017-11-01,15:00:00,29.55,29.55,29.4964,29.4964,7606,0
2017-11-01,16:00:00,29.5063,29.529,29.474,29.519,4602,0
2017-11-01,17:00:00,29.47,29.47,29.47,29.47,100,0
2017-11-01,18:00:00,29.4603,29.48,29.4603,29.469,2354,0
2017-11-01,19:00:00,29.45,29.45,29.41,29.41,1274,0
2017-11-01,20:00:00,29.4545,29.49,29.4545,29.49,2054,0
2017-11-01,21:00:00,29.47,29.479,29.44,29.44,1925,0
2017-11-02,15:00:00,29.46,29.46,29.4471,29.4471,533,0
2017-11-02,16:00:00,29.409,29.41,29.3691,29.3951,12525,0
2017-11-02,18:00:00,29.46,29.47,29.46,29.4651,528,0
2017-11-02,19:00:00,29.489,29.489,29.489,29.489,100,0
2017-11-02,20:00:00,29.4704,29.49,29.4564,29.46,1247,0
2017-11-02,21:00:00,29.469,29.5094,29.469,29.5094,573,0
2017-11-03,15:00:00,29.58,29.58,29.46,29.46,315,0
2017-11-03,16:00:00,29.4652,29.4652,29.4652,29.4652,100,0
2017-11-03,18:00:00,29.5018,29.55,29.5018,29.55,469,0
2017-11-03,19:00:00,29.539,29.539,29.539,29.539,145,0
2017-11-03,20:00:00,29.521,29.53,29.509,29.51,3750,0
2017-11-03,21:00:00,29.519,29.54,29.5033,29.5209,3479,0
2017-11-06,16:00:00,29.54,29.54,29.5,29.5,1893,0
2017-11-06,17:00:00,29.5267,29.53,29.51,29.53,1500,0
2017-11-06,18:00:00,29.549,29.549,29.549,29.549,200,0
2017-11-06,19:00:00,29.54,29.54,29.54,29.54,636,0
2017-11-06,20:00:00,29.55,29.55,29.55,29.55,550,0
2017-11-06,21:00:00,29.52,29.5347,29.51,29.51,706,0
2017-11-06,22:00:00,29.51,29.55,29.51,29.549,1300,0
2017-11-07,16:00:00,29.58,29.59,29.58,29.59,1457,0
2017-11-07,17:00:00,29.56,29.56,29.53,29.53,400,0
2017-11-07,18:00:00,29.55,29.55,29.489,29.489,2000,0
2017-11-07,19:00:00,29.51,29.51,29.51,29.51,350,0
2017-11-07,20:00:00,29.52,29.52,29.52,29.52,200,0
2017-11-07,21:00:00,29.52,29.52,29.4901,29.52,1774,0
2017-11-07,22:00:00,29.519,29.519,29.4935,29.5,1399,0
2017-11-08,16:00:00,29.46,29.52,29.46,29.49,1221,0
2017-11-08,17:00:00,29.515,29.526,29.515,29.526,7800,0
2017-11-08,18:00:00,29.557,29.557,29.557,29.557,169,0
2017-11-08,19:00:00,29.55,29.58,29.53,29.58,300,0
2017-11-08,20:00:00,29.5896,29.605,29.57,29.605,1833,0
2017-11-08,21:00:00,29.6125,29.62,29.59,29.62,2121,0
2017-11-08,22:00:00,29.6,29.6,29.6,29.6,100,0
2017-11-09,16:00:00,29.49,29.49,29.44,29.44,4274,0
2017-11-09,17:00:00,29.483,29.5,29.4755,29.5,750,0
2017-11-09,18:00:00,29.44,29.44,29.34,29.342,1773,0
2017-11-09,19:00:00,29.3796,29.3796,29.341,29.3535,955,0
2017-11-09,21:00:00,29.42,29.42,29.42,29.42,200,0
2017-11-09,22:00:00,29.42,29.52,29.42,29.52,836,0
2017-11-10,16:00:00,29.4441,29.4441,29.4441,29.4441,100,0
2017-11-10,17:00:00,29.42,29.429,29.4048,29.4048,1458,0
2017-11-10,19:00:00,29.446,29.446,29.4313,29.4313,545,0
2017-11-10,20:00:00,29.4399,29.4399,29.4399,29.4399,499,0
2017-11-10,21:00:00,29.45,29.46,29.45,29.46,1100,0
2017-11-10,22:00:00,29.45,29.4541,29.45,29.4541,1000,0
2017-11-13,16:00:00,29.47,29.47,29.399,29.419,3569,0
2017-11-13,17:00:00,29.4868,29.4868,29.4758,29.4758,200,0
2017-11-13,18:00:00,29.4752,29.4968,29.4752,29.4968,1468,0
2017-11-13,19:00:00,29.5104,29.53,29.51,29.529,1500,0
2017-11-13,20:00:00,29.51,29.54,29.51,29.539,4000,0
2017-11-13,21:00:00,29.535,29.54,29.5204,29.54,1262,0
2017-11-13,22:00:00,29.52,29.52,29.52,29.52,600,0
2017-11-14,16:00:00,29.48,29.48,29.48,29.48,101,0
2017-11-14,18:00:00,29.529,29.529,29.502,29.5068,1700,0
2017-11-14,19:00:00,29.5273,29.5273,29.5,29.5,770,0
2017-11-14,20:00:00,29.529,29.529,29.529,29.529,160,0
2017-11-15,16:00:00,29.51,29.51,29.34,29.341,4873,0
2017-11-15,17:00:00,29.3778,29.4184,29.3778,29.4184,2000,0
2017-11-15,19:00:00,29.43,29.43,29.4,29.4,470,0
2017-11-15,20:00:00,29.419,29.419,29.37,29.37,4500,0
2017-11-15,21:00:00,29.3582,29.3582,29.3582,29.3582,1221,0
2017-11-15,22:00:00,29.3988,29.3988,29.35,29.35,950,0
2017-11-16,16:00:00,29.38,29.47,29.38,29.45,4016,0
2017-11-16,17:00:00,29.4752,29.5196,29.4752,29.5032,1000,0
2017-11-16,18:00:00,29.5399,29.5399,29.5204,29.5204,380,0
2017-11-16,19:00:00,29.56,29.56,29.56,29.56,100,0
2017-11-16,20:00:00,29.59,29.59,29.59,29.59,120,0
2017-11-16,21:00:00,29.57,29.5896,29.57,29.5896,688,0
2017-11-16,22:00:00,29.58,29.58,29.53,29.531,540,0
2017-11-17,16:00:00,29.55,29.55,29.495,29.495,4850,0
2017-11-17,17:00:00,29.55,29.55,29.51,29.51,400,0
2017-11-17,18:00:00,29.49,29.49,29.4704,29.4704,2000,0
2017-11-17,19:00:00,29.47,29.47,29.47,29.47,100,0
2017-11-17,20:00:00,29.49,29.49,29.459,29.459,2100,0
2017-11-17,21:00:00,29.47,29.47,29.47,29.47,100,0
2017-11-17,22:00:00,29.47,29.47,29.45,29.47,1498,0
2017-11-20,16:00:00,29.47,29.47,29.47,29.47,1183,0
2017-11-20,17:00:00,29.4704,29.49,29.4704,29.49,300,0
2017-11-20,18:00:00,29.5,29.5,29.4951,29.5,300,0
2017-11-20,19:00:00,29.5002,29.5079,29.48,29.4999,5594,0
2017-11-20,20:00:00,29.491,29.52,29.49,29.52,1600,0
2017-11-20,21:00:00,29.5234,29.5234,29.517,29.517,718,0
2017-11-20,22:00:00,29.515,29.515,29.51,29.51,771,0
2017-11-21,16:00:00,29.52,29.52,29.52,29.52,350,0
2017-11-21,18:00:00,29.6647,29.6647,29.65,29.65,2000,0
2017-11-21,19:00:00,29.6715,29.6715,29.6632,29.6632,420,0
2017-11-21,20:00:00,29.67,29.69,29.67,29.69,2468,0
2017-11-21,22:00:00,29.67,29.6798,29.641,29.6596,1149,0
2017-11-22,16:00:00,29.73,29.73,29.63,29.6598,1708,0
2017-11-22,17:00:00,29.6581,29.6581,29.6309,29.6309,1237,0
2017-11-22,18:00:00,29.65,29.65,29.6226,29.6226,411,0
2017-11-22,20:00:00,29.61,29.61,29.6051,29.6051,200,0
2017-11-22,21:00:00,29.61,29.61,29.61,29.61,100,0
2017-11-22,22:00:00,29.62,29.62,29.62,29.62,300,0
2017-11-24,16:00:00,29.69,29.69,29.69,29.69,373,0
2017-11-24,18:00:00,29.67,29.67,29.67,29.67,400,0
2017-11-24,19:00:00,29.6904,29.71,29.69,29.7,2773,0
2017-11-27,16:00:00,29.72,29.72,29.72,29.72,420,0
2017-11-27,17:00:00,29.7305,29.7305,29.73,29.73,400,0
2017-11-27,18:00:00,29.72,29.72,29.71,29.71,500,0
2017-11-27,19:00:00,29.72,29.72,29.7065,29.7065,1436,0
2017-11-27,20:00:00,29.7,29.7324,29.7,29.7324,1747,0
2017-11-27,22:00:00,29.739,29.75,29.7202,29.75,1508,0
2017-11-28,16:00:00,29.8,29.8,29.7644,29.7644,334,0
2017-11-28,17:00:00,29.815,29.84,29.815,29.82,2950,0
2017-11-28,18:00:00,29.82,29.8347,29.81,29.81,800,0
2017-11-28,20:00:00,29.884,29.909,29.884,29.909,740,0
2017-11-28,21:00:00,29.9,29.9,29.9,29.9,100,0
2017-11-28,22:00:00,29.98,30.01,29.98,30.01,4191,0
2017-11-29,16:00:00,30.02,30.02,30.02,30.02,175,0
2017-11-29,17:00:00,30.149,30.149,30.13,30.13,1013,0
2017-11-29,18:00:00,30.07,30.07,30.07,30.07,150,0
2017-11-29,19:00:00,30.089,30.1,30.089,30.1,657,0
2017-11-29,20:00:00,30.1,30.1,30.1,30.1,1100,0
2017-11-29,21:00:00,30.115,30.115,30.115,30.115,800,0
2017-11-29,22:00:00,30.12,30.129,30.11,30.129,14334,0
2017-11-30,16:00:00,30.23,30.25,30.2193,30.2297,3252,0
2017-11-30,17:00:00,30.2375,30.2532,30.21,30.2532,3521,0
2017-11-30,18:00:00,30.279,30.279,30.279,30.279,235,0
2017-11-30,19:00:00,30.4284,30.46,30.4284,30.44,1843,0
2017-11-30,20:00:00,30.4451,30.4451,30.38,30.3897,1881,0
2017-11-30,21:00:00,30.3568,30.37,30.3414,30.3547,2814,0
2017-11-30,22:00:00,30.3158,30.3891,30.3158,30.3668,880,0
2017-12-01,16:00:00,30.33,30.33,30.33,30.33,908,0
2017-12-01,17:00:00,30.3599,30.3901,30.3599,30.3901,300,0
2017-12-01,18:00:00,30.3,30.3,29.91,30.06,9791,0
2017-12-01,19:00:00,30.1565,30.22,30.1565,30.22,500,0
2017-12-01,21:00:00,30.25,30.26,30.25,30.26,3691,0
2017-12-04,16:00:00,30.48,30.56,30.48,30.56,1868,0
2017-12-04,17:00:00,30.55,30.5618,30.5,30.5,300,0
2017-12-04,18:00:00,30.509,30.509,30.509,30.509,150,0
2017-12-04,19:00:00,30.5,30.5,30.452,30.49,6113,0
2017-12-04,20:00:00,30.483,30.4848,30.483,30.4848,432,0
2017-12-04,21:00:00,30.47,30.47,30.37,30.392,3577,0
2017-12-04,22:00:00,30.399,30.399,30.34,30.34,6330,0
2017-12-05,16:00:00,30.38,30.38,30.2975,30.3132,2908,0
2017-12-05,17:00:00,30.339,30.38,30.339,30.38,2072,0
2017-12-05,18:00:00,30.4,30.41,30.38,30.38,1650,0
2017-12-05,19:00:00,30.37,30.37,30.339,30.349,1002,0
2017-12-05,20:00:00,30.3285,30.3285,30.3285,30.3285,240,0
2017-12-05,21:00:00,30.325,30.325,30.2666,30.29,5300,0
2017-12-05,22:00:00,30.2401,30.2401,30.24,30.24,525,0
2017-12-06,16:00:00,30.2,30.2,30.2,30.2,105,0
2017-12-06,18:00:00,30.26,30.279,30.25,30.279,1100,0
2017-12-06,19:00:00,30.26,30.26,30.2352,30.26,2578,0
2017-12-06,21:00:00,30.265,30.279,30.2444,30.279,380,0
2017-12-06,22:00:00,30.27,30.27,30.23,30.2496,800,0
