Date,Time,Open,High,Low,Close,Volume,OpenInt
2017-05-10,16:00:00,26.5,26.537,26.5,26.537,306,0
2017-05-10,17:00:00,26.63,26.67,26.63,26.635,2314,0
2017-05-10,18:00:00,26.6377,26.65,26.6377,26.65,300,0
2017-05-10,19:00:00,26.71,26.75,26.6972,26.75,1471,0
2017-05-10,20:00:00,26.7828,26.82,26.7828,26.8,7300,0
2017-05-10,21:00:00,26.8,26.8,26.75,26.78,17195,0
2017-05-10,22:00:00,26.8,26.84,26.7641,26.84,8845,0
2017-05-11,16:00:00,26.5902,26.5902,26.536,26.536,920,0
2017-05-11,17:00:00,26.57,26.6152,26.51,26.609,1950,0
2017-05-11,18:00:00,26.786,26.812,26.7576,26.812,1250,0
2017-05-11,19:00:00,26.8356,26.8423,26.8342,26.8423,1273,0
2017-05-11,21:00:00,26.86,26.898,26.84,26.84,612,0
2017-05-11,22:00:00,26.8599,26.86,26.8599,26.86,935,0
2017-05-12,16:00:00,26.97,26.97,26.97,26.97,140,0
2017-05-12,17:00:00,26.7575,26.78,26.74,26.74,1556,0
2017-05-12,18:00:00,26.77,26.8298,26.77,26.8298,463,0
2017-05-12,19:00:00,26.8448,26.8448,26.8448,26.8448,2500,0
2017-05-12,21:00:00,26.865,26.875,26.865,26.87,914,0
2017-05-12,22:00:00,26.8485,26.8485,26.82,26.83,406,0
2017-05-15,16:00:00,26.99,27.0664,26.9802,27.0664,1748,0
2017-05-15,17:00:00,27.095,27.095,27.0815,27.0815,925,0
2017-05-15,18:00:00,27.19,27.22,27.19,27.2016,19950,0
2017-05-15,19:00:00,27.22,27.22,27.1448,27.175,1816,0
2017-05-15,20:00:00,27.18,27.2,27.18,27.2,1000,0
2017-05-15,21:00:00,27.18,27.18,27.09,27.099,1935,0
2017-05-15,22:00:00,27.087,27.14,27.087,27.14,1600,0
2017-05-16,16:00:00,27.14,27.3,27.14,27.29,5138,0
2017-05-16,17:00:00,27.32,27.33,27.21,27.2157,5600,0
2017-05-16,18:00:00,27.28,27.28,27.265,27.28,1100,0
2017-05-16,19:00:00,27.36,27.36,27.36,27.36,183,0
2017-05-16,20:00:00,27.3989,27.45,27.3989,27.45,844,0
2017-05-16,21:00:00,27.4885,27.5395,27.4885,27.5395,3107,0
2017-05-16,22:00:00,27.54,27.6,27.54,27.6,1315,0
2017-05-17,16:00:00,27.48,27.48,26.9901,27,4269,0
2017-05-17,17:00:00,26.98,26.9924,26.88,26.88,2160,0
2017-05-17,18:00:00,26.8,26.8287,26.74,26.74,2977,0
2017-05-17,19:00:00,26.8708,26.88,26.815,26.88,1300,0
2017-05-17,20:00:00,26.9176,26.9176,26.86,26.86,1590,0
2017-05-17,21:00:00,26.85,26.85,26.62,26.62,2121,0
2017-05-17,22:00:00,26.6195,26.669,26.575,26.6,2725,0
2017-05-18,16:00:00,26.4,26.55,26.01,26.53,9250,0
2017-05-18,17:00:00,26.74,26.74,26.74,26.74,100,0
2017-05-18,18:00:00,26.8054,26.8054,26.8054,26.8054,260,0
2017-05-18,19:00:00,26.6398,26.6398,26.6398,26.6398,400,0
2017-05-18,20:00:00,26.72,26.74,26.72,26.74,600,0
2017-05-18,21:00:00,26.884,26.884,26.86,26.86,1450,0
2017-05-18,22:00:00,26.8396,26.845,26.83,26.84,1270,0
2017-05-19,16:00:00,27.04,27.04,27.04,27.04,100,0
2017-05-19,17:00:00,27.1854,27.2,27.1854,27.2,300,0
2017-05-19,18:00:00,27.24,27.25,27.1556,27.17,5660,0
2017-05-19,19:00:00,27.195,27.195,27.1804,27.1804,1070,0
2017-05-19,20:00:00,27.19,27.19,27.15,27.15,800,0
2017-05-19,21:00:00,27.105,27.1622,27.105,27.15,8441,0
2017-05-19,22:00:00,27.1,27.1,27.0003,27.04,11312,0
2017-05-22,16:00:00,28,28,27.1995,27.2,2900,0
2017-05-22,17:00:00,27.32,27.32,27.2827,27.2827,1300,0
2017-05-22,18:00:00,27.25,27.4,27.25,27.3675,6230,0
2017-05-22,19:00:00,27.36,27.36,27.35,27.3599,3859,0
2017-05-22,20:00:00,27.34,27.34,27.289,27.33,1615,0
2017-05-22,21:00:00,27.3099,27.37,27.3099,27.3495,900,0
2017-05-22,22:00:00,27.39,27.455,27.39,27.45,3400,0
2017-05-23,16:00:00,27.48,27.48,27.14,27.14,2030,0
2017-05-23,17:00:00,27.2588,27.27,27.2275,27.2463,1401,0
2017-05-23,18:00:00,27.2919,27.44,27.2919,27.44,2200,0
2017-05-23,19:00:00,27.378,27.378,27.258,27.258,1180,0
2017-05-23,20:00:00,27.3,27.3,27.2805,27.2805,300,0
2017-05-23,21:00:00,27.3488,27.3488,27.34,27.34,350,0
2017-05-23,22:00:00,27.3388,27.3388,27.2817,27.33,2515,0
2017-05-24,16:00:00,27.46,27.46,27.2695,27.2695,1176,0
2017-05-24,17:00:00,27.1719,27.24,27.1719,27.24,1720,0
2017-05-24,18:00:00,27.1987,27.1987,27.1229,27.1229,750,0
2017-05-24,20:00:00,27.155,27.155,27.155,27.155,101,0
2017-05-24,21:00:00,27.1765,27.1765,27.1765,27.1765,207,0
2017-05-24,22:00:00,27.2173,27.2173,27.2173,27.2173,107,0
2017-05-25,16:00:00,27.43,27.43,27.43,27.43,214,0
2017-05-25,17:00:00,27.3402,27.4,27.3402,27.35,2325,0
2017-05-25,18:00:00,27.37,27.37,27.31,27.31,2299,0
2017-05-25,20:00:00,27.33,27.36,27.33,27.36,1000,0
2017-05-25,22:00:00,27.39,27.39,27.3294,27.3294,3325,0
2017-05-26,16:00:00,27.75,27.75,27.4997,27.74,1028,0
2017-05-26,17:00:00,27.4783,27.4783,27.3801,27.4696,1422,0
2017-05-26,18:00:00,27.473,27.473,27.45,27.45,650,0
2017-05-26,19:00:00,27.5299,27.53,27.4829,27.4829,1510,0
2017-05-26,20:00:00,27.55,27.55,27.5088,27.55,3650,0
2017-05-26,21:00:00,27.55,27.59,27.5167,27.5525,1400,0
2017-05-26,22:00:00,27.5962,27.63,27.5852,27.63,3067,0
2017-05-30,16:00:00,27.39,27.71,27.39,27.63,3901,0
2017-05-30,17:00:00,27.54,27.54,27.5,27.5,2825,0
2017-05-30,18:00:00,27.4825,27.49,27.4728,27.4825,1183,0
2017-05-30,20:00:00,27.43,27.45,27.395,27.44,1805,0
2017-05-30,22:00:00,27.474,27.474,27.4296,27.4296,1460,0
2017-05-31,16:00:00,27.42,27.42,27.42,27.42,100,0
2017-05-31,17:00:00,27.25,27.2741,27.25,27.2672,1317,0
2017-05-31,18:00:00,27.33,27.36,27.3,27.3299,4109,0
2017-05-31,19:00:00,27.304,27.304,27.304,27.304,200,0
2017-05-31,22:00:00,27.36,27.4,27.36,27.4,2539,0
2017-06-01,16:00:00,27.51,27.51,27.51,27.51,780,0
2017-06-01,17:00:00,27.4,27.4,27.3472,27.3472,1225,0
2017-06-01,18:00:00,27.51,27.51,27.49,27.51,300,0
2017-06-01,19:00:00,27.5338,27.55,27.5101,27.5328,1108,0
2017-06-01,20:00:00,27.51,27.584,27.48,27.584,14940,0
2017-06-01,21:00:00,27.61,27.61,27.61,27.61,100,0
2017-06-01,22:00:00,27.645,27.73,27.6352,27.73,4300,0
2017-06-02,16:00:00,27.75,27.75,27.73,27.73,1300,0
2017-06-02,17:00:00,27.83,27.9,27.7883,27.8569,2827,0
2017-06-02,18:00:00,27.879,27.9,27.87,27.9,2590,0
2017-06-02,19:00:00,27.9,27.9,27.89,27.89,1016,0
2017-06-02,20:00:00,27.8998,27.94,27.8801,27.94,2136,0
2017-06-02,21:00:00,27.94,27.94,27.94,27.94,600,0
2017-06-02,22:00:00,27.8801,27.9,27.8801,27.89,2706,0
2017-06-05,16:00:00,27.98,27.9931,27.93,27.98,3296,0
2017-06-05,17:00:00,27.962,28.043,27.956,28.003,11874,0
2017-06-05,18:00:00,27.9707,27.9731,27.918,27.918,1830,0
2017-06-05,19:00:00,27.9,27.9332,27.9,27.9332,1246,0
2017-06-05,20:00:00,27.926,27.96,27.92,27.9475,2400,0
2017-06-05,21:00:00,27.9505,27.9505,27.9505,27.9505,400,0
2017-06-05,22:00:00,27.96,27.96,27.82,27.82,5980,0
2017-06-06,16:00:00,27.75,27.75,27.75,27.75,110,0
2017-06-06,17:00:00,28.1464,28.2905,28.1464,28.2905,1490,0
2017-06-06,18:00:00,28.25,28.27,28.25,28.27,2335,0
2017-06-06,19:00:00,28.31,28.32,28.2671,28.2671,8659,0
2017-06-06,20:00:00,28.279,28.28,28.23,28.23,1751,0
2017-06-06,21:00:00,28.309,28.32,28.3005,28.3005,600,0
2017-06-06,22:00:00,28.27,28.27,28.1232,28.1232,1430,0
2017-06-07,16:00:00,28.19,28.32,28.19,28.2934,7083,0
2017-06-07,17:00:00,28.321,28.321,28.31,28.31,347,0
2017-06-07,18:00:00,28.44,28.47,28.3974,28.47,2177,0
2017-06-07,19:00:00,28.43,28.44,28.3352,28.3352,3371,0
2017-06-07,20:00:00,28.33,28.34,28.3,28.34,2620,0
2017-06-07,21:00:00,28.3564,28.41,28.3564,28.41,1481,0
2017-06-07,22:00:00,28.4,28.51,28.395,28.48,3294,0
2017-06-08,16:00:00,28.64,28.68,28.45,28.45,5444,0
2017-06-08,17:00:00,28.5348,28.5348,28.37,28.3871,3919,0
2017-06-08,18:00:00,28.4673,28.4673,28.4273,28.4273,1000,0
2017-06-08,19:00:00,28.53,28.53,28.52,28.52,682,0
2017-06-08,20:00:00,28.52,28.535,28.4647,28.535,2775,0
2017-06-08,22:00:00,28.55,28.64,28.5311,28.62,3135,0
2017-06-09,16:00:00,28.88,28.88,28.7812,28.8295,5008,0
2017-06-09,17:00:00,28.8304,28.8805,28.8304,28.86,5780,0
2017-06-09,18:00:00,28.8656,28.8656,28.58,28.6,2400,0
2017-06-09,19:00:00,28.59,28.59,28.1727,28.185,1903,0
2017-06-09,20:00:00,28.16,28.16,27.709,27.709,7330,0
2017-06-09,21:00:00,27.6625,27.6625,27.2102,27.2486,8834,0
2017-06-09,22:00:00,27.4999,27.73,27.4999,27.73,15480,0
2017-06-12,16:00:00,26.81,27.3,26.695,26.846,19215,0
2017-06-12,17:00:00,26.8632,27.2,26.86,27.2,4970,0
2017-06-12,18:00:00,27.2781,27.47,27.2781,27.298,2950,0
2017-06-12,19:00:00,27.32,27.42,27.311,27.3401,3780,0
2017-06-12,20:00:00,27.3105,27.3232,27.2648,27.32,1090,0
2017-06-12,21:00:00,27.2355,27.3295,27.2355,27.3295,450,0
2017-06-12,22:00:00,27.3652,27.39,27.3606,27.39,2378,0
2017-06-13,16:00:00,27.7283,27.8,27.686,27.713,3488,0
2017-06-13,17:00:00,27.64,27.64,27.3989,27.3989,1830,0
2017-06-13,18:00:00,27.505,27.505,27.505,27.505,400,0
2017-06-13,19:00:00,27.5502,27.5699,27.5502,27.5699,590,0
2017-06-13,20:00:00,27.62,27.6299,27.5799,27.59,2387,0
2017-06-13,21:00:00,27.5999,27.5999,27.54,27.54,1888,0
2017-06-13,22:00:00,27.5999,27.5999,27.5989,27.5989,1000,0
2017-06-14,16:00:00,27.71,27.71,27.62,27.62,1276,0
2017-06-14,17:00:00,27.61,27.65,27.57,27.5948,4580,0
2017-06-14,18:00:00,27.6346,27.6755,27.6346,27.6755,1080,0
2017-06-14,19:00:00,27.6899,27.69,27.59,27.63,1100,0
2017-06-14,20:00:00,27.62,27.62,27.5803,27.5803,1262,0
2017-06-14,21:00:00,27.56,27.56,27.32,27.32,300,0
2017-06-14,22:00:00,27.3,27.3,27.131,27.18,1495,0
2017-06-15,16:00:00,27.18,27.18,26.8613,26.9915,1755,0
2017-06-15,17:00:00,27.002,27.02,26.8833,26.9824,6660,0
2017-06-15,19:00:00,27.0225,27.0924,27.0225,27.0924,606,0
2017-06-15,20:00:00,27.15,27.1699,27.15,27.1699,1715,0
2017-06-15,21:00:00,27.189,27.2,27.1822,27.1822,381,0
2017-06-15,22:00:00,27.2533,27.28,27.2104,27.2536,2494,0
2017-06-16,17:00:00,27.41,27.41,27.32,27.32,200,0
2017-06-16,19:00:00,27.3308,27.3308,27.2904,27.2904,1500,0
2017-06-16,20:00:00,27.2827,27.2827,27.27,27.27,700,0
2017-06-16,21:00:00,27.2986,27.2986,27.27,27.27,404,0
2017-06-16,22:00:00,27.25,27.276,27.1701,27.276,1327,0
2017-06-19,16:00:00,27.48,27.86,27.48,27.75,1971,0
2017-06-19,17:00:00,27.87,27.895,27.8,27.895,23011,0
2017-06-19,18:00:00,27.91,27.9286,27.9,27.9286,1500,0
2017-06-19,19:00:00,27.9599,27.9699,27.93,27.94,4056,0
2017-06-19,20:00:00,27.9545,28.01,27.9545,28.01,3080,0
2017-06-19,21:00:00,27.9409,27.9409,27.93,27.93,600,0
2017-06-19,22:00:00,27.985,28.0976,27.9779,28.0596,2256,0
2017-06-20,16:00:00,28.06,28.55,28.06,28.11,1915,0
2017-06-20,17:00:00,28.11,28.16,28.1,28.1,3671,0
2017-06-20,18:00:00,28,28,27.88,27.88,1100,0
2017-06-20,19:00:00,27.9328,27.9328,27.9328,27.9328,250,0
2017-06-20,20:00:00,27.93,27.95,27.93,27.95,3400,0
2017-06-20,21:00:00,27.93,27.93,27.8455,27.93,2700,0
2017-06-20,22:00:00,27.91,27.91,27.7949,27.83,2408,0
2017-06-21,16:00:00,27.958,27.958,27.958,27.958,200,0
2017-06-21,17:00:00,28.02,28.11,28.02,28.1,608,0
2017-06-21,18:00:00,28.04,28.07,28.0099,28.07,1354,0
2017-06-21,19:00:00,28.0794,28.0794,28.0794,28.0794,1000,0
2017-06-21,20:00:00,28.128,28.128,28.128,28.128,205,0
2017-06-21,21:00:00,28.09,28.09,28.0601,28.0647,575,0
2017-06-21,22:00:00,28.06,28.06,28.05,28.05,800,0
2017-06-22,16:00:00,28.1,28.12,28.05,28.05,1500,0
2017-06-22,17:00:00,27.96,28.13,27.96,28.11,2850,0
2017-06-22,18:00:00,28.0864,28.0864,28.0864,28.0864,400,0
2017-06-22,19:00:00,28.064,28.143,28.064,28.143,1502,0
2017-06-22,20:00:00,28.161,28.161,28.145,28.145,697,0
2017-06-22,22:00:00,28.1276,28.14,28.1,28.1,2310,0
2017-06-23,16:00:00,28.1,28.1,28.1,28.1,200,0
2017-06-23,17:00:00,28.2717,28.2717,28.2717,28.2717,100,0
2017-06-23,18:00:00,28.29,28.3112,28.28,28.2954,1000,0
2017-06-23,19:00:00,28.295,28.296,28.295,28.296,269,0
2017-06-23,20:00:00,28.295,28.295,28.295,28.295,302,0
2017-06-23,21:00:00,28.27,28.27,28.26,28.26,892,0
2017-06-23,22:00:00,28.18,28.2201,28.18,28.2201,1215,0
2017-06-26,16:00:00,28.35,28.4144,28.35,28.3674,1627,0
2017-06-26,17:00:00,28.2501,28.2501,27.9191,27.9191,2335,0
2017-06-26,18:00:00,27.89,27.9,27.89,27.89,1300,0
2017-06-26,19:00:00,28.007,28.007,28.007,28.007,300,0
2017-06-26,20:00:00,28.05,28.1,28.0289,28.1,2650,0
2017-06-26,21:00:00,28.0301,28.1,27.97,28.03,4176,0
2017-06-26,22:00:00,27.987,28.02,27.987,27.99,6264,0
2017-06-27,16:00:00,27.95,27.95,27.95,27.95,200,0
2017-06-27,17:00:00,27.82,27.82,27.82,27.82,100,0
2017-06-27,18:00:00,27.8799,27.91,27.8203,27.8203,1430,0
2017-06-27,19:00:00,27.715,27.715,27.6702,27.6702,900,0
2017-06-27,20:00:00,27.7,27.7,27.465,27.465,3712,0
2017-06-27,21:00:00,27.4379,27.453,27.4379,27.453,500,0
2017-06-27,22:00:00,27.5,27.5,27.33,27.33,1500,0
2017-06-28,16:00:00,27.19,27.35,27.14,27.14,1645,0
2017-06-28,17:00:00,27.33,27.33,27.33,27.33,200,0
2017-06-28,20:00:00,27.616,27.616,27.616,27.616,100,0
2017-06-28,21:00:00,27.6325,27.6325,27.6325,27.6325,250,0
2017-06-28,22:00:00,27.69,27.774,27.69,27.77,8360,0
2017-06-29,16:00:00,27.49,27.54,27.43,27.43,1650,0
2017-06-29,17:00:00,27.35,27.386,27.35,27.386,960,0
2017-06-29,18:00:00,27.28,27.28,27.1132,27.137,9947,0
2017-06-29,19:00:00,27.11,27.16,27.1,27.1,2000,0
2017-06-29,20:00:00,27.06,27.06,26.8,26.9,4600,0
2017-06-29,21:00:00,26.8497,26.9633,26.8497,26.9633,2240,0
2017-06-29,22:00:00,27.01,27.21,27.0025,27.1428,3261,0
2017-06-30,16:00:00,27.07,27.15,27.07,27.15,217,0
2017-06-30,17:00:00,27.07,27.1331,26.99,27.1331,2200,0
2017-06-30,18:00:00,27.1188,27.19,27.1188,27.19,7800,0
2017-06-30,19:00:00,27.1558,27.2,27.1437,27.1517,1550,0
2017-06-30,20:00:00,27.15,27.15,27.08,27.09,7500,0
2017-06-30,21:00:00,27.1397,27.21,27.1397,27.21,850,0
2017-06-30,22:00:00,27.17,27.1928,27.17,27.1928,640,0
2017-07-03,16:00:00,27.09,27.1,27.09,27.1,235,0
2017-07-03,17:00:00,27.09,27.13,27.09,27.13,2400,0
2017-07-03,19:00:00,26.8582,26.8999,26.81,26.81,5565,0
2017-07-05,16:00:00,26.85,27.01,26.85,26.917,4685,0
2017-07-05,17:00:00,26.85,27.0111,26.85,27.0111,4002,0
2017-07-05,19:00:00,27.023,27.029,26.947,26.947,782,0
2017-07-05,22:00:00,27.0238,27.0999,27.0238,27.0999,1318,0
2017-07-06,16:00:00,26.92,27.018,26.92,26.92,1080,0
2017-07-06,18:00:00,26.95,26.95,26.95,26.95,235,0
2017-07-06,19:00:00,27.047,27.047,27.047,27.047,200,0
2017-07-06,20:00:00,27.05,27.05,27,27.015,1556,0
2017-07-06,21:00:00,27,27,26.9603,26.9603,1980,0
2017-07-07,16:00:00,27.23,27.2737,27.23,27.2586,1200,0
2017-07-07,17:00:00,27.22,27.22,27.22,27.22,200,0
2017-07-07,18:00:00,27.261,27.261,27.25,27.25,350,0
2017-07-07,19:00:00,27.34,27.4,27.34,27.397,4700,0
2017-07-07,21:00:00,27.37,27.395,27.35,27.395,2600,0
2017-07-07,22:00:00,27.4,27.47,27.38,27.38,13129,0
2017-07-10,16:00:00,27.72,27.72,27.37,27.54,2357,0
2017-07-10,17:00:00,27.4924,27.6399,27.4924,27.6399,2465,0
2017-07-10,18:00:00,27.6202,27.6202,27.5761,27.59,1820,0
2017-07-10,20:00:00,27.71,27.714,27.6844,27.6844,880,0
2017-07-10,21:00:00,27.7199,27.72,27.7,27.71,2100,0
2017-07-10,22:00:00,27.7,27.71,27.65,27.71,2000,0
2017-07-11,16:00:00,27.72,27.8,27.72,27.8,1500,0
2017-07-11,17:00:00,27.8105,27.86,27.8105,27.82,2000,0
2017-07-11,18:00:00,27.78,27.78,27.73,27.73,260,0
2017-07-11,19:00:00,27.68,27.68,27.68,27.68,200,0
2017-07-11,20:00:00,27.68,27.68,27.651,27.651,400,0
2017-07-11,21:00:00,27.714,27.75,27.714,27.75,2600,0
2017-07-11,22:00:00,27.75,27.85,27.75,27.8467,3499,0
2017-07-12,16:00:00,27.85,28.19,27.85,28.1528,654,0
2017-07-12,17:00:00,28.1804,28.38,28.1804,28.38,1200,0
2017-07-12,18:00:00,28.37,28.378,28.37,28.378,900,0
2017-07-12,19:00:00,28.31,28.3101,28.2717,28.2717,653,0
2017-07-12,21:00:00,28.3638,28.39,28.3638,28.38,4570,0
2017-07-12,22:00:00,28.42,28.428,28.41,28.41,405,0
2017-07-13,16:00:00,28.52,28.52,28.38,28.38,1250,0
2017-07-13,17:00:00,28.42,28.45,28.35,28.45,2011,0
2017-07-13,18:00:00,28.53,28.53,28.5089,28.514,600,0
2017-07-13,19:00:00,28.55,28.5646,28.549,28.549,1385,0
2017-07-13,20:00:00,28.48,28.48,28.41,28.41,2704,0
2017-07-13,21:00:00,28.3201,28.37,28.32,28.37,887,0
2017-07-13,22:00:00,28.435,28.4554,28.435,28.4554,500,0
2017-07-14,16:00:00,28.5201,28.5236,28.5201,28.5236,500,0
2017-07-14,17:00:00,28.61,28.61,28.56,28.56,450,0
2017-07-14,18:00:00,28.67,28.715,28.6697,28.7,4400,0
2017-07-14,19:00:00,28.7038,28.75,28.7,28.71,2740,0
2017-07-14,20:00:00,28.7306,28.77,28.71,28.77,4319,0
2017-07-14,21:00:00,28.77,28.824,28.77,28.775,6504,0
2017-07-14,22:00:00,28.78,28.82,28.755,28.8,9028,0
2017-07-17,16:00:00,28.86,28.8821,28.845,28.8821,3515,0
2017-07-17,17:00:00,28.9,28.9,28.76,28.79,3620,0
2017-07-17,18:00:00,28.72,28.72,28.669,28.6993,1465,0
2017-07-17,19:00:00,28.711,28.7967,28.711,28.7967,750,0
2017-07-17,20:00:00,28.8012,28.8012,28.8,28.8,1200,0
2017-07-17,21:00:00,28.68,28.7029,28.68,28.7,1260,0
2017-07-17,22:00:00,28.715,28.715,28.715,28.715,100,0
2017-07-18,16:00:00,28.72,28.72,28.5401,28.5401,4014,0
2017-07-18,17:00:00,28.79,28.83,28.695,28.7138,2714,0
2017-07-18,18:00:00,28.83,28.84,28.795,28.82,5150,0
2017-07-18,19:00:00,28.834,28.84,28.785,28.785,3415,0
2017-07-18,20:00:00,28.7757,28.855,28.77,28.855,655,0
2017-07-18,21:00:00,28.87,28.92,28.8699,28.9,3881,0
2017-07-18,22:00:00,28.905,28.94,28.905,28.94,2211,0
2017-07-19,16:00:00,29.12,29.12,29.0435,29.0435,2940,0
2017-07-19,17:00:00,29.05,29.0799,28.99,29.0426,1615,0
2017-07-19,18:00:00,29.0489,29.0489,29.0489,29.0489,450,0
2017-07-19,19:00:00,29.136,29.16,29.11,29.1194,6771,0
2017-07-19,20:00:00,29.1264,29.1264,29.07,29.07,925,0
2017-07-19,21:00:00,29.0464,29.09,29.0464,29.08,600,0
2017-07-19,22:00:00,29.1,29.1,29,29.04,1560,0
2017-07-20,16:00:00,29,29.0636,29,29,1506,0
2017-07-20,18:00:00,29.0999,29.1,29.085,29.1,1130,0
2017-07-20,19:00:00,29.1192,29.14,29.109,29.109,2600,0
2017-07-20,20:00:00,29.09,29.09,29.09,29.09,300,0
2017-07-20,21:00:00,29.08,29.08,28.96,28.96,2921,0
2017-07-20,22:00:00,29.02,29.07,29.02,29.07,500,0
2017-07-21,16:00:00,29.16,29.16,28.9244,28.9499,10104,0
2017-07-21,17:00:00,29.01,29.03,29,29,1020,0
2017-07-21,18:00:00,29,29.0111,28.9843,29.0111,2011,0
2017-07-21,19:00:00,29.0298,29.07,29.0298,29.07,610,0
2017-07-21,20:00:00,29.0199,29.0199,29.0199,29.0199,346,0
2017-07-21,21:00:00,29,29.01,28.976,28.9999,2090,0
2017-07-21,22:00:00,28.98,29,28.9564,28.99,21990,0
2017-07-24,17:00:00,29.2,29.255,29.137,29.2236,6050,0
2017-07-24,18:00:00,29.22,29.22,29.1827,29.2099,1000,0
2017-07-24,19:00:00,29.28,29.32,29.274,29.32,3480,0
2017-07-24,20:00:00,29.33,29.391,29.33,29.39,2350,0
2017-07-24,21:00:00,29.375,29.4,29.355,29.375,4775,0
2017-07-24,22:00:00,29.42,29.4572,29.3959,29.4,9040,0
2017-07-25,16:00:00,29.44,29.6,29.28,29.28,2294,0
2017-07-25,17:00:00,29.3383,29.37,29.262,29.27,2150,0
2017-07-25,18:00:00,29.27,29.27,29.27,29.27,1200,0
2017-07-25,19:00:00,29.305,29.3192,29.305,29.3192,1200,0
2017-07-25,20:00:00,29.37,29.37,29.3675,29.3675,200,0
2017-07-25,21:00:00,29.44,29.44,29.4162,29.42,3600,0
2017-07-25,22:00:00,29.3801,29.48,29.38,29.48,16948,0
2017-07-26,16:00:00,29.6,29.6,29.6,29.6,100,0
2017-07-26,17:00:00,29.65,29.85,29.63,29.63,10693,0
2017-07-26,18:00:00,29.4931,29.79,29.4931,29.79,750,0
2017-07-26,19:00:00,29.723,29.723,29.723,29.723,150,0
2017-07-26,20:00:00,29.54,29.57,29.51,29.57,1500,0
2017-07-26,21:00:00,29.7399,29.7399,29.52,29.578,6928,0
2017-07-26,22:00:00,29.5931,29.66,29.585,29.65,9299,0
2017-07-27,16:00:00,30.13,30.13,29.649,29.649,2048,0
2017-07-27,17:00:00,29.64,29.71,29.6112,29.66,1500,0
2017-07-27,18:00:00,29.669,29.67,29.6,29.63,3166,0
2017-07-27,19:00:00,29.6,29.6,28.95,28.9572,8742,0
2017-07-27,20:00:00,28.97,29,28.5728,28.5881,6704,0
2017-07-27,21:00:00,28.8007,28.936,28.7857,28.81,3910,0
2017-07-27,22:00:00,28.86,28.9399,28.8101,28.9399,1800,0
2017-07-28,16:00:00,28.86,29.03,28.86,29.03,466,0
2017-07-28,17:00:00,28.95,28.95,28.83,28.83,1000,0
2017-07-28,18:00:00,28.87,28.9458,28.87,28.92,562,0
2017-07-28,19:00:00,28.937,29.0436,28.937,29.0436,320,0
2017-07-28,20:00:00,29.07,29.09,29.07,29.08,1920,0
2017-07-28,21:00:00,29.17,29.1799,29.158,29.161,1960,0
2017-07-28,22:00:00,29.13,29.16,29.07,29.08,4144,0
2017-07-31,16:00:00,29.28,29.585,29.1402,29.18,8633,0
2017-07-31,17:00:00,29.12,29.724,29.05,29.28,14107,0
2017-07-31,18:00:00,29.25,29.33,29.08,29.33,800,0
2017-07-31,19:00:00,29.48,29.48,29.1,29.2437,3530,0
2017-07-31,20:00:00,29.12,29.35,29,29.24,3769,0
2017-07-31,21:00:00,29.1543,29.1543,28.958,29.1112,4155,0
2017-07-31,22:00:00,29.07,29.29,28.95,29.03,6145,0
2017-08-01,16:00:00,29.42,29.42,29.09,29.09,3940,0
2017-08-01,17:00:00,29.164,29.1799,29.1,29.13,3595,0
2017-08-01,18:00:00,29.16,29.199,29.1567,29.199,2576,0
2017-08-01,19:00:00,29.199,29.199,29.16,29.19,1400,0
2017-08-01,20:00:00,29.1917,29.2399,29.1868,29.2399,5350,0
2017-08-01,21:00:00,29.1506,29.1506,29.1318,29.1318,650,0
2017-08-01,22:00:00,29.179,29.179,29.13,29.13,564,0
2017-08-02,16:00:00,29.07,29.07,28.689,28.689,2503,0
2017-08-02,17:00:00,28.67,28.67,28.19,28.27,11427,0
2017-08-02,18:00:00,28.2271,28.2271,28.1008,28.1676,1300,0
2017-08-02,19:00:00,28.1799,28.1799,28.13,28.13,1225,0
2017-08-02,20:00:00,28.12,28.2,28.12,28.2,2372,0
2017-08-02,21:00:00,28.2,28.3106,28.2,28.31,1168,0
2017-08-02,22:00:00,28.31,28.31,28.22,28.3,11447,0
2017-08-03,16:00:00,28.45,28.67,28.45,28.54,2253,0
2017-08-03,17:00:00,28.5829,28.6404,28.49,28.6404,2708,0
2017-08-03,18:00:00,28.7299,28.7299,28.68,28.68,1912,0
2017-08-03,19:00:00,28.712,28.79,28.6806,28.79,778,0
2017-08-03,20:00:00,28.7699,28.7699,28.6951,28.74,4200,0
2017-08-03,21:00:00,28.77,28.8,28.77,28.8,200,0
2017-08-03,22:00:00,28.7775,28.7775,28.73,28.73,900,0
2017-08-04,16:00:00,29.05,29.05,28.98,28.98,1100,0
2017-08-04,17:00:00,28.98,29,28.9366,28.9762,1327,0
2017-08-04,18:00:00,29.0296,29.0296,29.0197,29.0197,700,0
2017-08-04,19:00:00,29,29,28.95,28.95,240,0
2017-08-04,21:00:00,28.9,28.9,28.8616,28.8955,2372,0
2017-08-04,22:00:00,28.89,28.9356,28.89,28.9356,396,0
2017-08-07,16:00:00,29.1,29.1538,29.08,29.1538,2860,0
2017-08-07,17:00:00,29.22,29.26,29.17,29.2567,789,0
2017-08-07,18:00:00,29.261,29.46,29.26,29.43,1841,0
2017-08-07,19:00:00,29.47,29.48,29.435,29.4712,10658,0
2017-08-07,20:00:00,29.5,29.5274,29.5,29.5274,700,0
2017-08-07,21:00:00,29.46,29.55,29.46,29.5,4479,0
2017-08-07,22:00:00,29.475,29.5,29.475,29.4894,26076,0
2017-08-08,16:00:00,29.54,29.54,29.425,29.425,2592,0
2017-08-08,17:00:00,29.51,29.55,29.4705,29.55,2534,0
2017-08-08,18:00:00,29.55,29.65,29.5483,29.63,1134,0
2017-08-08,19:00:00,29.7,29.72,29.66,29.68,1525,0
2017-08-08,20:00:00,29.64,29.66,29.6088,29.6088,5077,0
2017-08-08,22:00:00,29.53,29.53,29.37,29.4,15570,0
2017-08-09,16:00:00,29.36,29.36,29.1301,29.23,10401,0
2017-08-09,17:00:00,29.27,29.3105,29.27,29.3105,1075,0
2017-08-09,18:00:00,29.32,29.392,29.31,29.392,3306,0
2017-08-09,19:00:00,29.4928,29.53,29.4101,29.4424,2200,0
2017-08-09,20:00:00,29.4613,29.5,29.4613,29.5,300,0
2017-08-09,21:00:00,29.5208,29.5208,29.4256,29.4256,19408,0
2017-08-09,22:00:00,29.4128,29.47,29.38,29.44,900,0
2017-08-10,16:00:00,29.36,29.36,29.15,29.15,1004,0
2017-08-10,17:00:00,29.14,29.14,28.85,28.9283,1565,0
2017-08-10,18:00:00,28.94,28.96,28.79,28.79,8085,0
2017-08-10,19:00:00,28.737,28.7846,28.55,28.6364,4509,0
2017-08-10,20:00:00,28.728,28.82,28.728,28.82,1299,0
2017-08-10,21:00:00,28.869,28.869,28.8077,28.8077,1590,0
2017-08-10,22:00:00,28.825,28.84,28.6,28.62,5125,0
2017-08-11,16:00:00,28.55,28.55,28.25,28.5315,5764,0
2017-08-11,17:00:00,28.6972,28.8558,28.6972,28.8558,1440,0
2017-08-11,18:00:00,28.69,28.76,28.6377,28.76,4351,0
2017-08-11,19:00:00,28.94,28.9499,28.8797,28.895,1447,0
2017-08-11,20:00:00,28.88,28.88,28.8335,28.8546,1738,0
2017-08-11,21:00:00,28.8717,28.89,28.8652,28.8851,2436,0
2017-08-11,22:00:00,28.8456,28.85,28.8224,28.84,3440,0
2017-08-14,16:00:00,29.08,29.38,29.08,29.3533,3132,0
2017-08-14,17:00:00,29.4092,29.4556,29.4092,29.45,1950,0
2017-08-14,18:00:00,29.38,29.43,29.34,29.43,13255,0
2017-08-14,19:00:00,29.435,29.474,29.435,29.4405,850,0
2017-08-14,20:00:00,29.504,29.53,29.485,29.5,3478,0
2017-08-14,21:00:00,29.51,29.51,29.5078,29.5078,370,0
2017-08-14,22:00:00,29.525,29.56,29.5105,29.545,12779,0
2017-08-15,16:00:00,29.47,29.47,29.36,29.4415,1321,0
2017-08-15,17:00:00,29.405,29.4999,29.405,29.4999,1983,0
2017-08-15,18:00:00,29.44,29.47,29.427,29.427,664,0
2017-08-15,19:00:00,29.454,29.474,29.454,29.4698,2624,0
2017-08-15,20:00:00,29.45,29.45,29.37,29.375,1279,0
2017-08-15,21:00:00,29.4,29.4,29.388,29.388,3400,0
2017-08-15,22:00:00,29.36,29.3601,29.36,29.36,2993,0
2017-08-16,16:00:00,29.54,29.54,29.54,29.54,245,0
2017-08-16,17:00:00,29.5186,29.54,29.45,29.54,950,0
2017-08-16,18:00:00,29.54,29.6432,29.535,29.6432,1947,0
2017-08-16,19:00:00,29.6424,29.9276,29.6238,29.77,6629,0
2017-08-16,20:00:00,29.69,29.8,29.66,29.67,2403,0
2017-08-16,21:00:00,29.66,29.8,29.574,29.69,4127,0
2017-08-16,22:00:00,29.65,29.767,29.65,29.6605,1440,0
2017-08-17,16:00:00,29.93,29.93,29.59,29.59,3361,0
2017-08-17,17:00:00,29.59,29.59,29.27,29.3008,12907,0
2017-08-17,18:00:00,29.42,29.55,29.42,29.52,4540,0
2017-08-17,19:00:00,29.49,29.49,29.351,29.36,2199,0
2017-08-17,20:00:00,29.3515,29.3515,29.3515,29.3515,200,0
2017-08-17,21:00:00,29.31,29.31,29.24,29.24,2544,0
2017-08-17,22:00:00,29.22,29.23,29.0306,29.08,6817,0
2017-08-18,16:00:00,29.1014,29.165,29.1,29.12,900,0
2017-08-18,17:00:00,29.0947,29.38,29.0947,29.3574,2130,0
2017-08-18,18:00:00,29.46,29.4751,29.42,29.4751,1900,0
2017-08-18,19:00:00,29.47,29.52,29.47,29.502,400,0
2017-08-18,20:00:00,29.428,29.428,29.428,29.428,144,0
2017-08-18,21:00:00,29.4161,29.4448,29.4,29.4448,1225,0
2017-08-18,22:00:00,29.46,29.46,29.46,29.46,696,0
2017-08-21,16:00:00,29.52,29.52,29.3,29.37,3483,0
2017-08-21,17:00:00,29.1874,29.1874,29.1874,29.1874,500,0
2017-08-21,18:00:00,29.2053,29.33,29.1701,29.33,3267,0
2017-08-21,20:00:00,29.3128,29.3128,29.3128,29.3128,682,0
2017-08-21,21:00:00,29.335,29.335,29.335,29.335,100,0
2017-08-21,22:00:00,29.3202,29.4299,29.3202,29.3759,4580,0
2017-08-22,16:00:00,29.4,29.6503,29.4,29.608,7253,0
2017-08-22,17:00:00,29.73,29.79,29.7,29.7602,3900,0
2017-08-22,18:00:00,29.796,29.796,29.7515,29.7515,1675,0
2017-08-22,19:00:00,29.8122,29.8122,29.73,29.7475,6393,0
2017-08-22,20:00:00,29.7646,29.776,29.7349,29.77,1563,0
2017-08-22,21:00:00,29.8464,29.8464,29.8464,29.8464,100,0
2017-08-22,22:00:00,29.866,29.879,29.866,29.87,7129,0
2017-08-23,16:00:00,29.67,29.8408,29.67,29.8408,2991,0
2017-08-23,17:00:00,29.86,29.89,29.84,29.8589,4154,0
2017-08-23,18:00:00,29.783,29.86,29.75,29.8264,5607,0
2017-08-23,19:00:00,29.84,29.84,29.7712,29.7875,6985,0
2017-08-23,20:00:00,29.81,29.82,29.745,29.745,2543,0
2017-08-23,21:00:00,29.785,29.8,29.785,29.8,30973,0
2017-08-23,22:00:00,29.77,29.82,29.77,29.79,1940,0
2017-08-24,16:00:00,29.94,29.94,29.7656,29.7656,701,0
2017-08-24,17:00:00,29.7432,29.7592,29.7,29.7454,967,0
2017-08-24,18:00:00,29.7672,29.7672,29.6,29.6347,3735,0
2017-08-24,19:00:00,29.6456,29.6903,29.6306,29.6903,936,0
2017-08-24,20:00:00,29.7033,29.73,29.6901,29.72,2090,0
2017-08-24,21:00:00,29.7308,29.7318,29.6996,29.7318,4365,0
2017-08-24,22:00:00,29.77,29.7799,29.6968,29.6968,1079,0
2017-08-25,16:00:00,29.62,29.641,29.5972,29.641,400,0
2017-08-25,17:00:00,29.6101,29.6322,29.4058,29.4058,5905,0
2017-08-25,18:00:00,29.38,29.38,29.221,29.2738,3391,0
2017-08-25,19:00:00,29.2901,29.2901,29.25,29.25,1679,0
2017-08-25,20:00:00,29.28,29.28,29.234,29.24,4244,0
2017-08-25,21:00:00,29.26,29.2698,29.2447,29.2447,3172,0
2017-08-25,22:00:00,29.2699,29.2699,29.2301,29.2385,4970,0
2017-08-28,16:00:00,29.43,29.43,29.0692,29.0692,3720,0
2017-08-28,17:00:00,29.12,29.1366,29.12,29.131,775,0
2017-08-28,18:00:00,29.23,29.23,29.23,29.23,764,0
2017-08-28,19:00:00,29.282,29.282,29.23,29.23,1925,0
2017-08-28,20:00:00,29.255,29.2607,29.255,29.2607,1210,0
2017-08-28,21:00:00,29.272,29.272,29.2338,29.2338,950,0
2017-08-28,22:00:00,29.225,29.26,29.225,29.26,604,0
2017-08-29,16:00:00,29,29.1,28.68,29.0803,8910,0
2017-08-29,17:00:00,29.177,29.177,29.177,29.177,343,0
2017-08-29,18:00:00,29.2994,29.3572,29.293,29.3464,1850,0
2017-08-29,19:00:00,29.3259,29.3603,29.3259,29.3603,2646,0
2017-08-29,20:00:00,29.38,29.38,29.36,29.36,350,0
2017-08-29,21:00:00,29.4014,29.4014,29.4014,29.4014,170,0
2017-08-29,22:00:00,29.42,29.42,29.392,29.392,442,0
2017-08-30,16:00:00,29.72,29.72,29.5066,29.6621,1538,0
2017-08-30,17:00:00,29.7125,29.8246,29.65,29.6577,2302,0
2017-08-30,18:00:00,29.72,29.79,29.69,29.78,3344,0
2017-08-30,19:00:00,29.81,29.91,29.81,29.91,300,0
2017-08-30,20:00:00,29.915,29.96,29.88,29.954,2554,0
2017-08-30,21:00:00,29.94,29.99,29.94,29.96,3546,0
2017-08-30,22:00:00,29.94,29.995,29.94,29.98,8938,0
2017-08-31,16:00:00,30.04,30.2296,30.04,30.2099,5303,0
2017-08-31,17:00:00,30.2,30.21,30.13,30.1499,27256,0
2017-08-31,18:00:00,30.15,30.2088,30.15,30.19,4662,0
2017-08-31,19:00:00,30.21,30.29,30.21,30.285,6021,0
2017-08-31,20:00:00,30.27,30.2811,30.2353,30.2353,9137,0
2017-08-31,21:00:00,30.22,30.29,30.22,30.29,3500,0
2017-08-31,22:00:00,30.27,30.33,30.27,30.33,4439,0
2017-09-01,16:00:00,30.5,30.65,30.32,30.32,12202,0
2017-09-01,17:00:00,30.33,30.38,30.3,30.3624,18602,0
2017-09-01,18:00:00,30.35,30.38,30.33,30.37,11048,0
2017-09-01,19:00:00,30.37,30.4405,30.3696,30.4405,4613,0
2017-09-01,20:00:00,30.41,30.46,30.36,30.42,6750,0
2017-09-01,21:00:00,30.44,30.46,30.4245,30.46,5701,0
2017-09-01,22:00:00,30.46,30.49,30.42,30.44,21503,0
2017-09-05,16:00:00,30.51,30.51,30.24,30.47,19526,0
2017-09-05,17:00:00,30.44,30.49,30.37,30.37,8108,0
2017-09-05,18:00:00,30.3693,30.3693,30.3,30.33,2532,0
2017-09-05,19:00:00,30.31,30.31,29.95,29.9628,5877,0
2017-09-05,20:00:00,29.98,30.105,29.97,30.105,1616,0
2017-09-05,21:00:00,30.15,30.23,30.091,30.19,2435,0
2017-09-05,22:00:00,30.1956,30.27,30.1956,30.27,2259,0
2017-09-06,16:00:00,30.62,30.62,30.2797,30.29,4213,0
2017-09-06,17:00:00,30.34,30.34,30.12,30.131,9283,0
2017-09-06,18:00:00,30.14,30.15,30.0501,30.15,3000,0
2017-09-06,19:00:00,30.16,30.22,30.1502,30.1996,3224,0
2017-09-06,20:00:00,30.26,30.269,30.2001,30.25,2016,0
2017-09-06,21:00:00,30.239,30.26,30.23,30.2437,4189,0
2017-09-06,22:00:00,30.3,30.3,30.24,30.245,7228,0
2017-09-07,16:00:00,30.29,30.29,30.177,30.177,5721,0
2017-09-07,17:00:00,30.23,30.47,30.22,30.47,3537,0
2017-09-07,18:00:00,30.47,30.475,30.3799,30.4383,6405,0
2017-09-07,19:00:00,30.4346,30.4817,30.4346,30.4817,1300,0
2017-09-07,20:00:00,30.4928,30.59,30.4928,30.58,2800,0
2017-09-07,21:00:00,30.575,30.575,30.52,30.53,9545,0
2017-09-07,22:00:00,30.5188,30.56,30.515,30.56,10631,0
2017-09-08,16:00:00,30.49,30.61,30.42,30.45,6974,0
2017-09-08,17:00:00,30.36,30.3844,30.305,30.3844,4197,0
2017-09-08,18:00:00,30.432,30.4799,30.35,30.4799,2362,0
2017-09-08,19:00:00,30.395,30.4,30.3948,30.3948,700,0
2017-09-08,20:00:00,30.408,30.44,30.368,30.4,5872,0
2017-09-08,21:00:00,30.3806,30.3806,30.312,30.3384,4765,0
2017-09-08,22:00:00,30.35,30.37,30.2875,30.33,10132,0
2017-09-11,16:00:00,30.7,30.77,30.7,30.77,10793,0
2017-09-11,17:00:00,30.82,30.83,30.71,30.71,9815,0
2017-09-11,18:00:00,30.7,30.755,30.7,30.755,10466,0
2017-09-11,19:00:00,30.74,30.7572,30.7354,30.7459,3045,0
2017-09-11,20:00:00,30.7932,30.85,30.7932,30.85,4506,0
2017-09-11,21:00:00,30.9,30.9,30.84,30.88,29028,0
2017-09-11,22:00:00,30.89,30.91,30.824,30.89,24733,0
2017-09-12,16:00:00,30.91,30.95,30.7784,30.8506,6337,0
2017-09-12,17:00:00,30.8893,30.8893,30.75,30.75,2200,0
2017-09-12,18:00:00,30.83,30.85,30.82,30.845,1388,0
2017-09-12,19:00:00,30.845,30.92,30.845,30.88,2635,0
2017-09-12,20:00:00,30.888,30.95,30.877,30.95,8625,0
2017-09-12,21:00:00,30.92,30.976,30.9,30.92,12708,0
2017-09-12,22:00:00,30.8711,31,30.8711,31,8595,0
2017-09-13,16:00:00,31,31.013,30.87,31.013,2050,0
2017-09-13,17:00:00,31.01,31.11,30.98,31.095,7725,0
2017-09-13,18:00:00,31.0764,31.0899,30.9111,30.945,13945,0
2017-09-13,19:00:00,31.0118,31.02,31,31,1050,0
2017-09-13,20:00:00,31.0094,31.023,30.97,31.0108,5400,0
2017-09-13,21:00:00,30.985,31.03,30.985,31.014,10342,0
2017-09-13,22:00:00,31.03,31.03,30.963,31.01,10511,0
2017-09-14,16:00:00,30.99,31.005,30.75,30.93,6964,0
2017-09-14,17:00:00,30.911,30.9821,30.909,30.9783,1700,0
2017-09-14,18:00:00,30.99,31.0458,30.98,30.9934,1330,0
2017-09-14,19:00:00,30.96,31.02,30.9481,30.96,5958,0
2017-09-14,20:00:00,30.974,30.985,30.92,30.92,2100,0
2017-09-14,21:00:00,30.91,30.91,30.91,30.91,700,0
2017-09-14,22:00:00,30.91,30.91,30.858,30.87,4049,0
2017-09-15,16:00:00,30.79,30.9256,30.5721,30.5721,1793,0
2017-09-15,17:00:00,30.77,30.95,30.77,30.95,2805,0
2017-09-15,18:00:00,30.96,30.968,30.9001,30.91,3060,0
2017-09-15,19:00:00,30.9984,31.0399,30.95,30.9933,6575,0
2017-09-15,20:00:00,30.9804,30.9885,30.975,30.975,1018,0
2017-09-15,21:00:00,31,31.02,30.9785,30.98,2525,0
2017-09-15,22:00:00,31.005,31.0299,30.94,30.94,3422,0
2017-09-18,16:00:00,31.23,31.36,31.2056,31.31,33092,0
2017-09-18,17:00:00,31.29,31.35,31.24,31.24,33238,0
2017-09-18,18:00:00,31.24,31.3774,31.24,31.3774,14955,0
2017-09-18,19:00:00,31.3825,31.42,31.348,31.365,38549,0
2017-09-18,20:00:00,31.34,31.44,31.34,31.43,13644,0
2017-09-18,21:00:00,31.43,31.435,31.21,31.26,20507,0
2017-09-18,22:00:00,31.28,31.39,31.28,31.33,11622,0
2017-09-19,16:00:00,31.48,31.55,31.3064,31.364,8131,0
2017-09-19,17:00:00,31.37,31.5224,31.37,31.4751,9400,0
2017-09-19,18:00:00,31.509,31.53,31.4201,31.485,13347,0
2017-09-19,19:00:00,31.51,31.54,31.47,31.52,21293,0
2017-09-19,20:00:00,31.52,31.57,31.51,31.5136,16259,0
2017-09-19,21:00:00,31.5364,31.571,31.5232,31.5232,25243,0
2017-09-19,22:00:00,31.54,31.58,31.53,31.55,44962,0
2017-09-20,16:00:00,31.68,31.74,31.5011,31.64,24113,0
2017-09-20,17:00:00,31.6499,31.6499,31.45,31.45,24734,0
2017-09-20,18:00:00,31.4099,31.4415,31.365,31.389,4635,0
2017-09-20,19:00:00,31.43,31.4715,31.4028,31.4715,3000,0
2017-09-20,20:00:00,31.46,31.46,31.372,31.375,2950,0
2017-09-20,21:00:00,31.4328,31.4328,31.1767,31.32,8759,0
2017-09-20,22:00:00,31.3502,31.425,31.34,31.402,47612,0
2017-09-21,16:00:00,31.49,31.49,31.1,31.13,6833,0
2017-09-21,17:00:00,31.16,31.18,30.94,31.145,18929,0
2017-09-21,18:00:00,31.17,31.2,31.13,31.15,3190,0
2017-09-21,19:00:00,31.2381,31.2651,31.2381,31.25,900,0
2017-09-21,20:00:00,31.24,31.2616,31.23,31.24,1760,0
2017-09-21,21:00:00,31.2301,31.279,31.1898,31.1898,8471,0
2017-09-21,22:00:00,31.2073,31.232,31.16,31.18,8314,0
2017-09-22,17:00:00,31.2138,31.2138,31.15,31.15,4025,0
2017-09-22,18:00:00,31.0883,31.16,31.0883,31.14,3315,0
2017-09-22,19:00:00,31.16,31.26,31.1501,31.26,12068,0
2017-09-22,20:00:00,31.22,31.27,31.17,31.2605,1525,0
2017-09-22,21:00:00,31.2661,31.34,31.2661,31.3296,11269,0
2017-09-22,22:00:00,31.35,31.39,31.3126,31.39,4932,0
2017-09-25,16:00:00,31.41,31.41,30.96,30.994,10557,0
2017-09-25,17:00:00,30.99,31.09,30.684,30.7006,19942,0
2017-09-25,18:00:00,30.6936,30.73,30.61,30.63,10002,0
2017-09-25,19:00:00,30.6033,30.6033,30.45,30.539,8905,0
2017-09-25,20:00:00,30.549,30.55,30.471,30.4867,1748,0
2017-09-25,21:00:00,30.4942,30.4942,30.36,30.3816,10165,0
2017-09-25,22:00:00,30.4202,30.59,30.39,30.59,16344,0
2017-09-26,16:00:00,31.08,31.08,30.8133,30.82,8038,0
2017-09-26,17:00:00,30.8575,30.98,30.8,30.8,9809,0
2017-09-26,18:00:00,30.73,30.735,30.6,30.61,2388,0
2017-09-26,19:00:00,30.68,30.68,30.6533,30.67,1360,0
2017-09-26,20:00:00,30.661,30.82,30.661,30.778,3183,0
2017-09-26,21:00:00,30.75,30.77,30.721,30.753,4007,0
2017-09-26,22:00:00,30.7496,30.78,30.71,30.71,3563,0
2017-09-27,16:00:00,30.93,31.17,30.93,31.058,5464,0
2017-09-27,17:00:00,31.076,31.19,31.05,31.17,4829,0
2017-09-27,18:00:00,31.1645,31.269,31.1632,31.1632,21084,0
2017-09-27,19:00:00,31.15,31.175,31.146,31.175,1000,0
2017-09-27,20:00:00,31.17,31.3,31.17,31.3,4558,0
2017-09-27,21:00:00,31.329,31.379,31.29,31.315,15865,0
2017-09-27,22:00:00,31.399,31.45,31.3497,31.38,13962,0
2017-09-28,16:00:00,31.41,31.41,31.07,31.08,12405,0
2017-09-28,17:00:00,31.2,31.3,31.1706,31.24,5699,0
2017-09-28,18:00:00,31.2,31.27,31.19,31.228,8928,0
2017-09-28,19:00:00,31.22,31.29,31.22,31.275,11257,0
2017-09-28,20:00:00,31.29,31.358,31.27,31.345,3667,0
2017-09-28,21:00:00,31.335,31.378,31.3121,31.3121,3878,0
2017-09-28,22:00:00,31.3605,31.37,31.3231,31.33,16518,0
2017-09-29,16:00:00,31.5699,31.5699,31.4555,31.484,2802,0
2017-09-29,17:00:00,31.4676,31.549,31.4676,31.52,12522,0
2017-09-29,18:00:00,31.559,31.65,31.5465,31.61,16694,0
2017-09-29,19:00:00,31.625,31.67,31.59,31.665,19950,0
2017-09-29,20:00:00,31.698,31.7,31.59,31.59,8939,0
2017-09-29,21:00:00,31.595,31.609,31.57,31.58,9835,0
2017-09-29,22:00:00,31.6166,31.63,31.61,31.63,11440,0
2017-10-02,16:00:00,32.04,32.04,31.681,31.8,14144,0
2017-10-02,17:00:00,31.79,31.91,31.7725,31.829,20733,0
2017-10-02,18:00:00,31.825,31.83,31.63,31.63,20090,0
2017-10-02,19:00:00,31.6,31.74,31.6,31.73,12856,0
2017-10-02,20:00:00,31.741,31.81,31.741,31.8,23847,0
2017-10-02,21:00:00,31.81,31.85,31.7823,31.815,4491,0
2017-10-02,22:00:00,31.8332,31.885,31.82,31.86,14294,0
2017-10-03,16:00:00,32.09,32.2136,32.09,32.19,23369,0
2017-10-03,17:00:00,32.1697,32.175,32.01,32.05,10206,0
2017-10-03,18:00:00,32.05,32.06,31.96,31.98,33258,0
2017-10-03,19:00:00,32.025,32.08,31.9993,32.0324,23934,0
2017-10-03,20:00:00,32.0536,32.11,32.03,32.105,10855,0
2017-10-03,21:00:00,32.105,32.12,32.04,32.085,29984,0
2017-10-03,22:00:00,32.075,32.13,32.05,32.13,13455,0
2017-10-04,16:00:00,32.18,32.2663,31.86,31.9,13627,0
2017-10-04,17:00:00,31.97,31.972,31.92,31.969,5621,0
2017-10-04,18:00:00,31.9992,32.066,31.98,32.0499,5619,0
2017-10-04,19:00:00,32.0146,32.08,32.0134,32.0662,10217,0
2017-10-04,20:00:00,32.0999,32.0999,31.98,31.9936,10091,0
2017-10-04,21:00:00,32.0155,32.079,32.0155,32.073,6802,0
2017-10-04,22:00:00,32.1,32.1061,32.075,32.0874,4450,0
2017-10-05,16:00:00,32.23,32.23,31.989,31.989,4978,0
2017-10-05,17:00:00,31.973,32.0374,31.9411,32,5741,0
2017-10-05,18:00:00,32.0163,32.017,31.91,31.999,11472,0
2017-10-05,19:00:00,32.009,32.1,32,32.06,5885,0
2017-10-05,20:00:00,32.019,32.02,32,32.01,9759,0
2017-10-05,21:00:00,32.004,32.04,32,32.0225,4978,0
2017-10-05,22:00:00,32.04,32.11,32.04,32.098,30493,0
2017-10-06,16:00:00,31.88,32.135,31.868,32.13,10386,0
2017-10-06,17:00:00,32.155,32.22,32.1475,32.1475,1545,0
2017-10-06,18:00:00,32.139,32.22,32.139,32.21,35366,0
2017-10-06,19:00:00,32.1999,32.2716,32.185,32.24,3081,0
2017-10-06,20:00:00,32.225,32.23,32.2028,32.21,990,0
2017-10-06,21:00:00,32.24,32.279,32.22,32.275,3760,0
2017-10-06,22:00:00,32.28,32.325,32.25,32.325,52186,0
2017-10-09,16:00:00,32.46,32.515,32.39,32.485,15357,0
2017-10-09,17:00:00,32.5068,32.55,32.45,32.5325,13872,0
2017-10-09,18:00:00,32.549,32.67,32.54,32.6585,10207,0
2017-10-09,19:00:00,32.669,32.669,32.6,32.6,11499,0
2017-10-09,20:00:00,32.6,32.614,32.5793,32.595,4606,0
2017-10-09,21:00:00,32.61,32.6224,32.57,32.597,12474,0
2017-10-09,22:00:00,32.595,32.595,32.511,32.56,33133,0
2017-10-10,16:00:00,32.64,32.847,32.519,32.54,17717,0
2017-10-10,17:00:00,32.555,32.6433,32.542,32.6433,11709,0
2017-10-10,18:00:00,32.6467,32.669,32.54,32.54,12520,0
2017-10-10,19:00:00,32.54,32.55,32.37,32.44,8368,0
2017-10-10,20:00:00,32.43,32.455,32.41,32.4426,6017,0
2017-10-10,21:00:00,32.499,32.5021,32.475,32.5021,9389,0
2017-10-10,22:00:00,32.5444,32.5899,32.534,32.585,5550,0
2017-10-11,16:00:00,32.66,32.66,32.5388,32.643,6280,0
2017-10-11,17:00:00,32.65,32.759,32.64,32.705,16707,0
2017-10-11,18:00:00,32.7,32.729,32.6466,32.661,17061,0
2017-10-11,19:00:00,32.662,32.676,32.59,32.59,8579,0
2017-10-11,20:00:00,32.6278,32.64,32.6,32.6116,10507,0
2017-10-11,21:00:00,32.63,32.704,32.61,32.64,39322,0
2017-10-11,22:00:00,32.621,32.68,32.621,32.68,7320,0
2017-10-12,16:00:00,32.8,32.8,32.66,32.7254,5252,0
2017-10-12,17:00:00,32.72,32.779,32.695,32.7589,3482,0
2017-10-12,18:00:00,32.77,32.8,32.75,32.75,18926,0
2017-10-12,19:00:00,32.75,32.78,32.74,32.74,6558,0
2017-10-12,20:00:00,32.76,32.76,32.7085,32.75,11821,0
2017-10-12,21:00:00,32.745,32.799,32.7,32.7,6913,0
2017-10-12,22:00:00,32.695,32.757,32.68,32.7,13806,0
2017-10-13,16:00:00,32.84,32.84,32.727,32.727,4036,0
2017-10-13,17:00:00,32.869,32.909,32.86,32.9,13693,0
2017-10-13,18:00:00,32.919,32.92,32.86,32.896,19308,0
2017-10-13,19:00:00,32.89,32.8914,32.8628,32.865,11143,0
2017-10-13,20:00:00,32.867,32.87,32.84,32.84,6372,0
2017-10-13,21:00:00,32.8386,32.857,32.83,32.84,6100,0
2017-10-13,22:00:00,32.8396,32.878,32.8396,32.86,33601,0
2017-10-16,16:00:00,33.01,33.09,32.9,33.03,22646,0
2017-10-16,17:00:00,33.0176,33.07,32.965,32.98,31025,0
2017-10-16,18:00:00,33,33.04,32.97,33.04,19009,0
2017-10-16,19:00:00,33.05,33.09,32.97,33.0899,16929,0
2017-10-16,20:00:00,33.07,33.175,33.061,33.17,13108,0
2017-10-16,21:00:00,33.135,33.21,33.12,33.21,9952,0
2017-10-16,22:00:00,33.205,33.2692,33.18,33.26,26004,0
2017-10-17,16:00:00,33.29,33.4236,33.17,33.21,20106,0
2017-10-17,17:00:00,33.22,33.285,33.1,33.1,13601,0
2017-10-17,18:00:00,33.155,33.18,33.1,33.127,13121,0
2017-10-17,19:00:00,33.13,33.15,33.11,33.11,7837,0
2017-10-17,20:00:00,33.14,33.21,33.1,33.1,11353,0
2017-10-17,21:00:00,33.12,33.12,33.06,33.1,5352,0
2017-10-17,22:00:00,33.1191,33.13,33.09,33.13,17577,0
2017-10-18,16:00:00,33.28,33.39,33.1605,33.17,15310,0
2017-10-18,17:00:00,33.15,33.2399,33.1,33.1886,8341,0
2017-10-18,18:00:00,33.24,33.26,33.16,33.26,10258,0
2017-10-18,19:00:00,33.2533,33.348,33.2533,33.33,26586,0
2017-10-18,20:00:00,33.325,33.3765,33.325,33.369,10829,0
2017-10-18,21:00:00,33.38,33.408,33.37,33.38,10983,0
2017-10-18,22:00:00,33.399,33.42,33.364,33.42,19282,0
2017-10-19,16:00:00,33.1,33.1507,32.45,32.53,65665,0
2017-10-19,17:00:00,32.557,32.9496,32.5101,32.922,44061,0
2017-10-19,18:00:00,32.9386,33,32.91,32.91,7901,0
2017-10-19,19:00:00,32.9311,32.959,32.85,32.911,10437,0
2017-10-19,20:00:00,32.93,33.05,32.93,33.026,22739,0
2017-10-19,21:00:00,33.0426,33.13,33.0426,33.1283,8412,0
2017-10-19,22:00:00,33.1199,33.18,33.1,33.18,32281,0
2017-10-20,16:00:00,33.47,33.69,33.47,33.69,30131,0
2017-10-20,17:00:00,33.68,33.7095,33.61,33.66,25871,0
2017-10-20,18:00:00,33.66,33.749,33.65,33.7,18843,0
2017-10-20,19:00:00,33.7099,33.82,33.7024,33.795,29436,0
2017-10-20,20:00:00,33.7947,33.81,33.755,33.76,60978,0
2017-10-20,21:00:00,33.755,33.78,33.72,33.72,45172,0
2017-10-20,22:00:00,33.69,33.95,33.6301,33.95,51328,0
2017-10-23,16:00:00,33.96,34.08,33.7201,33.76,151950,0
2017-10-23,17:00:00,33.75,33.7814,33.6097,33.705,73139,0
2017-10-23,18:00:00,33.71,33.73,33.67,33.73,117498,0
2017-10-23,19:00:00,33.73,33.82,33.66,33.779,116534,0
2017-10-23,20:00:00,33.779,33.83,33.73,33.745,45515,0
2017-10-23,21:00:00,33.75,33.77,33.67,33.7132,44551,0
2017-10-23,22:00:00,33.72,33.72,33.53,33.5922,74046,0
2017-10-24,16:00:00,33.85,33.876,33.57,33.6084,30045,0
2017-10-24,17:00:00,33.6,33.6792,33.55,33.578,39887,0
2017-10-24,18:00:00,33.6,33.69,33.575,33.66,25626,0
2017-10-24,19:00:00,33.6625,33.7,33.61,33.65,30212,0
2017-10-24,20:00:00,33.65,33.67,33.57,33.649,49643,0
2017-10-24,21:00:00,33.655,33.67,33.635,33.65,25815,0
2017-10-24,22:00:00,33.659,33.689,33.61,33.63,40529,0
2017-10-25,16:00:00,33.75,33.78,33.51,33.51,33857,0
2017-10-25,17:00:00,33.51,33.6,33.38,33.38,50420,0
2017-10-25,18:00:00,33.38,33.3844,32.804,32.94,128404,0
2017-10-25,19:00:00,32.94,32.94,32.751,32.939,52939,0
2017-10-25,20:00:00,32.9101,33.0486,32.91,33.0418,40111,0
2017-10-25,21:00:00,33.0347,33.08,32.94,32.9999,20716,0
2017-10-25,22:00:00,32.9874,33.069,32.98,33.04,47333,0
2017-10-26,16:00:00,32.97,33.07,32.53,32.8947,151022,0
2017-10-26,17:00:00,32.85,32.94,32.73,32.94,40976,0
2017-10-26,18:00:00,32.94,32.995,32.731,32.7536,17330,0
2017-10-26,19:00:00,32.765,32.8,32.68,32.71,54397,0
2017-10-26,20:00:00,32.72,32.779,32.6933,32.7286,42928,0
2017-10-26,21:00:00,32.7319,32.78,32.7045,32.7045,17804,0
2017-10-26,22:00:00,32.7062,32.71,32.6,32.61,46048,0
2017-10-27,16:00:00,33.04,33.06,32.755,32.7932,40756,0
2017-10-27,17:00:00,32.7701,32.85,32.7,32.729,66084,0
2017-10-27,18:00:00,32.7058,32.989,32.7,32.9654,73918,0
2017-10-27,19:00:00,32.959,33.049,32.959,32.98,41954,0
2017-10-27,20:00:00,32.989,33.063,32.96,33.055,19304,0
2017-10-27,21:00:00,33.08,33.0928,33.02,33.04,48404,0
2017-10-27,22:00:00,33.03,33.11,33.03,33.11,66827,0
2017-10-30,15:00:00,33.37,33.37,33.11,33.2,69127,0
2017-10-30,16:00:00,33.2063,33.2698,33.0768,33.09,147042,0
2017-10-30,17:00:00,33.099,33.14,32.9321,32.987,53334,0
2017-10-30,18:00:00,32.985,32.985,32.85,32.97,29595,0
2017-10-30,19:00:00,32.97,32.999,32.902,32.91,19122,0
2017-10-30,20:00:00,32.91,33,32.91,32.97,68852,0
2017-10-30,21:00:00,32.965,33.02,32.925,33.02,45465,0
2017-10-31,15:00:00,33.22,33.2754,33.06,33.06,53925,0
2017-10-31,16:00:00,33.1399,33.22,33.08,33.205,80413,0
2017-10-31,17:00:00,33.2001,33.32,33.2,33.319,104198,0
2017-10-31,18:00:00,33.319,33.449,33.29,33.449,71000,0
2017-10-31,19:00:00,33.43,33.46,33.41,33.42,71307,0
2017-10-31,20:00:00,33.4458,33.48,33.3398,33.375,52276,0
2017-10-31,21:00:00,33.378,33.42,33.36,33.38,70838,0
2017-11-01,15:00:00,33.83,33.83,33.42,33.439,89281,0
2017-11-01,16:00:00,33.44,33.44,33.22,33.28,118156,0
2017-11-01,17:00:00,33.305,33.369,33.2,33.2,26269,0
2017-11-01,18:00:00,33.16,33.2,33.0675,33.0675,20244,0
2017-11-01,19:00:00,33.06,33.06,32.8,32.93,42139,0
2017-11-01,20:00:00,32.96,33.05,32.92,33.0298,21323,0
2017-11-01,21:00:00,33.03,33.13,33.03,33.08,25280,0
2017-11-02,15:00:00,33.13,33.13,32.62,32.6962,59621,0
2017-11-02,16:00:00,32.69,32.71,32.37,32.51,61440,0
2017-11-02,17:00:00,32.6,32.63,32.26,32.4406,50639,0
2017-11-02,18:00:00,32.4556,32.6,32.4556,32.55,29385,0
2017-11-02,19:00:00,32.588,32.618,32.5098,32.5098,50587,0
2017-11-02,20:00:00,32.505,32.56,32.5,32.51,11194,0
2017-11-02,21:00:00,32.53,32.55,32.4278,32.44,39956,0
2017-11-03,15:00:00,32.59,32.7539,32.525,32.6264,30282,0
2017-11-03,16:00:00,32.6703,32.8599,32.62,32.835,52421,0
2017-11-03,17:00:00,32.84,32.92,32.79,32.7999,28836,0
2017-11-03,18:00:00,32.7947,32.81,32.756,32.77,24987,0
2017-11-03,19:00:00,32.8,32.84,32.79,32.807,25837,0
2017-11-03,20:00:00,32.805,32.82,32.76,32.7825,35657,0
2017-11-03,21:00:00,32.79,32.9,32.76,32.9,57361,0
2017-11-06,16:00:00,33.03,33.09,32.89,32.97,61145,0
2017-11-06,17:00:00,32.96,33.07,32.93,32.95,81784,0
2017-11-06,18:00:00,32.955,33.02,32.9,32.951,34478,0
2017-11-06,19:00:00,32.9699,33.05,32.939,33.05,20903,0
2017-11-06,20:00:00,33.0558,33.0706,33,33.0706,24130,0
2017-11-06,21:00:00,33.07,33.12,33.07,33.1058,23834,0
2017-11-06,22:00:00,33.1034,33.2,33.1,33.2,46396,0
2017-11-07,16:00:00,33.28,33.3099,33.12,33.3099,37096,0
2017-11-07,17:00:00,33.3,33.3,33.15,33.16,29132,0
2017-11-07,19:00:00,33.0862,33.109,33.03,33.0648,10371,0
2017-11-07,20:00:00,33.07,33.149,33.07,33.129,14026,0
2017-11-07,21:00:00,33.1189,33.129,33.06,33.0624,53688,0
2017-11-07,22:00:00,33.075,33.18,33.05,33.18,30727,0
2017-11-08,16:00:00,33.3,33.37,33.16,33.179,32817,0
2017-11-08,17:00:00,33.175,33.239,33.1121,33.169,18306,0
2017-11-08,18:00:00,33.17,33.25,33.16,33.219,20186,0
2017-11-08,19:00:00,33.2036,33.349,33.2036,33.3397,18377,0
2017-11-08,20:00:00,33.35,33.429,33.27,33.3198,29644,0
2017-11-08,21:00:00,33.3055,33.39,33.3,33.3812,34363,0
2017-11-08,22:00:00,33.39,33.41,33.35,33.38,41945,0
2017-11-09,16:00:00,33.19,33.19,32.71,32.8135,76755,0
2017-11-09,17:00:00,32.8357,32.9851,32.81,32.98,32567,0
2017-11-09,18:00:00,32.98,32.9912,32.7364,32.7547,65144,0
2017-11-09,19:00:00,32.7698,32.7698,32.51,32.6348,51484,0
2017-11-09,20:00:00,32.62,32.79,32.561,32.7466,60230,0
2017-11-09,21:00:00,32.7338,32.7919,32.72,32.769,16133,0
2017-11-09,22:00:00,32.762,32.94,32.762,32.94,23610,0
2017-11-10,16:00:00,32.95,33.13,32.9,33.0992,23744,0
2017-11-10,17:00:00,33.12,33.12,32.9698,33.0218,23829,0
2017-11-10,18:00:00,32.9965,33.0715,32.98,33.0552,11182,0
2017-11-10,19:00:00,33.05,33.099,33.05,33.0686,7135,0
2017-11-10,20:00:00,33.06,33.12,33.03,33.09,27586,0
2017-11-10,21:00:00,33.085,33.18,33.085,33.1783,9418,0
2017-11-10,22:00:00,33.19,33.2,33.11,33.2,45834,0
2017-11-13,16:00:00,33.19,33.19,33,33.13,50579,0
2017-11-13,17:00:00,33.12,33.16,33.0833,33.1417,19619,0
2017-11-13,18:00:00,33.1397,33.2848,33.13,33.27,35664,0
2017-11-13,19:00:00,33.2786,33.31,33.24,33.2944,51139,0
2017-11-13,20:00:00,33.323,33.34,33.28,33.339,23217,0
2017-11-13,21:00:00,33.34,33.39,33.339,33.3794,26363,0
2017-11-13,22:00:00,33.4,33.4,33.3343,33.35,20092,0
2017-11-14,16:00:00,33.32,33.3533,33.2,33.29,38931,0
2017-11-14,17:00:00,33.25,33.3699,33.1751,33.369,31559,0
2017-11-14,18:00:00,33.33,33.38,33.28,33.36,18500,0
2017-11-14,19:00:00,33.345,33.36,33.12,33.135,24200,0
2017-11-14,20:00:00,33.1596,33.229,33.0952,33.19,11901,0
2017-11-14,21:00:00,33.215,33.24,33.2,33.22,9518,0
2017-11-14,22:00:00,33.2504,33.2816,33.224,33.27,18363,0
2017-11-15,16:00:00,33.15,33.1751,32.8,32.92,45723,0
2017-11-15,17:00:00,32.92,33.221,32.861,33.2156,22258,0
2017-11-15,18:00:00,33.2498,33.3,33.161,33.3,11538,0
2017-11-15,19:00:00,33.27,33.2982,33.2,33.2583,19683,0
2017-11-15,20:00:00,33.259,33.299,33.241,33.279,22783,0
2017-11-15,21:00:00,33.27,33.38,33.27,33.3642,14213,0
2017-11-15,22:00:00,33.38,33.38,33.25,33.3,22680,0
2017-11-16,16:00:00,33.66,33.88,33.65,33.88,48084,0
2017-11-16,17:00:00,33.89,33.98,33.83,33.9232,112914,0
2017-11-16,18:00:00,33.92,33.97,33.9081,33.9248,64945,0
2017-11-16,19:00:00,33.94,34.0366,33.93,34.0209,50952,0
2017-11-16,20:00:00,34.0241,34.079,33.97,33.99,54777,0
2017-11-16,21:00:00,33.9865,34.07,33.9865,34.02,122649,0
2017-11-16,22:00:00,34.01,34.06,33.98,33.995,99611,0
2017-11-17,16:00:00,34.14,34.27,33.99,33.99,50522,0
2017-11-17,17:00:00,33.9999,34.03,33.85,33.95,55978,0
2017-11-17,18:00:00,33.96,33.96,33.84,33.921,45818,0
2017-11-17,19:00:00,33.945,34,33.945,33.96,20933,0
2017-11-17,20:00:00,33.964,33.99,33.9,33.9,18373,0
2017-11-17,21:00:00,33.9,33.9499,33.89,33.94,28018,0
2017-11-17,22:00:00,33.945,33.9847,33.9,33.95,70415,0
2017-11-20,16:00:00,34.18,34.35,34.0962,34.34,75478,0
2017-11-20,17:00:00,34.3465,34.39,34.24,34.39,62650,0
2017-11-20,18:00:00,34.3279,34.49,34.3279,34.48,41464,0
2017-11-20,19:00:00,34.479,34.49,34.36,34.41,50886,0
2017-11-20,20:00:00,34.42,34.49,34.41,34.45,72793,0
2017-11-20,21:00:00,34.45,34.45,34.3532,34.4112,48835,0
2017-11-20,22:00:00,34.429,34.47,34.41,34.47,51394,0
2017-11-21,16:00:00,34.75,34.95,34.705,34.95,108872,0
2017-11-21,17:00:00,34.95,34.95,34.85,34.8747,63827,0
2017-11-21,18:00:00,34.8756,34.91,34.82,34.9,34453,0
2017-11-21,19:00:00,34.8948,34.92,34.845,34.85,68041,0
2017-11-21,20:00:00,34.85,34.91,34.85,34.905,53747,0
2017-11-21,21:00:00,34.9,34.9,34.87,34.895,44838,0
2017-11-21,22:00:00,34.9,34.98,34.885,34.98,47515,0
2017-11-22,16:00:00,35.11,35.14,34.76,34.7995,77803,0
2017-11-22,17:00:00,34.823,34.86,34.77,34.825,69948,0
2017-11-22,18:00:00,34.83,34.84,34.67,34.73,43169,0
2017-11-22,19:00:00,34.6995,34.8,34.6995,34.7712,19924,0
2017-11-22,20:00:00,34.77,34.81,34.75,34.78,36716,0
2017-11-22,21:00:00,34.785,34.87,34.75,34.855,28661,0
2017-11-22,22:00:00,34.8586,34.87,34.77,34.81,32915,0
2017-11-24,16:00:00,34.9,34.92,34.8357,34.92,29597,0
2017-11-24,17:00:00,34.9328,34.94,34.86,34.8749,86478,0
2017-11-24,18:00:00,34.88,34.91,34.8601,34.9076,71898,0
2017-11-24,19:00:00,34.905,34.94,34.8943,34.915,50891,0
2017-11-24,20:00:00,34.95,34.95,34.95,34.95,523,0
2017-11-24,22:00:00,34.95,34.95,34.95,34.95,0,0
2017-11-27,16:00:00,34.93,34.93,34.675,34.735,57477,0
2017-11-27,17:00:00,34.72,34.81,34.72,34.7412,39828,0
2017-11-27,18:00:00,34.75,34.75,34.4901,34.6,161777,0
2017-11-27,19:00:00,34.5966,34.66,34.563,34.65,42975,0
2017-11-27,20:00:00,34.6511,34.7,34.6161,34.6161,13494,0
2017-11-27,21:00:00,34.615,34.615,34.5501,34.5976,14090,0
2017-11-27,22:00:00,34.595,34.6,34.45,34.51,44564,0
2017-11-28,16:00:00,34.84,34.9,34.72,34.735,22501,0
2017-11-28,17:00:00,34.7444,34.78,34.6738,34.6996,20643,0
2017-11-28,18:00:00,34.6963,34.81,34.685,34.77,14137,0
2017-11-28,19:00:00,34.78,34.84,34.77,34.82,48064,0
2017-11-28,20:00:00,34.84,34.86,34.629,34.629,56006,0
2017-11-28,21:00:00,34.6172,34.779,34.54,34.7353,31086,0
2017-11-28,22:00:00,34.735,34.86,34.735,34.84,45568,0
2017-11-29,16:00:00,34.88,34.89,34.15,34.15,117542,0
2017-11-29,17:00:00,34.1508,34.16,33.4,33.4931,251025,0
2017-11-29,18:00:00,33.48,33.5,33.06,33.06,159709,0
2017-11-29,19:00:00,33.05,33.5,32.9379,33.41,132173,0
2017-11-29,20:00:00,33.3795,33.6,33.32,33.5066,63932,0
2017-11-29,21:00:00,33.51,33.52,33.27,33.355,39495,0
2017-11-29,22:00:00,33.325,33.4,33.26,33.4,50419,0
2017-11-30,16:00:00,33.57,33.77,33.35,33.53,66568,0
2017-11-30,17:00:00,33.527,33.8,33.51,33.67,75801,0
2017-11-30,18:00:00,33.69,33.77,33.5804,33.64,61522,0
2017-11-30,19:00:00,33.6149,33.7,33.5554,33.59,26486,0
2017-11-30,20:00:00,33.5992,33.69,33.58,33.61,41715,0
2017-11-30,21:00:00,33.66,33.69,33.5891,33.5891,44414,0
2017-11-30,22:00:00,33.5795,33.625,33.49,33.62,42780,0
2017-12-01,16:00:00,33.61,33.61,33.04,33.07,49732,0
2017-12-01,17:00:00,33.12,33.44,33.12,33.37,50809,0
2017-12-01,18:00:00,33.365,33.3867,32.42,32.8672,214268,0
2017-12-01,19:00:00,32.9133,33.07,32.78,32.9701,24971,0
2017-12-01,20:00:00,32.9868,33.1319,32.9356,33.02,24272,0
2017-12-01,21:00:00,33,33.06,32.93,32.95,26280,0
2017-12-01,22:00:00,32.95,33.16,32.92,33.14,84191,0
2017-12-04,16:00:00,33.54,33.6899,32.98,32.99,99441,0
2017-12-04,17:00:00,32.9913,32.9913,32.3,32.4,171242,0
2017-12-04,18:00:00,32.39,32.56,32.25,32.548,101031,0
2017-12-04,19:00:00,32.541,32.5664,32.42,32.5,37931,0
2017-12-04,20:00:00,32.52,32.5898,32.4,32.4343,71179,0
2017-12-04,21:00:00,32.44,32.4536,32.17,32.171,66450,0
2017-12-04,22:00:00,32.1701,32.2,31.97,32,129330,0
2017-12-05,16:00:00,31.9,32.4086,31.69,32.2964,86046,0
2017-12-05,17:00:00,32.35,32.46,32.24,32.32,27996,0
2017-12-05,18:00:00,32.37,32.5219,32.21,32.21,43784,0
2017-12-05,19:00:00,32.2246,32.33,32.2,32.21,19442,0
2017-12-05,20:00:00,32.201,32.32,32.15,32.3,29824,0
2017-12-05,21:00:00,32.31,32.3111,32.04,32.075,18285,0
2017-12-05,22:00:00,32.07,32.169,32.07,32.09,39583,0
2017-12-06,16:00:00,31.97,32.2399,31.88,32.13,26291,0
2017-12-06,17:00:00,32.22,32.25,32.05,32.22,35065,0
2017-12-06,18:00:00,32.2139,32.27,32.15,32.2,16221,0
2017-12-06,19:00:00,32.18,32.26,32.06,32.1932,16442,0
2017-12-06,20:00:00,32.19,32.2512,32.13,32.22,6049,0
2017-12-06,21:00:00,32.22,32.32,32.22,32.32,17808,0
2017-12-06,22:00:00,32.32,32.35,32.27,32.29,19771,0
