Date,Time,Open,High,Low,Close,Volume,OpenInt
2016-05-16,18:00:00,26.491,26.491,26.491,26.491,238,0
2016-05-17,16:00:00,26.47,26.4804,26.47,26.4804,313,0
2016-05-17,21:00:00,26.5,26.5,26.5,26.5,350,0
2016-05-17,22:00:00,26.47,26.47,26.47,26.47,300,0
2016-05-18,17:00:00,26.5239,26.5239,26.5239,26.5239,600,0
2016-05-18,18:00:00,26.5062,26.52,26.5062,26.52,1375,0
2016-05-18,20:00:00,26.4824,26.4824,26.4824,26.4824,400,0
2016-05-18,22:00:00,26.48,26.48,26.47,26.47,200,0
2016-05-19,16:00:00,26.43,26.43,26.43,26.43,1500,0
2016-05-19,17:00:00,26.48,26.5499,26.425,26.5499,1600,0
2016-05-19,18:00:00,26.5499,26.5499,26.5499,26.5499,300,0
2016-05-19,22:00:00,26.42,26.42,26.42,26.42,273,0
2016-05-20,16:00:00,26.59,26.59,26.59,26.59,1000,0
2016-05-20,17:00:00,26.7399,26.7399,26.7399,26.7399,500,0
2016-05-23,16:00:00,26.74,26.74,26.73,26.74,400,0
2016-05-23,18:00:00,26.8699,26.8699,26.6626,26.6626,600,0
2016-05-23,21:00:00,26.8599,26.8599,26.6478,26.6478,550,0
2016-05-23,22:00:00,26.6199,26.65,26.6001,26.6001,1400,0
2016-05-24,16:00:00,26.52,26.52,26.52,26.52,1467,0
2016-05-24,17:00:00,26.59,26.65,26.53,26.6,2000,0
2016-05-24,21:00:00,26.6001,26.6001,26.6001,26.6001,300,0
2016-05-24,22:00:00,26.6001,26.8,26.5901,26.5901,2900,0
2016-05-25,21:00:00,26.6,26.78,26.54,26.65,4210,0
2016-05-26,16:00:00,26.54,26.54,26.54,26.54,175,0
2016-05-26,17:00:00,26.4101,26.4101,26.4101,26.4101,550,0
2016-05-26,21:00:00,26.5899,26.6601,26.5899,26.6601,800,0
2016-05-26,22:00:00,26.53,26.53,26.53,26.53,500,0
2016-05-27,16:00:00,26.63,26.63,26.63,26.63,100,0
2016-05-27,18:00:00,26.6,26.7586,26.6,26.7586,1200,0
2016-05-27,21:00:00,26.7108,26.7108,26.5899,26.6801,1850,0
2016-05-27,22:00:00,26.5899,26.6701,26.5899,26.6701,200,0
2016-05-31,16:00:00,26.83,26.83,26.83,26.83,330,0
2016-05-31,17:00:00,26.59,26.67,26.5399,26.6,2700,0
2016-05-31,18:00:00,26.5,26.5,26.5,26.5,200,0
2016-05-31,19:00:00,26.5001,26.52,26.5,26.52,600,0
2016-05-31,22:00:00,26.7901,26.7901,26.7901,26.7901,500,0
2016-06-01,16:00:00,26.5799,26.6401,26.5799,26.6401,200,0
2016-06-01,19:00:00,26.5799,26.6901,26.5799,26.6901,600,0
2016-06-01,20:00:00,26.5799,26.62,26.5799,26.62,400,0
2016-06-01,21:00:00,26.6026,26.6587,26.6026,26.6587,880,0
2016-06-02,16:00:00,26.53,26.53,26.52,26.52,1500,0
2016-06-02,20:00:00,26.5301,26.5301,26.5301,26.5301,595,0
2016-06-02,22:00:00,26.6,26.7501,26.6,26.64,2000,0
2016-06-03,16:00:00,26.6299,26.67,26.6199,26.65,1600,0
2016-06-03,17:00:00,26.58,26.7,26.54,26.54,600,0
2016-06-03,18:00:00,26.67,26.71,26.67,26.7001,300,0
2016-06-03,20:00:00,26.5899,26.7101,26.5899,26.7101,400,0
2016-06-03,21:00:00,26.808,26.808,26.808,26.808,210,0
2016-06-03,22:00:00,26.54,26.54,26.54,26.54,200,0
2016-06-06,16:00:00,26.68,26.68,26.68,26.68,150,0
2016-06-06,17:00:00,26.566,26.566,26.566,26.566,300,0
2016-06-06,18:00:00,26.62,26.8,26.52,26.56,870,0
2016-06-06,19:00:00,26.56,26.56,26.53,26.53,800,0
2016-06-06,21:00:00,26.62,26.8001,26.62,26.8001,2000,0
2016-06-06,22:00:00,26.674,26.674,26.674,26.674,929,0
2016-06-07,16:00:00,26.79,26.79,26.79,26.79,400,0
2016-06-07,17:00:00,26.71,26.71,26.71,26.71,100,0
2016-06-07,19:00:00,26.813,26.813,26.813,26.813,300,0
2016-06-07,21:00:00,26.7821,26.7821,26.7479,26.7479,716,0
2016-06-08,16:00:00,26.64,26.64,26.64,26.64,601,0
2016-06-08,20:00:00,26.5461,26.5461,26.5461,26.5461,750,0
2016-06-08,21:00:00,26.5714,26.5714,26.5714,26.5714,100,0
2016-06-09,17:00:00,26.47,26.52,26.4,26.52,4350,0
2016-06-09,18:00:00,26.52,26.6,26.52,26.5472,1501,0
2016-06-09,19:00:00,26.66,26.84,26.66,26.75,900,0
2016-06-10,21:00:00,26.82,26.86,26.62,26.72,8400,0
2016-06-10,22:00:00,26.7,26.79,26.7,26.7,2000,0
2016-06-13,18:00:00,26.61,26.64,26.61,26.64,500,0
2016-06-14,16:00:00,26.79,26.79,26.79,26.79,100,0
2016-06-14,17:00:00,26.8,26.8,26.55,26.6662,3400,0
2016-06-15,16:00:00,26.73,26.73,26.73,26.73,100,0
2016-06-15,19:00:00,27.02,27.02,27.02,27.02,100,0
2016-06-15,20:00:00,26.525,26.571,26.525,26.571,1000,0
2016-06-15,21:00:00,26.7904,26.7904,26.74,26.74,200,0
2016-06-15,22:00:00,26.71,26.71,26.58,26.58,200,0
2016-06-16,16:00:00,26.49,26.49,26.49,26.49,100,0
2016-06-16,20:00:00,26.46,26.46,26.46,26.46,100,0
2016-06-16,21:00:00,26.45,26.5,26.4401,26.5,300,0
2016-06-17,18:00:00,26.48,26.61,26.48,26.54,700,0
2016-06-17,19:00:00,26.5,26.5,26.44,26.49,850,0
2016-06-17,20:00:00,26.49,26.49,26.49,26.49,100,0
2016-06-20,16:00:00,26.55,26.55,26.55,26.55,100,0
2016-06-20,17:00:00,26.44,26.4401,26.44,26.44,832,0
2016-06-20,20:00:00,26.5058,26.5058,26.42,26.5058,802,0
2016-06-20,21:00:00,26.5,26.57,26.42,26.42,1501,0
2016-06-20,22:00:00,26.45,26.45,26.4201,26.4201,450,0
2016-06-21,19:00:00,26.43,26.47,26.43,26.47,200,0
2016-06-21,20:00:00,26.5,26.5,26.5,26.5,100,0
2016-06-21,21:00:00,26.4572,26.4572,26.4572,26.4572,1500,0
2016-06-21,22:00:00,26.43,26.43,26.43,26.43,200,0
2016-06-22,18:00:00,26.483,26.483,26.483,26.483,700,0
2016-06-22,19:00:00,26.45,26.45,26.45,26.45,300,0
2016-06-22,21:00:00,26.45,26.45,26.45,26.45,300,0
2016-06-22,22:00:00,26.46,26.46,26.44,26.44,600,0
2016-06-23,16:00:00,26.49,26.55,26.49,26.5201,1400,0
2016-06-23,17:00:00,26.53,26.54,26.53,26.54,300,0
2016-06-23,19:00:00,26.44,26.4606,26.43,26.4588,1100,0
2016-06-23,20:00:00,26.43,26.43,26.43,26.43,166,0
2016-06-23,22:00:00,26.45,26.46,26.45,26.46,800,0
2016-06-24,16:00:00,26.43,26.45,26.43,26.43,916,0
2016-06-24,17:00:00,26.47,26.5591,26.41,26.41,2250,0
2016-06-24,18:00:00,26.51,26.51,26.51,26.51,100,0
2016-06-24,20:00:00,26.44,26.5,26.43,26.5,2000,0
2016-06-27,16:00:00,26.69,26.69,26.69,26.69,542,0
2016-06-27,17:00:00,26.71,26.901,26.43,26.5776,2825,0
2016-06-27,18:00:00,26.84,26.84,26.84,26.84,400,0
2016-06-28,16:00:00,26.72,26.72,26.72,26.72,535,0
2016-06-28,17:00:00,26.528,26.528,26.528,26.528,864,0
2016-06-28,18:00:00,26.4535,26.4535,26.4535,26.4535,200,0
2016-06-28,20:00:00,26.7577,26.7577,26.7577,26.7577,150,0
2016-06-29,16:00:00,26.92,26.92,26.52,26.524,1000,0
2016-06-29,17:00:00,26.86,26.86,26.7527,26.7527,425,0
2016-06-30,16:00:00,26.64,26.64,26.64,26.64,100,0
2016-06-30,18:00:00,26.5983,26.5983,26.5983,26.5983,200,0
2016-06-30,20:00:00,26.65,26.85,26.6,26.62,4145,0
2016-06-30,21:00:00,26.57,26.58,26.55,26.57,700,0
2016-06-30,22:00:00,26.55,26.5514,26.51,26.5514,2000,0
2016-07-01,16:00:00,26.76,26.76,26.76,26.76,1354,0
2016-07-01,20:00:00,26.78,26.78,26.76,26.76,500,0
2016-07-01,21:00:00,26.6788,26.8899,26.6788,26.8899,620,0
2016-07-05,18:00:00,26.55,26.7888,26.55,26.7888,930,0
2016-07-06,20:00:00,26.613,26.613,26.613,26.613,1000,0
2016-07-06,22:00:00,27.037,27.037,27.037,27.037,280,0
2016-07-07,16:00:00,26.658,26.658,26.658,26.658,100,0
2016-07-08,18:00:00,26.89,26.89,26.76,26.76,200,0
2016-07-08,22:00:00,26.9853,26.9853,26.9853,26.9853,1400,0
2016-07-11,16:00:00,27.04,27.04,26.716,26.716,600,0
2016-07-11,18:00:00,26.6901,26.6901,26.6901,26.6901,150,0
2016-07-12,16:00:00,27.04,27.04,27.04,27.04,1000,0
2016-07-12,18:00:00,27,27.0399,26.99,26.9994,1250,0
2016-07-12,21:00:00,26.85,26.85,26.85,26.85,1100,0
2016-07-12,22:00:00,26.85,26.85,26.85,26.85,550,0
2016-07-13,16:00:00,27,27,27,27,100,0
2016-07-13,17:00:00,27.15,27.38,26.9908,27.07,2421,0
2016-07-13,21:00:00,27.1234,27.1234,26.86,26.86,250,0
2016-07-14,17:00:00,26.89,26.89,26.89,26.89,200,0
2016-07-14,18:00:00,26.9,26.992,26.89,26.992,300,0
2016-07-14,19:00:00,26.9901,26.9901,26.9901,26.9901,200,0
2016-07-14,20:00:00,27.4799,27.4799,27.1737,27.1737,250,0
2016-07-14,22:00:00,26.9901,26.9901,26.9901,26.9901,100,0
2016-07-15,17:00:00,26.99,27.2186,26.99,27.2186,425,0
2016-07-15,18:00:00,27.1088,27.1322,26.99,27.1322,1145,0
2016-07-15,22:00:00,26.99,26.99,26.99,26.99,100,0
2016-07-18,16:00:00,26.99,26.99,26.99,26.99,100,0
2016-07-18,17:00:00,27.3437,27.3437,27.3437,27.3437,600,0
2016-07-18,19:00:00,27.14,27.14,27.14,27.14,100,0
2016-07-18,21:00:00,27,27.05,27,27.05,662,0
2016-07-18,22:00:00,27.04,27.05,27.04,27.05,200,0
2016-07-19,17:00:00,26.923,26.923,26.923,26.923,420,0
2016-07-20,18:00:00,26.98,27.19,26.98,27.03,1000,0
2016-07-20,19:00:00,27.04,27.1,26.95,27.1,1200,0
2016-07-20,20:00:00,27,27,26.9801,26.9801,200,0
2016-07-21,17:00:00,26.95,27.11,26.95,27.02,900,0
2016-07-21,19:00:00,26.99,26.99,26.9899,26.9899,350,0
2016-07-21,22:00:00,26.9,27.0293,26.9,27.0293,640,0
2016-07-22,17:00:00,26.9,26.932,26.9,26.932,612,0
2016-07-25,17:00:00,27.12,27.2,27.03,27.1,1600,0
2016-07-25,19:00:00,27.0277,27.0277,26.74,26.74,2103,0
2016-07-25,20:00:00,26.73,26.8104,26.73,26.8104,1300,0
2016-07-25,22:00:00,26.77,27.23,26.73,26.74,6200,0
2016-07-26,17:00:00,26.75,26.75,26.75,26.75,441,0
2016-07-26,21:00:00,26.9655,26.9655,26.9655,26.9655,1000,0
2016-07-26,22:00:00,26.7501,26.98,26.75,26.75,1000,0
2016-07-27,18:00:00,26.81,26.8701,26.8,26.81,2200,0
2016-07-27,19:00:00,26.8832,26.8832,26.8832,26.8832,1200,0
2016-07-27,20:00:00,26.998,26.998,26.97,26.99,330,0
2016-07-28,16:00:00,26.8,26.8,26.8,26.8,400,0
2016-07-28,21:00:00,26.942,26.942,26.942,26.942,400,0
2016-07-29,19:00:00,26.84,26.95,26.8,26.86,2000,0
2016-07-29,20:00:00,26.81,26.84,26.8,26.84,764,0
2016-08-01,16:00:00,26.81,26.81,26.81,26.81,600,0
2016-08-01,17:00:00,26.81,26.81,26.81,26.81,299,0
2016-08-01,18:00:00,26.87,26.87,26.87,26.87,100,0
2016-08-01,22:00:00,26.81,26.81,26.56,26.56,799,0
2016-08-02,18:00:00,26.805,26.805,26.54,26.76,950,0
2016-08-02,19:00:00,26.63,26.73,26.63,26.73,200,0
2016-08-03,16:00:00,26.75,26.7614,26.75,26.7614,641,0
2016-08-03,17:00:00,26.6187,26.72,26.61,26.71,1000,0
2016-08-03,18:00:00,26.7,26.7,26.6,26.64,600,0
2016-08-03,21:00:00,26.656,26.67,26.65,26.67,1801,0
2016-08-03,22:00:00,26.67,26.7396,26.67,26.7396,1474,0
2016-08-04,16:00:00,26.58,26.58,26.58,26.58,400,0
2016-08-04,17:00:00,27.0799,27.0799,27.0799,27.0799,500,0
2016-08-04,18:00:00,26.6,26.6,26.4901,26.4901,300,0
2016-08-04,20:00:00,26.7199,26.72,26.6566,26.6566,3200,0
2016-08-05,16:00:00,26.8,26.8,26.8,26.8,600,0
2016-08-08,18:00:00,26.65,26.65,26.65,26.65,506,0
2016-08-08,19:00:00,26.828,26.828,26.828,26.828,200,0
2016-08-08,20:00:00,26.83,26.8601,26.75,26.8601,300,0
2016-08-09,17:00:00,26.8599,26.87,26.8599,26.87,1130,0
2016-08-09,18:00:00,26.9968,26.9968,26.9968,26.9968,1300,0
2016-08-10,17:00:00,26.97,26.97,26.79,26.95,600,0
2016-08-10,18:00:00,26.79,27.1,26.79,27.1,800,0
2016-08-10,19:00:00,27.08,27.1,27.08,27.1,200,0
2016-08-10,20:00:00,27.08,27.14,27,27.09,1100,0
2016-08-11,18:00:00,26.9228,26.9228,26.9228,26.9228,200,0
2016-08-11,19:00:00,26.84,26.84,26.84,26.84,200,0
2016-08-11,22:00:00,26.761,26.9,26.761,26.8999,1599,0
2016-08-12,17:00:00,26.8,26.8,26.8,26.8,500,0
2016-08-12,18:00:00,26.85,26.85,26.85,26.85,200,0
2016-08-12,21:00:00,27,27.0059,27,27.0059,400,0
2016-08-15,16:00:00,26.7,26.7,26.7,26.7,729,0
2016-08-15,20:00:00,26.84,26.95,26.84,26.95,400,0
2016-08-15,21:00:00,26.84,26.95,26.84,26.95,1300,0
2016-08-15,22:00:00,26.84,27.02,26.84,27.0199,1350,0
2016-08-16,17:00:00,26.8482,26.8482,26.8482,26.8482,700,0
2016-08-16,20:00:00,26.85,26.85,26.85,26.85,800,0
2016-08-17,17:00:00,26.83,26.93,26.83,26.93,1400,0
2016-08-17,19:00:00,26.8876,26.8876,26.8876,26.8876,120,0
2016-08-17,20:00:00,26.85,26.92,26.85,26.9101,500,0
2016-08-17,22:00:00,26.9488,26.9488,26.9488,26.9488,330,0
2016-08-18,19:00:00,26.89,26.89,26.839,26.84,600,0
2016-08-18,22:00:00,26.7201,26.7201,26.7201,26.7201,500,0
2016-08-19,17:00:00,26.89,26.89,26.69,26.69,500,0
2016-08-19,18:00:00,26.87,26.87,26.65,26.72,500,0
2016-08-19,20:00:00,26.933,26.933,26.933,26.933,350,0
2016-08-19,21:00:00,26.8775,26.9,26.8775,26.9,1200,0
2016-08-19,22:00:00,26.89,26.97,26.89,26.94,938,0
2016-08-22,18:00:00,26.81,26.95,26.81,26.95,200,0
2016-08-22,19:00:00,26.85,26.97,26.85,26.97,400,0
2016-08-22,20:00:00,26.98,27.05,26.85,27.05,1000,0
2016-08-22,21:00:00,26.9,26.97,26.85,26.94,699,0
2016-08-23,16:00:00,27.07,27.07,26.81,26.9495,800,0
2016-08-23,17:00:00,27.21,27.21,27.21,27.21,200,0
2016-08-23,18:00:00,26.99,26.99,26.99,26.99,200,0
2016-08-23,19:00:00,26.89,26.89,26.89,26.89,247,0
2016-08-23,21:00:00,26.8657,26.912,26.8657,26.912,2153,0
2016-08-23,22:00:00,26.8901,26.8901,26.8901,26.8901,200,0
2016-08-24,22:00:00,26.89,26.8901,26.89,26.8901,214,0
2016-08-25,16:00:00,26.8901,26.8901,26.8901,26.8901,1000,0
2016-08-25,20:00:00,26.8901,26.923,26.89,26.923,770,0
2016-08-26,17:00:00,26.89,26.98,26.86,26.86,700,0
2016-08-26,18:00:00,26.9675,26.9675,26.9675,26.9675,1000,0
2016-08-26,20:00:00,26.8399,26.92,26.8399,26.92,300,0
2016-08-29,17:00:00,27.026,27.026,27.026,27.026,250,0
2016-08-29,19:00:00,26.88,27.026,26.88,27.026,750,0
2016-08-29,20:00:00,27.0499,27.0499,27.0499,27.0499,675,0
2016-08-29,21:00:00,26.88,26.97,26.88,26.92,700,0
2016-08-30,17:00:00,26.88,26.9701,26.88,26.88,400,0
2016-08-30,18:00:00,26.8801,26.8995,26.8801,26.8995,470,0
2016-08-30,22:00:00,26.88,26.9031,26.88,26.88,2082,0
2016-08-31,18:00:00,26.8801,26.8801,26.8801,26.8801,400,0
2016-08-31,19:00:00,26.93,26.97,26.93,26.97,400,0
2016-08-31,21:00:00,26.9216,26.9216,26.9216,26.9216,133,0
2016-09-01,18:00:00,26.93,26.99,26.93,26.99,200,0
2016-09-01,19:00:00,26.94,26.99,26.94,26.99,200,0
2016-09-01,20:00:00,26.93,26.99,26.93,26.99,400,0
2016-09-01,21:00:00,26.9282,26.9282,26.9282,26.9282,125,0
2016-09-02,16:00:00,26.9,26.9,26.9,26.9,200,0
2016-09-02,19:00:00,26.98,26.98,26.95,26.98,700,0
2016-09-02,20:00:00,26.95,26.95,26.95,26.95,100,0
2016-09-06,18:00:00,27.0399,27.0399,27.0399,27.0399,100,0
2016-09-07,16:00:00,26.66,26.66,26.66,26.66,180,0
2016-09-07,17:00:00,26.94,26.94,26.7699,26.7699,237,0
2016-09-07,18:00:00,26.7801,26.79,26.7801,26.79,200,0
2016-09-07,20:00:00,26.86,26.86,26.86,26.86,200,0
2016-09-07,22:00:00,26.9239,26.9239,26.76,26.76,500,0
2016-09-08,16:00:00,26.96,26.96,26.96,26.96,599,0
2016-09-08,22:00:00,26.78,26.78,26.77,26.77,200,0
2016-09-09,17:00:00,26.72,26.99,26.72,26.9,1413,0
2016-09-09,18:00:00,26.78,26.92,26.78,26.92,200,0
2016-09-12,17:00:00,26.82,26.98,26.82,26.83,700,0
2016-09-12,18:00:00,26.97,26.98,26.82,26.82,400,0
2016-09-12,22:00:00,26.8126,26.82,26.8126,26.82,800,0
2016-09-13,16:00:00,26.94,26.94,26.94,26.94,745,0
2016-09-13,18:00:00,26.84,26.84,26.84,26.84,200,0
2016-09-13,19:00:00,26.9399,26.9399,26.9399,26.9399,400,0
2016-09-13,20:00:00,26.94,26.94,26.94,26.94,100,0
2016-09-14,16:00:00,26.58,26.95,26.58,26.72,805,0
2016-09-14,17:00:00,26.8501,26.8501,26.8,26.8,300,0
2016-09-14,20:00:00,26.89,26.89,26.87,26.87,200,0
2016-09-14,21:00:00,26.83,26.9,26.76,26.8001,520,0
2016-09-15,18:00:00,26.5799,26.64,26.5799,26.63,800,0
2016-09-15,19:00:00,26.63,26.66,26.63,26.66,2920,0
2016-09-15,20:00:00,26.63,26.6725,26.63,26.6725,680,0
2016-09-16,17:00:00,26.57,26.59,26.5,26.59,1054,0
2016-09-16,18:00:00,26.51,26.5101,26.5,26.5,597,0
2016-09-16,19:00:00,26.5015,26.5015,26.5015,26.5015,197,0
2016-09-16,20:00:00,26.57,26.59,26.57,26.58,800,0
2016-09-16,21:00:00,26.57,26.585,26.52,26.585,1000,0
2016-09-19,16:00:00,26.6399,26.801,26.6399,26.75,700,0
2016-09-19,18:00:00,26.62,26.681,26.62,26.65,1100,0
2016-09-19,19:00:00,26.6,26.73,26.6,26.6,300,0
2016-09-19,20:00:00,26.6,26.71,26.6,26.65,400,0
2016-09-20,16:00:00,26.59,26.59,26.59,26.59,100,0
2016-09-20,17:00:00,26.6,26.6058,26.54,26.54,1190,0
2016-09-20,18:00:00,26.53,26.59,26.34,26.59,2052,0
2016-09-20,19:00:00,26.6499,26.6499,26.5899,26.5899,1925,0
2016-09-20,20:00:00,26.5945,26.5945,26.5,26.5,333,0
2016-09-21,17:00:00,26.7,26.71,26.56,26.7,500,0
2016-09-21,19:00:00,26.59,26.59,26.59,26.59,100,0
2016-09-21,20:00:00,26.649,26.649,26.649,26.649,207,0
2016-09-21,22:00:00,26.765,26.765,26.6847,26.765,1555,0
2016-09-22,17:00:00,26.67,26.67,26.67,26.67,100,0
2016-09-22,18:00:00,26.626,26.626,26.626,26.626,400,0
2016-09-22,19:00:00,26.63,26.63,26.63,26.63,100,0
2016-09-22,20:00:00,26.63,26.63,26.5623,26.5623,1700,0
2016-09-22,21:00:00,26.62,26.71,26.62,26.71,600,0
2016-09-22,22:00:00,26.65,26.65,26.65,26.65,100,0
2016-09-23,16:00:00,26.85,26.85,26.6,26.79,1027,0
2016-09-23,17:00:00,26.67,26.98,26.65,26.98,3400,0
2016-09-23,18:00:00,26.81,26.9675,26.81,26.81,1600,0
2016-09-23,19:00:00,26.81,26.81,26.78,26.78,800,0
2016-09-23,20:00:00,26.66,26.76,26.66,26.76,300,0
2016-09-23,21:00:00,26.76,26.77,26.76,26.77,270,0
2016-09-23,22:00:00,26.77,26.77,26.77,26.77,100,0
2016-09-26,16:00:00,26.97,26.97,26.97,26.97,482,0
2016-09-26,17:00:00,26.9,26.9,26.68,26.8,1155,0
2016-09-26,18:00:00,26.76,26.8767,26.7,26.7,500,0
2016-09-26,19:00:00,26.7,26.71,26.68,26.71,5500,0
2016-09-26,20:00:00,26.68,26.71,26.68,26.68,4100,0
2016-09-26,21:00:00,26.76,26.92,26.74,26.8,13799,0
2016-09-26,22:00:00,26.74,26.9,26.68,26.68,6304,0
2016-09-27,16:00:00,26.67,26.83,26.67,26.79,400,0
2016-09-27,17:00:00,26.744,27,26.744,26.98,3054,0
2016-09-27,18:00:00,26.81,26.87,26.75,26.83,2617,0
2016-09-27,20:00:00,26.77,26.89,26.77,26.8501,1400,0
2016-09-27,21:00:00,26.7635,26.7635,26.7635,26.7635,100,0
2016-09-27,22:00:00,26.76,26.76,26.76,26.76,498,0
2016-09-28,16:00:00,26.83,26.83,26.83,26.83,100,0
2016-09-29,18:00:00,26.84,26.84,26.84,26.84,100,0
2016-09-29,19:00:00,26.84,27.08,26.84,27.08,253,0
2016-09-29,20:00:00,26.9152,26.9152,26.9152,26.9152,300,0
2016-09-30,17:00:00,27.17,27.17,26.9093,26.9093,1050,0
2016-09-30,18:00:00,27,27,27,27,100,0
2016-09-30,20:00:00,26.6594,27,26.6594,27,2100,0
2016-09-30,22:00:00,27,27,27,27,200,0
2016-10-03,16:00:00,26.92,26.92,26.92,26.92,100,0
2016-10-05,18:00:00,26.53,26.53,26.53,26.53,100,0
2016-10-05,21:00:00,26.6441,26.6441,26.6441,26.6441,550,0
2016-10-06,16:00:00,26.62,26.64,26.62,26.64,363,0
2016-10-06,17:00:00,26.64,26.74,26.64,26.74,500,0
2016-10-07,19:00:00,26.62,26.62,26.6,26.62,1086,0
2016-10-07,22:00:00,26.75,26.8,26.75,26.8,1200,0
2016-10-10,16:00:00,26.7818,26.8,26.7818,26.7859,800,0
2016-10-10,21:00:00,27.01,27.01,26.99,27,500,0
2016-10-11,16:00:00,26.82,26.82,26.73,26.7953,2118,0
2016-10-11,21:00:00,26.6741,26.6741,26.6741,26.6741,600,0
2016-10-12,16:00:00,26.62,26.62,26.62,26.62,100,0
2016-10-12,19:00:00,26.65,26.69,26.64,26.69,1194,0
2016-10-12,20:00:00,26.6829,26.6829,26.6829,26.6829,600,0
2016-10-12,22:00:00,26.64,26.6995,26.64,26.68,900,0
2016-10-13,16:00:00,26.62,26.62,26.62,26.62,100,0
2016-10-14,18:00:00,26.6275,26.689,26.62,26.689,300,0
2016-10-14,21:00:00,26.7,26.71,26.7,26.71,300,0
2016-10-17,16:00:00,26.82,26.82,26.82,26.82,200,0
2016-10-17,18:00:00,26.9114,26.9114,26.9114,26.9114,527,0
2016-10-17,19:00:00,26.95,26.95,26.95,26.95,300,0
2016-10-17,21:00:00,26.8568,26.8568,26.8568,26.8568,400,0
2016-10-18,16:00:00,26.7,26.7,26.7,26.7,600,0
2016-10-18,20:00:00,26.72,26.72,26.72,26.72,280,0
2016-10-18,21:00:00,26.71,26.7501,26.7,26.7401,700,0
2016-10-18,22:00:00,26.7,26.7,26.69,26.69,325,0
2016-10-19,19:00:00,26.7965,26.7965,26.7965,26.7965,169,0
2016-10-19,22:00:00,27.02,27.06,27.02,27.06,800,0
2016-10-20,16:00:00,26.88,26.88,26.88,26.88,600,0
2016-10-20,17:00:00,26.84,26.85,26.8,26.8,474,0
2016-10-20,21:00:00,26.87,26.95,26.87,26.9,1846,0
2016-10-20,22:00:00,26.9,26.92,26.9,26.92,200,0
2016-10-21,16:00:00,26.7914,26.7914,26.7914,26.7914,1000,0
2016-10-25,16:00:00,26.72,26.72,26.72,26.72,100,0
2016-10-25,22:00:00,26.72,26.75,26.72,26.75,567,0
2016-10-26,16:00:00,26.72,26.72,26.72,26.72,201,0
2016-10-26,17:00:00,26.72,26.8002,26.72,26.8002,666,0
2016-10-27,18:00:00,26.8,26.8001,26.8,26.8001,240,0
2016-10-28,16:00:00,26.75,26.75,26.75,26.75,718,0
2016-10-28,19:00:00,26.76,26.8002,26.7501,26.76,1800,0
2016-10-31,21:00:00,26.8,26.8302,26.77,26.8302,1000,0
2016-11-01,17:00:00,27,27,26.9198,26.9198,372,0
2016-11-01,21:00:00,26.77,26.77,26.77,26.77,200,0
2016-11-02,15:00:00,26.76,26.76,26.76,26.76,100,0
2016-11-02,16:00:00,26.76,26.76,26.76,26.76,200,0
2016-11-03,18:00:00,26.8634,26.8634,26.8634,26.8634,400,0
2016-11-03,20:00:00,26.76,26.8002,26.76,26.8002,228,0
2016-11-04,16:00:00,26.76,26.76,26.76,26.76,850,0
2016-11-04,17:00:00,26.857,26.857,26.76,26.7868,3850,0
2016-11-04,21:00:00,26.75,26.75,26.75,26.75,467,0
2016-11-08,16:00:00,26.75,26.75,26.75,26.75,100,0
2016-11-08,17:00:00,26.75,26.79,26.65,26.684,820,0
2016-11-08,18:00:00,26.7399,26.7399,26.7399,26.7399,200,0
2016-11-08,19:00:00,26.64,26.64,26.63,26.63,200,0
2016-11-09,16:00:00,26.55,26.55,26.55,26.55,2451,0
2016-11-09,17:00:00,26.55,26.5984,26.5,26.5984,1689,0
2016-11-09,20:00:00,26.56,26.56,26.5,26.502,4600,0
2016-11-09,21:00:00,26.53,26.53,26.52,26.5201,2460,0
2016-11-09,22:00:00,26.52,26.5206,26.52,26.52,740,0
2016-11-10,16:00:00,26.45,26.45,26.45,26.45,100,0
2016-11-10,17:00:00,26.4,26.4,26.4,26.4,200,0
2016-11-10,18:00:00,26.4,26.4175,26.4,26.4,2320,0
2016-11-10,19:00:00,26.3301,26.3301,26.33,26.33,1000,0
2016-11-10,20:00:00,26.374,26.4126,26.374,26.4126,200,0
2016-11-10,22:00:00,26.35,26.35,26.35,26.35,100,0
2016-11-11,16:00:00,26.16,26.2237,26.16,26.2237,800,0
2016-11-11,17:00:00,26.15,26.15,26.15,26.15,600,0
2016-11-11,20:00:00,26.1933,26.1933,26.1933,26.1933,1100,0
2016-11-11,21:00:00,25.98,25.98,25.96,25.96,450,0
2016-11-14,16:00:00,25.82,25.82,25.82,25.82,701,0
2016-11-14,18:00:00,25.6418,25.65,25.54,25.5556,2451,0
2016-11-14,19:00:00,25.5816,25.5816,25.5816,25.5816,330,0
2016-11-14,20:00:00,25.67,25.6957,25.66,25.66,2960,0
2016-11-14,21:00:00,25.68,25.68,25.6762,25.6762,300,0
2016-11-15,17:00:00,25.56,25.56,25.55,25.55,302,0
2016-11-15,18:00:00,25.65,25.6884,25.5501,25.5501,402,0
2016-11-15,21:00:00,25.6721,25.6721,25.6721,25.6721,200,0
2016-11-16,18:00:00,25.7804,25.7804,25.7804,25.7804,200,0
2016-11-16,19:00:00,25.813,25.82,25.7992,25.8024,2000,0
2016-11-16,21:00:00,25.9104,25.9104,25.9104,25.9104,300,0
2016-11-17,17:00:00,26.0105,26.0105,26.0105,26.0105,400,0
2016-11-18,18:00:00,25.78,25.8058,25.78,25.8058,540,0
2016-11-18,20:00:00,25.87,25.87,25.87,25.87,200,0
2016-11-18,21:00:00,25.8952,25.9,25.88,25.88,1300,0
2016-11-21,16:00:00,26.08,26.08,26.0486,26.0486,2216,0
2016-11-21,17:00:00,26,26.039,26,26.039,500,0
2016-11-22,20:00:00,26.29,26.29,26.24,26.24,800,0
2016-11-22,22:00:00,26.2799,26.2799,26.2799,26.2799,400,0
2016-11-23,19:00:00,26.1046,26.1046,26.1046,26.1046,1060,0
2016-11-23,22:00:00,26.1096,26.1096,26.01,26.01,3300,0
2016-11-25,19:00:00,26,26,26,26,200,0
2016-11-28,17:00:00,26.25,26.25,26,26.1655,3490,0
2016-11-28,21:00:00,26.02,26.077,26.02,26.0714,474,0
2016-11-29,18:00:00,26.0961,26.15,26.0961,26.15,1156,0
2016-11-29,19:00:00,26.0591,26.0591,26.0404,26.0404,1137,0
2016-12-01,17:00:00,26,26,26,26,595,0
2016-12-02,19:00:00,26.05,26.05,26.05,26.05,100,0
2016-12-02,20:00:00,26.1,26.22,26.07,26.22,1354,0
2016-12-05,16:00:00,26.11,26.11,26.11,26.11,100,0
2016-12-05,19:00:00,26.1,26.1,26.1,26.1,490,0
2016-12-06,21:00:00,26.0517,26.1112,26.0517,26.1112,475,0
2016-12-07,19:00:00,26.1,26.1,26.1,26.1,100,0
2016-12-07,20:00:00,26.1,26.1,26.1,26.1,100,0
2016-12-08,16:00:00,26.1,26.1,26.1,26.1,2011,0
2016-12-08,18:00:00,26.112,26.2068,26.1,26.1,2577,0
2016-12-08,19:00:00,26.1,26.1,26.1,26.1,300,0
2016-12-08,20:00:00,26.11,26.11,26.11,26.11,200,0
2016-12-08,21:00:00,26.11,26.1803,26.11,26.1803,766,0
2016-12-09,16:00:00,26.15,26.15,26.15,26.15,100,0
2016-12-09,18:00:00,26.21,26.22,26.15,26.22,5883,0
2016-12-09,22:00:00,26.2228,26.2228,26.1,26.1,4264,0
2016-12-12,17:00:00,26.1041,26.1041,26.1041,26.1041,200,0
2016-12-12,18:00:00,26.1089,26.2667,26.1089,26.2667,1180,0
2016-12-13,16:00:00,26.1,26.115,26.1,26.115,1573,0
2016-12-13,17:00:00,26.1,26.1393,26.1,26.1393,765,0
2016-12-13,19:00:00,26.0131,26.0131,26.0131,26.0131,462,0
2016-12-13,20:00:00,26,26,26,26,700,0
2016-12-15,16:00:00,25.83,25.83,25.83,25.83,234,0
2016-12-15,20:00:00,25.4,25.4,25.37,25.37,800,0
2016-12-16,17:00:00,25.5,25.5,25.5,25.5,400,0
2016-12-19,17:00:00,25.5,25.5255,25.43,25.44,3800,0
2016-12-19,18:00:00,25.5851,25.5851,25.5851,25.5851,640,0
2016-12-19,20:00:00,25.5703,25.5703,25.5703,25.5703,550,0
2016-12-20,19:00:00,25.6313,25.6313,25.6313,25.6313,220,0
2016-12-20,21:00:00,25.8315,25.87,25.8016,25.8316,1539,0
2016-12-21,16:00:00,25.67,25.67,25.67,25.67,100,0
2016-12-21,17:00:00,25.7,25.7,25.7,25.7,200,0
2016-12-21,19:00:00,25.6779,25.6779,25.65,25.65,420,0
2016-12-21,20:00:00,25.656,25.68,25.656,25.68,550,0
2016-12-21,21:00:00,25.7999,25.8,25.7601,25.77,2035,0
2016-12-22,21:00:00,25.681,25.7196,25.68,25.68,500,0
2016-12-23,22:00:00,25.7843,25.7843,25.7843,25.7843,100,0
2016-12-27,16:00:00,25.85,25.85,25.761,25.83,1173,0
2016-12-27,17:00:00,25.7612,25.8,25.7612,25.7613,600,0
2016-12-27,18:00:00,25.7765,25.83,25.7765,25.83,438,0
2016-12-27,19:00:00,25.7512,25.79,25.7512,25.7817,1100,0
2016-12-27,21:00:00,25.83,25.83,25.83,25.83,392,0
2016-12-27,22:00:00,25.83,26,25.73,25.74,2877,0
2016-12-28,16:00:00,25.74,25.74,25.74,25.74,100,0
2016-12-28,17:00:00,25.956,25.956,25.956,25.956,921,0
2016-12-28,18:00:00,25.8843,25.8843,25.8843,25.8843,100,0
2016-12-28,19:00:00,25.7,25.7001,25.7,25.7001,500,0
2016-12-29,16:00:00,25.9,25.9,25.9,25.9,100,0
2016-12-29,20:00:00,25.7,25.7,25.7,25.7,700,0
2016-12-30,22:00:00,25.8,25.8,25.8,25.8,100,0
2017-01-03,22:00:00,25.8,25.8,25.7,25.7,955,0
2017-01-04,16:00:00,25.96,25.96,25.96,25.96,100,0
2017-01-04,21:00:00,25.82,25.82,25.82,25.82,600,0
2017-01-05,21:00:00,25.71,25.71,25.65,25.6755,2456,0
2017-01-05,22:00:00,25.65,25.7638,25.65,25.74,2144,0
2017-01-06,16:00:00,25.97,25.97,25.97,25.97,250,0
2017-01-06,19:00:00,25.9095,25.9095,25.9095,25.9095,150,0
2017-01-06,22:00:00,25.9,25.97,25.8888,25.97,400,0
2017-01-09,16:00:00,25.83,25.83,25.83,25.83,1000,0
2017-01-09,18:00:00,25.8,25.8,25.8,25.8,950,0
2017-01-09,20:00:00,25.8,25.8,25.8,25.8,100,0
2017-01-09,21:00:00,25.8098,25.9,25.8,25.9,700,0
2017-01-11,19:00:00,25.8009,25.8009,25.8009,25.8009,175,0
2017-01-11,22:00:00,25.8512,25.8512,25.8512,25.8512,289,0
2017-01-12,20:00:00,25.89,25.89,25.8899,25.89,520,0
2017-01-13,19:00:00,25.8,25.88,25.8,25.8769,2818,0
2017-01-13,21:00:00,25.864,25.864,25.864,25.864,100,0
2017-01-17,16:00:00,25.8,25.8,25.8,25.8,840,0
2017-01-17,19:00:00,25.8367,25.8367,25.8367,25.8367,133,0
2017-01-17,21:00:00,25.864,25.864,25.864,25.864,116,0
2017-01-17,22:00:00,25.81,25.81,25.8,25.8,500,0
2017-01-18,16:00:00,25.8,25.8699,25.8,25.8699,1100,0
2017-01-18,17:00:00,25.8442,25.8442,25.8442,25.8442,100,0
2017-01-18,19:00:00,25.8273,25.8273,25.8,25.8,452,0
2017-01-18,22:00:00,25.79,25.7901,25.79,25.7901,371,0
2017-01-19,16:00:00,25.89,25.89,25.89,25.89,100,0
2017-01-19,17:00:00,25.77,25.9,25.77,25.8558,1150,0
2017-01-19,21:00:00,25.8116,25.8116,25.8116,25.8116,334,0
2017-01-20,16:00:00,25.81,25.85,25.809,25.85,700,0
2017-01-20,19:00:00,25.9525,25.9525,25.9525,25.9525,750,0
2017-01-20,22:00:00,25.78,25.78,25.78,25.78,200,0
2017-01-23,17:00:00,25.79,25.79,25.79,25.79,500,0
2017-01-23,18:00:00,25.8381,25.8381,25.8381,25.8381,386,0
2017-01-23,20:00:00,25.84,25.84,25.8,25.8,200,0
2017-01-24,17:00:00,25.84,25.84,25.83,25.83,959,0
2017-01-24,18:00:00,25.83,25.84,25.83,25.84,2350,0
2017-01-24,21:00:00,25.8461,25.8461,25.8461,25.8461,1090,0
2017-01-24,22:00:00,25.8772,25.8772,25.84,25.8401,983,0
2017-01-25,18:00:00,25.83,25.83,25.83,25.83,219,0
2017-01-25,22:00:00,25.8236,25.8236,25.8236,25.8236,300,0
2017-01-26,16:00:00,25.94,25.94,25.94,25.94,200,0
2017-01-26,19:00:00,25.9054,25.9054,25.9054,25.9054,166,0
2017-01-26,21:00:00,25.92,25.9567,25.92,25.9567,1000,0
2017-01-30,21:00:00,25.8391,25.8563,25.79,25.79,1519,0
2017-01-30,22:00:00,25.8476,25.8844,25.8476,25.8844,1070,0
2017-01-31,16:00:00,25.79,25.79,25.79,25.79,500,0
2017-01-31,20:00:00,25.8158,25.8158,25.79,25.79,200,0
2017-02-01,18:00:00,25.8314,25.8314,25.8314,25.8314,300,0
2017-02-01,19:00:00,25.79,25.79,25.79,25.79,900,0
2017-02-01,20:00:00,25.78,25.8015,25.78,25.8015,600,0
2017-02-02,16:00:00,25.8,25.8,25.8,25.8,100,0
2017-02-02,22:00:00,25.85,25.8506,25.85,25.8506,3500,0
2017-02-03,22:00:00,25.86,25.86,25.86,25.86,600,0
2017-02-07,16:00:00,25.86,25.86,25.86,25.86,207,0
2017-02-07,17:00:00,25.9212,25.9212,25.9212,25.9212,200,0
2017-02-07,18:00:00,25.899,25.899,25.899,25.899,272,0
2017-02-07,19:00:00,25.86,25.8965,25.86,25.8965,970,0
2017-02-07,22:00:00,25.9097,25.9097,25.9097,25.9097,400,0
2017-02-08,16:00:00,25.86,25.86,25.86,25.86,100,0
2017-02-08,18:00:00,25.8655,25.8655,25.8655,25.8655,100,0
2017-02-08,19:00:00,25.8693,25.8972,25.8693,25.8972,700,0
2017-02-08,20:00:00,25.8682,25.9,25.8682,25.9,3000,0
2017-02-08,21:00:00,25.9546,25.9546,25.9546,25.9546,389,0
2017-02-08,22:00:00,25.9,25.9,25.9,25.9,100,0
2017-02-10,16:00:00,25.9,25.9,25.85,25.85,2000,0
2017-02-10,19:00:00,26.05,26.06,26.05,26.06,400,0
2017-02-10,20:00:00,26.0441,26.0441,26.0441,26.0441,200,0
2017-02-13,16:00:00,25.9,25.9,25.9,25.9,100,0
2017-02-13,18:00:00,25.9,25.9095,25.8759,25.8759,522,0
2017-02-13,22:00:00,25.9589,25.9589,25.9589,25.9589,1500,0
2017-02-14,17:00:00,25.88,25.9541,25.88,25.9541,1000,0
2017-02-15,20:00:00,25.9106,25.9106,25.9106,25.9106,1000,0
2017-02-16,16:00:00,25.89,25.89,25.89,25.89,182,0
2017-02-16,17:00:00,25.87,25.87,25.87,25.87,100,0
2017-02-17,22:00:00,25.9739,25.9739,25.9739,25.9739,500,0
2017-02-21,19:00:00,25.96,25.96,25.96,25.96,900,0
2017-02-21,22:00:00,25.89,25.9159,25.88,25.88,2100,0
2017-02-22,16:00:00,25.93,25.93,25.93,25.93,100,0
2017-02-22,17:00:00,25.91,25.9101,25.9099,25.91,2200,0
2017-02-22,18:00:00,25.92,25.92,25.919,25.919,200,0
2017-02-22,20:00:00,25.94,25.9899,25.9369,25.9692,4520,0
2017-02-23,16:00:00,25.9601,25.9601,25.9601,25.9601,254,0
2017-02-23,18:00:00,26.1,26.1,26.07,26.0999,2056,0
2017-02-23,22:00:00,25.97,25.97,25.96,25.96,1700,0
2017-02-24,16:00:00,25.96,25.96,25.96,25.96,100,0
2017-02-24,17:00:00,26.003,26.003,26.003,26.003,336,0
2017-02-24,22:00:00,26.0358,26.0358,26.0358,26.0358,120,0
2017-02-27,16:00:00,25.96,25.96,25.96,25.96,100,0
2017-02-27,19:00:00,26.06,26.2099,26.05,26.2099,1300,0
2017-02-27,22:00:00,26.1115,26.1115,26.1115,26.1115,396,0
2017-03-01,17:00:00,26.0773,26.0773,26.0773,26.0773,1000,0
2017-03-03,19:00:00,26.1187,26.1187,26.1187,26.1187,300,0
2017-03-03,20:00:00,26,26.04,26,26.04,400,0
2017-03-03,21:00:00,26.189,26.189,26.189,26.189,300,0
2017-03-06,16:00:00,26.23,26.23,26.23,26.23,573,0
2017-03-06,17:00:00,26.02,26.0591,26,26.039,4000,0
2017-03-06,20:00:00,26.088,26.088,26.088,26.088,300,0
2017-03-06,22:00:00,26.0461,26.0692,26.02,26.02,2149,0
2017-03-07,16:00:00,26.02,26.02,26.02,26.02,100,0
2017-03-07,21:00:00,26.0401,26.0561,26.03,26.0561,1566,0
2017-03-09,18:00:00,26.03,26.03,26.03,26.03,489,0
2017-03-09,22:00:00,26.03,26.03,26,26.03,1872,0
2017-03-10,16:00:00,26.1999,26.1999,26.1999,26.1999,500,0
2017-03-10,19:00:00,26,26.055,25.88,25.88,2379,0
2017-03-10,20:00:00,25.9281,25.9281,25.9281,25.9281,400,0
2017-03-10,21:00:00,26.005,26.005,26.005,26.005,200,0
2017-03-10,22:00:00,26.009,26.01,25.9841,25.9841,600,0
2017-03-13,16:00:00,26.18,26.18,26.1062,26.1062,1488,0
2017-03-13,20:00:00,26.03,26.03,26.03,26.03,400,0
2017-03-13,21:00:00,26.03,26.05,26.03,26.05,1200,0
2017-03-14,18:00:00,25.981,26.199,25.98,25.98,2062,0
2017-03-14,19:00:00,26.0399,26.0399,26.0399,26.0399,750,0
2017-03-14,20:00:00,26.03,26.0346,26.03,26.0346,1997,0
2017-03-14,21:00:00,26.03,26.03,26.03,26.03,100,0
2017-03-15,19:00:00,26.03,26.041,26.03,26.041,2300,0
2017-03-16,15:00:00,25.89,25.89,25.89,25.89,140,0
2017-03-16,16:00:00,25.89,25.89,25.62,25.632,2894,0
2017-03-16,20:00:00,25.7283,25.7283,25.7283,25.7283,250,0
2017-03-16,21:00:00,25.7665,25.7665,25.66,25.66,476,0
2017-03-17,15:00:00,25.7,25.7,25.7,25.7,100,0
2017-03-17,17:00:00,25.74,25.74,25.74,25.74,100,0
2017-03-17,18:00:00,25.78,25.79,25.78,25.79,700,0
2017-03-17,19:00:00,25.92,25.92,25.83,25.831,670,0
2017-03-17,21:00:00,25.83,25.83,25.83,25.83,150,0
2017-03-20,21:00:00,25.8,25.8064,25.8,25.8061,1200,0
2017-03-21,16:00:00,25.8,25.8639,25.8,25.8639,1842,0
2017-03-21,18:00:00,25.8,25.8384,25.8,25.8384,700,0
2017-03-21,21:00:00,25.83,25.83,25.83,25.83,500,0
2017-03-22,21:00:00,25.8601,25.8601,25.8601,25.8601,433,0
2017-03-23,15:00:00,25.873,25.873,25.75,25.75,1982,0
2017-03-23,17:00:00,25.8553,25.8553,25.8553,25.8553,200,0
2017-03-23,20:00:00,25.93,25.93,25.92,25.92,2500,0
2017-03-23,21:00:00,25.89,25.89,25.89,25.89,200,0
2017-03-24,15:00:00,25.94,25.94,25.94,25.94,100,0
2017-03-24,17:00:00,25.95,25.959,25.95,25.959,500,0
2017-03-24,18:00:00,25.96,25.96,25.96,25.96,284,0
2017-03-24,19:00:00,25.96,25.97,25.95,25.97,2405,0
2017-03-24,20:00:00,26.0346,26.0346,26.0346,26.0346,211,0
2017-03-24,21:00:00,26,26,26,26,100,0
2017-03-27,16:00:00,26.01,26.01,26.01,26.01,380,0
2017-03-27,17:00:00,26.1411,26.1411,26.1411,26.1411,200,0
2017-03-27,20:00:00,26,26.0554,26,26.0554,212,0
2017-03-28,16:00:00,26,26,26,26,1004,0
2017-03-28,17:00:00,26.1242,26.1242,26.1242,26.1242,861,0
2017-03-28,19:00:00,26.11,26.11,26.11,26.11,771,0
2017-03-28,22:00:00,26.1,26.1,26.1,26.1,490,0
2017-03-29,16:00:00,26.23,26.23,26.23,26.23,100,0
2017-03-29,17:00:00,26.02,26.02,26.02,26.02,1350,0
2017-03-29,20:00:00,26.1205,26.13,26.1205,26.13,611,0
2017-03-29,21:00:00,26.22,26.22,26.22,26.22,388,0
2017-03-30,17:00:00,26.1801,26.1801,26.1801,26.1801,100,0
2017-03-30,20:00:00,26.31,26.31,26.25,26.25,200,0
2017-03-30,21:00:00,26.39,26.39,26.39,26.39,100,0
2017-03-30,22:00:00,26.3104,26.3813,26.3104,26.3813,1263,0
2017-03-31,16:00:00,26.53,26.53,26.53,26.53,300,0
2017-03-31,17:00:00,26.2961,26.2961,26.2961,26.2961,200,0
2017-03-31,19:00:00,26.2,26.2,26.2,26.2,280,0
2017-03-31,20:00:00,26.2,26.24,25.99,26.13,4906,0
2017-03-31,21:00:00,26.15,26.15,26.15,26.15,1094,0
2017-03-31,22:00:00,26.2085,26.2085,26.15,26.15,540,0
2017-04-03,16:00:00,26.1845,26.1845,26.1845,26.1845,275,0
2017-04-03,17:00:00,26.15,26.18,26.15,26.18,2137,0
2017-04-03,18:00:00,26.2,26.2,26.2,26.2,200,0
2017-04-03,19:00:00,26.2,26.2129,26.2,26.2129,550,0
2017-04-03,21:00:00,26.299,26.299,26.2625,26.299,1175,0
2017-04-03,22:00:00,26.21,26.21,26.2,26.2,300,0
2017-04-04,20:00:00,26.2,26.2437,26.2,26.2437,800,0
2017-04-05,16:00:00,26.22,26.22,26.22,26.22,400,0
2017-04-05,18:00:00,26.27,26.29,26.2694,26.28,3000,0
2017-04-05,19:00:00,26.28,26.286,26.28,26.28,684,0
2017-04-05,20:00:00,26.3,26.3,26.3,26.3,230,0
2017-04-05,21:00:00,26.4337,26.4337,26.4337,26.4337,500,0
2017-04-06,19:00:00,26.15,26.21,26.15,26.21,240,0
2017-04-06,22:00:00,26.37,26.39,26.3366,26.34,4757,0
2017-04-07,16:00:00,26.22,26.22,26.22,26.22,805,0
2017-04-07,22:00:00,26.23,26.23,26.23,26.23,200,0
2017-04-10,18:00:00,26.3159,26.3159,26.3159,26.3159,1000,0
2017-04-10,21:00:00,26.32,26.32,26.32,26.32,200,0
2017-04-10,22:00:00,26.397,26.397,26.397,26.397,626,0
2017-04-11,16:00:00,26.33,26.33,26.3074,26.3074,5800,0
2017-04-11,17:00:00,26.3217,26.3217,26.31,26.3217,500,0
2017-04-11,20:00:00,26.31,26.31,26.31,26.31,700,0
2017-04-11,22:00:00,26.27,26.3,26.27,26.3,2000,0
2017-04-12,16:00:00,26.31,26.31,26.31,26.31,100,0
2017-04-12,20:00:00,26.3878,26.3878,26.3878,26.3878,600,0
2017-04-12,21:00:00,26.3,26.33,26.3,26.3,4000,0
2017-04-12,22:00:00,26.323,26.323,26.3,26.31,1313,0
2017-04-13,16:00:00,26.31,26.31,26.31,26.31,100,0
2017-04-17,16:00:00,26.31,26.31,26.31,26.31,383,0
2017-04-17,17:00:00,26.31,26.31,26.31,26.31,400,0
2017-04-17,19:00:00,26.341,26.341,26.341,26.341,500,0
2017-04-17,20:00:00,26.3792,26.3824,26.37,26.3824,800,0
2017-04-17,22:00:00,26.31,26.31,26.31,26.31,317,0
2017-04-18,16:00:00,26.32,26.32,26.32,26.32,100,0
2017-04-18,19:00:00,26.33,26.33,26.33,26.33,200,0
2017-04-18,21:00:00,26.3685,26.3685,26.3685,26.3685,100,0
2017-04-18,22:00:00,26.359,26.36,26.359,26.36,2925,0
2017-04-19,21:00:00,26.41,26.44,26.4,26.44,700,0
2017-04-19,22:00:00,26.4,26.4,26.36,26.36,1950,0
2017-04-20,18:00:00,26.34,26.3897,26.34,26.3897,800,0
2017-04-21,18:00:00,26.4117,26.4117,26.4117,26.4117,900,0
2017-04-21,19:00:00,26.42,26.42,26.42,26.42,2135,0
2017-04-21,20:00:00,26.42,26.42,26.42,26.42,2500,0
2017-04-24,17:00:00,26.5,26.5,26.475,26.475,400,0
2017-04-24,19:00:00,26.5882,26.5882,26.5882,26.5882,400,0
2017-04-24,22:00:00,26.608,26.608,26.471,26.471,470,0
2017-04-25,16:00:00,26.48,26.48,26.48,26.48,250,0
2017-04-25,17:00:00,26.4783,26.4783,26.4783,26.4783,122,0
2017-04-25,19:00:00,26.64,26.84,26.64,26.83,2100,0
2017-04-25,20:00:00,26.75,26.75,26.75,26.75,100,0
2017-04-25,22:00:00,26.6,26.6,26.6,26.6,122,0
2017-04-26,17:00:00,26.88,26.88,26.51,26.6968,1920,0
2017-04-26,19:00:00,26.52,26.52,26.52,26.52,200,0
2017-04-26,20:00:00,26.88,26.88,26.84,26.87,1800,0
2017-04-26,21:00:00,26.84,26.84,26.6,26.6,200,0
2017-04-27,16:00:00,26.82,26.82,26.761,26.7901,930,0
2017-04-27,18:00:00,26.89,26.89,26.89,26.89,600,0
2017-04-28,17:00:00,26.6436,26.6436,26.6436,26.6436,352,0
2017-05-01,20:00:00,26.7278,26.7278,26.7,26.7,1200,0
2017-05-02,16:00:00,26.54,26.54,26.54,26.54,100,0
2017-05-02,18:00:00,26.79,26.79,26.79,26.79,400,0
2017-05-03,16:00:00,26.54,26.54,26.54,26.54,1000,0
2017-05-03,19:00:00,26.61,26.69,26.61,26.69,700,0
2017-05-03,20:00:00,26.61,26.61,26.61,26.61,200,0
2017-05-03,21:00:00,26.7322,26.7322,26.7322,26.7322,400,0
2017-05-03,22:00:00,26.64,26.69,26.62,26.62,800,0
2017-05-05,16:00:00,26.65,26.65,26.65,26.65,100,0
2017-05-09,16:00:00,26.66,26.66,26.66,26.66,100,0
2017-05-09,18:00:00,26.9147,26.9147,26.9147,26.9147,935,0
2017-05-09,19:00:00,26.6629,26.6629,26.6629,26.6629,200,0
2017-05-09,22:00:00,26.66,26.76,26.65,26.65,800,0
2017-05-10,18:00:00,26.8429,26.8429,26.8429,26.8429,100,0
2017-05-11,16:00:00,26.85,26.85,26.85,26.85,615,0
2017-05-11,18:00:00,26.72,26.72,26.69,26.72,575,0
2017-05-11,19:00:00,26.6801,26.6801,26.6801,26.6801,275,0
2017-05-12,17:00:00,26.89,26.8944,26.8,26.8944,1622,0
2017-05-12,18:00:00,26.91,26.92,26.8553,26.8553,500,0
2017-05-15,16:00:00,26.94,26.94,26.94,26.94,100,0
2017-05-17,18:00:00,26.7001,26.7001,26.7,26.7,400,0
2017-05-17,19:00:00,26.9,26.9,26.9,26.9,200,0
2017-05-17,21:00:00,26.9,26.9,26.85,26.85,1514,0
2017-05-17,22:00:00,26.71,26.7501,26.71,26.7501,400,0
2017-05-18,19:00:00,26.9,26.94,26.7938,26.7938,2100,0
2017-05-19,16:00:00,26.94,26.94,26.94,26.94,100,0
2017-05-19,17:00:00,26.7948,26.8483,26.7948,26.8483,373,0
2017-05-19,18:00:00,26.86,26.94,26.86,26.94,3300,0
2017-05-22,16:00:00,26.72,27.0696,26.72,27.0696,900,0
2017-05-22,17:00:00,26.8548,26.8548,26.8548,26.8548,100,0
2017-05-22,18:00:00,26.7548,26.7548,26.7548,26.7548,320,0
2017-05-23,17:00:00,26.855,26.855,26.855,26.855,200,0
2017-05-24,17:00:00,26.72,26.72,26.72,26.72,880,0
2017-05-24,22:00:00,26.825,26.825,26.825,26.825,400,0
2017-05-25,19:00:00,26.8175,26.8175,26.8175,26.8175,111,0
2017-05-26,16:00:00,27.09,27.09,27.09,27.09,350,0
2017-05-26,19:00:00,26.81,26.84,26.81,26.84,500,0
2017-05-26,21:00:00,26.8268,26.8268,26.8268,26.8268,476,0
2017-05-26,22:00:00,26.8001,26.81,26.8001,26.81,1000,0
2017-05-30,16:00:00,26.75,27.05,26.75,27.05,1101,0
2017-05-30,19:00:00,26.81,26.81,26.77,26.8025,970,0
2017-05-30,20:00:00,26.8123,26.8123,26.8123,26.8123,150,0
2017-05-30,21:00:00,26.77,26.77,26.77,26.77,100,0
2017-05-31,16:00:00,26.77,27.15,26.77,27.15,890,0
2017-05-31,20:00:00,26.77,26.82,26.77,26.81,2380,0
2017-05-31,21:00:00,27.1088,27.1088,27.1088,27.1088,400,0
2017-06-01,19:00:00,26.7802,26.7802,26.7802,26.7802,400,0
2017-06-01,22:00:00,26.84,26.8802,26.8,26.8802,1000,0
2017-06-02,22:00:00,26.9,26.9,26.9,26.9,900,0
2017-06-05,16:00:00,26.9,27.15,26.9,27.15,1100,0
2017-06-05,22:00:00,26.92,26.999,26.9,26.9,3050,0
2017-06-06,17:00:00,27.02,27.02,27.02,27.02,100,0
2017-06-06,18:00:00,27.03,27.03,27.03,27.03,100,0
2017-06-06,22:00:00,26.95,26.95,26.95,26.95,800,0
2017-06-07,16:00:00,26.91,26.91,26.91,26.91,100,0
2017-06-07,21:00:00,27.0053,27.0053,27.0053,27.0053,262,0
2017-06-07,22:00:00,26.9548,26.9548,26.91,26.91,700,0
2017-06-08,16:00:00,26.92,26.92,26.92,26.92,200,0
2017-06-08,22:00:00,26.93,26.93,26.93,26.93,100,0
2017-06-09,16:00:00,26.92,26.92,26.92,26.92,100,0
2017-06-09,19:00:00,27.1,27.17,27.09,27.15,800,0
2017-06-13,21:00:00,26.9105,26.9304,26.8701,26.9204,800,0
2017-06-13,22:00:00,27,27,27,27,100,0
2017-06-14,16:00:00,26.92,26.92,26.92,26.92,100,0
2017-06-14,18:00:00,27.28,27.29,27.28,27.29,260,0
2017-06-14,19:00:00,27.11,27.11,27.1,27.1,200,0
2017-06-15,18:00:00,27,27,27,27,500,0
2017-06-15,19:00:00,26.78,26.78,26.75,26.75,300,0
2017-06-15,20:00:00,26.753,26.753,26.753,26.753,100,0
2017-06-15,21:00:00,26.79,26.79,26.79,26.79,100,0
2017-06-15,22:00:00,26.63,26.63,26.63,26.63,100,0
2017-06-19,17:00:00,26.75,26.77,26.75,26.77,440,0
2017-06-19,20:00:00,26.75,26.75,26.75,26.75,239,0
2017-06-19,21:00:00,26.75,26.7857,26.75,26.7857,548,0
2017-06-20,17:00:00,26.71,26.7341,26.71,26.7341,500,0
2017-06-20,19:00:00,26.71,26.7901,26.71,26.7901,800,0
2017-06-20,21:00:00,26.67,26.67,26.62,26.66,1492,0
2017-06-21,22:00:00,26.8324,26.8324,26.8324,26.8324,400,0
2017-06-22,17:00:00,26.9521,26.9521,26.77,26.77,400,0
2017-06-22,22:00:00,27.0536,27.0536,26.866,26.866,1800,0
2017-06-23,21:00:00,26.651,27,26.651,27,627,0
2017-06-26,16:00:00,26.73,26.73,26.73,26.73,358,0
2017-06-26,17:00:00,26.75,26.75,26.75,26.75,378,0
2017-06-26,22:00:00,26.76,26.76,26.76,26.76,200,0
2017-06-27,16:00:00,26.87,26.9332,26.73,26.9332,800,0
2017-06-27,17:00:00,26.9388,26.9388,26.9388,26.9388,750,0
2017-06-27,19:00:00,26.8206,26.8206,26.8206,26.8206,200,0
2017-06-28,16:00:00,26.76,26.76,26.76,26.76,100,0
2017-06-28,17:00:00,26.7601,26.7601,26.7601,26.7601,500,0
2017-06-29,16:00:00,26.78,26.78,26.78,26.78,100,0
2017-06-29,18:00:00,26.8103,26.8112,26.8103,26.8112,740,0
2017-06-29,21:00:00,26.783,26.783,26.783,26.783,1375,0
2017-06-30,17:00:00,26.7501,26.798,26.7501,26.798,2000,0
2017-07-03,16:00:00,26.96,26.96,26.96,26.96,500,0
2017-07-05,16:00:00,26.79,26.79,26.79,26.79,270,0
2017-07-06,20:00:00,26.7714,26.7714,26.7714,26.7714,734,0
2017-07-06,22:00:00,27.0078,27.0078,27.0078,27.0078,700,0
2017-07-07,22:00:00,26.77,26.8302,26.77,26.8202,700,0
2017-07-12,16:00:00,26.82,26.82,26.82,26.82,635,0
2017-07-12,17:00:00,26.8492,26.8492,26.8492,26.8492,200,0
2017-07-12,20:00:00,26.8664,26.8664,26.8664,26.8664,100,0
2017-07-12,22:00:00,26.8224,26.8224,26.8224,26.8224,145,0
2017-07-14,22:00:00,26.81,26.81,26.81,26.81,260,0
2017-07-17,16:00:00,26.787,26.787,26.787,26.787,1020,0
2017-07-17,20:00:00,26.76,26.78,26.76,26.78,598,0
2017-07-17,22:00:00,26.8953,26.8953,26.8953,26.8953,200,0
2017-07-18,16:00:00,26.8359,26.8359,26.8359,26.8359,400,0
2017-07-18,17:00:00,26.7941,26.7941,26.7941,26.7941,400,0
2017-07-18,18:00:00,26.99,26.99,26.76,26.76,3047,0
2017-07-18,19:00:00,26.77,26.77,26.769,26.77,750,0
2017-07-18,20:00:00,26.7701,26.7701,26.7701,26.7701,150,0
2017-07-19,16:00:00,26.8,26.8,26.8,26.8,100,0
2017-07-21,17:00:00,26.79,26.79,26.78,26.78,1300,0
2017-07-21,18:00:00,26.758,26.78,26.758,26.78,800,0
2017-07-21,20:00:00,26.811,26.811,26.811,26.811,690,0
2017-07-24,17:00:00,26.78,26.78,26.78,26.78,200,0
2017-07-24,21:00:00,26.8885,26.8885,26.8885,26.8885,190,0
2017-07-26,20:00:00,26.76,26.76,26.76,26.76,400,0
2017-07-26,21:00:00,26.76,26.76,26.76,26.76,485,0
2017-07-27,19:00:00,26.85,26.87,26.85,26.87,400,0
2017-07-28,16:00:00,26.81,26.81,26.81,26.81,325,0
2017-07-28,18:00:00,26.8307,26.8307,26.8307,26.8307,290,0
2017-07-28,19:00:00,26.8721,26.8721,26.8721,26.8721,500,0
2017-07-28,20:00:00,26.8999,26.8999,26.81,26.8237,1210,0
2017-07-31,16:00:00,26.81,26.81,26.81,26.81,100,0
2017-07-31,17:00:00,26.9164,26.9164,26.9164,26.9164,250,0
2017-07-31,19:00:00,26.8503,26.8503,26.8503,26.8503,200,0
2017-08-01,16:00:00,26.83,26.83,26.83,26.83,100,0
2017-08-01,19:00:00,26.9,27.0352,26.9,27.0352,1095,0
2017-08-02,21:00:00,26.8561,26.8561,26.8561,26.8561,229,0
2017-08-04,19:00:00,26.82,26.8603,26.7601,26.7601,2810,0
2017-08-04,21:00:00,26.76,26.76,26.73,26.73,450,0
2017-08-04,22:00:00,26.8002,26.8002,26.8002,26.8002,400,0
2017-08-07,21:00:00,26.77,26.8142,26.77,26.8142,514,0
2017-08-08,21:00:00,27.0002,27.0002,27.0002,27.0002,203,0
2017-08-08,22:00:00,26.5498,26.5498,26.5498,26.5498,585,0
2017-08-09,16:00:00,26.5601,26.7561,26.5601,26.7561,250,0
2017-08-09,17:00:00,26.56,26.75,26.56,26.693,1964,0
2017-08-09,21:00:00,26.8636,26.8636,26.8636,26.8636,100,0
2017-08-10,16:00:00,26.75,26.75,26.75,26.75,440,0
2017-08-10,17:00:00,26.75,26.75,26.75,26.75,318,0
2017-08-10,19:00:00,26.75,26.785,26.75,26.785,330,0
2017-08-10,22:00:00,26.75,26.75,26.75,26.75,1000,0
2017-08-11,16:00:00,26.75,26.9465,26.75,26.9465,600,0
2017-08-11,17:00:00,26.94,26.94,26.92,26.94,500,0
2017-08-11,18:00:00,26.77,26.8102,26.76,26.8002,1200,0
2017-08-11,20:00:00,26.81,26.81,26.81,26.81,200,0
2017-08-11,21:00:00,26.8269,26.83,26.8269,26.83,300,0
2017-08-11,22:00:00,26.83,26.86,26.83,26.83,600,0
2017-08-14,16:00:00,26.77,26.8,26.6965,26.8,2800,0
2017-08-14,17:00:00,26.85,26.85,26.8,26.8,1000,0
2017-08-14,18:00:00,26.8477,26.8477,26.8477,26.8477,400,0
2017-08-14,21:00:00,26.8402,26.8402,26.8402,26.8402,500,0
2017-08-15,19:00:00,26.7767,26.7767,26.7767,26.7767,283,0
2017-08-15,21:00:00,26.7784,26.7784,26.7784,26.7784,625,0
2017-08-16,17:00:00,26.7868,26.7868,26.7868,26.7868,100,0
2017-08-17,18:00:00,27.01,27.05,26.9258,26.9258,1590,0
2017-08-17,20:00:00,26.82,26.82,26.82,26.82,206,0
2017-08-18,22:00:00,27.08,27.08,27.05,27.05,1000,0
2017-08-22,16:00:00,26.84,26.84,26.84,26.84,100,0
2017-08-22,18:00:00,26.85,26.8515,26.85,26.8515,900,0
2017-08-22,22:00:00,26.9991,26.9991,26.9991,26.9991,600,0
2017-08-23,21:00:00,26.9506,26.9506,26.9506,26.9506,750,0
2017-08-23,22:00:00,26.8956,26.8956,26.8956,26.8956,140,0
2017-08-24,16:00:00,27.06,27.34,27.06,27.34,500,0
2017-08-24,17:00:00,26.91,26.91,26.91,26.91,1100,0
2017-08-24,21:00:00,26.9049,26.9049,26.9049,26.9049,300,0
2017-08-28,16:00:00,27.2108,27.2108,27.2108,27.2108,230,0
2017-08-28,17:00:00,26.94,26.94,26.84,26.9,4182,0
2017-08-28,18:00:00,26.9001,26.9001,26.9001,26.9001,1000,0
2017-08-28,19:00:00,26.92,26.94,26.9,26.9,800,0
2017-08-29,16:00:00,26.87,26.87,26.87,26.87,1000,0
2017-08-29,20:00:00,26.8947,26.9,26.8947,26.9,2300,0
2017-08-29,21:00:00,26.9796,26.9796,26.9796,26.9796,400,0
2017-08-29,22:00:00,26.9,26.9,26.9,26.9,100,0
2017-08-30,20:00:00,27.4,27.4,27.4,27.4,100,0
2017-08-30,22:00:00,26.87,26.87,26.87,26.87,446,0
2017-08-31,16:00:00,26.88,26.88,26.88,26.88,100,0
2017-08-31,22:00:00,27.18,27.19,27.16,27.16,1925,0
2017-09-01,22:00:00,26.95,26.95,26.95,26.95,100,0
2017-09-06,22:00:00,26.9905,26.9905,26.9905,26.9905,500,0
2017-09-07,21:00:00,27.2,27.2,27.2,27.2,300,0
2017-09-07,22:00:00,27.2,27.2,27.2,27.2,200,0
2017-09-08,20:00:00,27.2,27.2532,27.2,27.2531,1200,0
2017-09-11,16:00:00,27.11,27.11,27.11,27.11,100,0
2017-09-11,18:00:00,27.11,27.11,27.11,27.11,250,0
2017-09-12,16:00:00,27.11,27.11,27.11,27.11,100,0
2017-09-12,17:00:00,27.1061,27.1061,27.1061,27.1061,1105,0
2017-09-12,22:00:00,27.08,27.08,27.08,27.08,600,0
2017-09-13,16:00:00,26.9,26.9,26.9,26.9,600,0
2017-09-13,18:00:00,27.07,27.07,27.07,27.07,355,0
2017-09-14,16:00:00,27.05,27.05,27.034,27.05,565,0
2017-09-14,17:00:00,27.05,27.05,27.05,27.05,200,0
2017-09-14,18:00:00,27.05,27.05,27.05,27.05,595,0
2017-09-14,19:00:00,27.05,27.05,27.05,27.05,100,0
2017-09-14,20:00:00,27.06,27.06,27.06,27.06,234,0
2017-09-14,21:00:00,27.1179,27.1179,27.06,27.1135,2410,0
2017-09-14,22:00:00,27.08,27.08,27.08,27.08,100,0
2017-09-15,20:00:00,27.1,27.1,27.02,27.1,2040,0
2017-09-15,22:00:00,27.03,27.04,27,27.01,1181,0
2017-09-18,22:00:00,26.64,26.6975,26.62,26.6975,800,0
2017-09-19,19:00:00,26.9799,26.9799,26.9799,26.9799,112,0
2017-09-19,22:00:00,26.95,26.98,26.76,26.76,1400,0
2017-09-20,16:00:00,26.75,26.75,26.6733,26.6733,585,0
2017-09-20,18:00:00,26.699,26.7,26.699,26.7,600,0
2017-09-20,19:00:00,26.7383,26.7383,26.7383,26.7383,100,0
2017-09-20,20:00:00,26.739,26.746,26.7,26.746,500,0
2017-09-20,21:00:00,26.7249,26.75,26.7249,26.7255,300,0
2017-09-20,22:00:00,26.73,26.75,26.73,26.73,930,0
2017-09-21,22:00:00,26.75,26.75,26.75,26.75,100,0
2017-09-25,18:00:00,26.74,26.75,26.65,26.65,3200,0
2017-09-25,20:00:00,26.63,26.63,26.63,26.63,1000,0
2017-09-26,16:00:00,26.7,26.7,26.7,26.7,339,0
2017-09-26,17:00:00,26.65,26.7,26.65,26.7,1016,0
2017-09-26,19:00:00,26.7972,26.7972,26.702,26.702,2040,0
2017-09-26,21:00:00,26.7551,26.7551,26.7551,26.7551,100,0
2017-09-27,17:00:00,27.19,27.19,27.1066,27.1066,1506,0
2017-09-27,20:00:00,26.68,26.68,26.68,26.68,100,0
2017-09-27,22:00:00,26.8709,26.8709,26.68,26.68,358,0
2017-09-28,16:00:00,27.11,27.11,27.0149,27.0149,437,0
2017-09-28,19:00:00,26.7504,26.7504,26.7504,26.7504,900,0
2017-10-02,21:00:00,27.3087,27.3087,26.7935,26.7935,1400,0
2017-10-03,16:00:00,26.8,26.8,26.8,26.8,700,0
2017-10-03,19:00:00,26.784,26.784,26.784,26.784,100,0
2017-10-03,20:00:00,26.7601,26.7601,26.7601,26.7601,100,0
2017-10-03,21:00:00,26.784,26.784,26.784,26.784,100,0
2017-10-03,22:00:00,26.7931,26.8,26.7736,26.8,1500,0
2017-10-04,16:00:00,27.1977,27.1977,27.1977,27.1977,100,0
2017-10-04,18:00:00,27.1964,27.1964,27.1964,27.1964,550,0
2017-10-09,17:00:00,26.7434,26.7434,26.7434,26.7434,250,0
2017-10-09,22:00:00,27.0866,27.0866,27.0866,27.0866,375,0
2017-10-11,16:00:00,26.7334,26.7334,26.7334,26.7334,600,0
2017-10-11,19:00:00,27.03,27.03,27,27,1004,0
2017-10-11,20:00:00,26.71,26.76,26.45,26.45,2373,0
2017-10-11,22:00:00,26.6398,26.6636,26.56,26.56,853,0
2017-10-12,17:00:00,26.6432,26.6432,26.6432,26.6432,1000,0
2017-10-12,19:00:00,27.0068,27.0068,27.0068,27.0068,600,0
2017-10-13,20:00:00,26.6031,26.6031,26.6031,26.6031,900,0
2017-10-16,18:00:00,26.62,26.6733,26.6,26.6,1156,0
2017-10-16,21:00:00,26.598,26.6,26.56,26.6,637,0
2017-10-16,22:00:00,26.63,26.63,26.6,26.6,700,0
2017-10-17,16:00:00,26.92,26.96,26.92,26.96,1100,0
2017-10-17,18:00:00,26.7632,26.7632,26.58,26.58,800,0
2017-10-17,22:00:00,26.62,26.63,26.32,26.32,1100,0
2017-10-18,19:00:00,26.7423,26.7423,26.7423,26.7423,850,0
2017-10-18,20:00:00,26.58,26.6322,26.58,26.6321,1000,0
2017-10-19,16:00:00,26.58,26.58,26.58,26.58,1020,0
2017-10-20,22:00:00,26.62,26.6732,26.58,26.6332,2208,0
2017-10-24,19:00:00,26.74,26.74,26.74,26.74,100,0
2017-10-24,21:00:00,26.7399,26.7399,26.7399,26.7399,100,0
2017-10-25,16:00:00,26.6,26.6,26.6,26.6,140,0
2017-10-25,19:00:00,26.8368,26.8368,26.8368,26.8368,400,0
2017-10-27,16:00:00,26.71,26.71,26.71,26.71,300,0
2017-10-27,22:00:00,26.61,26.6832,26.6,26.6,1950,0
2017-10-30,18:00:00,26.5,26.5729,26.5,26.5729,600,0
2017-10-31,18:00:00,26.6,26.6,26.56,26.56,450,0
2017-10-31,19:00:00,26.567,26.57,26.567,26.57,1100,0
2017-11-01,21:00:00,26.6,26.6,26.6,26.6,400,0
2017-11-02,15:00:00,26.69,26.69,26.69,26.69,400,0
2017-11-02,18:00:00,26.6806,26.6806,26.6806,26.6806,575,0
2017-11-02,19:00:00,26.65,26.67,26.6233,26.6233,600,0
2017-11-06,16:00:00,26.61,26.61,26.6,26.61,1200,0
2017-11-07,16:00:00,26.6,26.6,26.6,26.6,400,0
2017-11-07,19:00:00,26.6478,26.65,26.6478,26.65,1000,0
2017-11-07,20:00:00,26.65,26.65,26.65,26.65,300,0
2017-11-08,21:00:00,26.74,26.74,26.7,26.7,650,0
2017-11-08,22:00:00,26.7399,26.7399,26.7399,26.7399,450,0
2017-11-09,17:00:00,26.6959,26.6959,26.6959,26.6959,100,0
2017-11-09,19:00:00,26.55,26.55,26.23,26.2659,2400,0
2017-11-09,21:00:00,26.4528,26.4528,26.4528,26.4528,200,0
2017-11-10,16:00:00,26.74,26.74,26.74,26.74,100,0
2017-11-10,20:00:00,26.7,26.96,26.647,26.96,2815,0
2017-11-13,18:00:00,26.7043,26.7043,26.7043,26.7043,908,0
2017-11-14,19:00:00,26.86,26.86,26.86,26.86,310,0
2017-11-15,18:00:00,26.5801,26.5801,26.5801,26.5801,500,0
2017-11-15,20:00:00,26.688,26.688,26.58,26.6565,1350,0
2017-11-15,22:00:00,26.9399,26.9399,26.75,26.75,410,0
2017-11-16,20:00:00,26.76,26.76,26.75,26.75,600,0
2017-11-17,16:00:00,26.8,26.8,26.8,26.8,100,0
2017-11-17,17:00:00,26.7001,26.7173,26.6232,26.6232,2488,0
2017-11-17,20:00:00,26.678,26.678,26.678,26.678,100,0
2017-11-17,21:00:00,26.7367,26.7367,26.7367,26.7367,400,0
2017-11-20,16:00:00,26.8,26.8,26.8,26.8,100,0
2017-11-20,22:00:00,26.7699,26.7699,26.7699,26.7699,100,0
2017-11-21,16:00:00,26.8,26.8,26.8,26.8,100,0
2017-11-21,17:00:00,26.73,26.73,26.73,26.73,400,0
2017-11-21,22:00:00,26.7527,26.7527,26.7527,26.7527,185,0
2017-11-22,16:00:00,26.8,26.8,26.8,26.8,100,0
2017-11-22,17:00:00,26.72,26.72,26.72,26.72,100,0
2017-11-22,18:00:00,26.71,26.71,26.71,26.71,100,0
2017-11-27,17:00:00,26.696,26.696,26.696,26.696,1000,0
2017-11-28,19:00:00,26.8192,26.8192,26.8192,26.8192,100,0
2017-11-28,22:00:00,26.7109,26.7109,26.7109,26.7109,307,0
2017-11-29,16:00:00,26.44,26.44,26.44,26.44,225,0
2017-11-29,18:00:00,26.7215,26.7215,26.7215,26.7215,400,0
2017-11-30,16:00:00,26.52,26.52,26.52,26.52,100,0
2017-11-30,17:00:00,26.5899,26.59,26.554,26.554,550,0
2017-11-30,19:00:00,26.6466,26.6466,26.6466,26.6466,1215,0
2017-11-30,21:00:00,26.6,26.6,26.6,26.6,100,0
2017-12-01,19:00:00,26.65,26.6688,26.5574,26.6,6200,0
2017-12-01,22:00:00,26.85,26.85,26.85,26.85,200,0
2017-12-04,16:00:00,26.85,26.85,26.85,26.85,100,0
2017-12-04,17:00:00,26.91,26.93,26.85,26.93,1300,0
2017-12-04,18:00:00,26.9299,26.9299,26.9299,26.9299,500,0
2017-12-05,16:00:00,26.93,26.93,26.93,26.93,100,0
2017-12-06,16:00:00,26.5,26.9031,26.5,26.9031,1300,0
2017-12-06,17:00:00,26.92,26.93,26.84,26.93,1200,0
2017-12-06,22:00:00,26.78,26.93,26.78,26.93,1200,0
