Date,Time,Open,High,Low,Close,Volume,OpenInt
2017-05-16,16:00:00,27.91,27.91,27.737,27.737,2699,0
2017-05-16,17:00:00,27.712,27.86,27.466,27.466,6219,0
2017-05-16,18:00:00,27.466,27.762,27.466,27.762,14964,0
2017-05-16,19:00:00,27.762,27.81,27.712,27.712,4357,0
2017-05-16,20:00:00,27.712,27.712,27.564,27.662,14192,0
2017-05-16,21:00:00,27.687,27.86,27.685,27.86,18197,0
2017-05-16,22:00:00,27.835,28.008,27.786,28.008,40947,0
2017-05-17,16:00:00,27.268,27.366,27.12,27.12,6983,0
2017-05-17,17:00:00,27.219,27.219,26.874,26.899,17038,0
2017-05-17,18:00:00,26.824,27.095,26.824,27.071,14856,0
2017-05-17,19:00:00,27.071,27.12,26.884,27.12,9073,0
2017-05-17,20:00:00,27.12,27.12,26.972,26.972,11133,0
2017-05-17,21:00:00,26.947,27.071,26.874,27.022,35842,0
2017-05-17,22:00:00,27.022,27.268,26.972,26.972,55353,0
2017-05-18,16:00:00,26.874,27.219,26.874,27.022,6127,0
2017-05-18,17:00:00,27.022,27.466,27.022,27.366,10102,0
2017-05-18,18:00:00,27.366,27.416,27.12,27.268,8810,0
2017-05-18,19:00:00,27.268,27.416,27.17,27.293,14298,0
2017-05-18,20:00:00,27.343,27.343,27.17,27.268,8336,0
2017-05-18,21:00:00,27.268,27.318,27.12,27.17,16037,0
2017-05-18,22:00:00,27.17,27.366,27.095,27.219,39602,0
2017-05-19,16:00:00,27.268,27.564,27.032,27.416,11940,0
2017-05-19,17:00:00,27.416,27.416,26.972,27.12,7085,0
2017-05-19,18:00:00,27.12,27.12,26.824,26.972,13715,0
2017-05-19,19:00:00,26.997,27.12,26.923,27.12,4360,0
2017-05-19,20:00:00,27.071,27.12,26.972,27.12,10216,0
2017-05-19,21:00:00,27.12,27.195,27.047,27.145,11035,0
2017-05-19,22:00:00,27.12,27.145,26.874,26.923,46316,0
2017-05-22,16:00:00,27.12,27.12,26.923,26.972,3005,0
2017-05-22,17:00:00,26.923,26.972,26.874,26.874,8062,0
2017-05-22,18:00:00,26.874,27.071,26.824,27.071,5420,0
2017-05-22,19:00:00,27.071,27.17,27.022,27.022,2141,0
2017-05-22,20:00:00,27.001,27.022,26.972,26.972,1672,0
2017-05-22,21:00:00,26.972,27.071,26.964,26.972,6816,0
2017-05-22,22:00:00,27.022,27.17,26.972,27.12,11834,0
2017-05-23,16:00:00,27.12,27.12,26.874,26.923,6959,0
2017-05-23,17:00:00,26.972,27.416,26.972,27.416,5881,0
2017-05-23,18:00:00,27.366,27.614,27.366,27.564,8633,0
2017-05-23,19:00:00,27.614,27.614,27.318,27.341,3823,0
2017-05-23,20:00:00,27.366,27.416,27.366,27.391,3088,0
2017-05-23,21:00:00,27.366,27.687,27.366,27.662,29827,0
2017-05-23,22:00:00,27.614,27.638,27.416,27.416,29511,0
2017-05-24,16:00:00,27.416,27.712,27.219,27.466,5200,0
2017-05-24,17:00:00,27.416,27.466,27.268,27.391,7586,0
2017-05-24,18:00:00,27.366,27.391,27.071,27.17,11263,0
2017-05-24,19:00:00,27.268,27.391,27.17,27.17,4968,0
2017-05-24,20:00:00,27.219,27.219,27.071,27.219,6911,0
2017-05-24,21:00:00,27.219,27.318,27.17,27.17,14615,0
2017-05-24,22:00:00,27.17,27.268,27.12,27.268,33867,0
2017-05-25,16:00:00,27.318,27.514,27.268,27.318,1635,0
2017-05-25,17:00:00,27.366,27.491,27.366,27.366,4993,0
2017-05-25,18:00:00,27.318,27.416,27.17,27.219,5236,0
2017-05-25,19:00:00,27.219,27.219,27.12,27.17,7605,0
2017-05-25,20:00:00,27.17,27.17,26.972,27.022,18292,0
2017-05-25,21:00:00,27.047,27.17,27.047,27.12,2554,0
2017-05-25,22:00:00,27.12,27.318,27.071,27.268,36218,0
2017-05-26,16:00:00,27.12,27.17,27.071,27.071,1085,0
2017-05-26,17:00:00,27.022,27.022,26.874,26.923,5629,0
2017-05-26,18:00:00,26.923,27.071,26.923,27.022,5101,0
2017-05-26,19:00:00,27.071,27.219,27.022,27.219,1933,0
2017-05-26,20:00:00,27.219,27.268,27.12,27.219,23183,0
2017-05-26,21:00:00,27.195,27.318,27.12,27.17,5414,0
2017-05-26,22:00:00,27.071,27.195,27.022,27.071,15329,0
2017-05-30,16:00:00,26.972,27.022,26.824,26.874,9437,0
2017-05-30,17:00:00,26.923,26.923,26.381,26.479,38968,0
2017-05-30,18:00:00,26.578,26.676,26.529,26.578,9088,0
2017-05-30,19:00:00,26.51,26.676,26.381,26.405,30212,0
2017-05-30,20:00:00,26.43,26.603,26.381,26.553,6459,0
2017-05-30,21:00:00,26.479,26.529,26.134,26.183,40409,0
2017-05-30,22:00:00,26.183,26.282,26.035,26.233,81171,0
2017-05-31,16:00:00,26.233,26.233,25.789,25.814,11973,0
2017-05-31,17:00:00,25.789,25.839,25.591,25.839,17044,0
2017-05-31,18:00:00,25.863,25.887,25.641,25.863,13140,0
2017-05-31,19:00:00,25.863,25.887,25.739,25.887,7560,0
2017-05-31,20:00:00,25.863,26.085,25.789,25.912,15049,0
2017-05-31,21:00:00,25.912,26.06,25.839,25.937,19136,0
2017-05-31,22:00:00,25.937,26.307,25.937,26.233,65081,0
2017-06-01,16:00:00,26.381,26.43,26.085,26.183,7822,0
2017-06-01,17:00:00,26.183,26.282,25.986,26.085,13160,0
2017-06-01,18:00:00,26.134,26.381,26.134,26.331,7301,0
2017-06-01,19:00:00,26.331,26.529,26.307,26.529,7696,0
2017-06-01,20:00:00,26.529,26.603,26.43,26.43,8269,0
2017-06-01,21:00:00,26.43,26.578,26.43,26.504,12416,0
2017-06-01,22:00:00,26.479,26.627,26.331,26.578,58257,0
2017-06-02,16:00:00,26.43,26.824,26.381,26.578,11587,0
2017-06-02,17:00:00,26.578,26.824,26.529,26.676,49836,0
2017-06-02,18:00:00,26.676,26.874,26.578,26.824,19880,0
2017-06-02,19:00:00,26.824,26.874,26.726,26.8,32848,0
2017-06-02,20:00:00,26.824,26.824,26.824,26.824,3018,0
2017-06-02,21:00:00,26.775,26.874,26.627,26.627,11615,0
2017-06-02,22:00:00,26.627,26.726,26.479,26.529,43118,0
2017-06-05,16:00:00,26.578,26.676,26.578,26.676,4250,0
2017-06-05,17:00:00,26.676,26.923,26.652,26.923,8630,0
2017-06-05,18:00:00,26.874,26.972,26.775,26.775,3143,0
2017-06-05,19:00:00,26.824,26.874,26.701,26.775,3444,0
2017-06-05,20:00:00,26.775,26.8,26.627,26.726,4818,0
2017-06-05,21:00:00,26.726,26.824,26.726,26.824,32962,0
2017-06-05,22:00:00,26.775,26.824,26.479,26.479,33718,0
2017-06-06,16:00:00,26.183,26.282,25.986,26.282,7618,0
2017-06-06,17:00:00,26.282,26.331,26.183,26.233,6770,0
2017-06-06,18:00:00,26.134,26.233,26.035,26.183,6118,0
2017-06-06,19:00:00,26.183,26.381,26.183,26.331,4664,0
2017-06-06,20:00:00,26.331,26.43,26.307,26.43,16833,0
2017-06-06,21:00:00,26.43,26.627,26.405,26.578,10029,0
2017-06-06,22:00:00,26.529,26.578,26.331,26.356,28715,0
2017-06-07,16:00:00,26.381,26.578,26.381,26.529,1621,0
2017-06-07,17:00:00,26.553,26.726,26.43,26.726,8456,0
2017-06-07,18:00:00,26.726,26.726,26.578,26.676,6895,0
2017-06-07,19:00:00,26.676,26.726,26.455,26.504,10151,0
2017-06-07,20:00:00,26.529,26.578,26.43,26.578,3555,0
2017-06-07,21:00:00,26.578,26.676,26.479,26.627,10140,0
2017-06-07,22:00:00,26.627,26.775,26.578,26.627,32104,0
2017-06-08,16:00:00,26.676,27.416,26.553,27.416,12348,0
2017-06-08,17:00:00,27.466,27.81,27.366,27.712,15534,0
2017-06-08,18:00:00,27.762,27.91,27.662,27.81,27184,0
2017-06-08,19:00:00,27.81,28.254,27.81,28.254,9910,0
2017-06-08,20:00:00,28.205,28.452,28.205,28.304,12188,0
2017-06-08,21:00:00,28.304,28.353,27.958,28.008,7834,0
2017-06-08,22:00:00,28.057,28.156,27.81,27.86,35270,0
2017-06-09,16:00:00,28.156,28.402,27.958,28.402,6868,0
2017-06-09,17:00:00,28.353,28.846,28.353,28.846,11195,0
2017-06-09,18:00:00,28.895,29.068,28.846,28.994,13617,0
2017-06-09,19:00:00,28.945,29.389,28.895,29.339,40279,0
2017-06-09,20:00:00,29.389,29.487,29.191,29.191,11024,0
2017-06-09,21:00:00,29.191,29.414,29.043,29.142,40005,0
2017-06-09,22:00:00,29.142,29.339,29.118,29.289,48318,0
2017-06-12,16:00:00,29.339,29.783,29.289,29.733,12328,0
2017-06-12,17:00:00,29.733,29.98,29.733,29.98,17879,0
2017-06-12,18:00:00,29.98,30.005,28.797,29.241,20428,0
2017-06-12,19:00:00,29.191,29.339,29.093,29.314,17207,0
2017-06-12,20:00:00,29.289,29.487,29.241,29.437,32026,0
2017-06-12,21:00:00,29.414,29.437,29.166,29.339,47258,0
2017-06-12,22:00:00,29.389,29.487,29.216,29.389,71795,0
2017-06-13,16:00:00,29.389,29.537,29.142,29.241,9855,0
2017-06-13,17:00:00,29.191,29.389,29.118,29.364,10038,0
2017-06-13,18:00:00,29.339,29.487,29.241,29.289,6388,0
2017-06-13,19:00:00,29.241,29.289,29.093,29.142,8039,0
2017-06-13,20:00:00,29.093,29.241,28.945,29.142,10863,0
2017-06-13,21:00:00,29.191,29.241,28.945,29.118,16122,0
2017-06-13,22:00:00,29.118,29.241,29.018,29.191,51157,0
2017-06-14,16:00:00,29.043,29.043,28.304,28.895,9613,0
2017-06-14,17:00:00,28.846,29.043,28.501,28.55,6388,0
2017-06-14,18:00:00,28.55,28.649,28.397,28.575,14033,0
2017-06-14,19:00:00,28.55,28.6,28.304,28.55,6503,0
2017-06-14,20:00:00,28.6,28.649,28.452,28.649,19217,0
2017-06-14,21:00:00,28.698,29.043,28.6,28.945,20424,0
2017-06-14,22:00:00,28.945,29.142,28.846,29.093,39895,0
2017-06-15,16:00:00,28.846,29.191,28.846,29.142,1380,0
2017-06-15,17:00:00,29.142,29.339,28.649,28.797,8788,0
2017-06-15,18:00:00,28.797,28.994,28.747,28.945,6356,0
2017-06-15,19:00:00,28.895,28.945,28.797,28.895,4563,0
2017-06-15,20:00:00,28.945,29.093,28.945,28.994,3853,0
2017-06-15,21:00:00,28.945,28.945,28.797,28.846,4360,0
2017-06-15,22:00:00,28.895,28.994,28.747,28.945,24348,0
2017-06-16,16:00:00,28.353,28.747,28.353,28.6,60373,0
2017-06-16,17:00:00,28.55,28.649,28.452,28.6,3883,0
2017-06-16,18:00:00,28.6,28.698,28.55,28.649,5433,0
2017-06-16,19:00:00,28.649,28.747,28.6,28.698,12261,0
2017-06-16,20:00:00,28.649,28.747,28.6,28.649,4766,0
2017-06-16,21:00:00,28.649,28.772,28.6,28.747,18035,0
2017-06-16,22:00:00,28.797,28.895,28.698,28.846,59282,0
2017-06-19,16:00:00,29.043,29.093,28.895,29.043,4421,0
2017-06-19,17:00:00,29.033,29.142,28.846,28.846,7276,0
2017-06-19,18:00:00,28.747,28.772,28.501,28.649,6571,0
2017-06-19,19:00:00,28.649,28.945,28.649,28.945,5896,0
2017-06-19,20:00:00,28.945,29.043,28.92,28.945,8201,0
2017-06-19,21:00:00,28.945,28.945,28.649,28.747,12583,0
2017-06-19,22:00:00,28.797,28.945,28.747,28.945,46393,0
2017-06-20,16:00:00,28.797,28.797,28.452,28.452,5787,0
2017-06-20,17:00:00,28.452,28.55,28.254,28.279,13790,0
2017-06-20,18:00:00,28.292,28.402,28.23,28.304,4113,0
2017-06-20,19:00:00,28.328,28.353,28.279,28.353,7276,0
2017-06-20,20:00:00,28.402,28.6,28.402,28.55,8152,0
2017-06-20,21:00:00,28.55,28.6,28.427,28.427,12653,0
2017-06-20,22:00:00,28.402,28.526,28.328,28.452,32957,0
2017-06-21,16:00:00,28.55,28.55,28.106,28.304,2998,0
2017-06-21,17:00:00,28.205,28.353,28.033,28.279,13861,0
2017-06-21,18:00:00,28.254,28.279,28.057,28.205,6043,0
2017-06-21,19:00:00,28.304,28.353,28.106,28.117,7403,0
2017-06-21,20:00:00,28.106,28.106,27.91,27.91,6618,0
2017-06-21,21:00:00,27.91,27.934,27.81,27.91,13920,0
2017-06-21,22:00:00,27.885,28.008,27.81,27.86,39034,0
2017-06-22,16:00:00,27.81,27.958,27.712,27.86,4379,0
2017-06-22,17:00:00,27.81,27.81,27.466,27.614,5729,0
2017-06-22,18:00:00,27.564,27.662,27.514,27.614,3045,0
2017-06-22,19:00:00,27.491,27.491,27.366,27.379,4451,0
2017-06-22,20:00:00,27.391,27.514,27.391,27.466,5824,0
2017-06-22,21:00:00,27.514,27.514,27.366,27.491,17301,0
2017-06-22,22:00:00,27.514,27.514,27.268,27.268,37133,0
2017-06-23,16:00:00,27.466,27.466,27.268,27.366,4463,0
2017-06-23,17:00:00,27.366,27.466,27.243,27.268,13486,0
2017-06-23,18:00:00,27.268,27.318,27.219,27.268,7112,0
2017-06-23,19:00:00,27.219,27.219,27.145,27.17,2231,0
2017-06-23,20:00:00,27.145,27.145,27.022,27.12,7018,0
2017-06-23,21:00:00,27.12,27.219,27.12,27.145,6597,0
2017-06-23,22:00:00,27.145,27.268,27.047,27.219,96265,0
2017-06-26,16:00:00,27.268,27.514,26.726,27.416,31735,0
2017-06-26,17:00:00,27.466,27.564,27.12,27.12,10783,0
2017-06-26,18:00:00,27.071,27.268,26.923,27.12,6368,0
2017-06-26,19:00:00,27.12,27.17,27.022,27.071,15456,0
2017-06-26,20:00:00,27.095,27.12,27.022,27.022,6484,0
2017-06-26,21:00:00,27.022,27.219,27.022,27.12,31946,0
2017-06-26,22:00:00,27.12,27.219,27.071,27.12,41786,0
2017-06-27,16:00:00,27.17,27.268,27.022,27.095,36828,0
2017-06-27,17:00:00,27.12,27.17,26.824,27.17,14062,0
2017-06-27,18:00:00,27.219,27.318,27.17,27.318,43600,0
2017-06-27,19:00:00,27.318,27.514,27.268,27.466,14931,0
2017-06-27,20:00:00,27.466,27.466,27.318,27.466,14761,0
2017-06-27,21:00:00,27.416,27.466,27.293,27.416,25590,0
2017-06-27,22:00:00,27.391,27.491,27.318,27.416,40782,0
2017-06-28,16:00:00,27.614,28.008,27.366,27.86,7051,0
2017-06-28,17:00:00,27.91,27.958,27.638,27.712,6057,0
2017-06-28,18:00:00,27.762,27.958,27.762,27.885,6087,0
2017-06-28,19:00:00,27.885,28.008,27.885,27.91,3174,0
2017-06-28,20:00:00,27.958,28.057,27.885,28.008,3077,0
2017-06-28,21:00:00,28.008,28.008,27.91,27.91,4915,0
2017-06-28,22:00:00,27.835,27.958,27.662,27.81,45880,0
2017-06-29,16:00:00,28.254,28.6,27.958,28.378,10292,0
2017-06-29,17:00:00,28.402,28.402,28.057,28.205,8645,0
2017-06-29,18:00:00,28.205,28.304,27.86,27.86,6794,0
2017-06-29,19:00:00,27.81,28.008,27.762,27.958,4362,0
2017-06-29,20:00:00,27.934,28.106,27.934,28.106,12871,0
2017-06-29,21:00:00,28.106,28.279,28.106,28.254,5881,0
2017-06-29,22:00:00,28.205,28.402,28.205,28.353,25537,0
2017-06-30,16:00:00,28.452,28.452,27.958,28.106,4742,0
2017-06-30,17:00:00,28.057,28.106,27.91,27.958,10123,0
2017-06-30,18:00:00,28.008,28.057,27.91,28.008,6185,0
2017-06-30,19:00:00,28.008,28.057,27.86,27.86,5501,0
2017-06-30,20:00:00,27.91,28.106,27.91,28.008,16451,0
2017-06-30,21:00:00,27.958,28.106,27.91,28.106,14465,0
2017-06-30,22:00:00,28.106,28.205,28.008,28.057,25172,0
2017-07-03,16:00:00,28.156,28.797,28.156,28.353,3138,0
2017-07-03,17:00:00,28.402,28.846,28.402,28.769,8064,0
2017-07-03,18:00:00,28.797,28.994,28.698,28.895,10013,0
2017-07-03,19:00:00,28.797,28.994,28.6,28.797,19155,0
2017-07-03,20:00:00,28.797,28.797,28.797,28.797,102,0
2017-07-05,16:00:00,28.846,28.846,28.156,28.353,6500,0
2017-07-05,17:00:00,28.304,28.501,28.254,28.452,8707,0
2017-07-05,18:00:00,28.501,28.501,28.131,28.181,6128,0
2017-07-05,19:00:00,28.106,28.378,28.106,28.353,8799,0
2017-07-05,20:00:00,28.304,28.501,28.254,28.402,10441,0
2017-07-05,21:00:00,28.452,28.55,28.402,28.452,8983,0
2017-07-05,22:00:00,28.402,28.55,28.378,28.55,16574,0
2017-07-06,16:00:00,28.452,28.55,28.254,28.254,3580,0
2017-07-06,17:00:00,28.205,28.452,28.205,28.304,6979,0
2017-07-06,18:00:00,28.402,28.55,28.304,28.402,7317,0
2017-07-06,19:00:00,28.402,28.452,28.353,28.402,5983,0
2017-07-06,20:00:00,28.402,28.501,28.254,28.254,6612,0
2017-07-06,21:00:00,28.254,28.328,28.205,28.279,5984,0
2017-07-06,22:00:00,28.279,28.279,27.91,27.958,52415,0
2017-07-07,16:00:00,28.156,28.156,27.86,28.008,4361,0
2017-07-07,17:00:00,28.057,28.057,27.91,27.958,3581,0
2017-07-07,18:00:00,27.934,28.304,27.91,28.304,5770,0
2017-07-07,19:00:00,28.353,28.353,28.254,28.328,17627,0
2017-07-07,20:00:00,28.304,28.304,28.057,28.057,37900,0
2017-07-07,21:00:00,28.082,28.279,28.057,28.181,20077,0
2017-07-07,22:00:00,28.181,28.501,28.156,28.427,35914,0
2017-07-10,16:00:00,28.254,28.402,27.762,28.156,7048,0
2017-07-10,17:00:00,28.205,28.205,27.86,27.91,7947,0
2017-07-10,18:00:00,27.86,28.008,27.86,28.008,1927,0
2017-07-10,19:00:00,27.958,28.254,27.958,28.205,4442,0
2017-07-10,20:00:00,28.254,28.254,27.958,27.958,9994,0
2017-07-10,21:00:00,28.008,28.057,27.885,27.91,17513,0
2017-07-10,22:00:00,27.958,27.983,27.81,27.86,67482,0
2017-07-11,16:00:00,27.86,27.86,27.514,27.614,7923,0
2017-07-11,17:00:00,27.614,27.662,27.466,27.662,13832,0
2017-07-11,18:00:00,27.662,27.712,27.268,27.712,18042,0
2017-07-11,19:00:00,27.712,27.81,27.662,27.662,3706,0
2017-07-11,20:00:00,27.662,27.81,27.589,27.81,4056,0
2017-07-11,21:00:00,27.762,27.762,27.614,27.712,5272,0
2017-07-11,22:00:00,27.762,27.786,27.687,27.712,41231,0
2017-07-12,16:00:00,27.514,28.057,27.514,27.958,7295,0
2017-07-12,17:00:00,28.057,28.205,27.91,27.91,5816,0
2017-07-12,18:00:00,27.762,27.81,27.662,27.762,3143,0
2017-07-12,19:00:00,27.762,27.81,27.662,27.762,6185,0
2017-07-12,20:00:00,27.786,27.786,27.662,27.662,1825,0
2017-07-12,21:00:00,27.712,27.81,27.662,27.762,5363,0
2017-07-12,22:00:00,27.712,27.91,27.662,27.91,27322,0
2017-07-13,16:00:00,27.958,27.958,27.662,27.885,5253,0
2017-07-13,17:00:00,27.91,28.205,27.86,27.91,8433,0
2017-07-13,18:00:00,27.885,27.885,27.712,27.712,2737,0
2017-07-13,19:00:00,27.724,27.81,27.614,27.712,5225,0
2017-07-13,20:00:00,27.712,27.81,27.614,27.786,5237,0
2017-07-13,21:00:00,27.81,27.91,27.786,27.835,3042,0
2017-07-13,22:00:00,27.86,27.958,27.737,27.958,27517,0
2017-07-14,16:00:00,27.662,27.762,27.17,27.564,9312,0
2017-07-14,17:00:00,27.614,27.712,27.416,27.712,14066,0
2017-07-14,18:00:00,27.712,27.737,27.514,27.539,18570,0
2017-07-14,19:00:00,27.514,27.564,27.416,27.466,15861,0
2017-07-14,20:00:00,27.466,27.687,27.416,27.687,7103,0
2017-07-14,21:00:00,27.683,27.712,27.614,27.687,4920,0
2017-07-14,22:00:00,27.687,27.885,27.662,27.712,34049,0
2017-07-17,16:00:00,27.712,28.008,27.416,27.712,6560,0
2017-07-17,17:00:00,27.662,28.106,27.564,28.057,22980,0
2017-07-17,18:00:00,28.057,28.205,28.008,28.057,10021,0
2017-07-17,19:00:00,28.057,28.156,28.057,28.106,5172,0
2017-07-17,20:00:00,28.106,28.205,28.057,28.205,8315,0
2017-07-17,21:00:00,28.205,28.254,28.082,28.106,11877,0
2017-07-17,22:00:00,28.106,28.205,28.008,28.205,38945,0
2017-07-18,16:00:00,27.91,28.106,27.762,27.958,36538,0
2017-07-18,17:00:00,27.958,28.238,27.958,28.106,22289,0
2017-07-18,18:00:00,28.156,28.205,28.008,28.205,31917,0
2017-07-18,19:00:00,28.205,28.353,28.156,28.205,6987,0
2017-07-18,20:00:00,28.254,28.402,28.205,28.304,18365,0
2017-07-18,21:00:00,28.205,28.353,28.106,28.205,8760,0
2017-07-18,22:00:00,28.205,28.353,28.106,28.106,41604,0
2017-07-19,16:00:00,28.008,28.452,27.366,27.91,79517,0
2017-07-19,17:00:00,27.958,28.008,27.614,27.638,249471,0
2017-07-19,18:00:00,27.638,27.662,27.416,27.491,35852,0
2017-07-19,19:00:00,27.466,27.564,27.441,27.466,61798,0
2017-07-19,20:00:00,27.466,27.564,27.366,27.514,67550,0
2017-07-19,21:00:00,27.514,27.762,27.466,27.687,50373,0
2017-07-19,22:00:00,27.687,27.712,27.514,27.564,146554,0
2017-07-20,16:00:00,27.514,27.958,27.514,27.86,11821,0
2017-07-20,17:00:00,27.86,27.91,27.712,27.86,43161,0
2017-07-20,18:00:00,27.81,27.835,27.564,27.687,43540,0
2017-07-20,19:00:00,27.662,27.835,27.662,27.81,27651,0
2017-07-20,20:00:00,27.786,27.91,27.786,27.81,16183,0
2017-07-20,21:00:00,27.86,27.934,27.835,27.86,16321,0
2017-07-20,22:00:00,27.885,27.934,27.81,27.91,43257,0
2017-07-21,16:00:00,28.057,28.205,27.91,28.106,28243,0
2017-07-21,17:00:00,28.106,28.106,27.86,27.91,26581,0
2017-07-21,18:00:00,27.958,28.156,27.958,28.033,28766,0
2017-07-21,19:00:00,28.033,28.304,28.033,28.254,16641,0
2017-07-21,20:00:00,28.254,28.452,28.254,28.353,13420,0
2017-07-21,21:00:00,28.353,28.353,28.156,28.254,26542,0
2017-07-21,22:00:00,28.205,28.254,28.106,28.156,40646,0
2017-07-24,16:00:00,28.008,28.23,28.008,28.205,4950,0
2017-07-24,17:00:00,28.205,28.304,28.156,28.205,14994,0
2017-07-24,18:00:00,28.205,28.304,28.156,28.254,9307,0
2017-07-24,19:00:00,28.205,28.254,28.156,28.254,13334,0
2017-07-24,20:00:00,28.205,28.279,28.205,28.279,8720,0
2017-07-24,21:00:00,28.269,28.452,28.269,28.353,18333,0
2017-07-24,22:00:00,28.353,28.476,28.304,28.402,30704,0
2017-07-25,16:00:00,28.846,28.871,28.55,28.747,9535,0
2017-07-25,17:00:00,28.723,28.871,28.649,28.846,20901,0
2017-07-25,18:00:00,28.846,29.142,28.846,29.118,16668,0
2017-07-25,19:00:00,29.142,29.142,28.994,29.004,8913,0
2017-07-25,20:00:00,29.043,29.043,28.797,28.822,18236,0
2017-07-25,21:00:00,28.846,28.994,28.846,28.92,13572,0
2017-07-25,22:00:00,28.92,29.142,28.92,28.945,62791,0
2017-07-26,16:00:00,29.104,29.104,28.756,28.905,6750,0
2017-07-26,17:00:00,28.855,28.905,28.508,28.582,32573,0
2017-07-26,18:00:00,28.557,28.632,28.508,28.607,8809,0
2017-07-26,19:00:00,28.607,28.756,28.607,28.657,4667,0
2017-07-26,20:00:00,28.607,28.682,28.582,28.607,3926,0
2017-07-26,21:00:00,28.607,28.706,28.557,28.557,19178,0
2017-07-26,22:00:00,28.557,28.607,28.309,28.508,143857,0
2017-07-27,16:00:00,28.657,28.781,28.458,28.607,7576,0
2017-07-27,17:00:00,28.557,28.955,28.508,28.806,8276,0
2017-07-27,18:00:00,28.855,28.855,28.607,28.706,12079,0
2017-07-27,19:00:00,28.756,28.806,28.632,28.706,8341,0
2017-07-27,20:00:00,28.756,28.806,28.607,28.632,17203,0
2017-07-27,21:00:00,28.657,28.706,28.508,28.607,15084,0
2017-07-27,22:00:00,28.607,28.706,28.508,28.557,113940,0
2017-07-28,16:00:00,28.508,28.682,28.458,28.557,7839,0
2017-07-28,17:00:00,28.607,28.607,28.359,28.408,10692,0
2017-07-28,18:00:00,28.458,28.483,28.185,28.21,9071,0
2017-07-28,19:00:00,28.21,28.359,28.21,28.309,4556,0
2017-07-28,20:00:00,28.284,28.408,28.284,28.384,4299,0
2017-07-28,21:00:00,28.384,28.458,28.359,28.359,5886,0
2017-07-28,22:00:00,28.359,28.508,28.334,28.458,25044,0
2017-07-31,16:00:00,28.508,28.508,28.309,28.309,5793,0
2017-07-31,17:00:00,28.359,28.458,28.309,28.359,9273,0
2017-07-31,18:00:00,28.359,28.408,28.259,28.309,5959,0
2017-07-31,19:00:00,28.259,28.458,28.259,28.458,3420,0
2017-07-31,20:00:00,28.458,28.706,28.458,28.557,14060,0
2017-07-31,21:00:00,28.557,28.557,28.458,28.508,4530,0
2017-07-31,22:00:00,28.533,28.657,28.408,28.458,56663,0
2017-08-01,16:00:00,28.756,28.756,28.359,28.557,9583,0
2017-08-01,17:00:00,28.508,28.557,28.259,28.309,10461,0
2017-08-01,18:00:00,28.359,28.458,28.309,28.408,4739,0
2017-08-01,19:00:00,28.359,28.408,28.309,28.408,10269,0
2017-08-01,20:00:00,28.408,28.433,28.359,28.408,3525,0
2017-08-01,21:00:00,28.458,28.607,28.458,28.557,16411,0
2017-08-01,22:00:00,28.533,28.582,28.408,28.458,72895,0
2017-08-02,16:00:00,28.408,28.607,28.408,28.557,3901,0
2017-08-02,17:00:00,28.557,28.607,28.259,28.359,10816,0
2017-08-02,18:00:00,28.408,28.657,28.359,28.458,15604,0
2017-08-02,19:00:00,28.483,28.508,28.359,28.508,5235,0
2017-08-02,20:00:00,28.508,28.557,28.458,28.557,4027,0
2017-08-02,21:00:00,28.557,28.607,28.508,28.607,6521,0
2017-08-02,22:00:00,28.607,28.706,28.557,28.557,27830,0
2017-08-03,16:00:00,28.458,28.706,28.21,28.508,6091,0
2017-08-03,17:00:00,28.508,28.607,28.408,28.408,6745,0
2017-08-03,18:00:00,28.433,28.508,28.309,28.508,7515,0
2017-08-03,19:00:00,28.508,28.508,28.359,28.508,6555,0
2017-08-03,20:00:00,28.508,28.557,28.359,28.458,5444,0
2017-08-03,21:00:00,28.408,28.408,28.309,28.334,9401,0
2017-08-03,22:00:00,28.359,28.384,28.259,28.259,39951,0
2017-08-04,16:00:00,28.21,28.607,28.21,28.607,3516,0
2017-08-04,17:00:00,28.557,28.706,28.557,28.657,9154,0
2017-08-04,18:00:00,28.607,28.657,28.607,28.607,5241,0
2017-08-04,19:00:00,28.607,28.706,28.607,28.706,3597,0
2017-08-04,20:00:00,28.706,28.706,28.657,28.706,5743,0
2017-08-04,21:00:00,28.682,28.731,28.607,28.682,15503,0
2017-08-04,22:00:00,28.706,28.706,28.607,28.607,19450,0
2017-08-07,16:00:00,28.557,28.706,27.937,28.508,5236,0
2017-08-07,17:00:00,28.607,28.632,28.309,28.458,7057,0
2017-08-07,18:00:00,28.408,28.557,28.359,28.557,1611,0
2017-08-07,19:00:00,28.557,28.557,28.433,28.557,2825,0
2017-08-07,20:00:00,28.508,28.557,28.309,28.309,5906,0
2017-08-07,21:00:00,28.328,28.508,28.328,28.508,6636,0
2017-08-07,22:00:00,28.433,28.508,28.359,28.458,28178,0
2017-08-08,16:00:00,28.309,28.408,28.21,28.334,3126,0
2017-08-08,17:00:00,28.408,28.781,28.384,28.781,5003,0
2017-08-08,18:00:00,28.806,29.054,28.756,29.054,18543,0
2017-08-08,19:00:00,28.905,28.93,28.408,28.458,5331,0
2017-08-08,20:00:00,28.458,28.607,28.458,28.508,5954,0
2017-08-08,21:00:00,28.508,28.657,28.508,28.508,3826,0
2017-08-08,22:00:00,28.557,28.557,28.384,28.458,25884,0
2017-08-09,16:00:00,28.21,28.408,27.912,28.309,4540,0
2017-08-09,17:00:00,28.259,28.309,28.11,28.16,4754,0
2017-08-09,18:00:00,28.135,28.185,28.061,28.135,5235,0
2017-08-09,19:00:00,28.135,28.235,28.086,28.11,6236,0
2017-08-09,20:00:00,28.11,28.11,28.061,28.061,3510,0
2017-08-09,21:00:00,28.011,28.11,27.961,27.986,5342,0
2017-08-09,22:00:00,27.986,28.061,27.912,28.011,45951,0
2017-08-10,16:00:00,27.663,27.731,27.077,27.663,5520,0
2017-08-10,17:00:00,27.614,27.614,27.365,27.415,9340,0
2017-08-10,18:00:00,27.415,27.415,27.167,27.316,13190,0
2017-08-10,19:00:00,27.316,27.365,27.216,27.341,7486,0
2017-08-10,20:00:00,27.365,27.465,27.266,27.266,13239,0
2017-08-10,21:00:00,27.291,27.415,27.216,27.216,10440,0
2017-08-10,22:00:00,27.266,27.266,27.067,27.067,41162,0
2017-08-11,16:00:00,27.266,27.639,26.968,26.968,12363,0
2017-08-11,17:00:00,26.968,27.067,26.72,26.819,8597,0
2017-08-11,18:00:00,26.72,26.769,26.521,26.571,10422,0
2017-08-11,19:00:00,26.521,26.67,26.471,26.521,15218,0
2017-08-11,20:00:00,26.521,26.67,26.496,26.62,10784,0
2017-08-11,21:00:00,26.596,26.62,26.471,26.62,14044,0
2017-08-11,22:00:00,26.67,26.769,26.571,26.72,23810,0
2017-08-14,16:00:00,27.117,27.117,26.819,27.067,2459,0
2017-08-14,17:00:00,27.117,27.216,26.968,27.018,3469,0
2017-08-14,18:00:00,27.092,27.365,27.043,27.365,8698,0
2017-08-14,19:00:00,27.365,27.366,27.192,27.192,7491,0
2017-08-14,20:00:00,27.167,27.365,27.167,27.365,16380,0
2017-08-14,21:00:00,27.365,27.44,27.316,27.365,19715,0
2017-08-14,22:00:00,27.365,27.514,27.365,27.514,33577,0
2017-08-15,16:00:00,27.713,27.812,27.028,27.713,2993,0
2017-08-15,17:00:00,27.688,27.763,27.564,27.639,9873,0
2017-08-15,18:00:00,27.639,27.713,27.614,27.639,8260,0
2017-08-15,19:00:00,27.663,27.713,27.564,27.614,2316,0
2017-08-15,20:00:00,27.564,27.564,27.415,27.415,4049,0
2017-08-15,21:00:00,27.415,27.514,27.365,27.465,4128,0
2017-08-15,22:00:00,27.465,27.564,27.365,27.415,19277,0
2017-08-16,16:00:00,27.465,27.663,27.465,27.514,5212,0
2017-08-16,17:00:00,27.539,27.663,27.514,27.564,7070,0
2017-08-16,18:00:00,27.564,27.676,27.415,27.614,5333,0
2017-08-16,19:00:00,27.614,27.663,27.465,27.465,2819,0
2017-08-16,20:00:00,27.514,27.514,27.415,27.465,3522,0
2017-08-16,21:00:00,27.465,27.465,27.216,27.291,5487,0
2017-08-16,22:00:00,27.291,27.291,27.067,27.117,20823,0
2017-08-17,16:00:00,27.018,27.415,27.018,27.092,5949,0
2017-08-17,17:00:00,27.028,27.266,26.819,26.968,33319,0
2017-08-17,18:00:00,26.918,26.968,26.695,26.769,21539,0
2017-08-17,19:00:00,26.794,26.869,26.521,26.62,12530,0
2017-08-17,20:00:00,26.62,26.67,26.521,26.67,10016,0
2017-08-17,21:00:00,26.67,26.67,26.496,26.571,23623,0
2017-08-17,22:00:00,26.571,26.571,26.223,26.322,58675,0
2017-08-18,16:00:00,26.074,26.814,26.074,26.322,28175,0
2017-08-18,17:00:00,26.223,26.471,26.223,26.322,14295,0
2017-08-18,18:00:00,26.322,26.67,26.273,26.59,22438,0
2017-08-18,19:00:00,26.62,26.769,26.596,26.72,13208,0
2017-08-18,20:00:00,26.67,26.67,26.521,26.596,7668,0
2017-08-18,21:00:00,26.596,26.67,26.521,26.645,19745,0
2017-08-18,22:00:00,26.645,26.695,26.471,26.471,25137,0
2017-08-21,16:00:00,26.521,27.425,26.124,26.273,9560,0
2017-08-21,17:00:00,26.223,26.322,26.223,26.223,3815,0
2017-08-21,18:00:00,26.372,26.422,26.322,26.372,2920,0
2017-08-21,19:00:00,26.322,26.422,26.322,26.422,3243,0
2017-08-21,20:00:00,26.397,26.422,26.223,26.347,6034,0
2017-08-21,21:00:00,26.342,26.422,26.298,26.397,7774,0
2017-08-21,22:00:00,26.397,26.447,26.322,26.372,38891,0
2017-08-22,16:00:00,26.67,26.67,26.422,26.462,4860,0
2017-08-22,17:00:00,26.471,26.67,26.471,26.62,8903,0
2017-08-22,18:00:00,26.571,26.695,26.521,26.521,10015,0
2017-08-22,19:00:00,26.596,26.645,26.496,26.571,61571,0
2017-08-22,20:00:00,26.596,26.695,26.571,26.67,4070,0
2017-08-22,21:00:00,26.67,26.67,26.62,26.645,2406,0
2017-08-22,22:00:00,26.645,26.67,26.571,26.67,15183,0
2017-08-23,16:00:00,26.422,26.72,26.422,26.67,7071,0
2017-08-23,17:00:00,26.67,26.769,26.62,26.695,13596,0
2017-08-23,18:00:00,26.695,26.769,26.62,26.72,14963,0
2017-08-23,19:00:00,26.745,26.918,26.745,26.869,4516,0
2017-08-23,20:00:00,26.844,26.918,26.695,26.72,4756,0
2017-08-23,21:00:00,26.745,26.781,26.72,26.72,3700,0
2017-08-23,22:00:00,26.72,26.72,26.521,26.521,24383,0
2017-08-24,16:00:00,26.67,26.67,26.422,26.471,4402,0
2017-08-24,17:00:00,26.471,26.62,26.471,26.471,7019,0
2017-08-24,18:00:00,26.471,26.596,26.447,26.521,10873,0
2017-08-24,19:00:00,26.546,26.62,26.471,26.521,5890,0
2017-08-24,20:00:00,26.471,26.521,26.471,26.496,2994,0
2017-08-24,21:00:00,26.496,26.645,26.471,26.62,5776,0
2017-08-24,22:00:00,26.62,26.67,26.571,26.571,12694,0
2017-08-25,16:00:00,26.769,26.769,26.62,26.72,736,0
2017-08-25,17:00:00,26.71,26.72,26.62,26.67,4430,0
2017-08-25,18:00:00,26.769,26.918,26.72,26.869,4090,0
2017-08-25,19:00:00,26.869,26.918,26.819,26.918,2316,0
2017-08-25,20:00:00,26.902,26.918,26.819,26.844,1510,0
2017-08-25,21:00:00,26.844,26.943,26.819,26.869,3341,0
2017-08-25,22:00:00,26.819,26.968,26.819,26.869,21041,0
2017-08-28,16:00:00,26.869,26.869,26.72,26.72,1162,0
2017-08-28,17:00:00,26.869,26.869,26.62,26.745,6161,0
2017-08-28,18:00:00,26.72,26.72,26.571,26.596,2819,0
2017-08-28,19:00:00,26.62,26.67,26.521,26.521,13134,0
2017-08-28,20:00:00,26.571,26.67,26.471,26.471,6141,0
2017-08-28,21:00:00,26.496,26.571,26.422,26.571,16872,0
2017-08-28,22:00:00,26.571,26.67,26.521,26.571,39296,0
2017-08-29,16:00:00,26.273,26.422,26.273,26.347,2519,0
2017-08-29,17:00:00,26.322,26.471,26.173,26.372,5452,0
2017-08-29,18:00:00,26.347,26.471,26.248,26.422,4000,0
2017-08-29,19:00:00,26.372,26.471,26.322,26.447,5743,0
2017-08-29,20:00:00,26.447,26.471,26.382,26.422,4228,0
2017-08-29,21:00:00,26.422,26.471,26.372,26.422,5661,0
2017-08-29,22:00:00,26.422,26.471,26.322,26.322,27563,0
2017-08-30,16:00:00,26.372,26.521,26.223,26.273,71312,0
2017-08-30,17:00:00,26.223,26.571,26.173,26.471,28626,0
2017-08-30,18:00:00,26.521,26.571,26.422,26.471,5891,0
2017-08-30,19:00:00,26.471,26.496,26.422,26.422,604,0
2017-08-30,20:00:00,26.521,26.521,26.422,26.471,6483,0
2017-08-30,21:00:00,26.422,26.471,26.322,26.471,4400,0
2017-08-30,22:00:00,26.471,26.521,26.422,26.471,23916,0
2017-08-31,16:00:00,26.62,26.67,26.471,26.571,10276,0
2017-08-31,17:00:00,26.571,26.62,26.471,26.571,60002,0
2017-08-31,18:00:00,26.62,26.72,26.571,26.62,7551,0
2017-08-31,19:00:00,26.571,26.62,26.471,26.496,5523,0
2017-08-31,20:00:00,26.471,26.695,26.471,26.62,5436,0
2017-08-31,21:00:00,26.571,26.62,26.546,26.571,4371,0
2017-08-31,22:00:00,26.62,26.62,26.49,26.521,26285,0
2017-09-01,16:00:00,26.67,26.72,26.62,26.72,1547,0
2017-09-01,17:00:00,26.819,26.844,26.745,26.745,2659,0
2017-09-01,18:00:00,26.769,26.819,26.72,26.72,3322,0
2017-09-01,19:00:00,26.67,26.869,26.67,26.794,12982,0
2017-09-01,20:00:00,26.819,26.918,26.769,26.819,11249,0
2017-09-01,21:00:00,26.795,26.819,26.72,26.745,3061,0
2017-09-01,22:00:00,26.745,26.869,26.72,26.869,21884,0
2017-09-05,16:00:00,26.62,26.67,26.471,26.62,3505,0
2017-09-05,17:00:00,26.62,26.62,26.223,26.273,10216,0
2017-09-05,18:00:00,26.248,26.322,26.198,26.273,6040,0
2017-09-05,19:00:00,26.273,26.273,26.099,26.124,7865,0
2017-09-05,20:00:00,26.124,26.124,26.074,26.124,12381,0
2017-09-05,21:00:00,26.074,26.124,26.024,26.074,14307,0
2017-09-05,22:00:00,26.024,26.198,26.024,26.124,38505,0
2017-09-06,16:00:00,26.322,26.322,26.173,26.223,4117,0
2017-09-06,17:00:00,26.273,26.471,26.273,26.273,5098,0
2017-09-06,18:00:00,26.223,26.223,25.876,25.876,4832,0
2017-09-06,19:00:00,25.925,26.124,25.9,26.124,2618,0
2017-09-06,20:00:00,26.173,26.372,26.124,26.223,11707,0
2017-09-06,21:00:00,26.248,26.248,26.124,26.149,10091,0
2017-09-06,22:00:00,26.149,26.173,26.049,26.074,22180,0
2017-09-07,16:00:00,26.173,26.173,25.627,25.677,5950,0
2017-09-07,17:00:00,25.627,25.627,25.28,25.602,9912,0
2017-09-07,18:00:00,25.528,25.627,25.478,25.503,26793,0
2017-09-07,19:00:00,25.528,25.727,25.528,25.677,12361,0
2017-09-07,20:00:00,25.677,25.677,25.478,25.528,12215,0
2017-09-07,21:00:00,25.503,26.074,25.478,25.9,91640,0
2017-09-07,22:00:00,25.9,25.925,25.677,25.727,39716,0
2017-09-08,16:00:00,25.826,25.876,25.578,25.727,10428,0
2017-09-08,17:00:00,25.776,25.975,25.652,25.876,27549,0
2017-09-08,18:00:00,25.876,25.975,25.776,25.9,32786,0
2017-09-08,19:00:00,25.826,25.826,25.677,25.801,12081,0
2017-09-08,20:00:00,25.801,25.826,25.677,25.826,9709,0
2017-09-08,21:00:00,25.826,26.074,25.776,25.925,40881,0
2017-09-08,22:00:00,25.925,25.975,25.776,25.776,16544,0
2017-09-11,16:00:00,26.024,26.422,26.024,26.223,7999,0
2017-09-11,17:00:00,26.124,26.62,26.124,26.571,17366,0
2017-09-11,18:00:00,26.571,26.918,26.471,26.918,42885,0
2017-09-11,19:00:00,26.869,27.067,26.819,26.844,8514,0
2017-09-11,20:00:00,26.819,26.943,26.745,26.943,21998,0
2017-09-11,21:00:00,26.943,26.943,26.819,26.819,34014,0
2017-09-11,22:00:00,26.819,26.819,26.62,26.67,48741,0
2017-09-12,16:00:00,26.819,27.216,26.819,26.968,7648,0
2017-09-12,17:00:00,27.067,27.192,27.018,27.167,12211,0
2017-09-12,18:00:00,27.142,27.266,27.067,27.192,16427,0
2017-09-12,19:00:00,27.167,27.266,27.067,27.167,29367,0
2017-09-12,20:00:00,27.167,27.216,27.018,27.043,19286,0
2017-09-12,21:00:00,27.018,27.241,27.018,27.216,21246,0
2017-09-12,22:00:00,27.266,27.295,27.167,27.216,28286,0
2017-09-13,16:00:00,27.067,27.167,27.018,27.067,3805,0
2017-09-13,17:00:00,27.117,27.316,27.117,27.266,3826,0
2017-09-13,18:00:00,27.216,27.266,27.167,27.241,4430,0
2017-09-13,19:00:00,27.241,27.316,27.167,27.216,4832,0
2017-09-13,20:00:00,27.266,27.266,27.167,27.216,11281,0
2017-09-13,21:00:00,27.241,27.465,27.167,27.465,11477,0
2017-09-13,22:00:00,27.465,27.465,27.266,27.365,35525,0
2017-09-14,16:00:00,27.514,27.514,27.365,27.415,24276,0
2017-09-14,17:00:00,27.415,27.589,27.415,27.564,9750,0
2017-09-14,18:00:00,27.514,27.562,27.465,27.514,16546,0
2017-09-14,19:00:00,27.514,27.614,27.514,27.514,8507,0
2017-09-14,20:00:00,27.465,27.564,27.316,27.365,7953,0
2017-09-14,21:00:00,27.316,27.365,27.167,27.167,4329,0
2017-09-14,22:00:00,27.167,27.192,27.067,27.117,30454,0
2017-09-15,16:00:00,27.167,27.167,27.018,27.117,55538,0
2017-09-15,17:00:00,27.117,27.365,27.117,27.117,5097,0
2017-09-15,18:00:00,27.167,27.216,26.968,27.018,38236,0
2017-09-15,19:00:00,26.918,27.067,26.918,27.043,6018,0
2017-09-15,20:00:00,27.018,27.043,26.993,27.018,3913,0
2017-09-15,21:00:00,27.018,27.043,26.993,26.993,6242,0
2017-09-15,22:00:00,26.968,27.067,26.968,26.968,131643,0
2017-09-18,16:00:00,27.117,27.216,27.018,27.216,5899,0
2017-09-18,17:00:00,27.216,27.39,27.167,27.365,7166,0
2017-09-18,18:00:00,27.316,27.415,27.266,27.365,6086,0
2017-09-18,19:00:00,27.415,27.514,27.415,27.514,3214,0
2017-09-18,20:00:00,27.514,27.737,27.514,27.737,7414,0
2017-09-18,21:00:00,27.763,27.812,27.713,27.738,27945,0
2017-09-18,22:00:00,27.738,27.738,27.614,27.614,18475,0
2017-09-19,16:00:00,27.614,27.812,27.291,27.812,10064,0
2017-09-19,17:00:00,27.822,28.061,27.812,27.961,9147,0
2017-09-19,18:00:00,27.937,27.961,27.812,27.862,7720,0
2017-09-19,19:00:00,27.862,28.011,27.837,27.837,18897,0
2017-09-19,20:00:00,27.812,27.961,27.812,27.961,33199,0
2017-09-19,21:00:00,27.912,27.961,27.763,27.912,35881,0
2017-09-19,22:00:00,27.912,27.961,27.887,27.912,72581,0
2017-09-20,16:00:00,27.961,27.961,27.763,27.912,19378,0
2017-09-20,17:00:00,27.862,28.11,27.862,28.061,15195,0
2017-09-20,18:00:00,28.11,28.11,27.961,28.061,9507,0
2017-09-20,19:00:00,28.011,28.061,27.912,27.961,7651,0
2017-09-20,20:00:00,27.961,28.011,27.862,27.887,6343,0
2017-09-20,21:00:00,27.912,28.11,27.912,28.086,48175,0
2017-09-20,22:00:00,28.086,28.11,28.011,28.061,60573,0
2017-09-21,16:00:00,28.16,28.458,28.16,28.309,5678,0
2017-09-21,17:00:00,28.309,28.508,28.259,28.359,24432,0
2017-09-21,18:00:00,28.408,28.508,28.359,28.359,9991,0
2017-09-21,19:00:00,28.359,28.359,28.259,28.359,4762,0
2017-09-21,20:00:00,28.359,28.508,28.309,28.458,4933,0
2017-09-21,21:00:00,28.458,28.508,28.408,28.458,13251,0
2017-09-21,22:00:00,28.483,28.557,28.384,28.408,77890,0
2017-09-22,16:00:00,28.259,28.458,28.259,28.408,2672,0
2017-09-22,17:00:00,28.408,28.657,28.408,28.632,15757,0
2017-09-22,18:00:00,28.657,28.706,28.508,28.706,5134,0
2017-09-22,19:00:00,28.657,28.706,28.607,28.657,3940,0
2017-09-22,20:00:00,28.657,28.756,28.632,28.756,5907,0
2017-09-22,21:00:00,28.706,28.722,28.607,28.632,8592,0
2017-09-22,22:00:00,28.632,28.756,28.607,28.657,34926,0
2017-09-25,16:00:00,28.508,28.806,28.408,28.806,3590,0
2017-09-25,17:00:00,28.806,28.955,28.806,28.806,6595,0
2017-09-25,18:00:00,28.806,29.004,28.607,28.905,36569,0
2017-09-25,19:00:00,28.905,29.104,28.806,29.104,70812,0
2017-09-25,20:00:00,29.104,29.129,29.054,29.054,8484,0
2017-09-25,21:00:00,29.054,29.153,29.004,29.054,12803,0
2017-09-25,22:00:00,29.029,29.104,29.004,29.054,33499,0
2017-09-26,16:00:00,29.253,29.253,29.004,29.153,6269,0
2017-09-26,17:00:00,29.153,29.402,29.153,29.302,15867,0
2017-09-26,18:00:00,29.302,29.451,29.253,29.402,38478,0
2017-09-26,19:00:00,29.427,29.501,29.352,29.501,11504,0
2017-09-26,20:00:00,29.402,29.65,29.352,29.65,11643,0
2017-09-26,21:00:00,29.551,29.551,29.501,29.501,7939,0
2017-09-26,22:00:00,29.451,29.551,29.451,29.551,44749,0
2017-09-27,16:00:00,29.948,30.013,29.749,29.998,18349,0
2017-09-27,17:00:00,29.998,29.998,29.749,29.898,18027,0
2017-09-27,18:00:00,29.849,30.047,29.849,29.998,13280,0
2017-09-27,19:00:00,29.948,30.395,29.898,30.395,18944,0
2017-09-27,20:00:00,30.445,30.792,30.395,30.743,31302,0
2017-09-27,21:00:00,30.743,30.792,30.445,30.594,24283,0
2017-09-27,22:00:00,30.594,30.792,30.594,30.693,53984,0
2017-09-28,16:00:00,30.693,30.743,30.494,30.544,6843,0
2017-09-28,17:00:00,30.544,30.594,30.345,30.395,17736,0
2017-09-28,18:00:00,30.395,30.643,30.395,30.594,12735,0
2017-09-28,19:00:00,30.643,30.792,30.643,30.693,7651,0
2017-09-28,20:00:00,30.743,30.792,30.569,30.643,10470,0
2017-09-28,21:00:00,30.643,30.792,30.594,30.743,14575,0
2017-09-28,22:00:00,30.768,30.966,30.643,30.643,46350,0
2017-09-29,16:00:00,30.594,30.792,29.774,30.693,13830,0
2017-09-29,17:00:00,30.792,30.991,30.792,30.941,23877,0
2017-09-29,18:00:00,30.941,30.941,30.643,30.693,57420,0
2017-09-29,19:00:00,30.693,30.768,30.668,30.693,9363,0
2017-09-29,20:00:00,30.693,30.842,30.693,30.797,11336,0
2017-09-29,21:00:00,30.792,30.817,30.743,30.792,9526,0
2017-09-29,22:00:00,30.768,30.792,30.643,30.743,57330,0
2017-10-02,16:00:00,30.792,30.792,30.494,30.792,10655,0
2017-10-02,17:00:00,30.842,30.941,30.494,30.643,9866,0
2017-10-02,18:00:00,30.643,31.041,30.643,30.941,13021,0
2017-10-02,19:00:00,30.892,30.966,30.842,30.892,11394,0
2017-10-02,20:00:00,30.941,30.966,30.842,30.941,11357,0
2017-10-02,21:00:00,30.941,31.016,30.892,31.016,13801,0
2017-10-02,22:00:00,30.991,31.09,30.941,31.041,48687,0
2017-10-03,16:00:00,31.19,31.19,30.643,30.668,13527,0
2017-10-03,17:00:00,30.693,30.842,30.619,30.817,8964,0
2017-10-03,18:00:00,30.842,30.842,30.668,30.743,6533,0
2017-10-03,19:00:00,30.792,30.792,30.743,30.792,14320,0
2017-10-03,20:00:00,30.817,30.917,30.768,30.842,6586,0
2017-10-03,21:00:00,30.842,31.016,30.842,30.892,9143,0
2017-10-03,22:00:00,30.892,31.19,30.842,31.09,54052,0
2017-10-04,16:00:00,31.041,31.14,30.892,30.941,2468,0
2017-10-04,17:00:00,30.941,31.14,30.892,30.941,11376,0
2017-10-04,18:00:00,30.991,30.991,30.743,30.842,4500,0
2017-10-04,19:00:00,30.792,30.892,30.693,30.718,10468,0
2017-10-04,20:00:00,30.743,30.792,30.619,30.643,13759,0
2017-10-04,21:00:00,30.693,30.842,30.643,30.792,18545,0
2017-10-04,22:00:00,30.792,30.792,30.594,30.693,34288,0
2017-10-05,16:00:00,30.842,31.041,30.594,30.842,7774,0
2017-10-05,17:00:00,30.842,30.966,30.743,30.941,5034,0
2017-10-05,18:00:00,30.892,31.041,30.892,31.041,5738,0
2017-10-05,19:00:00,31.041,31.14,30.892,31.041,6544,0
2017-10-05,20:00:00,30.991,31.09,30.991,31.041,4933,0
2017-10-05,21:00:00,30.991,31.041,30.941,30.991,11980,0
2017-10-05,22:00:00,30.991,31.041,30.892,31.041,26804,0
2017-10-06,16:00:00,31.09,31.289,30.991,30.991,20884,0
2017-10-06,17:00:00,30.991,31.115,30.941,31.041,12260,0
2017-10-06,18:00:00,31.09,31.09,30.941,30.991,7924,0
2017-10-06,19:00:00,30.991,31.115,30.991,31.09,10137,0
2017-10-06,20:00:00,31.066,31.14,31.041,31.041,4239,0
2017-10-06,21:00:00,31.016,31.14,30.991,31.09,9983,0
2017-10-06,22:00:00,31.041,31.115,30.892,30.892,50723,0
2017-10-09,16:00:00,30.991,31.041,30.892,30.941,2849,0
2017-10-09,17:00:00,30.991,31.09,30.892,31.09,12068,0
2017-10-09,18:00:00,31.09,31.09,30.966,30.991,2618,0
2017-10-09,19:00:00,30.991,30.991,30.792,30.792,2990,0
2017-10-09,20:00:00,30.842,30.941,30.817,30.867,5270,0
2017-10-09,21:00:00,30.892,31.19,30.851,31.19,20507,0
2017-10-09,22:00:00,31.19,31.289,31.09,31.289,58491,0
2017-10-10,16:00:00,31.289,31.289,31.09,31.09,7912,0
2017-10-10,17:00:00,31.14,31.19,31.016,31.016,15606,0
2017-10-10,18:00:00,31.016,31.19,31.016,31.09,6443,0
2017-10-10,19:00:00,31.041,31.239,31.041,31.14,5235,0
2017-10-10,20:00:00,31.14,31.264,31.14,31.264,5178,0
2017-10-10,21:00:00,31.239,31.339,31.19,31.339,7143,0
2017-10-10,22:00:00,31.289,31.438,31.239,31.239,45098,0
2017-10-11,16:00:00,31.239,31.289,31.041,31.239,3057,0
2017-10-11,17:00:00,31.239,31.339,31.19,31.339,6939,0
2017-10-11,18:00:00,31.339,31.388,31.239,31.239,4635,0
2017-10-11,19:00:00,31.19,31.339,31.14,31.264,8960,0
2017-10-11,20:00:00,31.264,31.289,31.19,31.19,7450,0
2017-10-11,21:00:00,31.19,31.388,31.14,31.314,21199,0
2017-10-11,22:00:00,31.314,31.339,31.239,31.289,50529,0
2017-10-12,16:00:00,31.339,31.339,31.19,31.289,2853,0
2017-10-12,17:00:00,31.239,31.488,31.214,31.239,15880,0
2017-10-12,18:00:00,31.289,31.388,31.19,31.239,3967,0
2017-10-12,19:00:00,31.239,31.289,31.14,31.289,9905,0
2017-10-12,20:00:00,31.289,31.314,31.19,31.214,5717,0
2017-10-12,21:00:00,31.19,31.239,31.14,31.19,8658,0
2017-10-12,22:00:00,31.19,31.339,31.19,31.19,36609,0
2017-10-13,16:00:00,31.041,31.09,30.842,30.941,12227,0
2017-10-13,17:00:00,30.941,31.19,30.941,31.19,14738,0
2017-10-13,18:00:00,31.14,31.239,30.991,30.991,4329,0
2017-10-13,19:00:00,30.941,31.041,30.892,30.941,5736,0
2017-10-13,20:00:00,30.991,30.991,30.842,30.941,10666,0
2017-10-13,21:00:00,30.941,31.09,30.892,31.09,7529,0
2017-10-13,22:00:00,31.09,31.14,30.743,30.892,42253,0
2017-10-16,16:00:00,31.041,31.289,30.917,31.19,11337,0
2017-10-16,17:00:00,31.239,31.339,30.842,30.892,8048,0
2017-10-16,18:00:00,30.892,30.991,30.887,30.892,10723,0
2017-10-16,19:00:00,30.941,30.991,30.892,30.941,3479,0
2017-10-16,20:00:00,30.892,31.09,30.892,30.991,4567,0
2017-10-16,21:00:00,30.991,31.09,30.991,31.016,14686,0
2017-10-16,22:00:00,31.041,31.14,30.941,30.991,32937,0
2017-10-17,16:00:00,31.339,31.339,30.743,31.041,6806,0
2017-10-17,17:00:00,30.995,31.14,30.892,30.941,5155,0
2017-10-17,18:00:00,30.991,31.239,30.892,31.041,7781,0
2017-10-17,19:00:00,30.991,31.041,30.892,30.991,2517,0
2017-10-17,20:00:00,30.941,30.991,30.743,30.842,6882,0
2017-10-17,21:00:00,30.792,30.842,30.693,30.693,14644,0
2017-10-17,22:00:00,30.693,30.743,30.544,30.594,39836,0
2017-10-18,16:00:00,30.668,30.991,30.668,30.792,46384,0
2017-10-18,17:00:00,30.842,30.917,30.544,30.743,20275,0
2017-10-18,18:00:00,30.792,30.914,30.693,30.892,7460,0
2017-10-18,19:00:00,30.892,30.941,30.693,30.743,9227,0
2017-10-18,20:00:00,30.743,30.892,30.693,30.842,9866,0
2017-10-18,21:00:00,30.842,30.842,30.693,30.693,6806,0
2017-10-18,22:00:00,30.643,30.842,30.643,30.743,25471,0
2017-10-19,16:00:00,30.494,30.743,30.246,30.718,6009,0
2017-10-19,17:00:00,30.718,30.842,30.544,30.842,8272,0
2017-10-19,18:00:00,30.842,30.842,30.544,30.544,6006,0
2017-10-19,19:00:00,30.544,30.743,30.544,30.594,5665,0
2017-10-19,20:00:00,30.594,30.842,30.594,30.743,25088,0
2017-10-19,21:00:00,30.768,31.041,30.743,30.892,11217,0
2017-10-19,22:00:00,30.917,30.966,30.743,30.792,53148,0
2017-10-20,16:00:00,31.19,31.289,30.892,31.289,15358,0
2017-10-20,17:00:00,31.314,31.314,31.165,31.239,13317,0
2017-10-20,18:00:00,31.239,31.289,31.19,31.239,6090,0
2017-10-20,19:00:00,31.289,31.438,31.19,31.339,8155,0
2017-10-20,20:00:00,31.339,31.388,31.289,31.339,3583,0
2017-10-20,21:00:00,31.363,31.363,31.239,31.239,7000,0
2017-10-20,22:00:00,31.239,31.289,31.09,31.19,30001,0
2017-10-23,16:00:00,31.14,31.19,30.941,31.14,3240,0
2017-10-23,17:00:00,31.09,31.09,30.991,31.041,4228,0
2017-10-23,18:00:00,31.059,31.19,30.991,31.14,9009,0
2017-10-23,19:00:00,31.115,31.115,31.041,31.041,4215,0
2017-10-23,20:00:00,31.09,31.165,30.941,30.941,4681,0
2017-10-23,21:00:00,30.966,31.239,30.966,31.239,15996,0
2017-10-23,22:00:00,31.239,31.289,31.09,31.19,40781,0
2017-10-24,16:00:00,31.438,31.686,31.438,31.438,14905,0
2017-10-24,17:00:00,31.438,31.537,31.289,31.339,11880,0
2017-10-24,18:00:00,31.339,31.388,31.19,31.289,12636,0
2017-10-24,19:00:00,31.264,31.388,31.239,31.289,5235,0
2017-10-24,20:00:00,31.289,31.339,31.19,31.239,14320,0
2017-10-24,21:00:00,31.289,31.289,31.14,31.19,11344,0
2017-10-24,22:00:00,31.19,31.19,31.041,31.041,39945,0
2017-10-25,16:00:00,31.09,31.19,31.09,31.09,5438,0
2017-10-25,17:00:00,31.041,31.09,30.792,30.792,9783,0
2017-10-25,18:00:00,30.792,30.892,30.594,30.693,23887,0
2017-10-25,19:00:00,30.643,30.892,30.594,30.842,28316,0
2017-10-25,20:00:00,30.867,31.09,30.792,31.09,16533,0
2017-10-25,21:00:00,31.09,31.09,30.941,30.941,8559,0
2017-10-25,22:00:00,30.991,31.041,30.842,30.842,39705,0
2017-10-26,16:00:00,30.842,31.09,30.842,30.941,2416,0
2017-10-26,17:00:00,31.041,31.239,30.991,31.239,5320,0
2017-10-26,18:00:00,31.19,31.264,31.14,31.19,3826,0
2017-10-26,19:00:00,31.14,31.19,31.066,31.09,2657,0
2017-10-26,20:00:00,30.991,31.239,30.991,31.09,4721,0
2017-10-26,21:00:00,31.09,31.115,30.991,31.041,8715,0
2017-10-26,22:00:00,31.09,31.14,30.941,31.14,32398,0
2017-10-27,16:00:00,31.1,31.1,30.85,31.05,4238,0
2017-10-27,17:00:00,31.1,31.3,31,31.3,10138,0
2017-10-27,18:00:00,31.25,31.35,31.2,31.3,10702,0
2017-10-27,19:00:00,31.3,31.4,31.275,31.35,5550,0
2017-10-27,20:00:00,31.4,31.45,31.35,31.4,4792,0
2017-10-27,21:00:00,31.35,31.35,31.1992,31.2,7223,0
2017-10-27,22:00:00,31.25,31.4,31.2,31.4,33136,0
2017-10-30,15:00:00,31.2,31.2,30.85,30.85,3021,0
2017-10-30,16:00:00,30.85,30.975,30.8196,30.85,16117,0
2017-10-30,17:00:00,30.9,31.05,30.775,30.825,21809,0
2017-10-30,18:00:00,30.9,30.95,30.8,30.9,10232,0
2017-10-30,19:00:00,30.9,30.925,30.5,30.5,20976,0
2017-10-30,20:00:00,30.45,30.7,30.4,30.6,9422,0
2017-10-30,21:00:00,30.65,30.75,30.5,30.6,41920,0
2017-10-31,15:00:00,30.6,30.75,30.45,30.45,4507,0
2017-10-31,16:00:00,30.55,31,30.55,30.95,9762,0
2017-10-31,17:00:00,30.95,31.05,30.775,30.8,5830,0
2017-10-31,18:00:00,30.85,30.85,30.7,30.75,4871,0
2017-10-31,19:00:00,30.75,30.9,30.65,30.86,4118,0
2017-10-31,20:00:00,30.85,31,30.8,31,12020,0
2017-10-31,21:00:00,31.05,31.05,30.7,30.75,42709,0
2017-11-01,15:00:00,30.85,31.1,30.7,31.05,4654,0
2017-11-01,16:00:00,31,31.15,30.75,30.75,5209,0
2017-11-01,17:00:00,30.7,30.7,30.45,30.5,4407,0
2017-11-01,18:00:00,30.45,30.5,30.25,30.5,27032,0
2017-11-01,19:00:00,30.45,30.6,30.3,30.35,30142,0
2017-11-01,20:00:00,30.35,30.6,30.25,30.561,8261,0
2017-11-01,21:00:00,30.6,30.75,30.5,30.7,36660,0
2017-11-02,15:00:00,30.6,30.7,30.475,30.65,13500,0
2017-11-02,16:00:00,30.55,30.8,30.35,30.7,7984,0
2017-11-02,17:00:00,30.75,30.8,30.65,30.8,3500,0
2017-11-02,18:00:00,30.8,31.15,30.8,30.9,5185,0
2017-11-02,19:00:00,30.9,31,30.75,31,4155,0
2017-11-02,20:00:00,30.9,31.05,30.8,30.85,7522,0
2017-11-02,21:00:00,30.85,31.1,30.85,31.05,29286,0
2017-11-03,15:00:00,31.05,31.05,30.75,30.8,3572,0
2017-11-03,16:00:00,30.85,31.05,30.8,30.85,2635,0
2017-11-03,17:00:00,30.85,31,30.8,30.8,5084,0
2017-11-03,18:00:00,30.75,30.9,30.7,30.9,2600,0
2017-11-03,19:00:00,30.85,30.85,30.75,30.8,2915,0
2017-11-03,20:00:00,30.75,30.85,30.7,30.75,3000,0
2017-11-03,21:00:00,30.7,30.8,30.65,30.8,16951,0
2017-11-06,16:00:00,30.7,30.725,30.55,30.65,3904,0
2017-11-06,17:00:00,30.65,30.825,30.65,30.725,5040,0
2017-11-06,18:00:00,30.65,30.7,30.55,30.55,4549,0
2017-11-06,19:00:00,30.6,30.65,30.55,30.6,3200,0
2017-11-06,20:00:00,30.6,30.75,30.4,30.4,6953,0
2017-11-06,21:00:00,30.5,30.55,30.45,30.55,4487,0
2017-11-06,22:00:00,30.5,30.7,30.5,30.575,14885,0
2017-11-07,16:00:00,30.5,30.65,30.5,30.55,2884,0
2017-11-07,17:00:00,30.5,30.5,30.05,30.05,3229,0
2017-11-07,19:00:00,29.65,29.7,29.5,29.6,4401,0
2017-11-07,20:00:00,29.6,29.8,29.55,29.7,5440,0
2017-11-07,21:00:00,29.725,29.9,29.65,29.65,17506,0
2017-11-07,22:00:00,29.65,29.75,29.55,29.7,40223,0
2017-11-08,16:00:00,29.5,29.55,29,29.35,16572,0
2017-11-08,17:00:00,29.45,29.5,29.25,29.45,24079,0
2017-11-08,18:00:00,29.45,29.45,29.05,29.2,6628,0
2017-11-08,19:00:00,29.2,29.4,29.2,29.25,4717,0
2017-11-08,20:00:00,29.25,29.45,29.2,29.2,6858,0
2017-11-08,21:00:00,29.25,29.3,29.2,29.25,6082,0
2017-11-08,22:00:00,29.2,29.25,29.15,29.15,37324,0
2017-11-09,16:00:00,28.9,29.05,28.85,28.85,3892,0
2017-11-09,17:00:00,28.9,29.25,28.9,29.2,5800,0
2017-11-09,18:00:00,29.25,29.25,28.6,28.7,14032,0
2017-11-09,19:00:00,28.65,28.7,28.45,28.65,15671,0
2017-11-09,20:00:00,28.625,28.9,28.625,28.85,6484,0
2017-11-09,21:00:00,28.875,28.9,28.75,28.75,3161,0
2017-11-09,22:00:00,28.75,28.95,28.7,28.9,21593,0
2017-11-10,16:00:00,29.1,29.1,28.5924,29,22678,0
2017-11-10,17:00:00,29,29,28.85,28.9,8635,0
2017-11-10,18:00:00,29,29.05,28.95,28.95,14153,0
2017-11-10,19:00:00,29,29.05,28.875,28.875,4997,0
2017-11-10,20:00:00,28.85,29,28.8,28.975,7700,0
2017-11-10,21:00:00,28.95,29.05,28.95,29,7383,0
2017-11-10,22:00:00,29,29,28.8,28.9,47107,0
2017-11-13,16:00:00,28.7,29,28.5,29,7240,0
2017-11-13,17:00:00,29,29,28.75,28.775,8800,0
2017-11-13,18:00:00,28.775,28.9,28.7,28.7,19667,0
2017-11-13,19:00:00,28.7,28.85,28.675,28.775,18489,0
2017-11-13,20:00:00,28.8,29.1,28.75,29.1,39360,0
2017-11-13,21:00:00,29.1,29.1,28.9,29,28466,0
2017-11-13,22:00:00,29,29.15,28.975,29.05,48160,0
2017-11-14,16:00:00,28.8,29.35,28.8,29.3,5881,0
2017-11-14,17:00:00,29.25,29.4,29.2,29.4,8528,0
2017-11-14,18:00:00,29.375,29.4,29.2,29.3,4900,0
2017-11-14,19:00:00,29.25,29.35,29.25,29.28,5100,0
2017-11-14,20:00:00,29.3,29.45,29.25,29.45,5300,0
2017-11-14,21:00:00,29.4,29.55,29.35,29.5,12054,0
2017-11-14,22:00:00,29.45,29.5,29.4,29.4,17491,0
2017-11-15,16:00:00,29.05,29.45,28.85,29.4,10272,0
2017-11-15,17:00:00,29.45,29.575,29.3,29.5,6090,0
2017-11-15,18:00:00,29.6,29.65,29.5,29.575,7176,0
2017-11-15,19:00:00,29.6,29.75,29.575,29.725,3900,0
2017-11-15,20:00:00,29.7,29.75,29.55,29.6,5599,0
2017-11-15,21:00:00,29.6,29.75,29.6,29.625,7850,0
2017-11-15,22:00:00,29.625,29.8,29.6,29.65,51385,0
2017-11-16,16:00:00,29.75,29.75,29.5,29.5,4700,0
2017-11-16,17:00:00,29.55,29.8,29.45,29.65,8528,0
2017-11-16,18:00:00,29.65,29.8,29.6,29.75,6600,0
2017-11-16,19:00:00,29.7,29.8,29.65,29.75,4800,0
2017-11-16,20:00:00,29.8,29.85,29.675,29.75,9566,0
2017-11-16,21:00:00,29.775,29.8,29.7,29.725,8103,0
2017-11-16,22:00:00,29.725,29.85,29.7,29.8,36091,0
2017-11-17,16:00:00,29.7,29.8,29.45,29.45,7112,0
2017-11-17,17:00:00,29.45,29.65,29.35,29.55,4900,0
2017-11-17,18:00:00,29.5,29.65,29.45,29.6,5700,0
2017-11-17,19:00:00,29.55,29.825,29.55,29.75,7100,0
2017-11-17,20:00:00,29.85,29.95,29.75,29.75,4723,0
2017-11-17,21:00:00,29.8,29.825,29.7,29.75,4300,0
2017-11-17,22:00:00,29.75,29.8,29.6,29.6,28845,0
2017-11-20,16:00:00,29.55,29.75,29.5,29.55,7320,0
2017-11-20,17:00:00,29.65,30.075,29.65,30.075,10461,0
2017-11-20,18:00:00,30.05,30.1,29.85,29.9,9958,0
2017-11-20,19:00:00,29.9,30,29.9,29.95,8300,0
2017-11-20,20:00:00,29.975,30.075,29.95,30.075,16307,0
2017-11-20,21:00:00,30.1,30.1,29.9,30.05,11039,0
2017-11-20,22:00:00,30.05,30.15,30,30.1,33737,0
2017-11-21,16:00:00,30.15,30.25,29.75,30.25,5324,0
2017-11-21,17:00:00,30.2025,30.55,30.15,30.5,12013,0
2017-11-21,18:00:00,30.5,30.5,30.35,30.4,9999,0
2017-11-21,19:00:00,30.4,30.55,30.35,30.55,10300,0
2017-11-21,20:00:00,30.55,30.625,30.5,30.55,8591,0
2017-11-21,21:00:00,30.55,30.7,30.5,30.7,11415,0
2017-11-21,22:00:00,30.6,30.7,30.45,30.7,40838,0
2017-11-22,16:00:00,30.7,30.7,29.65,30.55,6695,0
2017-11-22,17:00:00,30.45,30.75,30.45,30.65,8100,0
2017-11-22,18:00:00,30.7,30.725,30.4,30.4,3700,0
2017-11-22,19:00:00,30.4,30.55,30.4,30.55,5419,0
2017-11-22,20:00:00,30.6,30.6,30.45,30.5,2400,0
2017-11-22,21:00:00,30.45,30.55,30.45,30.5,1800,0
2017-11-22,22:00:00,30.45,30.55,30.4,30.5,30867,0
2017-11-24,16:00:00,30.55,30.55,30.025,30.2,6450,0
2017-11-24,17:00:00,30.15,30.25,29.8,29.9,17966,0
2017-11-24,18:00:00,29.85,29.925,29.8,29.85,10160,0
2017-11-24,19:00:00,29.875,30.05,29.825,30,20253,0
2017-11-24,20:00:00,30.05,30.05,30.05,30.05,5858,0
2017-11-27,16:00:00,29.95,30.4,29.95,30.35,6756,0
2017-11-27,17:00:00,30.4,30.45,30.275,30.3,19110,0
2017-11-27,18:00:00,30.3,30.3,30.2,30.25,7836,0
2017-11-27,19:00:00,30.25,30.3,30.175,30.175,6071,0
2017-11-27,20:00:00,30.2,30.275,30.15,30.225,5801,0
2017-11-27,21:00:00,30.2,30.225,30.1,30.175,5200,0
2017-11-27,22:00:00,30.2,30.225,30.075,30.1,27561,0
2017-11-28,16:00:00,30.2,30.35,30.1,30.3,7386,0
2017-11-28,17:00:00,30.25,30.3,30.1,30.3,5100,0
2017-11-28,18:00:00,30.3,30.4,30.2,30.4,17047,0
2017-11-28,19:00:00,30.4,30.7,30.375,30.6,28978,0
2017-11-28,20:00:00,30.6,30.75,30.55,30.65,10714,0
2017-11-28,21:00:00,30.6,30.95,30.5,30.95,9053,0
2017-11-28,22:00:00,30.95,31.3,30.9,31.2,47736,0
2017-11-29,16:00:00,31.3,32.005,31.15,32.005,30801,0
2017-11-29,17:00:00,32.1,32.75,32,32.6863,12653,0
2017-11-29,18:00:00,32.7,32.85,32.55,32.55,14499,0
2017-11-29,19:00:00,32.6,32.75,32.55,32.6,11588,0
2017-11-29,20:00:00,32.55,32.55,32.15,32.25,6200,0
2017-11-29,21:00:00,32.35,32.6,32.3,32.6,17836,0
2017-11-29,22:00:00,32.6,32.7,32.5,32.6,25054,0
2017-11-30,16:00:00,32.85,32.85,32.3,32.55,12596,0
2017-11-30,17:00:00,32.45,32.6,32.2,32.5,7025,0
2017-11-30,18:00:00,32.55,32.65,32.15,32.15,12200,0
2017-11-30,19:00:00,32.25,32.4,32.15,32.35,7800,0
2017-11-30,20:00:00,32.35,32.4,32,32.05,8310,0
2017-11-30,21:00:00,32,32.1,31.75,31.75,9937,0
2017-11-30,22:00:00,31.7,31.925,31.65,31.75,32431,0
2017-12-01,16:00:00,31.8,31.8,31.5,31.5,4962,0
2017-12-01,17:00:00,31.55,32.1,31.45,32,10375,0
2017-12-01,18:00:00,31.95,32,30.55,31.05,15401,0
2017-12-01,19:00:00,31.15,31.4,31.1,31.4,10544,0
2017-12-01,20:00:00,31.35,31.85,31.3,31.75,9968,0
2017-12-01,21:00:00,31.7,31.75,31.5,31.6,7941,0
2017-12-01,22:00:00,31.625,32,31.6,31.95,50221,0
2017-12-04,16:00:00,32.5,32.7,31.95,32.5,20047,0
2017-12-04,17:00:00,32.6,33.1,32.55,32.95,43523,0
2017-12-04,18:00:00,32.95,32.95,32.6,32.65,8484,0
2017-12-04,19:00:00,32.6,32.6,32.35,32.6,6606,0
2017-12-04,20:00:00,32.65,32.675,32.45,32.55,10348,0
2017-12-04,21:00:00,32.55,32.55,32.25,32.3,7850,0
2017-12-04,22:00:00,32.3,32.475,32.25,32.25,36128,0
2017-12-05,16:00:00,32.45,32.45,32,32.15,3444,0
2017-12-05,17:00:00,32.2,32.25,31.9,32.05,7325,0
2017-12-05,18:00:00,32.1,32.2,32,32,11100,0
2017-12-05,19:00:00,32.05,32.05,31.85,31.85,3820,0
2017-12-05,20:00:00,31.8,32,31.8,31.8,3500,0
2017-12-05,21:00:00,31.8,31.8,31.6,31.6,9399,0
2017-12-05,22:00:00,31.6,31.6,31.35,31.35,40542,0
2017-12-06,16:00:00,31.2,31.4,31.05,31.4,6563,0
2017-12-06,17:00:00,31.45,31.65,31.4,31.65,2300,0
2017-12-06,18:00:00,31.6,31.6,31.35,31.35,5156,0
2017-12-06,19:00:00,31.3,31.55,31.25,31.45,9258,0
2017-12-06,20:00:00,31.5,31.6,31.4,31.4,5130,0
2017-12-06,21:00:00,31.4,31.4,31.25,31.25,9955,0
2017-12-06,22:00:00,31.25,31.25,31.05,31.05,22316,0
