Date,Time,Open,High,Low,Close,Volume,OpenInt
2017-04-17,16:00:00,3.73,3.75,3.73,3.75,544,0
2017-04-17,17:00:00,3.7299,3.7299,3.7151,3.7151,202,0
2017-04-17,18:00:00,3.71,3.74,3.71,3.74,800,0
2017-04-17,21:00:00,3.73,3.7533,3.73,3.7533,619,0
2017-04-17,22:00:00,3.763,3.78,3.75,3.76,1100,0
2017-04-18,16:00:00,3.72,3.72,3.72,3.72,256,0
2017-04-18,17:00:00,3.76,3.77,3.74,3.7676,700,0
2017-04-18,18:00:00,3.7601,3.7744,3.7601,3.7744,1207,0
2017-04-18,19:00:00,3.79,3.79,3.79,3.79,100,0
2017-04-18,20:00:00,3.77,3.77,3.765,3.765,3500,0
2017-04-18,21:00:00,3.745,3.7499,3.73,3.7499,3742,0
2017-04-18,22:00:00,3.71,3.72,3.7,3.7,646,0
2017-04-19,18:00:00,3.7297,3.7297,3.7297,3.7297,200,0
2017-04-19,19:00:00,3.7286,3.7286,3.7286,3.7286,100,0
2017-04-19,20:00:00,3.71,3.7101,3.71,3.7101,3200,0
2017-04-19,21:00:00,3.73,3.75,3.729,3.75,8200,0
2017-04-19,22:00:00,3.755,3.755,3.75,3.75,11950,0
2017-04-20,16:00:00,3.79,3.79,3.7,3.7,1060,0
2017-04-20,17:00:00,3.725,3.725,3.7,3.7,1000,0
2017-04-20,18:00:00,3.74,3.7596,3.74,3.7596,1300,0
2017-04-21,16:00:00,3.7505,3.7505,3.72,3.72,1800,0
2017-04-21,17:00:00,3.71,3.736,3.668,3.7014,3000,0
2017-04-21,18:00:00,3.7013,3.7386,3.666,3.666,2000,0
2017-04-21,19:00:00,3.67,3.675,3.6644,3.675,16106,0
2017-04-21,20:00:00,3.6728,3.79,3.6728,3.74,5200,0
2017-04-21,21:00:00,3.75,3.75,3.745,3.745,600,0
2017-04-21,22:00:00,3.74,3.75,3.74,3.75,2200,0
2017-04-24,16:00:00,3.71,3.71,3.71,3.71,1000,0
2017-04-24,17:00:00,3.78,3.78,3.78,3.78,100,0
2017-04-24,18:00:00,3.7422,3.79,3.7422,3.79,200,0
2017-04-24,19:00:00,3.79,3.8672,3.79,3.8672,980,0
2017-04-24,20:00:00,3.87,3.87,3.87,3.87,200,0
2017-04-24,21:00:00,3.95,3.9931,3.92,3.96,2900,0
2017-04-24,22:00:00,3.9474,3.9502,3.9474,3.9501,1500,0
2017-04-25,16:00:00,3.99,3.99,3.99,3.99,506,0
2017-04-25,17:00:00,3.9671,3.98,3.9671,3.98,300,0
2017-04-25,18:00:00,3.989,3.9899,3.95,3.95,1100,0
2017-04-25,19:00:00,3.9699,3.97,3.9699,3.97,400,0
2017-04-25,20:00:00,3.955,3.955,3.955,3.955,100,0
2017-04-25,21:00:00,3.95,3.95,3.95,3.95,1000,0
2017-04-25,22:00:00,3.956,3.98,3.945,3.97,9400,0
2017-04-26,16:00:00,3.95,3.97,3.95,3.97,3004,0
2017-04-26,17:00:00,3.99,3.99,3.95,3.96,1200,0
2017-04-26,18:00:00,3.95,3.9532,3.8,3.8,13883,0
2017-04-26,19:00:00,3.85,3.8899,3.8442,3.8878,6600,0
2017-04-26,20:00:00,3.8759,3.89,3.86,3.87,2200,0
2017-04-26,21:00:00,3.86,3.86,3.86,3.86,200,0
2017-04-26,22:00:00,3.86,3.889,3.83,3.83,8300,0
2017-04-27,17:00:00,3.85,3.89,3.8442,3.865,2400,0
2017-04-27,18:00:00,3.85,3.876,3.85,3.876,205,0
2017-04-27,19:00:00,3.8869,3.94,3.885,3.94,2950,0
2017-04-27,20:00:00,3.94,3.95,3.9395,3.95,4200,0
2017-04-27,21:00:00,3.94,3.94,3.9336,3.9336,400,0
2017-04-27,22:00:00,3.91,3.91,3.89,3.9,998,0
2017-04-28,16:00:00,3.93,3.9399,3.91,3.91,8460,0
2017-04-28,17:00:00,3.905,3.92,3.905,3.92,1230,0
2017-04-28,18:00:00,3.9201,3.9201,3.9201,3.9201,300,0
2017-04-28,19:00:00,3.935,3.935,3.85,3.86,6760,0
2017-04-28,21:00:00,3.89,3.89,3.89,3.89,100,0
2017-04-28,22:00:00,3.9106,3.9106,3.86,3.86,16215,0
2017-05-01,16:00:00,3.87,3.87,3.87,3.87,300,0
2017-05-01,17:00:00,3.855,3.855,3.855,3.855,700,0
2017-05-01,20:00:00,3.89,3.89,3.89,3.89,200,0
2017-05-01,22:00:00,3.9,3.95,3.865,3.87,1900,0
2017-05-02,16:00:00,3.85,3.85,3.85,3.85,600,0
2017-05-02,17:00:00,3.8796,3.8796,3.8796,3.8796,400,0
2017-05-02,18:00:00,3.8809,3.915,3.8809,3.9,3890,0
2017-05-02,19:00:00,3.93,3.93,3.875,3.875,530,0
2017-05-02,20:00:00,3.85,3.85,3.85,3.85,100,0
2017-05-02,21:00:00,3.85,3.85,3.85,3.85,200,0
2017-05-02,22:00:00,3.8171,3.827,3.8038,3.8129,6680,0
2017-05-03,16:00:00,3.8,3.8,3.8,3.8,200,0
2017-05-03,18:00:00,3.85,3.85,3.8239,3.8239,1100,0
2017-05-03,19:00:00,3.8215,3.8215,3.8215,3.8215,200,0
2017-05-03,20:00:00,3.81,3.8162,3.8,3.8,500,0
2017-05-03,21:00:00,3.8,3.8,3.8,3.8,2300,0
2017-05-04,18:00:00,3.829,3.829,3.829,3.829,1000,0
2017-05-04,21:00:00,3.8156,3.85,3.78,3.78,2210,0
2017-05-04,22:00:00,3.7952,3.8,3.75,3.8,5193,0
2017-05-05,17:00:00,3.7759,3.7759,3.75,3.76,648,0
2017-05-05,18:00:00,3.75,3.75,3.75,3.75,139,0
2017-05-05,21:00:00,3.721,3.75,3.721,3.75,3683,0
2017-05-05,22:00:00,3.7037,3.75,3.7037,3.75,1872,0
2017-05-08,16:00:00,3.72,3.72,3.72,3.72,400,0
2017-05-08,17:00:00,3.7218,3.745,3.7,3.7,15270,0
2017-05-08,18:00:00,3.7396,3.7396,3.7224,3.7224,1000,0
2017-05-08,19:00:00,3.7,3.74,3.7,3.73,5200,0
2017-05-08,20:00:00,3.7299,3.73,3.7214,3.7214,1200,0
2017-05-08,21:00:00,3.71,3.72,3.71,3.72,300,0
2017-05-08,22:00:00,3.73,3.73,3.71,3.7191,3500,0
2017-05-09,16:00:00,3.7,3.7171,3.7,3.7037,5787,0
2017-05-09,17:00:00,3.73,3.73,3.73,3.73,100,0
2017-05-09,18:00:00,3.7,3.7,3.68,3.68,3001,0
2017-05-09,19:00:00,3.68,3.699,3.65,3.6955,1500,0
2017-05-09,20:00:00,3.68,3.685,3.6671,3.685,15768,0
2017-05-09,22:00:00,3.6701,3.7,3.65,3.7,6479,0
2017-05-10,17:00:00,3.662,3.69,3.64,3.66,8070,0
2017-05-10,18:00:00,3.66,3.69,3.66,3.66,7900,0
2017-05-10,19:00:00,3.66,3.67,3.65,3.65,3000,0
2017-05-10,20:00:00,3.65,3.65,3.65,3.65,300,0
2017-05-10,21:00:00,3.6599,3.66,3.65,3.65,3253,0
2017-05-10,22:00:00,3.655,3.655,3.65,3.65,2500,0
2017-05-11,16:00:00,3.65,3.7,3.65,3.7,4017,0
2017-05-11,17:00:00,3.7296,3.73,3.7,3.7,6032,0
2017-05-11,18:00:00,3.7,3.72,3.7,3.72,4400,0
2017-05-11,19:00:00,3.71,3.71,3.7,3.7,2500,0
2017-05-11,20:00:00,3.7199,3.72,3.7199,3.72,900,0
2017-05-11,21:00:00,3.6946,3.6946,3.6946,3.6946,1000,0
2017-05-11,22:00:00,3.72,3.72,3.69,3.69,3295,0
2017-05-12,16:00:00,3.65,3.824,3.65,3.824,7811,0
2017-05-12,17:00:00,3.8072,3.85,3.8072,3.85,6572,0
2017-05-12,18:00:00,3.9,3.93,3.83,3.925,11226,0
2017-05-12,19:00:00,3.895,3.895,3.895,3.895,100,0
2017-05-12,20:00:00,3.9299,3.93,3.88,3.9,9698,0
2017-05-12,21:00:00,3.9,3.9,3.885,3.9,5345,0
2017-05-12,22:00:00,3.87,3.87,3.8501,3.87,3478,0
2017-05-15,17:00:00,3.88,3.88,3.87,3.87,900,0
2017-05-15,18:00:00,3.85,3.85,3.85,3.85,400,0
2017-05-15,19:00:00,3.85,3.87,3.8,3.8,1900,0
2017-05-15,20:00:00,3.7801,3.825,3.7801,3.82,1425,0
2017-05-15,21:00:00,3.8,3.8332,3.7025,3.7025,2900,0
2017-05-15,22:00:00,3.7,3.72,3.67,3.72,1744,0
2017-05-16,16:00:00,3.74,3.749,3.74,3.7425,1868,0
2017-05-16,17:00:00,3.742,3.7499,3.7328,3.7366,1855,0
2017-05-16,18:00:00,3.74,3.74,3.74,3.74,1000,0
2017-05-16,19:00:00,3.771,3.79,3.771,3.79,1600,0
2017-05-16,20:00:00,3.78,3.8,3.761,3.7962,4800,0
2017-05-16,21:00:00,3.77,3.8,3.77,3.8,5395,0
2017-05-16,22:00:00,3.8,3.83,3.7904,3.82,10980,0
2017-05-17,16:00:00,3.86,3.86,3.852,3.852,1733,0
2017-05-17,17:00:00,3.8,3.8,3.7,3.7,1369,0
2017-05-17,19:00:00,3.75,3.75,3.75,3.75,100,0
2017-05-17,20:00:00,3.7,3.7,3.681,3.7,7100,0
2017-05-17,21:00:00,3.77,3.82,3.77,3.82,18921,0
2017-05-17,22:00:00,3.837,3.85,3.78,3.85,1586,0
2017-05-18,16:00:00,3.73,3.73,3.71,3.71,3600,0
2017-05-18,17:00:00,3.793,3.793,3.65,3.653,70759,0
2017-05-18,18:00:00,3.65,3.6644,3.6,3.6292,35673,0
2017-05-18,19:00:00,3.611,3.65,3.61,3.62,12320,0
2017-05-18,20:00:00,3.6299,3.7,3.62,3.69,16780,0
2017-05-18,21:00:00,3.694,3.7,3.69,3.69,4183,0
2017-05-18,22:00:00,3.6993,3.6993,3.62,3.63,12722,0
2017-05-19,16:00:00,3.51,3.5664,3.51,3.55,14802,0
2017-05-19,17:00:00,3.55,3.58,3.51,3.51,32470,0
2017-05-19,18:00:00,3.55,3.55,3.51,3.5236,1800,0
2017-05-19,19:00:00,3.5347,3.5368,3.52,3.531,2610,0
2017-05-19,20:00:00,3.54,3.57,3.54,3.57,7590,0
2017-05-19,21:00:00,3.5546,3.5825,3.5436,3.5436,4510,0
2017-05-19,22:00:00,3.55,3.55,3.52,3.52,11851,0
2017-05-22,16:00:00,3.51,3.51,3.41,3.41,5108,0
2017-05-22,17:00:00,3.4,3.47,3.35,3.44,8513,0
2017-05-22,18:00:00,3.44,3.49,3.44,3.48,1400,0
2017-05-22,19:00:00,3.48,3.5,3.48,3.495,1259,0
2017-05-22,20:00:00,3.4949,3.51,3.4949,3.51,800,0
2017-05-22,21:00:00,3.51,3.53,3.51,3.52,1809,0
2017-05-22,22:00:00,3.53,3.53,3.52,3.525,3600,0
2017-05-23,16:00:00,3.5,3.5,3.465,3.465,8000,0
2017-05-23,17:00:00,3.4799,3.53,3.47,3.53,9932,0
2017-05-23,18:00:00,3.53,3.5699,3.5269,3.555,4635,0
2017-05-23,20:00:00,3.551,3.59,3.53,3.53,1708,0
2017-05-23,21:00:00,3.563,3.57,3.55,3.57,5145,0
2017-05-23,22:00:00,3.6,3.6,3.58,3.5995,900,0
2017-05-24,16:00:00,3.55,3.55,3.55,3.55,100,0
2017-05-24,17:00:00,3.55,3.55,3.54,3.54,700,0
2017-05-24,18:00:00,3.5601,3.6,3.5601,3.6,800,0
2017-05-24,20:00:00,3.6,3.62,3.59,3.6,5400,0
2017-05-24,21:00:00,3.6,3.61,3.6,3.61,2700,0
2017-05-24,22:00:00,3.6,3.61,3.6,3.6,15100,0
2017-05-25,18:00:00,3.626,3.626,3.626,3.626,200,0
2017-05-25,20:00:00,3.57,3.5701,3.57,3.5701,400,0
2017-05-25,21:00:00,3.57,3.6,3.57,3.6,3008,0
2017-05-25,22:00:00,3.58,3.59,3.57,3.59,400,0
2017-05-26,16:00:00,3.55,3.55,3.54,3.5499,2114,0
2017-05-26,17:00:00,3.56,3.62,3.551,3.62,20200,0
2017-05-26,20:00:00,3.65,3.65,3.65,3.65,499,0
2017-05-26,21:00:00,3.65,3.68,3.65,3.68,7304,0
2017-05-26,22:00:00,3.67,3.67,3.67,3.67,300,0
2017-05-30,18:00:00,3.67,3.7,3.6501,3.7,4086,0
2017-05-30,19:00:00,3.7,3.7108,3.7,3.7,5486,0
2017-05-30,20:00:00,3.696,3.7,3.68,3.7,4600,0
2017-05-30,21:00:00,3.699,3.7028,3.66,3.68,7641,0
2017-05-30,22:00:00,3.68,3.73,3.68,3.71,2506,0
2017-05-31,16:00:00,3.68,3.68,3.66,3.68,18033,0
2017-05-31,21:00:00,3.7,3.7,3.69,3.69,531,0
2017-05-31,22:00:00,3.69,3.69,3.68,3.68,5100,0
2017-06-01,16:00:00,3.68,3.68,3.5899,3.5908,5683,0
2017-06-01,18:00:00,3.66,3.66,3.66,3.66,100,0
2017-06-01,20:00:00,3.64,3.64,3.64,3.64,200,0
2017-06-01,21:00:00,3.67,3.67,3.6257,3.64,1200,0
2017-06-01,22:00:00,3.67,3.67,3.6,3.6,2831,0
2017-06-02,16:00:00,3.63,3.63,3.63,3.63,100,0
2017-06-02,18:00:00,3.6337,3.6337,3.6337,3.6337,100,0
2017-06-02,19:00:00,3.63,3.63,3.63,3.63,500,0
2017-06-02,20:00:00,3.65,3.65,3.65,3.65,200,0
2017-06-02,22:00:00,3.649,3.649,3.63,3.63,1900,0
2017-06-05,19:00:00,3.62,3.62,3.62,3.62,100,0
2017-06-05,20:00:00,3.64,3.64,3.64,3.64,100,0
2017-06-05,21:00:00,3.63,3.63,3.63,3.63,100,0
2017-06-05,22:00:00,3.62,3.62,3.62,3.62,200,0
2017-06-06,16:00:00,3.58,3.59,3.55,3.57,1750,0
2017-06-06,17:00:00,3.5485,3.5485,3.5485,3.5485,600,0
2017-06-06,18:00:00,3.53,3.54,3.53,3.54,300,0
2017-06-06,20:00:00,3.58,3.59,3.58,3.58,500,0
2017-06-06,21:00:00,3.5905,3.5905,3.58,3.58,2000,0
2017-06-06,22:00:00,3.59,3.61,3.58,3.59,3798,0
2017-06-07,17:00:00,3.62,3.62,3.62,3.62,100,0
2017-06-07,20:00:00,3.593,3.602,3.59,3.59,1444,0
2017-06-07,21:00:00,3.61,3.61,3.59,3.59,300,0
2017-06-07,22:00:00,3.61,3.61,3.59,3.59,200,0
2017-06-08,16:00:00,3.58,3.58,3.58,3.58,100,0
2017-06-08,17:00:00,3.61,3.61,3.61,3.61,100,0
2017-06-08,19:00:00,3.61,3.65,3.6,3.65,14810,0
2017-06-08,20:00:00,3.63,3.63,3.5927,3.5928,8200,0
2017-06-08,21:00:00,3.59,3.6,3.58,3.58,4297,0
2017-06-08,22:00:00,3.5901,3.605,3.59,3.6,1100,0
2017-06-09,16:00:00,3.58,3.58,3.58,3.58,100,0
2017-06-09,17:00:00,3.62,3.74,3.6,3.62,25852,0
2017-06-09,18:00:00,3.62,3.72,3.6,3.6,500,0
2017-06-09,19:00:00,3.7,3.72,3.6401,3.6401,5100,0
2017-06-09,20:00:00,3.65,3.71,3.65,3.67,700,0
2017-06-09,21:00:00,3.665,3.665,3.63,3.63,300,0
2017-06-09,22:00:00,3.6342,3.7,3.6,3.7,2077,0
2017-06-12,17:00:00,3.7352,3.7352,3.7,3.7,600,0
2017-06-12,18:00:00,3.65,3.65,3.65,3.65,300,0
2017-06-12,19:00:00,3.6,3.6,3.6,3.6,100,0
2017-06-12,20:00:00,3.58,3.58,3.58,3.58,300,0
2017-06-12,21:00:00,3.59,3.6,3.59,3.6,200,0
2017-06-12,22:00:00,3.59,3.75,3.59,3.6,15000,0
2017-06-13,16:00:00,3.6,3.61,3.6,3.61,1100,0
2017-06-13,18:00:00,3.65,3.75,3.63,3.69,9182,0
2017-06-13,19:00:00,3.69,3.7,3.69,3.69,300,0
2017-06-13,20:00:00,3.6555,3.69,3.6555,3.66,5400,0
2017-06-13,21:00:00,3.74,3.74,3.74,3.74,100,0
2017-06-13,22:00:00,3.739,3.739,3.7,3.7,700,0
2017-06-14,16:00:00,3.67,3.79,3.65,3.72,6680,0
2017-06-14,18:00:00,3.71,3.71,3.71,3.71,204,0
2017-06-14,19:00:00,3.69,3.7,3.69,3.7,200,0
2017-06-14,20:00:00,3.7,3.7,3.66,3.66,4787,0
2017-06-14,21:00:00,3.648,3.648,3.648,3.648,200,0
2017-06-14,22:00:00,3.67,3.67,3.61,3.61,230,0
2017-06-15,16:00:00,3.6,3.63,3.6,3.6,1153,0
2017-06-15,17:00:00,3.6,3.61,3.6,3.61,600,0
2017-06-15,18:00:00,3.617,3.7153,3.617,3.7152,15262,0
2017-06-15,19:00:00,3.7,3.7,3.6801,3.6801,1100,0
2017-06-15,20:00:00,3.71,3.71,3.63,3.63,1185,0
2017-06-15,21:00:00,3.67,3.67,3.66,3.66,200,0
2017-06-15,22:00:00,3.63,3.65,3.63,3.64,700,0
2017-06-16,19:00:00,3.6,3.75,3.6,3.68,9543,0
2017-06-16,20:00:00,3.67,3.68,3.6,3.6228,2108,0
2017-06-16,21:00:00,3.63,3.66,3.63,3.66,7866,0
2017-06-16,22:00:00,3.6,3.63,3.6,3.63,8965,0
2017-06-19,17:00:00,3.64,3.76,3.64,3.69,12166,0
2017-06-19,18:00:00,3.6787,3.69,3.6787,3.69,328,0
2017-06-19,21:00:00,3.637,3.637,3.62,3.62,400,0
2017-06-19,22:00:00,3.58,3.58,3.58,3.58,100,0
2017-06-20,16:00:00,3.58,3.5802,3.536,3.536,6873,0
2017-06-20,17:00:00,3.527,3.56,3.52,3.56,1299,0
2017-06-20,18:00:00,3.58,3.6,3.58,3.6,400,0
2017-06-20,19:00:00,3.65,3.65,3.6001,3.61,2200,0
2017-06-20,20:00:00,3.65,3.65,3.6,3.6,5300,0
2017-06-20,21:00:00,3.6,3.6146,3.6,3.6146,600,0
2017-06-20,22:00:00,3.6,3.6,3.6,3.6,1000,0
2017-06-21,17:00:00,3.61,3.61,3.5832,3.5999,700,0
2017-06-21,18:00:00,3.6,3.6,3.6,3.6,300,0
2017-06-21,19:00:00,3.61,3.61,3.61,3.61,200,0
2017-06-21,20:00:00,3.6,3.6,3.55,3.55,3100,0
2017-06-21,21:00:00,3.5939,3.5999,3.58,3.5999,1500,0
2017-06-21,22:00:00,3.5999,3.6,3.5699,3.5699,3000,0
2017-06-22,22:00:00,3.56,3.5615,3.56,3.5615,2000,0
2017-06-23,17:00:00,3.5501,3.5501,3.5501,3.5501,200,0
2017-06-23,18:00:00,3.56,3.56,3.56,3.56,249,0
2017-06-23,19:00:00,3.56,3.56,3.56,3.56,500,0
2017-06-23,21:00:00,3.5707,3.59,3.5707,3.59,500,0
2017-06-23,22:00:00,3.56,3.56,3.56,3.56,3312,0
2017-06-26,16:00:00,3.54,3.56,3.54,3.55,3900,0
2017-06-26,18:00:00,3.59,3.6,3.59,3.5999,500,0
2017-06-26,19:00:00,3.6,3.6,3.59,3.59,2478,0
2017-06-26,20:00:00,3.6008,3.6008,3.59,3.59,300,0
2017-06-26,21:00:00,3.59,3.62,3.58,3.58,400,0
2017-06-26,22:00:00,3.58,3.5862,3.58,3.58,1460,0
2017-06-27,16:00:00,3.6,3.6,3.56,3.5732,5556,0
2017-06-27,17:00:00,3.6,3.6,3.6,3.6,100,0
2017-06-27,18:00:00,3.6,3.6,3.6,3.6,100,0
2017-06-27,19:00:00,3.58,3.58,3.5675,3.5675,300,0
2017-06-27,20:00:00,3.575,3.575,3.575,3.575,200,0
2017-06-27,21:00:00,3.58,3.59,3.575,3.575,600,0
2017-06-27,22:00:00,3.58,3.59,3.575,3.58,1000,0
2017-06-28,16:00:00,3.64,3.6401,3.64,3.6401,2100,0
2017-06-28,17:00:00,3.6401,3.66,3.64,3.66,5200,0
2017-06-28,18:00:00,3.67,3.67,3.67,3.67,200,0
2017-06-28,19:00:00,3.65,3.65,3.65,3.65,100,0
2017-06-28,20:00:00,3.66,3.66,3.65,3.65,200,0
2017-06-28,21:00:00,3.65,3.65,3.65,3.65,100,0
2017-06-28,22:00:00,3.64,3.65,3.61,3.61,8546,0
2017-06-29,16:00:00,3.59,3.59,3.59,3.59,300,0
2017-06-29,17:00:00,3.6,3.6,3.6,3.6,100,0
2017-06-29,18:00:00,3.6,3.6,3.6,3.6,600,0
2017-06-29,20:00:00,3.6,3.6203,3.6,3.6,330,0
2017-06-29,21:00:00,3.56,3.64,3.56,3.64,800,0
2017-06-29,22:00:00,3.63,3.73,3.63,3.72,3542,0
2017-06-30,16:00:00,3.7,3.7,3.7,3.7,200,0
2017-06-30,17:00:00,3.65,3.65,3.61,3.61,1180,0
2017-06-30,18:00:00,3.65,3.69,3.65,3.69,2072,0
2017-06-30,19:00:00,3.69,3.69,3.69,3.69,3100,0
2017-06-30,22:00:00,3.6501,3.6501,3.6,3.6,11522,0
2017-07-03,16:00:00,3.59,3.59,3.59,3.59,269,0
2017-07-03,17:00:00,3.61,3.6501,3.61,3.6501,3449,0
2017-07-03,19:00:00,3.65,3.66,3.65,3.66,850,0
2017-07-05,17:00:00,3.66,3.66,3.66,3.66,1564,0
2017-07-05,19:00:00,3.67,3.67,3.67,3.67,100,0
2017-07-05,20:00:00,3.67,3.68,3.67,3.67,995,0
2017-07-05,21:00:00,3.67,3.74,3.67,3.74,500,0
2017-07-05,22:00:00,3.74,3.75,3.7,3.7,3689,0
2017-07-06,16:00:00,3.67,3.67,3.67,3.67,100,0
2017-07-06,17:00:00,3.681,3.6995,3.681,3.6995,4937,0
2017-07-06,22:00:00,3.65,3.65,3.65,3.65,100,0
2017-07-07,16:00:00,3.68,3.7,3.68,3.69,6104,0
2017-07-07,17:00:00,3.7,3.7,3.7,3.7,100,0
2017-07-07,20:00:00,3.69,3.69,3.69,3.69,1975,0
2017-07-07,21:00:00,3.69,3.69,3.68,3.68,1852,0
2017-07-07,22:00:00,3.66,3.6693,3.66,3.6693,500,0
2017-07-10,16:00:00,3.65,3.65,3.65,3.65,1328,0
2017-07-10,17:00:00,3.7,3.7,3.7,3.7,100,0
2017-07-10,19:00:00,3.69,3.6901,3.69,3.6901,1712,0
2017-07-10,21:00:00,3.67,3.67,3.67,3.67,1000,0
2017-07-10,22:00:00,3.6621,3.6621,3.6621,3.6621,300,0
2017-07-11,18:00:00,3.69,3.69,3.69,3.69,100,0
2017-07-11,21:00:00,3.68,3.68,3.68,3.68,1100,0
2017-07-11,22:00:00,3.69,3.73,3.675,3.7,4496,0
2017-07-12,20:00:00,3.68,3.68,3.68,3.68,200,0
2017-07-12,21:00:00,3.75,3.75,3.75,3.75,200,0
2017-07-12,22:00:00,3.7501,3.79,3.7501,3.79,1936,0
2017-07-13,19:00:00,3.7685,3.7685,3.7685,3.7685,600,0
2017-07-13,21:00:00,3.79,3.79,3.79,3.79,2200,0
2017-07-13,22:00:00,3.8,3.8,3.79,3.79,300,0
2017-07-14,20:00:00,3.7715,3.7715,3.7715,3.7715,150,0
2017-07-14,22:00:00,3.7601,3.7601,3.75,3.75,2500,0
2017-07-17,16:00:00,3.71,3.71,3.71,3.71,1053,0
2017-07-17,17:00:00,3.72,3.72,3.6565,3.6799,1650,0
2017-07-17,18:00:00,3.6799,3.7204,3.6744,3.6962,6331,0
2017-07-17,19:00:00,3.7299,3.7299,3.66,3.7299,1900,0
2017-07-17,20:00:00,3.7011,3.75,3.7,3.7,1599,0
2017-07-17,21:00:00,3.7499,3.8,3.71,3.71,1600,0
2017-07-17,22:00:00,3.8,3.8,3.78,3.79,4513,0
2017-07-18,17:00:00,3.76,3.76,3.76,3.76,100,0
2017-07-18,18:00:00,3.7948,3.8,3.7948,3.8,200,0
2017-07-18,19:00:00,3.76,3.7758,3.76,3.76,1300,0
2017-07-18,20:00:00,3.76,3.76,3.76,3.76,200,0
2017-07-18,21:00:00,3.78,3.78,3.78,3.78,200,0
2017-07-18,22:00:00,3.8,3.8,3.7784,3.79,1454,0
2017-07-19,18:00:00,3.8,3.8,3.76,3.76,200,0
2017-07-19,19:00:00,3.77,3.77,3.77,3.77,100,0
2017-07-19,20:00:00,3.76,3.76,3.76,3.76,100,0
2017-07-19,21:00:00,3.75,3.75,3.75,3.75,100,0
2017-07-19,22:00:00,3.72,3.7965,3.72,3.74,17400,0
2017-07-20,16:00:00,3.75,3.81,3.75,3.8,2499,0
2017-07-20,17:00:00,3.85,3.8628,3.85,3.8628,3125,0
2017-07-20,18:00:00,3.85,3.8871,3.85,3.85,1400,0
2017-07-20,19:00:00,3.85,3.8593,3.85,3.8546,1150,0
2017-07-20,20:00:00,3.85,3.85,3.85,3.85,400,0
2017-07-20,21:00:00,3.85,3.85,3.85,3.85,300,0
2017-07-20,22:00:00,3.86,3.951,3.86,3.95,4130,0
2017-07-21,16:00:00,3.95,3.95,3.91,3.91,415,0
2017-07-21,18:00:00,3.95,3.95,3.95,3.95,300,0
2017-07-21,19:00:00,3.95,3.95,3.95,3.95,200,0
2017-07-21,20:00:00,3.95,3.95,3.95,3.95,300,0
2017-07-21,21:00:00,3.959,3.996,3.959,3.97,7295,0
2017-07-21,22:00:00,3.96,4,3.96,3.99,7800,0
2017-07-24,16:00:00,3.84,3.84,3.84,3.84,4900,0
2017-07-24,19:00:00,3.91,3.99,3.91,3.99,300,0
2017-07-24,20:00:00,3.97,3.97,3.9521,3.9521,635,0
2017-07-24,21:00:00,3.96,3.98,3.96,3.98,200,0
2017-07-24,22:00:00,3.97,3.97,3.93,3.93,1500,0
2017-07-25,17:00:00,3.9,3.9,3.9,3.9,100,0
2017-07-25,18:00:00,3.96,3.96,3.94,3.94,500,0
2017-07-25,19:00:00,3.99,3.99,3.93,3.99,300,0
2017-07-25,20:00:00,3.99,4.09,3.965,4.09,2001,0
2017-07-25,21:00:00,4.08,4.08,4.01,4.05,300,0
2017-07-25,22:00:00,4.0128,4.0632,4.0128,4.05,15349,0
2017-07-26,16:00:00,4.1438,4.1438,4.12,4.12,8243,0
2017-07-26,17:00:00,4.1275,4.1512,4.11,4.12,29769,0
2017-07-26,18:00:00,4.08,4.1,4.07,4.1,12700,0
2017-07-26,19:00:00,4.0701,4.0701,4.07,4.07,1100,0
2017-07-26,20:00:00,4.07,4.1008,4.07,4.095,27448,0
2017-07-26,21:00:00,4.09,4.126,4.09,4.11,2755,0
2017-07-26,22:00:00,4.11,4.12,4.1,4.1,12653,0
2017-07-27,16:00:00,4.13,4.13,4.13,4.13,150,0
2017-07-27,17:00:00,4.1154,4.24,4.1,4.14,25930,0
2017-07-27,18:00:00,4.14,4.27,4.115,4.25,34849,0
2017-07-27,19:00:00,4.25,4.27,4.14,4.18,11630,0
2017-07-27,21:00:00,4.14,4.16,4.14,4.14,300,0
2017-07-27,22:00:00,4.15,4.2,4.12,4.12,56671,0
2017-07-28,16:00:00,4.1,4.1,4.1,4.1,150,0
2017-07-28,17:00:00,4.136,4.136,4.1,4.1,12592,0
2017-07-28,18:00:00,4.05,4.07,4.0101,4.07,2800,0
2017-07-28,19:00:00,4.07,4.08,4.02,4.074,9737,0
2017-07-28,20:00:00,4.05,4.0515,4.05,4.0515,300,0
2017-07-28,22:00:00,4.0571,4.0571,4.05,4.051,750,0
2017-07-31,16:00:00,4.01,4.01,4,4,1322,0
2017-07-31,18:00:00,4.0139,4.0139,4,4.0017,5001,0
2017-07-31,19:00:00,3.995,3.995,3.91,3.91,6900,0
2017-07-31,20:00:00,3.91,3.91,3.91,3.91,100,0
2017-07-31,21:00:00,3.91,3.93,3.91,3.93,600,0
2017-07-31,22:00:00,3.9557,3.9599,3.93,3.93,8150,0
2017-08-01,16:00:00,3.936,3.936,3.936,3.936,200,0
2017-08-01,17:00:00,3.91,3.91,3.85,3.85,1370,0
2017-08-01,18:00:00,3.85,3.87,3.85,3.87,2200,0
2017-08-01,19:00:00,3.8756,3.8917,3.86,3.8917,8064,0
2017-08-01,20:00:00,3.9,3.91,3.9,3.91,1300,0
2017-08-01,22:00:00,3.92,3.95,3.92,3.95,2900,0
2017-08-02,16:00:00,3.97,3.97,3.9399,3.9399,686,0
2017-08-02,17:00:00,3.9401,3.9401,3.9401,3.9401,100,0
2017-08-02,18:00:00,3.954,3.954,3.94,3.94,700,0
2017-08-02,19:00:00,3.94,3.94,3.94,3.94,488,0
2017-08-02,20:00:00,3.95,3.95,3.95,3.95,700,0
2017-08-02,21:00:00,3.9676,3.97,3.95,3.95,4600,0
2017-08-02,22:00:00,3.95,3.96,3.95,3.96,1900,0
2017-08-03,16:00:00,4,4,3.94,3.945,1008,0
2017-08-03,17:00:00,3.945,3.97,3.94,3.965,2480,0
2017-08-03,18:00:00,3.96,4.01,3.96,4.01,2058,0
2017-08-03,19:00:00,4.015,4.015,4.015,4.015,600,0
2017-08-03,20:00:00,4.03,4.04,4.03,4.04,700,0
2017-08-03,21:00:00,4.025,4.06,4,4,3232,0
2017-08-03,22:00:00,4.07,4.07,4,4.04,500,0
2017-08-04,16:00:00,4.01,4.01,4.01,4.01,250,0
2017-08-04,17:00:00,4.045,4.045,4.013,4.035,1310,0
2017-08-04,18:00:00,4.05,4.05,4.05,4.05,300,0
2017-08-04,20:00:00,4.07,4.07,4.07,4.07,300,0
2017-08-04,21:00:00,4.085,4.11,4.085,4.11,2000,0
2017-08-04,22:00:00,4.1172,4.2,4.1172,4.14,8200,0
2017-08-07,16:00:00,4.18,4.18,4.12,4.12,1532,0
2017-08-07,17:00:00,4.14,4.14,4.1,4.1,800,0
2017-08-07,18:00:00,4.1,4.1,4,4.0018,1305,0
2017-08-07,19:00:00,4.035,4.05,4.035,4.0401,1100,0
2017-08-07,20:00:00,4.05,4.05,4.0401,4.0401,400,0
2017-08-07,21:00:00,4.05,4.05,4.05,4.05,1000,0
2017-08-07,22:00:00,4.0565,4.06,4.035,4.06,7634,0
2017-08-08,17:00:00,4.05,4.05,3.97,3.97,400,0
2017-08-08,18:00:00,4.012,4.06,4.012,4.06,2262,0
2017-08-08,21:00:00,4.03,4.03,4.03,4.03,100,0
2017-08-08,22:00:00,4.03,4.0375,4.03,4.03,1328,0
2017-08-09,16:00:00,4.13,4.35,4.13,4.3371,14095,0
2017-08-09,17:00:00,4.3,4.35,4.3,4.34,22001,0
2017-08-09,18:00:00,4.295,4.33,4.295,4.32,3700,0
2017-08-09,19:00:00,4.34,4.36,4.34,4.36,7152,0
2017-08-09,20:00:00,4.3527,4.36,4.3527,4.36,558,0
2017-08-09,21:00:00,4.3499,4.3499,4.21,4.2201,5443,0
2017-08-09,22:00:00,4.28,4.28,4.15,4.15,2325,0
2017-08-10,16:00:00,4.08,4.102,4.08,4.102,6853,0
2017-08-10,17:00:00,4.1,4.1,4.1,4.1,200,0
2017-08-10,18:00:00,4.11,4.12,4.11,4.12,3600,0
2017-08-10,19:00:00,4.11,4.25,4.11,4.25,3200,0
2017-08-10,20:00:00,4.25,4.28,4.25,4.28,3450,0
2017-08-10,21:00:00,4.29,4.37,4.29,4.35,5587,0
2017-08-10,22:00:00,4.3499,4.3499,4.26,4.26,1450,0
2017-08-11,16:00:00,4.201,4.201,4.2,4.2,2000,0
2017-08-11,17:00:00,4.2,4.2,4.13,4.13,700,0
2017-08-11,18:00:00,4.12,4.12,4.1,4.1001,600,0
2017-08-11,19:00:00,4.1,4.1,4.1,4.1,1000,0
2017-08-11,20:00:00,4.11,4.11,4.11,4.11,274,0
2017-08-11,21:00:00,4.11,4.1116,4.11,4.1116,2600,0
2017-08-11,22:00:00,4.11,4.13,4.11,4.12,3601,0
2017-08-14,16:00:00,4.08,4.1156,4.08,4.1,2399,0
2017-08-14,17:00:00,4.131,4.14,4.131,4.14,1300,0
2017-08-14,18:00:00,4.16,4.16,4.14,4.1453,2300,0
2017-08-14,19:00:00,4.15,4.15,4.1,4.12,6150,0
2017-08-14,20:00:00,4.1,4.1005,4.06,4.06,1500,0
2017-08-14,21:00:00,4.0514,4.07,4.05,4.06,1900,0
2017-08-14,22:00:00,4.06,4.15,4.06,4.15,1435,0
2017-08-15,16:00:00,4.28,4.28,4.19,4.2,9201,0
2017-08-15,17:00:00,4.2,4.2,4.19,4.19,1526,0
2017-08-15,18:00:00,4.16,4.19,4.15,4.1884,3100,0
2017-08-15,20:00:00,4.1725,4.1725,4.1725,4.1725,100,0
2017-08-15,21:00:00,4.17,4.1722,4.16,4.1722,1300,0
2017-08-15,22:00:00,4.165,4.165,4.1589,4.16,2400,0
2017-08-16,16:00:00,4.14,4.14,4.14,4.14,100,0
2017-08-16,17:00:00,4.15,4.15,4.11,4.11,395,0
2017-08-16,18:00:00,4.1,4.1,4.1,4.1,100,0
2017-08-16,19:00:00,4.1,4.1,4.1,4.1,100,0
2017-08-16,20:00:00,4.1,4.11,4.1,4.11,200,0
2017-08-16,22:00:00,4.11,4.12,4.11,4.12,200,0
2017-08-17,16:00:00,4.19,4.5,4.19,4.35,34303,0
2017-08-17,17:00:00,4.36,4.3833,4.2874,4.3,9440,0
2017-08-17,18:00:00,4.3,4.35,4.2991,4.31,9074,0
2017-08-17,19:00:00,4.32,4.34,4.32,4.3201,3428,0
2017-08-17,20:00:00,4.32,4.32,4.2888,4.3,3200,0
2017-08-17,21:00:00,4.3,4.3,4.28,4.2801,4733,0
2017-08-17,22:00:00,4.2882,4.31,4.25,4.25,2437,0
2017-08-18,16:00:00,4.16,4.28,4.16,4.25,4021,0
2017-08-18,17:00:00,4.23,4.24,4.2,4.2286,1108,0
2017-08-18,18:00:00,4.23,4.24,4.2177,4.2177,2400,0
2017-08-18,19:00:00,4.2474,4.26,4.2474,4.26,1000,0
2017-08-18,20:00:00,4.26,4.27,4.2534,4.2534,1370,0
2017-08-18,22:00:00,4.2751,4.28,4.25,4.28,2049,0
2017-08-21,16:00:00,4.299,4.299,4.28,4.28,1982,0
2017-08-21,17:00:00,4.29,4.29,4.29,4.29,400,0
2017-08-21,18:00:00,4.2947,4.2947,4.2947,4.2947,1000,0
2017-08-21,19:00:00,4.3,4.3,4.2876,4.2876,600,0
2017-08-21,21:00:00,4.2801,4.29,4.28,4.29,1200,0
2017-08-21,22:00:00,4.28,4.2872,4.27,4.2872,535,0
2017-08-22,16:00:00,4.32,4.32,4.32,4.32,521,0
2017-08-22,17:00:00,4.3,4.3,4.25,4.25,2120,0
2017-08-22,18:00:00,4.245,4.25,4.22,4.25,6017,0
2017-08-22,20:00:00,4.2352,4.25,4.235,4.235,11303,0
2017-08-22,21:00:00,4.22,4.25,4.22,4.25,3380,0
2017-08-22,22:00:00,4.24,4.24,4.24,4.24,100,0
2017-08-23,16:00:00,4.28,4.28,4.2164,4.22,1371,0
2017-08-23,17:00:00,4.2538,4.2538,4.23,4.23,3160,0
2017-08-23,19:00:00,4.24,4.25,4.24,4.25,200,0
2017-08-23,20:00:00,4.2,4.25,4.2,4.25,200,0
2017-08-23,22:00:00,4.24,4.2892,4.23,4.2892,697,0
2017-08-24,17:00:00,4.2902,4.2902,4.2902,4.2902,100,0
2017-08-24,18:00:00,4.2682,4.295,4.2682,4.28,1216,0
2017-08-24,19:00:00,4.28,4.28,4.2726,4.2726,700,0
2017-08-24,21:00:00,4.29,4.29,4.27,4.27,1700,0
2017-08-24,22:00:00,4.27,4.3,4.26,4.26,800,0
2017-08-25,16:00:00,4.32,4.32,4.3,4.3,387,0
2017-08-25,17:00:00,4.28,4.309,4.28,4.309,450,0
2017-08-25,18:00:00,4.2938,4.3047,4.28,4.3047,1350,0
2017-08-25,19:00:00,4.27,4.27,4.25,4.25,400,0
2017-08-25,20:00:00,4.22,4.22,4.2171,4.2171,1600,0
2017-08-25,21:00:00,4.25,4.27,4.24,4.2492,1800,0
2017-08-25,22:00:00,4.25,4.25,4.2,4.2,1100,0
2017-08-28,16:00:00,4.15,4.199,4.1,4.1263,5076,0
2017-08-28,17:00:00,4.12,4.15,4.12,4.15,8700,0
2017-08-28,18:00:00,4.17,4.17,4.1601,4.17,300,0
2017-08-28,19:00:00,4.17,4.17,4.15,4.15,1500,0
2017-08-28,20:00:00,4.1625,4.1625,4.1625,4.1625,100,0
2017-08-28,21:00:00,4.17,4.17,4.15,4.15,300,0
2017-08-28,22:00:00,4.2,4.2,4.14,4.14,2703,0
2017-08-29,16:00:00,4.15,4.15,4.14,4.14,1131,0
2017-08-29,17:00:00,4.1663,4.23,4.1663,4.23,1600,0
2017-08-29,18:00:00,4.23,4.23,4.23,4.23,100,0
2017-08-29,19:00:00,4.21,4.2106,4.21,4.2106,2500,0
2017-08-29,22:00:00,4.25,4.25,4.22,4.22,1300,0
2017-08-30,16:00:00,4.22,4.22,4.2199,4.22,1700,0
2017-08-30,17:00:00,4.2,4.2,4.1501,4.1501,2600,0
2017-08-30,18:00:00,4.16,4.16,4.16,4.16,100,0
2017-08-30,19:00:00,4.17,4.1701,4.151,4.151,1165,0
2017-08-30,20:00:00,4.16,4.16,4.1535,4.1535,500,0
2017-08-30,21:00:00,4.1746,4.1746,4.1746,4.1746,500,0
2017-08-30,22:00:00,4.19,4.2,4.19,4.19,395,0
2017-08-31,16:00:00,4.25,4.25,4.2245,4.25,550,0
2017-08-31,17:00:00,4.25,4.25,4.215,4.22,1476,0
2017-08-31,18:00:00,4.25,4.28,4.25,4.28,650,0
2017-08-31,19:00:00,4.32,4.32,4.28,4.2868,2654,0
2017-08-31,20:00:00,4.3,4.31,4.2564,4.2564,486,0
2017-08-31,21:00:00,4.3226,4.3226,4.3226,4.3226,150,0
2017-08-31,22:00:00,4.29,4.3147,4.14,4.14,2057,0
2017-09-01,16:00:00,4.23,4.23,4.2184,4.2184,1259,0
2017-09-01,17:00:00,4.2042,4.2227,4.2,4.2227,3000,0
2017-09-01,18:00:00,4.23,4.23,4.227,4.23,968,0
2017-09-01,19:00:00,4.22,4.2308,4.21,4.21,300,0
2017-09-01,20:00:00,4.18,4.1801,4.18,4.1801,1510,0
2017-09-01,21:00:00,4.2,4.25,4.2,4.25,300,0
2017-09-01,22:00:00,4.25,4.27,4.22,4.27,900,0
2017-09-05,16:00:00,4.27,4.289,4.27,4.289,2196,0
2017-09-05,17:00:00,4.29,4.29,4.264,4.29,1300,0
2017-09-05,18:00:00,4.291,4.33,4.291,4.3204,2850,0
2017-09-05,19:00:00,4.3188,4.33,4.3188,4.33,600,0
2017-09-05,20:00:00,4.302,4.32,4.302,4.32,828,0
2017-09-05,21:00:00,4.31,4.3101,4.28,4.285,3616,0
2017-09-05,22:00:00,4.2721,4.3,4.2721,4.2994,6731,0
2017-09-06,16:00:00,4.35,4.35,4.2775,4.3222,2865,0
2017-09-06,17:00:00,4.3144,4.3304,4.27,4.27,1400,0
2017-09-06,18:00:00,4.27,4.27,4.27,4.27,200,0
2017-09-06,19:00:00,4.3,4.3,4.2,4.2399,1120,0
2017-09-06,20:00:00,4.25,4.25,4.201,4.25,2552,0
2017-09-06,21:00:00,4.25,4.25,4.21,4.21,300,0
2017-09-06,22:00:00,4.2386,4.24,4.21,4.24,1303,0
2017-09-07,16:00:00,4.27,4.27,4.2599,4.26,1237,0
2017-09-07,17:00:00,4.3,4.3,4.3,4.3,800,0
2017-09-07,18:00:00,4.295,4.2971,4.295,4.2971,200,0
2017-09-07,19:00:00,4.2935,4.3,4.291,4.291,5526,0
2017-09-07,20:00:00,4.291,4.295,4.28,4.282,2920,0
2017-09-07,21:00:00,4.2999,4.3,4.2989,4.3,2938,0
2017-09-07,22:00:00,4.2924,4.33,4.29,4.33,4665,0
2017-09-08,16:00:00,4.35,4.35,4.3224,4.3224,1924,0
2017-09-08,17:00:00,4.3213,4.3248,4.3213,4.3222,450,0
2017-09-08,18:00:00,4.3275,4.33,4.3,4.32,4548,0
2017-09-08,19:00:00,4.31,4.31,4.309,4.31,400,0
2017-09-08,20:00:00,4.3,4.3054,4.3,4.3,500,0
2017-09-08,21:00:00,4.305,4.305,4.23,4.2701,7378,0
2017-09-08,22:00:00,4.24,4.28,4.21,4.22,3502,0
2017-09-11,16:00:00,4.24,4.25,4.24,4.2485,2428,0
2017-09-11,17:00:00,4.24,4.25,4.21,4.2305,12276,0
2017-09-11,18:00:00,4.21,4.23,4.21,4.23,836,0
2017-09-11,19:00:00,4.23,4.2453,4.23,4.2453,400,0
2017-09-11,20:00:00,4.25,4.26,4.2462,4.26,597,0
2017-09-11,21:00:00,4.241,4.26,4.241,4.26,1200,0
2017-09-11,22:00:00,4.26,4.27,4.2401,4.27,2470,0
2017-09-12,16:00:00,4.3,4.3189,4.28,4.3143,5080,0
2017-09-12,17:00:00,4.33,4.35,4.33,4.35,18527,0
2017-09-12,18:00:00,4.4,4.41,4.381,4.4061,1402,0
2017-09-12,19:00:00,4.4006,4.41,4.35,4.3946,2130,0
2017-09-12,20:00:00,4.37,4.41,4.36,4.39,2001,0
2017-09-12,21:00:00,4.49,4.5,4.39,4.4,8893,0
2017-09-12,22:00:00,4.4366,4.47,4.38,4.47,6180,0
2017-09-13,16:00:00,4.48,4.4999,4.4627,4.4657,10708,0
2017-09-13,17:00:00,4.47,4.4711,4.45,4.45,4400,0
2017-09-13,18:00:00,4.41,4.44,4.4,4.4,1430,0
2017-09-13,19:00:00,4.4,4.4,4.4,4.4,200,0
2017-09-13,20:00:00,4.41,4.4724,4.41,4.44,1280,0
2017-09-13,21:00:00,4.4595,4.4595,4.43,4.45,1692,0
2017-09-13,22:00:00,4.45,4.46,4.4,4.41,7497,0
2017-09-14,16:00:00,4.31,4.35,4.31,4.35,8900,0
2017-09-14,17:00:00,4.3799,4.39,4.3627,4.39,1900,0
2017-09-14,18:00:00,4.4,4.425,4.4,4.4199,4082,0
2017-09-14,20:00:00,4.42,4.44,4.42,4.44,300,0
2017-09-14,21:00:00,4.43,4.4611,4.43,4.4498,500,0
2017-09-14,22:00:00,4.4313,4.46,4.42,4.42,2525,0
2017-09-15,16:00:00,4.44,4.45,4.44,4.45,912,0
2017-09-15,17:00:00,4.4396,4.44,4.43,4.43,5454,0
2017-09-15,18:00:00,4.4168,4.4399,4.4168,4.426,7073,0
2017-09-15,19:00:00,4.4141,4.415,4.4107,4.4107,822,0
2017-09-15,20:00:00,4.42,4.4499,4.42,4.4398,2700,0
2017-09-15,21:00:00,4.44,4.44,4.44,4.44,100,0
2017-09-15,22:00:00,4.44,4.455,4.31,4.31,4529,0
2017-09-18,16:00:00,4.39,4.46,4.351,4.4212,3003,0
2017-09-18,17:00:00,4.43,4.5,4.4196,4.4711,8162,0
2017-09-18,18:00:00,4.46,4.5,4.43,4.5,15275,0
2017-09-18,19:00:00,4.5,4.5,4.49,4.5,2524,0
2017-09-18,20:00:00,4.5,4.53,4.4945,4.51,8161,0
2017-09-18,21:00:00,4.52,4.6,4.4997,4.52,15448,0
2017-09-18,22:00:00,4.5346,4.6099,4.52,4.6099,18764,0
2017-09-19,16:00:00,4.63,4.98,4.63,4.89,18837,0
2017-09-19,17:00:00,4.898,5,4.85,4.9002,37166,0
2017-09-19,18:00:00,4.91,4.91,4.87,4.88,4430,0
2017-09-19,19:00:00,4.87,4.8886,4.8599,4.87,13223,0
2017-09-19,20:00:00,4.8666,4.88,4.81,4.8374,11953,0
2017-09-19,21:00:00,4.83,4.8371,4.8146,4.8146,5015,0
2017-09-19,22:00:00,4.8186,4.8488,4.8,4.83,2738,0
2017-09-20,16:00:00,4.86,4.86,4.79,4.79,11734,0
2017-09-20,17:00:00,4.78,4.78,4.7668,4.7668,2208,0
2017-09-20,18:00:00,4.7723,4.829,4.7723,4.829,6330,0
2017-09-20,19:00:00,4.83,4.85,4.83,4.8456,2477,0
2017-09-20,20:00:00,4.831,4.85,4.81,4.81,3717,0
2017-09-20,21:00:00,4.83,4.839,4.81,4.8136,3023,0
2017-09-20,22:00:00,4.8,4.8356,4.79,4.79,1046,0
2017-09-21,16:00:00,4.86,4.86,4.65,4.7173,6414,0
2017-09-21,17:00:00,4.7168,4.73,4.7,4.72,3306,0
2017-09-21,18:00:00,4.73,4.73,4.71,4.71,1717,0
2017-09-21,19:00:00,4.7001,4.7001,4.65,4.6951,1769,0
2017-09-21,20:00:00,4.65,4.6797,4.65,4.67,700,0
2017-09-21,21:00:00,4.64,4.69,4.64,4.67,1768,0
2017-09-21,22:00:00,4.67,4.71,4.61,4.67,1719,0
2017-09-22,16:00:00,4.67,4.67,4.65,4.65,590,0
2017-09-22,17:00:00,4.7399,4.8397,4.641,4.83,12846,0
2017-09-22,18:00:00,4.76,4.82,4.75,4.81,10776,0
2017-09-22,19:00:00,4.84,4.86,4.8383,4.855,2840,0
2017-09-22,20:00:00,4.821,4.86,4.82,4.86,6902,0
2017-09-22,21:00:00,4.86,4.87,4.84,4.8521,4156,0
2017-09-22,22:00:00,4.8799,5,4.86,5,34227,0
2017-09-25,16:00:00,5.05,5.05,5,5,19162,0
2017-09-25,17:00:00,4.99,5,4.98,4.9899,8365,0
2017-09-25,18:00:00,4.9726,4.989,4.96,4.96,1322,0
2017-09-25,19:00:00,4.92,4.9397,4.861,4.88,3040,0
2017-09-25,20:00:00,4.9001,4.9099,4.88,4.9099,2450,0
2017-09-25,21:00:00,4.9,4.92,4.9,4.9017,1611,0
2017-09-25,22:00:00,4.917,4.99,4.9,4.9,10262,0
2017-09-26,16:00:00,5.01,5.01,4.9476,4.9476,3228,0
2017-09-26,17:00:00,4.95,4.9959,4.95,4.99,7745,0
2017-09-26,18:00:00,4.99,5,4.98,4.99,6200,0
2017-09-26,19:00:00,4.98,5,4.98,5,1100,0
2017-09-26,20:00:00,4.99,5,4.9612,5,6346,0
2017-09-26,21:00:00,4.9826,5,4.954,4.958,2260,0
2017-09-26,22:00:00,4.97,4.97,4.92,4.92,3425,0
2017-09-27,16:00:00,4.94,5.03,4.94,5,6397,0
2017-09-27,17:00:00,5.015,5.0292,5,5.0185,3983,0
2017-09-27,18:00:00,4.98,4.98,4.9619,4.9619,300,0
2017-09-27,19:00:00,4.988,4.988,4.988,4.988,500,0
2017-09-27,20:00:00,4.98,4.9993,4.98,4.9864,4405,0
2017-09-27,21:00:00,5,5.0088,4.99,5.005,1798,0
2017-09-27,22:00:00,5.0058,5.01,5,5.01,2626,0
2017-09-28,16:00:00,5.02,5.05,5.02,5.045,15100,0
2017-09-28,17:00:00,5.05,5.05,4.99,5,28532,0
2017-09-28,18:00:00,4.9912,5,4.9898,4.99,1090,0
2017-09-28,19:00:00,5,5.02,4.99,5,5982,0
2017-09-28,20:00:00,4.98,4.9986,4.98,4.99,1100,0
2017-09-28,21:00:00,4.9801,4.9801,4.9801,4.9801,300,0
2017-09-28,22:00:00,5,5,4.98,4.99,6900,0
2017-09-29,16:00:00,5.02,5.02,4.97,4.98,12800,0
2017-09-29,17:00:00,4.989,5,4.98,4.9985,2301,0
2017-09-29,18:00:00,4.9985,4.9985,4.9798,4.9798,521,0
2017-09-29,19:00:00,4.99,5,4.99,5,700,0
2017-09-29,20:00:00,4.99,5,4.97,4.99,1750,0
2017-09-29,21:00:00,4.99,5,4.97,4.9701,4454,0
2017-09-29,22:00:00,4.99,4.999,4.93,4.93,13733,0
2017-10-02,16:00:00,4.93,5,4.93,4.95,5200,0
2017-10-02,17:00:00,4.989,4.989,4.81,4.84,28777,0
2017-10-02,18:00:00,4.8452,4.86,4.62,4.72,24867,0
2017-10-02,19:00:00,4.7295,4.82,4.68,4.82,11122,0
2017-10-02,20:00:00,4.7,4.8565,4.7,4.85,4895,0
2017-10-02,21:00:00,4.85,4.85,4.82,4.8202,3942,0
2017-10-02,22:00:00,4.85,4.85,4.8,4.83,2478,0
2017-10-03,16:00:00,4.82,4.88,4.82,4.8438,6058,0
2017-10-03,17:00:00,4.86,4.89,4.821,4.865,9388,0
2017-10-03,18:00:00,4.87,4.93,4.8437,4.92,12200,0
2017-10-03,19:00:00,4.935,4.95,4.92,4.9322,5494,0
2017-10-03,20:00:00,4.935,4.95,4.935,4.95,2265,0
2017-10-03,21:00:00,4.95,5,4.92,4.975,7025,0
2017-10-03,22:00:00,4.984,4.99,4.79,4.79,22425,0
2017-10-04,16:00:00,4.83,4.9824,4.83,4.97,3998,0
2017-10-04,17:00:00,4.9406,4.9591,4.89,4.9168,6072,0
2017-10-04,18:00:00,4.9189,4.9718,4.9189,4.9491,9242,0
2017-10-04,19:00:00,4.94,4.96,4.9245,4.94,2030,0
2017-10-04,20:00:00,4.9199,4.95,4.9199,4.93,1000,0
2017-10-04,21:00:00,4.89,4.9393,4.81,4.85,749,0
2017-10-04,22:00:00,4.9064,4.94,4.86,4.89,5734,0
2017-10-05,16:00:00,5.02,5.02,4.97,4.974,12138,0
2017-10-05,17:00:00,4.97,5.03,4.81,4.9301,55593,0
2017-10-05,18:00:00,4.9581,4.96,4.9123,4.96,11425,0
2017-10-05,19:00:00,4.96,4.96,4.88,4.95,3400,0
2017-10-05,20:00:00,4.93,4.94,4.93,4.93,1737,0
2017-10-05,21:00:00,4.93,4.93,4.92,4.92,1400,0
2017-10-05,22:00:00,4.91,4.94,4.91,4.93,11355,0
2017-10-06,16:00:00,4.97,4.97,4.9342,4.9342,1587,0
2017-10-06,17:00:00,4.9178,4.9216,4.88,4.8817,7817,0
2017-10-06,18:00:00,4.915,4.95,4.91,4.95,3965,0
2017-10-06,19:00:00,4.93,4.95,4.91,4.92,2600,0
2017-10-06,20:00:00,4.91,4.91,4.9,4.905,3900,0
2017-10-06,21:00:00,4.9038,4.906,4.85,4.889,4979,0
2017-10-06,22:00:00,4.9,4.92,4.89,4.92,4499,0
2017-10-09,16:00:00,4.97,4.9872,4.9,4.9335,15649,0
2017-10-09,17:00:00,4.9388,4.954,4.9,4.9295,11799,0
2017-10-09,18:00:00,4.93,4.93,4.88,4.916,1790,0
2017-10-09,19:00:00,4.93,4.94,4.9,4.94,2600,0
2017-10-09,20:00:00,4.9216,4.94,4.9184,4.9341,16200,0
2017-10-09,21:00:00,4.9636,4.979,4.92,4.979,9628,0
2017-10-09,22:00:00,4.96,4.99,4.93,4.99,1601,0
2017-10-10,16:00:00,5,5,4.9,4.91,11012,0
2017-10-10,17:00:00,4.8878,4.92,4.838,4.8999,4633,0
2017-10-10,18:00:00,4.89,4.89,4.8675,4.87,3691,0
2017-10-10,19:00:00,4.88,4.89,4.811,4.811,10694,0
2017-10-10,20:00:00,4.87,4.87,4.83,4.87,2040,0
2017-10-10,21:00:00,4.87,4.9,4.867,4.9,3525,0
2017-10-10,22:00:00,4.9,4.9,4.87,4.88,2805,0
2017-10-11,16:00:00,4.84,4.89,4.84,4.89,1027,0
2017-10-11,17:00:00,4.92,4.92,4.8401,4.8401,1732,0
2017-10-11,18:00:00,4.85,4.89,4.7901,4.84,2776,0
2017-10-11,19:00:00,4.83,4.8397,4.7546,4.7546,7557,0
2017-10-11,20:00:00,4.67,4.79,4.67,4.79,1362,0
2017-10-11,21:00:00,4.81,4.88,4.8,4.84,2010,0
2017-10-11,22:00:00,4.83,4.84,4.75,4.78,16383,0
2017-10-12,16:00:00,4.82,4.82,4.8001,4.8001,712,0
2017-10-12,17:00:00,4.86,4.86,4.82,4.84,4735,0
2017-10-12,18:00:00,4.835,4.86,4.835,4.86,650,0
2017-10-12,19:00:00,4.89,4.89,4.85,4.85,1458,0
2017-10-12,20:00:00,4.8501,4.87,4.8307,4.8307,3325,0
2017-10-12,21:00:00,4.85,4.85,4.849,4.85,1100,0
2017-10-12,22:00:00,4.853,4.8589,4.8,4.8,10615,0
2017-10-13,16:00:00,4.78,4.88,4.72,4.8,12956,0
2017-10-13,17:00:00,4.7353,4.84,4.7353,4.83,1400,0
2017-10-13,18:00:00,4.84,4.88,4.7821,4.8502,927,0
2017-10-13,19:00:00,4.87,4.889,4.8,4.87,3586,0
2017-10-13,20:00:00,4.85,4.86,4.65,4.82,8800,0
2017-10-13,21:00:00,4.72,4.83,4.71,4.83,1010,0
2017-10-13,22:00:00,4.7,4.8,4.7,4.7,9961,0
2017-10-16,16:00:00,4.64,4.85,4.6281,4.71,12641,0
2017-10-16,17:00:00,4.6964,4.7364,4.6964,4.7196,4130,0
2017-10-16,18:00:00,4.71,4.7101,4.66,4.7,6184,0
2017-10-16,19:00:00,4.6767,4.6767,4.54,4.6,12324,0
2017-10-16,20:00:00,4.6,4.6,4.5401,4.5998,12756,0
2017-10-16,21:00:00,4.56,4.59,4.55,4.56,5872,0
2017-10-16,22:00:00,4.58,4.5905,4.55,4.55,14951,0
2017-10-17,16:00:00,4.59,4.63,4.58,4.58,4041,0
2017-10-17,18:00:00,4.5601,4.57,4.53,4.53,4000,0
2017-10-17,19:00:00,4.57,4.5791,4.55,4.57,1600,0
2017-10-17,20:00:00,4.5623,4.59,4.5591,4.59,5280,0
2017-10-17,21:00:00,4.56,4.579,4.56,4.57,1835,0
2017-10-17,22:00:00,4.5578,4.5786,4.5578,4.56,1955,0
2017-10-18,16:00:00,4.4,4.55,4.4,4.5399,27713,0
2017-10-18,17:00:00,4.51,4.51,4.45,4.46,17045,0
2017-10-18,18:00:00,4.4601,4.48,4.4601,4.47,1300,0
2017-10-18,19:00:00,4.4772,4.5,4.456,4.4788,8624,0
2017-10-18,20:00:00,4.48,4.52,4.47,4.505,7600,0
2017-10-18,21:00:00,4.5,4.5097,4.4742,4.4996,1614,0
2017-10-18,22:00:00,4.4801,4.5,4.4601,4.48,10206,0
2017-10-19,16:00:00,4.31,4.39,4.05,4.37,19222,0
2017-10-19,17:00:00,4.39,4.466,4.37,4.449,13311,0
2017-10-19,18:00:00,4.43,4.4399,4.43,4.4399,500,0
2017-10-19,19:00:00,4.437,4.437,4.4324,4.4324,1100,0
2017-10-19,20:00:00,4.44,4.51,4.4342,4.4984,2220,0
2017-10-19,21:00:00,4.5,4.5,4.5,4.5,2599,0
2017-10-19,22:00:00,4.5,4.5193,4.47,4.47,3542,0
2017-10-20,16:00:00,4.41,4.55,4.41,4.55,3124,0
2017-10-20,17:00:00,4.5457,4.5457,4.47,4.47,7112,0
2017-10-20,18:00:00,4.46,4.488,4.45,4.488,2525,0
2017-10-20,19:00:00,4.4671,4.5462,4.45,4.47,6951,0
2017-10-20,20:00:00,4.48,4.6,4.4799,4.521,6695,0
2017-10-20,21:00:00,4.4833,4.4833,4.4833,4.4833,1004,0
2017-10-20,22:00:00,4.5,4.5196,4.5,4.5149,604,0
2017-10-23,16:00:00,4.52,4.52,4.49,4.49,3732,0
2017-10-23,17:00:00,4.4898,4.4898,4.43,4.4424,4600,0
2017-10-23,18:00:00,4.45,4.51,4.45,4.49,1940,0
2017-10-23,19:00:00,4.5125,4.5125,4.49,4.5,2565,0
2017-10-23,20:00:00,4.5,4.5,4.46,4.47,1193,0
2017-10-23,21:00:00,4.476,4.5,4.451,4.48,7759,0
2017-10-23,22:00:00,4.48,4.48,4.421,4.45,8044,0
2017-10-24,16:00:00,4.4431,4.49,4.4431,4.482,2278,0
2017-10-24,17:00:00,4.4934,4.51,4.47,4.47,9663,0
2017-10-24,18:00:00,4.47,4.47,4.47,4.47,200,0
2017-10-24,19:00:00,4.4698,4.4698,4.44,4.44,2118,0
2017-10-24,20:00:00,4.44,4.4436,4.44,4.4433,1000,0
2017-10-24,21:00:00,4.4335,4.4335,4.4,4.4,6412,0
2017-10-24,22:00:00,4.4,4.41,4.33,4.33,8983,0
2017-10-25,16:00:00,4.26,4.3353,4.26,4.27,3546,0
2017-10-25,17:00:00,4.3266,4.3266,4.3135,4.3135,1400,0
2017-10-25,18:00:00,4.31,4.31,4.3,4.3,2100,0
2017-10-25,19:00:00,4.3,4.53,4.3,4.37,24050,0
2017-10-25,20:00:00,4.35,4.35,4.35,4.35,300,0
2017-10-25,21:00:00,4.33,4.33,4.33,4.33,200,0
2017-10-25,22:00:00,4.33,4.3601,4.33,4.35,732,0
2017-10-26,16:00:00,4.38,4.431,4.38,4.431,2716,0
2017-10-26,17:00:00,4.39,4.425,4.35,4.41,2072,0
2017-10-26,18:00:00,4.38,4.38,4.37,4.37,600,0
2017-10-26,19:00:00,4.37,4.37,4.35,4.35,1400,0
2017-10-26,21:00:00,4.34,4.3503,4.33,4.3503,14212,0
2017-10-26,22:00:00,4.3503,4.37,4.3467,4.37,5832,0
2017-10-27,16:00:00,4.35,4.35,4.35,4.35,800,0
2017-10-27,17:00:00,4.4102,4.4102,4.3925,4.3925,2280,0
2017-10-27,18:00:00,4.4,4.4,4.4,4.4,100,0
2017-10-27,19:00:00,4.4001,4.4401,4.4,4.4401,2300,0
2017-10-27,20:00:00,4.441,4.4511,4.4368,4.4511,990,0
2017-10-27,21:00:00,4.4299,4.51,4.4299,4.495,900,0
2017-10-27,22:00:00,4.47,4.51,4.42,4.51,9971,0
2017-10-30,15:00:00,4.59,4.59,4.41,4.4779,6327,0
2017-10-30,16:00:00,4.47,4.499,4.47,4.499,5383,0
2017-10-30,17:00:00,4.499,4.5027,4.453,4.48,8000,0
2017-10-30,18:00:00,4.49,4.49,4.43,4.43,10100,0
2017-10-30,19:00:00,4.43,4.45,4.43,4.4405,2916,0
2017-10-30,20:00:00,4.4354,4.45,4.3905,4.3905,4100,0
2017-10-30,21:00:00,4.39,4.45,4.39,4.45,2700,0
2017-10-31,15:00:00,4.4,4.444,4.4,4.41,936,0
2017-10-31,16:00:00,4.419,4.419,4.4,4.4,900,0
2017-10-31,17:00:00,4.4101,4.45,4.41,4.4478,2421,0
2017-10-31,20:00:00,4.43,4.46,4.41,4.44,1239,0
2017-10-31,21:00:00,4.4474,4.509,4.4474,4.505,7140,0
2017-11-01,15:00:00,4.54,4.54,4.4924,4.4924,299,0
2017-11-01,16:00:00,4.47,4.47,4.45,4.45,600,0
2017-11-01,17:00:00,4.45,4.4505,4.43,4.43,2066,0
2017-11-01,18:00:00,4.43,4.4301,4.4,4.4,2600,0
2017-11-01,19:00:00,4.38,4.421,4.3356,4.421,16966,0
2017-11-01,20:00:00,4.3752,4.3752,4.371,4.371,700,0
2017-11-01,21:00:00,4.401,4.41,4.401,4.41,612,0
2017-11-02,15:00:00,4.3788,4.3788,4.37,4.37,220,0
2017-11-02,16:00:00,4.3601,4.3901,4.3416,4.35,5559,0
2017-11-02,17:00:00,4.35,4.35,4.3346,4.35,2961,0
2017-11-02,18:00:00,4.35,4.4601,4.33,4.46,8159,0
2017-11-02,19:00:00,4.3313,4.3313,4.3313,4.3313,200,0
2017-11-02,20:00:00,4.36,4.37,4.36,4.37,585,0
2017-11-02,21:00:00,4.36,4.3631,4.35,4.35,4000,0
2017-11-03,16:00:00,4.3326,4.4,4.3326,4.397,959,0
2017-11-03,19:00:00,4.39,4.39,4.39,4.39,2462,0
2017-11-03,20:00:00,4.3739,4.3739,4.3739,4.3739,106,0
2017-11-03,21:00:00,4.37,4.38,4.37,4.38,300,0
2017-11-06,16:00:00,4.34,4.38,4.34,4.38,2446,0
2017-11-06,17:00:00,4.27,4.35,4.27,4.35,1490,0
2017-11-06,18:00:00,4.36,4.36,4.32,4.33,4086,0
2017-11-06,19:00:00,4.3403,4.35,4.332,4.332,1500,0
2017-11-06,20:00:00,4.3773,4.3773,4.33,4.33,200,0
2017-11-06,22:00:00,4.35,4.39,4.35,4.37,2736,0
2017-11-07,16:00:00,4.32,4.35,4.32,4.35,1799,0
2017-11-07,17:00:00,4.38,4.38,4.35,4.35,999,0
2017-11-07,19:00:00,4.3305,4.34,4.31,4.31,6442,0
2017-11-07,20:00:00,4.33,4.33,4.33,4.33,300,0
2017-11-07,21:00:00,4.35,4.3555,4.33,4.33,1500,0
2017-11-07,22:00:00,4.35,4.38,4.3301,4.34,1250,0
2017-11-08,16:00:00,4.29,4.29,4.26,4.28,3145,0
2017-11-08,17:00:00,4.28,4.35,4.28,4.34,1400,0
2017-11-08,18:00:00,4.34,4.34,4.34,4.34,100,0
2017-11-08,19:00:00,4.3442,4.349,4.34,4.349,985,0
2017-11-08,20:00:00,4.32,4.32,4.32,4.32,2700,0
2017-11-08,21:00:00,4.3312,4.3312,4.32,4.32,699,0
2017-11-08,22:00:00,4.3288,4.34,4.3,4.3,1943,0
2017-11-09,16:00:00,4.25,4.3229,4.25,4.3229,5298,0
2017-11-09,17:00:00,4.3,4.31,4.15,4.21,9550,0
2017-11-09,18:00:00,4.25,4.3,4.23,4.2376,2300,0
2017-11-09,19:00:00,4.23,4.23,4.23,4.23,400,0
2017-11-09,20:00:00,4.2495,4.2495,4.21,4.23,2700,0
2017-11-09,21:00:00,4.235,4.25,4.23,4.23,2200,0
2017-11-09,22:00:00,4.225,4.23,4.08,4.09,22653,0
2017-11-10,16:00:00,4.06,4.14,4.0547,4.07,3505,0
2017-11-10,17:00:00,4.0649,4.09,4.05,4.08,7118,0
2017-11-10,18:00:00,4.08,4.09,4.0637,4.07,4640,0
2017-11-10,19:00:00,4.0776,4.0776,4.06,4.06,1700,0
2017-11-10,20:00:00,4.04,4.07,4.01,4.07,3350,0
2017-11-10,21:00:00,4.05,4.07,4.05,4.07,3200,0
2017-11-10,22:00:00,4.065,4.07,4.05,4.05,12229,0
2017-11-13,16:00:00,4,4.069,4,4.02,4149,0
2017-11-13,17:00:00,4.03,4.045,4.03,4.04,1992,0
2017-11-13,19:00:00,4.0525,4.0525,4.0525,4.0525,1000,0
2017-11-13,20:00:00,4.0336,4.0336,4.0314,4.0314,300,0
2017-11-13,21:00:00,4.04,4.04,4.02,4.02,1050,0
2017-11-13,22:00:00,4.04,4.04,4.01,4.01,4099,0
2017-11-14,16:00:00,3.96,4.05,3.96,4.01,3368,0
2017-11-14,17:00:00,4.01,4.0127,3.97,3.97,3830,0
2017-11-14,18:00:00,3.99,3.99,3.97,3.9852,1020,0
2017-11-14,19:00:00,3.97,3.973,3.97,3.973,200,0
2017-11-14,20:00:00,3.9698,3.9698,3.95,3.95,1341,0
2017-11-14,22:00:00,3.97,3.98,3.92,3.92,1938,0
2017-11-15,16:00:00,3.91,3.9295,3.91,3.9295,633,0
2017-11-15,17:00:00,3.95,3.96,3.95,3.96,1123,0
2017-11-15,18:00:00,4,4,3.98,3.98,807,0
2017-11-15,19:00:00,4.0093,4.01,3.99,4,2053,0
2017-11-15,21:00:00,4,4,3.96,3.97,6659,0
2017-11-15,22:00:00,3.98,3.98,3.92,3.92,6976,0
2017-11-16,16:00:00,3.92,3.9546,3.92,3.9546,1290,0
2017-11-16,17:00:00,3.93,4.0096,3.93,4.0096,600,0
2017-11-16,18:00:00,4,4.01,3.99,4,2084,0
2017-11-16,19:00:00,4.02,4.07,4.02,4.06,1569,0
2017-11-16,20:00:00,4.05,4.065,4,4,4200,0
2017-11-16,21:00:00,4.01,4.01,4.01,4.01,100,0
2017-11-16,22:00:00,4.025,4.045,3.95,3.99,25025,0
2017-11-17,16:00:00,4.04,4.04,3.95,3.95,1439,0
2017-11-17,17:00:00,4.0114,4.0114,4.01,4.01,600,0
2017-11-17,18:00:00,4.022,4.022,3.97,3.99,52052,0
2017-11-17,19:00:00,3.99,4,3.95,3.98,35245,0
2017-11-17,20:00:00,3.98,4,3.97,3.98,1872,0
2017-11-17,21:00:00,3.9999,4.04,3.9999,4.01,2202,0
2017-11-17,22:00:00,4.02,4.09,4.02,4.09,3493,0
2017-11-20,16:00:00,4.1028,4.19,4.1028,4.19,1638,0
2017-11-20,17:00:00,4.19,4.3986,4.19,4.3986,5350,0
2017-11-20,18:00:00,4.35,4.38,4.3,4.3494,10490,0
2017-11-20,19:00:00,4.3515,4.3686,4.32,4.35,8019,0
2017-11-20,20:00:00,4.35,4.369,4.35,4.3633,2100,0
2017-11-20,21:00:00,4.36,4.36,4.35,4.35,4898,0
2017-11-20,22:00:00,4.3,4.3372,4.3,4.3372,2300,0
2017-11-21,16:00:00,4.4,4.4,4.29,4.38,2619,0
2017-11-21,17:00:00,4.31,4.31,4.28,4.2891,4168,0
2017-11-21,18:00:00,4.3961,4.4,4.3225,4.3225,843,0
2017-11-21,19:00:00,4.37,4.37,4.33,4.33,200,0
2017-11-21,20:00:00,4.3084,4.36,4.3084,4.31,346,0
2017-11-21,21:00:00,4.38,4.4,4.3,4.4,388,0
2017-11-21,22:00:00,4.38,4.4,4.28,4.28,912,0
2017-11-22,16:00:00,4.2501,4.27,4.2501,4.26,533,0
2017-11-22,18:00:00,4.2796,4.2796,4.2796,4.2796,354,0
2017-11-22,20:00:00,4.3434,4.3434,4.2665,4.2665,1650,0
2017-11-22,21:00:00,4.27,4.27,4.27,4.27,900,0
2017-11-22,22:00:00,4.27,4.29,4.27,4.29,1100,0
2017-11-24,17:00:00,4.25,4.25,4.24,4.24,400,0
2017-11-24,18:00:00,4.2456,4.2499,4.21,4.22,5400,0
2017-11-24,19:00:00,4.2201,4.3197,4.2,4.26,3100,0
2017-11-24,20:00:00,4.38,4.38,4.38,4.38,411,0
2017-11-24,22:00:00,4.38,4.38,4.38,4.38,0,0
2017-11-27,16:00:00,4.28,4.3035,4.28,4.3,2592,0
2017-11-27,17:00:00,4.2921,4.2921,4.28,4.2889,1200,0
2017-11-27,18:00:00,4.27,4.2715,4.2116,4.2715,9600,0
2017-11-27,19:00:00,4.2715,4.2715,4.24,4.2539,640,0
2017-11-27,20:00:00,4.2785,4.2785,4.2785,4.2785,100,0
2017-11-27,21:00:00,4.28,4.28,4.268,4.268,1300,0
2017-11-27,22:00:00,4.3,4.3,4.2501,4.2501,888,0
2017-11-28,16:00:00,4.2,4.2,4.185,4.185,1600,0
2017-11-28,17:00:00,4.1925,4.21,4.1925,4.21,4494,0
2017-11-28,18:00:00,4.2288,4.2288,4.2288,4.2288,4100,0
2017-11-28,19:00:00,4.2285,4.24,4.2285,4.24,1600,0
2017-11-28,20:00:00,4.25,4.2501,4.25,4.25,1699,0
2017-11-28,21:00:00,4.25,4.2501,4.25,4.2501,600,0
2017-11-28,22:00:00,4.25,4.25,4.24,4.2401,7400,0
2017-11-29,16:00:00,4.23,4.23,4.19,4.21,1716,0
2017-11-29,17:00:00,4.22,4.2201,4.2,4.2,1900,0
2017-11-29,18:00:00,4.2,4.2,4.18,4.18,300,0
2017-11-29,19:00:00,4.16,4.187,4.16,4.16,1606,0
2017-11-29,20:00:00,4.16,4.16,4.15,4.15,700,0
2017-11-29,21:00:00,4.17,4.24,4.16,4.24,5400,0
2017-11-29,22:00:00,4.24,4.25,4.2121,4.25,2300,0
2017-11-30,16:00:00,4.2554,4.2554,4.23,4.23,350,0
2017-11-30,17:00:00,4.25,4.2598,4.25,4.25,700,0
2017-11-30,18:00:00,4.25,4.2577,4.227,4.227,1176,0
2017-11-30,19:00:00,4.23,4.23,4.23,4.23,100,0
2017-11-30,21:00:00,4.22,4.22,4.22,4.22,500,0
2017-11-30,22:00:00,4.2,4.2011,4.12,4.12,18491,0
2017-12-01,16:00:00,4.1,4.1,4.1,4.1,100,0
2017-12-01,17:00:00,4.09,4.09,4.087,4.09,1690,0
2017-12-01,18:00:00,4.1186,4.1186,4.11,4.11,808,0
2017-12-01,20:00:00,4.0964,4.0986,4.09,4.09,3400,0
2017-12-01,21:00:00,4.09,4.0948,4.09,4.0948,360,0
2017-12-01,22:00:00,4.1,4.11,4.0901,4.0987,3110,0
2017-12-04,16:00:00,4.12,4.14,4.109,4.14,3267,0
2017-12-04,17:00:00,4.14,4.15,4.14,4.1409,400,0
2017-12-04,18:00:00,4.1437,4.1522,4.1383,4.1383,3950,0
2017-12-04,19:00:00,4.1634,4.1634,4.1501,4.1501,1200,0
2017-12-04,20:00:00,4.1699,4.1699,4.1328,4.1328,1500,0
2017-12-04,21:00:00,4.1468,4.1472,4.13,4.13,1600,0
2017-12-04,22:00:00,4.1203,4.1203,4.1,4.1101,2300,0
2017-12-05,16:00:00,4.08,4.08,4.07,4.08,700,0
2017-12-05,17:00:00,4.11,4.11,4.1,4.1,400,0
2017-12-05,18:00:00,4.0937,4.0937,4.0937,4.0937,139,0
2017-12-05,20:00:00,4.12,4.14,4.0962,4.127,6016,0
2017-12-05,21:00:00,4.13,4.17,4.1299,4.16,2854,0
2017-12-05,22:00:00,4.131,4.22,4.131,4.22,5907,0
2017-12-06,16:00:00,3.99,4.192,3.45,3.9901,28813,0
2017-12-06,17:00:00,4.01,4.0994,3.997,4.02,5973,0
2017-12-06,19:00:00,4.06,4.12,4.06,4.12,680,0
2017-12-06,20:00:00,4.09,4.12,4.09,4.12,1100,0
2017-12-06,22:00:00,4.19,4.19,4.19,4.19,300,0
