Date,Time,Open,High,Low,Close,Volume,OpenInt
2017-05-16,16:00:00,15.014,15.024,14.984,15.004,10940,0
2017-05-16,17:00:00,15.004,15.033,15.004,15.014,19479,0
2017-05-16,18:00:00,15.014,15.033,15.014,15.024,7708,0
2017-05-16,19:00:00,15.033,15.033,15.025,15.025,2420,0
2017-05-16,20:00:00,15.024,15.033,15.014,15.021,7421,0
2017-05-16,21:00:00,15.014,15.033,15.014,15.025,1643,0
2017-05-16,22:00:00,15.033,15.033,14.984,14.994,24530,0
2017-05-17,16:00:00,14.878,14.964,14.878,14.925,35121,0
2017-05-17,17:00:00,14.92,14.944,14.905,14.935,35865,0
2017-05-17,18:00:00,14.935,14.94,14.896,14.905,38575,0
2017-05-17,19:00:00,14.915,14.925,14.891,14.905,15040,0
2017-05-17,20:00:00,14.915,14.92,14.886,14.895,19012,0
2017-05-17,21:00:00,14.896,14.915,14.84,14.878,68454,0
2017-05-17,22:00:00,14.878,14.886,14.85,14.85,19554,0
2017-05-18,16:00:00,14.82,14.886,14.686,14.81,65961,0
2017-05-18,17:00:00,14.81,14.878,14.79,14.86,32429,0
2017-05-18,18:00:00,14.86,14.878,14.83,14.86,12801,0
2017-05-18,19:00:00,14.85,14.86,14.832,14.832,6546,0
2017-05-18,20:00:00,14.85,14.85,14.83,14.84,10280,0
2017-05-18,21:00:00,14.83,14.878,14.83,14.83,7946,0
2017-05-18,22:00:00,14.83,14.878,14.82,14.84,19404,0
2017-05-19,16:00:00,14.85,14.885,14.84,14.878,5463,0
2017-05-19,17:00:00,14.885,14.896,14.86,14.86,12464,0
2017-05-19,18:00:00,14.86,14.925,14.86,14.905,22485,0
2017-05-19,19:00:00,14.915,14.925,14.905,14.925,18205,0
2017-05-19,20:00:00,14.925,14.925,14.905,14.906,11876,0
2017-05-19,21:00:00,14.915,14.944,14.905,14.935,15171,0
2017-05-19,22:00:00,14.941,14.944,14.915,14.944,27866,0
2017-05-22,16:00:00,14.935,14.964,14.925,14.954,16241,0
2017-05-22,17:00:00,14.954,14.994,14.925,14.925,23235,0
2017-05-22,18:00:00,14.925,14.964,14.925,14.964,12251,0
2017-05-22,19:00:00,14.954,14.974,14.954,14.954,11504,0
2017-05-22,20:00:00,14.944,15.014,14.935,15.006,27526,0
2017-05-22,21:00:00,15.004,15.004,14.925,14.954,26567,0
2017-05-22,22:00:00,14.954,14.964,14.925,14.925,24453,0
2017-05-23,16:00:00,14.954,14.964,14.954,14.964,6777,0
2017-05-23,17:00:00,14.954,14.994,14.954,14.989,11653,0
2017-05-23,18:00:00,15.004,15.014,14.994,15.01,7350,0
2017-05-23,19:00:00,14.996,15.014,14.954,14.994,15450,0
2017-05-23,20:00:00,14.979,14.994,14.939,14.964,7711,0
2017-05-23,21:00:00,14.954,14.976,14.935,14.975,8230,0
2017-05-23,22:00:00,14.959,14.984,14.944,14.964,22233,0
2017-05-24,16:00:00,14.974,15.004,14.974,15.004,3551,0
2017-05-24,17:00:00,15.001,15.004,14.974,14.979,13578,0
2017-05-24,18:00:00,14.984,14.984,14.974,14.974,6922,0
2017-05-24,19:00:00,14.984,14.994,14.974,14.977,15858,0
2017-05-24,20:00:00,14.994,14.994,14.974,14.992,8647,0
2017-05-24,21:00:00,14.993,15.004,14.99,15.004,10780,0
2017-05-24,22:00:00,15.004,15.042,14.994,15.042,29344,0
2017-05-25,16:00:00,15.042,15.048,15.024,15.033,17523,0
2017-05-25,17:00:00,15.033,15.05,15.024,15.042,5893,0
2017-05-25,18:00:00,15.042,15.05,15.024,15.024,9755,0
2017-05-25,19:00:00,15.035,15.059,15.014,15.016,19695,0
2017-05-25,20:00:00,15.029,15.029,15.014,15.024,5664,0
2017-05-25,21:00:00,15.014,15.042,15.004,15.036,13206,0
2017-05-25,22:00:00,15.042,15.05,15.004,15.024,35972,0
2017-05-26,16:00:00,15.033,15.033,15.014,15.017,6513,0
2017-05-26,17:00:00,15.014,15.029,15.009,15.029,7380,0
2017-05-26,18:00:00,15.033,15.033,15.014,15.014,5251,0
2017-05-26,19:00:00,15.021,15.024,15.004,15.024,7151,0
2017-05-26,20:00:00,15.029,15.033,15.004,15.014,7870,0
2017-05-26,21:00:00,15.014,15.024,15.014,15.014,9828,0
2017-05-26,22:00:00,15.023,15.024,15.004,15.004,14319,0
2017-05-30,16:00:00,15.004,15.033,15.004,15.033,7741,0
2017-05-30,17:00:00,15.033,15.033,15.014,15.033,14847,0
2017-05-30,18:00:00,15.033,15.042,15.024,15.042,3059,0
2017-05-30,19:00:00,15.042,15.05,15.024,15.03,4644,0
2017-05-30,20:00:00,15.033,15.042,15.024,15.024,6685,0
2017-05-30,21:00:00,15.024,15.05,15.024,15.033,16116,0
2017-05-30,22:00:00,15.033,15.05,15.014,15.033,19948,0
2017-05-31,16:00:00,15.069,15.069,15.042,15.05,11429,0
2017-05-31,17:00:00,15.048,15.05,15.033,15.033,14912,0
2017-05-31,18:00:00,15.024,15.034,15.024,15.024,1352,0
2017-05-31,19:00:00,15.024,15.033,15.004,15.014,10915,0
2017-05-31,20:00:00,15.014,15.059,15.004,15.043,25938,0
2017-05-31,21:00:00,15.053,15.053,15.024,15.033,7384,0
2017-05-31,22:00:00,15.042,15.05,15.024,15.042,6019,0
2017-06-01,16:00:00,15.079,15.079,15.042,15.05,10938,0
2017-06-01,17:00:00,15.053,15.079,15.05,15.059,27782,0
2017-06-01,18:00:00,15.069,15.079,15.042,15.042,22898,0
2017-06-01,19:00:00,15.042,15.05,15.024,15.024,6561,0
2017-06-01,20:00:00,15.029,15.108,15.029,15.05,20477,0
2017-06-01,21:00:00,15.05,15.073,15.042,15.055,5489,0
2017-06-01,22:00:00,15.05,15.069,15.042,15.059,17805,0
2017-06-02,16:00:00,15.059,15.079,15.004,15.004,21148,0
2017-06-02,17:00:00,15.004,15.028,14.964,14.964,43683,0
2017-06-02,18:00:00,14.964,14.964,14.905,14.925,77979,0
2017-06-02,19:00:00,14.931,14.932,14.878,14.896,57015,0
2017-06-02,20:00:00,14.886,14.915,14.869,14.878,57243,0
2017-06-02,21:00:00,14.878,14.935,14.86,14.935,71162,0
2017-06-02,22:00:00,14.944,15.05,14.935,15.05,47664,0
2017-06-05,16:00:00,14.954,15.014,14.896,14.896,37969,0
2017-06-05,17:00:00,14.905,14.954,14.896,14.915,41946,0
2017-06-05,18:00:00,14.915,14.92,14.878,14.878,82600,0
2017-06-05,19:00:00,14.878,14.915,14.86,14.869,62686,0
2017-06-05,20:00:00,14.869,14.886,14.85,14.85,82741,0
2017-06-05,21:00:00,14.86,14.899,14.859,14.891,56895,0
2017-06-05,22:00:00,14.886,14.905,14.86,14.905,109474,0
2017-06-06,16:00:00,14.886,14.935,14.85,14.93,23836,0
2017-06-06,17:00:00,14.925,14.925,14.869,14.875,36356,0
2017-06-06,18:00:00,14.869,14.869,14.83,14.84,51367,0
2017-06-06,19:00:00,14.84,14.845,14.81,14.82,84427,0
2017-06-06,20:00:00,14.828,14.86,14.82,14.82,106510,0
2017-06-06,21:00:00,14.82,14.878,14.82,14.83,36021,0
2017-06-06,22:00:00,14.84,14.869,14.82,14.86,54503,0
2017-06-07,16:00:00,14.878,14.896,14.875,14.896,9553,0
2017-06-07,17:00:00,14.896,14.905,14.884,14.905,10951,0
2017-06-07,18:00:00,14.896,14.905,14.878,14.892,22026,0
2017-06-07,19:00:00,14.888,14.896,14.869,14.878,13532,0
2017-06-07,20:00:00,14.878,14.886,14.869,14.886,5788,0
2017-06-07,21:00:00,14.886,14.905,14.878,14.878,20976,0
2017-06-07,22:00:00,14.886,14.905,14.865,14.878,18867,0
2017-06-08,16:00:00,14.878,14.905,14.86,14.886,21598,0
2017-06-08,17:00:00,14.896,14.896,14.86,14.877,20504,0
2017-06-08,18:00:00,14.875,14.886,14.86,14.878,18431,0
2017-06-08,19:00:00,14.86,14.896,14.86,14.886,13353,0
2017-06-08,20:00:00,14.886,14.896,14.878,14.878,10001,0
2017-06-08,21:00:00,14.886,14.896,14.869,14.878,4684,0
2017-06-08,22:00:00,14.878,14.886,14.86,14.86,24363,0
2017-06-09,16:00:00,14.869,14.892,14.86,14.878,20453,0
2017-06-09,17:00:00,14.878,14.878,14.84,14.866,11435,0
2017-06-09,18:00:00,14.878,14.886,14.85,14.85,15704,0
2017-06-09,19:00:00,14.864,14.869,14.84,14.869,11868,0
2017-06-09,20:00:00,14.869,14.878,14.85,14.869,13573,0
2017-06-09,21:00:00,14.869,14.878,14.82,14.83,13549,0
2017-06-09,22:00:00,14.83,14.886,14.83,14.878,30635,0
2017-06-12,16:00:00,14.869,14.869,14.84,14.84,12938,0
2017-06-12,17:00:00,14.85,14.878,14.84,14.869,12911,0
2017-06-12,18:00:00,14.86,14.86,14.85,14.86,8089,0
2017-06-12,19:00:00,14.86,14.878,14.86,14.861,20848,0
2017-06-12,20:00:00,14.86,14.869,14.86,14.86,14752,0
2017-06-12,21:00:00,14.865,14.869,14.85,14.85,6323,0
2017-06-12,22:00:00,14.855,14.883,14.85,14.869,16543,0
2017-06-13,16:00:00,14.886,14.915,14.84,14.878,14801,0
2017-06-13,17:00:00,14.86,14.896,14.86,14.869,8012,0
2017-06-13,18:00:00,14.886,14.886,14.84,14.85,26054,0
2017-06-13,19:00:00,14.84,14.86,14.84,14.85,13876,0
2017-06-13,20:00:00,14.84,14.869,14.84,14.85,8027,0
2017-06-13,21:00:00,14.85,14.9,14.85,14.873,19808,0
2017-06-13,22:00:00,14.876,14.896,14.85,14.896,16015,0
2017-06-14,16:00:00,14.918,14.928,14.895,14.918,18493,0
2017-06-14,17:00:00,14.908,14.908,14.879,14.888,16044,0
2017-06-14,18:00:00,14.888,14.898,14.87,14.885,15321,0
2017-06-14,19:00:00,14.883,14.888,14.862,14.871,13983,0
2017-06-14,20:00:00,14.876,14.898,14.871,14.871,14576,0
2017-06-14,21:00:00,14.888,14.888,14.871,14.871,16705,0
2017-06-14,22:00:00,14.871,14.908,14.852,14.908,31397,0
2017-06-15,16:00:00,14.88,14.898,14.852,14.863,20282,0
2017-06-15,17:00:00,14.866,14.866,14.833,14.842,12509,0
2017-06-15,18:00:00,14.842,14.842,14.802,14.815,31211,0
2017-06-15,19:00:00,14.812,14.832,14.812,14.812,31727,0
2017-06-15,20:00:00,14.832,14.871,14.824,14.871,24211,0
2017-06-15,21:00:00,14.871,14.871,14.852,14.871,17049,0
2017-06-15,22:00:00,14.871,14.888,14.822,14.888,40307,0
2017-06-16,16:00:00,14.888,14.888,14.874,14.88,5389,0
2017-06-16,17:00:00,14.88,14.88,14.862,14.862,4254,0
2017-06-16,18:00:00,14.852,14.908,14.852,14.888,18841,0
2017-06-16,19:00:00,14.88,14.898,14.88,14.888,18524,0
2017-06-16,20:00:00,14.888,14.888,14.842,14.852,5496,0
2017-06-16,21:00:00,14.852,14.871,14.822,14.852,22048,0
2017-06-16,22:00:00,14.852,14.871,14.852,14.862,12869,0
2017-06-19,16:00:00,14.871,14.898,14.852,14.888,31523,0
2017-06-19,17:00:00,14.888,14.891,14.862,14.88,20319,0
2017-06-19,18:00:00,14.88,14.888,14.862,14.876,8610,0
2017-06-19,19:00:00,14.871,14.888,14.862,14.873,13306,0
2017-06-19,20:00:00,14.888,14.888,14.862,14.88,16715,0
2017-06-19,21:00:00,14.871,14.88,14.852,14.852,21445,0
2017-06-19,22:00:00,14.852,14.88,14.842,14.852,25846,0
2017-06-20,16:00:00,14.852,14.862,14.842,14.862,15160,0
2017-06-20,17:00:00,14.842,14.862,14.812,14.842,31431,0
2017-06-20,18:00:00,14.852,14.871,14.842,14.862,18485,0
2017-06-20,19:00:00,14.866,14.866,14.852,14.862,5663,0
2017-06-20,20:00:00,14.862,14.88,14.862,14.874,9683,0
2017-06-20,21:00:00,14.876,14.88,14.852,14.852,19166,0
2017-06-20,22:00:00,14.862,14.888,14.842,14.888,23363,0
2017-06-21,16:00:00,14.888,14.888,14.861,14.88,15536,0
2017-06-21,17:00:00,14.864,14.88,14.859,14.876,3974,0
2017-06-21,18:00:00,14.871,14.876,14.852,14.871,12522,0
2017-06-21,19:00:00,14.856,14.88,14.842,14.842,9422,0
2017-06-21,20:00:00,14.837,14.852,14.723,14.723,56811,0
2017-06-21,21:00:00,14.723,14.763,14.715,14.753,37038,0
2017-06-21,22:00:00,14.753,14.802,14.743,14.782,69439,0
2017-06-22,16:00:00,14.802,14.822,14.773,14.782,20884,0
2017-06-22,17:00:00,14.792,14.842,14.773,14.792,17314,0
2017-06-22,18:00:00,14.795,14.802,14.753,14.753,27541,0
2017-06-22,19:00:00,14.752,14.773,14.752,14.773,16792,0
2017-06-22,20:00:00,14.772,14.773,14.753,14.773,11563,0
2017-06-22,21:00:00,14.769,14.773,14.628,14.703,225139,0
2017-06-22,22:00:00,14.706,14.715,14.667,14.715,56203,0
2017-06-23,16:00:00,14.715,14.733,14.715,14.719,23155,0
2017-06-23,17:00:00,14.715,14.743,14.714,14.743,44280,0
2017-06-23,18:00:00,14.733,14.743,14.715,14.741,28059,0
2017-06-23,19:00:00,14.743,14.753,14.715,14.74,39384,0
2017-06-23,20:00:00,14.733,14.753,14.723,14.743,8624,0
2017-06-23,21:00:00,14.743,14.753,14.733,14.743,8050,0
2017-06-23,22:00:00,14.743,14.763,14.733,14.763,19062,0
2017-06-26,16:00:00,14.782,14.782,14.764,14.764,26755,0
2017-06-26,17:00:00,14.763,14.782,14.755,14.755,20054,0
2017-06-26,18:00:00,14.753,14.755,14.723,14.747,59700,0
2017-06-26,19:00:00,14.752,14.753,14.743,14.748,5854,0
2017-06-26,20:00:00,14.753,14.763,14.743,14.763,28577,0
2017-06-26,21:00:00,14.753,14.763,14.743,14.753,8757,0
2017-06-26,22:00:00,14.75,14.753,14.715,14.743,20416,0
2017-06-27,16:00:00,14.733,14.743,14.715,14.739,14662,0
2017-06-27,17:00:00,14.733,14.733,14.715,14.733,34336,0
2017-06-27,18:00:00,14.728,14.733,14.715,14.733,23891,0
2017-06-27,19:00:00,14.725,14.726,14.687,14.697,58979,0
2017-06-27,20:00:00,14.697,14.706,14.687,14.687,10280,0
2017-06-27,21:00:00,14.687,14.705,14.677,14.701,32262,0
2017-06-27,22:00:00,14.705,14.706,14.687,14.687,23663,0
2017-06-28,16:00:00,14.718,14.743,14.706,14.723,5976,0
2017-06-28,17:00:00,14.725,14.753,14.706,14.753,15907,0
2017-06-28,18:00:00,14.743,14.773,14.743,14.763,38673,0
2017-06-28,19:00:00,14.764,14.773,14.753,14.773,3610,0
2017-06-28,20:00:00,14.755,14.782,14.743,14.772,22451,0
2017-06-28,21:00:00,14.756,14.773,14.733,14.743,6624,0
2017-06-28,22:00:00,14.743,14.743,14.715,14.723,15090,0
2017-06-29,16:00:00,14.753,14.753,14.706,14.708,11854,0
2017-06-29,17:00:00,14.715,14.733,14.713,14.733,9930,0
2017-06-29,18:00:00,14.715,14.733,14.697,14.697,36763,0
2017-06-29,19:00:00,14.715,14.715,14.667,14.687,17492,0
2017-06-29,20:00:00,14.687,14.687,14.657,14.677,14361,0
2017-06-29,21:00:00,14.667,14.687,14.667,14.677,10380,0
2017-06-29,22:00:00,14.687,14.687,14.647,14.677,43067,0
2017-06-30,16:00:00,14.697,14.753,14.697,14.697,19151,0
2017-06-30,17:00:00,14.71,14.721,14.697,14.715,9528,0
2017-06-30,18:00:00,14.718,14.723,14.706,14.711,14361,0
2017-06-30,19:00:00,14.723,14.773,14.706,14.773,10800,0
2017-06-30,20:00:00,14.773,14.773,14.763,14.763,6222,0
2017-06-30,21:00:00,14.773,14.773,14.753,14.768,19732,0
2017-06-30,22:00:00,14.768,14.822,14.763,14.822,59981,0
2017-07-03,16:00:00,14.832,14.845,14.782,14.845,33739,0
2017-07-03,17:00:00,14.839,14.871,14.832,14.862,21219,0
2017-07-03,18:00:00,14.857,14.88,14.852,14.879,22156,0
2017-07-03,19:00:00,14.871,14.898,14.862,14.88,40329,0
2017-07-05,16:00:00,14.862,14.871,14.822,14.842,6177,0
2017-07-05,17:00:00,14.822,14.832,14.8,14.827,10407,0
2017-07-05,18:00:00,14.823,14.837,14.802,14.837,10599,0
2017-07-05,19:00:00,14.832,14.842,14.812,14.812,6187,0
2017-07-05,20:00:00,14.822,14.842,14.812,14.827,4058,0
2017-07-05,21:00:00,14.822,14.842,14.822,14.824,9258,0
2017-07-05,22:00:00,14.832,14.842,14.822,14.822,44911,0
2017-07-06,16:00:00,14.792,14.792,14.753,14.753,25934,0
2017-07-06,17:00:00,14.763,14.763,14.733,14.743,17578,0
2017-07-06,18:00:00,14.743,14.792,14.741,14.787,9939,0
2017-07-06,19:00:00,14.789,14.792,14.754,14.758,18823,0
2017-07-06,20:00:00,14.758,14.758,14.733,14.748,19436,0
2017-07-06,21:00:00,14.743,14.743,14.733,14.743,9599,0
2017-07-06,22:00:00,14.738,14.773,14.723,14.723,18835,0
2017-07-07,16:00:00,14.723,14.753,14.723,14.733,15423,0
2017-07-07,17:00:00,14.74,14.753,14.715,14.733,22453,0
2017-07-07,18:00:00,14.723,14.773,14.715,14.773,13213,0
2017-07-07,19:00:00,14.777,14.782,14.764,14.782,20298,0
2017-07-07,20:00:00,14.773,14.792,14.773,14.792,15070,0
2017-07-07,21:00:00,14.773,14.782,14.768,14.77,14103,0
2017-07-07,22:00:00,14.763,14.773,14.753,14.753,16254,0
2017-07-10,16:00:00,14.753,14.781,14.753,14.781,2043,0
2017-07-10,17:00:00,14.771,14.782,14.743,14.753,18372,0
2017-07-10,18:00:00,14.773,14.782,14.753,14.763,8655,0
2017-07-10,19:00:00,14.769,14.769,14.753,14.753,3401,0
2017-07-10,20:00:00,14.758,14.763,14.753,14.757,4762,0
2017-07-10,21:00:00,14.753,14.782,14.743,14.773,32052,0
2017-07-10,22:00:00,14.773,14.782,14.764,14.776,23567,0
2017-07-11,16:00:00,14.782,14.799,14.773,14.791,10524,0
2017-07-11,17:00:00,14.773,14.792,14.763,14.792,15262,0
2017-07-11,18:00:00,14.792,14.832,14.787,14.812,53510,0
2017-07-11,19:00:00,14.812,14.812,14.792,14.802,6938,0
2017-07-11,20:00:00,14.812,14.812,14.795,14.812,11007,0
2017-07-11,21:00:00,14.812,14.832,14.802,14.822,20434,0
2017-07-11,22:00:00,14.812,14.832,14.802,14.802,14271,0
2017-07-12,16:00:00,14.832,14.871,14.832,14.862,21606,0
2017-07-12,17:00:00,14.852,14.88,14.852,14.852,7588,0
2017-07-12,18:00:00,14.848,14.871,14.848,14.871,16044,0
2017-07-12,19:00:00,14.871,14.871,14.852,14.862,14752,0
2017-07-12,20:00:00,14.865,14.871,14.842,14.862,22418,0
2017-07-12,21:00:00,14.862,14.862,14.842,14.862,16654,0
2017-07-12,22:00:00,14.852,14.871,14.852,14.862,24096,0
2017-07-13,16:00:00,14.842,14.857,14.842,14.857,12885,0
2017-07-13,17:00:00,14.862,14.862,14.842,14.852,10555,0
2017-07-13,18:00:00,14.852,14.862,14.812,14.842,28605,0
2017-07-13,19:00:00,14.842,14.852,14.822,14.852,23659,0
2017-07-13,20:00:00,14.852,14.852,14.842,14.847,6912,0
2017-07-13,21:00:00,14.843,14.858,14.832,14.849,23117,0
2017-07-13,22:00:00,14.842,14.852,14.842,14.842,15593,0
2017-07-14,16:00:00,14.832,14.862,14.822,14.822,23383,0
2017-07-14,17:00:00,14.822,14.852,14.812,14.832,18048,0
2017-07-14,18:00:00,14.842,14.871,14.822,14.842,16209,0
2017-07-14,19:00:00,14.852,14.88,14.836,14.88,10365,0
2017-07-14,20:00:00,14.876,14.88,14.871,14.88,16930,0
2017-07-14,21:00:00,14.88,14.889,14.871,14.889,12052,0
2017-07-14,22:00:00,14.884,14.889,14.862,14.871,28752,0
2017-07-17,16:00:00,14.871,14.889,14.862,14.862,17154,0
2017-07-17,17:00:00,14.862,14.88,14.859,14.871,16983,0
2017-07-17,18:00:00,14.871,14.871,14.847,14.852,12956,0
2017-07-17,19:00:00,14.847,14.862,14.822,14.862,24464,0
2017-07-17,20:00:00,14.862,14.862,14.852,14.862,15742,0
2017-07-17,21:00:00,14.857,14.862,14.842,14.852,21331,0
2017-07-17,22:00:00,14.852,14.871,14.832,14.832,79094,0
2017-07-18,16:00:00,14.842,14.868,14.842,14.862,18826,0
2017-07-18,17:00:00,14.862,14.939,14.845,14.899,59818,0
2017-07-18,18:00:00,14.899,14.899,14.889,14.892,10952,0
2017-07-18,19:00:00,14.899,14.909,14.894,14.894,10886,0
2017-07-18,20:00:00,14.909,14.929,14.889,14.924,39978,0
2017-07-18,21:00:00,14.922,14.948,14.909,14.948,51553,0
2017-07-18,22:00:00,14.948,14.958,14.929,14.929,25749,0
2017-07-19,16:00:00,14.948,14.961,14.939,14.939,10632,0
2017-07-19,17:00:00,14.956,14.958,14.929,14.958,24987,0
2017-07-19,18:00:00,14.953,14.978,14.953,14.968,16897,0
2017-07-19,19:00:00,14.978,14.978,14.968,14.973,5347,0
2017-07-19,20:00:00,14.975,14.981,14.968,14.978,16389,0
2017-07-19,21:00:00,14.983,15.008,14.973,14.973,43943,0
2017-07-19,22:00:00,14.968,14.988,14.929,14.948,27426,0
2017-07-20,16:00:00,14.968,14.988,14.968,14.968,3093,0
2017-07-20,17:00:00,14.968,14.988,14.909,14.919,18569,0
2017-07-20,18:00:00,14.919,14.958,14.919,14.924,24159,0
2017-07-20,19:00:00,14.924,14.948,14.909,14.93,51248,0
2017-07-20,20:00:00,14.929,14.948,14.909,14.909,7921,0
2017-07-20,21:00:00,14.909,14.919,14.899,14.899,14537,0
2017-07-20,22:00:00,14.899,14.919,14.889,14.919,20334,0
2017-07-21,16:00:00,14.899,14.919,14.89,14.919,5842,0
2017-07-21,17:00:00,14.905,14.948,14.905,14.939,45962,0
2017-07-21,18:00:00,14.941,14.948,14.939,14.948,8086,0
2017-07-21,19:00:00,14.948,14.948,14.909,14.914,34312,0
2017-07-21,20:00:00,14.916,14.919,14.909,14.911,10741,0
2017-07-21,21:00:00,14.909,14.927,14.909,14.919,8321,0
2017-07-21,22:00:00,14.919,14.929,14.909,14.929,13158,0
2017-07-24,16:00:00,14.939,14.939,14.93,14.93,3769,0
2017-07-24,17:00:00,14.929,14.939,14.929,14.939,5519,0
2017-07-24,18:00:00,14.929,14.958,14.899,14.914,22542,0
2017-07-24,19:00:00,14.914,14.914,14.889,14.909,17295,0
2017-07-24,20:00:00,14.899,14.909,14.862,14.884,39168,0
2017-07-24,21:00:00,14.88,14.889,14.871,14.871,22263,0
2017-07-24,22:00:00,14.887,14.899,14.871,14.889,33502,0
2017-07-25,16:00:00,14.919,14.968,14.909,14.968,26878,0
2017-07-25,17:00:00,14.968,14.998,14.943,14.988,67494,0
2017-07-25,18:00:00,14.969,14.998,14.958,14.958,79849,0
2017-07-25,19:00:00,14.958,14.968,14.948,14.958,6947,0
2017-07-25,20:00:00,14.959,14.962,14.939,14.945,35078,0
2017-07-25,21:00:00,14.945,14.958,14.935,14.948,15541,0
2017-07-25,22:00:00,14.948,14.978,14.929,14.958,17116,0
2017-07-26,16:00:00,14.988,14.998,14.968,14.998,19844,0
2017-07-26,17:00:00,14.998,15.018,14.98,14.998,16954,0
2017-07-26,18:00:00,15.003,15.018,14.998,15.018,15108,0
2017-07-26,19:00:00,15.018,15.018,15.008,15.018,15641,0
2017-07-26,20:00:00,15.013,15.018,15.006,15.018,24965,0
2017-07-26,21:00:00,15.013,15.018,14.988,14.993,38951,0
2017-07-26,22:00:00,14.998,15.018,14.988,15.008,40573,0
2017-07-27,16:00:00,14.988,15.018,14.988,15.008,3161,0
2017-07-27,17:00:00,14.989,15.002,14.948,14.967,33117,0
2017-07-27,18:00:00,14.981,14.981,14.929,14.929,17524,0
2017-07-27,19:00:00,14.928,14.955,14.919,14.934,30240,0
2017-07-27,20:00:00,14.947,14.948,14.919,14.933,20618,0
2017-07-27,21:00:00,14.927,14.939,14.919,14.919,11566,0
2017-07-27,22:00:00,14.919,14.948,14.909,14.929,22590,0
2017-07-28,16:00:00,14.899,14.929,14.899,14.919,22309,0
2017-07-28,17:00:00,14.919,14.929,14.899,14.909,12860,0
2017-07-28,18:00:00,14.909,14.92,14.899,14.919,25871,0
2017-07-28,19:00:00,14.922,14.939,14.919,14.938,10320,0
2017-07-28,20:00:00,14.933,14.948,14.909,14.919,12205,0
2017-07-28,21:00:00,14.929,14.939,14.919,14.939,7542,0
2017-07-28,22:00:00,14.919,14.958,14.899,14.948,31283,0
2017-07-31,16:00:00,14.948,14.96,14.929,14.948,18702,0
2017-07-31,17:00:00,14.948,14.971,14.939,14.968,39252,0
2017-07-31,18:00:00,14.958,14.968,14.948,14.958,11882,0
2017-07-31,19:00:00,14.958,14.967,14.954,14.958,9592,0
2017-07-31,20:00:00,14.967,14.968,14.954,14.967,11101,0
2017-07-31,21:00:00,14.967,14.98,14.956,14.962,8280,0
2017-07-31,22:00:00,14.959,14.998,14.958,14.978,32930,0
2017-08-01,16:00:00,14.998,15.018,14.983,14.988,21761,0
2017-08-01,17:00:00,14.984,14.988,14.973,14.978,20127,0
2017-08-01,18:00:00,14.987,14.988,14.958,14.958,3461,0
2017-08-01,19:00:00,14.958,14.998,14.948,14.988,21745,0
2017-08-01,20:00:00,14.995,14.995,14.978,14.978,17903,0
2017-08-01,21:00:00,14.987,14.988,14.978,14.978,10555,0
2017-08-01,22:00:00,14.978,14.988,14.978,14.988,13709,0
2017-08-02,16:00:00,14.998,14.998,14.978,14.983,18882,0
2017-08-02,17:00:00,14.988,14.988,14.948,14.948,14617,0
2017-08-02,18:00:00,14.948,14.948,14.919,14.939,26790,0
2017-08-02,19:00:00,14.939,14.968,14.919,14.943,33190,0
2017-08-02,20:00:00,14.948,14.948,14.939,14.948,8053,0
2017-08-02,21:00:00,14.939,14.988,14.932,14.982,52902,0
2017-08-02,22:00:00,14.983,14.998,14.978,14.988,33159,0
2017-08-03,16:00:00,14.978,14.988,14.958,14.968,10027,0
2017-08-03,17:00:00,14.973,14.998,14.968,14.993,26537,0
2017-08-03,18:00:00,14.993,14.998,14.978,14.978,16053,0
2017-08-03,19:00:00,14.978,14.983,14.968,14.968,4942,0
2017-08-03,20:00:00,14.973,15.007,14.968,14.993,13981,0
2017-08-03,21:00:00,14.997,14.998,14.968,14.968,9437,0
2017-08-03,22:00:00,14.978,14.998,14.958,14.998,14513,0
2017-08-04,16:00:00,15.018,15.018,14.958,14.998,2667,0
2017-08-04,17:00:00,14.988,14.988,14.958,14.983,11778,0
2017-08-04,18:00:00,14.988,14.993,14.978,14.988,22535,0
2017-08-04,19:00:00,14.988,14.988,14.978,14.978,3728,0
2017-08-04,20:00:00,14.987,14.988,14.978,14.988,12730,0
2017-08-04,21:00:00,14.983,14.998,14.983,14.993,14194,0
2017-08-04,22:00:00,14.998,15.008,14.988,15.008,24140,0
2017-08-07,16:00:00,14.998,15.008,14.973,14.987,8205,0
2017-08-07,17:00:00,14.988,14.997,14.968,14.968,4559,0
2017-08-07,18:00:00,14.974,14.978,14.968,14.968,7083,0
2017-08-07,19:00:00,14.973,14.988,14.973,14.978,5241,0
2017-08-07,20:00:00,14.968,14.978,14.948,14.968,5766,0
2017-08-07,21:00:00,14.958,14.965,14.948,14.958,18667,0
2017-08-07,22:00:00,14.952,14.968,14.939,14.968,23532,0
2017-08-08,16:00:00,14.939,14.959,14.939,14.958,8340,0
2017-08-08,17:00:00,14.939,14.978,14.939,14.963,17426,0
2017-08-08,18:00:00,14.959,14.968,14.948,14.963,11129,0
2017-08-08,19:00:00,14.968,14.968,14.939,14.939,14924,0
2017-08-08,20:00:00,14.943,14.958,14.939,14.948,7185,0
2017-08-08,21:00:00,14.948,14.958,14.929,14.929,23682,0
2017-08-08,22:00:00,14.929,14.929,14.88,14.909,52858,0
2017-08-09,16:00:00,14.862,14.909,14.862,14.889,14004,0
2017-08-09,17:00:00,14.889,14.899,14.871,14.885,32258,0
2017-08-09,18:00:00,14.88,14.889,14.852,14.852,27962,0
2017-08-09,19:00:00,14.871,14.871,14.852,14.862,8369,0
2017-08-09,20:00:00,14.842,14.871,14.842,14.862,10370,0
2017-08-09,21:00:00,14.86,14.862,14.832,14.848,40979,0
2017-08-09,22:00:00,14.842,14.847,14.802,14.812,87090,0
2017-08-10,16:00:00,14.812,14.817,14.778,14.782,23662,0
2017-08-10,17:00:00,14.782,14.786,14.696,14.723,97884,0
2017-08-10,18:00:00,14.7,14.723,14.7,14.721,49665,0
2017-08-10,19:00:00,14.719,14.719,14.676,14.714,35849,0
2017-08-10,20:00:00,14.705,14.733,14.698,14.733,6698,0
2017-08-10,21:00:00,14.719,14.743,14.712,14.723,13466,0
2017-08-10,22:00:00,14.723,14.723,14.686,14.723,23215,0
2017-08-11,16:00:00,14.567,14.676,14.558,14.646,87605,0
2017-08-11,17:00:00,14.646,14.773,14.626,14.753,25178,0
2017-08-11,18:00:00,14.743,14.768,14.714,14.763,57672,0
2017-08-11,19:00:00,14.763,14.812,14.746,14.763,31554,0
2017-08-11,20:00:00,14.782,14.812,14.779,14.782,12097,0
2017-08-11,21:00:00,14.802,14.812,14.792,14.812,6069,0
2017-08-11,22:00:00,14.812,14.832,14.793,14.802,14708,0
2017-08-14,16:00:00,14.812,14.897,14.812,14.876,17208,0
2017-08-14,17:00:00,14.88,14.919,14.862,14.919,24397,0
2017-08-14,18:00:00,14.914,14.919,14.899,14.904,18935,0
2017-08-14,19:00:00,14.904,14.909,14.88,14.899,15266,0
2017-08-14,20:00:00,14.899,14.909,14.862,14.88,22796,0
2017-08-14,21:00:00,14.884,14.889,14.871,14.871,13375,0
2017-08-14,22:00:00,14.871,14.889,14.832,14.889,18732,0
2017-08-15,16:00:00,14.88,14.884,14.842,14.866,18105,0
2017-08-15,17:00:00,14.876,14.88,14.846,14.846,19737,0
2017-08-15,18:00:00,14.847,14.871,14.842,14.871,15522,0
2017-08-15,19:00:00,14.852,14.868,14.852,14.862,3138,0
2017-08-15,20:00:00,14.871,14.871,14.852,14.852,22195,0
2017-08-15,21:00:00,14.857,14.88,14.852,14.852,30204,0
2017-08-15,22:00:00,14.857,14.862,14.832,14.862,39529,0
2017-08-16,16:00:00,14.889,14.899,14.847,14.854,7458,0
2017-08-16,17:00:00,14.869,14.871,14.832,14.862,35417,0
2017-08-16,18:00:00,14.855,14.862,14.832,14.837,26445,0
2017-08-16,19:00:00,14.837,14.842,14.832,14.834,7607,0
2017-08-16,20:00:00,14.832,14.841,14.822,14.822,10140,0
2017-08-16,21:00:00,14.827,14.83,14.802,14.802,15235,0
2017-08-16,22:00:00,14.802,14.822,14.792,14.822,10917,0
2017-08-17,16:00:00,14.792,14.846,14.792,14.802,15660,0
2017-08-17,17:00:00,14.792,14.821,14.772,14.782,53787,0
2017-08-17,18:00:00,14.792,14.802,14.782,14.782,6975,0
2017-08-17,19:00:00,14.792,14.792,14.772,14.782,10093,0
2017-08-17,20:00:00,14.782,14.802,14.762,14.788,19910,0
2017-08-17,21:00:00,14.789,14.802,14.782,14.792,17102,0
2017-08-17,22:00:00,14.782,14.802,14.752,14.802,38269,0
2017-08-18,16:00:00,14.762,14.788,14.755,14.762,24005,0
2017-08-18,17:00:00,14.772,14.822,14.772,14.805,22077,0
2017-08-18,18:00:00,14.802,14.832,14.802,14.826,13697,0
2017-08-18,19:00:00,14.827,14.852,14.812,14.851,12646,0
2017-08-18,20:00:00,14.829,14.836,14.802,14.802,12555,0
2017-08-18,21:00:00,14.802,14.817,14.802,14.817,18281,0
2017-08-18,22:00:00,14.817,14.822,14.802,14.822,15800,0
2017-08-21,16:00:00,14.782,14.828,14.782,14.802,9537,0
2017-08-21,17:00:00,14.792,14.811,14.782,14.792,9136,0
2017-08-21,18:00:00,14.811,14.812,14.792,14.792,13612,0
2017-08-21,19:00:00,14.792,14.817,14.792,14.812,5335,0
2017-08-21,20:00:00,14.812,14.822,14.812,14.812,11098,0
2017-08-21,21:00:00,14.812,14.812,14.782,14.792,5676,0
2017-08-21,22:00:00,14.792,14.822,14.782,14.822,7845,0
2017-08-22,16:00:00,14.812,14.871,14.812,14.87,21900,0
2017-08-22,17:00:00,14.87,14.874,14.842,14.862,16969,0
2017-08-22,18:00:00,14.871,14.899,14.866,14.899,25238,0
2017-08-22,19:00:00,14.889,14.899,14.88,14.88,4593,0
2017-08-22,20:00:00,14.876,14.88,14.871,14.876,7347,0
2017-08-22,21:00:00,14.874,14.889,14.862,14.884,19194,0
2017-08-22,22:00:00,14.871,14.88,14.862,14.88,12474,0
2017-08-23,16:00:00,14.852,14.88,14.852,14.871,11639,0
2017-08-23,17:00:00,14.859,14.889,14.832,14.889,54166,0
2017-08-23,18:00:00,14.88,14.899,14.862,14.889,28109,0
2017-08-23,19:00:00,14.894,14.909,14.871,14.871,6247,0
2017-08-23,20:00:00,14.885,14.919,14.852,14.886,15867,0
2017-08-23,21:00:00,14.88,14.893,14.852,14.862,23815,0
2017-08-23,22:00:00,14.867,14.899,14.862,14.88,27346,0
2017-08-24,16:00:00,14.871,14.899,14.871,14.889,22105,0
2017-08-24,17:00:00,14.889,14.909,14.884,14.909,13092,0
2017-08-24,18:00:00,14.919,14.919,14.901,14.901,7020,0
2017-08-24,19:00:00,14.899,14.917,14.899,14.899,1460,0
2017-08-24,20:00:00,14.899,14.909,14.88,14.88,17072,0
2017-08-24,21:00:00,14.896,14.899,14.88,14.889,3371,0
2017-08-24,22:00:00,14.889,14.926,14.871,14.899,20852,0
2017-08-25,16:00:00,14.889,14.919,14.871,14.919,15445,0
2017-08-25,17:00:00,14.912,14.936,14.904,14.919,7876,0
2017-08-25,18:00:00,14.901,14.929,14.899,14.916,12176,0
2017-08-25,19:00:00,14.916,14.929,14.909,14.909,10661,0
2017-08-25,20:00:00,14.928,14.934,14.911,14.932,7484,0
2017-08-25,21:00:00,14.934,14.939,14.929,14.934,2977,0
2017-08-25,22:00:00,14.932,14.939,14.909,14.939,10056,0
2017-08-28,16:00:00,14.929,14.929,14.88,14.889,10548,0
2017-08-28,17:00:00,14.894,14.919,14.871,14.899,12385,0
2017-08-28,18:00:00,14.918,14.918,14.871,14.899,15832,0
2017-08-28,19:00:00,14.889,14.892,14.871,14.871,17001,0
2017-08-28,20:00:00,14.88,14.889,14.871,14.889,3308,0
2017-08-28,21:00:00,14.899,14.899,14.871,14.899,8309,0
2017-08-28,22:00:00,14.899,14.899,14.862,14.889,21450,0
2017-08-29,16:00:00,14.852,14.874,14.842,14.842,12910,0
2017-08-29,17:00:00,14.847,14.871,14.842,14.852,13558,0
2017-08-29,18:00:00,14.862,14.899,14.854,14.899,14761,0
2017-08-29,19:00:00,14.899,14.919,14.889,14.919,13128,0
2017-08-29,20:00:00,14.904,14.919,14.88,14.88,17173,0
2017-08-29,21:00:00,14.895,14.899,14.88,14.88,7005,0
2017-08-29,22:00:00,14.88,14.912,14.88,14.909,31394,0
2017-08-30,16:00:00,14.899,14.919,14.891,14.898,7095,0
2017-08-30,17:00:00,14.889,14.929,14.889,14.929,8128,0
2017-08-30,18:00:00,14.929,14.939,14.919,14.939,4516,0
2017-08-30,19:00:00,14.939,14.949,14.929,14.929,12661,0
2017-08-30,20:00:00,14.929,14.929,14.899,14.899,9005,0
2017-08-30,21:00:00,14.899,14.939,14.899,14.929,2087,0
2017-08-30,22:00:00,14.93,14.949,14.909,14.949,21439,0
2017-08-31,16:00:00,14.949,14.956,14.929,14.929,14358,0
2017-08-31,17:00:00,14.929,14.955,14.929,14.955,19493,0
2017-08-31,18:00:00,14.959,14.962,14.945,14.962,14916,0
2017-08-31,19:00:00,14.964,14.968,14.951,14.959,5334,0
2017-08-31,20:00:00,14.955,14.969,14.955,14.959,3976,0
2017-08-31,21:00:00,14.959,14.966,14.949,14.959,9856,0
2017-08-31,22:00:00,14.949,14.959,14.899,14.899,28625,0
2017-09-01,16:00:00,14.979,14.979,14.954,14.959,10361,0
2017-09-01,17:00:00,14.949,14.969,14.934,14.949,11042,0
2017-09-01,18:00:00,14.959,14.969,14.949,14.969,28788,0
2017-09-01,19:00:00,14.96,14.969,14.949,14.964,10288,0
2017-09-01,20:00:00,14.959,14.979,14.959,14.969,14770,0
2017-09-01,21:00:00,14.974,14.979,14.959,14.969,24796,0
2017-09-01,22:00:00,14.964,14.964,14.949,14.959,10087,0
2017-09-05,16:00:00,14.929,14.945,14.919,14.929,15407,0
2017-09-05,17:00:00,14.934,14.938,14.889,14.896,21884,0
2017-09-05,18:00:00,14.899,14.909,14.889,14.899,9756,0
2017-09-05,19:00:00,14.909,14.929,14.88,14.889,18365,0
2017-09-05,20:00:00,14.898,14.899,14.88,14.894,9759,0
2017-09-05,21:00:00,14.892,14.929,14.889,14.915,16056,0
2017-09-05,22:00:00,14.909,14.929,14.899,14.909,45667,0
2017-09-06,16:00:00,14.909,14.929,14.88,14.929,16805,0
2017-09-06,17:00:00,14.939,14.949,14.884,14.929,40358,0
2017-09-06,18:00:00,14.909,14.924,14.871,14.891,41585,0
2017-09-06,19:00:00,14.909,14.919,14.889,14.919,8109,0
2017-09-06,20:00:00,14.929,14.939,14.909,14.919,27495,0
2017-09-06,21:00:00,14.919,14.939,14.909,14.909,19469,0
2017-09-06,22:00:00,14.909,14.929,14.909,14.929,4799,0
2017-09-07,16:00:00,14.909,14.939,14.909,14.919,17753,0
2017-09-07,17:00:00,14.919,14.949,14.919,14.949,10041,0
2017-09-07,18:00:00,14.929,14.949,14.929,14.944,4984,0
2017-09-07,19:00:00,14.939,14.959,14.939,14.949,6071,0
2017-09-07,20:00:00,14.944,14.959,14.929,14.949,38106,0
2017-09-07,21:00:00,14.959,14.979,14.951,14.959,17234,0
2017-09-07,22:00:00,14.949,14.979,14.939,14.979,6018,0
2017-09-08,16:00:00,14.969,14.969,14.939,14.949,18110,0
2017-09-08,17:00:00,14.959,14.969,14.949,14.959,13685,0
2017-09-08,18:00:00,14.969,14.969,14.949,14.949,8959,0
2017-09-08,19:00:00,14.949,14.959,14.939,14.953,13729,0
2017-09-08,20:00:00,14.949,14.969,14.939,14.939,9682,0
2017-09-08,21:00:00,14.957,14.959,14.929,14.929,21638,0
2017-09-08,22:00:00,14.929,14.929,14.871,14.909,20552,0
2017-09-11,16:00:00,14.929,14.949,14.929,14.946,1898,0
2017-09-11,17:00:00,14.959,14.979,14.949,14.969,5391,0
2017-09-11,18:00:00,14.959,14.988,14.959,14.97,17181,0
2017-09-11,19:00:00,14.979,14.979,14.969,14.969,4001,0
2017-09-11,20:00:00,14.969,14.972,14.969,14.969,2393,0
2017-09-11,21:00:00,14.972,14.979,14.969,14.969,7789,0
2017-09-11,22:00:00,14.969,14.989,14.969,14.989,14969,0
2017-09-12,16:00:00,14.999,14.999,14.965,14.969,4330,0
2017-09-12,17:00:00,14.969,14.989,14.969,14.984,10060,0
2017-09-12,18:00:00,14.984,14.989,14.979,14.984,3692,0
2017-09-12,19:00:00,14.979,14.994,14.979,14.989,9625,0
2017-09-12,20:00:00,14.989,14.994,14.989,14.989,2176,0
2017-09-12,21:00:00,14.994,14.999,14.979,14.999,7183,0
2017-09-12,22:00:00,14.994,15.009,14.979,15.009,8703,0
2017-09-13,16:00:00,14.989,15.009,14.979,14.999,4967,0
2017-09-13,17:00:00,14.979,14.997,14.979,14.995,6413,0
2017-09-13,18:00:00,14.979,14.979,14.959,14.959,11450,0
2017-09-13,19:00:00,14.959,14.979,14.939,14.949,20377,0
2017-09-13,20:00:00,14.939,14.959,14.939,14.939,4407,0
2017-09-13,21:00:00,14.939,14.949,14.929,14.949,7054,0
2017-09-13,22:00:00,14.949,14.959,14.949,14.959,22103,0
2017-09-14,16:00:00,14.929,14.959,14.929,14.959,9386,0
2017-09-14,17:00:00,14.939,14.989,14.939,14.982,11004,0
2017-09-14,18:00:00,14.986,14.999,14.979,14.979,14669,0
2017-09-14,19:00:00,14.989,14.989,14.979,14.989,4603,0
2017-09-14,20:00:00,14.969,15.019,14.969,15.004,7855,0
2017-09-14,21:00:00,15.004,15.014,14.989,14.999,3738,0
2017-09-14,22:00:00,14.989,14.999,14.969,14.999,14723,0
2017-09-15,16:00:00,15.009,15.009,14.988,14.989,3608,0
2017-09-15,17:00:00,14.992,14.994,14.979,14.979,5481,0
2017-09-15,18:00:00,14.979,14.982,14.969,14.969,3916,0
2017-09-15,19:00:00,14.969,14.989,14.969,14.989,3583,0
2017-09-15,20:00:00,14.989,14.989,14.969,14.984,4960,0
2017-09-15,21:00:00,14.989,15.009,14.979,14.989,4025,0
2017-09-15,22:00:00,14.979,15.019,14.969,15.019,20739,0
2017-09-18,16:00:00,15.029,15.029,14.979,15.009,17994,0
2017-09-18,17:00:00,14.989,15.009,14.989,15.004,16034,0
2017-09-18,18:00:00,15.009,15.019,14.989,14.999,6740,0
2017-09-18,19:00:00,15,15.009,14.979,14.979,18810,0
2017-09-18,20:00:00,14.989,15.009,14.979,15.009,12988,0
2017-09-18,21:00:00,15.018,15.019,14.989,14.989,18975,0
2017-09-18,22:00:00,14.989,15.019,14.979,15.009,17261,0
2017-09-19,16:00:00,15.019,15.019,14.979,14.989,2031,0
2017-09-19,17:00:00,14.994,15.014,14.989,14.999,8294,0
2017-09-19,18:00:00,14.999,15.019,14.999,15.019,5550,0
2017-09-19,19:00:00,15.014,15.028,15.009,15.009,7149,0
2017-09-19,20:00:00,15.009,15.019,15.009,15.009,5208,0
2017-09-19,21:00:00,15.009,15.039,15.009,15.038,11449,0
2017-09-19,22:00:00,15.038,15.077,15.038,15.067,20795,0
2017-09-20,16:00:00,15.067,15.067,15.038,15.038,2151,0
2017-09-20,17:00:00,15.029,15.046,15.029,15.038,7066,0
2017-09-20,18:00:00,15.038,15.067,15.029,15.057,42772,0
2017-09-20,19:00:00,15.057,15.076,15.048,15.067,5759,0
2017-09-20,20:00:00,15.067,15.074,15.029,15.072,20025,0
2017-09-20,21:00:00,15.067,15.077,15.019,15.038,22024,0
2017-09-20,22:00:00,15.057,15.077,15.047,15.077,10564,0
2017-09-21,16:00:00,15.047,15.071,15.047,15.047,1198,0
2017-09-21,17:00:00,15.047,15.097,15.029,15.067,11852,0
2017-09-21,18:00:00,15.082,15.097,15.048,15.048,19835,0
2017-09-21,19:00:00,15.047,15.057,15.038,15.057,6294,0
2017-09-21,20:00:00,15.038,15.057,15.029,15.048,8325,0
2017-09-21,21:00:00,15.047,15.057,15.029,15.029,8545,0
2017-09-21,22:00:00,15.029,15.029,14.969,14.979,40737,0
2017-09-22,16:00:00,14.949,15.038,14.949,15.038,4785,0
2017-09-22,17:00:00,15.047,15.047,15.014,15.014,23034,0
2017-09-22,18:00:00,15.012,15.019,15.009,15.019,5218,0
2017-09-22,19:00:00,15.009,15.019,15.009,15.019,1848,0
2017-09-22,20:00:00,15.009,15.029,15.009,15.019,29530,0
2017-09-22,21:00:00,15.024,15.047,15.009,15.009,25670,0
2017-09-22,22:00:00,15.009,15.038,15.009,15.038,7793,0
2017-09-25,16:00:00,15.038,15.047,15.019,15.029,1713,0
2017-09-25,17:00:00,15.033,15.038,15.019,15.019,16972,0
2017-09-25,18:00:00,15.019,15.038,15.019,15.034,1893,0
2017-09-25,19:00:00,15.029,15.057,15.029,15.052,6832,0
2017-09-25,20:00:00,15.057,15.057,15.019,15.029,23950,0
2017-09-25,21:00:00,15.029,15.047,15.029,15.029,8078,0
2017-09-25,22:00:00,15.029,15.038,15.019,15.038,22799,0
2017-09-26,16:00:00,15.038,15.074,15.038,15.062,11733,0
2017-09-26,17:00:00,15.057,15.077,15.047,15.057,48096,0
2017-09-26,18:00:00,15.052,15.071,15.047,15.057,61040,0
2017-09-26,19:00:00,15.057,15.066,15.047,15.066,8649,0
2017-09-26,20:00:00,15.066,15.067,15.047,15.047,9129,0
2017-09-26,21:00:00,15.067,15.067,15.047,15.067,11770,0
2017-09-26,22:00:00,15.057,15.067,15.047,15.067,28205,0
2017-09-27,16:00:00,15.019,15.047,15.019,15.029,6227,0
2017-09-27,17:00:00,15.047,15.047,15.019,15.038,25698,0
2017-09-27,18:00:00,15.029,15.067,15.019,15.033,24056,0
2017-09-27,19:00:00,15.038,15.057,15.033,15.057,6989,0
2017-09-27,20:00:00,15.038,15.067,15.038,15.046,7082,0
2017-09-27,21:00:00,15.047,15.057,15.029,15.029,14352,0
2017-09-27,22:00:00,15.038,15.047,15.029,15.047,19556,0
2017-09-28,16:00:00,15.019,15.057,15.019,15.047,22228,0
2017-09-28,17:00:00,15.038,15.043,15.019,15.019,23525,0
2017-09-28,18:00:00,15.022,15.047,15.019,15.043,8952,0
2017-09-28,19:00:00,15.047,15.047,15.019,15.028,24623,0
2017-09-28,20:00:00,15.029,15.047,15.024,15.042,22164,0
2017-09-28,21:00:00,15.047,15.057,15.038,15.047,8260,0
2017-09-28,22:00:00,15.052,15.067,15.038,15.047,39962,0
2017-09-29,16:00:00,15.047,15.092,15.038,15.067,24445,0
2017-09-29,17:00:00,15.057,15.069,15.038,15.047,30823,0
2017-09-29,18:00:00,15.057,15.077,15.047,15.057,10121,0
2017-09-29,19:00:00,15.063,15.087,15.057,15.068,6158,0
2017-09-29,20:00:00,15.067,15.077,15.057,15.074,58626,0
2017-09-29,21:00:00,15.057,15.075,15.057,15.067,7481,0
2017-09-29,22:00:00,15.057,15.077,15.047,15.077,35662,0
2017-10-02,16:00:00,15.077,15.077,15.057,15.06,7311,0
2017-10-02,17:00:00,15.062,15.062,15.043,15.047,15171,0
2017-10-02,18:00:00,15.047,15.057,15.047,15.047,5261,0
2017-10-02,19:00:00,15.057,15.067,15.052,15.067,17165,0
2017-10-02,20:00:00,15.062,15.067,15.057,15.062,30004,0
2017-10-02,21:00:00,15.061,15.067,15.057,15.062,12070,0
2017-10-02,22:00:00,15.062,15.067,15.057,15.067,14790,0
2017-10-03,16:00:00,15.047,15.062,15.047,15.062,4432,0
2017-10-03,17:00:00,15.067,15.071,15.047,15.047,11969,0
2017-10-03,18:00:00,15.047,15.057,15.047,15.047,8432,0
2017-10-03,19:00:00,15.057,15.067,15.047,15.062,6293,0
2017-10-03,20:00:00,15.061,15.077,15.057,15.077,9692,0
2017-10-03,21:00:00,15.067,15.077,15.029,15.047,28686,0
2017-10-03,22:00:00,15.029,15.047,15.019,15.047,39829,0
2017-10-04,16:00:00,15.077,15.077,15.019,15.019,21564,0
2017-10-04,17:00:00,15.029,15.029,15.009,15.029,12353,0
2017-10-04,18:00:00,15.024,15.029,15.019,15.019,12564,0
2017-10-04,19:00:00,15.024,15.029,15.019,15.028,10934,0
2017-10-04,20:00:00,15.028,15.029,15.009,15.009,8035,0
2017-10-04,21:00:00,15.029,15.029,15.009,15.029,6510,0
2017-10-04,22:00:00,15.024,15.024,14.99,15.019,23596,0
2017-10-05,16:00:00,14.989,15.029,14.989,15.029,28591,0
2017-10-05,17:00:00,15.009,15.029,14.999,14.999,12124,0
2017-10-05,18:00:00,15.002,15.009,14.999,14.999,9615,0
2017-10-05,19:00:00,15.009,15.009,14.999,15.005,24123,0
2017-10-05,20:00:00,15.004,15.018,14.999,15.014,8817,0
2017-10-05,21:00:00,15.016,15.019,15.01,15.01,2600,0
2017-10-05,22:00:00,15.009,15.029,15.009,15.019,43972,0
2017-10-06,16:00:00,15.029,15.029,15.009,15.009,8155,0
2017-10-06,17:00:00,15.009,15.019,15.009,15.019,9422,0
2017-10-06,18:00:00,15.019,15.019,15.009,15.009,9874,0
2017-10-06,19:00:00,15.009,15.047,15.009,15.028,9490,0
2017-10-06,20:00:00,15.023,15.023,14.994,14.998,6840,0
2017-10-06,21:00:00,14.996,15.014,14.994,14.999,15360,0
2017-10-06,22:00:00,14.999,15.009,14.989,15.009,24320,0
2017-10-09,17:00:00,15.009,15.014,14.999,15.009,11980,0
2017-10-09,18:00:00,15.019,15.032,15.009,15.032,9032,0
2017-10-09,19:00:00,15.038,15.047,15.019,15.038,7023,0
2017-10-09,20:00:00,15.038,15.038,15.019,15.024,18403,0
2017-10-09,21:00:00,15.019,15.038,15.019,15.029,1225,0
2017-10-09,22:00:00,15.038,15.067,15.029,15.038,6651,0
2017-10-10,16:00:00,15.047,15.087,15.038,15.077,16372,0
2017-10-10,17:00:00,15.077,15.107,15.054,15.102,25582,0
2017-10-10,18:00:00,15.102,15.117,15.087,15.107,54426,0
2017-10-10,19:00:00,15.117,15.117,15.091,15.105,7248,0
2017-10-10,20:00:00,15.117,15.117,15.1,15.115,22014,0
2017-10-10,21:00:00,15.117,15.117,15.097,15.097,7421,0
2017-10-10,22:00:00,15.097,15.107,15.049,15.077,35924,0
2017-10-11,16:00:00,15.087,15.097,15.047,15.087,5456,0
2017-10-11,17:00:00,15.076,15.097,15.076,15.096,16183,0
2017-10-11,18:00:00,15.087,15.107,15.077,15.101,10252,0
2017-10-11,19:00:00,15.097,15.117,15.097,15.117,16325,0
2017-10-11,20:00:00,15.097,15.117,15.097,15.117,8688,0
2017-10-11,21:00:00,15.107,15.117,15.097,15.107,10063,0
2017-10-11,22:00:00,15.107,15.117,15.093,15.117,24700,0
2017-10-12,16:00:00,15.097,15.117,15.068,15.096,4876,0
2017-10-12,17:00:00,15.083,15.107,15.083,15.105,5090,0
2017-10-12,18:00:00,15.087,15.089,15.057,15.057,11359,0
2017-10-12,19:00:00,15.057,15.076,15.057,15.067,11463,0
2017-10-12,20:00:00,15.067,15.086,15.067,15.077,6640,0
2017-10-12,21:00:00,15.084,15.087,15.077,15.086,8297,0
2017-10-12,22:00:00,15.077,15.087,15.067,15.077,10522,0
2017-10-13,16:00:00,15.097,15.107,15.067,15.077,4012,0
2017-10-13,17:00:00,15.077,15.087,15.057,15.077,12982,0
2017-10-13,18:00:00,15.077,15.087,15.057,15.057,8100,0
2017-10-13,19:00:00,15.057,15.087,15.057,15.067,9056,0
2017-10-13,20:00:00,15.067,15.087,15.057,15.057,11448,0
2017-10-13,21:00:00,15.057,15.061,15.038,15.057,25800,0
2017-10-13,22:00:00,15.067,15.097,15.057,15.097,26723,0
2017-10-16,16:00:00,15.097,15.097,15.008,15.038,68039,0
2017-10-16,17:00:00,15.038,15.047,15.038,15.046,13223,0
2017-10-16,18:00:00,15.038,15.047,15.038,15.038,11775,0
2017-10-16,19:00:00,15.041,15.047,15.018,15.028,24206,0
2017-10-16,20:00:00,15.028,15.057,15.028,15.038,6936,0
2017-10-16,21:00:00,15.038,15.057,15.038,15.048,5498,0
2017-10-16,22:00:00,15.048,15.067,15.043,15.067,28986,0
2017-10-17,16:00:00,15.057,15.057,15.047,15.057,14791,0
2017-10-17,17:00:00,15.052,15.057,15.008,15.008,31509,0
2017-10-17,18:00:00,15.018,15.038,15.013,15.037,9493,0
2017-10-17,19:00:00,15.037,15.047,15.018,15.047,9968,0
2017-10-17,20:00:00,15.028,15.047,15.018,15.042,18531,0
2017-10-17,21:00:00,15.033,15.047,15.028,15.047,11621,0
2017-10-17,22:00:00,15.047,15.057,15.018,15.047,11340,0
2017-10-18,16:00:00,15.028,15.087,15.028,15.034,18036,0
2017-10-18,17:00:00,15.028,15.038,15.018,15.018,13101,0
2017-10-18,18:00:00,15.028,15.038,15.014,15.024,8786,0
2017-10-18,19:00:00,15.027,15.038,15.018,15.031,12954,0
2017-10-18,20:00:00,15.018,15.047,15.018,15.047,45876,0
2017-10-18,21:00:00,15.046,15.047,15.038,15.038,5730,0
2017-10-18,22:00:00,15.031,15.038,15.018,15.018,17652,0
2017-10-19,16:00:00,15.008,15.037,15.008,15.013,14380,0
2017-10-19,17:00:00,15.008,15.018,14.989,15.008,43522,0
2017-10-19,18:00:00,15.008,15.014,14.988,15.014,85133,0
2017-10-19,19:00:00,15.018,15.018,14.988,14.988,19344,0
2017-10-19,20:00:00,15.006,15.018,14.998,14.998,7746,0
2017-10-19,21:00:00,15.008,15.018,14.998,15.016,6440,0
2017-10-19,22:00:00,15.016,15.038,14.998,15.038,10298,0
2017-10-20,16:00:00,15.028,15.047,15.008,15.033,7424,0
2017-10-20,17:00:00,15.028,15.047,15.028,15.028,12088,0
2017-10-20,18:00:00,15.038,15.057,15.034,15.053,5369,0
2017-10-20,19:00:00,15.052,15.057,15.047,15.052,7500,0
2017-10-20,20:00:00,15.052,15.057,15.038,15.057,9360,0
2017-10-20,21:00:00,15.057,15.057,15.038,15.047,6027,0
2017-10-20,22:00:00,15.05,15.052,15.026,15.047,15518,0
2017-10-23,16:00:00,15.067,15.077,15.038,15.077,3868,0
2017-10-23,17:00:00,15.069,15.087,15.057,15.081,11786,0
2017-10-23,18:00:00,15.087,15.097,15.067,15.067,7744,0
2017-10-23,19:00:00,15.077,15.087,15.057,15.067,10877,0
2017-10-23,20:00:00,15.077,15.117,15.067,15.117,31317,0
2017-10-23,21:00:00,15.113,15.115,15.077,15.077,28996,0
2017-10-23,22:00:00,15.074,15.087,15.047,15.087,33737,0
2017-10-24,16:00:00,15.097,15.097,15.047,15.087,3597,0
2017-10-24,17:00:00,15.087,15.107,15.087,15.107,8928,0
2017-10-24,18:00:00,15.104,15.117,15.097,15.107,7755,0
2017-10-24,19:00:00,15.117,15.117,15.107,15.114,4806,0
2017-10-24,20:00:00,15.107,15.107,15.094,15.097,5239,0
2017-10-24,21:00:00,15.092,15.096,15.077,15.082,7341,0
2017-10-24,22:00:00,15.087,15.107,15.083,15.107,12118,0
2017-10-25,16:00:00,15.067,15.079,15.067,15.067,8378,0
2017-10-25,17:00:00,15.067,15.067,15.018,15.026,43741,0
2017-10-25,18:00:00,15.018,15.026,14.988,14.988,39472,0
2017-10-25,19:00:00,14.988,14.994,14.968,14.968,6974,0
2017-10-25,20:00:00,14.968,14.968,14.958,14.958,21662,0
2017-10-25,21:00:00,14.958,15.077,14.928,15.042,144604,0
2017-10-25,22:00:00,15.047,15.087,15.044,15.077,81644,0
2017-10-26,16:00:00,15.097,15.097,15.057,15.074,21363,0
2017-10-26,17:00:00,15.072,15.084,15.038,15.063,38528,0
2017-10-26,18:00:00,15.058,15.062,15.047,15.047,9723,0
2017-10-26,19:00:00,15.047,15.057,15.038,15.038,8669,0
2017-10-26,20:00:00,15.038,15.057,15.028,15.052,18552,0
2017-10-26,21:00:00,15.052,15.057,15.047,15.05,28359,0
2017-10-26,22:00:00,15.047,15.057,15.018,15.038,32304,0
2017-10-27,16:00:00,15.057,15.057,14.974,14.998,46765,0
2017-10-27,17:00:00,14.998,15.056,14.998,15.049,32363,0
2017-10-27,18:00:00,15.047,15.057,15.028,15.047,29321,0
2017-10-27,19:00:00,15.047,15.047,15.018,15.023,15185,0
2017-10-27,20:00:00,15.028,15.028,15.018,15.028,10500,0
2017-10-27,21:00:00,15.018,15.047,15.018,15.037,10205,0
2017-10-27,22:00:00,15.028,15.038,15.018,15.028,31666,0
2017-10-30,15:00:00,15.018,15.077,15.009,15.077,13696,0
2017-10-30,16:00:00,15.073,15.087,15.067,15.077,21398,0
2017-10-30,17:00:00,15.077,15.087,15.057,15.057,11522,0
2017-10-30,18:00:00,15.057,15.057,15.038,15.038,8597,0
2017-10-30,19:00:00,15.038,15.047,15.038,15.047,5307,0
2017-10-30,20:00:00,15.043,15.057,15.038,15.054,11221,0
2017-10-30,21:00:00,15.047,15.057,15.028,15.028,15786,0
2017-10-31,15:00:00,15.107,15.107,15.047,15.057,12822,0
2017-10-31,16:00:00,15.057,15.067,15.056,15.061,10888,0
2017-10-31,17:00:00,15.062,15.077,15.057,15.077,24722,0
2017-10-31,18:00:00,15.071,15.077,15.057,15.07,27598,0
2017-10-31,19:00:00,15.066,15.067,15.057,15.067,9897,0
2017-10-31,20:00:00,15.062,15.067,15.057,15.067,15566,0
2017-10-31,21:00:00,15.067,15.077,15.057,15.057,31994,0
2017-11-01,15:00:00,15.067,15.097,15.067,15.087,16588,0
2017-11-01,16:00:00,15.087,15.102,15.077,15.102,18831,0
2017-11-01,17:00:00,15.097,15.117,15.091,15.093,32744,0
2017-11-01,18:00:00,15.094,15.107,15.094,15.097,21309,0
2017-11-01,19:00:00,15.092,15.092,15.077,15.087,7613,0
2017-11-01,20:00:00,15.082,15.097,15.082,15.096,21221,0
2017-11-01,21:00:00,15.094,15.097,15.077,15.087,23217,0
2017-11-02,15:00:00,15.097,15.097,15.057,15.063,17567,0
2017-11-02,16:00:00,15.071,15.077,15.008,15.008,26438,0
2017-11-02,17:00:00,15.011,15.018,15.008,15.017,13911,0
2017-11-02,18:00:00,15.008,15.016,14.998,15.003,16933,0
2017-11-02,19:00:00,15.008,15.067,15.003,15.047,30529,0
2017-11-02,20:00:00,15.047,15.057,15.028,15.028,9133,0
2017-11-02,21:00:00,15.028,15.057,15.028,15.057,17491,0
2017-11-03,15:00:00,15.038,15.062,15.008,15.018,10619,0
2017-11-03,16:00:00,15.018,15.038,15.018,15.018,7380,0
2017-11-03,17:00:00,15.028,15.028,14.998,15.003,28403,0
2017-11-03,18:00:00,15.008,15.008,14.998,15.008,13497,0
2017-11-03,19:00:00,15.002,15.018,14.998,15.008,14438,0
2017-11-03,20:00:00,15.018,15.018,14.998,15.008,24185,0
2017-11-03,21:00:00,15.008,15.015,14.978,14.978,29836,0
2017-11-06,16:00:00,14.978,15.028,14.978,15.011,14897,0
2017-11-06,17:00:00,15.018,15.018,14.988,14.993,12647,0
2017-11-06,18:00:00,14.998,15.057,14.988,15.004,26395,0
2017-11-06,19:00:00,14.988,15.007,14.978,14.998,18496,0
2017-11-06,20:00:00,14.998,15.018,14.998,15.018,11116,0
2017-11-06,21:00:00,15.038,15.047,15.008,15.01,25539,0
2017-11-06,22:00:00,15.018,15.028,14.988,15.008,18411,0
2017-11-07,16:00:00,15.018,15.038,14.998,14.998,13496,0
2017-11-07,17:00:00,15.004,15.028,14.998,14.998,20807,0
2017-11-07,18:00:00,14.998,15.008,14.998,15.008,22353,0
2017-11-07,19:00:00,15.018,15.018,14.998,15.018,38060,0
2017-11-07,20:00:00,15.018,15.038,15.013,15.038,19656,0
2017-11-07,21:00:00,15.018,15.047,15.018,15.038,13162,0
2017-11-07,22:00:00,15.038,15.057,15.028,15.057,15070,0
2017-11-08,16:00:00,15.057,15.057,15.008,15.008,6722,0
2017-11-08,17:00:00,15.009,15.018,14.998,15.017,20594,0
2017-11-08,18:00:00,15.008,15.013,14.998,14.999,4574,0
2017-11-08,19:00:00,14.998,15.008,14.978,14.995,7285,0
2017-11-08,20:00:00,14.978,14.988,14.968,14.968,10328,0
2017-11-08,21:00:00,14.985,14.988,14.938,14.938,30491,0
2017-11-08,22:00:00,14.943,14.968,14.928,14.958,36814,0
2017-11-09,16:00:00,14.928,14.958,14.888,14.905,25232,0
2017-11-09,17:00:00,14.908,14.918,14.898,14.908,73041,0
2017-11-09,18:00:00,14.901,14.908,14.888,14.891,31129,0
2017-11-09,19:00:00,14.896,14.898,14.864,14.869,36954,0
2017-11-09,20:00:00,14.869,14.898,14.864,14.889,17057,0
2017-11-09,21:00:00,14.898,14.908,14.88,14.898,20886,0
2017-11-09,22:00:00,14.89,14.908,14.879,14.888,25952,0
2017-11-10,16:00:00,14.859,14.888,14.849,14.888,6101,0
2017-11-10,17:00:00,14.869,14.879,14.839,14.839,15108,0
2017-11-10,18:00:00,14.849,14.849,14.829,14.839,13508,0
2017-11-10,19:00:00,14.829,14.888,14.819,14.884,135257,0
2017-11-10,20:00:00,14.884,14.888,14.869,14.869,8271,0
2017-11-10,21:00:00,14.849,14.859,14.839,14.839,17583,0
2017-11-10,22:00:00,14.839,14.869,14.839,14.869,19372,0
2017-11-13,16:00:00,14.819,14.829,14.779,14.779,36067,0
2017-11-13,17:00:00,14.789,14.799,14.769,14.791,39409,0
2017-11-13,18:00:00,14.789,14.794,14.739,14.759,47424,0
2017-11-13,19:00:00,14.768,14.769,14.739,14.739,40773,0
2017-11-13,20:00:00,14.739,14.759,14.739,14.759,22290,0
2017-11-13,21:00:00,14.769,14.769,14.749,14.749,10622,0
2017-11-13,22:00:00,14.749,14.759,14.739,14.739,60677,0
2017-11-14,16:00:00,14.71,14.737,14.71,14.71,48880,0
2017-11-14,17:00:00,14.71,14.739,14.709,14.71,47015,0
2017-11-14,18:00:00,14.71,14.71,14.66,14.66,48459,0
2017-11-14,19:00:00,14.66,14.68,14.64,14.67,56336,0
2017-11-14,20:00:00,14.68,14.69,14.65,14.66,35485,0
2017-11-14,21:00:00,14.66,14.66,14.65,14.66,38210,0
2017-11-14,22:00:00,14.655,14.68,14.65,14.67,58096,0
2017-11-15,16:00:00,14.65,14.65,14.6,14.62,43875,0
2017-11-15,17:00:00,14.63,14.67,14.61,14.648,20110,0
2017-11-15,18:00:00,14.636,14.67,14.61,14.67,28297,0
2017-11-15,19:00:00,14.66,14.68,14.65,14.68,23737,0
2017-11-15,20:00:00,14.67,14.685,14.615,14.633,47003,0
2017-11-15,21:00:00,14.635,14.66,14.63,14.65,40155,0
2017-11-15,22:00:00,14.66,14.66,14.61,14.64,37374,0
2017-11-16,16:00:00,14.7,14.75,14.7,14.73,28696,0
2017-11-16,17:00:00,14.74,14.78,14.74,14.77,15318,0
2017-11-16,18:00:00,14.77,14.81,14.76,14.79,44065,0
2017-11-16,19:00:00,14.78,14.79,14.77,14.7793,9647,0
2017-11-16,20:00:00,14.77,14.8,14.77,14.7721,8496,0
2017-11-16,21:00:00,14.7764,14.79,14.77,14.77,24897,0
2017-11-16,22:00:00,14.771,14.78,14.77,14.78,29400,0
2017-11-17,16:00:00,14.8,14.805,14.78,14.805,20253,0
2017-11-17,17:00:00,14.805,14.805,14.77,14.78,40778,0
2017-11-17,18:00:00,14.78,14.7899,14.78,14.785,13909,0
2017-11-17,19:00:00,14.785,14.81,14.78,14.785,25316,0
2017-11-17,20:00:00,14.78,14.79,14.78,14.79,16464,0
2017-11-17,21:00:00,14.79,14.79,14.74,14.744,67890,0
2017-11-17,22:00:00,14.74,14.76,14.74,14.74,27884,0
2017-11-20,16:00:00,14.77,14.81,14.763,14.79,15526,0
2017-11-20,17:00:00,14.81,14.81,14.79,14.7901,22029,0
2017-11-20,18:00:00,14.79,14.8,14.775,14.79,45305,0
2017-11-20,19:00:00,14.78,14.79,14.77,14.77,43931,0
2017-11-20,20:00:00,14.78,14.79,14.77,14.79,19236,0
2017-11-20,21:00:00,14.78,14.79,14.779,14.7852,25251,0
2017-11-20,22:00:00,14.78,14.79,14.77,14.79,52152,0
2017-11-21,16:00:00,14.81,14.8295,14.76,14.7801,8900,0
2017-11-21,17:00:00,14.79,14.81,14.78,14.7899,32863,0
2017-11-21,18:00:00,14.8,14.8,14.78,14.78,4418,0
2017-11-21,19:00:00,14.78,14.8,14.78,14.7995,24349,0
2017-11-21,20:00:00,14.795,14.8,14.79,14.8,20141,0
2017-11-21,21:00:00,14.79,14.8,14.79,14.7932,21176,0
2017-11-21,22:00:00,14.79,14.8,14.75,14.75,62852,0
2017-11-22,16:00:00,14.77,14.79,14.74,14.76,19658,0
2017-11-22,17:00:00,14.76,14.775,14.735,14.76,21768,0
2017-11-22,18:00:00,14.7599,14.77,14.74,14.7425,21185,0
2017-11-22,19:00:00,14.74,14.749,14.72,14.723,12914,0
2017-11-22,20:00:00,14.73,14.74,14.72,14.73,10862,0
2017-11-22,21:00:00,14.73,14.7699,14.73,14.73,17423,0
2017-11-22,22:00:00,14.731,14.76,14.73,14.73,22064,0
2017-11-24,16:00:00,14.79,14.79,14.77,14.77,15326,0
2017-11-24,17:00:00,14.77,14.81,14.76,14.77,16877,0
2017-11-24,18:00:00,14.77,14.8,14.77,14.79,10399,0
2017-11-24,19:00:00,14.78,14.8,14.76,14.77,13856,0
2017-11-24,20:00:00,14.78,14.78,14.78,14.78,1310,0
2017-11-27,16:00:00,14.7622,14.79,14.7622,14.79,3710,0
2017-11-27,17:00:00,14.7844,14.79,14.76,14.77,18631,0
2017-11-27,18:00:00,14.77,14.81,14.77,14.7867,18846,0
2017-11-27,19:00:00,14.785,14.79,14.77,14.7799,11802,0
2017-11-27,20:00:00,14.77,14.78,14.77,14.7799,21999,0
2017-11-27,21:00:00,14.77,14.79,14.77,14.78,11621,0
2017-11-27,22:00:00,14.7701,14.79,14.76,14.77,82257,0
2017-11-28,16:00:00,14.77,14.79,14.7,14.76,19433,0
2017-11-28,17:00:00,14.75,14.7511,14.73,14.735,23125,0
2017-11-28,18:00:00,14.7301,14.76,14.73,14.75,13676,0
2017-11-28,19:00:00,14.7538,14.8,14.75,14.79,18622,0
2017-11-28,20:00:00,14.79,14.8,14.78,14.78,10417,0
2017-11-28,21:00:00,14.78,14.8,14.76,14.78,41977,0
2017-11-28,22:00:00,14.78,14.86,14.7701,14.84,63624,0
2017-11-29,16:00:00,14.8476,14.8476,14.76,14.78,17100,0
2017-11-29,17:00:00,14.77,14.79,14.73,14.7499,16480,0
2017-11-29,18:00:00,14.745,14.75,14.72,14.7458,25077,0
2017-11-29,19:00:00,14.747,14.78,14.74,14.78,22310,0
2017-11-29,20:00:00,14.785,14.79,14.7614,14.7799,15476,0
2017-11-29,21:00:00,14.7706,14.8,14.77,14.79,13378,0
2017-11-29,22:00:00,14.79,14.81,14.76,14.78,30742,0
2017-11-30,16:00:00,14.79,14.83,14.79,14.81,11120,0
2017-11-30,17:00:00,14.8,14.83,14.8,14.8203,22675,0
2017-11-30,18:00:00,14.81,14.85,14.81,14.85,17420,0
2017-11-30,19:00:00,14.8401,14.86,14.8,14.82,38026,0
2017-11-30,20:00:00,14.82,14.82,14.77,14.77,9942,0
2017-11-30,21:00:00,14.773,14.7798,14.75,14.75,16334,0
2017-11-30,22:00:00,14.75,14.78,14.75,14.75,42768,0
2017-12-01,16:00:00,14.78,14.83,14.78,14.79,11110,0
2017-12-01,17:00:00,14.8049,14.85,14.79,14.84,11919,0
2017-12-01,18:00:00,14.84,14.85,14.75,14.8087,23166,0
2017-12-01,19:00:00,14.8064,14.84,14.8064,14.82,10722,0
2017-12-01,20:00:00,14.82,14.83,14.81,14.81,19945,0
2017-12-01,21:00:00,14.8099,14.81,14.78,14.78,10751,0
2017-12-01,22:00:00,14.785,14.8,14.78,14.79,11203,0
2017-12-04,16:00:00,14.81,14.8231,14.8,14.8,13501,0
2017-12-04,17:00:00,14.8,14.81,14.79,14.81,38149,0
2017-12-04,18:00:00,14.81,14.817,14.79,14.8,35738,0
2017-12-04,19:00:00,14.793,14.81,14.79,14.8,30411,0
2017-12-04,20:00:00,14.8,14.809,14.79,14.7936,24016,0
2017-12-04,21:00:00,14.795,14.795,14.77,14.77,19836,0
2017-12-04,22:00:00,14.775,14.775,14.73,14.74,48904,0
2017-12-05,16:00:00,14.74,14.77,14.74,14.77,4401,0
2017-12-05,17:00:00,14.771,14.78,14.74,14.75,10820,0
2017-12-05,18:00:00,14.751,14.77,14.73,14.76,22054,0
2017-12-05,19:00:00,14.756,14.79,14.75,14.79,11640,0
2017-12-05,20:00:00,14.785,14.79,14.77,14.77,12432,0
2017-12-05,21:00:00,14.77,14.79,14.77,14.78,20929,0
2017-12-05,22:00:00,14.79,14.8,14.79,14.79,25830,0
2017-12-06,16:00:00,14.81,14.81,14.75,14.81,4810,0
2017-12-06,17:00:00,14.82,14.84,14.803,14.83,27633,0
2017-12-06,18:00:00,14.83,14.85,14.83,14.85,12552,0
2017-12-06,19:00:00,14.845,14.845,14.83,14.84,14683,0
2017-12-06,20:00:00,14.835,14.85,14.8301,14.85,11048,0
2017-12-06,21:00:00,14.85,14.86,14.84,14.86,17270,0
2017-12-06,22:00:00,14.86,14.88,14.84,14.84,31775,0
