Date,Time,Open,High,Low,Close,Volume,OpenInt
2017-05-16,16:00:00,12.776,12.814,12.739,12.776,26106,0
2017-05-16,17:00:00,12.776,12.781,12.672,12.672,27401,0
2017-05-16,18:00:00,12.692,12.745,12.672,12.73,6455,0
2017-05-16,19:00:00,12.73,12.739,12.701,12.701,7759,0
2017-05-16,20:00:00,12.701,12.71,12.677,12.692,11276,0
2017-05-16,21:00:00,12.692,12.73,12.682,12.72,19027,0
2017-05-16,22:00:00,12.725,12.739,12.701,12.701,21285,0
2017-05-17,16:00:00,12.701,12.701,12.53,12.53,20401,0
2017-05-17,17:00:00,12.53,12.588,12.474,12.521,21219,0
2017-05-17,18:00:00,12.519,12.55,12.502,12.53,10091,0
2017-05-17,19:00:00,12.521,12.521,12.483,12.492,2746,0
2017-05-17,20:00:00,12.492,12.502,12.454,12.454,12497,0
2017-05-17,21:00:00,12.454,12.454,12.388,12.388,6412,0
2017-05-17,22:00:00,12.388,12.436,12.388,12.398,31285,0
2017-05-18,16:00:00,12.37,12.37,12.199,12.208,22480,0
2017-05-18,17:00:00,12.218,12.408,12.218,12.36,35648,0
2017-05-18,18:00:00,12.332,12.395,12.332,12.342,7472,0
2017-05-18,19:00:00,12.342,12.378,12.294,12.294,10779,0
2017-05-18,20:00:00,12.299,12.313,12.265,12.275,12935,0
2017-05-18,21:00:00,12.299,12.341,12.294,12.327,18518,0
2017-05-18,22:00:00,12.341,12.398,12.313,12.398,16661,0
2017-05-19,16:00:00,12.512,12.616,12.512,12.616,13186,0
2017-05-19,17:00:00,12.616,12.692,12.601,12.682,7452,0
2017-05-19,18:00:00,12.692,12.73,12.656,12.708,12782,0
2017-05-19,19:00:00,12.701,12.702,12.672,12.682,18329,0
2017-05-19,20:00:00,12.681,12.71,12.672,12.71,36661,0
2017-05-19,21:00:00,12.71,12.71,12.654,12.682,14549,0
2017-05-19,22:00:00,12.672,12.682,12.644,12.654,8048,0
2017-05-22,16:00:00,12.786,12.843,12.782,12.843,14411,0
2017-05-22,17:00:00,12.843,12.928,12.776,12.802,40880,0
2017-05-22,18:00:00,12.796,12.805,12.634,12.654,37626,0
2017-05-22,19:00:00,12.672,12.692,12.663,12.682,4751,0
2017-05-22,20:00:00,12.682,12.73,12.682,12.701,5931,0
2017-05-22,21:00:00,12.7,12.734,12.699,12.701,12046,0
2017-05-22,22:00:00,12.701,12.72,12.692,12.71,9446,0
2017-05-23,16:00:00,12.786,12.843,12.748,12.843,37108,0
2017-05-23,17:00:00,12.805,12.805,12.739,12.739,12036,0
2017-05-23,18:00:00,12.739,12.786,12.71,12.786,8266,0
2017-05-23,19:00:00,12.786,12.824,12.777,12.814,8187,0
2017-05-23,20:00:00,12.793,12.808,12.789,12.805,4448,0
2017-05-23,21:00:00,12.805,12.852,12.805,12.852,7179,0
2017-05-23,22:00:00,12.843,12.843,12.796,12.824,26109,0
2017-05-24,16:00:00,12.843,12.843,12.748,12.81,19678,0
2017-05-24,17:00:00,12.829,12.857,12.814,12.826,7883,0
2017-05-24,18:00:00,12.805,12.815,12.776,12.776,6166,0
2017-05-24,19:00:00,12.776,12.786,12.729,12.748,13139,0
2017-05-24,20:00:00,12.739,12.739,12.663,12.677,14015,0
2017-05-24,21:00:00,12.701,12.714,12.663,12.682,7866,0
2017-05-24,22:00:00,12.682,12.725,12.634,12.663,36976,0
2017-05-25,16:00:00,12.634,12.71,12.634,12.705,7989,0
2017-05-25,17:00:00,12.677,12.725,12.644,12.644,18038,0
2017-05-25,18:00:00,12.626,12.629,12.483,12.521,42548,0
2017-05-25,19:00:00,12.502,12.521,12.422,12.464,22679,0
2017-05-25,20:00:00,12.45,12.459,12.388,12.393,8999,0
2017-05-25,21:00:00,12.411,12.454,12.411,12.411,8515,0
2017-05-25,22:00:00,12.408,12.446,12.398,12.398,22162,0
2017-05-26,16:00:00,12.388,12.44,12.379,12.398,20759,0
2017-05-26,17:00:00,12.398,12.406,12.322,12.35,17638,0
2017-05-26,18:00:00,12.36,12.388,12.348,12.37,5484,0
2017-05-26,19:00:00,12.36,12.388,12.313,12.36,23538,0
2017-05-26,20:00:00,12.37,12.37,12.341,12.37,4371,0
2017-05-26,21:00:00,12.35,12.37,12.35,12.36,8293,0
2017-05-26,22:00:00,12.36,12.37,12.332,12.37,16733,0
2017-05-30,16:00:00,12.37,12.37,12.275,12.275,38971,0
2017-05-30,17:00:00,12.275,12.295,12.218,12.261,40918,0
2017-05-30,18:00:00,12.251,12.265,12.189,12.227,23897,0
2017-05-30,19:00:00,12.218,12.218,12.18,12.18,4330,0
2017-05-30,20:00:00,12.18,12.237,12.161,12.199,15660,0
2017-05-30,21:00:00,12.199,12.217,12.171,12.18,12657,0
2017-05-30,22:00:00,12.189,12.19,12.152,12.171,40247,0
2017-05-31,16:00:00,12.076,12.161,12.076,12.095,31514,0
2017-05-31,17:00:00,12.095,12.104,12.038,12.038,26664,0
2017-05-31,18:00:00,12.029,12.057,11.963,12.057,64305,0
2017-05-31,19:00:00,12.057,12.123,12.057,12.123,7550,0
2017-05-31,20:00:00,12.133,12.152,12.104,12.104,6869,0
2017-05-31,21:00:00,12.123,12.152,12.076,12.078,38882,0
2017-05-31,22:00:00,12.082,12.142,12.076,12.142,24909,0
2017-06-01,16:00:00,12.18,12.332,12.18,12.246,18772,0
2017-06-01,17:00:00,12.256,12.341,12.246,12.294,14307,0
2017-06-01,18:00:00,12.294,12.366,12.294,12.332,15882,0
2017-06-01,19:00:00,12.35,12.35,12.313,12.313,2646,0
2017-06-01,20:00:00,12.332,12.355,12.322,12.332,5266,0
2017-06-01,21:00:00,12.332,12.36,12.284,12.312,9996,0
2017-06-01,22:00:00,12.313,12.37,12.284,12.37,18264,0
2017-06-02,16:00:00,12.341,12.388,12.284,12.302,19844,0
2017-06-02,17:00:00,12.275,12.294,12.246,12.256,21460,0
2017-06-02,18:00:00,12.246,12.294,12.237,12.256,11721,0
2017-06-02,19:00:00,12.257,12.271,12.249,12.256,7628,0
2017-06-02,20:00:00,12.249,12.266,12.218,12.246,22093,0
2017-06-02,21:00:00,12.251,12.265,12.18,12.265,27125,0
2017-06-02,22:00:00,12.237,12.265,12.19,12.265,23970,0
2017-06-05,16:00:00,12.123,12.18,12.067,12.114,24496,0
2017-06-05,17:00:00,12.123,12.18,12.113,12.152,33424,0
2017-06-05,18:00:00,12.161,12.171,12.114,12.161,33389,0
2017-06-05,19:00:00,12.164,12.237,12.164,12.199,35066,0
2017-06-05,20:00:00,12.161,12.218,12.161,12.208,17569,0
2017-06-05,21:00:00,12.199,12.218,12.189,12.208,21523,0
2017-06-05,22:00:00,12.218,12.237,12.171,12.189,31305,0
2017-06-06,16:00:00,12.161,12.188,12.133,12.171,19691,0
2017-06-06,17:00:00,12.161,12.18,12.142,12.142,4700,0
2017-06-06,18:00:00,12.142,12.189,12.123,12.189,42546,0
2017-06-06,19:00:00,12.193,12.265,12.18,12.265,15473,0
2017-06-06,20:00:00,12.278,12.278,12.208,12.213,10716,0
2017-06-06,21:00:00,12.218,12.332,12.215,12.322,11995,0
2017-06-06,22:00:00,12.322,12.354,12.265,12.284,28103,0
2017-06-07,16:00:00,12.218,12.341,12.218,12.327,15084,0
2017-06-07,17:00:00,12.341,12.351,12.085,12.152,37814,0
2017-06-07,18:00:00,12.161,12.161,12.095,12.123,16109,0
2017-06-07,19:00:00,12.133,12.142,12.067,12.095,34287,0
2017-06-07,20:00:00,12.104,12.147,12.076,12.119,43904,0
2017-06-07,21:00:00,12.123,12.133,12.076,12.107,43363,0
2017-06-07,22:00:00,12.118,12.133,12.009,12.038,72488,0
2017-06-08,16:00:00,11.963,12.067,11.878,12,60378,0
2017-06-08,17:00:00,12,12.038,11.867,12.002,32959,0
2017-06-08,18:00:00,12.029,12.029,11.903,11.991,22666,0
2017-06-08,19:00:00,11.991,11.991,11.887,11.977,30085,0
2017-06-08,20:00:00,11.971,11.991,11.963,11.991,9186,0
2017-06-08,21:00:00,11.937,11.963,11.896,11.914,18210,0
2017-06-08,22:00:00,11.905,11.933,11.877,11.877,37232,0
2017-06-09,16:00:00,11.915,12,11.915,11.991,12142,0
2017-06-09,17:00:00,11.967,11.967,11.896,11.943,22827,0
2017-06-09,18:00:00,11.943,12.142,11.943,12.104,16450,0
2017-06-09,19:00:00,12.067,12.227,12.047,12.152,20784,0
2017-06-09,20:00:00,12.12,12.133,12.085,12.095,17923,0
2017-06-09,21:00:00,12.095,12.095,12,12,16546,0
2017-06-09,22:00:00,11.984,12.047,11.963,12.038,15664,0
2017-06-12,16:00:00,12.133,12.227,12.133,12.218,11234,0
2017-06-12,17:00:00,12.199,12.218,12.076,12.095,9444,0
2017-06-12,18:00:00,12.076,12.142,12,12.104,17915,0
2017-06-12,19:00:00,12.141,12.141,12.085,12.095,2600,0
2017-06-12,20:00:00,12.085,12.114,12.085,12.085,3155,0
2017-06-12,21:00:00,12.11,12.123,12.057,12.057,8212,0
2017-06-12,22:00:00,12.072,12.095,12.047,12.076,13018,0
2017-06-13,16:00:00,12.123,12.123,12.076,12.076,7427,0
2017-06-13,17:00:00,12.095,12.237,12.08,12.171,35866,0
2017-06-13,18:00:00,12.171,12.237,12.076,12.208,26208,0
2017-06-13,19:00:00,12.104,12.189,12.104,12.142,844,0
2017-06-13,20:00:00,12.152,12.208,12.125,12.133,11376,0
2017-06-13,21:00:00,12.12,12.18,12.12,12.161,9701,0
2017-06-13,22:00:00,12.161,12.227,12.133,12.227,19003,0
2017-06-14,16:00:00,12.104,12.164,12.038,12.047,22569,0
2017-06-14,17:00:00,12.029,12.067,11.877,11.933,23984,0
2017-06-14,18:00:00,11.933,11.981,11.849,11.849,32071,0
2017-06-14,19:00:00,11.877,12.011,11.867,11.935,17767,0
2017-06-14,20:00:00,11.933,11.94,11.867,11.877,6550,0
2017-06-14,21:00:00,11.877,11.896,11.867,11.877,17803,0
2017-06-14,22:00:00,11.887,11.925,11.829,11.829,53534,0
2017-06-15,16:00:00,11.753,11.753,11.545,11.631,38449,0
2017-06-15,17:00:00,11.697,11.735,11.603,11.64,27698,0
2017-06-15,18:00:00,11.616,11.707,11.612,11.641,56809,0
2017-06-15,19:00:00,11.64,11.725,11.631,11.649,31824,0
2017-06-15,20:00:00,11.64,11.678,11.517,11.517,24601,0
2017-06-15,21:00:00,11.527,11.527,11.413,11.413,67661,0
2017-06-15,22:00:00,11.412,11.489,11.394,11.441,47090,0
2017-06-16,16:00:00,11.536,11.687,11.46,11.479,15129,0
2017-06-16,17:00:00,11.47,11.542,11.375,11.518,31916,0
2017-06-16,18:00:00,11.527,11.697,11.527,11.697,22257,0
2017-06-16,19:00:00,11.649,11.716,11.621,11.631,18229,0
2017-06-16,20:00:00,11.626,11.649,11.612,11.649,22244,0
2017-06-16,21:00:00,11.645,11.716,11.626,11.702,31718,0
2017-06-16,22:00:00,11.697,11.783,11.673,11.773,20256,0
2017-06-19,16:00:00,11.839,11.877,11.824,11.824,14444,0
2017-06-19,17:00:00,11.839,11.905,11.801,11.905,11721,0
2017-06-19,18:00:00,11.9,11.915,11.791,11.821,14829,0
2017-06-19,19:00:00,11.808,11.887,11.763,11.801,25824,0
2017-06-19,20:00:00,11.821,11.829,11.783,11.821,15530,0
2017-06-19,21:00:00,11.792,11.821,11.659,11.698,47596,0
2017-06-19,22:00:00,11.697,11.707,11.629,11.659,14587,0
2017-06-20,16:00:00,11.527,11.536,11.245,11.252,88351,0
2017-06-20,17:00:00,11.271,11.422,11.271,11.291,50891,0
2017-06-20,18:00:00,11.29,11.507,11.29,11.441,24162,0
2017-06-20,19:00:00,11.46,11.489,11.346,11.359,21659,0
2017-06-20,20:00:00,11.384,11.489,11.384,11.432,18325,0
2017-06-20,21:00:00,11.422,11.565,11.419,11.451,19993,0
2017-06-20,22:00:00,11.451,11.498,11.413,11.451,25086,0
2017-06-21,16:00:00,11.413,11.432,11.318,11.346,56427,0
2017-06-21,17:00:00,11.366,11.554,11.366,11.489,40182,0
2017-06-21,18:00:00,11.46,11.498,11.394,11.441,15190,0
2017-06-21,19:00:00,11.375,11.375,11.262,11.299,22896,0
2017-06-21,20:00:00,11.293,11.317,11.186,11.186,43901,0
2017-06-21,21:00:00,11.186,11.252,11.09,11.195,58591,0
2017-06-21,22:00:00,11.195,11.195,11.082,11.148,39355,0
2017-06-22,16:00:00,11.224,11.46,11.224,11.46,39946,0
2017-06-22,17:00:00,11.451,11.612,11.384,11.562,37696,0
2017-06-22,18:00:00,11.527,11.612,11.479,11.527,16102,0
2017-06-22,19:00:00,11.479,11.593,11.47,11.517,28823,0
2017-06-22,20:00:00,11.47,11.507,11.403,11.498,9461,0
2017-06-22,21:00:00,11.451,11.507,11.441,11.489,9265,0
2017-06-22,22:00:00,11.489,11.522,11.422,11.46,32833,0
2017-06-23,16:00:00,11.489,11.697,11.47,11.697,25889,0
2017-06-23,17:00:00,11.697,11.801,11.692,11.801,15555,0
2017-06-23,18:00:00,11.753,11.849,11.753,11.839,14019,0
2017-06-23,19:00:00,11.839,11.854,11.745,11.807,23102,0
2017-06-23,20:00:00,11.793,11.905,11.753,11.834,23475,0
2017-06-23,21:00:00,11.874,11.991,11.874,11.981,35302,0
2017-06-23,22:00:00,11.977,12.038,11.905,11.915,28698,0
2017-06-26,16:00:00,11.933,11.991,11.896,11.981,14651,0
2017-06-26,17:00:00,11.971,12.047,11.887,11.915,26766,0
2017-06-26,18:00:00,11.915,12.085,11.915,12.047,26040,0
2017-06-26,19:00:00,12.038,12.104,12.019,12.076,16449,0
2017-06-26,20:00:00,12.114,12.138,12.076,12.133,12283,0
2017-06-26,21:00:00,12.145,12.161,12.131,12.131,9035,0
2017-06-26,22:00:00,12.123,12.199,12.095,12.114,34022,0
2017-06-27,16:00:00,12.085,12.142,12.067,12.133,24277,0
2017-06-27,17:00:00,12.142,12.253,12.133,12.242,28870,0
2017-06-27,18:00:00,12.237,12.284,12.237,12.284,14897,0
2017-06-27,19:00:00,12.294,12.341,12.256,12.341,35331,0
2017-06-27,20:00:00,12.348,12.446,12.284,12.35,66668,0
2017-06-27,21:00:00,12.36,12.36,12.237,12.256,24800,0
2017-06-27,22:00:00,12.275,12.303,12.067,12.067,35072,0
2017-06-28,16:00:00,12.104,12.246,12.104,12.142,24692,0
2017-06-28,17:00:00,12.18,12.332,12.171,12.332,38818,0
2017-06-28,18:00:00,12.341,12.36,12.284,12.294,29375,0
2017-06-28,19:00:00,12.294,12.294,12.246,12.275,7850,0
2017-06-28,20:00:00,12.285,12.303,12.256,12.284,8338,0
2017-06-28,21:00:00,12.281,12.313,12.237,12.303,18775,0
2017-06-28,22:00:00,12.303,12.303,12.218,12.218,37499,0
2017-06-29,16:00:00,12.199,12.37,12.199,12.37,15083,0
2017-06-29,17:00:00,12.398,12.454,12.36,12.398,32212,0
2017-06-29,18:00:00,12.398,12.446,12.303,12.36,30337,0
2017-06-29,19:00:00,12.35,12.37,12.265,12.284,23022,0
2017-06-29,20:00:00,12.294,12.36,12.227,12.294,41274,0
2017-06-29,21:00:00,12.294,12.341,12.265,12.322,21047,0
2017-06-29,22:00:00,12.348,12.408,12.284,12.294,46087,0
2017-06-30,16:00:00,12.388,12.408,12.37,12.403,11363,0
2017-06-30,17:00:00,12.417,12.437,12.388,12.415,15476,0
2017-06-30,18:00:00,12.436,12.636,12.436,12.596,52235,0
2017-06-30,19:00:00,12.606,12.629,12.54,12.563,19869,0
2017-06-30,20:00:00,12.573,12.611,12.502,12.54,28213,0
2017-06-30,21:00:00,12.53,12.558,12.483,12.502,41880,0
2017-06-30,22:00:00,12.504,12.512,12.379,12.512,36400,0
2017-07-03,16:00:00,12.53,12.692,12.53,12.682,13206,0
2017-07-03,17:00:00,12.668,12.786,12.668,12.786,8707,0
2017-07-03,18:00:00,12.763,12.834,12.758,12.796,11402,0
2017-07-03,19:00:00,12.807,12.883,12.807,12.852,26177,0
2017-07-03,20:00:00,12.852,12.852,12.852,12.852,131,0
2017-07-05,16:00:00,12.776,12.783,12.672,12.751,12787,0
2017-07-05,17:00:00,12.73,12.73,12.578,12.603,32358,0
2017-07-05,18:00:00,12.616,12.644,12.606,12.616,20888,0
2017-07-05,19:00:00,12.644,12.663,12.629,12.635,9631,0
2017-07-05,20:00:00,12.648,12.654,12.588,12.596,14623,0
2017-07-05,21:00:00,12.614,12.644,12.558,12.572,11369,0
2017-07-05,22:00:00,12.559,12.768,12.54,12.739,30393,0
2017-07-06,16:00:00,12.73,12.796,12.663,12.71,21847,0
2017-07-06,17:00:00,12.748,12.748,12.626,12.644,12277,0
2017-07-06,18:00:00,12.672,12.758,12.644,12.663,26669,0
2017-07-06,19:00:00,12.644,12.644,12.588,12.606,12875,0
2017-07-06,20:00:00,12.578,12.584,12.436,12.436,42505,0
2017-07-06,21:00:00,12.429,12.483,12.408,12.483,7685,0
2017-07-06,22:00:00,12.483,12.557,12.464,12.54,22561,0
2017-07-07,16:00:00,12.502,12.502,12.408,12.408,11189,0
2017-07-07,17:00:00,12.45,12.464,12.284,12.36,32993,0
2017-07-07,18:00:00,12.36,12.408,12.322,12.398,14896,0
2017-07-07,19:00:00,12.408,12.453,12.408,12.453,4281,0
2017-07-07,20:00:00,12.456,12.456,12.427,12.439,1636,0
2017-07-07,21:00:00,12.45,12.492,12.45,12.483,11818,0
2017-07-07,22:00:00,12.474,12.502,12.464,12.502,15664,0
2017-07-10,16:00:00,12.454,12.502,12.446,12.502,4838,0
2017-07-10,17:00:00,12.55,12.634,12.426,12.474,13519,0
2017-07-10,18:00:00,12.474,12.496,12.398,12.417,18055,0
2017-07-10,19:00:00,12.436,12.454,12.417,12.426,10169,0
2017-07-10,20:00:00,12.417,12.452,12.417,12.446,11920,0
2017-07-10,21:00:00,12.454,12.502,12.446,12.464,23153,0
2017-07-10,22:00:00,12.464,12.501,12.464,12.483,14851,0
2017-07-11,16:00:00,12.426,12.464,12.379,12.431,69514,0
2017-07-11,17:00:00,12.446,12.454,12.379,12.438,13356,0
2017-07-11,18:00:00,12.43,12.464,12.408,12.464,48916,0
2017-07-11,19:00:00,12.464,12.483,12.436,12.446,18589,0
2017-07-11,20:00:00,12.446,12.472,12.426,12.464,19691,0
2017-07-11,21:00:00,12.464,12.474,12.426,12.469,16322,0
2017-07-11,22:00:00,12.464,12.521,12.436,12.464,35493,0
2017-07-12,16:00:00,12.639,12.736,12.581,12.591,51265,0
2017-07-12,17:00:00,12.591,12.688,12.581,12.581,31890,0
2017-07-12,18:00:00,12.581,12.654,12.523,12.62,15779,0
2017-07-12,19:00:00,12.62,12.659,12.61,12.629,8523,0
2017-07-12,20:00:00,12.629,12.649,12.591,12.62,11180,0
2017-07-12,21:00:00,12.62,12.659,12.561,12.6,48277,0
2017-07-12,22:00:00,12.6,12.678,12.591,12.678,30408,0
2017-07-13,16:00:00,12.6,12.688,12.591,12.591,32466,0
2017-07-13,17:00:00,12.561,12.62,12.532,12.62,15726,0
2017-07-13,18:00:00,12.587,12.617,12.571,12.571,10640,0
2017-07-13,19:00:00,12.561,12.6,12.561,12.571,7603,0
2017-07-13,20:00:00,12.591,12.6,12.561,12.571,9070,0
2017-07-13,21:00:00,12.57,12.678,12.57,12.611,30588,0
2017-07-13,22:00:00,12.633,12.668,12.591,12.591,26102,0
2017-07-14,16:00:00,12.6,12.755,12.6,12.707,10680,0
2017-07-14,17:00:00,12.694,12.746,12.668,12.698,11104,0
2017-07-14,18:00:00,12.698,12.698,12.659,12.669,22834,0
2017-07-14,19:00:00,12.704,12.736,12.688,12.736,18398,0
2017-07-14,20:00:00,12.756,12.814,12.751,12.794,26517,0
2017-07-14,21:00:00,12.795,12.834,12.795,12.814,30805,0
2017-07-14,22:00:00,12.824,12.863,12.804,12.863,13621,0
2017-07-17,16:00:00,12.863,12.902,12.834,12.864,29824,0
2017-07-17,17:00:00,12.868,12.905,12.843,12.882,46066,0
2017-07-17,18:00:00,12.882,12.911,12.853,12.873,17941,0
2017-07-17,19:00:00,12.902,12.941,12.863,12.902,28818,0
2017-07-17,20:00:00,12.892,12.892,12.843,12.892,25503,0
2017-07-17,21:00:00,12.863,12.874,12.834,12.834,19493,0
2017-07-17,22:00:00,12.843,12.873,12.804,12.863,16673,0
2017-07-18,16:00:00,12.882,12.882,12.756,12.756,23220,0
2017-07-18,17:00:00,12.766,12.823,12.736,12.736,13117,0
2017-07-18,18:00:00,12.736,12.785,12.736,12.756,21163,0
2017-07-18,19:00:00,12.756,12.775,12.746,12.766,8075,0
2017-07-18,20:00:00,12.756,12.775,12.746,12.775,14348,0
2017-07-18,21:00:00,12.775,12.843,12.775,12.843,20712,0
2017-07-18,22:00:00,12.843,12.911,12.795,12.795,27416,0
2017-07-19,16:00:00,12.843,12.882,12.824,12.824,15286,0
2017-07-19,17:00:00,12.804,12.873,12.795,12.806,12155,0
2017-07-19,18:00:00,12.795,12.863,12.775,12.775,16989,0
2017-07-19,19:00:00,12.775,12.814,12.766,12.775,22584,0
2017-07-19,20:00:00,12.766,12.771,12.746,12.746,11822,0
2017-07-19,21:00:00,12.761,12.78,12.678,12.678,45148,0
2017-07-19,22:00:00,12.688,12.717,12.659,12.668,38367,0
2017-07-20,16:00:00,12.668,12.678,12.6,12.629,40638,0
2017-07-20,17:00:00,12.639,12.707,12.571,12.571,32932,0
2017-07-20,18:00:00,12.571,12.571,12.484,12.484,13376,0
2017-07-20,19:00:00,12.474,12.523,12.464,12.464,12838,0
2017-07-20,20:00:00,12.508,12.514,12.464,12.513,23862,0
2017-07-20,21:00:00,12.493,12.506,12.464,12.474,20660,0
2017-07-20,22:00:00,12.474,12.493,12.464,12.464,28910,0
2017-07-21,16:00:00,12.523,12.561,12.463,12.532,30243,0
2017-07-21,17:00:00,12.513,12.513,12.377,12.435,41439,0
2017-07-21,18:00:00,12.425,12.454,12.416,12.425,8354,0
2017-07-21,19:00:00,12.428,12.428,12.357,12.417,7112,0
2017-07-21,20:00:00,12.416,12.425,12.406,12.418,2886,0
2017-07-21,21:00:00,12.419,12.431,12.406,12.425,8468,0
2017-07-21,22:00:00,12.425,12.474,12.408,12.474,15616,0
2017-07-24,16:00:00,12.416,12.484,12.416,12.425,18567,0
2017-07-24,17:00:00,12.459,12.474,12.425,12.435,4248,0
2017-07-24,18:00:00,12.435,12.458,12.367,12.439,32559,0
2017-07-24,19:00:00,12.435,12.445,12.42,12.435,6260,0
2017-07-24,20:00:00,12.427,12.454,12.409,12.454,21102,0
2017-07-24,21:00:00,12.464,12.503,12.464,12.494,6635,0
2017-07-24,22:00:00,12.503,12.508,12.474,12.493,17617,0
2017-07-25,16:00:00,12.639,12.649,12.591,12.639,17701,0
2017-07-25,17:00:00,12.639,12.649,12.584,12.595,25140,0
2017-07-25,18:00:00,12.581,12.61,12.581,12.581,3055,0
2017-07-25,19:00:00,12.61,12.61,12.581,12.6,5209,0
2017-07-25,20:00:00,12.6,12.61,12.591,12.595,9344,0
2017-07-25,21:00:00,12.591,12.62,12.585,12.61,33252,0
2017-07-25,22:00:00,12.615,12.629,12.591,12.629,16984,0
2017-07-26,16:00:00,12.668,12.668,12.611,12.611,9597,0
2017-07-26,17:00:00,12.617,12.688,12.591,12.678,18118,0
2017-07-26,18:00:00,12.659,12.678,12.6,12.678,18307,0
2017-07-26,19:00:00,12.678,12.688,12.639,12.659,17737,0
2017-07-26,20:00:00,12.649,12.659,12.61,12.629,12377,0
2017-07-26,21:00:00,12.629,12.659,12.6,12.629,15502,0
2017-07-26,22:00:00,12.634,12.649,12.61,12.61,14544,0
2017-07-27,16:00:00,12.581,12.639,12.581,12.61,18115,0
2017-07-27,17:00:00,12.576,12.595,12.552,12.583,18511,0
2017-07-27,18:00:00,12.591,12.591,12.561,12.573,20598,0
2017-07-27,19:00:00,12.571,12.591,12.571,12.571,10395,0
2017-07-27,20:00:00,12.561,12.581,12.513,12.542,11081,0
2017-07-27,21:00:00,12.566,12.569,12.522,12.532,3465,0
2017-07-27,22:00:00,12.534,12.552,12.508,12.513,9559,0
2017-07-28,16:00:00,12.591,12.591,12.493,12.532,25373,0
2017-07-28,17:00:00,12.552,12.58,12.523,12.552,8322,0
2017-07-28,18:00:00,12.552,12.561,12.493,12.493,7943,0
2017-07-28,19:00:00,12.503,12.542,12.493,12.542,7992,0
2017-07-28,20:00:00,12.532,12.532,12.474,12.503,14269,0
2017-07-28,21:00:00,12.503,12.532,12.493,12.532,5725,0
2017-07-28,22:00:00,12.513,12.552,12.493,12.513,6085,0
2017-07-31,16:00:00,12.464,12.493,12.425,12.425,10140,0
2017-07-31,17:00:00,12.474,12.484,12.428,12.435,7613,0
2017-07-31,18:00:00,12.425,12.464,12.42,12.446,7004,0
2017-07-31,19:00:00,12.45,12.474,12.416,12.435,6283,0
2017-07-31,20:00:00,12.445,12.464,12.425,12.437,17355,0
2017-07-31,21:00:00,12.435,12.532,12.435,12.512,19560,0
2017-07-31,22:00:00,12.493,12.523,12.464,12.503,19187,0
2017-08-01,16:00:00,12.503,12.571,12.503,12.571,8228,0
2017-08-01,17:00:00,12.542,12.569,12.523,12.569,26057,0
2017-08-01,18:00:00,12.561,12.561,12.474,12.525,12597,0
2017-08-01,19:00:00,12.523,12.542,12.523,12.541,4722,0
2017-08-01,20:00:00,12.513,12.542,12.475,12.513,13697,0
2017-08-01,21:00:00,12.522,12.522,12.463,12.479,12384,0
2017-08-01,22:00:00,12.464,12.474,12.416,12.416,8669,0
2017-08-02,16:00:00,12.425,12.503,12.425,12.503,12792,0
2017-08-02,17:00:00,12.481,12.523,12.425,12.425,19297,0
2017-08-02,18:00:00,12.435,12.484,12.416,12.472,3968,0
2017-08-02,19:00:00,12.468,12.493,12.455,12.493,18546,0
2017-08-02,20:00:00,12.493,12.513,12.493,12.503,23698,0
2017-08-02,21:00:00,12.513,12.523,12.493,12.503,7420,0
2017-08-02,22:00:00,12.493,12.561,12.474,12.561,12671,0
2017-08-03,16:00:00,12.542,12.542,12.542,12.542,2723,0
2017-08-03,17:00:00,12.513,12.522,12.474,12.503,9063,0
2017-08-03,18:00:00,12.493,12.503,12.484,12.497,3901,0
2017-08-03,19:00:00,12.487,12.487,12.425,12.425,4574,0
2017-08-03,20:00:00,12.425,12.425,12.367,12.386,13005,0
2017-08-03,21:00:00,12.393,12.393,12.309,12.337,15335,0
2017-08-03,22:00:00,12.327,12.327,12.25,12.279,20631,0
2017-08-04,16:00:00,12.241,12.406,12.241,12.25,11478,0
2017-08-04,17:00:00,12.25,12.275,12.192,12.218,19504,0
2017-08-04,18:00:00,12.221,12.241,12.192,12.236,20909,0
2017-08-04,19:00:00,12.25,12.279,12.233,12.269,19003,0
2017-08-04,20:00:00,12.255,12.26,12.211,12.211,2366,0
2017-08-04,21:00:00,12.198,12.221,12.192,12.207,11339,0
2017-08-04,22:00:00,12.208,12.221,12.153,12.153,23314,0
2017-08-07,16:00:00,12.173,12.192,12.114,12.119,25935,0
2017-08-07,17:00:00,12.119,12.134,12.066,12.085,17409,0
2017-08-07,18:00:00,12.06,12.085,12.046,12.056,29450,0
2017-08-07,19:00:00,12.056,12.075,12.046,12.075,12346,0
2017-08-07,20:00:00,12.075,12.085,12.017,12.023,27135,0
2017-08-07,21:00:00,12.027,12.036,11.998,12.007,6258,0
2017-08-07,22:00:00,11.998,12.056,11.998,12.046,22271,0
2017-08-08,16:00:00,11.881,11.881,11.686,11.774,60153,0
2017-08-08,17:00:00,11.735,11.881,11.717,11.852,69788,0
2017-08-08,18:00:00,11.856,11.881,11.803,11.814,18869,0
2017-08-08,19:00:00,11.81,11.861,11.784,11.784,18318,0
2017-08-08,20:00:00,11.799,11.813,11.738,11.761,17699,0
2017-08-08,21:00:00,11.774,11.774,11.712,11.734,39685,0
2017-08-08,22:00:00,11.706,11.725,11.628,11.725,39517,0
2017-08-09,16:00:00,11.735,11.784,11.628,11.735,42679,0
2017-08-09,17:00:00,11.745,11.871,11.745,11.836,73710,0
2017-08-09,18:00:00,11.813,11.837,11.774,11.832,31635,0
2017-08-09,19:00:00,11.822,11.826,11.793,11.797,15564,0
2017-08-09,20:00:00,11.803,11.822,11.788,11.793,25287,0
2017-08-09,21:00:00,11.793,11.822,11.774,11.784,9642,0
2017-08-09,22:00:00,11.803,11.805,11.774,11.793,17389,0
2017-08-10,16:00:00,11.881,11.91,11.793,11.891,20568,0
2017-08-10,17:00:00,11.91,11.91,11.803,11.822,26347,0
2017-08-10,18:00:00,11.808,11.842,11.803,11.803,12726,0
2017-08-10,19:00:00,11.803,11.81,11.706,11.706,19124,0
2017-08-10,20:00:00,11.706,11.793,11.638,11.665,33422,0
2017-08-10,21:00:00,11.667,11.695,11.638,11.638,20748,0
2017-08-10,22:00:00,11.638,11.706,11.609,11.706,7350,0
2017-08-11,16:00:00,11.511,11.57,11.395,11.502,109444,0
2017-08-11,17:00:00,11.482,11.686,11.448,11.628,30614,0
2017-08-11,18:00:00,11.647,11.667,11.55,11.667,13996,0
2017-08-11,19:00:00,11.667,11.745,11.57,11.745,13792,0
2017-08-11,20:00:00,11.735,11.735,11.667,11.696,5246,0
2017-08-11,21:00:00,11.67,11.754,11.638,11.696,17038,0
2017-08-11,22:00:00,11.725,11.745,11.57,11.57,35074,0
2017-08-14,16:00:00,11.55,11.706,11.55,11.667,21912,0
2017-08-14,17:00:00,11.638,11.716,11.638,11.667,21272,0
2017-08-14,18:00:00,11.647,11.667,11.628,11.629,11339,0
2017-08-14,19:00:00,11.628,11.645,11.57,11.57,8778,0
2017-08-14,20:00:00,11.572,11.589,11.57,11.57,2469,0
2017-08-14,21:00:00,11.585,11.585,11.531,11.565,8300,0
2017-08-14,22:00:00,11.565,11.579,11.511,11.56,40696,0
2017-08-15,16:00:00,11.531,11.56,11.366,11.387,68337,0
2017-08-15,17:00:00,11.395,11.424,11.241,11.278,57332,0
2017-08-15,18:00:00,11.241,11.346,11.241,11.346,29308,0
2017-08-15,19:00:00,11.346,11.385,11.327,11.356,20422,0
2017-08-15,20:00:00,11.348,11.434,11.336,11.356,48597,0
2017-08-15,21:00:00,11.385,11.434,11.366,11.381,38331,0
2017-08-15,22:00:00,11.385,11.443,11.346,11.366,24532,0
2017-08-16,16:00:00,11.375,11.404,11.375,11.404,11831,0
2017-08-16,17:00:00,11.414,11.443,11.375,11.378,35249,0
2017-08-16,18:00:00,11.385,11.394,11.307,11.317,22308,0
2017-08-16,19:00:00,11.317,11.366,11.307,11.341,34148,0
2017-08-16,20:00:00,11.336,11.356,11.336,11.356,54761,0
2017-08-16,21:00:00,11.351,11.356,11.298,11.307,40883,0
2017-08-16,22:00:00,11.317,11.317,11.278,11.278,38201,0
2017-08-17,16:00:00,11.356,11.356,11.307,11.307,26414,0
2017-08-17,17:00:00,11.307,11.336,11.288,11.327,11166,0
2017-08-17,18:00:00,11.327,11.327,11.278,11.279,13789,0
2017-08-17,19:00:00,11.278,11.317,11.278,11.288,11394,0
2017-08-17,20:00:00,11.307,11.307,11.278,11.307,11584,0
2017-08-17,21:00:00,11.307,11.317,11.239,11.288,38901,0
2017-08-17,22:00:00,11.273,11.288,11.229,11.268,27633,0
2017-08-18,16:00:00,11.288,11.297,11.2,11.236,45772,0
2017-08-18,17:00:00,11.22,11.255,11.161,11.229,27405,0
2017-08-18,18:00:00,11.22,11.297,11.203,11.297,29049,0
2017-08-18,19:00:00,11.288,11.336,11.278,11.327,18295,0
2017-08-18,20:00:00,11.336,11.366,11.268,11.307,25994,0
2017-08-18,21:00:00,11.278,11.346,11.259,11.343,16255,0
2017-08-18,22:00:00,11.346,11.346,11.307,11.336,48134,0
2017-08-21,16:00:00,11.336,11.434,11.336,11.395,57716,0
2017-08-21,17:00:00,11.385,11.385,11.278,11.297,34903,0
2017-08-21,18:00:00,11.297,11.297,11.181,11.181,28523,0
2017-08-21,19:00:00,11.19,11.22,11.132,11.169,26516,0
2017-08-21,20:00:00,11.171,11.181,11.132,11.132,21985,0
2017-08-21,21:00:00,11.142,11.152,11.093,11.113,18900,0
2017-08-21,22:00:00,11.113,11.171,11.093,11.093,14400,0
2017-08-22,16:00:00,11.132,11.261,11.132,11.261,13515,0
2017-08-22,17:00:00,11.229,11.288,11.22,11.23,13915,0
2017-08-22,18:00:00,11.23,11.268,11.23,11.259,5850,0
2017-08-22,19:00:00,11.259,11.317,11.259,11.3,24056,0
2017-08-22,20:00:00,11.317,11.317,11.297,11.297,6616,0
2017-08-22,21:00:00,11.315,11.356,11.307,11.356,27326,0
2017-08-22,22:00:00,11.346,11.404,11.307,11.404,34342,0
2017-08-23,16:00:00,11.375,11.56,11.356,11.463,24904,0
2017-08-23,17:00:00,11.472,11.579,11.472,11.559,17897,0
2017-08-23,18:00:00,11.609,11.716,11.55,11.696,10655,0
2017-08-23,19:00:00,11.691,11.793,11.686,11.735,27939,0
2017-08-23,20:00:00,11.717,11.764,11.706,11.726,21001,0
2017-08-23,21:00:00,11.735,11.735,11.589,11.599,24030,0
2017-08-23,22:00:00,11.596,11.716,11.553,11.716,27783,0
2017-08-24,16:00:00,11.667,11.725,11.618,11.618,17861,0
2017-08-24,17:00:00,11.599,11.655,11.599,11.638,19778,0
2017-08-24,18:00:00,11.642,11.657,11.609,11.609,13381,0
2017-08-24,19:00:00,11.61,11.672,11.599,11.657,9550,0
2017-08-24,20:00:00,11.657,11.686,11.628,11.664,20579,0
2017-08-24,21:00:00,11.657,11.668,11.618,11.628,19493,0
2017-08-24,22:00:00,11.628,11.657,11.618,11.638,18775,0
2017-08-25,16:00:00,11.647,11.706,11.647,11.686,26625,0
2017-08-25,17:00:00,11.686,11.706,11.667,11.686,14216,0
2017-08-25,18:00:00,11.677,11.696,11.663,11.663,10472,0
2017-08-25,19:00:00,11.657,11.667,11.628,11.628,5377,0
2017-08-25,20:00:00,11.654,11.667,11.628,11.647,39233,0
2017-08-25,21:00:00,11.647,11.696,11.628,11.647,23038,0
2017-08-25,22:00:00,11.647,11.657,11.638,11.638,10139,0
2017-08-28,16:00:00,11.638,11.696,11.628,11.667,16732,0
2017-08-28,17:00:00,11.667,11.694,11.589,11.638,23168,0
2017-08-28,18:00:00,11.628,11.638,11.492,11.579,41746,0
2017-08-28,19:00:00,11.584,11.599,11.531,11.57,5444,0
2017-08-28,20:00:00,11.531,11.55,11.521,11.521,5449,0
2017-08-28,21:00:00,11.531,11.531,11.482,11.511,15963,0
2017-08-28,22:00:00,11.531,11.55,11.511,11.521,21425,0
2017-08-29,16:00:00,11.443,11.511,11.297,11.482,25397,0
2017-08-29,17:00:00,11.482,11.482,11.404,11.434,19176,0
2017-08-29,18:00:00,11.434,11.45,11.404,11.424,9833,0
2017-08-29,19:00:00,11.472,11.521,11.438,11.521,5144,0
2017-08-29,20:00:00,11.492,11.572,11.482,11.523,20523,0
2017-08-29,21:00:00,11.521,11.56,11.521,11.556,4579,0
2017-08-29,22:00:00,11.57,11.599,11.482,11.599,20471,0
2017-08-30,16:00:00,11.502,11.57,11.502,11.57,9219,0
2017-08-30,17:00:00,11.573,11.608,11.55,11.608,3559,0
2017-08-30,18:00:00,11.594,11.618,11.579,11.584,12938,0
2017-08-30,19:00:00,11.625,11.628,11.579,11.599,14707,0
2017-08-30,20:00:00,11.618,11.618,11.589,11.607,11565,0
2017-08-30,21:00:00,11.609,11.638,11.57,11.638,15101,0
2017-08-30,22:00:00,11.638,11.667,11.579,11.628,29276,0
2017-08-31,16:00:00,11.677,11.73,11.667,11.696,10918,0
2017-08-31,17:00:00,11.754,11.861,11.745,11.861,11899,0
2017-08-31,18:00:00,11.842,11.852,11.822,11.85,16120,0
2017-08-31,19:00:00,11.871,11.959,11.852,11.959,18600,0
2017-08-31,20:00:00,11.939,11.959,11.92,11.92,8527,0
2017-08-31,21:00:00,11.929,11.932,11.9,11.929,5880,0
2017-08-31,22:00:00,11.92,11.977,11.9,11.929,20213,0
2017-09-01,16:00:00,11.891,11.968,11.891,11.968,11503,0
2017-09-01,17:00:00,11.968,12.406,11.968,12.221,124941,0
2017-09-01,18:00:00,12.221,12.231,12.036,12.056,59270,0
2017-09-01,19:00:00,12.036,12.046,11.964,11.978,14093,0
2017-09-01,20:00:00,11.978,11.978,11.959,11.964,21512,0
2017-09-01,21:00:00,11.968,12.075,11.963,11.998,35807,0
2017-09-01,22:00:00,12.017,12.036,11.988,12.017,21819,0
2017-09-05,16:00:00,12.017,12.085,12.017,12.046,23807,0
2017-09-05,17:00:00,12.046,12.056,11.9,11.9,21256,0
2017-09-05,18:00:00,11.891,11.939,11.891,11.922,8408,0
2017-09-05,19:00:00,11.948,11.948,11.881,11.92,33497,0
2017-09-05,20:00:00,11.9,11.939,11.881,11.939,12776,0
2017-09-05,21:00:00,11.939,11.958,11.871,11.917,9300,0
2017-09-05,22:00:00,11.907,11.907,11.861,11.861,5196,0
2017-09-06,16:00:00,11.881,11.916,11.881,11.891,5957,0
2017-09-06,17:00:00,11.891,11.91,11.813,11.91,30445,0
2017-09-06,18:00:00,11.91,11.92,11.813,11.813,14922,0
2017-09-06,19:00:00,11.871,11.876,11.871,11.876,4021,0
2017-09-06,20:00:00,11.861,11.879,11.852,11.879,6346,0
2017-09-06,21:00:00,11.89,11.89,11.881,11.885,4795,0
2017-09-06,22:00:00,11.881,11.881,11.822,11.852,20162,0
2017-09-07,16:00:00,11.852,11.857,11.832,11.857,6637,0
2017-09-07,17:00:00,11.826,11.9,11.826,11.89,18667,0
2017-09-07,18:00:00,11.891,11.91,11.852,11.9,5407,0
2017-09-07,19:00:00,11.881,11.9,11.842,11.852,42842,0
2017-09-07,20:00:00,11.852,11.852,11.803,11.803,64181,0
2017-09-07,21:00:00,11.813,11.813,11.774,11.813,22657,0
2017-09-07,22:00:00,11.813,11.813,11.764,11.764,44882,0
2017-09-08,16:00:00,11.735,11.803,11.735,11.735,17103,0
2017-09-08,17:00:00,11.754,11.784,11.686,11.696,18925,0
2017-09-08,18:00:00,11.7,11.706,11.628,11.628,20132,0
2017-09-08,19:00:00,11.618,11.623,11.565,11.57,65278,0
2017-09-08,20:00:00,11.565,11.565,11.472,11.541,147993,0
2017-09-08,21:00:00,11.541,11.56,11.531,11.541,13002,0
2017-09-08,22:00:00,11.533,11.56,11.511,11.511,49774,0
2017-09-11,16:00:00,11.521,11.56,11.502,11.521,20443,0
2017-09-11,17:00:00,11.521,11.579,11.521,11.57,33363,0
2017-09-11,18:00:00,11.56,11.592,11.55,11.579,28692,0
2017-09-11,19:00:00,11.589,11.609,11.579,11.584,24529,0
2017-09-11,20:00:00,11.599,11.599,11.579,11.599,5400,0
2017-09-11,21:00:00,11.589,11.592,11.521,11.541,18457,0
2017-09-11,22:00:00,11.539,11.57,11.521,11.531,29343,0
2017-09-12,16:00:00,11.599,11.638,11.55,11.618,11248,0
2017-09-12,17:00:00,11.638,11.638,11.57,11.579,29636,0
2017-09-12,18:00:00,11.579,11.599,11.579,11.589,11352,0
2017-09-12,19:00:00,11.589,11.618,11.55,11.589,34986,0
2017-09-12,20:00:00,11.589,11.628,11.589,11.609,18059,0
2017-09-12,21:00:00,11.618,11.628,11.57,11.57,22506,0
2017-09-12,22:00:00,11.579,11.599,11.55,11.56,21000,0
2017-09-13,16:00:00,11.579,11.666,11.579,11.609,22390,0
2017-09-13,17:00:00,11.609,11.647,11.579,11.579,24815,0
2017-09-13,18:00:00,11.628,11.638,11.589,11.638,16777,0
2017-09-13,19:00:00,11.628,11.638,11.595,11.609,10870,0
2017-09-13,20:00:00,11.589,11.696,11.589,11.686,15734,0
2017-09-13,21:00:00,11.686,11.716,11.667,11.716,12562,0
2017-09-13,22:00:00,11.696,11.745,11.686,11.725,23039,0
2017-09-14,16:00:00,11.735,11.803,11.696,11.803,15199,0
2017-09-14,17:00:00,11.784,11.852,11.745,11.803,19995,0
2017-09-14,18:00:00,11.803,11.832,11.735,11.735,18437,0
2017-09-14,19:00:00,11.735,11.774,11.735,11.757,11843,0
2017-09-14,20:00:00,11.754,11.769,11.735,11.754,8791,0
2017-09-14,21:00:00,11.754,11.764,11.716,11.744,21057,0
2017-09-14,22:00:00,11.74,11.784,11.725,11.745,18449,0
2017-09-15,16:00:00,11.706,11.706,11.638,11.677,18342,0
2017-09-15,17:00:00,11.669,11.701,11.657,11.657,23782,0
2017-09-15,18:00:00,11.647,11.647,11.579,11.628,25173,0
2017-09-15,19:00:00,11.609,11.638,11.599,11.618,15574,0
2017-09-15,20:00:00,11.617,11.646,11.617,11.618,9714,0
2017-09-15,21:00:00,11.618,11.638,11.589,11.618,10836,0
2017-09-15,22:00:00,11.599,11.647,11.589,11.589,26201,0
2017-09-18,16:00:00,11.57,11.619,11.57,11.579,11371,0
2017-09-18,17:00:00,11.589,11.618,11.492,11.492,18178,0
2017-09-18,18:00:00,11.52,11.574,11.482,11.541,23435,0
2017-09-18,19:00:00,11.541,11.541,11.511,11.531,17515,0
2017-09-18,20:00:00,11.536,11.555,11.536,11.541,27506,0
2017-09-18,21:00:00,11.536,11.54,11.521,11.521,9591,0
2017-09-18,22:00:00,11.521,11.56,11.507,11.531,43154,0
2017-09-19,16:00:00,11.638,11.638,11.618,11.623,9844,0
2017-09-19,17:00:00,11.647,11.657,11.579,11.638,17907,0
2017-09-19,18:00:00,11.628,11.696,11.589,11.599,27085,0
2017-09-19,19:00:00,11.599,11.628,11.589,11.599,11623,0
2017-09-19,20:00:00,11.599,11.685,11.599,11.617,28505,0
2017-09-19,21:00:00,11.609,11.657,11.57,11.57,22483,0
2017-09-19,22:00:00,11.57,11.647,11.56,11.599,21355,0
2017-09-20,16:00:00,11.686,11.745,11.686,11.696,16271,0
2017-09-20,17:00:00,11.716,11.725,11.69,11.696,5045,0
2017-09-20,18:00:00,11.706,11.745,11.696,11.716,5627,0
2017-09-20,19:00:00,11.735,11.735,11.677,11.702,12409,0
2017-09-20,20:00:00,11.696,11.73,11.667,11.677,13462,0
2017-09-20,21:00:00,11.677,11.686,11.618,11.657,12897,0
2017-09-20,22:00:00,11.647,11.686,11.609,11.638,24746,0
2017-09-21,16:00:00,11.618,11.667,11.589,11.589,15818,0
2017-09-21,17:00:00,11.609,11.628,11.508,11.555,84847,0
2017-09-21,18:00:00,11.56,11.56,11.482,11.492,9065,0
2017-09-21,19:00:00,11.492,11.516,11.488,11.512,16225,0
2017-09-21,20:00:00,11.511,11.531,11.511,11.526,13381,0
2017-09-21,21:00:00,11.521,11.531,11.502,11.502,6334,0
2017-09-21,22:00:00,11.507,11.511,11.492,11.492,24244,0
2017-09-22,16:00:00,11.502,11.599,11.472,11.511,15227,0
2017-09-22,17:00:00,11.541,11.541,11.492,11.502,10128,0
2017-09-22,18:00:00,11.502,11.502,11.424,11.43,8878,0
2017-09-22,19:00:00,11.424,11.453,11.405,11.424,19206,0
2017-09-22,20:00:00,11.443,11.472,11.434,11.463,18341,0
2017-09-22,21:00:00,11.463,11.482,11.453,11.453,14439,0
2017-09-22,22:00:00,11.443,11.531,11.434,11.531,21883,0
2017-09-25,16:00:00,11.57,11.618,11.541,11.618,15625,0
2017-09-25,17:00:00,11.609,11.628,11.599,11.609,16174,0
2017-09-25,18:00:00,11.623,11.682,11.609,11.677,18231,0
2017-09-25,19:00:00,11.686,11.706,11.677,11.706,5804,0
2017-09-25,20:00:00,11.706,11.745,11.696,11.745,9538,0
2017-09-25,21:00:00,11.736,11.793,11.735,11.784,23171,0
2017-09-25,22:00:00,11.784,11.842,11.784,11.842,30325,0
2017-09-26,16:00:00,11.842,11.881,11.764,11.784,30109,0
2017-09-26,17:00:00,11.784,11.822,11.758,11.784,41825,0
2017-09-26,18:00:00,11.774,11.822,11.764,11.813,19188,0
2017-09-26,19:00:00,11.813,11.852,11.803,11.83,20873,0
2017-09-26,20:00:00,11.842,11.875,11.824,11.866,3400,0
2017-09-26,21:00:00,11.881,11.891,11.876,11.885,4593,0
2017-09-26,22:00:00,11.91,11.92,11.872,11.881,20902,0
2017-09-27,16:00:00,11.861,11.895,11.764,11.764,25015,0
2017-09-27,17:00:00,11.765,11.765,11.638,11.647,37906,0
2017-09-27,18:00:00,11.647,11.774,11.647,11.647,25290,0
2017-09-27,19:00:00,11.667,11.735,11.659,11.725,11612,0
2017-09-27,20:00:00,11.735,11.754,11.725,11.725,10082,0
2017-09-27,21:00:00,11.745,11.754,11.716,11.716,24545,0
2017-09-27,22:00:00,11.725,11.803,11.686,11.686,34773,0
2017-09-28,16:00:00,11.803,11.803,11.725,11.745,16675,0
2017-09-28,17:00:00,11.764,11.764,11.696,11.716,8000,0
2017-09-28,18:00:00,11.745,11.745,11.696,11.716,15677,0
2017-09-28,19:00:00,11.706,11.735,11.696,11.735,12492,0
2017-09-28,20:00:00,11.735,11.745,11.716,11.725,17998,0
2017-09-28,21:00:00,11.725,11.777,11.716,11.759,46023,0
2017-09-28,22:00:00,11.76,11.793,11.735,11.735,22571,0
2017-09-29,16:00:00,11.677,11.912,11.677,11.842,27532,0
2017-09-29,17:00:00,11.842,11.842,11.758,11.803,29591,0
2017-09-29,18:00:00,11.832,11.842,11.803,11.803,8353,0
2017-09-29,19:00:00,11.784,11.822,11.784,11.803,8931,0
2017-09-29,20:00:00,11.813,11.823,11.764,11.784,21030,0
2017-09-29,21:00:00,11.784,11.803,11.764,11.774,37144,0
2017-09-29,22:00:00,11.774,11.774,11.716,11.725,26760,0
2017-10-02,16:00:00,11.716,11.764,11.706,11.725,26123,0
2017-10-02,17:00:00,11.725,11.774,11.677,11.754,19776,0
2017-10-02,18:00:00,11.75,11.813,11.735,11.813,29859,0
2017-10-02,19:00:00,11.808,11.861,11.798,11.861,12091,0
2017-10-02,20:00:00,11.857,11.857,11.842,11.852,3291,0
2017-10-02,21:00:00,11.847,11.881,11.847,11.861,17098,0
2017-10-02,22:00:00,11.871,11.871,11.822,11.871,21772,0
2017-10-03,16:00:00,11.881,11.886,11.816,11.832,16010,0
2017-10-03,17:00:00,11.852,11.891,11.803,11.803,26257,0
2017-10-03,18:00:00,11.813,11.818,11.793,11.818,24046,0
2017-10-03,19:00:00,11.821,11.974,11.814,11.974,53582,0
2017-10-03,20:00:00,11.92,11.959,11.92,11.92,11606,0
2017-10-03,21:00:00,11.929,11.968,11.927,11.968,35468,0
2017-10-03,22:00:00,11.968,11.988,11.939,11.939,24229,0
2017-10-04,16:00:00,11.998,11.998,11.91,11.91,5180,0
2017-10-04,17:00:00,11.895,11.929,11.852,11.929,22345,0
2017-10-04,18:00:00,11.91,11.92,11.891,11.9,5419,0
2017-10-04,19:00:00,11.9,11.915,11.871,11.871,11105,0
2017-10-04,20:00:00,11.889,11.9,11.881,11.881,12033,0
2017-10-04,21:00:00,11.881,11.881,11.861,11.861,8023,0
2017-10-04,22:00:00,11.881,11.91,11.861,11.891,20164,0
2017-10-05,16:00:00,11.891,11.929,11.876,11.929,10765,0
2017-10-05,17:00:00,11.92,11.988,11.92,11.988,7842,0
2017-10-05,18:00:00,11.998,11.998,11.949,11.959,5683,0
2017-10-05,19:00:00,11.959,11.978,11.959,11.968,7392,0
2017-10-05,20:00:00,11.969,11.978,11.959,11.959,9906,0
2017-10-05,21:00:00,11.959,11.998,11.959,11.998,15348,0
2017-10-05,22:00:00,11.998,12.017,11.998,12.007,13442,0
2017-10-06,16:00:00,11.91,11.987,11.871,11.881,8086,0
2017-10-06,17:00:00,11.881,11.949,11.881,11.91,17166,0
2017-10-06,18:00:00,11.91,11.939,11.9,11.9,11523,0
2017-10-06,19:00:00,11.917,11.929,11.891,11.915,15507,0
2017-10-06,20:00:00,11.915,11.944,11.9,11.943,33086,0
2017-10-06,21:00:00,11.929,11.988,11.929,11.988,13089,0
2017-10-06,22:00:00,11.978,11.993,11.939,11.949,32914,0
2017-10-09,17:00:00,11.929,11.959,11.91,11.91,12466,0
2017-10-09,18:00:00,11.921,11.956,11.91,11.939,40906,0
2017-10-09,19:00:00,11.929,11.959,11.922,11.952,17505,0
2017-10-09,20:00:00,11.949,11.952,11.92,11.92,8421,0
2017-10-09,21:00:00,11.927,11.949,11.9,11.9,18472,0
2017-10-09,22:00:00,11.891,11.929,11.861,11.918,20130,0
2017-10-10,16:00:00,11.968,12.095,11.968,12.056,62423,0
2017-10-10,17:00:00,12.036,12.036,11.959,11.959,16605,0
2017-10-10,18:00:00,11.968,11.988,11.939,11.949,14770,0
2017-10-10,19:00:00,11.949,11.959,11.949,11.955,13327,0
2017-10-10,20:00:00,11.95,11.959,11.949,11.949,20075,0
2017-10-10,21:00:00,11.949,11.954,11.939,11.939,6568,0
2017-10-10,22:00:00,11.939,11.949,11.9,11.939,11734,0
2017-10-11,16:00:00,11.92,11.964,11.92,11.929,6394,0
2017-10-11,17:00:00,11.939,11.993,11.92,11.939,10267,0
2017-10-11,18:00:00,11.968,11.968,11.949,11.949,25304,0
2017-10-11,19:00:00,11.939,11.959,11.929,11.949,29555,0
2017-10-11,20:00:00,11.949,11.949,11.92,11.925,20871,0
2017-10-11,21:00:00,11.92,11.939,11.91,11.92,19944,0
2017-10-11,22:00:00,11.92,11.939,11.9,11.91,46453,0
2017-10-12,16:00:00,12.02,12.02,11.79,11.825,25480,0
2017-10-12,17:00:00,11.84,11.93,11.84,11.9,16651,0
2017-10-12,18:00:00,11.9,11.94,11.88,11.93,20365,0
2017-10-12,19:00:00,11.95,11.95,11.9,11.93,11410,0
2017-10-12,20:00:00,11.917,11.95,11.9141,11.93,19363,0
2017-10-12,21:00:00,11.92,11.93,11.85,11.85,21951,0
2017-10-12,22:00:00,11.84,11.88,11.84,11.88,16135,0
2017-10-13,16:00:00,11.96,12,11.83,11.84,13551,0
2017-10-13,17:00:00,11.82,11.8316,11.75,11.8,30549,0
2017-10-13,18:00:00,11.78,11.7999,11.73,11.745,24534,0
2017-10-13,19:00:00,11.7424,11.75,11.67,11.67,33127,0
2017-10-13,20:00:00,11.7,11.74,11.68,11.72,38186,0
2017-10-13,21:00:00,11.72,11.73,11.7,11.71,50843,0
2017-10-13,22:00:00,11.7,11.7,11.5794,11.61,91093,0
2017-10-16,16:00:00,11.69,11.73,11.67,11.7,21280,0
2017-10-16,17:00:00,11.69,11.73,11.65,11.69,29720,0
2017-10-16,18:00:00,11.68,11.69,11.6241,11.64,101380,0
2017-10-16,19:00:00,11.64,11.64,11.5917,11.5917,15300,0
2017-10-16,20:00:00,11.59,11.61,11.58,11.61,5927,0
2017-10-16,21:00:00,11.605,11.62,11.59,11.611,28412,0
2017-10-16,22:00:00,11.61,11.62,11.58,11.59,26183,0
2017-10-17,16:00:00,11.54,11.63,11.54,11.63,28902,0
2017-10-17,17:00:00,11.6085,11.64,11.53,11.5538,31103,0
2017-10-17,18:00:00,11.555,11.6,11.55,11.6,15392,0
2017-10-17,19:00:00,11.57,11.6,11.57,11.6,6540,0
2017-10-17,20:00:00,11.59,11.59,11.5,11.51,35750,0
2017-10-17,21:00:00,11.51,11.51,11.46,11.4869,21616,0
2017-10-17,22:00:00,11.48,11.54,11.48,11.49,64168,0
2017-10-18,16:00:00,11.49,11.5283,11.392,11.44,73071,0
2017-10-18,17:00:00,11.4,11.429,11.3001,11.3252,69922,0
2017-10-18,18:00:00,11.34,11.34,11.21,11.27,44659,0
2017-10-18,19:00:00,11.265,11.3,11.22,11.2858,32387,0
2017-10-18,20:00:00,11.2859,11.2859,11.22,11.24,14367,0
2017-10-18,21:00:00,11.2592,11.32,11.2592,11.31,40635,0
2017-10-18,22:00:00,11.31,11.319,11.211,11.22,29114,0
2017-10-19,16:00:00,11.16,11.25,11.11,11.15,50459,0
2017-10-19,17:00:00,11.139,11.19,11.11,11.18,29390,0
2017-10-19,18:00:00,11.18,11.2,11.127,11.1389,57333,0
2017-10-19,19:00:00,11.14,11.15,11.12,11.1332,8619,0
2017-10-19,20:00:00,11.12,11.13,11.1,11.1166,31543,0
2017-10-19,21:00:00,11.116,11.15,11.11,11.11,24599,0
2017-10-19,22:00:00,11.135,11.18,11.12,11.15,53805,0
2017-10-20,16:00:00,11.22,11.25,11.15,11.15,21976,0
2017-10-20,17:00:00,11.14,11.275,11.1,11.25,38839,0
2017-10-20,18:00:00,11.26,11.28,11.2,11.2,14149,0
2017-10-20,19:00:00,11.2,11.2063,11.1802,11.195,10505,0
2017-10-20,20:00:00,11.2,11.21,11.17,11.1839,9565,0
2017-10-20,21:00:00,11.1849,11.1911,11.09,11.1379,33173,0
2017-10-20,22:00:00,11.14,11.14,11.105,11.12,19619,0
2017-10-23,16:00:00,11.15,11.2,11.13,11.19,9270,0
2017-10-23,17:00:00,11.21,11.21,11.15,11.15,15795,0
2017-10-23,18:00:00,11.16,11.18,11.15,11.16,57233,0
2017-10-23,19:00:00,11.17,11.18,11.15,11.1696,49150,0
2017-10-23,20:00:00,11.17,11.18,11.1,11.1,28945,0
2017-10-23,21:00:00,11.1,11.1373,11.081,11.1201,23804,0
2017-10-23,22:00:00,11.13,11.135,11.07,11.07,26442,0
2017-10-24,16:00:00,11.11,11.18,11.0812,11.1263,25437,0
2017-10-24,17:00:00,11.1,11.1,10.9203,10.9259,41220,0
2017-10-24,18:00:00,10.9203,11.01,10.8837,10.96,21134,0
2017-10-24,19:00:00,10.99,11.04,10.9401,10.96,41222,0
2017-10-24,20:00:00,10.97,10.97,10.89,10.89,38635,0
2017-10-24,21:00:00,10.9,10.96,10.9,10.9359,41589,0
2017-10-24,22:00:00,10.9283,10.96,10.9004,10.93,43045,0
2017-10-25,16:00:00,10.9,10.95,10.83,10.8383,26367,0
2017-10-25,17:00:00,10.83,10.83,10.62,10.647,39653,0
2017-10-25,18:00:00,10.62,10.62,10.51,10.53,81258,0
2017-10-25,19:00:00,10.5209,10.61,10.45,10.577,70957,0
2017-10-25,20:00:00,10.5605,10.6095,10.54,10.5443,13532,0
2017-10-25,21:00:00,10.555,10.57,10.51,10.5216,38892,0
2017-10-25,22:00:00,10.5224,10.5698,10.48,10.53,69486,0
2017-10-26,16:00:00,10.53,10.59,10.4,10.49,54340,0
2017-10-26,17:00:00,10.49,10.54,10.37,10.41,30337,0
2017-10-26,18:00:00,10.42,10.73,10.405,10.69,135117,0
2017-10-26,19:00:00,10.705,10.72,10.59,10.6,84404,0
2017-10-26,20:00:00,10.6,10.645,10.58,10.62,67408,0
2017-10-26,21:00:00,10.625,10.638,10.6,10.61,44138,0
2017-10-26,22:00:00,10.61,10.65,10.55,10.56,201720,0
2017-10-27,16:00:00,10.68,10.78,10.65,10.78,44523,0
2017-10-27,17:00:00,10.78,10.9,10.76,10.88,59582,0
2017-10-27,18:00:00,10.8993,10.96,10.86,10.8976,79274,0
2017-10-27,19:00:00,10.9,10.91,10.8304,10.86,14353,0
2017-10-27,20:00:00,10.8697,10.91,10.86,10.87,10204,0
2017-10-27,21:00:00,10.86,10.86,10.81,10.82,32262,0
2017-10-27,22:00:00,10.85,10.85,10.791,10.82,49752,0
2017-10-30,15:00:00,10.9,11.06,10.86,11.06,33406,0
2017-10-30,16:00:00,11.0538,11.08,10.93,10.93,41555,0
2017-10-30,17:00:00,10.91,10.9786,10.91,10.95,78178,0
2017-10-30,18:00:00,10.95,10.995,10.93,10.94,43353,0
2017-10-30,19:00:00,10.93,10.9604,10.92,10.93,38771,0
2017-10-30,20:00:00,10.93,10.95,10.919,10.9474,13985,0
2017-10-30,21:00:00,10.94,10.94,10.8769,10.93,36125,0
2017-10-31,15:00:00,10.89,10.96,10.85,10.85,20910,0
2017-10-31,16:00:00,10.85,10.89,10.81,10.81,17064,0
2017-10-31,17:00:00,10.82,10.93,10.81,10.8845,22162,0
2017-10-31,18:00:00,10.895,10.895,10.82,10.83,16411,0
2017-10-31,19:00:00,10.838,10.92,10.82,10.91,28488,0
2017-10-31,20:00:00,10.919,10.94,10.864,10.8756,25006,0
2017-10-31,21:00:00,10.88,10.91,10.86,10.86,19818,0
2017-11-01,15:00:00,10.97,11.04,10.97,10.99,14035,0
2017-11-01,16:00:00,11.01,11.14,11.01,11.04,47133,0
2017-11-01,17:00:00,11.04,11.1,11.02,11.03,19168,0
2017-11-01,18:00:00,11.06,11.0799,11.0201,11.03,20400,0
2017-11-01,19:00:00,11.03,11.06,11,11,32585,0
2017-11-01,20:00:00,11.02,11.06,11,11.03,48420,0
2017-11-01,21:00:00,11.03,11.06,11.01,11.06,43079,0
2017-11-02,15:00:00,11.02,11.12,10.98,10.99,18154,0
2017-11-02,16:00:00,10.99,10.99,10.87,10.91,59923,0
2017-11-02,17:00:00,10.91,10.93,10.84,10.8632,23670,0
2017-11-02,18:00:00,10.865,10.87,10.83,10.83,11249,0
2017-11-02,19:00:00,10.83,10.845,10.73,10.7308,53965,0
2017-11-02,20:00:00,10.7204,10.76,10.67,10.73,38509,0
2017-11-02,21:00:00,10.73,10.79,10.73,10.75,21406,0
2017-11-03,15:00:00,10.74,10.83,10.74,10.7528,26636,0
2017-11-03,16:00:00,10.76,10.78,10.69,10.71,32857,0
2017-11-03,17:00:00,10.73,10.73,10.69,10.71,40607,0
2017-11-03,18:00:00,10.71,10.77,10.71,10.76,31590,0
2017-11-03,19:00:00,10.7798,10.8,10.75,10.77,55534,0
2017-11-03,20:00:00,10.7772,10.78,10.74,10.75,17784,0
2017-11-03,21:00:00,10.77,10.8,10.75,10.76,70965,0
2017-11-06,16:00:00,10.88,10.88,10.8,10.82,18763,0
2017-11-06,17:00:00,10.83,10.86,10.78,10.84,50393,0
2017-11-06,18:00:00,10.83,10.9,10.8,10.84,131363,0
2017-11-06,19:00:00,10.84,10.9,10.81,10.825,52753,0
2017-11-06,20:00:00,10.8298,10.85,10.8147,10.84,45480,0
2017-11-06,21:00:00,10.84,10.8698,10.835,10.84,38207,0
2017-11-06,22:00:00,10.835,10.87,10.835,10.85,66471,0
2017-11-07,16:00:00,10.88,10.95,10.81,10.894,30134,0
2017-11-07,17:00:00,10.9296,10.94,10.89,10.919,40156,0
2017-11-07,19:00:00,10.91,10.94,10.91,10.94,3380,0
2017-11-07,20:00:00,10.94,10.98,10.94,10.94,26288,0
2017-11-07,21:00:00,10.955,10.98,10.9548,10.97,23966,0
2017-11-07,22:00:00,10.97,10.98,10.92,10.93,43520,0
2017-11-08,16:00:00,10.91,10.9327,10.86,10.9,48487,0
2017-11-08,17:00:00,10.9025,10.91,10.7401,10.77,79626,0
2017-11-08,18:00:00,10.77,10.84,10.77,10.81,34657,0
2017-11-08,19:00:00,10.7915,10.85,10.77,10.7937,27333,0
2017-11-08,20:00:00,10.7948,10.81,10.77,10.77,15901,0
2017-11-08,21:00:00,10.77,10.77,10.69,10.7295,10254,0
2017-11-08,22:00:00,10.74,10.81,10.738,10.8,51556,0
2017-11-09,16:00:00,10.69,10.77,10.69,10.74,16746,0
2017-11-09,17:00:00,10.76,10.84,10.71,10.7976,69516,0
2017-11-09,18:00:00,10.79,10.8,10.74,10.7566,31742,0
2017-11-09,19:00:00,10.73,10.7766,10.72,10.775,18112,0
2017-11-09,20:00:00,10.76,10.77,10.71,10.71,17172,0
2017-11-09,21:00:00,10.72,10.73,10.66,10.73,39078,0
2017-11-09,22:00:00,10.7,10.73,10.7,10.73,24847,0
2017-11-10,16:00:00,10.76,10.84,10.73,10.82,35984,0
2017-11-10,17:00:00,10.85,10.85,10.76,10.8,27584,0
2017-11-10,18:00:00,10.8,10.81,10.71,10.74,38834,0
2017-11-10,19:00:00,10.7332,10.7476,10.6959,10.72,11872,0
2017-11-10,20:00:00,10.72,10.725,10.68,10.69,14910,0
2017-11-10,21:00:00,10.695,10.71,10.695,10.71,8800,0
2017-11-10,22:00:00,10.7099,10.73,10.7,10.73,14847,0
2017-11-13,16:00:00,10.77,10.77,10.6,10.6076,29257,0
2017-11-13,17:00:00,10.6109,10.67,10.57,10.61,44255,0
2017-11-13,18:00:00,10.6,10.6,10.47,10.54,56391,0
2017-11-13,19:00:00,10.55,10.64,10.55,10.56,96700,0
2017-11-13,20:00:00,10.56,10.58,10.54,10.55,36309,0
2017-11-13,21:00:00,10.54,10.54,10.44,10.445,70464,0
2017-11-13,22:00:00,10.4499,10.45,10.36,10.39,80419,0
2017-11-14,16:00:00,10.35,10.4,10.29,10.3,25178,0
2017-11-14,17:00:00,10.3,10.3,10.2,10.2009,66205,0
2017-11-14,18:00:00,10.21,10.21,10.12,10.1314,54577,0
2017-11-14,19:00:00,10.149,10.16,10.1314,10.15,13220,0
2017-11-14,20:00:00,10.143,10.15,10.11,10.1205,48174,0
2017-11-14,21:00:00,10.1102,10.1884,10.11,10.11,35098,0
2017-11-14,22:00:00,10.11,10.16,10.103,10.16,46423,0
2017-11-15,16:00:00,10.12,10.15,9.95,9.98,151644,0
2017-11-15,17:00:00,9.989,10.25,9.9866,10.215,106741,0
2017-11-15,18:00:00,10.22,10.33,10.2,10.28,72195,0
2017-11-15,19:00:00,10.2501,10.31,10.25,10.29,83336,0
2017-11-15,20:00:00,10.29,10.295,10.26,10.29,37541,0
2017-11-15,21:00:00,10.2999,10.3284,10.27,10.3,38841,0
2017-11-15,22:00:00,10.3,10.3101,10.26,10.28,36846,0
2017-11-16,16:00:00,10.34,10.36,10.23,10.26,33752,0
2017-11-16,17:00:00,10.2731,10.3759,10.2731,10.3,39286,0
2017-11-16,18:00:00,10.3,10.34,10.3,10.31,24074,0
2017-11-16,19:00:00,10.32,10.345,10.29,10.3,15733,0
2017-11-16,20:00:00,10.29,10.3,10.25,10.25,24737,0
2017-11-16,21:00:00,10.26,10.29,10.23,10.25,34226,0
2017-11-16,22:00:00,10.241,10.245,10.1501,10.1602,89042,0
2017-11-17,16:00:00,10.22,10.27,10.1646,10.19,33590,0
2017-11-17,17:00:00,10.1879,10.27,10.1879,10.258,25056,0
2017-11-17,18:00:00,10.265,10.29,10.22,10.2646,17852,0
2017-11-17,19:00:00,10.26,10.31,10.25,10.2758,56982,0
2017-11-17,20:00:00,10.2716,10.295,10.26,10.2866,25081,0
2017-11-17,21:00:00,10.28,10.29,10.2632,10.27,21350,0
2017-11-17,22:00:00,10.2618,10.3,10.25,10.28,26629,0
2017-11-20,16:00:00,10.26,10.27,10.17,10.17,30870,0
2017-11-20,17:00:00,10.185,10.26,10.14,10.26,22248,0
2017-11-20,18:00:00,10.26,10.34,10.26,10.33,26776,0
2017-11-20,19:00:00,10.33,10.33,10.3,10.32,13285,0
2017-11-20,20:00:00,10.31,10.34,10.2827,10.3,23301,0
2017-11-20,21:00:00,10.3,10.35,10.29,10.34,27554,0
2017-11-20,22:00:00,10.335,10.34,10.3,10.33,53236,0
2017-11-21,16:00:00,10.34,10.4,10.34,10.355,17914,0
2017-11-21,17:00:00,10.35,10.38,10.33,10.34,23470,0
2017-11-21,18:00:00,10.335,10.335,10.295,10.3,42932,0
2017-11-21,19:00:00,10.295,10.295,10.2311,10.24,15574,0
2017-11-21,20:00:00,10.23,10.23,10.1815,10.19,39701,0
2017-11-21,21:00:00,10.19,10.2053,10.16,10.2,18033,0
2017-11-21,22:00:00,10.2,10.21,10.16,10.18,50911,0
2017-11-22,16:00:00,10.23,10.329,10.21,10.3232,15867,0
2017-11-22,17:00:00,10.3151,10.32,10.23,10.26,28102,0
2017-11-22,18:00:00,10.28,10.3,10.26,10.29,30811,0
2017-11-22,19:00:00,10.288,10.29,10.27,10.28,7983,0
2017-11-22,20:00:00,10.29,10.32,10.27,10.3103,11578,0
2017-11-22,21:00:00,10.281,10.3,10.27,10.29,14580,0
2017-11-22,22:00:00,10.27,10.29,10.27,10.28,18648,0
2017-11-24,16:00:00,10.39,10.4,10.33,10.35,13356,0
2017-11-24,17:00:00,10.34,10.49,10.32,10.4647,37230,0
2017-11-24,18:00:00,10.47,10.47,10.4164,10.43,26472,0
2017-11-24,19:00:00,10.4279,10.43,10.36,10.43,19298,0
2017-11-27,16:00:00,10.4,10.41,10.3398,10.37,8875,0
2017-11-27,17:00:00,10.3258,10.3599,10.25,10.28,34125,0
2017-11-27,18:00:00,10.285,10.29,10.26,10.26,23342,0
2017-11-27,19:00:00,10.26,10.265,10.23,10.24,17594,0
2017-11-27,20:00:00,10.24,10.25,10.23,10.244,15212,0
2017-11-27,21:00:00,10.23,10.244,10.2102,10.22,13572,0
2017-11-27,22:00:00,10.22,10.22,10.1699,10.18,47883,0
2017-11-28,16:00:00,10.15,10.23,10.15,10.16,19811,0
2017-11-28,17:00:00,10.1414,10.2,10.1131,10.12,51532,0
2017-11-28,18:00:00,10.12,10.12,10.07,10.07,48674,0
2017-11-28,19:00:00,10.07,10.1,10.05,10.08,51701,0
2017-11-28,20:00:00,10.07,10.0832,9.99,9.995,75516,0
2017-11-28,21:00:00,9.9947,10,9.94,9.94,82747,0
2017-11-28,22:00:00,9.94,9.945,9.89,9.9,93683,0
2017-11-29,16:00:00,9.94,9.98,9.908,9.9751,25294,0
2017-11-29,17:00:00,9.98,10.02,9.98,10.02,69018,0
2017-11-29,18:00:00,10.02,10.02,9.92,9.94,49753,0
2017-11-29,19:00:00,9.947,9.95,9.9119,9.94,36033,0
2017-11-29,20:00:00,9.94,9.95,9.9,9.905,35788,0
2017-11-29,21:00:00,9.9094,9.98,9.9,9.98,99492,0
2017-11-29,22:00:00,9.98,10.12,9.9713,10.09,85093,0
2017-11-30,16:00:00,10.18,10.389,10.1455,10.355,40716,0
2017-11-30,17:00:00,10.355,10.355,10.24,10.32,19640,0
2017-11-30,18:00:00,10.31,10.411,10.31,10.39,65139,0
2017-11-30,19:00:00,10.395,10.4829,10.38,10.44,41065,0
2017-11-30,20:00:00,10.441,10.46,10.4,10.4136,69219,0
2017-11-30,21:00:00,10.4399,10.55,10.43,10.54,31201,0
2017-11-30,22:00:00,10.55,10.5799,10.53,10.57,35246,0
2017-12-01,16:00:00,10.65,10.75,10.65,10.75,31584,0
2017-12-01,17:00:00,10.75,10.94,10.75,10.93,86999,0
2017-12-01,18:00:00,10.93,10.93,10.76,10.79,28032,0
2017-12-01,19:00:00,10.81,10.86,10.81,10.84,25203,0
2017-12-01,20:00:00,10.83,10.88,10.83,10.85,19023,0
2017-12-01,21:00:00,10.855,10.86,10.85,10.8566,43706,0
2017-12-01,22:00:00,10.86,10.8601,10.82,10.83,45251,0
2017-12-04,16:00:00,10.89,10.92,10.77,10.77,37514,0
2017-12-04,17:00:00,10.77,10.82,10.7501,10.755,75114,0
2017-12-04,18:00:00,10.76,10.84,10.75,10.83,23876,0
2017-12-04,19:00:00,10.83,10.8566,10.74,10.7579,17446,0
2017-12-04,20:00:00,10.74,10.78,10.735,10.77,19846,0
2017-12-04,21:00:00,10.76,10.76,10.678,10.69,21947,0
2017-12-04,22:00:00,10.67,10.69,10.62,10.63,64311,0
2017-12-05,16:00:00,10.6,10.62,10.56,10.5951,24152,0
2017-12-05,17:00:00,10.5801,10.5848,10.56,10.58,61090,0
2017-12-05,18:00:00,10.58,10.62,10.53,10.6,67506,0
2017-12-05,19:00:00,10.6,10.63,10.59,10.62,49134,0
2017-12-05,20:00:00,10.62,10.67,10.62,10.65,35587,0
2017-12-05,21:00:00,10.6594,10.66,10.58,10.58,52495,0
2017-12-05,22:00:00,10.57,10.5919,10.53,10.53,118718,0
2017-12-06,16:00:00,10.5,10.52,10.34,10.41,74134,0
2017-12-06,17:00:00,10.41,10.4687,10.36,10.375,43748,0
2017-12-06,18:00:00,10.37,10.37,10.255,10.28,87818,0
2017-12-06,19:00:00,10.29,10.3,10.275,10.28,35716,0
2017-12-06,20:00:00,10.28,10.36,10.27,10.3575,46619,0
2017-12-06,21:00:00,10.35,10.3799,10.3,10.33,49820,0
2017-12-06,22:00:00,10.338,10.3496,10.29,10.3,54058,0
