Date,Time,Open,High,Low,Close,Volume,OpenInt
2017-01-05,18:00:00,55.02,55.02,54.81,54.81,500,0
2017-01-06,17:00:00,54.96,54.96,54.9,54.9,286,0
2017-01-06,20:00:00,55.0501,55.0799,55.0501,55.0799,200,0
2017-01-06,21:00:00,55.09,55.09,55.09,55.09,100,0
2017-01-06,22:00:00,55.04,55.04,55.04,55.04,313,0
2017-01-09,16:00:00,54.89,54.89,54.82,54.82,342,0
2017-01-09,19:00:00,54.9349,54.9349,54.9349,54.9349,500,0
2017-01-10,22:00:00,54.8245,54.91,54.8245,54.91,3543,0
2017-01-11,16:00:00,55.24,55.24,55.24,55.24,100,0
2017-01-11,18:00:00,54.85,54.85,54.85,54.85,500,0
2017-01-11,20:00:00,54.9225,54.9225,54.84,54.84,604,0
2017-01-11,22:00:00,54.9998,54.9998,54.9998,54.9998,343,0
2017-01-12,21:00:00,54.89,54.9125,54.89,54.9125,924,0
2017-01-13,18:00:00,55.2485,55.2485,55.22,55.22,1650,0
2017-01-13,19:00:00,55.19,55.19,55.19,55.19,100,0
2017-01-13,21:00:00,55.18,55.18,55.18,55.18,100,0
2017-01-13,22:00:00,55.21,55.21,55.21,55.21,100,0
2017-01-17,16:00:00,55.24,55.24,55.24,55.24,100,0
2017-01-17,18:00:00,55.23,55.23,55.16,55.23,3400,0
2017-01-17,19:00:00,55.1701,55.23,55.17,55.17,1200,0
2017-01-17,20:00:00,55.16,55.16,55.16,55.16,100,0
2017-01-17,21:00:00,55.09,55.09,55.01,55.01,200,0
2017-01-17,22:00:00,54.97,55.07,54.97,55.07,711,0
2017-01-18,17:00:00,55.11,55.11,55.11,55.11,100,0
2017-01-18,18:00:00,55.16,55.16,55.16,55.16,100,0
2017-01-18,19:00:00,55.15,55.15,55.15,55.15,100,0
2017-01-18,20:00:00,55.13,55.13,55.13,55.13,347,0
2017-01-19,22:00:00,54.8112,54.8112,54.799,54.799,1166,0
2017-01-20,19:00:00,54.93,54.93,54.93,54.93,500,0
2017-01-23,21:00:00,54.85,54.85,54.829,54.829,2543,0
2017-01-24,20:00:00,55.495,55.495,55.485,55.485,287,0
2017-01-24,22:00:00,55.54,55.54,55.54,55.54,300,0
2017-01-25,20:00:00,55.8025,55.8025,55.8025,55.8025,300,0
2017-01-26,17:00:00,55.9,55.9,55.9,55.9,100,0
2017-01-26,18:00:00,55.8,55.8,55.8,55.8,100,0
2017-01-27,16:00:00,55.6,55.6,55.5702,55.585,489,0
2017-01-27,18:00:00,55.55,55.55,55.5413,55.5413,500,0
2017-01-27,19:00:00,55.57,55.57,55.57,55.57,100,0
2017-01-27,20:00:00,55.5199,55.55,55.5199,55.55,832,0
2017-01-27,21:00:00,55.565,55.565,55.55,55.55,262,0
2017-01-27,22:00:00,55.53,55.53,55.53,55.53,100,0
2017-01-30,22:00:00,55.2199,55.2199,55.2199,55.2199,200,0
2017-01-31,16:00:00,55.13,55.13,55.13,55.13,100,0
2017-01-31,20:00:00,55.13,55.13,55.13,55.13,192,0
2017-01-31,22:00:00,55.38,55.38,55.38,55.38,3358,0
2017-02-01,16:00:00,55.6,55.66,55.6,55.66,300,0
2017-02-01,17:00:00,55.53,55.53,55.53,55.53,560,0
2017-02-02,16:00:00,55.2447,55.2447,55.2447,55.2447,100,0
2017-02-02,21:00:00,55.45,55.45,55.45,55.45,254,0
2017-02-03,16:00:00,56.02,56.02,55.7,55.7,266,0
2017-02-03,17:00:00,55.8,55.8,55.8,55.8,100,0
2017-02-03,18:00:00,55.86,55.86,55.86,55.86,100,0
2017-02-03,19:00:00,55.895,55.895,55.895,55.895,283,0
2017-02-03,20:00:00,55.86,55.86,55.86,55.86,172,0
2017-02-06,17:00:00,55.8211,55.849,55.8211,55.8325,900,0
2017-02-06,18:00:00,55.8199,55.82,55.8199,55.8199,1300,0
2017-02-06,20:00:00,55.71,55.71,55.71,55.71,171,0
2017-02-06,22:00:00,55.73,55.73,55.7299,55.7299,200,0
2017-02-07,19:00:00,55.7561,55.7561,55.7561,55.7561,179,0
2017-02-07,22:00:00,55.712,55.712,55.712,55.712,281,0
2017-02-08,22:00:00,55.86,55.86,55.86,55.86,124,0
2017-02-09,17:00:00,56.1,56.1,56.1,56.1,124,0
2017-02-09,19:00:00,56.18,56.18,56.18,56.18,597,0
2017-02-09,20:00:00,56.19,56.19,56.19,56.19,266,0
2017-02-09,22:00:00,56.26,56.26,56.15,56.16,11861,0
2017-02-10,17:00:00,56.2776,56.2776,56.2776,56.2776,124,0
2017-02-10,22:00:00,56.485,56.49,56.485,56.49,400,0
2017-02-13,16:00:00,56.64,56.64,56.64,56.64,200,0
2017-02-13,18:00:00,56.64,56.64,56.64,56.64,100,0
2017-02-13,19:00:00,56.61,56.61,56.61,56.61,100,0
2017-02-13,20:00:00,56.71,56.71,56.71,56.71,100,0
2017-02-13,21:00:00,56.685,56.71,56.681,56.71,660,0
2017-02-14,16:00:00,56.5,56.5,56.5,56.5,100,0
2017-02-14,19:00:00,56.5711,56.5711,56.5711,56.5711,300,0
2017-02-15,17:00:00,56.67,56.67,56.67,56.67,100,0
2017-02-15,20:00:00,56.75,56.75,56.75,56.75,260,0
2017-02-15,21:00:00,56.83,56.85,56.83,56.85,360,0
2017-02-16,16:00:00,57.28,57.28,56.98,56.98,630,0
2017-02-16,21:00:00,56.745,56.745,56.745,56.745,224,0
2017-02-16,22:00:00,56.8599,56.8599,56.8599,56.8599,259,0
2017-02-17,18:00:00,56.7213,56.74,56.7213,56.7399,661,0
2017-02-17,20:00:00,56.76,56.76,56.76,56.76,852,0
2017-02-21,16:00:00,57.44,57.44,57.25,57.25,310,0
2017-02-21,20:00:00,57.29,57.29,57.29,57.29,869,0
2017-02-21,21:00:00,57.3599,57.36,57.3599,57.36,778,0
2017-02-21,22:00:00,57.46,57.46,57.46,57.46,100,0
2017-02-22,16:00:00,57.3,57.3,57.3,57.3,100,0
2017-02-23,16:00:00,57.89,57.89,57.45,57.45,812,0
2017-02-23,20:00:00,57.255,57.255,57.255,57.255,200,0
2017-02-24,18:00:00,57.2718,57.2718,57.2718,57.2718,238,0
2017-02-24,19:00:00,57.39,57.39,57.376,57.376,16831,0
2017-02-24,20:00:00,57.33,57.3399,57.33,57.3399,1445,0
2017-02-24,21:00:00,57.355,57.36,57.29,57.29,667,0
2017-02-24,22:00:00,57.37,57.37,57.3397,57.3397,984,0
2017-02-27,17:00:00,57.66,57.66,57.6325,57.6325,5152,0
2017-02-27,18:00:00,57.5899,57.5899,57.56,57.56,918,0
2017-02-27,20:00:00,57.58,57.58,57.58,57.58,100,0
2017-02-27,21:00:00,57.665,57.67,57.6625,57.668,1652,0
2017-02-27,22:00:00,57.68,57.68,57.6776,57.6776,989,0
2017-02-28,20:00:00,57.44,57.44,57.3826,57.3826,1072,0
2017-02-28,21:00:00,57.42,57.42,57.3599,57.3599,850,0
2017-02-28,22:00:00,57.4,57.419,57.37,57.37,964,0
2017-03-01,22:00:00,57.995,57.995,57.995,57.995,484,0
2017-03-02,17:00:00,57.85,57.85,57.7954,57.7954,1746,0
2017-03-02,18:00:00,57.7185,57.7185,57.69,57.69,200,0
2017-03-02,21:00:00,57.7413,57.7413,57.729,57.729,456,0
2017-03-02,22:00:00,57.769,57.77,57.63,57.63,767,0
2017-03-03,16:00:00,57.21,57.62,57.21,57.4863,1050,0
2017-03-03,17:00:00,57.5,57.5,57.5,57.5,100,0
2017-03-03,20:00:00,57.4801,57.4801,57.4801,57.4801,344,0
2017-03-03,21:00:00,57.58,57.5813,57.569,57.569,1417,0
2017-03-06,16:00:00,57.28,57.2827,57.28,57.2827,289,0
2017-03-06,17:00:00,57.3156,57.3156,57.31,57.31,1175,0
2017-03-06,20:00:00,57.3602,57.3602,57.3602,57.3602,143,0
2017-03-06,21:00:00,57.36,57.36,57.33,57.33,650,0
2017-03-06,22:00:00,57.34,57.38,57.34,57.38,642,0
2017-03-07,18:00:00,57.22,57.22,57.1365,57.14,1358,0
2017-03-07,20:00:00,57.1428,57.1428,57.1428,57.1428,536,0
2017-03-07,21:00:00,57.132,57.132,57.132,57.132,117,0
2017-03-08,16:00:00,57.12,57.12,57.12,57.12,100,0
2017-03-08,17:00:00,57.05,57.05,57.01,57.01,1323,0
2017-03-08,18:00:00,57.04,57.04,57,57,700,0
2017-03-08,19:00:00,57.05,57.05,57.022,57.022,6952,0
2017-03-08,20:00:00,57.15,57.15,57.0899,57.0899,1409,0
2017-03-08,21:00:00,57.02,57.02,57.02,57.02,228,0
2017-03-08,22:00:00,57.05,57.0513,56.93,56.93,3242,0
2017-03-09,17:00:00,56.96,56.96,56.8731,56.8731,980,0
2017-03-09,18:00:00,56.92,56.92,56.92,56.92,100,0
2017-03-09,20:00:00,56.9174,56.9174,56.9174,56.9174,649,0
2017-03-09,22:00:00,56.77,56.77,56.77,56.77,1852,0
2017-03-10,16:00:00,57.09,57.09,57.09,57.09,100,0
2017-03-10,18:00:00,56.97,56.9712,56.97,56.9712,279,0
2017-03-10,20:00:00,56.89,56.97,56.89,56.97,200,0
2017-03-10,21:00:00,57.03,57.03,57.03,57.03,100,0
2017-03-10,22:00:00,57.07,57.09,57.07,57.09,200,0
2017-03-13,15:00:00,57.33,57.33,57.25,57.25,200,0
2017-03-13,16:00:00,57.15,57.19,57.15,57.19,355,0
2017-03-13,19:00:00,57.1785,57.1785,57.1785,57.1785,168,0
2017-03-13,20:00:00,57.17,57.21,57.17,57.2099,2134,0
2017-03-13,21:00:00,57.28,57.28,57.28,57.28,100,0
2017-03-14,15:00:00,57.1,57.1,57.1,57.1,245,0
2017-03-14,19:00:00,57,57,57,57,1094,0
2017-03-14,20:00:00,57.02,57.02,57.02,57.02,125,0
2017-03-14,21:00:00,57.009,57.009,57.009,57.009,304,0
2017-03-15,18:00:00,57.3792,57.41,57.3792,57.41,300,0
2017-03-15,19:00:00,57.38,57.4,57.3699,57.4,2885,0
2017-03-16,16:00:00,57.81,57.81,57.73,57.73,300,0
2017-03-16,17:00:00,57.7,57.7,57.68,57.68,242,0
2017-03-17,17:00:00,57.64,57.64,57.64,57.64,100,0
2017-03-20,16:00:00,57.61,57.61,57.61,57.61,100,0
2017-03-20,18:00:00,57.5505,57.5505,57.5505,57.5505,100,0
2017-03-20,20:00:00,57.53,57.53,57.44,57.44,5600,0
2017-03-20,21:00:00,57.47,57.59,57.469,57.54,8212,0
2017-03-21,15:00:00,57.91,57.91,57.72,57.72,222,0
2017-03-21,16:00:00,57.49,57.49,57.49,57.49,100,0
2017-03-21,18:00:00,56.98,56.98,56.94,56.94,300,0
2017-03-21,21:00:00,56.91,56.91,56.91,56.91,100,0
2017-03-22,15:00:00,56.86,56.86,56.86,56.86,100,0
2017-03-22,16:00:00,56.71,56.76,56.71,56.76,11713,0
2017-03-22,17:00:00,56.91,56.91,56.91,56.91,100,0
2017-03-22,18:00:00,56.8701,56.8775,56.805,56.805,1037,0
2017-03-22,19:00:00,56.85,56.85,56.85,56.85,100,0
2017-03-23,15:00:00,57.31,57.31,57.01,57.01,221,0
2017-03-23,17:00:00,57.21,57.21,57.21,57.21,5738,0
2017-03-23,18:00:00,57.274,57.274,57.274,57.274,300,0
2017-03-23,21:00:00,57.017,57.017,56.945,56.98,1947,0
2017-03-24,16:00:00,57.276,57.276,57.276,57.276,686,0
2017-03-24,19:00:00,57.22,57.22,57.22,57.22,400,0
2017-03-27,16:00:00,56.6,56.6,56.6,56.6,100,0
2017-03-27,17:00:00,56.73,56.73,56.7175,56.7175,350,0
2017-03-27,20:00:00,56.89,56.89,56.89,56.89,124,0
2017-03-27,21:00:00,56.9255,56.929,56.9255,56.929,200,0
2017-03-27,22:00:00,56.999,57.06,56.999,57.01,2000,0
2017-03-28,16:00:00,56.95,56.95,56.95,56.95,139,0
2017-03-28,18:00:00,57.15,57.17,57.1129,57.1129,3118,0
2017-03-28,21:00:00,57.34,57.34,57.34,57.34,500,0
2017-03-29,19:00:00,57.3717,57.3717,57.3717,57.3717,1029,0
2017-03-29,21:00:00,57.36,57.4366,57.36,57.4366,351,0
2017-03-30,17:00:00,57.5227,57.5343,57.5227,57.5343,1331,0
2017-03-30,19:00:00,57.45,57.45,57.44,57.44,610,0
2017-03-30,20:00:00,57.5,57.5,57.5,57.5,208,0
2017-03-31,17:00:00,57.54,57.54,57.54,57.54,200,0
2017-03-31,18:00:00,57.66,57.66,57.66,57.66,100,0
2017-03-31,19:00:00,57.68,57.68,57.68,57.68,100,0
2017-03-31,20:00:00,57.7,57.7,57.7,57.7,100,0
2017-03-31,21:00:00,57.66,57.66,57.66,57.66,100,0
2017-03-31,22:00:00,57.72,57.72,57.59,57.59,2565,0
2017-04-03,16:00:00,57.53,57.53,57.53,57.53,100,0
2017-04-03,17:00:00,57.4,57.4,57.4,57.4,100,0
2017-04-03,18:00:00,57.2566,57.28,57.2566,57.26,14321,0
2017-04-03,20:00:00,57.23,57.23,57.22,57.22,299,0
2017-04-03,21:00:00,57.27,57.28,57.27,57.28,872,0
2017-04-03,22:00:00,57.31,57.31,57.23,57.29,548,0
2017-04-04,16:00:00,57.2652,57.2652,57.2652,57.2652,105,0
2017-04-04,17:00:00,57.24,57.24,57.13,57.13,400,0
2017-04-04,18:00:00,57.25,57.25,57.25,57.25,200,0
2017-04-04,19:00:00,57.19,57.19,57.15,57.15,200,0
2017-04-04,21:00:00,57.27,57.27,57.22,57.22,426,0
2017-04-04,22:00:00,57.16,57.2,57.16,57.2,400,0
2017-04-05,18:00:00,57.47,57.47,57.47,57.47,845,0
2017-04-05,19:00:00,57.55,57.57,57.5232,57.57,3299,0
2017-04-05,20:00:00,57.61,57.61,57.61,57.61,114,0
2017-04-05,21:00:00,57.375,57.375,57.375,57.375,350,0
2017-04-05,22:00:00,57.26,57.26,57.26,57.26,300,0
2017-04-06,18:00:00,57.16,57.16,57.14,57.14,2560,0
2017-04-06,19:00:00,57.28,57.28,57.22,57.22,1040,0
2017-04-06,20:00:00,57.28,57.28,57.224,57.224,1062,0
2017-04-06,21:00:00,57.299,57.299,57.299,57.299,660,0
2017-04-06,22:00:00,57.1999,57.28,57.1999,57.265,3301,0
2017-04-07,18:00:00,57.259,57.259,57.225,57.239,824,0
2017-04-10,17:00:00,57.55,57.56,57.49,57.49,300,0
2017-04-10,18:00:00,57.4699,57.49,57.34,57.34,11800,0
2017-04-10,20:00:00,57.4,57.4,57.4,57.4,100,0
2017-04-10,21:00:00,57.48,57.49,57.48,57.48,597,0
2017-04-10,22:00:00,57.48,57.48,57.48,57.48,270,0
2017-04-11,16:00:00,57.23,57.23,57.23,57.23,100,0
2017-04-11,19:00:00,57.33,57.33,57.315,57.33,1018,0
2017-04-11,20:00:00,57.35,57.35,57.35,57.35,100,0
2017-04-11,22:00:00,57.2901,57.33,57.2901,57.33,288,0
2017-04-12,19:00:00,57.119,57.119,57.099,57.099,515,0
2017-04-12,20:00:00,57.23,57.23,57.1978,57.1978,1730,0
2017-04-12,22:00:00,57.159,57.159,57.145,57.159,1406,0
2017-04-13,16:00:00,57.15,57.15,57.07,57.07,1099,0
2017-04-13,17:00:00,57.11,57.11,57.08,57.08,200,0
2017-04-13,18:00:00,57.13,57.15,57.11,57.11,718,0
2017-04-13,19:00:00,57.08,57.08,57.01,57.01,9588,0
2017-04-13,20:00:00,56.92,56.92,56.92,56.92,100,0
2017-04-13,22:00:00,56.86,56.86,56.85,56.85,600,0
2017-04-17,17:00:00,56.96,56.96,56.95,56.955,300,0
2017-04-17,18:00:00,57.1,57.1,57.02,57.02,200,0
2017-04-17,20:00:00,57.05,57.06,57.0414,57.0414,1803,0
2017-04-17,21:00:00,57.04,57.04,57.04,57.04,200,0
2017-04-17,22:00:00,57.15,57.25,57.15,57.25,328,0
2017-04-18,17:00:00,57.2,57.2,57.2,57.2,100,0
2017-04-18,19:00:00,57.0328,57.0328,57.0328,57.0328,673,0
2017-04-18,20:00:00,57.17,57.17,57.144,57.17,27227,0
2017-04-18,21:00:00,57.1842,57.21,57.1842,57.2,1537,0
2017-04-18,22:00:00,57.18,57.2296,57.18,57.2296,204,0
2017-04-19,17:00:00,57.42,57.42,57.42,57.42,1700,0
2017-04-19,20:00:00,57.4029,57.42,57.4028,57.4099,3125,0
2017-04-19,21:00:00,57.322,57.322,57.322,57.322,340,0
2017-04-19,22:00:00,57.32,57.32,57.32,57.32,308,0
2017-04-20,20:00:00,57.72,57.72,57.72,57.72,300,0
2017-04-20,22:00:00,57.75,57.75,57.69,57.7183,3285,0
2017-04-21,17:00:00,57.61,57.61,57.61,57.61,100,0
2017-04-21,20:00:00,57.59,57.59,57.5531,57.5531,682,0
2017-04-21,22:00:00,57.6399,57.68,57.6325,57.68,3759,0
2017-04-24,17:00:00,58.04,58.1115,58.032,58.1115,1244,0
2017-04-24,21:00:00,58.2042,58.2042,58.2042,58.2042,199,0
2017-04-25,20:00:00,58.39,58.4,58.39,58.395,900,0
2017-04-25,21:00:00,58.4199,58.4199,58.4199,58.4199,941,0
2017-04-25,22:00:00,58.45,58.45,58.45,58.45,300,0
2017-04-26,16:00:00,58.77,58.77,58.77,58.77,175,0
2017-04-26,17:00:00,58.44,58.44,58.44,58.44,480,0
2017-04-26,19:00:00,58.52,58.52,58.52,58.52,1943,0
2017-04-26,20:00:00,58.5814,58.5814,58.5814,58.5814,100,0
2017-04-26,22:00:00,58.4365,58.4365,58.4365,58.4365,199,0
2017-04-27,17:00:00,58.56,58.56,58.4525,58.4525,700,0
2017-04-27,18:00:00,58.452,58.452,58.43,58.43,300,0
2017-04-27,19:00:00,58.5,58.5,58.5,58.5,100,0
2017-04-27,20:00:00,58.57,58.57,58.5525,58.5525,390,0
2017-04-27,21:00:00,58.57,58.57,58.57,58.57,188,0
2017-04-27,22:00:00,58.53,58.55,58.52,58.5275,4222,0
2017-04-28,18:00:00,58.27,58.28,58.19,58.19,6276,0
2017-04-28,20:00:00,58.22,58.22,58.22,58.22,403,0
2017-04-28,21:00:00,58.1349,58.1349,58.1349,58.1349,727,0
2017-04-28,22:00:00,58.16,58.16,58.16,58.16,153,0
2017-05-01,17:00:00,58.1576,58.1576,58.1576,58.1576,125,0
2017-05-01,19:00:00,58.15,58.15,58.15,58.15,165,0
2017-05-01,20:00:00,58.2206,58.2206,58.2206,58.2206,255,0
2017-05-02,17:00:00,58.0697,58.0697,58.0697,58.0697,500,0
2017-05-02,18:00:00,58.08,58.08,58.08,58.08,1000,0
2017-05-02,21:00:00,58.16,58.16,58.0725,58.09,5975,0
2017-05-03,21:00:00,57.7944,57.86,57.7944,57.86,1043,0
2017-05-04,16:00:00,58.31,58.31,58.31,58.31,100,0
2017-05-04,20:00:00,57.76,57.77,57.76,57.76,1658,0
2017-05-04,21:00:00,57.8499,57.8499,57.8194,57.8194,2007,0
2017-05-04,22:00:00,57.8656,57.8656,57.8597,57.8597,260,0
2017-05-05,16:00:00,58.14,58.14,58.08,58.08,532,0
2017-05-05,17:00:00,58.03,58.11,58.002,58.11,700,0
2017-05-05,18:00:00,58.12,58.16,58.12,58.15,500,0
2017-05-05,19:00:00,58.16,58.16,58.11,58.119,899,0
2017-05-05,20:00:00,58.1226,58.18,58.1225,58.18,900,0
2017-05-05,21:00:00,58.19,58.2,58.19,58.2,500,0
2017-05-05,22:00:00,58.239,58.239,58.239,58.239,100,0
2017-05-08,17:00:00,58.2165,58.2165,58.154,58.19,576,0
2017-05-08,19:00:00,58.0224,58.0224,58.0224,58.0224,214,0
2017-05-08,20:00:00,58.1436,58.1436,58.1436,58.1436,100,0
2017-05-08,21:00:00,58.114,58.114,58.114,58.114,213,0
2017-05-08,22:00:00,58.1086,58.15,58.1086,58.1231,3560,0
2017-05-09,16:00:00,58.13,58.13,58.13,58.13,100,0
2017-05-09,17:00:00,58.14,58.18,58.1275,58.16,802,0
2017-05-09,18:00:00,58.15,58.21,58.12,58.21,300,0
2017-05-09,19:00:00,58.18,58.18,58.1199,58.1199,600,0
2017-05-09,20:00:00,58.09,58.16,58.09,58.16,200,0
2017-05-09,21:00:00,58.14,58.14,58.13,58.13,200,0
2017-05-09,22:00:00,58.15,58.15,58.05,58.05,3045,0
2017-05-10,17:00:00,58.23,58.23,58.23,58.23,100,0
2017-05-10,18:00:00,58.22,58.22,58.2199,58.2199,368,0
2017-05-10,20:00:00,58.28,58.31,58.28,58.31,3554,0
2017-05-10,21:00:00,58.36,58.36,58.3425,58.3425,1756,0
2017-05-10,22:00:00,58.31,58.31,58.31,58.31,200,0
2017-05-11,16:00:00,58,58,57.91,57.91,1405,0
2017-05-11,17:00:00,57.86,57.86,57.86,57.86,100,0
2017-05-11,18:00:00,57.99,58.03,57.99,57.99,400,0
2017-05-11,19:00:00,58.05,58.05,58.05,58.05,200,0
2017-05-11,20:00:00,58.05,58.08,58.05,58.08,300,0
2017-05-11,21:00:00,58.03,58.1299,58.03,58.115,1266,0
2017-05-12,17:00:00,57.97,57.97,57.97,57.97,310,0
2017-05-12,21:00:00,57.869,57.869,57.869,57.869,847,0
2017-05-12,22:00:00,57.84,57.84,57.8108,57.8108,680,0
2017-05-15,16:00:00,58.14,58.14,58.14,58.14,100,0
2017-05-15,17:00:00,58.2799,58.2799,58.25,58.25,700,0
2017-05-15,19:00:00,58.2699,58.2699,58.2699,58.2699,277,0
2017-05-15,22:00:00,58.1488,58.1488,58.1488,58.1488,1265,0
2017-05-16,17:00:00,58.032,58.032,58.032,58.032,135,0
2017-05-16,18:00:00,58.08,58.08,58.0796,58.0796,260,0
2017-05-16,21:00:00,58.0459,58.0459,58.0459,58.0459,110,0
2017-05-17,22:00:00,57.45,57.45,57.4325,57.4325,338,0
2017-05-18,16:00:00,57.62,57.62,57.62,57.62,127,0
2017-05-18,17:00:00,57.31,57.33,57.25,57.31,7858,0
2017-05-18,18:00:00,57.34,57.34,57.288,57.288,2356,0
2017-05-18,19:00:00,57.26,57.26,57.2485,57.2485,1050,0
2017-05-18,20:00:00,57.23,57.26,57.195,57.26,542,0
2017-05-18,21:00:00,57.43,57.43,57.4,57.41,2130,0
2017-05-18,22:00:00,57.39,57.39,57.39,57.39,300,0
2017-05-19,18:00:00,57.73,57.73,57.71,57.71,4516,0
2017-05-19,20:00:00,57.771,57.87,57.771,57.8575,1478,0
2017-05-22,16:00:00,58.08,58.11,58.08,58.11,200,0
2017-05-22,17:00:00,58.0397,58.09,58.0125,58.04,1344,0
2017-05-22,18:00:00,58.09,58.09,58.08,58.08,200,0
2017-05-22,19:00:00,58.1,58.16,58.1,58.12,755,0
2017-05-22,20:00:00,58.15,58.15,58.13,58.13,352,0
2017-05-22,21:00:00,58.14,58.16,58.14,58.16,300,0
2017-05-22,22:00:00,58.16,58.16,58.16,58.16,100,0
2017-05-23,17:00:00,58.17,58.17,58.17,58.17,100,0
2017-05-23,18:00:00,58.2825,58.2825,58.2825,58.2825,182,0
2017-05-23,21:00:00,58.25,58.25,58.2199,58.2199,3734,0
2017-05-24,18:00:00,58.2702,58.2702,58.2702,58.2702,1023,0
2017-05-24,20:00:00,58.26,58.26,58.25,58.25,369,0
2017-05-24,21:00:00,58.34,58.34,58.32,58.32,2577,0
2017-05-24,22:00:00,58.29,58.29,58.29,58.29,100,0
2017-05-25,18:00:00,58.6599,58.6599,58.6199,58.6199,360,0
2017-05-25,21:00:00,58.67,58.67,58.644,58.644,911,0
2017-05-25,22:00:00,58.66,58.66,58.64,58.64,5248,0
2017-05-26,17:00:00,58.59,58.59,58.5244,58.5244,4850,0
2017-05-26,19:00:00,58.5721,58.5721,58.5721,58.5721,105,0
2017-05-26,20:00:00,58.56,58.56,58.56,58.56,100,0
2017-05-26,21:00:00,58.59,58.59,58.59,58.59,713,0
2017-05-26,22:00:00,58.61,58.61,58.5933,58.5933,1768,0
2017-05-30,21:00:00,58.52,58.52,58.52,58.52,170,0
2017-05-30,22:00:00,58.53,58.53,58.5,58.5,248,0
2017-05-31,16:00:00,58.53,58.53,58.44,58.44,200,0
2017-05-31,18:00:00,58.46,58.46,58.4399,58.4399,442,0
2017-05-31,19:00:00,58.45,58.45,58.45,58.45,100,0
2017-05-31,20:00:00,58.46,58.46,58.43,58.43,400,0
2017-05-31,21:00:00,58.52,58.52,58.52,58.52,100,0
2017-06-01,16:00:00,58.96,58.96,58.96,58.96,100,0
2017-06-01,17:00:00,59,59,58.93,58.93,200,0
2017-06-01,18:00:00,58.96,58.99,58.96,58.99,200,0
2017-06-01,19:00:00,59.07,59.12,59.07,59.12,200,0
2017-06-01,20:00:00,59.19,59.19,59.19,59.19,100,0
2017-06-01,21:00:00,59.2,59.25,59.2,59.24,667,0
2017-06-01,22:00:00,59.1828,59.1828,59.1828,59.1828,137,0
2017-06-02,16:00:00,59.37,59.37,59.3,59.3,200,0
2017-06-02,18:00:00,59.4458,59.54,59.4458,59.5225,3299,0
2017-06-02,19:00:00,59.5,59.5,59.4605,59.4605,279,0
2017-06-02,20:00:00,59.48,59.51,59.47,59.47,2089,0
2017-06-02,21:00:00,59.53,59.53,59.53,59.53,100,0
2017-06-02,22:00:00,59.482,59.51,59.482,59.51,788,0
2017-06-05,17:00:00,59.37,59.37,59.37,59.37,108,0
2017-06-05,20:00:00,59.3299,59.34,59.3299,59.34,851,0
2017-06-05,22:00:00,59.2975,59.3025,59.2975,59.3,1592,0
2017-06-06,16:00:00,59.09,59.14,59.09,59.14,200,0
2017-06-06,17:00:00,59.12,59.12,59.09,59.09,1205,0
2017-06-06,18:00:00,59.07,59.13,59.06,59.12,600,0
2017-06-06,19:00:00,59.11,59.11,59.065,59.09,944,0
2017-06-06,20:00:00,59.09,59.09,59.03,59.04,1362,0
2017-06-06,21:00:00,59.18,59.18,59.165,59.165,1808,0
2017-06-06,22:00:00,59.12,59.12,59.12,59.12,100,0
2017-06-07,16:00:00,59.1239,59.1239,59.1239,59.1239,250,0
2017-06-07,19:00:00,59.0481,59.0481,59.0481,59.0481,370,0
2017-06-07,20:00:00,58.951,58.951,58.951,58.951,194,0
2017-06-08,17:00:00,58.9756,58.9756,58.949,58.949,875,0
2017-06-08,19:00:00,59,59.06,59,59.06,597,0
2017-06-08,20:00:00,59.168,59.168,59.05,59.0875,9340,0
2017-06-08,21:00:00,58.9804,58.9804,58.9804,58.9804,160,0
2017-06-09,17:00:00,59.32,59.32,59.2607,59.2607,200,0
2017-06-09,19:00:00,59.29,59.29,59.275,59.275,1354,0
2017-06-09,20:00:00,59.29,59.29,59.29,59.29,1948,0
2017-06-09,21:00:00,59.1399,59.1399,59.1399,59.1399,294,0
2017-06-09,22:00:00,59.09,59.09,58.93,58.96,92478,0
2017-06-12,16:00:00,59,59.05,59,59,601,0
2017-06-12,17:00:00,58.87,58.87,58.87,58.87,100,0
2017-06-12,18:00:00,58.95,58.95,58.95,58.95,200,0
2017-06-12,19:00:00,58.93,58.97,58.93,58.97,592,0
2017-06-12,20:00:00,58.95,58.95,58.95,58.95,865,0
2017-06-12,22:00:00,59,59.0535,59,59.0535,202,0
2017-06-13,16:00:00,59.29,59.29,59.29,59.29,188,0
2017-06-13,18:00:00,59.32,59.32,59.32,59.32,500,0
2017-06-13,19:00:00,59.3375,59.4071,59.3375,59.4071,1290,0
2017-06-13,20:00:00,59.36,59.36,59.36,59.36,103,0
2017-06-13,22:00:00,59.4508,59.4508,59.4508,59.4508,742,0
2017-06-14,18:00:00,59.41,59.41,59.41,59.41,200,0
2017-06-14,19:00:00,59.4605,59.4605,59.4605,59.4605,1472,0
2017-06-14,21:00:00,59.45,59.45,59.38,59.38,6209,0
2017-06-14,22:00:00,59.29,59.29,59.29,59.29,200,0
2017-06-15,20:00:00,59.24,59.28,59.24,59.2475,900,0
2017-06-15,21:00:00,59.2638,59.2638,59.2638,59.2638,182,0
2017-06-15,22:00:00,59.28,59.28,59.28,59.28,201,0
2017-06-16,17:00:00,59.1468,59.1468,59.1,59.1,510,0
2017-06-16,18:00:00,59.17,59.19,59.1383,59.1899,776,0
2017-06-16,21:00:00,59.19,59.19,59.19,59.19,100,0
2017-06-16,22:00:00,59.19,59.84,59.185,59.3,1100,0
2017-06-19,17:00:00,59.55,59.58,59.55,59.58,400,0
2017-06-19,18:00:00,59.57,59.57,59.57,59.57,400,0
2017-06-19,20:00:00,59.6936,59.7045,59.6936,59.6993,1891,0
2017-06-19,21:00:00,59.6424,59.6462,59.6,59.6104,1076,0
2017-06-19,22:00:00,59.68,59.7252,59.68,59.7252,650,0
2017-06-20,19:00:00,59.35,59.35,59.35,59.35,100,0
2017-06-20,20:00:00,59.4003,59.4003,59.375,59.375,809,0
2017-06-20,21:00:00,59.3265,59.3265,59.3265,59.3265,100,0
2017-06-21,17:00:00,59.32,59.38,59.32,59.35,300,0
2017-06-21,18:00:00,59.29,59.29,59.25,59.25,1044,0
2017-06-21,19:00:00,59.13,59.13,59.13,59.13,100,0
2017-06-21,20:00:00,59.12,59.13,59.11,59.11,738,0
2017-06-21,21:00:00,59.018,59.12,59.018,59.12,2298,0
2017-06-21,22:00:00,59.116,59.116,59.02,59.02,1091,0
2017-06-22,18:00:00,59.18,59.18,59.1675,59.1708,1465,0
2017-06-22,20:00:00,59.25,59.25,59.2492,59.2492,2100,0
2017-06-22,21:00:00,59.22,59.27,59.19,59.19,2641,0
2017-06-22,22:00:00,59.259,59.259,59.09,59.09,302,0
2017-06-23,16:00:00,59.11,59.11,59.11,59.11,100,0
2017-06-23,18:00:00,59.338,59.338,59.338,59.338,247,0
2017-06-23,20:00:00,59.34,59.34,59.3313,59.3313,2694,0
2017-06-23,21:00:00,59.2656,59.3002,59.2656,59.3002,32087,0
2017-06-26,16:00:00,59.56,59.56,59.56,59.56,100,0
2017-06-26,17:00:00,59.58,59.58,59.54,59.54,900,0
2017-06-26,19:00:00,59.54,59.54,59.54,59.54,283,0
2017-06-26,20:00:00,59.54,59.54,59.54,59.54,100,0
2017-06-26,21:00:00,59.57,59.57,59.57,59.57,154,0
2017-06-26,22:00:00,59.5606,59.5606,59.5606,59.5606,803,0
2017-06-27,18:00:00,59.4236,59.4305,59.4236,59.4305,900,0
2017-06-27,20:00:00,59.3,59.3,59.3,59.3,100,0
2017-06-27,22:00:00,59.15,59.15,59.0048,59.0048,653,0
2017-06-28,16:00:00,59.29,59.31,59.28,59.28,3040,0
2017-06-28,20:00:00,59.48,59.5175,59.48,59.5,700,0
2017-06-28,21:00:00,59.5,59.53,59.5,59.53,15146,0
2017-06-28,22:00:00,59.49,59.49,59.4279,59.4279,710,0
2017-06-29,18:00:00,59.099,59.099,58.9099,58.9099,743,0
2017-06-29,19:00:00,58.8699,58.8699,58.8699,58.8699,350,0
2017-06-29,20:00:00,58.71,58.71,58.71,58.71,100,0
2017-06-29,21:00:00,58.7726,58.8348,58.7726,58.8348,1161,0
2017-06-29,22:00:00,58.92,58.92,58.92,58.92,200,0
2017-06-30,16:00:00,59.14,59.14,59.11,59.11,600,0
2017-06-30,17:00:00,59.04,59.04,59.03,59.03,1200,0
2017-06-30,18:00:00,59.06,59.06,59.04,59.04,600,0
2017-06-30,19:00:00,59.13,59.13,59.11,59.11,200,0
2017-06-30,20:00:00,59.16,59.16,59.16,59.16,700,0
2017-06-30,21:00:00,59.21,59.23,59.18,59.23,315,0
2017-06-30,22:00:00,59.195,59.195,59.195,59.195,100,0
2017-07-03,16:00:00,59.74,59.74,59.38,59.38,575,0
2017-07-03,17:00:00,59.43,59.43,59.38,59.38,500,0
2017-07-03,18:00:00,59.39,59.39,59.38,59.38,1900,0
2017-07-03,19:00:00,59.38,59.38,59.26,59.26,3600,0
2017-07-05,17:00:00,58.99,58.99,58.99,58.99,1402,0
2017-07-05,21:00:00,59.1599,59.1599,59.1599,59.1599,400,0
2017-07-06,16:00:00,58.79,58.79,58.74,58.74,200,0
2017-07-06,17:00:00,58.71,58.73,58.69,58.73,500,0
2017-07-06,18:00:00,58.79,58.79,58.74,58.79,700,0
2017-07-06,19:00:00,58.86,58.86,58.78,58.78,300,0
2017-07-06,20:00:00,58.76,58.82,58.7,58.7,700,0
2017-07-06,21:00:00,58.65,58.65,58.6,58.6,364,0
2017-07-07,16:00:00,58.69,58.69,58.69,58.69,100,0
2017-07-07,17:00:00,58.71,58.76,58.69,58.7399,6153,0
2017-07-07,18:00:00,58.7299,58.95,58.7299,58.94,46915,0
2017-07-07,19:00:00,58.94,59.0199,58.94,59.0099,12883,0
2017-07-07,20:00:00,59.0099,59.01,58.96,58.96,7302,0
2017-07-07,21:00:00,58.9599,58.99,58.94,58.95,1861,0
2017-07-07,22:00:00,58.98,58.98,58.98,58.98,12000,0
2017-07-10,19:00:00,58.95,58.95,58.95,58.95,300,0
2017-07-10,20:00:00,58.95,58.99,58.95,58.99,293,0
2017-07-10,21:00:00,58.9664,58.9664,58.9664,58.9664,380,0
2017-07-10,22:00:00,58.9572,58.9572,58.9068,58.9068,546,0
2017-07-11,17:00:00,58.88,58.9262,58.88,58.9214,2496,0
2017-07-11,18:00:00,58.89,58.89,58.8899,58.89,500,0
2017-07-11,19:00:00,58.81,58.81,58.76,58.76,1664,0
2017-07-11,20:00:00,58.8032,58.82,58.8032,58.82,3225,0
2017-07-11,22:00:00,58.94,58.94,58.94,58.94,100,0
2017-07-12,17:00:00,59.41,59.43,59.41,59.41,754,0
2017-07-12,20:00:00,59.287,59.287,59.287,59.287,134,0
2017-07-12,21:00:00,59.325,59.36,59.325,59.36,3188,0
2017-07-12,22:00:00,59.325,59.625,59.27,59.27,2383,0
2017-07-13,17:00:00,59.3449,59.3449,59.1992,59.1992,1091,0
2017-07-13,21:00:00,59.3693,59.42,59.3693,59.3961,4476,0
2017-07-13,22:00:00,59.4,59.4,59.36,59.39,18001,0
2017-07-14,17:00:00,59.51,59.55,59.51,59.55,250,0
2017-07-14,18:00:00,59.55,59.6,59.55,59.6,200,0
2017-07-14,20:00:00,59.65,59.65,59.65,59.65,100,0
2017-07-14,22:00:00,59.695,59.695,59.62,59.62,906,0
2017-07-17,16:00:00,59.44,59.44,59.44,59.44,125,0
2017-07-17,17:00:00,59.718,59.718,59.718,59.718,1231,0
2017-07-17,20:00:00,59.79,59.79,59.79,59.79,100,0
2017-07-17,21:00:00,59.795,59.795,59.795,59.795,100,0
2017-07-17,22:00:00,59.8,59.8,59.746,59.746,2804,0
2017-07-18,17:00:00,59.6,59.62,59.6,59.62,200,0
2017-07-18,18:00:00,59.58,59.58,59.58,59.58,100,0
2017-07-18,20:00:00,59.54,59.54,59.54,59.54,100,0
2017-07-18,21:00:00,59.51,59.516,59.4976,59.4976,2772,0
2017-07-18,22:00:00,59.5226,59.595,59.5226,59.595,3225,0
2017-07-19,18:00:00,59.76,59.76,59.76,59.76,100,0
2017-07-19,19:00:00,59.8724,59.88,59.853,59.857,4875,0
2017-07-19,21:00:00,59.95,59.97,59.925,59.97,536,0
2017-07-19,22:00:00,59.9539,60.01,59.9539,60.01,437,0
2017-07-20,16:00:00,60.01,60.01,60.01,60.01,100,0
2017-07-20,17:00:00,60,60,59.99,59.99,800,0
2017-07-20,18:00:00,59.95,59.95,59.93,59.9364,1834,0
2017-07-20,19:00:00,59.97,60.04,59.97,60.04,200,0
2017-07-20,20:00:00,60.09,60.09,60.09,60.09,200,0
2017-07-20,21:00:00,60.07,60.07,60.05,60.06,623,0
2017-07-20,22:00:00,60.055,60.065,60.055,60.065,1711,0
2017-07-21,17:00:00,59.84,59.84,59.84,59.84,100,0
2017-07-21,18:00:00,59.83,59.83,59.83,59.83,100,0
2017-07-21,20:00:00,59.935,59.935,59.93,59.93,300,0
2017-07-21,22:00:00,59.9224,60,59.921,60,1868,0
2017-07-24,16:00:00,59.65,59.65,59.65,59.65,117,0
2017-07-24,18:00:00,59.9,59.9368,59.9,59.9368,1207,0
2017-07-24,19:00:00,59.9377,59.9377,59.9377,59.9377,344,0
2017-07-24,22:00:00,59.9929,59.9929,59.9929,59.9929,561,0
2017-07-25,16:00:00,60.61,60.61,60.61,60.61,120,0
2017-07-25,17:00:00,60.12,60.12,60.12,60.12,225,0
2017-07-25,18:00:00,60.1416,60.19,60.1416,60.19,659,0
2017-07-25,20:00:00,60.1735,60.1788,60.1735,60.1788,942,0
2017-07-25,21:00:00,60.188,60.188,60.1648,60.1648,549,0
2017-07-25,22:00:00,60.2,60.2,60.0939,60.14,6119,0
2017-07-26,17:00:00,60.11,60.11,60.11,60.11,100,0
2017-07-26,18:00:00,60.05,60.05,60.05,60.05,121,0
2017-07-26,19:00:00,60.05,60.05,60.05,60.05,100,0
2017-07-26,20:00:00,60.0118,60.0118,60.0118,60.0118,328,0
2017-07-26,21:00:00,60.01,60.01,60,60,300,0
2017-07-26,22:00:00,60.0097,60.0097,59.9962,59.9962,239,0
2017-07-27,19:00:00,59.8128,59.8128,59.8128,59.8128,101,0
2017-07-27,20:00:00,59.52,59.5658,59.52,59.5658,955,0
2017-07-27,21:00:00,59.5487,59.575,59.54,59.575,1194,0
2017-07-27,22:00:00,59.55,59.55,59.55,59.55,104,0
2017-07-28,16:00:00,59.7509,59.7509,59.7509,59.7509,106,0
2017-07-28,19:00:00,59.59,59.59,59.45,59.45,252,0
2017-07-28,20:00:00,59.485,59.485,59.485,59.485,200,0
2017-07-28,21:00:00,59.506,59.59,59.506,59.585,5162,0
2017-07-28,22:00:00,59.56,59.595,59.56,59.595,200,0
2017-07-31,17:00:00,59.51,59.54,59.48,59.48,300,0
2017-07-31,18:00:00,59.52,59.52,59.52,59.52,100,0
2017-07-31,19:00:00,59.51,59.51,59.4694,59.51,882,0
2017-07-31,20:00:00,59.53,59.53,59.512,59.53,362,0
2017-07-31,21:00:00,59.55,59.55,59.55,59.55,200,0
2017-07-31,22:00:00,59.54,59.54,59.54,59.54,743,0
2017-08-01,16:00:00,59.7807,59.87,59.64,59.64,621,0
2017-08-01,17:00:00,59.53,59.53,59.53,59.53,100,0
2017-08-01,18:00:00,59.52,59.52,59.52,59.52,100,0
2017-08-01,19:00:00,59.59,59.59,59.59,59.59,100,0
2017-08-01,20:00:00,59.62,59.62,59.62,59.62,100,0
2017-08-01,21:00:00,59.63,59.63,59.6,59.61,1953,0
2017-08-01,22:00:00,59.62,59.62,59.62,59.62,218,0
2017-08-02,16:00:00,59.66,59.66,59.4905,59.4905,3376,0
2017-08-02,17:00:00,59.41,59.41,59.21,59.21,2630,0
2017-08-02,19:00:00,59.195,59.195,59.195,59.195,100,0
2017-08-02,20:00:00,59.24,59.24,59.19,59.19,561,0
2017-08-02,21:00:00,59.35,59.35,59.35,59.35,100,0
2017-08-02,22:00:00,59.359,59.36,59.35,59.36,1000,0
2017-08-03,17:00:00,59.2925,59.2925,59.2794,59.2794,302,0
2017-08-03,18:00:00,59.3,59.3,59.273,59.273,202,0
2017-08-03,19:00:00,59.2401,59.2522,59.2401,59.2522,2218,0
2017-08-03,20:00:00,59.26,59.26,59.26,59.26,100,0
2017-08-03,21:00:00,59.2981,59.2981,59.295,59.2981,728,0
2017-08-03,22:00:00,59.27,59.27,59.2419,59.2419,606,0
2017-08-04,17:00:00,59.32,59.3821,59.32,59.3821,331,0
2017-08-04,18:00:00,59.4,59.4,59.35,59.35,6922,0
2017-08-04,19:00:00,59.3511,59.3511,59.3511,59.3511,106,0
2017-08-04,20:00:00,59.39,59.39,59.32,59.32,580,0
2017-08-04,21:00:00,59.41,59.41,59.3712,59.3712,578,0
2017-08-04,22:00:00,59.3564,59.3564,59.3564,59.3564,132,0
2017-08-07,17:00:00,59.47,59.47,59.41,59.41,230,0
2017-08-07,18:00:00,59.44,59.44,59.44,59.44,100,0
2017-08-07,19:00:00,59.54,59.54,59.54,59.54,200,0
2017-08-07,21:00:00,59.524,59.524,59.505,59.5093,584,0
2017-08-08,16:00:00,59.46,59.46,59.46,59.46,155,0
2017-08-08,19:00:00,59.68,59.68,59.68,59.68,200,0
2017-08-08,22:00:00,59.4065,59.4065,59.301,59.35,2067,0
2017-08-09,18:00:00,59.17,59.17,59.1208,59.1327,2895,0
2017-08-09,20:00:00,59.12,59.12,59.11,59.11,1057,0
2017-08-09,21:00:00,59,59,59,59,100,0
2017-08-10,17:00:00,58.84,58.84,58.7128,58.7128,502,0
2017-08-10,18:00:00,58.66,58.66,58.66,58.66,100,0
2017-08-10,19:00:00,58.56,58.56,58.56,58.56,200,0
2017-08-10,21:00:00,58.69,58.69,58.69,58.69,2617,0
2017-08-10,22:00:00,58.605,58.605,58.42,58.42,1168,0
2017-08-11,17:00:00,58.51,58.51,58.51,58.51,100,0
2017-08-11,18:00:00,58.54,58.54,58.54,58.54,100,0
2017-08-11,21:00:00,58.5,58.5,58.48,58.48,6400,0
2017-08-14,16:00:00,59.0134,59.0134,59.0134,59.0134,389,0
2017-08-14,17:00:00,59.022,59.1028,59.022,59.08,949,0
2017-08-14,19:00:00,59.1,59.1,59.1,59.1,100,0
2017-08-14,20:00:00,59.05,59.05,59.05,59.05,100,0
2017-08-14,21:00:00,59.04,59.04,59.04,59.04,100,0
2017-08-14,22:00:00,59.01,59.08,59.01,59.08,300,0
2017-08-15,17:00:00,59.02,59.02,58.906,58.906,267,0
2017-08-15,20:00:00,58.95,58.95,58.915,58.915,397,0
2017-08-15,21:00:00,58.901,58.96,58.9,58.96,1057,0
2017-08-15,22:00:00,58.9899,58.9899,58.9899,58.9899,308,0
2017-08-16,16:00:00,59.18,59.18,59.18,59.18,100,0
2017-08-16,19:00:00,59.25,59.25,59.25,59.25,100,0
2017-08-16,20:00:00,59.23,59.23,59.1728,59.201,1064,0
2017-08-16,21:00:00,59.155,59.2432,59.155,59.2432,2544,0
2017-08-16,22:00:00,59.18,59.18,59.18,59.18,200,0
2017-08-17,16:00:00,59.16,59.16,59.16,59.16,100,0
2017-08-17,17:00:00,58.93,58.93,58.93,58.93,300,0
2017-08-17,19:00:00,58.92,58.92,58.841,58.841,780,0
2017-08-17,20:00:00,58.7111,58.7111,58.7111,58.7111,100,0
2017-08-17,22:00:00,58.58,58.58,58.4,58.43,1916,0
2017-08-18,17:00:00,58.27,58.27,58.27,58.27,100,0
2017-08-18,18:00:00,58.252,58.252,58.252,58.252,310,0
2017-08-18,21:00:00,58.361,58.4225,58.361,58.395,1708,0
2017-08-18,22:00:00,58.37,58.41,58.34,58.41,1837,0
2017-08-21,16:00:00,58.73,58.73,58.27,58.27,200,0
2017-08-21,20:00:00,58.37,58.3712,58.36,58.36,742,0
2017-08-21,21:00:00,58.37,58.37,58.37,58.37,927,0
2017-08-22,16:00:00,58.88,58.88,58.88,58.88,186,0
2017-08-22,17:00:00,58.6021,58.6109,58.6021,58.6109,499,0
2017-08-22,19:00:00,58.73,58.73,58.66,58.685,673,0
2017-08-22,20:00:00,58.76,58.76,58.69,58.69,4592,0
2017-08-22,21:00:00,58.71,58.77,58.71,58.77,1220,0
2017-08-22,22:00:00,58.94,58.94,58.915,58.915,410,0
2017-08-23,18:00:00,58.77,58.77,58.755,58.755,304,0
2017-08-23,19:00:00,58.72,58.72,58.72,58.72,200,0
2017-08-23,20:00:00,58.73,58.79,58.69,58.74,5394,0
2017-08-23,21:00:00,58.71,58.769,58.69,58.71,4189,0
2017-08-23,22:00:00,58.7899,58.7899,58.74,58.74,273,0
2017-08-24,16:00:00,59.19,59.19,58.77,58.77,553,0
2017-08-24,17:00:00,58.73,58.73,58.72,58.72,303,0
2017-08-24,18:00:00,58.76,58.76,58.76,58.76,100,0
2017-08-24,20:00:00,58.8,58.8,58.73,58.731,1395,0
2017-08-24,21:00:00,58.71,58.71,58.71,58.71,100,0
2017-08-24,22:00:00,58.67,58.74,58.665,58.665,1151,0
2017-08-25,17:00:00,58.9268,58.9268,58.9268,58.9268,350,0
2017-08-25,18:00:00,58.89,58.89,58.8899,58.8899,350,0
2017-08-25,19:00:00,58.893,58.893,58.893,58.893,284,0
2017-08-25,20:00:00,58.905,58.93,58.871,58.93,369,0
2017-08-25,21:00:00,58.97,58.97,58.97,58.97,200,0
2017-08-25,22:00:00,58.9164,58.98,58.9134,58.9134,634,0
2017-08-28,16:00:00,58.99,58.99,58.9,58.9,300,0
2017-08-28,17:00:00,58.81,58.81,58.81,58.81,100,0
2017-08-28,18:00:00,58.8245,58.83,58.8,58.8,599,0
2017-08-28,20:00:00,58.721,58.721,58.721,58.721,177,0
2017-08-28,21:00:00,58.758,58.78,58.758,58.78,1625,0
2017-08-28,22:00:00,58.76,58.805,58.76,58.805,547,0
2017-08-29,16:00:00,58.57,58.57,58.57,58.57,151,0
2017-08-29,17:00:00,58.6,58.66,58.545,58.66,3339,0
2017-08-29,18:00:00,58.615,58.67,58.5862,58.6481,3605,0
2017-08-29,19:00:00,58.625,58.64,58.6232,58.64,1872,0
2017-08-29,20:00:00,58.71,58.71,58.71,58.71,408,0
2017-08-29,21:00:00,58.7096,58.71,58.7096,58.71,533,0
2017-08-29,22:00:00,58.755,58.78,58.7296,58.75,2295,0
2017-08-30,16:00:00,58.7502,58.7502,58.7502,58.7502,218,0
2017-08-30,18:00:00,58.8562,58.87,58.845,58.87,1260,0
2017-08-30,20:00:00,59.02,59.07,59.02,59.07,1452,0
2017-08-30,22:00:00,59.06,59.06,59.05,59.05,1084,0
2017-08-31,18:00:00,59.31,59.31,59.31,59.31,290,0
2017-08-31,19:00:00,59.43,59.43,59.395,59.412,687,0
2017-08-31,21:00:00,59.475,59.475,59.475,59.475,763,0
2017-08-31,22:00:00,59.519,59.52,59.46,59.49,2407,0
2017-09-01,16:00:00,59.95,59.95,59.95,59.95,257,0
2017-09-01,17:00:00,59.63,59.63,59.63,59.63,200,0
2017-09-01,18:00:00,59.62,59.67,59.606,59.61,1970,0
2017-09-01,20:00:00,59.7,59.7,59.7,59.7,100,0
2017-09-01,21:00:00,59.705,59.71,59.69,59.71,4465,0
2017-09-01,22:00:00,59.71,59.71,59.66,59.66,583,0
2017-09-05,17:00:00,59.53,59.53,59.408,59.41,2401,0
2017-09-05,18:00:00,59.38,59.44,59.38,59.44,426,0
2017-09-05,19:00:00,59.37,59.37,59.09,59.09,33758,0
2017-09-05,20:00:00,59.05,59.05,59.04,59.04,558,0
2017-09-05,21:00:00,59.1338,59.1338,59.13,59.13,525,0
2017-09-05,22:00:00,59.1301,59.22,59.1301,59.18,1456,0
2017-09-06,16:00:00,59.46,59.46,59.46,59.46,624,0
2017-09-06,18:00:00,59.25,59.25,59.2,59.22,2724,0
2017-09-06,19:00:00,59.2044,59.25,59.2044,59.243,1654,0
2017-09-06,20:00:00,59.251,59.272,59.251,59.272,416,0
2017-09-06,21:00:00,59.3,59.3,59.3,59.3,410,0
2017-09-06,22:00:00,59.38,59.38,59.38,59.38,100,0
2017-09-07,16:00:00,59.74,59.74,59.24,59.24,444,0
2017-09-07,18:00:00,59.1901,59.1901,59.1482,59.17,450,0
2017-09-07,21:00:00,59.2699,59.2699,59.25,59.26,1865,0
2017-09-07,22:00:00,59.279,59.279,59.24,59.24,2429,0
2017-09-08,19:00:00,59.36,59.36,59.36,59.36,355,0
2017-09-08,20:00:00,59.429,59.4299,59.406,59.4198,1269,0
2017-09-08,21:00:00,59.4848,59.4848,59.4848,59.4848,268,0
2017-09-08,22:00:00,59.52,59.52,59.47,59.47,449,0
2017-09-11,17:00:00,59.99,59.99,59.99,59.99,100,0
2017-09-11,20:00:00,60.06,60.0601,60.06,60.0601,200,0
2017-09-11,21:00:00,60.099,60.1,60.0685,60.0919,1123,0
2017-09-11,22:00:00,60.0826,60.13,60.08,60.08,746,0
2017-09-12,18:00:00,60.1072,60.1297,60.1072,60.1297,524,0
2017-09-12,19:00:00,60.175,60.2262,60.175,60.2196,2534,0
2017-09-12,20:00:00,60.2262,60.235,60.203,60.203,1123,0
2017-09-12,21:00:00,60.1484,60.17,60.145,60.155,1952,0
2017-09-12,22:00:00,60.175,60.24,60.15,60.24,2183,0
2017-09-13,16:00:00,60.15,60.16,60.15,60.16,1512,0
2017-09-13,19:00:00,60.111,60.2,60.111,60.199,1495,0
2017-09-13,20:00:00,60.17,60.17,60.15,60.15,1047,0
2017-09-13,22:00:00,60.2,60.2,60.12,60.12,3302,0
2017-09-14,17:00:00,60.03,60.03,60.025,60.025,231,0
2017-09-14,18:00:00,60.1,60.1,60.1,60.1,100,0
2017-09-14,20:00:00,60.09,60.09,60.03,60.09,1231,0
2017-09-14,21:00:00,60.1,60.1,60.1,60.1,100,0
2017-09-14,22:00:00,60.1,65.29,60.05,60.09,50438,0
2017-09-15,17:00:00,60.095,60.095,60.08,60.08,608,0
2017-09-15,20:00:00,60.1926,60.2,60.18,60.2,1298,0
2017-09-15,21:00:00,60.194,60.194,60.194,60.194,252,0
2017-09-18,16:00:00,60.7,60.7,60.425,60.425,217,0
2017-09-18,17:00:00,60.43,60.47,60.405,60.405,922,0
2017-09-18,18:00:00,60.4053,60.4053,60.38,60.38,448,0
2017-09-18,19:00:00,60.34,60.34,60.34,60.34,100,0
2017-09-18,20:00:00,60.39,60.39,60.355,60.355,841,0
2017-09-18,21:00:00,60.33,60.33,60.33,60.33,100,0
2017-09-18,22:00:00,60.31,60.3192,60.31,60.3192,697,0
2017-09-19,16:00:00,60.4,60.4,60.34,60.34,346,0
2017-09-19,17:00:00,60.31,60.31,60.31,60.31,100,0
2017-09-19,18:00:00,60.27,60.27,60.243,60.243,544,0
2017-09-19,19:00:00,60.28,60.28,60.28,60.28,358,0
2017-09-19,20:00:00,60.251,60.3,60.251,60.3,227,0
2017-09-19,21:00:00,60.31,60.31,60.2824,60.2824,580,0
2017-09-19,22:00:00,60.2726,60.3,60.27,60.28,1768,0
2017-09-20,16:00:00,60.2783,60.2783,60.2783,60.2783,247,0
2017-09-20,17:00:00,60.28,60.28,60.28,60.28,100,0
2017-09-20,19:00:00,60.342,60.342,60.342,60.342,610,0
2017-09-20,20:00:00,60.325,60.325,60.325,60.325,1223,0
2017-09-20,21:00:00,60.29,60.29,60.171,60.171,1216,0
2017-09-20,22:00:00,60.29,60.33,60.2681,60.33,9250,0
2017-09-21,20:00:00,60.229,60.23,60.229,60.23,782,0
2017-09-21,22:00:00,60.199,60.199,60.16,60.16,557,0
2017-09-22,17:00:00,60.17,60.17,60.17,60.17,100,0
2017-09-22,18:00:00,60.2,60.2,60.155,60.155,200,0
2017-09-22,19:00:00,60.19,60.19,60.19,60.19,320,0
2017-09-22,20:00:00,60.19,60.19,60.19,60.19,100,0
2017-09-22,21:00:00,60.195,60.195,60.195,60.195,740,0
2017-09-25,19:00:00,60.17,60.25,60.17,60.225,1831,0
2017-09-25,20:00:00,60.2198,60.239,60.215,60.215,1004,0
2017-09-25,21:00:00,60.28,60.28,60.28,60.28,675,0
2017-09-25,22:00:00,60.33,60.33,60.33,60.33,100,0
2017-09-26,17:00:00,60.41,60.41,60.365,60.365,300,0
2017-09-26,19:00:00,60.38,60.38,60.38,60.38,100,0
2017-09-26,21:00:00,60.4,60.4,60.37,60.37,1511,0
2017-09-26,22:00:00,60.422,60.4699,60.37,60.37,2101,0
2017-09-27,17:00:00,60.35,60.35,60.29,60.29,200,0
2017-09-27,20:00:00,60.419,60.419,60.35,60.399,400,0
2017-09-27,21:00:00,60.55,60.55,60.55,60.55,100,0
2017-09-27,22:00:00,60.59,60.63,60.588,60.588,848,0
2017-09-28,18:00:00,60.46,60.46,60.46,60.46,120,0
2017-09-28,20:00:00,60.565,60.565,60.565,60.565,100,0
2017-09-28,22:00:00,60.6447,60.6447,60.6447,60.6447,100,0
2017-09-29,17:00:00,60.77,60.77,60.77,60.77,100,0
2017-09-29,19:00:00,60.8645,60.89,60.8645,60.8652,800,0
2017-09-29,21:00:00,60.8387,60.8387,60.8,60.8,887,0
2017-10-02,17:00:00,60.99,60.99,60.99,60.99,100,0
2017-10-02,18:00:00,61.02,61.02,61.02,61.02,200,0
2017-10-02,19:00:00,61,61,61,61,100,0
2017-10-02,20:00:00,61.061,61.061,61.061,61.061,343,0
2017-10-02,22:00:00,61.11,61.11,61.11,61.11,200,0
2017-10-03,16:00:00,61.15,61.15,61.12,61.12,200,0
2017-10-03,17:00:00,61.1156,61.1156,61.1097,61.11,611,0
2017-10-03,18:00:00,61.11,61.11,61.09,61.09,432,0
2017-10-03,20:00:00,61.189,61.19,61.189,61.19,400,0
2017-10-03,21:00:00,61.199,61.2,61.1726,61.1726,1200,0
2017-10-03,22:00:00,61.195,61.22,61.195,61.195,688,0
2017-10-04,17:00:00,61.3,61.3,61.3,61.3,763,0
2017-10-04,19:00:00,61.44,61.44,61.44,61.44,100,0
2017-10-04,20:00:00,61.4146,61.43,61.351,61.4,2168,0
2017-10-04,21:00:00,61.399,61.43,61.3625,61.4096,3926,0
2017-10-04,22:00:00,61.4499,61.45,61.425,61.43,2702,0
2017-10-05,16:00:00,61.52,61.52,61.4817,61.4817,532,0
2017-10-05,17:00:00,61.539,61.539,61.5064,61.5064,510,0
2017-10-05,19:00:00,61.57,61.57,61.57,61.57,100,0
2017-10-05,21:00:00,61.56,61.56,61.56,61.56,638,0
2017-10-05,22:00:00,61.57,61.57,61.5326,61.5438,796,0
2017-10-06,18:00:00,61.41,61.41,61.34,61.36,23925,0
2017-10-06,19:00:00,61.36,61.39,61.3401,61.3501,14805,0
2017-10-06,20:00:00,61.385,61.3892,61.32,61.385,4938,0
2017-10-06,21:00:00,61.35,61.4,61.35,61.39,4016,0
2017-10-06,22:00:00,61.3801,61.4199,61.36,61.39,5009,0
2017-10-09,16:00:00,61.56,61.56,61.56,61.56,100,0
2017-10-09,17:00:00,61.33,61.33,61.33,61.33,100,0
2017-10-09,19:00:00,61.33,61.33,61.33,61.33,200,0
2017-10-09,21:00:00,61.329,61.329,61.2899,61.2899,624,0
2017-10-09,22:00:00,61.255,61.26,61.2084,61.2084,517,0
2017-10-10,18:00:00,61.3701,61.3808,61.33,61.3399,1670,0
2017-10-10,20:00:00,61.31,61.35,61.281,61.3244,597,0
2017-10-11,18:00:00,61.3888,61.42,61.3843,61.419,1809,0
2017-10-11,19:00:00,61.3883,61.3883,61.3883,61.3883,400,0
2017-10-11,21:00:00,61.41,61.41,61.375,61.375,200,0
2017-10-11,22:00:00,61.4437,61.4437,61.4437,61.4437,152,0
2017-10-12,17:00:00,61.4508,61.4772,61.4508,61.4772,662,0
2017-10-12,18:00:00,61.5771,61.5771,61.5771,61.5771,100,0
2017-10-12,20:00:00,61.58,61.58,61.58,61.58,162,0
2017-10-12,21:00:00,61.6026,61.63,61.6026,61.6047,2981,0
2017-10-12,22:00:00,61.6075,61.6075,61.5799,61.58,2920,0
2017-10-13,17:00:00,61.7146,61.7146,61.7146,61.7146,200,0
2017-10-13,19:00:00,61.755,61.755,61.746,61.746,345,0
2017-10-13,20:00:00,61.768,61.768,61.735,61.735,1039,0
2017-10-13,21:00:00,61.68,61.68,61.68,61.68,150,0
2017-10-16,17:00:00,61.6,61.6,61.593,61.593,372,0
2017-10-16,19:00:00,61.5909,61.639,61.5909,61.639,309,0
2017-10-16,20:00:00,61.6575,61.6575,61.6575,61.6575,132,0
2017-10-16,21:00:00,61.61,61.649,61.61,61.649,832,0
2017-10-16,22:00:00,61.65,61.65,61.65,61.65,100,0
2017-10-17,16:00:00,61.71,61.71,61.71,61.71,100,0
2017-10-17,17:00:00,61.69,61.69,61.6,61.6,600,0
2017-10-17,18:00:00,61.5914,61.66,61.591,61.65,2198,0
2017-10-17,19:00:00,61.68,61.68,61.68,61.68,200,0
2017-10-17,20:00:00,61.655,61.66,61.5872,61.5872,635,0
2017-10-17,21:00:00,61.61,61.64,61.61,61.64,489,0
2017-10-17,22:00:00,61.6599,61.665,61.6599,61.665,1075,0
2017-10-18,16:00:00,61.77,61.77,61.77,61.77,100,0
2017-10-18,17:00:00,61.73,61.73,61.71,61.71,400,0
2017-10-18,18:00:00,61.72,61.72,61.72,61.72,100,0
2017-10-18,19:00:00,61.74,61.78,61.735,61.78,1130,0
2017-10-18,20:00:00,61.8,61.82,61.754,61.82,609,0
2017-10-18,21:00:00,61.83,61.83,61.82,61.82,200,0
2017-10-19,16:00:00,61.465,61.465,61.465,61.465,110,0
2017-10-19,17:00:00,61.58,61.58,61.58,61.58,100,0
2017-10-19,19:00:00,61.69,61.69,61.69,61.69,100,0
2017-10-19,21:00:00,61.809,61.87,61.809,61.86,437,0
2017-10-19,22:00:00,61.8699,61.8699,61.8599,61.8599,1190,0
2017-10-20,17:00:00,62.1,62.1,62.1,62.1,200000,0
2017-10-20,19:00:00,62.2124,62.2124,62.2124,62.2124,142,0
2017-10-20,20:00:00,62.2426,62.2426,62.2426,62.2426,571,0
2017-10-20,21:00:00,62.2699,62.2699,62.2699,62.2699,515,0
2017-10-20,22:00:00,62.262,62.28,62.24,62.24,1956,0
2017-10-23,17:00:00,62.34,62.34,62.34,62.34,100,0
2017-10-23,19:00:00,62.214,62.25,62.19,62.19,300,0
2017-10-23,20:00:00,62.17,62.24,62.14,62.1418,5046,0
2017-10-23,21:00:00,62.1486,62.1486,62.1486,62.1486,188,0
2017-10-23,22:00:00,62.1109,62.1399,62.09,62.09,6848,0
2017-10-24,17:00:00,62.11,62.1399,62.11,62.1399,275,0
2017-10-24,18:00:00,62.1136,62.14,62.1136,62.14,270,0
2017-10-24,19:00:00,62.15,62.15,62.15,62.15,100,0
2017-10-24,20:00:00,62.15,62.16,62.1169,62.1247,2176,0
2017-10-24,21:00:00,62.17,62.24,62.17,62.24,200,0
2017-10-24,22:00:00,62.2,62.2,62.15,62.15,406,0
2017-10-25,18:00:00,61.53,61.53,61.53,61.53,100,0
2017-10-25,19:00:00,61.49,61.49,61.341,61.4304,1393,0
2017-10-25,20:00:00,61.54,61.6225,61.54,61.6225,287,0
2017-10-25,21:00:00,61.71,61.77,61.71,61.7276,1081,0
2017-10-25,22:00:00,61.76,61.76,61.76,61.76,107,0
2017-10-26,16:00:00,61.99,61.99,61.99,61.99,100,0
2017-10-26,17:00:00,61.93,61.93,61.919,61.919,745,0
2017-10-26,18:00:00,61.99,61.99,61.98,61.98,200,0
2017-10-26,19:00:00,62.06,62.06,61.9198,61.9499,610,0
2017-10-26,21:00:00,62.07,62.07,62.02,62.02,300,0
2017-10-26,22:00:00,62.0099,62.01,62.0099,62.01,291,0
2017-10-27,17:00:00,61.78,61.78,61.78,61.78,100,0
2017-10-27,18:00:00,61.815,61.97,61.815,61.97,945,0
2017-10-27,19:00:00,61.98,61.98,61.98,61.98,605,0
2017-10-27,20:00:00,62.04,62.04,61.96,61.96,256,0
2017-10-30,17:00:00,61.8953,61.93,61.8953,61.93,240,0
2017-10-30,19:00:00,61.8499,61.85,61.78,61.789,2419,0
2017-10-30,20:00:00,61.829,61.83,61.7967,61.7967,300,0
2017-10-30,21:00:00,61.7699,61.77,61.76,61.7699,489,0
2017-10-31,15:00:00,62.02,62.02,62.02,62.02,325,0
2017-10-31,17:00:00,61.9801,61.9801,61.9801,61.9801,110,0
2017-10-31,19:00:00,62.08,62.08,62,62,1416,0
2017-10-31,20:00:00,62.06,62.0666,62.06,62.0666,473,0
2017-10-31,21:00:00,62.075,62.075,62.075,62.075,200,0
2017-11-01,16:00:00,62.3,62.3,62.3,62.3,100,0
2017-11-01,17:00:00,62.11,62.14,62.0893,62.0893,715,0
2017-11-01,19:00:00,61.95,61.95,61.95,61.95,100,0
2017-11-01,20:00:00,61.9999,61.9999,61.9999,61.9999,555,0
2017-11-01,21:00:00,61.9948,62.04,61.9948,62.04,2133,0
2017-11-02,16:00:00,61.82,61.82,61.8148,61.8148,451,0
2017-11-02,19:00:00,61.919,61.92,61.8896,61.92,1465,0
2017-11-02,20:00:00,61.865,61.865,61.865,61.865,283,0
2017-11-02,21:00:00,61.879,61.879,61.879,61.879,380,0
2017-11-03,16:00:00,61.9773,61.9773,61.9773,61.9773,300,0
2017-11-03,17:00:00,62.0248,62.0248,62.0104,62.0104,400,0
2017-11-03,18:00:00,62.059,62.08,62.0267,62.08,1925,0
2017-11-03,20:00:00,62.04,62.04,62.04,62.04,363,0
2017-11-06,16:00:00,62.109,62.109,62.109,62.109,100,0
2017-11-06,17:00:00,62.13,62.13,62.13,62.13,100,0
2017-11-06,18:00:00,62.18,62.18,62.18,62.18,100,0
2017-11-06,20:00:00,62.2,62.2,62.2,62.2,100,0
2017-11-06,21:00:00,62.18,62.2,62.1754,62.1754,457,0
2017-11-06,22:00:00,62.21,62.21,62.209,62.209,281,0
2017-11-07,16:00:00,62.34,62.34,62.329,62.329,200,0
2017-11-07,17:00:00,62.26,62.26,62.102,62.102,748,0
2017-11-07,18:00:00,62.17,62.17,62.12,62.12,806,0
2017-11-07,20:00:00,62.04,62.06,61.98,62.06,1087,0
2017-11-07,21:00:00,62.05,62.05,61.989,61.989,472,0
2017-11-07,22:00:00,61.99,61.99,61.99,61.99,439,0
2017-11-08,17:00:00,61.9797,61.9797,61.9797,61.9797,132,0
2017-11-08,18:00:00,61.9748,62.01,61.9748,62.01,500,0
2017-11-08,20:00:00,62.13,62.13,62.13,62.13,271,0
2017-11-08,21:00:00,62.1122,62.22,62.1122,62.22,16398,0
2017-11-08,22:00:00,62.1799,62.24,62.12,62.18,162424,0
2017-11-09,18:00:00,62.009,62.02,61.94,61.94,2817,0
2017-11-09,19:00:00,61.75,61.75,61.62,61.64,1682,0
2017-11-09,20:00:00,61.84,61.849,61.8072,61.8072,577,0
2017-11-09,21:00:00,61.88,61.88,61.88,61.88,180,0
2017-11-09,22:00:00,61.73,61.91,61.7201,61.91,1011,0
2017-11-10,17:00:00,61.83,61.849,61.7904,61.7904,570,0
2017-11-10,18:00:00,61.8243,61.8243,61.8243,61.8243,120,0
2017-11-10,19:00:00,61.822,61.83,61.822,61.83,514,0
2017-11-10,20:00:00,61.819,61.82,61.819,61.82,352,0
2017-11-10,22:00:00,61.82,61.89,61.82,61.89,400,0
2017-11-13,19:00:00,62.04,62.04,62.04,62.04,115,0
2017-11-13,20:00:00,62.069,62.069,62.069,62.069,200,0
2017-11-13,21:00:00,62.04,62.07,62.035,62.0451,1480,0
2017-11-13,22:00:00,62.0948,62.0948,62.0948,62.0948,144,0
2017-11-14,17:00:00,61.939,62.06,61.908,62.06,882,0
2017-11-14,18:00:00,62.01,62.09,61.991,62.075,9913,0
2017-11-14,19:00:00,62.0887,62.0887,62.029,62.029,345,0
2017-11-14,20:00:00,62.0339,62.1299,62.0339,62.1299,4583,0
2017-11-14,21:00:00,62.1135,62.159,62.1135,62.159,446,0
2017-11-14,22:00:00,62.1406,62.19,62.1406,62.19,697,0
2017-11-15,16:00:00,61.79,61.79,61.79,61.79,200,0
2017-11-15,17:00:00,61.85,61.85,61.85,61.85,225,0
2017-11-15,18:00:00,61.9899,61.99,61.94,61.99,2054,0
2017-11-15,19:00:00,61.9,61.9,61.9,61.9,100,0
2017-11-15,20:00:00,61.96,61.96,61.96,61.96,100,0
2017-11-15,21:00:00,61.93,61.93,61.93,61.93,100,0
2017-11-15,22:00:00,61.969,61.969,61.969,61.969,100,0
2017-11-16,17:00:00,62.3899,62.3899,62.3899,62.3899,885,0
2017-11-16,18:00:00,62.399,62.399,62.399,62.399,120,0
2017-11-16,21:00:00,62.52,62.529,62.3801,62.3801,857,0
2017-11-16,22:00:00,62.4167,62.437,62.4167,62.437,566,0
2017-11-17,16:00:00,62.419,62.419,62.376,62.376,290,0
2017-11-17,17:00:00,62.4304,62.4304,62.4304,62.4304,300,0
2017-11-17,19:00:00,62.509,62.51,62.472,62.472,960,0
2017-11-17,20:00:00,62.461,62.52,62.461,62.4953,1767,0
2017-11-17,21:00:00,62.4904,62.53,62.4904,62.53,14510,0
2017-11-17,22:00:00,62.51,62.51,62.4755,62.51,1291,0
2017-11-20,16:00:00,62.65,62.65,62.65,62.65,113,0
2017-11-20,18:00:00,62.62,62.62,62.58,62.62,2307,0
2017-11-20,20:00:00,62.62,62.62,62.62,62.62,225,0
2017-11-20,22:00:00,62.6497,62.66,62.6497,62.66,627,0
2017-11-21,21:00:00,62.92,62.92,62.919,62.919,400,0
2017-11-21,22:00:00,62.94,62.94,62.8601,62.885,1155,0
2017-11-22,17:00:00,62.93,62.93,62.93,62.93,335,0
2017-11-22,18:00:00,62.94,62.94,62.94,62.94,226,0
2017-11-22,20:00:00,62.89,62.949,62.89,62.949,318,0
2017-11-22,21:00:00,62.95,62.99,62.95,62.99,1035,0
2017-11-24,16:00:00,62.97,62.98,62.97,62.97,500,0
2017-11-24,17:00:00,63.01,63.01,63.01,63.01,444,0
2017-11-24,18:00:00,63.04,63.04,63.0034,63.0034,600,0
2017-11-27,18:00:00,63.0035,63.0035,63.0035,63.0035,150,0
2017-11-27,20:00:00,63.049,63.09,63.049,63.09,462,0
2017-11-27,21:00:00,63.055,63.055,63.055,63.055,253,0
2017-11-27,22:00:00,63.045,63.075,63.03,63.03,618,0
2017-11-28,16:00:00,63.04,63.12,63.04,63.12,850,0
2017-11-28,17:00:00,63.11,63.1656,63.11,63.1656,347,0
2017-11-28,18:00:00,63.289,63.289,63.289,63.289,128,0
2017-11-28,19:00:00,63.43,63.43,63.4,63.4,330,0
2017-11-28,20:00:00,63.39,63.39,63.37,63.37,540,0
2017-11-28,21:00:00,63.39,63.45,63.39,63.4428,449,0
2017-11-29,17:00:00,63.8704,63.8704,63.8704,63.8704,999,0
2017-11-29,18:00:00,63.8749,63.8799,63.8404,63.8404,441,0
2017-11-29,20:00:00,63.89,63.89,63.89,63.89,228,0
2017-11-29,21:00:00,63.8758,63.8758,63.8758,63.8758,140,0
2017-11-30,16:00:00,64.239,64.239,64.231,64.231,1600,0
2017-11-30,17:00:00,64.27,64.29,64.1492,64.1492,600,0
2017-11-30,18:00:00,64.3299,64.3299,64.2,64.289,1480,0
2017-11-30,19:00:00,64.35,64.35,64.35,64.35,650,0
2017-11-30,20:00:00,64.459,64.46,64.38,64.38,857,0
2017-11-30,21:00:00,64.3758,64.4,64.3758,64.38,67521,0
2017-11-30,22:00:00,64.3592,64.425,64.29,64.36,1738,0
2017-12-01,17:00:00,64.19,64.24,64.18,64.24,824,0
2017-12-01,18:00:00,63.7201,63.775,63.414,63.476,1989,0
2017-12-01,19:00:00,63.7692,63.9348,63.7692,63.9348,230,0
2017-12-01,20:00:00,63.99,64.03,63.99,64.03,315,0
2017-12-01,21:00:00,64.06,64.06,64.06,64.06,100,0
2017-12-01,22:00:00,64.0893,64.1653,64.0893,64.1548,878,0
2017-12-04,18:00:00,64.575,64.64,64.575,64.62,558,0
2017-12-04,19:00:00,64.63,64.63,64.5334,64.5334,214,0
2017-12-04,21:00:00,64.55,64.55,64.35,64.35,3247,0
2017-12-04,22:00:00,64.205,64.205,64.205,64.205,100,0
2017-12-05,16:00:00,64.34,64.34,64.04,64.04,1711,0
2017-12-05,17:00:00,64.0182,64.08,64.015,64.04,1410,0
2017-12-05,19:00:00,64.06,64.06,63.94,63.9604,834,0
2017-12-05,20:00:00,63.9901,64.005,63.9901,64.005,557,0
2017-12-05,21:00:00,64.049,64.049,64,64,272,0
2017-12-05,22:00:00,63.7901,63.7901,63.7901,63.7901,104,0
2017-12-06,16:00:00,63.6,63.6,63.6,63.6,137,0
2017-12-06,17:00:00,63.65,63.65,63.65,63.65,100,0
2017-12-06,18:00:00,63.7253,63.7253,63.7253,63.7253,121,0
2017-12-06,19:00:00,63.6736,63.6736,63.6484,63.6484,554,0
2017-12-06,20:00:00,63.65,63.65,63.64,63.64,499,0
2017-12-06,21:00:00,63.66,63.729,63.66,63.6886,1454,0
2017-12-06,22:00:00,63.6999,63.6999,63.6203,63.6203,928,0
