Date,Time,Open,High,Low,Close,Volume,OpenInt
2017-05-16,16:00:00,34.922,35.134,34.708,34.708,10773,0
2017-05-16,17:00:00,34.733,34.748,34.595,34.655,14490,0
2017-05-16,18:00:00,34.702,34.845,34.654,34.798,3585,0
2017-05-16,19:00:00,34.788,34.794,34.681,34.706,8322,0
2017-05-16,20:00:00,34.718,34.718,34.653,34.699,10556,0
2017-05-16,21:00:00,34.69,34.717,34.624,34.672,9436,0
2017-05-16,22:00:00,34.672,34.748,34.672,34.748,8810,0
2017-05-17,16:00:00,34.892,34.892,34.45,34.47,12926,0
2017-05-17,17:00:00,34.407,34.624,34.38,34.526,7387,0
2017-05-17,18:00:00,34.564,34.584,34.46,34.471,16573,0
2017-05-17,19:00:00,34.489,34.489,34.39,34.414,7633,0
2017-05-17,20:00:00,34.41,34.535,34.38,34.533,7965,0
2017-05-17,21:00:00,34.564,34.594,34.504,34.517,4296,0
2017-05-17,22:00:00,34.485,34.672,34.485,34.517,18690,0
2017-05-18,16:00:00,34.362,34.395,34.266,34.33,10102,0
2017-05-18,17:00:00,34.4,34.574,34.353,34.574,24256,0
2017-05-18,18:00:00,34.594,34.882,34.54,34.882,7730,0
2017-05-18,19:00:00,34.854,34.863,34.798,34.808,5020,0
2017-05-18,20:00:00,34.817,34.817,34.699,34.748,3368,0
2017-05-18,21:00:00,34.795,34.902,34.795,34.824,23979,0
2017-05-18,22:00:00,34.845,35.047,34.84,34.972,28065,0
2017-05-19,16:00:00,35.01,35.037,34.887,35.037,5448,0
2017-05-19,17:00:00,35.047,35.174,35.005,35.121,49924,0
2017-05-19,18:00:00,35.149,35.328,35.126,35.309,4887,0
2017-05-19,19:00:00,35.344,35.366,35.318,35.318,2135,0
2017-05-19,20:00:00,35.338,35.414,35.338,35.377,5028,0
2017-05-19,21:00:00,35.28,35.318,35.235,35.29,7946,0
2017-05-19,22:00:00,35.29,35.365,35.174,35.221,15687,0
2017-05-22,16:00:00,35.211,35.515,35.211,35.515,3238,0
2017-05-22,17:00:00,35.356,35.424,35.149,35.224,5372,0
2017-05-22,18:00:00,35.23,35.323,35.211,35.323,5921,0
2017-05-22,19:00:00,35.345,35.399,35.318,35.339,6763,0
2017-05-22,20:00:00,35.355,35.368,35.332,35.365,4373,0
2017-05-22,21:00:00,35.347,35.375,35.258,35.258,6003,0
2017-05-22,22:00:00,35.288,35.434,35.273,35.318,15188,0
2017-05-23,16:00:00,35.404,35.438,35.366,35.438,2008,0
2017-05-23,17:00:00,35.394,35.514,35.338,35.514,3901,0
2017-05-23,18:00:00,35.53,35.618,35.53,35.568,7339,0
2017-05-23,19:00:00,35.545,35.578,35.424,35.444,10270,0
2017-05-23,20:00:00,35.449,35.511,35.424,35.511,3915,0
2017-05-23,21:00:00,35.492,35.511,35.375,35.414,6295,0
2017-05-23,22:00:00,35.444,35.472,35.347,35.414,9378,0
2017-05-24,16:00:00,35.444,35.622,35.414,35.618,7683,0
2017-05-24,17:00:00,35.623,35.772,35.623,35.767,6997,0
2017-05-24,18:00:00,35.754,35.772,35.571,35.599,8098,0
2017-05-24,19:00:00,35.608,35.608,35.502,35.511,2041,0
2017-05-24,20:00:00,35.492,35.512,35.424,35.497,6247,0
2017-05-24,21:00:00,35.472,35.627,35.472,35.627,1080,0
2017-05-24,22:00:00,35.588,35.627,35.54,35.54,38463,0
2017-05-25,16:00:00,35.578,36.065,35.568,35.888,7999,0
2017-05-25,17:00:00,35.858,35.858,35.698,35.81,4257,0
2017-05-25,18:00:00,35.751,35.79,35.645,35.654,7917,0
2017-05-25,19:00:00,35.583,35.646,35.482,35.494,8087,0
2017-05-25,20:00:00,35.502,35.502,35.366,35.463,12837,0
2017-05-25,21:00:00,35.463,35.53,35.409,35.505,8932,0
2017-05-25,22:00:00,35.494,35.568,35.494,35.568,8275,0
2017-05-26,16:00:00,35.598,35.598,35.224,35.26,7803,0
2017-05-26,17:00:00,35.274,35.323,35.136,35.295,4105,0
2017-05-26,18:00:00,35.34,35.404,35.328,35.341,3313,0
2017-05-26,19:00:00,35.375,35.404,35.329,35.329,6668,0
2017-05-26,20:00:00,35.358,35.385,35.24,35.24,5239,0
2017-05-26,21:00:00,35.219,35.29,35.191,35.253,4678,0
2017-05-26,22:00:00,35.259,35.375,35.221,35.356,7792,0
2017-05-30,16:00:00,35.454,35.463,35.145,35.145,8279,0
2017-05-30,17:00:00,35.154,35.308,35.047,35.27,8760,0
2017-05-30,18:00:00,35.27,35.29,35.193,35.279,5798,0
2017-05-30,19:00:00,35.25,35.3,35.19,35.19,4688,0
2017-05-30,20:00:00,35.201,35.24,35.157,35.219,7076,0
2017-05-30,21:00:00,35.211,35.221,35.154,35.175,4082,0
2017-05-30,22:00:00,35.154,35.182,35.001,35.037,20002,0
2017-05-31,16:00:00,35.154,35.214,34.917,34.932,18922,0
2017-05-31,17:00:00,34.952,34.952,34.708,34.826,23950,0
2017-05-31,18:00:00,34.843,34.873,34.748,34.854,7931,0
2017-05-31,19:00:00,34.891,34.952,34.854,34.893,2681,0
2017-05-31,20:00:00,34.932,34.945,34.841,34.841,2689,0
2017-05-31,21:00:00,34.845,34.962,34.817,34.902,3846,0
2017-05-31,22:00:00,34.952,35.046,34.923,35.037,12043,0
2017-06-01,16:00:00,35.066,35.226,34.854,35.136,5067,0
2017-06-01,17:00:00,35.106,35.27,35.029,35.182,10543,0
2017-06-01,18:00:00,35.127,35.219,35.082,35.219,3917,0
2017-06-01,19:00:00,35.25,35.385,35.244,35.375,22157,0
2017-06-01,20:00:00,35.352,35.444,35.352,35.443,7481,0
2017-06-01,21:00:00,35.414,35.618,35.414,35.454,6780,0
2017-06-01,22:00:00,35.549,35.636,35.513,35.627,7371,0
2017-06-02,16:00:00,35.858,35.954,35.724,35.781,5273,0
2017-06-02,17:00:00,35.785,36.069,35.785,36.042,11617,0
2017-06-02,18:00:00,36.028,36.161,36.027,36.161,5209,0
2017-06-02,19:00:00,36.118,36.118,36.042,36.042,2481,0
2017-06-02,20:00:00,36.017,36.017,35.898,35.917,3208,0
2017-06-02,21:00:00,35.908,35.908,35.781,35.82,9106,0
2017-06-02,22:00:00,35.82,35.945,35.81,35.849,8854,0
2017-06-05,16:00:00,36.032,36.032,35.63,35.666,10063,0
2017-06-05,17:00:00,35.714,35.864,35.666,35.669,11051,0
2017-06-05,18:00:00,35.578,35.636,35.53,35.603,6147,0
2017-06-05,19:00:00,35.643,35.675,35.618,35.636,4578,0
2017-06-05,20:00:00,35.666,35.698,35.622,35.666,1565,0
2017-06-05,21:00:00,35.737,35.752,35.688,35.688,4294,0
2017-06-05,22:00:00,35.675,35.781,35.675,35.781,24748,0
2017-06-06,16:00:00,35.704,35.704,35.566,35.622,3943,0
2017-06-06,17:00:00,35.578,35.608,35.454,35.462,7985,0
2017-06-06,18:00:00,35.463,35.588,35.424,35.566,13977,0
2017-06-06,19:00:00,35.568,35.608,35.55,35.608,5939,0
2017-06-06,20:00:00,35.618,35.618,35.578,35.585,4386,0
2017-06-06,21:00:00,35.627,35.888,35.627,35.858,3659,0
2017-06-06,22:00:00,35.87,35.898,35.608,35.636,13503,0
2017-06-07,16:00:00,35.666,35.728,35.608,35.669,5103,0
2017-06-07,17:00:00,35.675,35.765,35.575,35.636,2954,0
2017-06-07,18:00:00,35.733,35.807,35.675,35.675,4947,0
2017-06-07,19:00:00,35.645,35.739,35.618,35.707,4430,0
2017-06-07,20:00:00,35.733,35.8,35.702,35.8,4328,0
2017-06-07,21:00:00,35.752,35.785,35.694,35.762,6083,0
2017-06-07,22:00:00,35.762,35.772,35.651,35.684,9520,0
2017-06-08,16:00:00,35.82,35.82,35.618,35.632,3259,0
2017-06-08,17:00:00,35.613,35.633,35.54,35.559,4062,0
2017-06-08,18:00:00,35.647,35.79,35.627,35.79,4654,0
2017-06-08,19:00:00,35.785,35.916,35.785,35.916,2035,0
2017-06-08,20:00:00,36.003,36.052,36.003,36.022,2285,0
2017-06-08,21:00:00,36.013,36.014,35.849,35.861,5705,0
2017-06-08,22:00:00,35.908,35.994,35.908,35.994,7967,0
2017-06-09,16:00:00,36.052,36.091,35.874,36.042,4116,0
2017-06-09,17:00:00,36.017,36.246,36.017,36.236,14495,0
2017-06-09,18:00:00,36.246,36.385,36.226,36.351,2412,0
2017-06-09,19:00:00,36.336,36.524,36.336,36.515,3462,0
2017-06-09,20:00:00,36.505,36.602,36.505,36.58,7065,0
2017-06-09,21:00:00,36.583,36.679,36.548,36.554,6181,0
2017-06-09,22:00:00,36.534,36.534,36.4,36.486,11200,0
2017-06-12,16:00:00,36.524,36.988,36.366,36.843,13318,0
2017-06-12,17:00:00,36.843,36.939,36.634,36.911,23938,0
2017-06-12,18:00:00,36.872,36.872,36.593,36.73,14086,0
2017-06-12,19:00:00,36.715,36.814,36.621,36.795,6195,0
2017-06-12,20:00:00,36.747,36.833,36.727,36.833,6918,0
2017-06-12,21:00:00,36.843,36.872,36.727,36.727,6503,0
2017-06-12,22:00:00,36.708,36.833,36.694,36.823,5063,0
2017-06-13,16:00:00,36.795,36.802,36.518,36.615,6651,0
2017-06-13,17:00:00,36.621,36.921,36.621,36.901,4803,0
2017-06-13,18:00:00,36.777,36.881,36.708,36.708,6491,0
2017-06-13,19:00:00,36.718,36.718,36.63,36.688,4518,0
2017-06-13,20:00:00,36.718,36.718,36.659,36.718,3159,0
2017-06-13,21:00:00,36.718,36.775,36.621,36.688,18891,0
2017-06-13,22:00:00,36.679,36.805,36.679,36.795,5261,0
2017-06-14,16:00:00,36.949,36.959,36.698,36.718,5942,0
2017-06-14,17:00:00,36.718,36.805,36.573,36.611,10799,0
2017-06-14,18:00:00,36.65,36.727,36.611,36.621,4349,0
2017-06-14,19:00:00,36.621,36.659,36.524,36.583,4744,0
2017-06-14,20:00:00,36.63,36.633,36.495,36.593,2544,0
2017-06-14,21:00:00,36.593,36.611,36.438,36.573,7053,0
2017-06-14,22:00:00,36.554,36.621,36.495,36.602,9255,0
2017-06-15,16:00:00,36.402,36.692,36.402,36.692,6374,0
2017-06-15,17:00:00,36.751,36.751,36.557,36.571,2813,0
2017-06-15,18:00:00,36.649,36.675,36.595,36.634,3894,0
2017-06-15,19:00:00,36.634,36.69,36.557,36.69,2422,0
2017-06-15,20:00:00,36.712,36.76,36.645,36.751,6394,0
2017-06-15,21:00:00,36.74,36.746,36.711,36.73,3137,0
2017-06-15,22:00:00,36.698,36.731,36.639,36.673,6714,0
2017-06-16,16:00:00,36.857,36.857,36.341,36.341,3898,0
2017-06-16,17:00:00,36.402,36.498,36.385,36.43,4587,0
2017-06-16,18:00:00,36.377,36.45,36.377,36.421,3507,0
2017-06-16,19:00:00,36.47,36.47,36.417,36.455,1798,0
2017-06-16,20:00:00,36.459,36.527,36.442,36.498,5057,0
2017-06-16,21:00:00,36.479,36.553,36.462,36.544,6255,0
2017-06-16,22:00:00,36.566,36.604,36.459,36.604,6371,0
2017-06-19,16:00:00,36.848,36.848,36.498,36.537,6466,0
2017-06-19,17:00:00,36.566,36.798,36.537,36.798,7982,0
2017-06-19,18:00:00,36.769,36.792,36.707,36.736,2686,0
2017-06-19,19:00:00,36.741,36.814,36.741,36.814,4762,0
2017-06-19,20:00:00,36.828,36.906,36.796,36.796,3791,0
2017-06-19,21:00:00,36.769,36.769,36.645,36.655,1872,0
2017-06-19,22:00:00,36.692,36.809,36.668,36.809,3446,0
2017-06-20,16:00:00,36.741,36.799,36.741,36.799,3609,0
2017-06-20,17:00:00,36.688,36.728,36.48,36.562,4283,0
2017-06-20,18:00:00,36.554,36.586,36.407,36.577,7468,0
2017-06-20,19:00:00,36.537,36.586,36.509,36.586,13878,0
2017-06-20,20:00:00,36.596,36.596,36.508,36.508,3339,0
2017-06-20,21:00:00,36.515,36.604,36.515,36.532,25067,0
2017-06-20,22:00:00,36.537,36.683,36.527,36.663,13950,0
2017-06-21,16:00:00,36.576,36.715,36.576,36.715,2463,0
2017-06-21,17:00:00,36.712,36.731,36.644,36.663,5553,0
2017-06-21,18:00:00,36.614,36.614,36.537,36.591,6858,0
2017-06-21,19:00:00,36.564,36.564,36.44,36.445,4798,0
2017-06-21,20:00:00,36.44,36.44,36.178,36.178,7888,0
2017-06-21,21:00:00,36.253,36.372,36.253,36.372,2877,0
2017-06-21,22:00:00,36.314,36.402,36.289,36.343,11750,0
2017-06-22,16:00:00,36.469,36.518,36.352,36.484,9246,0
2017-06-22,17:00:00,36.499,36.499,36.343,36.343,931,0
2017-06-22,18:00:00,36.392,36.449,36.382,36.408,4651,0
2017-06-22,19:00:00,36.44,36.557,36.44,36.557,4097,0
2017-06-22,20:00:00,36.519,36.557,36.488,36.525,1933,0
2017-06-22,21:00:00,36.527,36.614,36.511,36.604,2314,0
2017-06-22,22:00:00,36.59,36.59,36.479,36.508,4653,0
2017-06-23,16:00:00,36.663,36.697,36.59,36.697,1884,0
2017-06-23,17:00:00,36.826,36.877,36.728,36.822,9433,0
2017-06-23,18:00:00,36.862,36.935,36.862,36.877,5703,0
2017-06-23,19:00:00,36.853,36.886,36.779,36.828,10586,0
2017-06-23,20:00:00,36.818,36.818,36.761,36.761,3164,0
2017-06-23,21:00:00,36.799,36.799,36.637,36.684,6388,0
2017-06-23,22:00:00,36.686,36.838,36.663,36.818,16670,0
2017-06-26,16:00:00,36.867,37.031,36.828,36.993,8924,0
2017-06-26,17:00:00,36.935,37.051,36.93,37.02,6826,0
2017-06-26,18:00:00,37.109,37.148,36.993,36.993,5400,0
2017-06-26,19:00:00,37.013,37.022,36.867,37.007,14110,0
2017-06-26,20:00:00,37.003,37.077,37.003,37.071,4256,0
2017-06-26,21:00:00,37.074,37.198,37.074,37.178,5929,0
2017-06-26,22:00:00,37.191,37.216,37.119,37.168,6737,0
2017-06-27,16:00:00,37.129,37.246,36.957,37.041,9255,0
2017-06-27,17:00:00,37.051,37.051,36.906,37.032,10598,0
2017-06-27,18:00:00,36.993,37.018,36.916,37.018,10300,0
2017-06-27,19:00:00,36.954,36.983,36.903,36.917,4804,0
2017-06-27,20:00:00,36.916,36.916,36.796,36.82,7976,0
2017-06-27,21:00:00,36.799,36.837,36.765,36.828,2308,0
2017-06-27,22:00:00,36.877,36.886,36.731,36.779,10022,0
2017-06-28,16:00:00,36.779,36.779,36.576,36.715,12245,0
2017-06-28,17:00:00,36.761,36.944,36.751,36.944,18644,0
2017-06-28,18:00:00,36.997,37.032,36.964,36.981,5802,0
2017-06-28,19:00:00,37.013,37.013,36.857,36.906,6934,0
2017-06-28,20:00:00,36.896,36.896,36.721,36.731,5046,0
2017-06-28,21:00:00,36.779,36.789,36.672,36.7,6099,0
2017-06-28,22:00:00,36.707,36.707,36.537,36.614,15585,0
2017-06-29,16:00:00,36.624,36.624,36.207,36.309,6185,0
2017-06-29,17:00:00,36.275,36.421,36.247,36.394,7610,0
2017-06-29,18:00:00,36.392,36.402,36.1,36.126,33489,0
2017-06-29,19:00:00,36.103,36.17,36.051,36.139,3454,0
2017-06-29,20:00:00,36.187,36.187,35.994,36.035,42074,0
2017-06-29,21:00:00,36.1,36.168,36.086,36.149,5981,0
2017-06-29,22:00:00,36.149,36.227,36.1,36.227,4972,0
2017-06-30,16:00:00,36.488,36.488,36.144,36.197,4374,0
2017-06-30,17:00:00,36.235,36.235,35.998,36.022,18625,0
2017-06-30,18:00:00,36.063,36.072,35.954,36.013,16367,0
2017-06-30,19:00:00,36.022,36.041,35.974,36.013,14200,0
2017-06-30,20:00:00,36.048,36.081,36.003,36.032,11515,0
2017-06-30,21:00:00,36.022,36.081,35.992,36.072,9874,0
2017-06-30,22:00:00,36.032,36.193,36.017,36.149,2835,0
2017-07-03,16:00:00,36.343,36.498,36.284,36.469,4315,0
2017-07-03,17:00:00,36.456,36.624,36.358,36.547,12298,0
2017-07-03,18:00:00,36.537,36.702,36.468,36.653,4995,0
2017-07-03,19:00:00,36.624,36.877,36.586,36.848,7083,0
2017-07-03,20:00:00,36.828,36.828,36.828,36.828,222,0
2017-07-05,16:00:00,37.041,37.041,36.237,36.44,6205,0
2017-07-05,17:00:00,36.449,36.449,36.284,36.392,15489,0
2017-07-05,18:00:00,36.232,36.333,36.16,36.197,2369,0
2017-07-05,19:00:00,36.149,36.323,36.086,36.294,5013,0
2017-07-05,20:00:00,36.333,36.333,36.1,36.1,3754,0
2017-07-05,21:00:00,36.149,36.149,36.022,36.066,11884,0
2017-07-05,22:00:00,36.105,36.129,36.052,36.119,11278,0
2017-07-06,16:00:00,36.091,36.091,35.761,35.887,19411,0
2017-07-06,17:00:00,35.812,35.857,35.722,35.722,7893,0
2017-07-06,18:00:00,35.857,35.857,35.673,35.819,9662,0
2017-07-06,19:00:00,35.873,35.873,35.727,35.747,10202,0
2017-07-06,20:00:00,35.751,35.757,35.673,35.673,7981,0
2017-07-06,21:00:00,35.673,35.673,35.568,35.664,5111,0
2017-07-06,22:00:00,35.654,35.654,35.461,35.557,21628,0
2017-07-07,16:00:00,35.566,35.712,35.296,35.48,7261,0
2017-07-07,17:00:00,35.527,35.582,35.479,35.481,4968,0
2017-07-07,18:00:00,35.513,35.771,35.513,35.751,8430,0
2017-07-07,19:00:00,35.732,35.765,35.692,35.692,5333,0
2017-07-07,20:00:00,35.692,35.742,35.663,35.694,3836,0
2017-07-07,21:00:00,35.702,35.808,35.675,35.683,5731,0
2017-07-07,22:00:00,35.673,35.761,35.628,35.761,8906,0
2017-07-10,16:00:00,35.732,35.763,35.664,35.715,7095,0
2017-07-10,17:00:00,35.634,35.634,35.517,35.562,9869,0
2017-07-10,18:00:00,35.576,35.673,35.576,35.65,11835,0
2017-07-10,19:00:00,35.664,35.672,35.601,35.625,6224,0
2017-07-10,20:00:00,35.614,35.673,35.489,35.508,12075,0
2017-07-10,21:00:00,35.479,35.499,35.372,35.399,24170,0
2017-07-10,22:00:00,35.392,35.421,35.266,35.276,24844,0
2017-07-11,16:00:00,35.197,35.303,35.081,35.081,19361,0
2017-07-11,17:00:00,35.107,35.236,35.081,35.193,5881,0
2017-07-11,18:00:00,35.267,35.301,35.091,35.286,11918,0
2017-07-11,19:00:00,35.323,35.411,35.319,35.362,7824,0
2017-07-11,20:00:00,35.357,35.387,35.309,35.387,5127,0
2017-07-11,21:00:00,35.404,35.409,35.351,35.382,3736,0
2017-07-11,22:00:00,35.362,35.436,35.346,35.372,11380,0
2017-07-12,16:00:00,35.557,36.003,35.557,35.945,7235,0
2017-07-12,17:00:00,35.935,35.959,35.79,35.79,3061,0
2017-07-12,18:00:00,35.761,35.829,35.679,35.829,14278,0
2017-07-12,19:00:00,35.795,35.897,35.771,35.771,3963,0
2017-07-12,20:00:00,35.79,35.814,35.727,35.814,3012,0
2017-07-12,21:00:00,35.857,35.857,35.765,35.77,3563,0
2017-07-12,22:00:00,35.78,35.848,35.78,35.809,7474,0
2017-07-13,16:00:00,35.819,35.979,35.809,35.829,4535,0
2017-07-13,17:00:00,35.766,35.954,35.766,35.86,5879,0
2017-07-13,18:00:00,35.867,35.907,35.824,35.848,10423,0
2017-07-13,19:00:00,35.857,35.926,35.848,35.867,11034,0
2017-07-13,20:00:00,35.903,35.907,35.847,35.877,301812,0
2017-07-13,21:00:00,35.935,35.959,35.934,35.954,4012,0
2017-07-13,22:00:00,35.942,35.954,35.897,35.916,10602,0
2017-07-14,16:00:00,36.239,36.329,36.219,36.306,7566,0
2017-07-14,17:00:00,36.277,36.336,36.247,36.336,8416,0
2017-07-14,18:00:00,36.341,36.355,36.267,36.355,7368,0
2017-07-14,19:00:00,36.367,36.385,36.326,36.373,10981,0
2017-07-14,20:00:00,36.395,36.414,36.333,36.378,2050,0
2017-07-14,21:00:00,36.375,36.395,36.353,36.395,1837,0
2017-07-14,22:00:00,36.414,36.462,36.375,36.405,15570,0
2017-07-17,16:00:00,36.395,36.551,36.306,36.492,13125,0
2017-07-17,17:00:00,36.492,36.931,36.492,36.784,7450,0
2017-07-17,18:00:00,36.804,36.902,36.787,36.882,8486,0
2017-07-17,19:00:00,36.892,36.902,36.844,36.902,6829,0
2017-07-17,20:00:00,36.892,36.98,36.858,36.98,11998,0
2017-07-17,21:00:00,36.97,36.97,36.873,36.892,8201,0
2017-07-17,22:00:00,36.854,36.854,36.755,36.834,10031,0
2017-07-18,16:00:00,36.717,36.746,36.57,36.57,2834,0
2017-07-18,17:00:00,36.62,36.746,36.62,36.648,54301,0
2017-07-18,18:00:00,36.695,36.803,36.626,36.803,5046,0
2017-07-18,19:00:00,36.804,36.896,36.803,36.873,5744,0
2017-07-18,20:00:00,36.882,36.882,36.767,36.786,4620,0
2017-07-18,21:00:00,36.741,36.767,36.658,36.729,4671,0
2017-07-18,22:00:00,36.741,36.769,36.726,36.746,5123,0
2017-07-19,16:00:00,36.804,36.834,36.682,36.78,14222,0
2017-07-19,17:00:00,36.854,36.99,36.854,36.892,20842,0
2017-07-19,18:00:00,36.922,37,36.892,36.948,12588,0
2017-07-19,19:00:00,36.944,36.97,36.907,36.912,21088,0
2017-07-19,20:00:00,36.936,37.01,36.931,36.972,11831,0
2017-07-19,21:00:00,36.995,36.995,36.912,36.979,7336,0
2017-07-19,22:00:00,36.988,37.034,36.96,37,8500,0
2017-07-20,16:00:00,37,37,36.757,36.814,2933,0
2017-07-20,17:00:00,36.821,36.834,36.746,36.834,10605,0
2017-07-20,18:00:00,36.854,36.873,36.746,36.778,4964,0
2017-07-20,19:00:00,36.746,36.798,36.73,36.798,9227,0
2017-07-20,20:00:00,36.804,36.889,36.804,36.863,4641,0
2017-07-20,21:00:00,36.814,36.866,36.804,36.866,5113,0
2017-07-20,22:00:00,36.846,36.846,36.687,36.697,11832,0
2017-07-21,16:00:00,36.726,36.937,36.658,36.769,4542,0
2017-07-21,17:00:00,36.658,36.658,36.517,36.531,7763,0
2017-07-21,18:00:00,36.512,36.588,36.512,36.57,3038,0
2017-07-21,19:00:00,36.547,36.551,36.388,36.388,8026,0
2017-07-21,20:00:00,36.433,36.472,36.415,36.436,8791,0
2017-07-21,21:00:00,36.47,36.531,36.446,36.531,4481,0
2017-07-21,22:00:00,36.541,36.668,36.517,36.658,10856,0
2017-07-24,16:00:00,36.794,36.794,36.405,36.525,8869,0
2017-07-24,17:00:00,36.551,36.599,36.487,36.526,7058,0
2017-07-24,18:00:00,36.57,36.616,36.515,36.515,4531,0
2017-07-24,19:00:00,36.512,36.512,36.414,36.423,7431,0
2017-07-24,20:00:00,36.414,36.442,36.394,36.442,3527,0
2017-07-24,21:00:00,36.462,36.551,36.452,36.551,1627,0
2017-07-24,22:00:00,36.513,36.561,36.502,36.521,8969,0
2017-07-25,16:00:00,36.678,36.687,36.462,36.522,5189,0
2017-07-25,17:00:00,36.637,36.784,36.6,36.736,8287,0
2017-07-25,18:00:00,36.742,36.784,36.717,36.764,9970,0
2017-07-25,19:00:00,36.731,36.777,36.706,36.762,3007,0
2017-07-25,20:00:00,36.783,36.794,36.736,36.765,20379,0
2017-07-25,21:00:00,36.775,36.854,36.775,36.809,6371,0
2017-07-25,22:00:00,36.861,36.863,36.765,36.854,13228,0
2017-07-26,16:00:00,36.902,36.989,36.774,36.96,3139,0
2017-07-26,17:00:00,36.898,36.912,36.814,36.882,24996,0
2017-07-26,18:00:00,36.892,36.922,36.854,36.863,32181,0
2017-07-26,19:00:00,36.863,36.873,36.784,36.854,59426,0
2017-07-26,20:00:00,36.823,36.834,36.769,36.794,2946,0
2017-07-26,21:00:00,36.831,36.94,36.831,36.854,5232,0
2017-07-26,22:00:00,36.868,36.917,36.801,36.844,13483,0
2017-07-27,16:00:00,36.765,36.774,36.678,36.765,8463,0
2017-07-27,17:00:00,36.765,36.937,36.756,36.937,5965,0
2017-07-27,18:00:00,36.95,37.136,36.95,37.136,10791,0
2017-07-27,19:00:00,37.126,37.37,37.126,37.244,22535,0
2017-07-27,20:00:00,37.253,37.253,37,37.02,9260,0
2017-07-27,21:00:00,37.02,37.078,37.01,37.043,3947,0
2017-07-27,22:00:00,37.038,37.156,37.038,37.146,8519,0
2017-07-28,16:00:00,37.166,37.194,37.048,37.146,33278,0
2017-07-28,17:00:00,37.097,37.142,37,37.048,16458,0
2017-07-28,18:00:00,36.864,36.902,36.804,36.875,3664,0
2017-07-28,19:00:00,36.804,36.818,36.608,36.608,7038,0
2017-07-28,20:00:00,36.599,36.731,36.599,36.731,1622,0
2017-07-28,21:00:00,36.719,36.804,36.719,36.766,6017,0
2017-07-28,22:00:00,36.691,36.834,36.688,36.834,5522,0
2017-07-31,16:00:00,36.931,37.107,36.512,36.512,4665,0
2017-07-31,17:00:00,36.502,36.531,36.395,36.414,10327,0
2017-07-31,18:00:00,36.417,36.504,36.395,36.405,8664,0
2017-07-31,19:00:00,36.442,36.516,36.414,36.516,2260,0
2017-07-31,20:00:00,36.558,36.696,36.558,36.696,6896,0
2017-07-31,21:00:00,36.672,36.717,36.672,36.707,33176,0
2017-07-31,22:00:00,36.756,36.834,36.708,36.774,5381,0
2017-08-01,16:00:00,36.912,36.912,36.687,36.736,3141,0
2017-08-01,17:00:00,36.774,36.834,36.585,36.717,11581,0
2017-08-01,18:00:00,36.696,36.75,36.621,36.75,10186,0
2017-08-01,19:00:00,36.726,36.746,36.713,36.746,5943,0
2017-08-01,20:00:00,36.731,36.814,36.717,36.814,3237,0
2017-08-01,21:00:00,36.824,36.94,36.814,36.937,9331,0
2017-08-01,22:00:00,36.912,37,36.854,36.94,14284,0
2017-08-02,16:00:00,36.902,36.902,36.618,36.676,5036,0
2017-08-02,17:00:00,36.551,36.565,36.267,36.267,10634,0
2017-08-02,18:00:00,36.241,36.286,36.189,36.193,22725,0
2017-08-02,19:00:00,36.207,36.209,36.073,36.115,15444,0
2017-08-02,20:00:00,36.12,36.15,36.092,36.12,14864,0
2017-08-02,21:00:00,36.13,36.17,36.104,36.17,11467,0
2017-08-02,22:00:00,36.157,36.189,36.138,36.18,20872,0
2017-08-03,16:00:00,36.239,36.239,35.965,36.111,12158,0
2017-08-03,17:00:00,36.089,36.241,36.017,36.24,6152,0
2017-08-03,18:00:00,36.255,36.255,36.125,36.125,4610,0
2017-08-03,19:00:00,36.12,36.17,36.064,36.091,17241,0
2017-08-03,20:00:00,36.023,36.023,35.968,35.968,2929,0
2017-08-03,21:00:00,35.934,35.934,35.848,35.874,9940,0
2017-08-03,22:00:00,35.887,35.887,35.731,35.848,12554,0
2017-08-04,16:00:00,35.985,36.004,35.806,35.818,5352,0
2017-08-04,17:00:00,35.848,36.082,35.817,36.022,13752,0
2017-08-04,18:00:00,36.073,36.091,36.014,36.053,5072,0
2017-08-04,19:00:00,36.08,36.257,36.08,36.227,3884,0
2017-08-04,20:00:00,36.239,36.257,36.179,36.208,5538,0
2017-08-04,21:00:00,36.189,36.237,36.131,36.237,5911,0
2017-08-04,22:00:00,36.263,36.365,36.263,36.336,4391,0
2017-08-07,16:00:00,36.375,36.414,36.189,36.224,3725,0
2017-08-07,17:00:00,36.257,36.282,36.082,36.105,4724,0
2017-08-07,18:00:00,36.084,36.189,35.947,36.189,8355,0
2017-08-07,19:00:00,36.171,36.296,36.171,36.219,4322,0
2017-08-07,20:00:00,36.247,36.252,36.12,36.153,7532,0
2017-08-07,21:00:00,36.128,36.277,36.128,36.272,4223,0
2017-08-07,22:00:00,36.279,36.355,36.279,36.355,8192,0
2017-08-08,16:00:00,36.375,36.375,36.023,36.023,4173,0
2017-08-08,17:00:00,36.043,36.219,36.033,36.187,5763,0
2017-08-08,18:00:00,36.257,36.346,36.196,36.346,9319,0
2017-08-08,19:00:00,36.323,36.323,36.043,36.073,6665,0
2017-08-08,20:00:00,36.082,36.13,36.031,36.091,11141,0
2017-08-08,21:00:00,36.073,36.233,36.073,36.199,3243,0
2017-08-08,22:00:00,36.13,36.15,36.014,36.091,11421,0
2017-08-09,16:00:00,36.17,36.17,35.76,35.886,22098,0
2017-08-09,17:00:00,35.857,35.872,35.673,35.691,3314,0
2017-08-09,18:00:00,35.672,35.857,35.672,35.828,6063,0
2017-08-09,19:00:00,35.876,35.887,35.765,35.771,3526,0
2017-08-09,20:00:00,35.75,35.782,35.701,35.701,5476,0
2017-08-09,21:00:00,35.701,35.701,35.618,35.618,9237,0
2017-08-09,22:00:00,35.619,35.672,35.584,35.672,10677,0
2017-08-10,16:00:00,35.632,35.642,35.486,35.516,9987,0
2017-08-10,17:00:00,35.519,35.519,35.33,35.438,13222,0
2017-08-10,18:00:00,35.438,35.438,35.359,35.415,5747,0
2017-08-10,19:00:00,35.418,35.438,35.34,35.369,10970,0
2017-08-10,20:00:00,35.486,35.535,35.439,35.496,6426,0
2017-08-10,21:00:00,35.428,35.574,35.389,35.516,2791,0
2017-08-10,22:00:00,35.496,35.496,35.379,35.379,14147,0
2017-08-11,16:00:00,35.466,35.466,34.998,35.056,22451,0
2017-08-11,17:00:00,35.066,35.086,34.973,35.081,20436,0
2017-08-11,18:00:00,35.086,35.104,34.998,35.091,157644,0
2017-08-11,19:00:00,35.037,35.076,35.008,35.026,14860,0
2017-08-11,20:00:00,35.008,35.066,35.008,35.05,7349,0
2017-08-11,21:00:00,35.087,35.087,35.008,35.026,6973,0
2017-08-11,22:00:00,35.032,35.292,35.008,35.292,7307,0
2017-08-14,16:00:00,35.389,35.693,35.389,35.652,10888,0
2017-08-14,17:00:00,35.7,35.925,35.636,35.897,11388,0
2017-08-14,18:00:00,35.897,36.028,35.887,36.028,5711,0
2017-08-14,19:00:00,36.062,36.062,35.92,36.002,2839,0
2017-08-14,20:00:00,35.96,36.047,35.96,36.047,4343,0
2017-08-14,21:00:00,36.101,36.104,35.953,35.953,4021,0
2017-08-14,22:00:00,35.947,36.039,35.947,35.994,7520,0
2017-08-15,16:00:00,35.778,35.778,35.612,35.612,5548,0
2017-08-15,17:00:00,35.64,35.64,35.488,35.532,8307,0
2017-08-15,18:00:00,35.592,35.63,35.532,35.543,5078,0
2017-08-15,19:00:00,35.552,35.577,35.522,35.522,5984,0
2017-08-15,20:00:00,35.522,35.621,35.513,35.621,10639,0
2017-08-15,21:00:00,35.576,35.644,35.576,35.593,5939,0
2017-08-15,22:00:00,35.612,35.759,35.612,35.749,10856,0
2017-08-16,16:00:00,35.689,35.974,35.689,35.926,4100,0
2017-08-16,17:00:00,35.881,36.014,35.881,35.954,33296,0
2017-08-16,18:00:00,35.926,36.003,35.769,35.984,27647,0
2017-08-16,19:00:00,36.003,36.032,35.946,35.974,13141,0
2017-08-16,20:00:00,35.968,36.014,35.959,35.984,8285,0
2017-08-16,21:00:00,36.003,36.003,35.886,35.886,1483,0
2017-08-16,22:00:00,35.847,35.847,35.729,35.759,6935,0
2017-08-17,16:00:00,35.532,35.916,35.513,35.916,4936,0
2017-08-17,17:00:00,35.881,35.902,35.697,35.837,5636,0
2017-08-17,18:00:00,35.848,35.926,35.797,35.797,9821,0
2017-08-17,19:00:00,35.802,35.817,35.699,35.699,9654,0
2017-08-17,20:00:00,35.658,35.658,35.513,35.561,3243,0
2017-08-17,21:00:00,35.582,35.6,35.503,35.513,2540,0
2017-08-17,22:00:00,35.542,35.601,35.346,35.355,34872,0
2017-08-18,16:00:00,35.091,35.365,34.948,34.983,11713,0
2017-08-18,17:00:00,34.944,35.063,34.944,35.026,9556,0
2017-08-18,18:00:00,35.021,35.031,34.935,35.014,10091,0
2017-08-18,19:00:00,35.021,35.101,34.991,35.058,7547,0
2017-08-18,20:00:00,35.084,35.121,35.051,35.084,6438,0
2017-08-18,21:00:00,35.058,35.11,35.031,35.031,9432,0
2017-08-18,22:00:00,35.021,35.061,34.977,34.992,9418,0
2017-08-21,16:00:00,34.992,35.084,34.914,34.999,7326,0
2017-08-21,17:00:00,35.101,35.248,35.101,35.229,1497,0
2017-08-21,18:00:00,35.212,35.311,35.212,35.251,24353,0
2017-08-21,19:00:00,35.248,35.358,35.238,35.337,9763,0
2017-08-21,20:00:00,35.383,35.384,35.303,35.316,1623,0
2017-08-21,21:00:00,35.321,35.385,35.278,35.278,7301,0
2017-08-21,22:00:00,35.31,35.355,35.298,35.336,6403,0
2017-08-22,16:00:00,35.326,35.405,35.326,35.405,3842,0
2017-08-22,17:00:00,35.415,35.415,35.306,35.4,4774,0
2017-08-22,18:00:00,35.346,35.375,35.302,35.306,12125,0
2017-08-22,19:00:00,35.248,35.309,35.238,35.305,4420,0
2017-08-22,20:00:00,35.336,35.375,35.307,35.375,5195,0
2017-08-22,21:00:00,35.346,35.385,35.288,35.324,16247,0
2017-08-22,22:00:00,35.325,35.349,35.248,35.272,14169,0
2017-08-23,16:00:00,35.415,35.415,35.15,35.15,5602,0
2017-08-23,17:00:00,35.156,35.385,35.117,35.355,12312,0
2017-08-23,18:00:00,35.39,35.473,35.39,35.409,2409,0
2017-08-23,19:00:00,35.412,35.468,35.405,35.407,5337,0
2017-08-23,20:00:00,35.395,35.445,35.377,35.405,7790,0
2017-08-23,21:00:00,35.381,35.464,35.381,35.415,17028,0
2017-08-23,22:00:00,35.395,35.423,35.343,35.375,11056,0
2017-08-24,16:00:00,35.455,35.719,35.455,35.602,2987,0
2017-08-24,17:00:00,35.592,35.665,35.592,35.606,15150,0
2017-08-24,18:00:00,35.592,35.68,35.592,35.662,14825,0
2017-08-24,19:00:00,35.709,35.709,35.542,35.542,29237,0
2017-08-24,20:00:00,35.522,35.572,35.493,35.552,28299,0
2017-08-24,21:00:00,35.532,35.541,35.473,35.49,16830,0
2017-08-24,22:00:00,35.522,35.527,35.365,35.385,69675,0
2017-08-25,16:00:00,35.612,35.612,35.355,35.355,4353,0
2017-08-25,17:00:00,35.346,35.447,35.288,35.425,4926,0
2017-08-25,18:00:00,35.452,35.497,35.445,35.497,5330,0
2017-08-25,19:00:00,35.522,35.621,35.503,35.582,14821,0
2017-08-25,20:00:00,35.68,35.719,35.65,35.689,2437,0
2017-08-25,21:00:00,35.689,35.778,35.682,35.755,7138,0
2017-08-25,22:00:00,35.757,35.797,35.64,35.699,25512,0
2017-08-28,16:00:00,35.778,35.827,35.64,35.749,10406,0
2017-08-28,17:00:00,35.639,35.639,35.306,35.405,15077,0
2017-08-28,18:00:00,35.39,35.395,35.288,35.326,4622,0
2017-08-28,19:00:00,35.279,35.382,35.278,35.306,4061,0
2017-08-28,20:00:00,35.307,35.332,35.258,35.258,2485,0
2017-08-28,21:00:00,35.273,35.307,35.248,35.288,3702,0
2017-08-28,22:00:00,35.268,35.346,35.248,35.306,12750,0
2017-08-29,16:00:00,35.101,35.365,35.101,35.365,4125,0
2017-08-29,17:00:00,35.284,35.284,35.215,35.242,3257,0
2017-08-29,18:00:00,35.263,35.263,35.184,35.218,1323,0
2017-08-29,19:00:00,35.278,35.395,35.268,35.364,15129,0
2017-08-29,20:00:00,35.407,35.483,35.399,35.399,8122,0
2017-08-29,21:00:00,35.416,35.416,35.365,35.385,9233,0
2017-08-29,22:00:00,35.39,35.435,35.365,35.435,3041,0
2017-08-30,16:00:00,35.268,35.294,35.141,35.294,2379,0
2017-08-30,17:00:00,35.298,35.513,35.298,35.513,5930,0
2017-08-30,18:00:00,35.499,35.584,35.483,35.549,11599,0
2017-08-30,19:00:00,35.63,35.63,35.573,35.612,9563,0
2017-08-30,20:00:00,35.592,35.61,35.58,35.582,7382,0
2017-08-30,21:00:00,35.503,35.63,35.503,35.608,4291,0
2017-08-30,22:00:00,35.617,35.732,35.592,35.68,3773,0
2017-08-31,16:00:00,35.797,35.869,35.739,35.837,6572,0
2017-08-31,17:00:00,35.856,36.013,35.856,36.013,11446,0
2017-08-31,18:00:00,36.005,36.023,35.972,35.995,4097,0
2017-08-31,19:00:00,35.992,35.992,35.876,35.886,5938,0
2017-08-31,20:00:00,35.877,35.934,35.829,35.934,1935,0
2017-08-31,21:00:00,35.817,35.879,35.81,35.855,5299,0
2017-08-31,22:00:00,35.865,35.944,35.797,35.847,4539,0
2017-09-01,16:00:00,35.788,36.018,35.788,36.018,3885,0
2017-09-01,17:00:00,36.017,36.19,36.017,36.102,11409,0
2017-09-01,18:00:00,36.096,36.097,36.014,36.033,5960,0
2017-09-01,19:00:00,36.023,36.066,35.994,36.066,495,0
2017-09-01,20:00:00,36.073,36.131,36.073,36.086,26377,0
2017-09-01,21:00:00,36.058,36.083,36.023,36.083,1745,0
2017-09-01,22:00:00,36.063,36.07,35.954,35.954,4954,0
2017-09-05,16:00:00,35.974,36.237,35.974,36.063,5132,0
2017-09-05,17:00:00,36.083,36.099,35.945,35.945,13575,0
2017-09-05,18:00:00,35.964,36.043,35.964,35.999,19875,0
2017-09-05,19:00:00,35.984,35.984,35.739,35.739,5297,0
2017-09-05,20:00:00,35.742,35.742,35.64,35.664,2576,0
2017-09-05,21:00:00,35.683,35.807,35.665,35.703,4570,0
2017-09-05,22:00:00,35.699,35.788,35.699,35.739,1683,0
2017-09-06,16:00:00,35.739,35.994,35.739,35.994,2268,0
2017-09-06,17:00:00,36.112,36.266,36.102,36.128,25795,0
2017-09-06,18:00:00,36.098,36.098,35.956,35.964,5088,0
2017-09-06,19:00:00,36.007,36.053,35.97,36.036,8324,0
2017-09-06,20:00:00,36.031,36.112,36.014,36.052,6459,0
2017-09-06,21:00:00,35.964,35.973,35.926,35.937,2301,0
2017-09-06,22:00:00,35.919,35.921,35.847,35.856,3438,0
2017-09-07,16:00:00,36.004,36.097,35.953,35.953,3663,0
2017-09-07,17:00:00,36.033,36.057,35.935,36.015,3915,0
2017-09-07,18:00:00,35.957,35.987,35.934,35.984,2294,0
2017-09-07,19:00:00,35.972,36.071,35.962,36.065,2501,0
2017-09-07,20:00:00,36.043,36.043,35.927,35.953,4388,0
2017-09-07,21:00:00,35.945,36.019,35.935,35.984,2146,0
2017-09-07,22:00:00,35.994,36.012,35.896,35.964,5150,0
2017-09-08,16:00:00,36.023,36.023,35.876,35.994,3715,0
2017-09-08,17:00:00,36.138,36.24,36.092,36.24,1913,0
2017-09-08,18:00:00,36.247,36.397,36.247,36.397,5349,0
2017-09-08,19:00:00,36.326,36.368,36.267,36.368,2823,0
2017-09-08,20:00:00,36.367,36.367,36.274,36.278,3457,0
2017-09-08,21:00:00,36.311,36.367,36.311,36.324,1875,0
2017-09-08,22:00:00,36.322,36.322,36.192,36.23,1926,0
2017-09-11,16:00:00,36.475,36.701,36.475,36.592,5584,0
2017-09-11,17:00:00,36.554,36.734,36.554,36.662,4444,0
2017-09-11,18:00:00,36.621,36.621,36.524,36.553,1926,0
2017-09-11,19:00:00,36.583,36.661,36.534,36.64,6465,0
2017-09-11,20:00:00,36.612,36.652,36.592,36.592,14458,0
2017-09-11,21:00:00,36.595,36.606,36.495,36.495,1668,0
2017-09-11,22:00:00,36.483,36.573,36.445,36.573,7529,0
2017-09-12,16:00:00,36.632,36.682,36.426,36.682,4526,0
2017-09-12,17:00:00,36.642,36.661,36.533,36.563,10968,0
2017-09-12,18:00:00,36.445,36.544,36.436,36.535,1455,0
2017-09-12,19:00:00,36.518,36.563,36.511,36.527,5452,0
2017-09-12,20:00:00,36.539,36.554,36.436,36.455,2669,0
2017-09-12,21:00:00,36.426,36.426,36.338,36.377,4567,0
2017-09-12,22:00:00,36.394,36.394,36.26,36.357,7568,0
2017-09-13,16:00:00,36.563,36.583,36.284,36.288,9043,0
2017-09-13,17:00:00,36.455,36.475,36.416,36.416,9650,0
2017-09-13,18:00:00,36.485,36.485,36.416,36.475,5693,0
2017-09-13,19:00:00,36.46,36.544,36.426,36.495,2699,0
2017-09-13,20:00:00,36.504,36.524,36.47,36.515,4412,0
2017-09-13,21:00:00,36.495,36.505,36.387,36.387,5015,0
2017-09-13,22:00:00,36.458,36.554,36.426,36.554,3880,0
2017-09-14,16:00:00,36.544,36.544,36.399,36.505,3406,0
2017-09-14,17:00:00,36.524,36.573,36.474,36.474,7336,0
2017-09-14,18:00:00,36.485,36.495,36.406,36.495,6528,0
2017-09-14,19:00:00,36.554,36.583,36.516,36.554,8319,0
2017-09-14,20:00:00,36.544,36.583,36.492,36.534,13879,0
2017-09-14,21:00:00,36.563,36.58,36.505,36.515,25859,0
2017-09-14,22:00:00,36.495,36.563,36.445,36.563,6519,0
2017-09-15,16:00:00,36.544,36.585,36.511,36.553,8167,0
2017-09-15,17:00:00,36.544,36.544,36.278,36.315,4112,0
2017-09-15,18:00:00,36.278,36.524,36.278,36.523,4044,0
2017-09-15,19:00:00,36.534,36.678,36.509,36.602,4209,0
2017-09-15,20:00:00,36.631,36.631,36.524,36.524,6555,0
2017-09-15,21:00:00,36.563,36.602,36.534,36.602,6472,0
2017-09-15,22:00:00,36.589,36.789,36.563,36.769,17032,0
2017-09-18,16:00:00,36.908,36.908,36.701,36.829,10051,0
2017-09-18,17:00:00,36.829,36.869,36.71,36.715,11039,0
2017-09-18,18:00:00,36.711,36.711,36.625,36.651,5097,0
2017-09-18,19:00:00,36.631,36.661,36.523,36.557,9108,0
2017-09-18,20:00:00,36.567,36.661,36.567,36.631,4689,0
2017-09-18,21:00:00,36.631,36.631,36.513,36.572,9667,0
2017-09-18,22:00:00,36.533,36.582,36.503,36.572,11664,0
2017-09-19,16:00:00,36.651,36.651,36.434,36.434,3298,0
2017-09-19,17:00:00,36.424,36.443,36.345,36.357,19731,0
2017-09-19,18:00:00,36.345,36.345,36.187,36.232,10169,0
2017-09-19,19:00:00,36.233,36.325,36.217,36.285,7436,0
2017-09-19,20:00:00,36.256,36.276,36.171,36.177,2968,0
2017-09-19,21:00:00,36.177,36.207,36.13,36.157,10896,0
2017-09-19,22:00:00,36.152,36.177,36.121,36.177,14310,0
2017-09-20,16:00:00,36.335,36.513,36.183,36.183,3632,0
2017-09-20,17:00:00,36.266,36.266,36.187,36.218,3740,0
2017-09-20,18:00:00,36.247,36.285,36.223,36.266,3272,0
2017-09-20,19:00:00,36.305,36.335,36.305,36.335,2096,0
2017-09-20,20:00:00,36.344,36.345,36.305,36.322,5720,0
2017-09-20,21:00:00,36.295,36.295,36.098,36.196,9020,0
2017-09-20,22:00:00,36.157,36.266,36.157,36.266,7091,0
2017-09-21,16:00:00,36.237,36.453,36.237,36.453,1449,0
2017-09-21,17:00:00,36.503,36.503,36.345,36.365,8575,0
2017-09-21,18:00:00,36.295,36.335,36.253,36.265,5401,0
2017-09-21,19:00:00,36.212,36.285,36.197,36.247,2952,0
2017-09-21,20:00:00,36.197,36.216,36.157,36.187,5366,0
2017-09-21,21:00:00,36.187,36.197,36.127,36.177,9358,0
2017-09-21,22:00:00,36.177,36.197,36.108,36.108,2538,0
2017-09-22,16:00:00,36.117,36.305,36.117,36.299,1403,0
2017-09-22,17:00:00,36.325,36.345,36.256,36.345,4728,0
2017-09-22,18:00:00,36.375,36.375,36.177,36.177,5616,0
2017-09-22,19:00:00,36.187,36.202,36.147,36.153,6579,0
2017-09-22,20:00:00,36.147,36.217,36.147,36.217,4492,0
2017-09-22,21:00:00,36.203,36.203,36.102,36.102,8066,0
2017-09-22,22:00:00,36.113,36.201,36.113,36.187,5461,0
2017-09-25,16:00:00,36.276,36.471,36.276,36.463,2413,0
2017-09-25,17:00:00,36.55,36.789,36.503,36.764,17938,0
2017-09-25,18:00:00,36.631,36.644,36.626,36.644,2349,0
2017-09-25,19:00:00,36.66,36.779,36.611,36.776,5298,0
2017-09-25,20:00:00,36.74,36.779,36.716,36.76,27563,0
2017-09-25,21:00:00,36.756,36.776,36.711,36.769,6210,0
2017-09-25,22:00:00,36.775,36.775,36.651,36.681,9118,0
2017-09-26,16:00:00,36.582,36.698,36.543,36.698,4283,0
2017-09-26,17:00:00,36.684,36.75,36.621,36.621,3848,0
2017-09-26,18:00:00,36.769,36.778,36.73,36.76,3940,0
2017-09-26,19:00:00,36.779,36.784,36.641,36.641,2441,0
2017-09-26,20:00:00,36.635,36.7,36.578,36.7,2956,0
2017-09-26,21:00:00,36.73,36.75,36.711,36.749,3446,0
2017-09-26,22:00:00,36.75,36.789,36.701,36.711,6771,0
2017-09-27,16:00:00,36.671,36.691,36.335,36.405,27009,0
2017-09-27,17:00:00,36.447,36.563,36.374,36.413,7139,0
2017-09-27,18:00:00,36.423,36.423,36.318,36.359,12011,0
2017-09-27,19:00:00,36.375,36.563,36.375,36.563,1365,0
2017-09-27,20:00:00,36.611,36.72,36.602,36.72,1876,0
2017-09-27,21:00:00,36.779,36.789,36.661,36.789,3904,0
2017-09-27,22:00:00,36.799,36.826,36.738,36.809,7321,0
2017-09-28,16:00:00,36.769,36.869,36.681,36.711,13881,0
2017-09-28,17:00:00,36.661,36.691,36.601,36.691,202576,0
2017-09-28,18:00:00,36.641,36.779,36.641,36.779,2568,0
2017-09-28,19:00:00,36.796,36.91,36.796,36.849,8381,0
2017-09-28,20:00:00,36.839,36.859,36.826,36.855,1771,0
2017-09-28,21:00:00,36.856,36.937,36.849,36.899,5503,0
2017-09-28,22:00:00,36.937,37.036,36.927,37.036,6103,0
2017-09-29,16:00:00,37.145,37.145,36.96,37.095,8932,0
2017-09-29,17:00:00,37.152,37.152,36.909,37.024,2365,0
2017-09-29,18:00:00,36.997,37.027,36.97,36.997,5294,0
2017-09-29,19:00:00,36.993,37.022,36.938,36.982,5314,0
2017-09-29,20:00:00,36.967,36.986,36.94,36.941,7373,0
2017-09-29,21:00:00,36.946,36.977,36.937,36.957,5133,0
2017-09-29,22:00:00,36.948,37.046,36.948,37.036,4379,0
2017-10-02,16:00:00,37.095,37.128,36.957,37.056,11963,0
2017-10-02,17:00:00,37.016,37.095,37.003,37.05,6645,0
2017-10-02,18:00:00,37.035,37.086,36.978,37.086,24837,0
2017-10-02,19:00:00,37.056,37.145,37.051,37.115,3504,0
2017-10-02,20:00:00,37.114,37.194,37.066,37.165,7580,0
2017-10-02,21:00:00,37.181,37.194,37.115,37.194,6818,0
2017-10-02,22:00:00,37.243,37.252,37.154,37.194,10314,0
2017-10-03,16:00:00,37.263,37.263,37.043,37.095,3375,0
2017-10-03,17:00:00,37.125,37.142,37.056,37.108,10709,0
2017-10-03,18:00:00,37.145,37.145,37.062,37.115,6198,0
2017-10-03,19:00:00,37.105,37.155,37.086,37.125,3010,0
2017-10-03,20:00:00,37.113,37.113,36.996,37.017,5426,0
2017-10-03,21:00:00,37.017,37.056,36.997,37.046,5080,0
2017-10-03,22:00:00,37.075,37.145,37.056,37.135,7589,0
2017-10-04,16:00:00,37.105,37.115,36.987,36.987,3250,0
2017-10-04,17:00:00,37.014,37.156,37.007,37.115,7919,0
2017-10-04,18:00:00,37.116,37.224,37.116,37.204,6148,0
2017-10-04,19:00:00,37.17,37.175,37.105,37.105,8085,0
2017-10-04,20:00:00,37.108,37.121,36.997,36.997,10639,0
2017-10-04,21:00:00,37.017,37.115,37.003,37.115,10092,0
2017-10-04,22:00:00,37.164,37.188,37.125,37.18,10056,0
2017-10-05,16:00:00,37.283,37.333,37.19,37.289,2248,0
2017-10-05,17:00:00,37.306,37.501,37.306,37.464,5050,0
2017-10-05,18:00:00,37.461,37.605,37.461,37.588,9028,0
2017-10-05,19:00:00,37.57,37.599,37.52,37.52,2526,0
2017-10-05,20:00:00,37.494,37.529,37.452,37.52,6472,0
2017-10-05,21:00:00,37.496,37.5,37.428,37.431,8400,0
2017-10-05,22:00:00,37.418,37.441,37.372,37.421,16565,0
2017-10-06,16:00:00,37.333,37.333,37.022,37.126,8387,0
2017-10-06,17:00:00,37.106,37.185,37.053,37.137,4155,0
2017-10-06,18:00:00,37.122,37.165,37.096,37.096,5747,0
2017-10-06,19:00:00,37.117,37.164,37.1,37.135,3969,0
2017-10-06,20:00:00,37.124,37.165,37.124,37.153,5201,0
2017-10-06,21:00:00,37.15,37.203,37.145,37.175,4296,0
2017-10-06,22:00:00,37.175,37.203,37.135,37.189,2087,0
2017-10-09,16:00:00,37.185,37.382,37.185,37.316,5155,0
2017-10-09,17:00:00,37.352,37.404,37.317,37.382,12830,0
2017-10-09,18:00:00,37.382,37.382,37.313,37.343,7469,0
2017-10-09,19:00:00,37.359,37.402,37.343,37.391,18304,0
2017-10-09,20:00:00,37.4,37.4,37.338,37.352,6282,0
2017-10-09,21:00:00,37.343,37.343,37.266,37.283,2937,0
2017-10-09,22:00:00,37.282,37.313,37.245,37.313,14308,0
2017-10-10,16:00:00,37.412,37.639,37.412,37.581,3639,0
2017-10-10,17:00:00,37.51,37.52,37.412,37.431,13053,0
2017-10-10,18:00:00,37.403,37.51,37.363,37.412,21539,0
2017-10-10,19:00:00,37.431,37.461,37.392,37.393,8068,0
2017-10-10,20:00:00,37.392,37.392,37.273,37.291,7412,0
2017-10-10,21:00:00,37.267,37.28,37.197,37.28,3206,0
2017-10-10,22:00:00,37.293,37.382,37.293,37.382,4418,0
2017-10-11,16:00:00,37.579,37.597,37.478,37.597,3322,0
2017-10-11,17:00:00,37.54,37.639,37.535,37.576,18775,0
2017-10-11,18:00:00,37.589,37.657,37.56,37.573,4328,0
2017-10-11,19:00:00,37.539,37.56,37.525,37.55,6340,0
2017-10-11,20:00:00,37.537,37.579,37.53,37.54,8796,0
2017-10-11,21:00:00,37.56,37.578,37.52,37.552,5104,0
2017-10-11,22:00:00,37.56,37.589,37.51,37.56,3177,0
2017-10-12,16:00:00,37.619,37.619,37.481,37.481,4910,0
2017-10-12,17:00:00,37.451,37.633,37.451,37.609,5114,0
2017-10-12,18:00:00,37.668,37.702,37.637,37.637,8252,0
2017-10-12,19:00:00,37.637,37.688,37.637,37.678,6425,0
2017-10-12,20:00:00,37.723,37.723,37.678,37.678,3132,0
2017-10-12,21:00:00,37.649,37.694,37.629,37.668,6238,0
2017-10-12,22:00:00,37.685,37.728,37.685,37.728,6217,0
2017-10-13,16:00:00,37.777,37.777,37.559,37.559,5936,0
2017-10-13,17:00:00,37.589,37.812,37.589,37.806,4541,0
2017-10-13,18:00:00,37.817,37.914,37.757,37.817,4202,0
2017-10-13,19:00:00,37.747,37.747,37.688,37.733,2119,0
2017-10-13,20:00:00,37.715,37.757,37.713,37.725,2752,0
2017-10-13,21:00:00,37.747,37.776,37.706,37.752,4845,0
2017-10-13,22:00:00,37.763,37.795,37.718,37.757,6502,0
2017-10-16,16:00:00,37.856,37.856,37.659,37.767,8866,0
2017-10-16,17:00:00,37.839,37.839,37.692,37.692,8954,0
2017-10-16,18:00:00,37.652,37.663,37.567,37.629,3908,0
2017-10-16,19:00:00,37.609,37.609,37.54,37.54,2923,0
2017-10-16,20:00:00,37.584,37.678,37.584,37.618,4509,0
2017-10-16,21:00:00,37.649,37.649,37.563,37.579,6729,0
2017-10-16,22:00:00,37.628,37.649,37.604,37.649,10070,0
2017-10-17,16:00:00,37.629,37.694,37.547,37.56,3277,0
2017-10-17,17:00:00,37.559,37.559,37.488,37.505,2352,0
2017-10-17,18:00:00,37.65,37.738,37.649,37.724,3622,0
2017-10-17,19:00:00,37.727,37.767,37.727,37.728,2594,0
2017-10-17,20:00:00,37.738,37.747,37.698,37.703,3292,0
2017-10-17,21:00:00,37.703,37.708,37.652,37.652,4675,0
2017-10-17,22:00:00,37.654,37.718,37.585,37.714,14788,0
2017-10-18,16:00:00,37.856,37.943,37.797,37.797,4984,0
2017-10-18,17:00:00,37.812,37.812,37.688,37.688,6076,0
2017-10-18,18:00:00,37.732,37.739,37.683,37.739,6238,0
2017-10-18,19:00:00,37.767,37.787,37.698,37.762,5529,0
2017-10-18,20:00:00,37.757,37.797,37.752,37.782,6601,0
2017-10-18,21:00:00,37.797,37.865,37.797,37.859,2536,0
2017-10-18,22:00:00,37.846,37.851,37.787,37.787,11393,0
2017-10-19,16:00:00,37.817,37.817,37.659,37.659,4570,0
2017-10-19,17:00:00,37.56,37.718,37.556,37.698,6975,0
2017-10-19,18:00:00,37.728,37.728,37.609,37.614,10309,0
2017-10-19,19:00:00,37.664,37.717,37.664,37.705,2876,0
2017-10-19,20:00:00,37.738,37.754,37.697,37.727,3549,0
2017-10-19,21:00:00,37.733,37.777,37.718,37.718,7743,0
2017-10-19,22:00:00,37.688,37.727,37.659,37.708,6205,0
2017-10-20,16:00:00,37.896,37.896,37.461,37.461,12873,0
2017-10-20,17:00:00,37.398,37.481,37.313,37.466,5185,0
2017-10-20,18:00:00,37.454,37.491,37.358,37.358,4994,0
2017-10-20,19:00:00,37.361,37.362,37.24,37.24,5970,0
2017-10-20,20:00:00,37.246,37.283,37.199,37.204,10350,0
2017-10-20,21:00:00,37.185,37.283,37.174,37.27,9771,0
2017-10-20,22:00:00,37.282,37.333,37.268,37.333,6211,0
2017-10-23,16:00:00,37.422,37.422,37.243,37.372,6905,0
2017-10-23,17:00:00,37.372,37.372,37.144,37.175,15467,0
2017-10-23,18:00:00,37.212,37.212,37.134,37.151,5542,0
2017-10-23,19:00:00,37.129,37.144,37.074,37.144,6929,0
2017-10-23,20:00:00,37.094,37.123,37.074,37.096,1882,0
2017-10-23,21:00:00,37.083,37.123,37.015,37.064,5715,0
2017-10-23,22:00:00,37.055,37.083,37.015,37.064,7505,0
2017-10-24,16:00:00,37.104,37.159,37.059,37.094,4155,0
2017-10-24,17:00:00,37.087,37.143,36.965,36.965,6414,0
2017-10-24,18:00:00,36.954,36.954,36.796,36.832,29807,0
2017-10-24,19:00:00,36.806,36.866,36.777,36.846,5120,0
2017-10-24,20:00:00,36.839,36.839,36.806,36.816,2622,0
2017-10-24,21:00:00,36.873,36.929,36.873,36.91,2951,0
2017-10-24,22:00:00,36.925,36.965,36.885,36.925,6286,0
2017-10-25,16:00:00,36.776,36.861,36.776,36.794,3526,0
2017-10-25,17:00:00,36.776,36.776,36.448,36.477,12472,0
2017-10-25,18:00:00,36.498,36.622,36.455,36.577,11906,0
2017-10-25,19:00:00,36.607,36.607,36.508,36.548,11729,0
2017-10-25,20:00:00,36.563,36.705,36.478,36.705,5034,0
2017-10-25,21:00:00,36.759,36.759,36.619,36.656,25492,0
2017-10-25,22:00:00,36.666,36.726,36.637,36.726,3112,0
2017-10-26,16:00:00,36.746,36.786,36.597,36.627,8657,0
2017-10-26,17:00:00,36.627,36.633,36.405,36.417,5535,0
2017-10-26,18:00:00,36.428,36.481,36.385,36.418,3785,0
2017-10-26,19:00:00,36.421,36.442,36.369,36.389,3451,0
2017-10-26,20:00:00,36.377,36.438,36.377,36.389,4674,0
2017-10-26,21:00:00,36.435,36.524,36.418,36.418,6413,0
2017-10-26,22:00:00,36.424,36.458,36.384,36.428,8629,0
2017-10-27,16:00:00,36.289,36.329,36.16,36.289,6148,0
2017-10-27,17:00:00,36.339,36.702,36.309,36.682,9297,0
2017-10-27,18:00:00,36.617,36.756,36.617,36.657,6001,0
2017-10-27,19:00:00,36.697,36.697,36.608,36.687,8367,0
2017-10-27,20:00:00,36.697,36.716,36.589,36.597,2400,0
2017-10-27,21:00:00,36.597,36.647,36.528,36.548,8604,0
2017-10-27,22:00:00,36.567,36.587,36.518,36.518,11468,0
2017-10-30,15:00:00,36.736,36.736,36.495,36.528,23875,0
2017-10-30,16:00:00,36.418,36.469,36.369,36.369,4513,0
2017-10-30,17:00:00,36.329,36.393,36.289,36.299,6110,0
2017-10-30,18:00:00,36.312,36.32,36.264,36.264,2223,0
2017-10-30,19:00:00,36.279,36.348,36.218,36.218,21661,0
2017-10-30,20:00:00,36.239,36.329,36.23,36.329,4195,0
2017-10-30,21:00:00,36.257,36.279,36.17,36.279,17849,0
2017-10-31,15:00:00,36.279,36.319,36.1,36.17,14557,0
2017-10-31,16:00:00,36.12,36.17,36.014,36.17,24881,0
2017-10-31,17:00:00,36.135,36.259,36.107,36.149,6443,0
2017-10-31,18:00:00,36.191,36.219,36.158,36.18,4039,0
2017-10-31,19:00:00,36.17,36.339,36.17,36.329,2019,0
2017-10-31,20:00:00,36.312,36.458,36.312,36.452,2398,0
2017-10-31,21:00:00,36.439,36.488,36.389,36.448,7677,0
2017-11-01,15:00:00,36.637,36.766,36.476,36.707,6827,0
2017-11-01,16:00:00,36.765,36.881,36.597,36.623,10396,0
2017-11-01,17:00:00,36.584,36.584,36.374,36.418,5044,0
2017-11-01,18:00:00,36.418,36.468,36.379,36.438,1800,0
2017-11-01,19:00:00,36.477,36.518,36.418,36.488,5653,0
2017-11-01,20:00:00,36.577,36.647,36.504,36.558,8184,0
2017-11-01,21:00:00,36.548,36.627,36.518,36.587,11174,0
2017-11-02,15:00:00,36.617,36.765,36.617,36.687,3751,0
2017-11-02,16:00:00,36.667,36.866,36.621,36.776,8214,0
2017-11-02,17:00:00,36.796,36.965,36.697,36.965,17016,0
2017-11-02,18:00:00,36.895,36.99,36.885,36.886,10655,0
2017-11-02,19:00:00,36.9,36.936,36.895,36.936,9592,0
2017-11-02,20:00:00,36.93,36.974,36.894,36.924,6023,0
2017-11-02,21:00:00,36.9,37.054,36.9,37.015,3117,0
2017-11-03,15:00:00,36.538,36.538,35.823,35.862,37324,0
2017-11-03,16:00:00,35.846,36.001,35.842,35.94,23794,0
2017-11-03,17:00:00,35.98,36.016,35.951,35.981,15371,0
2017-11-03,18:00:00,36.019,36.051,35.941,35.941,12538,0
2017-11-03,19:00:00,35.932,35.932,35.733,35.811,12020,0
2017-11-03,20:00:00,35.782,35.822,35.744,35.763,8242,0
2017-11-03,21:00:00,35.773,35.822,35.763,35.763,20477,0
2017-11-06,16:00:00,35.733,35.993,35.733,35.993,12414,0
2017-11-06,17:00:00,35.991,35.993,35.892,35.899,8472,0
2017-11-06,18:00:00,35.892,35.971,35.882,35.959,7300,0
2017-11-06,19:00:00,35.951,35.951,35.902,35.923,3460,0
2017-11-06,20:00:00,35.951,35.959,35.905,35.947,4437,0
2017-11-06,21:00:00,35.863,35.863,35.74,35.773,11356,0
2017-11-06,22:00:00,35.811,35.823,35.782,35.782,5548,0
2017-11-07,16:00:00,35.792,36.222,35.733,36.17,27107,0
2017-11-07,17:00:00,36.19,36.19,35.971,35.971,5351,0
2017-11-07,19:00:00,35.703,35.802,35.693,35.753,5367,0
2017-11-07,20:00:00,35.723,35.855,35.713,35.827,5559,0
2017-11-07,21:00:00,35.862,35.872,35.792,35.808,12067,0
2017-11-07,22:00:00,35.812,35.936,35.812,35.882,6408,0
2017-11-08,16:00:00,35.852,36.021,35.852,36.021,2107,0
2017-11-08,17:00:00,36.001,36.041,35.852,35.902,10813,0
2017-11-08,18:00:00,35.901,35.921,35.861,35.89,8420,0
2017-11-08,19:00:00,35.892,35.971,35.852,35.971,8243,0
2017-11-08,20:00:00,35.966,36.02,35.942,35.961,5979,0
2017-11-08,21:00:00,35.981,36.031,35.962,36.023,8995,0
2017-11-08,22:00:00,36.041,36.1,36.026,36.091,11863,0
2017-11-09,16:00:00,35.872,36.265,35.773,36.071,6479,0
2017-11-09,17:00:00,36.064,36.235,35.991,36.235,5765,0
2017-11-09,18:00:00,36.24,36.309,36.2,36.2,9602,0
2017-11-09,19:00:00,36.154,36.17,36.069,36.17,3663,0
2017-11-09,20:00:00,36.17,36.438,36.17,36.393,6382,0
2017-11-09,21:00:00,36.319,36.319,36.226,36.236,4178,0
2017-11-09,22:00:00,36.229,36.297,36.21,36.226,5863,0
2017-11-10,16:00:00,36.071,36.517,36.071,36.498,5514,0
2017-11-10,17:00:00,36.399,36.488,36.38,36.488,8995,0
2017-11-10,18:00:00,36.458,36.477,36.369,36.389,6865,0
2017-11-10,19:00:00,36.389,36.497,36.389,36.438,7263,0
2017-11-10,20:00:00,36.397,36.438,36.364,36.438,5010,0
2017-11-10,21:00:00,36.433,36.438,36.408,36.428,1680,0
2017-11-10,22:00:00,36.408,36.41,36.339,36.339,6662,0
2017-11-13,16:00:00,36.369,36.369,36.21,36.305,6219,0
2017-11-13,17:00:00,36.349,36.359,36.038,36.046,9382,0
2017-11-13,18:00:00,36.12,36.13,36.075,36.12,13256,0
2017-11-13,19:00:00,36.115,36.159,36.1,36.139,7775,0
2017-11-13,20:00:00,36.131,36.21,36.126,36.21,8799,0
2017-11-13,21:00:00,36.2,36.209,36.16,36.16,3313,0
2017-11-13,22:00:00,36.18,36.22,36.16,36.18,5465,0
2017-11-14,16:00:00,36.289,36.289,36.098,36.18,4824,0
2017-11-14,17:00:00,36.195,36.229,36.001,36.006,13929,0
2017-11-14,18:00:00,36.001,36.051,35.953,36.011,8240,0
2017-11-14,19:00:00,35.996,36.001,35.941,35.948,7568,0
2017-11-14,20:00:00,35.971,36.011,35.971,35.993,1126,0
2017-11-14,21:00:00,36.01,36.061,36.01,36.042,6549,0
2017-11-14,22:00:00,36.05,36.051,35.981,35.981,11674,0
2017-11-15,16:00:00,35.941,35.941,35.829,35.882,6213,0
2017-11-15,17:00:00,35.956,36.019,35.928,35.981,5096,0
2017-11-15,18:00:00,35.988,35.988,35.872,35.941,6080,0
2017-11-15,19:00:00,35.913,36.001,35.906,35.996,1511,0
2017-11-15,20:00:00,36.021,36.026,35.935,35.941,1839,0
2017-11-15,21:00:00,35.917,35.971,35.917,35.942,6960,0
2017-11-15,22:00:00,35.971,35.971,35.822,35.832,32542,0
2017-11-16,16:00:00,35.773,35.96,35.773,35.908,8174,0
2017-11-16,17:00:00,36.012,36.129,35.977,36.129,7263,0
2017-11-16,18:00:00,36.061,36.19,36.046,36.054,8357,0
2017-11-16,19:00:00,36.05,36.149,36.04,36.13,5570,0
2017-11-16,20:00:00,36.13,36.2,36.11,36.179,19764,0
2017-11-16,21:00:00,36.219,36.22,36.111,36.125,5584,0
2017-11-16,22:00:00,36.061,36.15,36.061,36.061,12236,0
2017-11-17,16:00:00,36.279,36.279,36.072,36.25,3445,0
2017-11-17,17:00:00,36.191,36.284,36.14,36.21,6940,0
2017-11-17,18:00:00,36.149,36.22,36.149,36.209,8123,0
2017-11-17,19:00:00,36.218,36.279,36.187,36.278,5820,0
2017-11-17,20:00:00,36.259,36.27,36.22,36.24,7763,0
2017-11-17,21:00:00,36.222,36.226,36.125,36.125,6012,0
2017-11-17,22:00:00,36.15,36.2,36.142,36.17,14734,0
2017-11-20,16:00:00,36.45,36.45,35.9764,36.009,11554,0
2017-11-20,17:00:00,35.998,36.069,35.97,36.06,23024,0
2017-11-20,18:00:00,36.03,36.069,36.02,36.02,7374,0
2017-11-20,19:00:00,36.03,36.059,36,36.01,12413,0
2017-11-20,20:00:00,36.01,36.11,36.01,36.11,8144,0
2017-11-20,21:00:00,36.1565,36.1565,36.1,36.1,3834,0
2017-11-20,22:00:00,36.1368,36.16,36.1,36.16,11584,0
2017-11-21,16:00:00,36.13,36.339,36.13,36.3229,7886,0
2017-11-21,17:00:00,36.42,36.535,36.42,36.461,6596,0
2017-11-21,18:00:00,36.45,36.45,36.381,36.381,9764,0
2017-11-21,19:00:00,36.409,36.409,36.338,36.39,5508,0
2017-11-21,20:00:00,36.375,36.43,36.36,36.38,3494,0
2017-11-21,21:00:00,36.3468,36.39,36.3443,36.37,5805,0
2017-11-21,22:00:00,36.3772,36.46,36.3772,36.41,7649,0
2017-11-22,16:00:00,36.38,36.64,36.34,36.6,7055,0
2017-11-22,17:00:00,36.6129,36.6162,36.45,36.4952,10266,0
2017-11-22,18:00:00,36.519,36.54,36.5,36.54,6715,0
2017-11-22,19:00:00,36.539,36.56,36.51,36.55,7711,0
2017-11-22,20:00:00,36.5621,36.6,36.55,36.6,4663,0
2017-11-22,21:00:00,36.599,36.64,36.5947,36.5953,6050,0
2017-11-22,22:00:00,36.5947,36.61,36.51,36.51,9069,0
2017-11-24,16:00:00,36.56,36.573,36.52,36.5653,4016,0
2017-11-24,17:00:00,36.5577,36.62,36.49,36.5673,5197,0
2017-11-24,18:00:00,36.51,36.53,36.4713,36.4713,3461,0
2017-11-24,19:00:00,36.5056,36.51,36.49,36.505,2348,0
2017-11-27,16:00:00,36.52,36.57,36.4125,36.499,7501,0
2017-11-27,17:00:00,36.42,36.469,36.401,36.453,8699,0
2017-11-27,18:00:00,36.43,36.449,36.3341,36.34,15846,0
2017-11-27,19:00:00,36.33,36.35,36.3196,36.3364,14905,0
2017-11-27,20:00:00,36.37,36.37,36.35,36.369,1980,0
2017-11-27,21:00:00,36.359,36.36,36.29,36.3069,9109,0
2017-11-27,22:00:00,36.3141,36.338,36.2,36.2,10109,0
2017-11-28,16:00:00,36.3582,36.3582,36.2,36.25,3850,0
2017-11-28,17:00:00,36.235,36.235,36.1,36.17,16431,0
2017-11-28,18:00:00,36.1305,36.26,36.11,36.26,9807,0
2017-11-28,19:00:00,36.27,36.27,36.12,36.12,4878,0
2017-11-28,20:00:00,36.1486,36.2176,36.1486,36.207,5174,0
2017-11-28,21:00:00,36.219,36.28,36.1725,36.28,5665,0
2017-11-28,22:00:00,36.289,36.3299,36.225,36.3,6127,0
2017-11-29,16:00:00,36.42,36.61,36.42,36.61,4660,0
2017-11-29,17:00:00,36.54,36.54,36.4089,36.502,5539,0
2017-11-29,18:00:00,36.5199,36.555,36.47,36.555,3268,0
2017-11-29,19:00:00,36.5624,36.67,36.54,36.5959,3174,0
2017-11-29,20:00:00,36.62,36.62,36.5,36.565,7591,0
2017-11-29,21:00:00,36.54,36.649,36.54,36.55,6358,0
2017-11-29,22:00:00,36.55,36.6196,36.55,36.556,3800,0
2017-11-30,16:00:00,36.7,36.7,36.59,36.59,2534,0
2017-11-30,17:00:00,36.5856,36.67,36.4697,36.592,9728,0
2017-11-30,18:00:00,36.68,36.68,36.5136,36.5198,7181,0
2017-11-30,19:00:00,36.55,36.55,36.48,36.54,5161,0
2017-11-30,20:00:00,36.4744,36.48,36.341,36.3727,5908,0
2017-11-30,21:00:00,36.376,36.39,36.32,36.39,11557,0
2017-11-30,22:00:00,36.3662,36.4761,36.34,36.46,27507,0
2017-12-01,16:00:00,36.63,36.63,36.4132,36.55,6118,0
2017-12-01,17:00:00,36.5334,36.5471,36.4,36.41,12755,0
2017-12-01,18:00:00,36.329,36.329,35.9,36.03,47553,0
2017-12-01,19:00:00,36.163,36.163,36.0714,36.0714,9328,0
2017-12-01,20:00:00,36.09,36.269,36.06,36.269,9218,0
2017-12-01,21:00:00,36.28,36.28,36.1918,36.1928,6564,0
2017-12-01,22:00:00,36.193,36.36,36.193,36.36,6885,0
2017-12-04,16:00:00,36.61,36.76,36.5493,36.7,194050,0
2017-12-04,17:00:00,36.72,36.74,36.576,36.5823,37402,0
2017-12-04,18:00:00,36.595,36.644,36.565,36.5962,11019,0
2017-12-04,19:00:00,36.593,36.593,36.4148,36.43,9582,0
2017-12-04,20:00:00,36.4083,36.46,36.4083,36.46,4613,0
2017-12-04,21:00:00,36.42,36.42,36.321,36.359,4890,0
2017-12-04,22:00:00,36.35,36.35,36.2604,36.29,12125,0
2017-12-05,16:00:00,36.32,36.32,36.07,36.146,6496,0
2017-12-05,17:00:00,36.15,36.1733,36.02,36.04,7269,0
2017-12-05,18:00:00,36.06,36.1223,36.053,36.1199,11606,0
2017-12-05,19:00:00,36.1117,36.1117,35.96,35.98,26062,0
2017-12-05,20:00:00,35.98,36,35.98,35.98,6272,0
2017-12-05,21:00:00,35.98,36.01,35.9,35.95,11894,0
2017-12-05,22:00:00,35.934,35.97,35.92,35.94,6725,0
2017-12-06,16:00:00,36,36,35.94,35.95,3607,0
2017-12-06,17:00:00,35.91,35.92,35.75,35.81,22136,0
2017-12-06,18:00:00,35.8148,35.8148,35.67,35.67,10943,0
2017-12-06,19:00:00,35.67,35.679,35.555,35.6535,6699,0
2017-12-06,20:00:00,35.62,35.775,35.605,35.77,4736,0
2017-12-06,21:00:00,35.78,35.78,35.69,35.69,3752,0
2017-12-06,22:00:00,35.699,35.759,35.677,35.75,5789,0
