Date,Time,Open,High,Low,Close,Volume,OpenInt
2016-08-23,16:00:00,24.877,24.877,24.667,24.696,3587,0
2016-08-23,17:00:00,24.714,24.877,24.696,24.829,6553,0
2016-08-23,18:00:00,24.806,24.867,24.714,24.845,2935,0
2016-08-23,19:00:00,24.751,24.751,24.714,24.714,2956,0
2016-08-23,20:00:00,24.829,24.829,24.799,24.799,531,0
2016-08-23,22:00:00,24.723,24.723,24.714,24.714,1794,0
2016-08-24,17:00:00,24.706,24.714,24.666,24.714,2911,0
2016-08-24,18:00:00,24.714,24.714,24.714,24.714,2323,0
2016-08-24,19:00:00,24.714,24.714,24.679,24.679,2690,0
2016-08-24,20:00:00,24.682,24.771,24.682,24.771,2534,0
2016-08-24,21:00:00,24.677,24.677,24.469,24.64,7854,0
2016-08-24,22:00:00,24.761,24.761,24.64,24.64,952,0
2016-08-25,16:00:00,24.877,24.877,24.877,24.877,800,0
2016-08-25,17:00:00,24.659,24.659,24.561,24.59,3798,0
2016-08-25,20:00:00,24.64,24.649,24.64,24.649,898,0
2016-08-25,21:00:00,24.649,24.649,24.649,24.649,531,0
2016-08-25,22:00:00,24.819,24.819,24.792,24.792,581,0
2016-08-26,16:00:00,24.795,24.795,24.723,24.751,3166,0
2016-08-26,18:00:00,24.645,24.657,24.645,24.657,741,0
2016-08-26,22:00:00,24.714,24.714,24.714,24.714,110,0
2016-08-29,16:00:00,24.64,24.64,24.64,24.64,2214,0
2016-08-29,17:00:00,24.659,24.659,24.659,24.659,1052,0
2016-08-29,18:00:00,24.781,24.789,24.733,24.733,1901,0
2016-08-29,19:00:00,24.733,24.789,24.733,24.789,210,0
2016-08-29,20:00:00,24.799,24.799,24.659,24.745,6465,0
2016-08-29,21:00:00,24.751,24.829,24.696,24.829,4326,0
2016-08-29,22:00:00,24.706,24.706,24.687,24.687,2425,0
2016-08-30,16:00:00,24.751,24.751,24.751,24.751,421,0
2016-08-30,17:00:00,24.771,24.781,24.733,24.781,22371,0
2016-08-30,18:00:00,24.809,24.809,24.761,24.761,1633,0
2016-08-30,19:00:00,24.789,24.867,24.789,24.867,631,0
2016-08-30,20:00:00,24.856,24.877,24.829,24.877,10512,0
2016-08-30,21:00:00,24.867,24.877,24.819,24.829,2980,0
2016-08-30,22:00:00,24.829,25.065,24.829,25.065,8879,0
2016-08-31,18:00:00,24.829,24.857,24.733,24.829,3060,0
2016-08-31,19:00:00,24.867,24.877,24.829,24.877,1583,0
2016-08-31,20:00:00,24.867,24.877,24.867,24.877,210,0
2016-08-31,22:00:00,24.877,25.009,24.848,25.009,4077,0
2016-09-01,16:00:00,25.019,25.019,25.019,25.019,110,0
2016-09-01,17:00:00,24.877,24.877,24.877,24.877,110,0
2016-09-01,18:00:00,25.009,25.009,24.97,24.97,5809,0
2016-09-01,21:00:00,24.922,24.922,24.733,24.922,3407,0
2016-09-01,22:00:00,24.733,25.019,24.733,25.019,10097,0
2016-09-02,18:00:00,25.019,25.019,25.009,25.019,7544,0
2016-09-02,19:00:00,25.019,25.019,25.009,25.009,1583,0
2016-09-02,20:00:00,25.009,25.019,24.999,24.999,6431,0
2016-09-02,21:00:00,25.019,25.019,24.97,24.97,6938,0
2016-09-02,22:00:00,24.97,24.97,24.97,24.97,110,0
2016-09-06,18:00:00,24.97,24.97,24.751,24.95,1207,0
2016-09-06,19:00:00,24.97,24.97,24.751,24.751,11683,0
2016-09-06,20:00:00,24.761,25.019,24.751,24.839,4538,0
2016-09-06,21:00:00,24.829,24.829,24.649,24.781,3957,0
2016-09-06,22:00:00,24.687,24.687,24.659,24.687,1263,0
2016-09-07,19:00:00,25.009,25.019,24.789,24.789,1690,0
2016-09-07,20:00:00,24.848,24.94,24.687,24.687,5381,0
2016-09-07,21:00:00,24.696,24.696,24.649,24.672,1901,0
2016-09-07,22:00:00,24.677,24.677,24.667,24.667,741,0
2016-09-08,16:00:00,24.733,24.771,24.696,24.771,4111,0
2016-09-08,17:00:00,24.706,24.706,24.696,24.697,842,0
2016-09-08,19:00:00,24.696,24.696,24.696,24.696,210,0
2016-09-08,20:00:00,24.706,24.706,24.706,24.706,210,0
2016-09-08,21:00:00,24.714,24.714,24.714,24.714,110,0
2016-09-08,22:00:00,24.751,24.751,24.706,24.706,420,0
2016-09-09,16:00:00,24.687,24.687,24.687,24.687,421,0
2016-09-09,17:00:00,24.649,24.659,24.59,24.59,3132,0
2016-09-09,18:00:00,24.59,24.59,24.59,24.59,421,0
2016-09-09,19:00:00,24.59,24.59,24.59,24.59,631,0
2016-09-09,20:00:00,24.525,24.525,24.517,24.517,952,0
2016-09-09,21:00:00,24.543,24.543,24.539,24.539,1027,0
2016-09-09,22:00:00,24.543,24.657,24.498,24.657,842,0
2016-09-12,18:00:00,24.649,24.649,24.649,24.649,110,0
2016-09-12,20:00:00,24.649,24.677,24.649,24.677,752,0
2016-09-12,22:00:00,25.003,25.003,24.525,24.525,1506,0
2016-09-13,16:00:00,24.552,24.607,24.533,24.607,2112,0
2016-09-13,18:00:00,24.552,24.552,24.552,24.552,631,0
2016-09-13,21:00:00,24.686,24.686,24.686,24.686,421,0
2016-09-13,22:00:00,24.561,24.59,24.543,24.543,2446,0
2016-09-14,17:00:00,24.64,24.64,24.64,24.64,2112,0
2016-09-14,22:00:00,24.886,24.886,24.877,24.877,581,0
2016-09-15,16:00:00,24.823,24.823,24.823,24.823,1052,0
2016-09-16,19:00:00,24.64,24.642,24.64,24.642,2029,0
2016-09-19,16:00:00,25.05,25.05,24.821,24.821,1045,0
2016-09-19,17:00:00,24.64,24.762,24.533,24.561,2754,0
2016-09-19,18:00:00,24.711,24.711,24.458,24.458,4398,0
2016-09-19,21:00:00,24.6,24.6,24.6,24.6,286,0
2016-09-19,22:00:00,24.581,24.85,24.552,24.771,4820,0
2016-09-20,16:00:00,24.705,24.705,24.533,24.533,527,0
2016-09-20,18:00:00,24.772,24.772,24.772,24.772,1005,0
2016-09-20,19:00:00,24.762,24.762,24.762,24.762,209,0
2016-09-20,21:00:00,24.678,24.719,24.678,24.687,1045,0
2016-09-21,21:00:00,24.63,24.63,24.581,24.581,1045,0
2016-09-21,22:00:00,24.63,24.63,24.63,24.63,433,0
2016-09-22,20:00:00,24.772,24.772,24.772,24.772,318,0
2016-09-22,21:00:00,24.678,24.695,24.678,24.678,1572,0
2016-09-22,22:00:00,24.738,24.738,24.738,24.738,914,0
2016-09-23,20:00:00,24.963,24.963,24.963,24.963,259,0
2016-09-23,22:00:00,24.752,24.752,24.752,24.752,418,0
2016-09-26,18:00:00,24.743,24.752,24.743,24.752,2096,0
2016-09-27,17:00:00,24.743,24.771,24.743,24.743,1572,0
2016-09-28,16:00:00,24.743,24.811,24.724,24.811,1652,0
2016-09-28,17:00:00,24.76,24.76,24.76,24.76,109,0
2016-09-28,18:00:00,24.762,24.762,24.762,24.762,318,0
2016-09-28,19:00:00,24.724,24.724,24.581,24.581,4566,0
2016-09-28,20:00:00,24.588,24.588,24.543,24.581,2617,0
2016-09-28,21:00:00,24.533,24.533,24.533,24.533,109,0
2016-09-28,22:00:00,24.63,24.63,24.581,24.581,1254,0
2016-09-29,16:00:00,24.581,24.59,24.581,24.581,786,0
2016-09-29,17:00:00,24.581,24.583,24.581,24.583,1887,0
2016-09-29,18:00:00,24.678,24.678,24.678,24.678,418,0
2016-09-29,19:00:00,24.561,24.561,24.561,24.561,627,0
2016-09-29,21:00:00,24.6,24.62,24.561,24.62,2199,0
2016-09-29,22:00:00,24.806,24.806,24.806,24.806,109,0
2016-09-30,17:00:00,24.533,24.602,24.497,24.533,1995,0
2016-09-30,18:00:00,24.588,24.588,24.588,24.588,2096,0
2016-09-30,19:00:00,24.629,24.629,24.629,24.629,109,0
2016-09-30,21:00:00,24.596,24.599,24.596,24.599,1154,0
2016-09-30,22:00:00,24.62,24.63,24.62,24.63,627,0
2016-10-03,17:00:00,24.63,24.63,24.63,24.63,995,0
2016-10-03,18:00:00,24.63,24.63,24.61,24.61,527,0
2016-10-03,19:00:00,24.62,24.62,24.61,24.61,418,0
2016-10-03,20:00:00,24.59,24.59,24.59,24.59,109,0
2016-10-03,21:00:00,24.59,24.59,24.533,24.533,1045,0
2016-10-03,22:00:00,24.6,24.6,24.6,24.6,209,0
2016-10-04,16:00:00,24.533,24.533,24.533,24.533,418,0
2016-10-05,16:00:00,25.05,25.05,25.05,25.05,209,0
2016-10-05,22:00:00,24.561,24.688,24.561,24.688,618,0
2016-10-06,17:00:00,24.63,24.63,24.63,24.63,1045,0
2016-10-06,18:00:00,24.607,24.607,24.607,24.607,418,0
2016-10-06,21:00:00,24.6,24.6,24.543,24.543,1539,0
2016-10-06,22:00:00,24.573,24.973,24.543,24.892,3510,0
2016-10-07,22:00:00,24.63,24.63,24.63,24.63,527,0
2016-10-10,20:00:00,24.697,24.697,24.63,24.63,677,0
2016-10-11,20:00:00,24.63,24.724,24.581,24.724,1154,0
2016-10-11,21:00:00,24.743,24.743,24.743,24.743,109,0
2016-10-12,16:00:00,24.743,24.743,24.743,24.743,184,0
2016-10-13,18:00:00,24.6,24.6,24.581,24.581,527,0
2016-10-13,20:00:00,24.581,24.581,24.581,24.581,896,0
2016-10-13,21:00:00,25.05,25.05,25.018,25.018,262,0
2016-10-13,22:00:00,24.595,24.595,24.595,24.595,109,0
2016-10-14,16:00:00,25.05,25.05,25.05,25.05,209,0
2016-10-14,17:00:00,24.63,24.649,24.6,24.6,1045,0
2016-10-14,19:00:00,24.821,24.821,24.821,24.821,109,0
2016-10-14,22:00:00,24.63,24.63,24.6,24.6,527,0
2016-10-17,16:00:00,24.688,24.829,24.688,24.829,587,0
2016-10-17,17:00:00,24.782,24.841,24.752,24.841,836,0
2016-10-17,18:00:00,25.041,25.041,25.041,25.041,627,0
2016-10-17,19:00:00,25.032,25.05,25.025,25.05,3143,0
2016-10-17,21:00:00,24.937,24.937,24.937,24.937,527,0
2016-10-18,16:00:00,25.06,25.06,25.06,25.06,627,0
2016-10-18,17:00:00,24.982,24.982,24.963,24.963,318,0
2016-10-18,18:00:00,24.89,24.89,24.89,24.89,527,0
2016-10-18,20:00:00,24.912,24.912,24.912,24.912,836,0
2016-10-18,21:00:00,24.912,24.912,24.912,24.912,1045,0
2016-10-18,22:00:00,24.821,24.821,24.719,24.762,3352,0
2016-10-19,17:00:00,24.947,24.947,24.927,24.927,1040,0
2016-10-19,21:00:00,24.893,24.893,24.893,24.893,524,0
2016-10-19,22:00:00,24.708,24.937,24.708,24.937,2188,0
2016-10-20,17:00:00,24.727,24.731,24.727,24.731,2086,0
2016-10-20,18:00:00,24.755,24.755,24.755,24.755,524,0
2016-10-20,19:00:00,24.919,25.091,24.919,25.091,5426,0
2016-10-20,22:00:00,24.853,24.853,24.853,24.853,524,0
2016-10-21,16:00:00,24.853,24.853,24.661,24.661,1863,0
2016-10-21,17:00:00,24.801,24.911,24.801,24.911,343,0
2016-10-21,19:00:00,24.842,24.845,24.804,24.804,1456,0
2016-10-21,22:00:00,24.781,24.843,24.708,24.843,2187,0
2016-10-24,22:00:00,24.872,24.872,24.872,24.872,427,0
2016-10-25,20:00:00,24.938,24.938,24.938,24.938,524,0
2016-10-25,21:00:00,24.947,24.947,24.947,24.947,1148,0
2016-10-26,16:00:00,24.755,24.793,24.69,24.708,4471,0
2016-10-26,17:00:00,24.872,24.891,24.71,24.891,1060,0
2016-10-26,18:00:00,24.872,24.891,24.872,24.891,524,0
2016-10-26,19:00:00,24.872,24.872,24.872,24.872,108,0
2016-10-26,21:00:00,24.717,24.736,24.661,24.661,12921,0
2016-10-26,22:00:00,24.612,24.708,24.612,24.681,2503,0
2016-10-27,18:00:00,24.69,24.729,24.68,24.68,764,0
2016-10-27,19:00:00,24.814,24.814,24.814,24.814,258,0
2016-10-27,21:00:00,24.708,24.708,24.708,24.708,624,0
2016-10-27,22:00:00,24.772,24.772,24.772,24.772,1305,0
2016-10-28,16:00:00,24.755,24.985,24.755,24.985,710,0
2016-10-31,17:00:00,24.661,24.661,24.661,24.661,3128,0
2016-10-31,18:00:00,24.708,24.708,24.708,24.708,1564,0
2016-11-01,16:00:00,24.717,24.717,24.708,24.716,885,0
2016-11-01,17:00:00,24.708,24.708,24.708,24.708,1040,0
2016-11-01,19:00:00,24.727,24.727,24.708,24.708,316,0
2016-11-01,20:00:00,24.661,24.699,24.661,24.699,2086,0
2016-11-01,21:00:00,24.708,24.708,24.708,24.708,524,0
2016-11-02,15:00:00,24.834,24.841,24.708,24.708,4584,0
2016-11-02,16:00:00,24.8,24.8,24.8,24.8,108,0
2016-11-02,17:00:00,24.804,24.804,24.804,24.804,316,0
2016-11-03,15:00:00,24.708,24.708,24.708,24.708,1980,0
2016-11-03,18:00:00,24.842,24.842,24.842,24.842,1198,0
2016-11-03,19:00:00,24.794,24.794,24.794,24.794,693,0
2016-11-03,21:00:00,24.699,24.699,24.699,24.699,431,0
2016-11-04,21:00:00,24.765,24.765,24.765,24.765,108,0
2016-11-07,16:00:00,24.709,24.709,24.708,24.708,1406,0
2016-11-07,22:00:00,24.814,25.073,24.699,25.073,7390,0
2016-11-08,20:00:00,24.755,24.755,24.713,24.713,1822,0
2016-11-08,21:00:00,24.744,24.746,24.744,24.746,940,0
2016-11-08,22:00:00,24.746,24.746,24.746,24.746,1040,0
2016-11-09,16:00:00,24.708,24.708,24.708,24.708,1040,0
2016-11-09,18:00:00,24.708,24.708,24.708,24.708,1040,0
2016-11-09,19:00:00,24.757,24.853,24.757,24.765,1980,0
2016-11-09,21:00:00,24.755,24.755,24.755,24.755,524,0
2016-11-09,22:00:00,24.708,24.717,24.708,24.717,4978,0
2016-11-10,16:00:00,24.708,24.717,24.708,24.708,940,0
2016-11-10,17:00:00,24.68,24.68,24.661,24.661,6538,0
2016-11-10,18:00:00,24.661,24.661,24.612,24.622,3504,0
2016-11-10,20:00:00,24.612,24.612,24.43,24.43,3411,0
2016-11-10,21:00:00,24.467,24.469,24.467,24.469,2421,0
2016-11-10,22:00:00,24.517,24.554,24.478,24.478,807,0
2016-11-11,16:00:00,24.544,24.544,24.544,24.544,1040,0
2016-11-11,17:00:00,24.661,25.091,24.661,25.091,649,0
2016-11-14,17:00:00,24.661,24.661,24.661,24.661,524,0
2016-11-14,19:00:00,24.563,24.563,24.563,24.563,208,0
2016-11-14,20:00:00,24.517,24.563,24.517,24.563,1831,0
2016-11-15,16:00:00,24.595,24.595,24.595,24.595,378,0
2016-11-15,18:00:00,24.698,24.801,24.673,24.801,893,0
2016-11-15,22:00:00,24.933,25.224,24.933,25.224,1142,0
2016-11-16,16:00:00,24.863,24.863,24.863,24.863,2213,0
2016-11-16,17:00:00,24.808,24.838,24.693,24.693,5391,0
2016-11-16,18:00:00,24.693,24.818,24.693,24.716,1242,0
2016-11-16,19:00:00,24.693,24.731,24.693,24.731,5081,0
2016-11-16,20:00:00,24.693,24.826,24.683,24.693,1242,0
2016-11-16,21:00:00,24.683,24.683,24.595,24.595,1866,0
2016-11-16,22:00:00,24.683,24.683,24.683,24.683,3733,0
2016-11-17,17:00:00,24.666,24.666,24.666,24.666,521,0
2016-11-17,19:00:00,24.664,24.664,24.664,24.664,621,0
2016-11-17,22:00:00,24.664,24.664,24.664,24.664,1035,0
2016-11-18,18:00:00,24.595,24.595,24.595,24.595,590,0
2016-11-18,19:00:00,24.668,24.679,24.668,24.679,1631,0
2016-11-18,21:00:00,24.605,24.681,24.605,24.664,4431,0
2016-11-18,22:00:00,24.673,24.673,24.673,24.673,107,0
2016-11-21,16:00:00,24.815,24.815,24.595,24.626,1349,0
2016-11-21,17:00:00,24.5,24.5,24.5,24.5,7258,0
2016-11-21,18:00:00,24.547,24.547,24.547,24.547,2074,0
2016-11-21,19:00:00,24.672,24.672,24.672,24.672,404,0
2016-11-21,20:00:00,24.578,24.578,24.578,24.578,414,0
2016-11-21,21:00:00,24.769,24.769,24.547,24.557,828,0
2016-11-21,22:00:00,24.547,24.645,24.547,24.595,3264,0
2016-11-22,20:00:00,24.745,24.745,24.745,24.745,450,0
2016-11-23,17:00:00,24.764,24.764,24.749,24.749,778,0
2016-11-23,19:00:00,24.693,24.776,24.693,24.772,571,0
2016-11-23,20:00:00,24.76,24.76,24.76,24.76,414,0
2016-11-23,21:00:00,24.759,24.759,24.759,24.759,1970,0
2016-11-23,22:00:00,24.847,24.856,24.693,24.693,1822,0
2016-11-25,16:00:00,24.721,24.731,24.695,24.695,1349,0
2016-11-25,17:00:00,24.712,24.712,24.712,24.712,414,0
2016-11-25,18:00:00,24.703,24.703,24.703,24.703,414,0
2016-11-25,19:00:00,24.693,24.693,24.693,24.693,107,0
2016-11-28,18:00:00,24.595,24.595,24.581,24.589,8335,0
2016-11-28,19:00:00,24.595,24.605,24.576,24.595,2920,0
2016-11-28,20:00:00,24.595,24.605,24.585,24.595,2697,0
2016-11-28,21:00:00,24.576,24.595,24.576,24.595,1035,0
2016-11-28,22:00:00,24.595,24.595,24.546,24.547,3579,0
2016-11-29,18:00:00,24.572,24.572,24.572,24.572,207,0
2016-11-30,17:00:00,24.664,24.664,24.654,24.661,4044,0
2016-11-30,18:00:00,24.579,24.579,24.579,24.579,207,0
2016-11-30,19:00:00,24.586,24.586,24.586,24.586,1035,0
2016-11-30,22:00:00,24.547,24.547,24.547,24.547,2697,0
2016-12-01,16:00:00,24.475,24.475,24.475,24.475,107,0
2016-12-01,17:00:00,24.48,24.48,24.354,24.354,1471,0
2016-12-01,18:00:00,24.354,24.354,24.349,24.349,3793,0
2016-12-01,19:00:00,24.673,24.683,24.673,24.683,412,0
2016-12-01,21:00:00,24.605,24.605,24.595,24.595,828,0
2016-12-01,22:00:00,24.547,24.547,24.354,24.354,1505,0
2016-12-02,17:00:00,24.615,24.615,24.615,24.615,828,0
2016-12-02,18:00:00,24.645,24.645,24.645,24.645,107,0
2016-12-02,22:00:00,24.432,24.645,24.364,24.645,995,0
2016-12-06,22:00:00,24.74,24.74,24.632,24.632,414,0
2016-12-07,19:00:00,24.595,24.595,24.452,24.452,828,0
2016-12-07,20:00:00,24.452,24.693,24.452,24.693,1823,0
2016-12-07,22:00:00,24.664,24.693,24.664,24.693,314,0
2016-12-08,19:00:00,24.595,24.625,24.543,24.625,11491,0
2016-12-08,20:00:00,24.625,24.625,24.61,24.625,521,0
2016-12-08,22:00:00,24.61,24.61,24.595,24.595,207,0
2016-12-09,16:00:00,24.595,24.605,24.595,24.595,3318,0
2016-12-09,18:00:00,24.586,24.586,24.571,24.571,521,0
2016-12-09,19:00:00,24.595,24.605,24.595,24.605,521,0
2016-12-09,20:00:00,24.547,24.576,24.547,24.547,1236,0
2016-12-12,16:00:00,24.528,24.528,24.528,24.528,314,0
2016-12-12,20:00:00,24.595,24.595,24.595,24.595,207,0
2016-12-13,17:00:00,24.591,24.591,24.591,24.591,136,0
2016-12-13,18:00:00,24.595,24.595,24.592,24.595,935,0
2016-12-13,21:00:00,24.572,24.572,24.572,24.572,828,0
2016-12-13,22:00:00,24.576,24.584,23.748,24.5,8128,0
2016-12-14,20:00:00,24.519,24.519,24.482,24.482,207,0
2016-12-14,21:00:00,24.595,24.595,24.586,24.586,728,0
2016-12-15,17:00:00,24.492,24.492,24.492,24.492,359,0
2016-12-15,18:00:00,24.515,24.551,24.515,24.551,1242,0
2016-12-15,19:00:00,24.5,24.5,24.471,24.49,1625,0
2016-12-15,20:00:00,24.495,24.514,24.495,24.514,1866,0
2016-12-15,22:00:00,24.571,24.586,24.472,24.586,1215,0
2016-12-16,16:00:00,24.628,24.628,24.628,24.628,804,0
2016-12-16,19:00:00,24.531,24.564,24.507,24.559,6769,0
2016-12-16,20:00:00,24.594,24.594,24.579,24.579,3095,0
2016-12-16,21:00:00,24.559,24.559,24.482,24.482,312,0
2016-12-16,22:00:00,24.548,24.552,24.548,24.552,362,0
2016-12-19,19:00:00,24.579,24.579,24.567,24.567,1236,0
2016-12-19,20:00:00,24.558,24.579,24.558,24.576,2928,0
2016-12-19,22:00:00,24.644,24.644,24.644,24.644,805,0
2016-12-20,17:00:00,24.628,24.628,24.628,24.628,206,0
2016-12-20,21:00:00,24.628,24.706,24.434,24.706,2241,0
2016-12-20,22:00:00,24.579,24.579,24.481,24.482,8211,0
2016-12-21,16:00:00,24.55,24.55,24.55,24.55,518,0
2016-12-21,17:00:00,24.579,24.579,24.512,24.512,4538,0
2016-12-21,18:00:00,24.492,24.628,24.444,24.628,5955,0
2016-12-21,22:00:00,24.608,24.608,24.608,24.608,106,0
2016-12-22,17:00:00,24.579,24.579,24.579,24.579,106,0
2016-12-22,21:00:00,24.592,24.657,24.592,24.657,2288,0
2016-12-23,20:00:00,24.638,24.638,24.638,24.638,106,0
2016-12-23,22:00:00,24.657,24.657,24.657,24.657,206,0
2016-12-27,20:00:00,24.531,24.531,24.531,24.531,518,0
2016-12-27,22:00:00,24.531,24.531,24.531,24.531,2578,0
2016-12-28,20:00:00,24.725,24.725,24.725,24.725,412,0
2016-12-29,18:00:00,24.628,24.725,24.628,24.71,2802,0
2016-12-30,18:00:00,24.666,24.666,24.666,24.666,206,0
2017-01-03,16:00:00,24.725,24.725,24.724,24.725,1960,0
2017-01-03,17:00:00,24.723,24.735,24.723,24.731,2003,0
2017-01-03,18:00:00,24.735,24.735,24.73,24.733,2754,0
2017-01-03,19:00:00,24.725,24.725,24.725,24.725,412,0
2017-01-03,20:00:00,24.725,24.725,24.676,24.676,1236,0
2017-01-03,21:00:00,24.713,24.725,24.713,24.725,890,0
2017-01-03,22:00:00,24.725,24.725,24.696,24.715,724,0
2017-01-04,17:00:00,24.725,24.725,24.717,24.717,1156,0
2017-01-04,18:00:00,24.725,24.725,24.706,24.725,2186,0
2017-01-04,20:00:00,24.716,24.716,24.706,24.706,724,0
2017-01-04,22:00:00,24.725,24.725,24.725,24.725,106,0
2017-01-05,17:00:00,24.725,24.725,24.713,24.725,568,0
2017-01-05,18:00:00,24.686,24.686,24.677,24.677,1315,0
2017-01-05,19:00:00,24.725,24.725,24.709,24.725,626,0
2017-01-05,21:00:00,24.735,24.735,24.715,24.735,3713,0
2017-01-05,22:00:00,24.725,24.735,24.696,24.696,1236,0
2017-01-06,21:00:00,24.735,24.735,24.735,24.735,206,0
2017-01-09,18:00:00,24.725,24.735,24.724,24.725,2109,0
2017-01-09,19:00:00,24.725,24.735,24.725,24.731,932,0
2017-01-09,20:00:00,24.735,24.735,24.725,24.725,1366,0
2017-01-09,22:00:00,24.735,24.735,24.715,24.715,1871,0
2017-01-10,16:00:00,24.723,24.723,24.723,24.723,824,0
2017-01-10,17:00:00,24.735,24.735,24.686,24.727,2476,0
2017-01-10,18:00:00,24.735,24.744,24.724,24.725,5592,0
2017-01-10,19:00:00,24.718,24.725,24.718,24.725,2960,0
2017-01-10,20:00:00,24.725,24.725,24.715,24.725,2488,0
2017-01-10,21:00:00,24.735,24.735,24.735,24.735,1030,0
2017-01-10,22:00:00,25.161,25.205,25.161,25.205,824,0
2017-01-11,18:00:00,24.754,24.754,24.754,24.754,1030,0
2017-01-11,22:00:00,24.832,24.967,24.783,24.783,3524,0
2017-01-12,16:00:00,24.937,24.937,24.937,24.937,1960,0
2017-01-12,21:00:00,24.955,24.955,24.955,24.955,206,0
2017-01-12,22:00:00,24.919,24.919,24.783,24.919,1136,0
2017-01-13,16:00:00,24.967,24.967,24.967,24.967,412,0
2017-01-13,18:00:00,24.967,24.967,24.963,24.963,568,0
2017-01-13,19:00:00,24.931,24.931,24.929,24.929,824,0
2017-01-13,21:00:00,24.931,24.933,24.919,24.933,1367,0
2017-01-13,22:00:00,24.919,24.957,24.822,24.957,1136,0
2017-01-17,16:00:00,24.783,24.783,24.773,24.773,990,0
2017-01-17,18:00:00,24.962,24.967,24.957,24.963,1030,0
2017-01-17,19:00:00,24.966,24.967,24.966,24.967,2270,0
2017-01-17,22:00:00,25.297,25.297,25.297,25.297,206,0
2017-01-18,16:00:00,25.353,25.353,25.353,25.353,1025,0
2017-01-18,17:00:00,25.311,25.311,25.143,25.311,2474,0
2017-01-18,21:00:00,25.387,25.387,25.387,25.387,720,0
2017-01-18,22:00:00,25.192,25.358,25.192,25.358,3130,0
2017-01-19,19:00:00,25.225,25.225,25.225,25.225,205,0
2017-01-19,20:00:00,25.274,25.274,25.241,25.241,806,0
2017-01-19,21:00:00,25.177,25.177,25.177,25.177,105,0
2017-01-20,16:00:00,25.046,25.046,25.046,25.046,629,0
2017-01-20,17:00:00,25.475,25.475,25.475,25.475,125,0
2017-01-20,18:00:00,25.047,25.061,25.047,25.061,410,0
2017-01-20,21:00:00,25.135,25.135,25.135,25.135,143,0
2017-01-23,18:00:00,25.216,25.219,25.174,25.174,2360,0
2017-01-23,19:00:00,25.264,25.384,25.264,25.384,740,0
2017-01-23,20:00:00,25.13,25.358,25.13,25.309,777,0
2017-01-24,19:00:00,25.017,25.3,25.017,25.3,205,0
2017-01-24,22:00:00,25.18,25.18,25.18,25.18,105,0
2017-01-27,17:00:00,25.222,25.222,25.222,25.222,515,0
2017-01-27,18:00:00,25.073,25.073,24.997,24.997,2874,0
2017-01-27,19:00:00,24.997,25.241,24.948,25.241,2050,0
2017-01-27,20:00:00,25.268,25.268,25.192,25.192,564,0
2017-01-30,18:00:00,25.192,25.192,25.192,25.192,205,0
2017-01-30,19:00:00,25.046,25.046,24.997,24.997,205,0
2017-01-30,20:00:00,24.997,24.997,24.997,24.997,615,0
2017-01-30,21:00:00,25.046,25.046,24.997,24.997,1025,0
2017-01-30,22:00:00,25.007,25.007,24.997,24.997,460,0
2017-01-31,17:00:00,25.023,25.023,25.023,25.023,770,0
2017-01-31,19:00:00,25.095,25.095,25.087,25.087,410,0
2017-01-31,20:00:00,25.04,25.04,25.04,25.04,205,0
2017-01-31,21:00:00,25.007,25.007,24.978,24.978,2975,0
2017-01-31,22:00:00,24.948,24.948,24.948,24.948,1025,0
2017-02-01,17:00:00,24.9,24.9,24.881,24.881,3180,0
2017-02-01,18:00:00,24.891,24.891,24.891,24.891,105,0
2017-02-01,22:00:00,24.929,24.958,24.9,24.958,1540,0
2017-02-02,20:00:00,24.958,24.958,24.948,24.953,850,0
2017-02-02,21:00:00,24.956,24.958,24.956,24.957,720,0
2017-02-03,19:00:00,25.046,25.046,25.046,25.046,205,0
2017-02-03,22:00:00,24.997,24.997,24.997,24.997,155,0
2017-02-06,17:00:00,25.043,25.076,25.032,25.076,1222,0
2017-02-06,18:00:00,25.046,25.046,25.046,25.046,105,0
2017-02-06,19:00:00,25.076,25.076,25.056,25.056,615,0
2017-02-07,17:00:00,25.027,25.046,25.027,25.036,310,0
2017-02-07,18:00:00,25.036,25.046,25.036,25.046,461,0
2017-02-07,22:00:00,25.041,25.041,25.041,25.041,155,0
2017-02-08,17:00:00,25.027,25.036,25.027,25.027,714,0
2017-02-08,19:00:00,25.201,25.201,25.201,25.201,205,0
2017-02-08,22:00:00,25.049,25.049,25.049,25.049,255,0
2017-02-09,18:00:00,25.095,25.095,25.095,25.095,310,0
2017-02-09,21:00:00,25.095,25.182,25.017,25.017,1357,0
2017-02-10,19:00:00,25.31,25.31,25.31,25.31,205,0
2017-02-13,20:00:00,25.105,25.105,25.105,25.105,205,0
2017-02-13,22:00:00,25.143,25.143,25.143,25.143,615,0
2017-02-14,17:00:00,25.166,25.166,25.166,25.166,115,0
2017-02-14,18:00:00,25.15,25.156,25.033,25.156,1152,0
2017-02-14,19:00:00,25.029,25.029,25.029,25.029,1020,0
2017-02-14,21:00:00,25.166,25.166,25.078,25.166,2298,0
2017-02-14,22:00:00,25.078,25.078,25.029,25.029,1893,0
2017-02-15,17:00:00,25.078,25.078,25.078,25.078,1428,0
2017-02-15,18:00:00,25.078,25.078,25.078,25.078,104,0
2017-02-15,20:00:00,25.225,25.225,25.225,25.225,920,0
2017-02-15,21:00:00,25.222,25.222,25.175,25.175,458,0
2017-02-15,22:00:00,25.175,25.202,25.126,25.126,458,0
2017-02-16,17:00:00,25.157,25.157,25.157,25.157,204,0
2017-02-16,21:00:00,25.126,25.126,25.126,25.126,104,0
2017-02-16,22:00:00,25.174,25.174,25.174,25.174,816,0
2017-02-17,18:00:00,25.253,25.253,25.253,25.253,1020,0
2017-02-17,19:00:00,25.264,25.44,25.264,25.429,931,0
2017-02-17,21:00:00,25.22,25.22,25.156,25.156,408,0
2017-02-21,20:00:00,25.225,25.225,25.225,25.225,512,0
2017-02-22,21:00:00,25.342,25.47,25.264,25.47,7091,0
2017-02-22,22:00:00,25.47,25.47,25.381,25.381,2860,0
2017-02-23,16:00:00,25.47,25.574,25.47,25.567,1873,0
2017-02-23,17:00:00,25.567,25.567,25.567,25.567,1124,0
2017-02-23,18:00:00,25.558,25.567,25.45,25.45,3064,0
2017-02-23,21:00:00,25.371,25.371,25.322,25.322,1124,0
2017-02-23,22:00:00,25.558,25.666,25.558,25.666,1291,0
2017-02-24,17:00:00,25.381,25.636,25.381,25.636,254,0
2017-02-28,16:00:00,25.636,25.636,25.636,25.636,302,0
2017-02-28,17:00:00,25.225,25.225,25.225,25.225,512,0
2017-03-01,22:00:00,25.716,25.716,25.714,25.714,784,0
2017-03-02,20:00:00,25.287,25.287,25.287,25.287,612,0
2017-03-02,21:00:00,25.526,25.6,25.51,25.6,2219,0
2017-03-06,16:00:00,25.597,25.597,25.597,25.597,197,0
2017-03-06,22:00:00,25.538,25.597,25.538,25.597,1686,0
2017-03-07,16:00:00,25.472,25.472,25.47,25.47,2040,0
2017-03-07,19:00:00,25.529,25.529,25.47,25.47,3812,0
2017-03-07,20:00:00,25.47,25.47,25.371,25.371,4493,0
2017-03-07,21:00:00,25.371,25.607,25.371,25.567,5189,0
2017-03-07,22:00:00,25.518,25.518,25.508,25.518,2178,0
2017-03-08,17:00:00,25.47,25.508,25.285,25.285,3400,0
2017-03-08,19:00:00,25.421,25.43,25.421,25.421,2449,0
2017-03-08,20:00:00,25.332,25.567,25.332,25.47,3214,0
2017-03-08,21:00:00,25.616,25.616,25.47,25.47,5512,0
2017-03-08,22:00:00,25.508,25.508,25.47,25.47,1328,0
2017-03-09,16:00:00,25.078,25.078,25.078,25.078,2040,0
2017-03-09,17:00:00,25.334,25.334,25.215,25.215,1818,0
2017-03-09,21:00:00,25.324,25.324,25.156,25.156,6948,0
2017-03-09,22:00:00,25.098,25.098,24.882,24.931,9800,0
2017-03-10,16:00:00,24.96,24.979,24.9,24.901,2080,0
2017-03-10,17:00:00,24.882,24.979,24.882,24.979,14193,0
2017-03-10,18:00:00,24.979,25.951,24.902,25.038,10892,0
2017-03-10,19:00:00,25.078,25.205,25.029,25.175,11689,0
2017-03-10,20:00:00,25.156,25.175,24.999,24.999,19369,0
2017-03-10,22:00:00,25.391,25.391,25.391,25.391,388,0
2017-03-14,15:00:00,25.274,25.274,25.274,25.274,104,0
2017-03-15,19:00:00,25.47,25.567,25.47,25.567,899,0
2017-03-16,17:00:00,25.421,25.421,25.421,25.421,1020,0
2017-03-16,18:00:00,25.274,25.274,25.225,25.225,617,0
2017-03-16,19:00:00,25.225,25.225,25.078,25.078,2040,0
2017-03-16,21:00:00,25.175,25.544,25.108,25.108,1070,0
2017-03-17,17:00:00,25.175,25.421,25.117,25.421,1020,0
2017-03-17,18:00:00,25.43,25.46,25.175,25.175,1744,0
2017-03-17,19:00:00,25.195,25.195,25.175,25.175,1020,0
2017-03-17,21:00:00,25.185,25.185,25.185,25.185,866,0
2017-03-20,15:00:00,25.336,25.336,25.336,25.336,103,0
2017-03-20,16:00:00,25.405,25.441,25.405,25.441,1218,0
2017-03-20,17:00:00,25.405,25.406,25.405,25.406,1118,0
2017-03-20,18:00:00,25.405,25.405,25.405,25.405,306,0
2017-03-20,21:00:00,25.356,25.356,25.356,25.356,103,0
2017-03-21,19:00:00,25.602,25.602,25.602,25.602,356,0
2017-03-23,19:00:00,25.661,25.661,25.661,25.661,306,0
2017-03-24,16:00:00,25.257,25.356,25.208,25.356,4133,0
2017-03-24,17:00:00,25.356,25.356,25.356,25.356,1671,0
2017-03-24,20:00:00,25.375,25.375,25.375,25.375,103,0
2017-03-27,16:00:00,25.257,25.257,25.257,25.257,203,0
2017-03-27,17:00:00,25.333,25.333,25.333,25.333,386,0
2017-03-28,18:00:00,25.257,25.257,25.257,25.257,406,0
2017-03-28,19:00:00,25.287,25.287,25.257,25.257,1084,0
2017-03-28,20:00:00,25.257,25.257,25.257,25.257,440,0
2017-03-28,21:00:00,25.188,25.208,25.188,25.208,1421,0
2017-03-28,22:00:00,25.208,25.208,25.208,25.208,103,0
2017-03-29,16:00:00,25.208,25.208,25.188,25.188,812,0
2017-03-29,17:00:00,25.188,25.188,25.169,25.169,1479,0
2017-03-29,18:00:00,25.111,25.123,25.109,25.123,5402,0
2017-03-29,19:00:00,25.366,25.366,25.366,25.366,166,0
2017-03-30,17:00:00,25.309,25.309,25.309,25.309,1015,0
2017-03-30,19:00:00,25.277,25.325,25.269,25.315,4772,0
2017-03-30,20:00:00,25.293,25.307,25.293,25.307,509,0
2017-03-30,21:00:00,25.295,25.316,25.295,25.309,497,0
2017-03-30,22:00:00,25.257,25.267,25.218,25.267,509,0
2017-03-31,22:00:00,25.416,25.416,25.416,25.416,930,0
2017-04-04,17:00:00,25.287,25.287,25.169,25.169,2050,0
2017-04-04,18:00:00,25.228,25.228,25.228,25.228,509,0
2017-04-04,20:00:00,25.307,25.307,25.307,25.307,306,0
2017-04-04,21:00:00,25.247,25.247,25.169,25.169,873,0
2017-04-05,16:00:00,25.188,25.188,25.188,25.188,306,0
2017-04-05,22:00:00,25.208,25.297,25.188,25.297,1230,0
2017-04-06,16:00:00,25.257,25.257,25.257,25.257,1015,0
2017-04-06,17:00:00,25.301,25.301,25.301,25.301,110,0
2017-04-06,20:00:00,25.297,25.326,25.297,25.326,203,0
2017-04-06,21:00:00,25.326,25.326,25.307,25.326,406,0
2017-04-06,22:00:00,25.307,25.307,25.307,25.307,103,0
2017-04-10,22:00:00,25.444,25.444,25.444,25.444,103,0
2017-04-11,18:00:00,25.307,25.307,25.307,25.307,159,0
2017-04-11,19:00:00,25.307,25.307,25.208,25.208,3048,0
2017-04-11,21:00:00,25.423,25.424,25.399,25.424,1833,0
2017-04-13,16:00:00,25.395,25.395,25.395,25.395,103,0
2017-04-13,20:00:00,25.356,25.356,25.356,25.356,426,0
2017-04-13,22:00:00,25.316,25.316,25.228,25.268,915,0
2017-04-17,17:00:00,25.321,25.321,25.321,25.321,306,0
2017-04-17,18:00:00,25.356,25.356,25.356,25.356,103,0
2017-04-17,19:00:00,25.375,25.375,25.375,25.375,214,0
2017-04-18,16:00:00,25.356,25.383,25.356,25.373,1594,0
2017-04-18,17:00:00,25.356,25.434,25.356,25.434,306,0
2017-04-18,21:00:00,25.417,25.417,25.368,25.368,915,0
2017-04-19,18:00:00,25.402,25.479,25.402,25.479,910,0
2017-04-19,19:00:00,25.517,25.517,25.447,25.447,808,0
2017-04-20,17:00:00,25.409,25.409,25.409,25.409,1010,0
2017-04-20,19:00:00,25.59,25.59,25.59,25.59,202,0
2017-04-24,20:00:00,25.617,25.617,25.617,25.617,156,0
2017-04-25,17:00:00,25.487,25.487,25.249,25.249,6062,0
2017-04-25,18:00:00,25.389,25.389,25.389,25.389,237,0
2017-04-25,19:00:00,25.386,25.386,25.386,25.386,202,0
2017-04-25,22:00:00,25.418,25.418,25.418,25.418,202,0
2017-04-26,17:00:00,25.467,25.487,25.467,25.487,1109,0
2017-04-26,18:00:00,25.552,25.557,25.487,25.557,1854,0
2017-04-26,20:00:00,25.527,25.557,25.527,25.557,304,0
2017-04-26,22:00:00,25.547,25.606,25.418,25.418,3578,0
2017-04-27,17:00:00,25.437,25.437,25.398,25.427,1807,0
2017-04-27,18:00:00,25.388,25.388,25.387,25.387,202,0
2017-04-27,21:00:00,25.418,25.418,25.418,25.418,304,0
2017-04-27,22:00:00,25.408,25.408,25.408,25.408,404,0
2017-04-28,17:00:00,25.448,25.448,25.448,25.448,766,0
2017-05-02,21:00:00,25.576,25.596,25.576,25.596,374,0
2017-05-02,22:00:00,25.517,25.517,25.517,25.517,502,0
2017-05-03,18:00:00,25.557,25.566,25.557,25.566,910,0
2017-05-03,19:00:00,25.566,25.566,25.557,25.566,1895,0
2017-05-03,20:00:00,25.537,25.537,25.537,25.537,103,0
2017-05-03,21:00:00,25.497,25.497,25.497,25.497,151,0
2017-05-04,18:00:00,25.466,25.466,25.466,25.466,404,0
2017-05-08,16:00:00,25.675,25.675,25.675,25.675,102,0
2017-05-08,19:00:00,25.782,25.835,25.715,25.835,1303,0
2017-05-08,21:00:00,25.7,25.803,25.7,25.803,950,0
2017-05-09,16:00:00,25.537,25.537,25.537,25.537,758,0
2017-05-09,20:00:00,25.699,25.711,25.699,25.711,1616,0
2017-05-09,21:00:00,25.635,25.636,25.635,25.636,202,0
2017-05-09,22:00:00,25.635,25.645,25.635,25.645,506,0
2017-05-10,18:00:00,25.663,25.663,25.663,25.663,272,0
2017-05-10,21:00:00,25.707,25.707,25.666,25.672,1414,0
2017-05-10,22:00:00,25.685,25.685,25.685,25.685,252,0
2017-05-11,18:00:00,25.665,25.665,25.665,25.665,107,0
2017-05-11,19:00:00,25.635,25.665,25.635,25.665,393,0
2017-05-11,22:00:00,25.635,25.635,25.635,25.635,202,0
2017-05-12,21:00:00,25.735,25.735,25.735,25.735,607,0
2017-05-12,22:00:00,25.883,25.883,25.735,25.745,1070,0
2017-05-15,17:00:00,25.758,25.758,25.758,25.758,156,0
2017-05-15,22:00:00,25.745,25.745,25.558,25.663,2829,0
2017-05-16,20:00:00,25.675,25.675,25.675,25.675,177,0
2017-05-17,20:00:00,25.807,25.807,25.807,25.807,121,0
2017-05-18,20:00:00,25.926,25.926,25.926,25.926,472,0
2017-05-19,20:00:00,25.942,25.942,25.892,25.892,201,0
2017-05-19,22:00:00,25.89,25.89,25.89,25.89,745,0
2017-05-22,17:00:00,25.817,25.817,25.817,25.817,804,0
2017-05-23,16:00:00,26.048,26.048,26.048,26.048,302,0
2017-05-23,20:00:00,25.817,25.817,25.718,25.718,573,0
2017-05-24,17:00:00,25.983,25.983,25.983,25.983,211,0
2017-05-25,18:00:00,25.748,25.748,25.657,25.657,1146,0
2017-05-25,19:00:00,25.648,25.648,25.568,25.568,3619,0
2017-05-25,20:00:00,25.568,25.618,25.559,25.578,1709,0
2017-05-25,22:00:00,25.662,25.662,25.618,25.618,3920,0
2017-05-26,18:00:00,25.628,25.628,25.618,25.618,603,0
2017-05-26,21:00:00,25.676,25.688,25.676,25.688,854,0
2017-05-26,22:00:00,25.673,25.673,25.673,25.673,251,0
2017-05-30,22:00:00,25.648,25.648,25.648,25.648,101,0
2017-05-31,20:00:00,25.767,25.767,25.767,25.767,101,0
2017-06-01,16:00:00,25.807,25.807,25.807,25.807,307,0
2017-06-01,17:00:00,25.807,25.817,25.807,25.817,251,0
2017-06-01,18:00:00,25.817,25.817,25.817,25.817,101,0
2017-06-01,19:00:00,25.736,25.736,25.736,25.736,155,0
2017-06-01,22:00:00,25.763,25.763,25.763,25.763,160,0
2017-06-02,16:00:00,25.736,25.748,25.736,25.744,804,0
2017-06-02,17:00:00,25.797,25.917,25.797,25.917,201,0
2017-06-02,18:00:00,25.877,25.877,25.817,25.877,905,0
2017-06-02,20:00:00,25.817,25.817,25.817,25.817,195,0
2017-06-02,22:00:00,25.777,25.777,25.777,25.777,101,0
2017-06-05,18:00:00,25.817,25.817,25.817,25.817,195,0
2017-06-05,20:00:00,25.871,25.871,25.804,25.804,704,0
2017-06-06,19:00:00,25.867,25.867,25.867,25.867,643,0
2017-06-06,21:00:00,25.867,25.867,25.867,25.867,101,0
2017-06-06,22:00:00,25.857,25.857,25.807,25.807,856,0
2017-06-07,19:00:00,25.858,25.858,25.858,25.858,101,0
2017-06-07,22:00:00,25.857,25.857,25.856,25.856,201,0
2017-06-08,18:00:00,25.857,25.857,25.857,25.857,196,0
2017-06-08,21:00:00,25.857,25.857,25.857,25.857,101,0
2017-06-08,22:00:00,25.857,25.857,25.698,25.698,1396,0
2017-06-09,18:00:00,25.616,25.616,25.615,25.615,378,0
2017-06-09,19:00:00,25.618,25.618,25.618,25.618,161,0
2017-06-09,20:00:00,25.618,25.618,25.618,25.618,603,0
2017-06-09,21:00:00,25.598,25.598,25.598,25.598,503,0
2017-06-12,16:00:00,25.618,25.662,25.618,25.618,1908,0
2017-06-12,17:00:00,25.618,25.648,25.618,25.648,10051,0
2017-06-12,18:00:00,25.608,25.618,25.608,25.618,804,0
2017-06-12,21:00:00,25.618,25.618,25.598,25.598,2412,0
2017-06-12,22:00:00,25.597,25.615,25.597,25.615,467,0
2017-06-13,16:00:00,25.588,25.588,25.588,25.588,143,0
2017-06-13,17:00:00,25.6,25.618,25.6,25.618,2296,0
2017-06-13,18:00:00,25.628,25.628,25.618,25.618,2214,0
2017-06-13,19:00:00,25.618,25.688,25.618,25.688,2613,0
2017-06-13,20:00:00,25.708,25.708,25.708,25.708,101,0
2017-06-13,21:00:00,25.648,25.648,25.648,25.648,101,0
2017-06-13,22:00:00,25.708,25.766,25.628,25.766,1583,0
2017-06-14,17:00:00,25.627,25.627,25.627,25.627,101,0
2017-06-14,18:00:00,25.728,25.817,25.728,25.81,4825,0
2017-06-15,20:00:00,25.817,25.817,25.817,25.817,131,0
2017-06-19,19:00:00,25.8,25.95,25.8,25.95,1500,0
2017-06-20,16:00:00,25.73,25.9,25.73,25.9,410,0
2017-06-20,17:00:00,25.92,26.46,25.92,26.45,600,0
2017-06-20,18:00:00,26.45,26.45,26.45,26.45,100,0
2017-06-20,19:00:00,26.25,26.25,26.25,26.25,400,0
2017-06-20,20:00:00,26.25,26.25,26.17,26.17,300,0
2017-06-20,21:00:00,26.17,26.2499,26.17,26.2499,1001,0
2017-06-21,20:00:00,26.03,26.03,26.02,26.02,800,0
2017-06-21,21:00:00,25.88,25.88,25.8,25.8,450,0
2017-06-22,18:00:00,25.9736,25.9736,25.9736,25.9736,300,0
2017-06-22,19:00:00,25.9733,25.9733,25.9733,25.9733,200,0
2017-06-22,20:00:00,25.8371,25.8371,25.8371,25.8371,110,0
2017-06-22,21:00:00,25.99,25.99,25.99,25.99,400,0
2017-06-22,22:00:00,25.97,26,25.97,26,318,0
2017-06-23,22:00:00,26,26,26,26,300,0
2017-06-26,21:00:00,25.85,25.85,25.85,25.85,400,0
2017-06-27,22:00:00,25.946,25.946,25.946,25.946,1000,0
2017-06-28,20:00:00,25.95,25.95,25.95,25.95,100,0
2017-06-28,22:00:00,25.96,25.96,25.96,25.96,750,0
2017-06-29,16:00:00,25.989,25.989,25.989,25.989,200,0
2017-06-29,17:00:00,25.95,25.95,25.95,25.95,400,0
2017-06-29,21:00:00,25.9684,25.9684,25.9684,25.9684,485,0
2017-06-29,22:00:00,25.95,25.95,25.95,25.95,100,0
2017-06-30,17:00:00,25.86,25.86,25.86,25.86,100,0
2017-06-30,19:00:00,25.958,25.958,25.958,25.958,200,0
2017-06-30,21:00:00,26,26,25.9748,26,3300,0
2017-06-30,22:00:00,25.9748,25.9748,25.9748,25.9748,1000,0
2017-07-03,18:00:00,25.856,25.856,25.856,25.856,200,0
2017-07-05,19:00:00,26,26,26,26,100,0
2017-07-06,17:00:00,26,26,25.8601,25.8601,1100,0
2017-07-06,18:00:00,25.87,25.87,25.87,25.87,300,0
2017-07-07,16:00:00,25.9498,25.9498,25.9498,25.9498,340,0
2017-07-07,18:00:00,26,26,26,26,400,0
2017-07-07,20:00:00,25.95,25.95,25.95,25.95,200,0
2017-07-07,22:00:00,26,26,25.975,25.975,1750,0
2017-07-11,22:00:00,26.07,26.11,25.95,26,3281,0
2017-07-12,17:00:00,26.0825,26.2,26.0001,26.048,4860,0
2017-07-12,18:00:00,26.0139,26.0139,26,26,2400,0
2017-07-12,19:00:00,26.001,26.001,26,26.0001,700,0
2017-07-12,22:00:00,26.02,26.02,25.99,25.99,600,0
2017-07-13,17:00:00,26.0099,26.0099,26.0099,26.0099,200,0
2017-07-14,17:00:00,26,26,26,26,735,0
2017-07-14,18:00:00,25.974,25.974,25.974,25.974,600,0
2017-07-14,21:00:00,25.948,25.948,25.948,25.948,1000,0
2017-07-14,22:00:00,25.9084,25.93,25.9,25.93,1310,0
2017-07-17,17:00:00,25.9,25.9,25.9,25.9,100,0
2017-07-17,18:00:00,25.94,25.94,25.94,25.94,200,0
2017-07-17,19:00:00,25.9541,25.9541,25.9541,25.9541,100,0
2017-07-17,20:00:00,25.87,25.87,25.87,25.87,227,0
2017-07-17,21:00:00,25.9155,25.9199,25.9155,25.9199,500,0
2017-07-17,22:00:00,25.9164,25.9164,25.9155,25.9155,1500,0
2017-07-18,16:00:00,26,26,26,26,900,0
2017-07-18,22:00:00,25.9999,25.9999,25.9999,25.9999,100,0
2017-07-19,19:00:00,25.9877,26,25.9877,25.9877,2100,0
2017-07-19,21:00:00,25.829,25.829,25.829,25.829,200,0
2017-07-20,18:00:00,26,26,26,26,400,0
2017-07-20,20:00:00,25.9535,25.9535,25.9535,25.9535,200,0
2017-07-20,21:00:00,25.96,25.96,25.9,25.951,940,0
2017-07-20,22:00:00,25.9785,26,25.9785,26,200,0
2017-07-24,22:00:00,25.995,26,25.95,26,3650,0
2017-07-25,16:00:00,26,26,26,26,400,0
2017-07-25,17:00:00,25.958,26,25.958,25.975,300,0
2017-07-25,21:00:00,25.974,25.9999,25.974,25.9999,400,0
2017-07-25,22:00:00,25.984,25.9999,25.9111,25.9999,900,0
2017-07-26,19:00:00,25.9749,25.9749,25.9749,25.9749,100,0
2017-07-26,20:00:00,26,26,26,26,300,0
2017-07-27,21:00:00,25.9,25.9,25.9,25.9,200,0
2017-08-01,18:00:00,25.9915,25.9915,25.9915,25.9915,800,0
2017-08-01,22:00:00,26.005,26.005,26.005,26.005,750,0
2017-08-02,16:00:00,25.951,25.951,25.951,25.951,100,0
2017-08-02,17:00:00,26.0025,26.0025,25.9857,25.9857,1100,0
2017-08-03,17:00:00,25.9918,25.9918,25.9724,25.9724,600,0
2017-08-03,21:00:00,25.97,25.99,25.97,25.99,750,0
2017-08-04,18:00:00,25.9,25.9,25.9,25.9,545,0
2017-08-04,20:00:00,26.0489,26.0489,26.0489,26.0489,100,0
2017-08-04,22:00:00,25.9,25.9113,25.9,25.9113,298,0
2017-08-07,16:00:00,26.24,26.3,26.22,26.22,1983,0
2017-08-07,17:00:00,26.2309,26.2309,26.2309,26.2309,300,0
2017-08-07,18:00:00,26.25,26.25,26.2449,26.2449,600,0
2017-08-07,19:00:00,26.24,26.24,26.24,26.24,1200,0
2017-08-07,20:00:00,26.24,26.6598,26.24,26.6598,1529,0
2017-08-07,21:00:00,26.37,26.37,26.37,26.37,200,0
2017-08-07,22:00:00,26.5,26.7457,26.4975,26.7,500,0
2017-08-08,16:00:00,26.7,26.7,26.3383,26.49,1100,0
2017-08-08,18:00:00,26.35,26.35,26.3282,26.3282,2000,0
2017-08-08,19:00:00,26.3,26.35,26.3,26.35,700,0
2017-08-08,22:00:00,26.2,26.2,26.2,26.2,100,0
2017-08-09,16:00:00,26.07,26.0763,26.06,26.0763,1300,0
2017-08-09,17:00:00,26.57,26.5701,26.57,26.5701,200,0
2017-08-09,20:00:00,26.27,26.2701,26.25,26.25,300,0
2017-08-09,21:00:00,26.08,26.199,26.08,26.199,300,0
2017-08-09,22:00:00,26.1699,26.1756,26.142,26.1756,400,0
2017-08-10,18:00:00,26.19,26.33,26.19,26.33,300,0
2017-08-10,22:00:00,26.2978,26.2978,26.2194,26.2194,462,0
2017-08-11,21:00:00,26.22,26.22,26.2,26.2,682,0
2017-08-11,22:00:00,26.2,26.5,26.2,26.485,1000,0
2017-08-14,20:00:00,26.2,26.305,26.2,26.278,900,0
2017-08-14,22:00:00,26.2,26.2,26.1,26.165,795,0
2017-08-15,18:00:00,26.2375,26.278,26.17,26.278,300,0
2017-08-16,16:00:00,26.11,26.11,26.11,26.11,1000,0
2017-08-16,18:00:00,26.35,26.43,26.3234,26.4299,2500,0
2017-08-16,19:00:00,26.2,26.2,26.2,26.2,100,0
2017-08-16,20:00:00,26.35,26.35,26.35,26.35,500,0
2017-08-16,21:00:00,26.2915,26.34,26.27,26.27,800,0
2017-08-16,22:00:00,26.2015,26.2015,26.2015,26.2015,300,0
2017-08-17,17:00:00,26.2,26.2,26.2,26.2,470,0
2017-08-17,22:00:00,26.12,26.12,26.1,26.1,800,0
2017-08-18,18:00:00,26.1323,26.1323,26.1323,26.1323,1000,0
2017-08-18,20:00:00,26.121,26.13,26.12,26.12,1600,0
2017-08-18,21:00:00,26.1,26.1,26,26,1849,0
2017-08-18,22:00:00,26.0001,26.03,26,26.03,651,0
2017-08-21,17:00:00,26.01,26.0226,26.01,26.0226,200,0
2017-08-21,19:00:00,26.1732,26.1732,26.1732,26.1732,500,0
2017-08-21,22:00:00,26.1439,26.1439,26.1439,26.1439,200,0
2017-08-22,17:00:00,26.131,26.131,26.131,26.131,150,0
2017-08-22,18:00:00,26.13,26.13,26.13,26.13,400,0
2017-08-22,20:00:00,26.01,26.01,25.9218,25.94,2100,0
2017-08-22,22:00:00,26.0832,26.0832,26.0832,26.0832,1000,0
2017-08-23,17:00:00,26.129,26.129,26.129,26.129,397,0
2017-08-23,20:00:00,26.065,26.065,25.99,25.99,631,0
2017-08-23,22:00:00,25.99,25.99,25.99,25.99,200,0
2017-08-24,20:00:00,25.93,25.93,25.93,25.93,100,0
2017-08-24,21:00:00,26.08,26.08,26.08,26.08,100,0
2017-08-25,18:00:00,25.94,25.94,25.94,25.94,1000,0
2017-08-25,21:00:00,26,26,25.94,25.94,1000,0
2017-08-28,21:00:00,25.99,25.99,25.99,25.99,105,0
2017-08-29,16:00:00,25.94,26.064,25.94,26.015,1538,0
2017-08-29,17:00:00,26.015,26.015,25.97,25.98,1000,0
2017-08-29,18:00:00,25.97,25.97,25.91,25.91,1200,0
2017-08-29,20:00:00,25.9499,25.9499,25.9,25.9,500,0
2017-08-29,21:00:00,25.9,25.9,25.9,25.9,500,0
2017-08-29,22:00:00,25.9,26,25.9,26,338,0
2017-08-30,17:00:00,26.01,26.0476,26.01,26.0476,339,0
2017-08-31,17:00:00,26,26,26,26,1000,0
2017-08-31,20:00:00,25.99,25.99,25.99,25.99,200,0
2017-08-31,21:00:00,25.99,25.99,25.99,25.99,100,0
2017-09-01,16:00:00,25.99,25.99,25.99,25.99,100,0
2017-09-01,17:00:00,26,26.05,26,26.05,1758,0
2017-09-01,22:00:00,25.879,25.879,25.879,25.879,500,0
2017-09-05,17:00:00,25.91,25.92,25.901,25.91,2000,0
2017-09-06,22:00:00,26.132,26.15,26.132,26.15,1196,0
2017-09-07,16:00:00,25.91,25.91,25.8825,25.8825,702,0
2017-09-07,21:00:00,25.9,25.9,25.9,25.9,900,0
2017-09-08,18:00:00,25.89,25.9,25.8384,25.8384,1350,0
2017-09-11,16:00:00,26,26,26,26,200,0
2017-09-11,18:00:00,26.1299,26.1299,26.1299,26.1299,200,0
2017-09-11,20:00:00,26.0762,26.0762,26.0762,26.0762,1800,0
2017-09-11,21:00:00,26.05,26.05,26.05,26.05,100,0
2017-09-11,22:00:00,26.0542,26.085,26.0542,26.08,698,0
2017-09-12,18:00:00,26.0625,26.0625,26.0625,26.0625,166,0
2017-09-12,21:00:00,26.25,26.2916,26.25,26.28,2105,0
2017-09-12,22:00:00,26.1726,26.1726,26.1726,26.1726,200,0
2017-09-13,18:00:00,26.0232,26.0232,26.0232,26.0232,1000,0
2017-09-15,22:00:00,26.1,26.1,26.1,26.1,200,0
2017-09-18,20:00:00,26.1,26.34,26.1,26.34,2490,0
2017-09-19,17:00:00,26,26,25.986,25.986,1300,0
2017-09-19,19:00:00,25.95,26,25.94,26,2400,0
2017-09-19,20:00:00,26,26.07,26,26.046,1000,0
2017-09-20,16:00:00,26.0745,26.15,26.0745,26.15,900,0
2017-09-20,17:00:00,26.12,26.12,26.12,26.12,500,0
2017-09-20,19:00:00,26,26.045,26,26.045,400,0
2017-09-20,20:00:00,26.05,26.05,26.05,26.05,500,0
2017-09-20,21:00:00,26.05,26.0649,26.05,26.0649,700,0
2017-09-21,16:00:00,26.1,26.1,26.0904,26.0904,448,0
2017-09-21,20:00:00,26.07,26.07,26,26,1100,0
2017-09-22,19:00:00,26.1,26.1,26.1,26.1,800,0
2017-09-22,21:00:00,26.15,26.15,26.12,26.12,468,0
2017-09-22,22:00:00,26.12,26.12,26.12,26.12,232,0
2017-09-25,16:00:00,25.95,26.22,25.95,26.22,250,0
2017-09-25,17:00:00,26.22,26.22,26,26,1350,0
2017-09-25,19:00:00,26.05,26.05,26,26,300,0
2017-09-25,22:00:00,26,26,26,26,620,0
2017-09-26,18:00:00,25.98,26.026,25.97,26.026,1500,0
2017-09-26,19:00:00,25.97,26.026,25.97,26.026,1120,0
2017-09-26,21:00:00,25.99,25.99,25.99,25.99,300,0
2017-09-27,20:00:00,25.95,25.95,25.94,25.94,440,0
2017-09-27,21:00:00,25.94,25.9416,25.86,25.9416,1210,0
2017-09-28,16:00:00,26.1,26.1,26.1,26.1,100,0
2017-09-28,19:00:00,26.044,26.16,26.044,26.044,1000,0
2017-09-29,20:00:00,26.07,26.07,25.9201,25.9201,1900,0
2017-09-29,21:00:00,25.9314,25.9314,25.9314,25.9314,280,0
2017-10-02,18:00:00,26.0199,26.0199,26.0199,26.0199,500,0
2017-10-03,17:00:00,26.02,26.02,26.02,26.02,130,0
2017-10-04,18:00:00,26.1399,26.1399,26.1399,26.1399,750,0
2017-10-04,19:00:00,26.1387,26.14,26.13,26.14,500,0
2017-10-04,20:00:00,26.1399,26.1399,26.1399,26.1399,400,0
2017-10-04,21:00:00,26.05,26.05,26.05,26.05,748,0
2017-10-05,18:00:00,26.11,26.11,26.1,26.1,350,0
2017-10-05,20:00:00,26.1,26.1125,25.95,26.1125,800,0
2017-10-05,21:00:00,25.96,25.966,25.96,25.966,600,0
2017-10-05,22:00:00,26.11,26.15,25.96,25.96,910,0
2017-10-06,22:00:00,26.1482,26.1482,26.1482,26.1482,346,0
2017-10-09,17:00:00,26.15,26.15,26.15,26.15,100,0
2017-10-09,18:00:00,26.1,26.1,26.1,26.1,404,0
2017-10-09,20:00:00,25.997,26.032,25.9801,26.032,900,0
2017-10-10,22:00:00,26.0535,26.15,26.0535,26.15,240,0
2017-10-11,17:00:00,26.15,26.15,26.15,26.15,178,0
2017-10-11,18:00:00,26.2358,26.2358,26.2358,26.2358,150,0
2017-10-12,17:00:00,26.24,26.24,26.24,26.24,142,0
2017-10-13,17:00:00,26.113,26.113,26.05,26.05,313,0
2017-10-13,18:00:00,26.06,26.07,25.99,25.99,1500,0
2017-10-13,19:00:00,26,26.066,26,26.022,2400,0
2017-10-13,20:00:00,26.0001,26.022,26,26,2800,0
2017-10-13,22:00:00,25.96,25.9829,25.9,25.9,3391,0
2017-10-16,16:00:00,25.56,26.17,25.56,26.17,2882,0
2017-10-16,17:00:00,25.92,25.92,25.83,25.83,1000,0
2017-10-16,19:00:00,26.05,26.05,26.05,26.05,500,0
2017-10-16,20:00:00,26,26,26,26,100,0
2017-10-16,22:00:00,25.86,25.88,25.86,25.88,500,0
2017-10-17,16:00:00,26.09,26.09,26.09,26.09,600,0
2017-10-17,18:00:00,26.01,26.09,26.01,26.09,462,0
2017-10-17,22:00:00,26.08,26.089,26.08,26.089,600,0
2017-10-18,16:00:00,26,26,26,26,200,0
2017-10-18,19:00:00,25.9,25.9267,25.9,25.9267,300,0
2017-10-19,16:00:00,25.976,25.976,25.97,25.97,600,0
2017-10-19,17:00:00,25.994,25.994,25.97,25.97,450,0
2017-10-19,19:00:00,25.9511,25.9648,25.9511,25.9648,1750,0
2017-10-19,22:00:00,25.93,25.93,25.93,25.93,100,0
2017-10-20,22:00:00,25.9,25.93,25.9,25.93,2625,0
2017-10-23,16:00:00,25.891,25.8916,25.891,25.8916,1000,0
2017-10-23,17:00:00,25.9299,25.93,25.9299,25.93,1000,0
2017-10-24,21:00:00,25.95,26,25.95,25.95,4100,0
2017-10-26,17:00:00,25.9996,25.9996,25.954,25.954,400,0
2017-10-26,21:00:00,26,26.02,26,26.02,500,0
2017-10-27,20:00:00,26.03,26.04,25.9,25.9,600,0
2017-10-27,22:00:00,26,26,25.9538,25.965,2800,0
2017-10-30,19:00:00,25.97,25.97,25.914,25.914,500,0
2017-10-31,21:00:00,26.043,26.043,26.043,26.043,150,0
2017-11-01,16:00:00,25.9,25.9,25.9,25.9,150,0
2017-11-01,17:00:00,25.87,25.93,25.87,25.93,1050,0
2017-11-01,21:00:00,25.91,25.93,25.83,25.93,953,0
2017-11-02,19:00:00,25.9714,25.9714,25.9714,25.9714,388,0
2017-11-03,18:00:00,26.032,26.032,26.032,26.032,121,0
2017-11-03,20:00:00,26.04,26.04,26.04,26.04,1800,0
2017-11-03,21:00:00,25.87,25.87,25.87,25.87,100,0
2017-11-06,17:00:00,26.0618,26.0618,26,26,200,0
2017-11-06,19:00:00,26.0614,26.0908,26.0614,26.0908,300,0
2017-11-07,20:00:00,25.9659,25.9659,25.9659,25.9659,1000,0
2017-11-07,22:00:00,26.0778,26.0778,26.0778,26.0778,161,0
2017-11-09,17:00:00,26.084,26.084,26.084,26.084,200,0
2017-11-09,22:00:00,26.1666,26.2,26.1666,26.2,850,0
2017-11-10,18:00:00,26,26,26,26,1000,0
2017-11-10,22:00:00,26,26.001,26,26.001,600,0
2017-11-13,17:00:00,26,26,26,26,350,0
2017-11-13,21:00:00,26.1971,26.1971,26.1971,26.1971,400,0
2017-11-14,16:00:00,26.2,26.2,26.2,26.2,254,0
2017-11-15,18:00:00,26.25,26.25,26.1851,26.1851,600,0
2017-11-15,20:00:00,26.25,26.25,26.15,26.15,500,0
2017-11-16,16:00:00,26.26,26.26,26.26,26.26,100,0
2017-11-17,16:00:00,26.19,26.19,25.9826,25.9826,300,0
2017-11-20,16:00:00,26,26.094,26,26.094,800,0
2017-11-20,21:00:00,26.03,26.03,26.03,26.03,400,0
2017-11-20,22:00:00,26.03,26.03,26.03,26.03,1000,0
2017-11-21,22:00:00,26.85,26.85,26.1433,26.1433,500,0
2017-11-22,16:00:00,26.94,26.94,26.94,26.94,400,0
2017-11-22,17:00:00,26.368,26.368,26.368,26.368,100,0
2017-11-22,21:00:00,26.0231,26.0231,26.0231,26.0231,100,0
2017-11-24,16:00:00,26.0651,26.0651,26.0651,26.0651,195,0
2017-11-24,17:00:00,26.12,26.12,26.12,26.12,500,0
2017-11-24,19:00:00,26.06,26.06,26.06,26.06,250,0
2017-11-27,16:00:00,26,26,26,26,150,0
2017-11-27,22:00:00,26.27,26.5,26.25,26.2687,1930,0
2017-11-28,17:00:00,26.04,26.04,25.888,25.888,1329,0
2017-11-28,20:00:00,26,26,26,26,100,0
2017-11-28,22:00:00,26,26,25.9999,25.9999,410,0
2017-11-29,19:00:00,26.0149,26.0149,26,26,400,0
2017-11-29,20:00:00,25.974,26.058,25.974,26.058,600,0
2017-11-30,20:00:00,25.97,25.97,25.97,25.97,300,0
2017-12-05,21:00:00,25.96,25.96,25.95,25.95,398,0
2017-12-06,21:00:00,25.951,25.951,25.873,25.873,1400,0
