Date,Time,Open,High,Low,Close,Volume,OpenInt
2017-03-28,17:00:00,14.77,14.77,14.77,14.77,100,0
2017-03-28,18:00:00,14.585,14.8771,14.585,14.8771,647,0
2017-03-28,19:00:00,14.74,14.93,14.74,14.8663,700,0
2017-03-28,20:00:00,14.9503,14.9503,14.84,14.84,1000,0
2017-03-28,21:00:00,14.8971,14.8971,14.8971,14.8971,160,0
2017-03-28,22:00:00,14.888,15.0946,14.83,15.05,1100,0
2017-03-29,16:00:00,14.85,14.85,14.85,14.85,100,0
2017-03-29,17:00:00,15.005,15.15,14.9,15.15,1420,0
2017-03-29,18:00:00,15.05,15.31,15,15,10477,0
2017-03-29,19:00:00,15.02,15.245,15.02,15.24,631,0
2017-03-29,20:00:00,15.23,15.23,15.23,15.23,200,0
2017-03-29,21:00:00,15.17,15.19,15.17,15.19,300,0
2017-03-29,22:00:00,15.2499,15.2499,15.16,15.17,912,0
2017-03-30,16:00:00,15.3098,15.3098,15.3098,15.3098,100,0
2017-03-30,17:00:00,15.294,15.294,15.23,15.2515,2082,0
2017-03-30,18:00:00,15.29,15.4,15.29,15.35,3377,0
2017-03-30,19:00:00,15.4159,15.605,15.4159,15.45,3961,0
2017-03-30,20:00:00,15.605,15.605,15.565,15.58,1000,0
2017-03-30,21:00:00,15.59,15.65,15.59,15.62,2700,0
2017-03-30,22:00:00,15.65,15.81,15.6404,15.79,8924,0
2017-03-31,16:00:00,15.7,15.9238,15.68,15.8838,3807,0
2017-03-31,17:00:00,15.85,15.86,15.55,15.77,2210,0
2017-03-31,18:00:00,15.541,15.8,15.541,15.7,6112,0
2017-03-31,19:00:00,15.7,15.79,15.645,15.79,5210,0
2017-03-31,20:00:00,15.73,15.8,15.6,15.66,1350,0
2017-03-31,21:00:00,15.71,15.741,15.7,15.741,802,0
2017-03-31,22:00:00,15.725,15.9,15.725,15.9,1700,0
2017-04-03,16:00:00,15.87,15.87,15.87,15.87,204,0
2017-04-03,17:00:00,15.83,15.85,15.51,15.81,2507,0
2017-04-03,18:00:00,15.55,15.592,15.5,15.51,1543,0
2017-04-03,20:00:00,15.49,15.49,15.4324,15.4324,250,0
2017-04-03,21:00:00,15.43,15.45,15.0457,15.45,2734,0
2017-04-03,22:00:00,15.6,15.6963,15.13,15.18,7234,0
2017-04-04,16:00:00,15.2,15.24,15.1501,15.24,1016,0
2017-04-04,17:00:00,15.24,15.24,15.24,15.24,200,0
2017-04-04,18:00:00,15.0102,15.0974,15.0102,15.0974,318,0
2017-04-04,19:00:00,15.06,15.06,15.06,15.06,100,0
2017-04-04,20:00:00,15.12,15.5,15.12,15.48,15252,0
2017-04-04,22:00:00,15.43,15.43,15.31,15.31,1100,0
2017-04-05,16:00:00,15.2,15.29,15.2,15.29,200,0
2017-04-05,17:00:00,15.45,15.46,15.215,15.376,751,0
2017-04-05,18:00:00,15.385,15.4178,15.32,15.4178,350,0
2017-04-05,19:00:00,15.41,15.5768,15.41,15.5768,500,0
2017-04-05,20:00:00,15.5,15.5,15.265,15.285,500,0
2017-04-05,21:00:00,15.295,16.1973,15.295,16.0552,8154,0
2017-04-05,22:00:00,16.03,16.0344,15.76,15.76,8663,0
2017-04-06,16:00:00,15.78,15.78,15.78,15.78,100,0
2017-04-06,17:00:00,16,16,15.985,15.985,1100,0
2017-04-06,18:00:00,16.1191,16.2183,15.8,15.9521,4069,0
2017-04-06,20:00:00,16,16,16,16,100,0
2017-04-06,21:00:00,16.01,16.1658,16.01,16.1658,2000,0
2017-04-06,22:00:00,16.0329,16.0329,15.75,15.75,3000,0
2017-04-07,17:00:00,15.62,15.8073,15.62,15.8073,228,0
2017-04-07,19:00:00,15.685,15.685,15.685,15.685,150,0
2017-04-07,20:00:00,15.58,15.6012,15.57,15.57,750,0
2017-04-07,21:00:00,15.44,15.49,15.44,15.49,250,0
2017-04-07,22:00:00,15.42,15.53,15.06,15.06,4100,0
2017-04-10,16:00:00,15.2,15.5917,15.199,15.5917,2700,0
2017-04-10,17:00:00,15.5,15.5,15.5,15.5,100,0
2017-04-10,18:00:00,15.482,15.625,15.3485,15.625,1208,0
2017-04-10,19:00:00,15.3,15.658,15.3,15.658,2450,0
2017-04-10,22:00:00,15.29,15.44,15.2899,15.44,3765,0
2017-04-11,16:00:00,15.56,15.56,15.56,15.56,100,0
2017-04-11,18:00:00,15.3866,15.3866,15.3866,15.3866,234,0
2017-04-11,19:00:00,15.3,15.415,15.3,15.415,600,0
2017-04-11,20:00:00,15.26,15.2971,15.25,15.25,1100,0
2017-04-11,21:00:00,15.41,15.55,15.41,15.55,699,0
2017-04-11,22:00:00,15.6656,15.6656,15.51,15.58,3046,0
2017-04-12,17:00:00,15.4,15.56,15.25,15.56,8280,0
2017-04-12,20:00:00,15.4803,15.4803,15.4803,15.4803,100,0
2017-04-12,21:00:00,15.42,15.42,15.41,15.41,500,0
2017-04-12,22:00:00,15.21,15.435,15.21,15.43,1117,0
2017-04-13,16:00:00,15.34,15.34,15.34,15.34,200,0
2017-04-13,18:00:00,15.14,15.22,15.13,15.19,1133,0
2017-04-13,19:00:00,15.11,15.245,15.11,15.245,800,0
2017-04-13,20:00:00,15.11,15.16,15.11,15.16,1100,0
2017-04-13,21:00:00,15.12,15.12,15.07,15.07,200,0
2017-04-13,22:00:00,15.0923,15.38,15.07,15.38,2697,0
2017-04-17,16:00:00,15.37,15.37,15.37,15.37,200,0
2017-04-17,19:00:00,15.18,15.18,15.175,15.175,200,0
2017-04-17,20:00:00,15.154,15.5,15.09,15.5,400,0
2017-04-17,21:00:00,15.23,15.23,15.23,15.23,100,0
2017-04-17,22:00:00,15.16,15.3,15.16,15.28,420,0
2017-04-18,17:00:00,15.25,15.35,15.2147,15.2147,2261,0
2017-04-18,18:00:00,15.09,15.302,15.09,15.302,250,0
2017-04-18,19:00:00,15.167,15.167,15.167,15.167,100,0
2017-04-18,20:00:00,15.265,15.3436,15.265,15.3436,605,0
2017-04-18,22:00:00,15.27,15.44,15.02,15.05,1190,0
2017-04-19,16:00:00,15.17,15.3725,14.84,15,7387,0
2017-04-19,17:00:00,15.05,15.21,15.05,15.13,1575,0
2017-04-19,18:00:00,15.005,15.005,15.005,15.005,500,0
2017-04-19,19:00:00,15.01,15.01,15.01,15.01,300,0
2017-04-19,20:00:00,14.9326,14.9326,14.9326,14.9326,100,0
2017-04-19,21:00:00,15,15.06,15,15.06,200,0
2017-04-19,22:00:00,15.01,15.12,15.01,15.04,900,0
2017-04-20,16:00:00,15.05,15.05,15.04,15.04,521,0
2017-04-20,18:00:00,15.1206,15.1206,15.07,15.07,565,0
2017-04-20,19:00:00,15.05,15.05,15.05,15.05,100,0
2017-04-20,20:00:00,15.11,15.11,14.989,14.989,1190,0
2017-04-20,21:00:00,15,15,14.94,14.94,500,0
2017-04-20,22:00:00,14.92,15.08,14.91,15.07,4920,0
2017-04-21,16:00:00,15.17,15.17,14.7682,15.0086,1039,0
2017-04-21,22:00:00,15.1663,15.1663,15.1663,15.1663,115,0
2017-04-24,16:00:00,15.16,15.16,15.06,15.06,1013,0
2017-04-24,17:00:00,15.2481,15.2481,15.06,15.06,233,0
2017-04-24,18:00:00,15.04,15.04,15.04,15.04,100,0
2017-04-24,19:00:00,15.05,15.155,15.05,15.155,400,0
2017-04-24,20:00:00,15.15,15.25,15.06,15.25,3001,0
2017-04-24,21:00:00,15.25,15.25,15.07,15.23,2050,0
2017-04-24,22:00:00,15.15,15.29,15.12,15.25,2314,0
2017-04-25,16:00:00,15.1,15.24,15.1,15.24,500,0
2017-04-25,17:00:00,15.24,15.27,15.24,15.27,290,0
2017-04-25,18:00:00,15.3,15.48,15.28,15.48,3511,0
2017-04-25,19:00:00,15.388,15.47,15.388,15.47,400,0
2017-04-25,20:00:00,15.33,15.33,15.32,15.32,500,0
2017-04-25,21:00:00,15.32,15.49,15.13,15.49,1534,0
2017-04-25,22:00:00,15.46,15.59,15.385,15.58,4796,0
2017-04-26,16:00:00,15.6096,15.6096,15.6096,15.6096,300,0
2017-04-26,18:00:00,15.65,15.68,15.57,15.57,600,0
2017-04-26,19:00:00,15.67,15.68,15.619,15.67,1384,0
2017-04-26,20:00:00,15.69,15.69,15.69,15.69,100,0
2017-04-26,21:00:00,15.68,15.68,15.33,15.38,500,0
2017-04-26,22:00:00,15.514,15.54,15.38,15.54,600,0
2017-04-27,17:00:00,15.74,15.88,15.64,15.88,700,0
2017-04-27,18:00:00,15.71,15.71,15.71,15.71,100,0
2017-04-27,20:00:00,15.82,15.84,15.82,15.84,200,0
2017-04-27,21:00:00,15.7861,15.7861,15.58,15.58,400,0
2017-04-27,22:00:00,15.84,15.84,15.5,15.52,1030,0
2017-04-28,16:00:00,15.52,15.52,15.5,15.51,1394,0
2017-04-28,18:00:00,15.61,15.89,15.6,15.6,2820,0
2017-04-28,19:00:00,15.7549,15.7549,15.7549,15.7549,110,0
2017-04-28,20:00:00,15.57,15.57,15.57,15.57,100,0
2017-04-28,21:00:00,15.8879,15.8879,15.735,15.735,900,0
2017-04-28,22:00:00,15.58,15.58,15.51,15.51,879,0
2017-05-01,18:00:00,15.5325,15.82,15.5325,15.81,16239,0
2017-05-01,20:00:00,15.521,15.53,15.52,15.52,1283,0
2017-05-01,21:00:00,15.63,15.71,15.63,15.71,558,0
2017-05-01,22:00:00,15.71,15.72,15.6078,15.72,398,0
2017-05-02,16:00:00,15.72,15.72,15.714,15.714,1308,0
2017-05-02,17:00:00,15.71,15.71,15.71,15.71,100,0
2017-05-02,18:00:00,15.76,15.76,15.345,15.345,16696,0
2017-05-02,19:00:00,15.17,15.4861,15.17,15.4861,1600,0
2017-05-02,20:00:00,15.261,15.5263,15.26,15.261,957,0
2017-05-02,21:00:00,15.41,15.41,15.25,15.25,775,0
2017-05-02,22:00:00,15.13,15.73,15.1,15.1,1795,0
2017-05-03,16:00:00,15.13,15.3674,15.13,15.3674,752,0
2017-05-03,17:00:00,15.08,15.145,15.06,15.145,300,0
2017-05-03,18:00:00,15.2793,15.2793,15.2,15.2,1200,0
2017-05-03,19:00:00,15.2,15.2,15.2,15.2,800,0
2017-05-03,21:00:00,15.13,15.13,15.13,15.13,100,0
2017-05-03,22:00:00,15.0424,15.09,15,15.0518,3430,0
2017-05-04,16:00:00,15.08,15.27,15.03,15.05,3296,0
2017-05-04,17:00:00,15.03,15.03,14.64,14.99,7392,0
2017-05-04,18:00:00,14.82,14.87,14.82,14.87,200,0
2017-05-04,20:00:00,14.86,14.86,14.85,14.85,1250,0
2017-05-04,21:00:00,14.8001,14.9,14.8,14.9,634,0
2017-05-04,22:00:00,14.98,14.98,14.8,14.83,1674,0
2017-05-05,17:00:00,14.9215,14.9215,14.51,14.51,3250,0
2017-05-05,18:00:00,14.79,14.79,14.5501,14.5501,1074,0
2017-05-05,20:00:00,14.55,14.55,14.55,14.55,100,0
2017-05-05,21:00:00,14.5514,14.5514,14.55,14.55,300,0
2017-05-05,22:00:00,14.75,14.75,14.4,14.4342,8864,0
2017-05-08,16:00:00,14.4,14.4,13.93,14.09,2881,0
2017-05-08,17:00:00,14.39,14.43,14.39,14.4,3108,0
2017-05-08,19:00:00,14.459,14.4599,14.459,14.4599,300,0
2017-05-08,20:00:00,14.3346,14.36,14.3346,14.36,1500,0
2017-05-08,22:00:00,14.36,14.3647,14.28,14.28,943,0
2017-05-09,16:00:00,14.41,14.69,14.41,14.69,666,0
2017-05-09,17:00:00,14.7149,15.19,14.25,14.25,4434,0
2017-05-09,18:00:00,14.68,14.68,14.68,14.68,400,0
2017-05-09,19:00:00,14.7352,14.7352,14.7352,14.7352,200,0
2017-05-09,21:00:00,14.634,14.634,14.4,14.4,871,0
2017-05-09,22:00:00,14.52,14.53,14.52,14.53,542,0
2017-05-10,16:00:00,14.65,14.65,14.65,14.65,200,0
2017-05-10,17:00:00,14.7375,14.7375,14.7375,14.7375,300,0
2017-05-10,18:00:00,14.73,14.78,14.6412,14.78,2449,0
2017-05-10,19:00:00,14.9,14.9,14.9,14.9,910,0
2017-05-10,20:00:00,14.932,14.9747,14.932,14.9747,400,0
2017-05-10,21:00:00,14.99,15,14.81,15,2200,0
2017-05-10,22:00:00,15.102,15.48,15.09,15.48,1800,0
2017-05-11,16:00:00,16.6,16.71,15.0502,15.7014,23687,0
2017-05-11,17:00:00,15.681,15.698,15.31,15.31,5454,0
2017-05-11,18:00:00,15.31,15.43,15.31,15.3301,2700,0
2017-05-11,19:00:00,15.414,15.4244,15.3,15.4244,3575,0
2017-05-11,20:00:00,15.4,15.62,15.4,15.62,2200,0
2017-05-11,22:00:00,15.632,15.66,15.3732,15.54,6383,0
2017-05-12,16:00:00,15.32,15.32,14.7,14.9701,5039,0
2017-05-12,17:00:00,14.73,14.75,14.7,14.75,2190,0
2017-05-12,18:00:00,14.75,14.7625,14.07,14.265,17372,0
2017-05-12,19:00:00,14.2,14.327,14.2,14.27,1409,0
2017-05-12,20:00:00,14.27,14.3,14.18,14.18,3249,0
2017-05-12,21:00:00,14.04,14.2,13.8,13.804,7589,0
2017-05-12,22:00:00,13.8,14.33,12.5328,14.04,31471,0
2017-05-15,16:00:00,13.99,13.99,12.56,12.5944,10968,0
2017-05-15,17:00:00,12.622,13.2047,12.6,12.7495,8213,0
2017-05-15,18:00:00,12.74,12.9078,12.74,12.9078,1570,0
2017-05-15,19:00:00,12.8,12.9241,12.76,12.9241,400,0
2017-05-15,20:00:00,12.84,12.87,12.66,12.66,5557,0
2017-05-15,21:00:00,12.705,12.705,12.51,12.51,3750,0
2017-05-15,22:00:00,12.552,12.5699,12.5,12.51,6640,0
2017-05-16,16:00:00,12.51,12.58,12.51,12.58,1445,0
2017-05-16,17:00:00,12.555,12.5999,11.7501,11.751,7580,0
2017-05-16,18:00:00,11.795,11.795,11.7,11.71,3232,0
2017-05-16,19:00:00,11.7,11.7,11.55,11.55,3292,0
2017-05-16,20:00:00,11.5999,11.5999,11.0501,11.3028,2831,0
2017-05-16,21:00:00,11.282,11.59,11.26,11.39,6815,0
2017-05-16,22:00:00,11.34,11.45,11.3,11.3,5398,0
2017-05-17,16:00:00,11.24,11.74,11.21,11.57,2323,0
2017-05-17,17:00:00,11.4852,11.4852,11.01,11.01,3383,0
2017-05-17,18:00:00,11.08,11.08,10.96,10.96,955,0
2017-05-17,19:00:00,11.02,11.02,10.91,10.91,2555,0
2017-05-17,20:00:00,10.91,10.915,10.55,10.6465,1935,0
2017-05-17,21:00:00,10.68,10.8799,10.511,10.5602,2879,0
2017-05-17,22:00:00,10.662,10.83,10.59,10.75,2240,0
2017-05-18,16:00:00,10.78,11.352,10.78,11.352,257,0
2017-05-18,17:00:00,10.81,10.81,10.4,10.51,3634,0
2017-05-18,18:00:00,10.6,10.6318,10.5,10.5,1050,0
2017-05-18,19:00:00,10.51,10.51,10.51,10.51,100,0
2017-05-18,20:00:00,10.5406,10.944,10.5406,10.944,750,0
2017-05-18,21:00:00,10.825,10.825,10.7,10.7,368,0
2017-05-18,22:00:00,10.71,10.78,10.71,10.72,700,0
2017-05-19,16:00:00,10.73,10.73,10.73,10.73,181,0
2017-05-19,17:00:00,10.54,10.7899,10.51,10.6212,1948,0
2017-05-19,18:00:00,10.61,10.61,10.61,10.61,110,0
2017-05-19,19:00:00,10.67,11,10.67,11,14000,0
2017-05-19,20:00:00,11.14,11.149,10.97,10.97,1100,0
2017-05-19,21:00:00,11.02,11.02,11.01,11.01,1900,0
2017-05-19,22:00:00,11.14,11.14,10.81,10.81,7222,0
2017-05-22,16:00:00,10.91,10.91,10.4,10.44,4925,0
2017-05-22,17:00:00,10.41,10.6,10.41,10.6,2225,0
2017-05-22,18:00:00,10.65,10.65,10.65,10.65,100,0
2017-05-22,19:00:00,10.43,10.43,10.41,10.41,700,0
2017-05-22,20:00:00,10.43,10.48,10.43,10.45,1400,0
2017-05-22,21:00:00,10.45,10.55,10.45,10.53,2500,0
2017-05-22,22:00:00,10.6591,10.8,10.56,10.56,2870,0
2017-05-23,16:00:00,10.61,10.85,10.61,10.85,2796,0
2017-05-23,17:00:00,10.63,10.68,10.61,10.68,1200,0
2017-05-23,18:00:00,10.684,10.73,10.68,10.71,2902,0
2017-05-23,19:00:00,10.87,10.946,10.87,10.946,1300,0
2017-05-23,20:00:00,10.89,11.224,10.89,11.16,2054,0
2017-05-23,21:00:00,11.19,11.24,11.18,11.24,5754,0
2017-05-23,22:00:00,11.24,11.2648,11.08,11.1,4262,0
2017-05-24,16:00:00,11.21,11.21,11.21,11.21,373,0
2017-05-24,17:00:00,11.27,11.59,11.27,11.59,2511,0
2017-05-24,18:00:00,11.68,11.69,11.5,11.557,3593,0
2017-05-24,19:00:00,11.45,11.475,11.4,11.46,3150,0
2017-05-24,20:00:00,11.46,11.488,11.3,11.39,2310,0
2017-05-24,21:00:00,11.39,11.46,11.39,11.4096,700,0
2017-05-24,22:00:00,11.43,11.49,11.37,11.37,1000,0
2017-05-25,16:00:00,11.35,11.35,10.86,10.88,1435,0
2017-05-25,17:00:00,11.13,11.395,11.13,11.395,600,0
2017-05-25,18:00:00,11.254,11.254,11.12,11.25,1660,0
2017-05-25,19:00:00,11.1293,11.1293,11.1293,11.1293,100,0
2017-05-25,20:00:00,11.2083,11.23,11.1,11.1,1251,0
2017-05-25,21:00:00,11,11.0354,10.9,11.0354,1975,0
2017-05-25,22:00:00,11,11,10.88,10.88,4983,0
2017-05-26,16:00:00,10.88,10.9523,10.88,10.9523,1100,0
2017-05-26,17:00:00,10.89,11.0353,10.89,11.0353,267,0
2017-05-26,18:00:00,10.92,10.92,10.92,10.92,300,0
2017-05-26,20:00:00,11.02,11.03,10.54,10.54,3000,0
2017-05-26,21:00:00,10.52,10.9,10.52,10.9,600,0
2017-05-26,22:00:00,10.7447,10.8,10.68,10.69,882,0
2017-05-30,16:00:00,10.76,10.76,10.76,10.76,120,0
2017-05-30,17:00:00,10.8178,10.8178,10.7,10.7859,3900,0
2017-05-30,18:00:00,10.71,10.9358,10.71,10.9358,215,0
2017-05-30,19:00:00,10.83,11,10.83,11,306,0
2017-05-30,20:00:00,10.747,10.747,10.71,10.71,1100,0
2017-05-30,22:00:00,10.78,10.78,10.78,10.78,200,0
2017-05-31,16:00:00,10.78,10.78,10.57,10.6,1033,0
2017-05-31,17:00:00,10.54,10.55,10.54,10.55,500,0
2017-05-31,18:00:00,10.45,10.49,10.4,10.49,2814,0
2017-05-31,19:00:00,10.41,10.5,10.4,10.4,1950,0
2017-05-31,20:00:00,10.4,10.425,10.36,10.36,4507,0
2017-05-31,21:00:00,10.31,10.31,10.16,10.16,700,0
2017-05-31,22:00:00,10.114,10.36,10,10.09,21062,0
2017-06-01,16:00:00,10.16,10.16,9.41,9.41,6400,0
2017-06-01,17:00:00,9.28,9.93,9.25,9.93,5013,0
2017-06-01,18:00:00,9.98,10.1,9.915,10.06,4767,0
2017-06-01,19:00:00,10.07,10.1,10.06,10.0601,4350,0
2017-06-01,20:00:00,10.06,10.19,10.06,10.15,21720,0
2017-06-01,21:00:00,9.99,9.99,9.99,9.99,100,0
2017-06-01,22:00:00,10.06,10.19,10.02,10.03,1300,0
2017-06-02,16:00:00,10,10,10,10,104,0
2017-06-02,17:00:00,9.4,9.8,9.4,9.8,488,0
2017-06-02,18:00:00,9.9,9.9,9.9,9.9,110,0
2017-06-02,19:00:00,9.94,10.09,9.94,10.09,800,0
2017-06-02,20:00:00,10.27,10.27,10.27,10.27,300,0
2017-06-02,21:00:00,9.88,9.88,9.88,9.88,100,0
2017-06-02,22:00:00,9.88,9.88,9.51,9.51,650,0
2017-06-05,16:00:00,9.5,9.57,9.44,9.57,300,0
2017-06-05,17:00:00,9.595,9.6,9.595,9.6,550,0
2017-06-05,18:00:00,9.65,9.8095,9.65,9.8095,400,0
2017-06-05,19:00:00,9.76,9.76,9.75,9.75,390,0
2017-06-05,20:00:00,9.875,9.875,9.875,9.875,500,0
2017-06-05,21:00:00,9.96,10.29,9.96,10.1898,4450,0
2017-06-05,22:00:00,10.01,10.01,9.58,9.58,949,0
2017-06-06,16:00:00,9.51,9.755,9.51,9.755,267,0
2017-06-06,17:00:00,9.8478,9.8478,9.8478,9.8478,1000,0
2017-06-06,18:00:00,9.6,9.6,9.6,9.6,100,0
2017-06-06,20:00:00,9.71,9.71,9.71,9.71,100,0
2017-06-06,21:00:00,9.795,9.795,9.31,9.3101,10330,0
2017-06-06,22:00:00,9.28,9.28,9.11,9.11,3478,0
2017-06-07,16:00:00,9.17,9.17,9.1301,9.1301,361,0
2017-06-07,17:00:00,9.3377,9.3377,9.3377,9.3377,100,0
2017-06-07,18:00:00,9.378,9.8,9.378,9.7105,5646,0
2017-06-07,20:00:00,9.642,9.642,9.6,9.6,500,0
2017-06-07,21:00:00,9.6,9.67,9.6,9.62,3084,0
2017-06-07,22:00:00,9.665,9.71,9.627,9.7,1090,0
2017-06-08,16:00:00,9.51,9.51,9.51,9.51,267,0
2017-06-08,17:00:00,9.525,9.525,9.31,9.31,1100,0
2017-06-08,18:00:00,9.49,9.5,9.4,9.424,1200,0
2017-06-08,19:00:00,9.5,9.5,9.38,9.463,781,0
2017-06-08,20:00:00,9.48,9.48,9.48,9.48,100,0
2017-06-08,21:00:00,9.6,9.8,9.6,9.8,400,0
2017-06-08,22:00:00,9.8,9.8,9.672,9.7,1097,0
2017-06-09,16:00:00,9.57,9.635,9.35,9.35,418,0
2017-06-09,18:00:00,9.7326,9.95,9.7326,9.8,650,0
2017-06-09,19:00:00,9.94,10.0001,9.92,10.0001,2612,0
2017-06-09,20:00:00,10.0579,10.0579,9.95,9.9505,2600,0
2017-06-09,21:00:00,9.9,10.06,9.9,10.06,5806,0
2017-06-09,22:00:00,10.0012,10.12,10.0012,10.1005,786,0
2017-06-12,16:00:00,10,10.08,10,10.08,500,0
2017-06-12,17:00:00,10.08,10.08,9.75,9.84,2300,0
2017-06-12,18:00:00,10.19,10.19,10.16,10.16,600,0
2017-06-12,19:00:00,10.19,10.19,9.98,10,500,0
2017-06-12,20:00:00,10,10,10,10,100,0
2017-06-12,21:00:00,10.22,10.32,10.22,10.25,866,0
2017-06-12,22:00:00,10.3,10.36,10.2563,10.28,700,0
2017-06-13,16:00:00,10.19,10.389,10.19,10.389,1200,0
2017-06-13,17:00:00,10.315,10.418,10.315,10.418,1767,0
2017-06-13,18:00:00,10.26,10.26,10.2501,10.2501,283,0
2017-06-13,21:00:00,10.365,10.4,10.3348,10.3348,700,0
2017-06-13,22:00:00,10.32,10.32,10.3199,10.3199,1057,0
2017-06-14,16:00:00,10.25,10.25,9.785,9.785,454,0
2017-06-14,17:00:00,10.28,10.28,10.26,10.26,500,0
2017-06-14,19:00:00,10.14,10.2033,10.08,10.2,800,0
2017-06-14,20:00:00,10.2,10.27,10.15,10.18,1300,0
2017-06-14,21:00:00,10.18,10.18,10.18,10.18,300,0
2017-06-14,22:00:00,10.18,10.1801,10.02,10.03,4419,0
2017-06-15,16:00:00,10.2799,10.2799,10.2799,10.2799,186,0
2017-06-15,17:00:00,10.136,10.149,10.136,10.149,400,0
2017-06-15,18:00:00,10.14,10.14,10.14,10.14,2000,0
2017-06-15,19:00:00,10.15,10.22,10.1499,10.22,4330,0
2017-06-15,20:00:00,10.28,10.33,10.28,10.3,600,0
2017-06-15,22:00:00,10.22,10.295,10.21,10.21,1600,0
2017-06-16,16:00:00,10.12,10.205,10.12,10.205,970,0
2017-06-16,17:00:00,10.32,10.35,10.07,10.07,300,0
2017-06-16,18:00:00,10.1,10.1,10.07,10.07,200,0
2017-06-16,19:00:00,10.1643,10.1643,10.08,10.08,500,0
2017-06-16,20:00:00,10.1618,10.1898,10.07,10.1898,900,0
2017-06-16,21:00:00,10.07,10.07,10,10,200,0
2017-06-16,22:00:00,10.01,10.01,10,10,2549,0
2017-06-19,16:00:00,9.93,9.93,9.93,9.93,208,0
2017-06-19,17:00:00,9.7923,9.7923,9.41,9.725,1300,0
2017-06-19,18:00:00,9.73,9.8,9.72,9.76,567,0
2017-06-19,20:00:00,9.7946,9.7946,9.51,9.51,1451,0
2017-06-19,21:00:00,9.66,9.66,9.5087,9.5087,615,0
2017-06-19,22:00:00,9.624,9.705,9.6001,9.64,3020,0
2017-06-20,18:00:00,9.55,9.55,9.55,9.55,100,0
2017-06-20,19:00:00,9.57,9.57,9.57,9.57,200,0
2017-06-20,21:00:00,9.6806,9.8,9.6806,9.8,2200,0
2017-06-20,22:00:00,9.795,9.81,9.795,9.81,700,0
2017-06-21,16:00:00,9.88,9.88,9.88,9.88,105,0
2017-06-21,18:00:00,9.8,9.8,9.8,9.8,100,0
2017-06-21,19:00:00,9.82,9.82,9.7901,9.7901,700,0
2017-06-21,22:00:00,9.8236,9.8236,9.8236,9.8236,167,0
2017-06-22,16:00:00,9.9,9.95,9.89,9.89,974,0
2017-06-22,17:00:00,9.9,10.17,9.75,10.03,1200,0
2017-06-22,18:00:00,10.14,10.15,10,10,4000,0
2017-06-22,20:00:00,10.03,10.15,10.03,10.15,399,0
2017-06-22,21:00:00,10.15,10.15,10.15,10.15,1600,0
2017-06-22,22:00:00,10.15,10.15,10.15,10.15,100,0
2017-06-23,16:00:00,10.1591,10.1591,10.1591,10.1591,104,0
2017-06-23,18:00:00,10.29,10.39,10.2403,10.39,1000,0
2017-06-23,19:00:00,10.37,10.3701,10.24,10.24,1896,0
2017-06-23,20:00:00,10.2304,10.3154,10.2304,10.3154,1000,0
2017-06-23,21:00:00,10.3,10.3,10.26,10.26,200,0
2017-06-23,22:00:00,10.25,10.25,9.95,9.965,2500,0
2017-06-26,16:00:00,10.02,10.02,10.02,10.02,508,0
2017-06-26,18:00:00,10.1496,10.27,10.1496,10.27,700,0
2017-06-26,19:00:00,10.28,10.34,10.27,10.32,600,0
2017-06-26,20:00:00,10.3011,10.49,10.3011,10.48,2000,0
2017-06-26,21:00:00,10.48,10.48,10.4,10.4,1700,0
2017-06-26,22:00:00,10.456,10.48,10.34,10.35,2170,0
2017-06-27,21:00:00,10.2219,10.2219,10.2219,10.2219,100,0
2017-06-27,22:00:00,10.2569,10.3499,10.192,10.34,1277,0
2017-06-28,17:00:00,10.35,10.405,10.35,10.405,1000,0
2017-06-28,18:00:00,10.42,10.42,10.42,10.42,100,0
2017-06-28,20:00:00,10.44,10.455,10.44,10.455,477,0
2017-06-28,21:00:00,10.49,10.53,10.45,10.5007,1018,0
2017-06-28,22:00:00,10.485,10.485,10.35,10.35,836,0
2017-06-29,16:00:00,10.4,10.4,10.4,10.4,300,0
2017-06-29,20:00:00,10.3701,10.38,10.36,10.36,3715,0
2017-06-29,21:00:00,10.36,10.36,10.3,10.3,2726,0
2017-06-29,22:00:00,10.28,10.3,10.28,10.3,1400,0
2017-06-30,17:00:00,10.32,10.32,10.32,10.32,100,0
2017-06-30,18:00:00,10.57,10.57,10.54,10.55,300,0
2017-06-30,19:00:00,10.41,10.41,10.41,10.41,100,0
2017-06-30,20:00:00,10.45,10.45,10.45,10.45,500,0
2017-06-30,22:00:00,10.54,10.548,10.34,10.34,1350,0
2017-07-03,16:00:00,10.43,10.43,10.43,10.43,508,0
2017-07-03,17:00:00,10.4075,10.4075,10.4075,10.4075,717,0
2017-07-03,19:00:00,10.28,10.29,10.28,10.28,1000,0
2017-07-05,16:00:00,10.28,10.28,10.0795,10.0795,1273,0
2017-07-05,17:00:00,10.0747,10.15,10.02,10.1092,1458,0
2017-07-05,18:00:00,10.02,10.05,10.02,10.05,200,0
2017-07-05,20:00:00,10.14,10.14,10.11,10.11,450,0
2017-07-05,21:00:00,10.1875,10.1875,10.12,10.12,600,0
2017-07-05,22:00:00,10.12,10.235,10.1,10.11,3068,0
2017-07-06,16:00:00,10.15,10.15,10.15,10.15,112,0
2017-07-06,19:00:00,10.101,10.125,10.101,10.125,500,0
2017-07-06,20:00:00,10.1,10.14,10.1,10.14,200,0
2017-07-06,21:00:00,10.1,10.1,10.1,10.1,200,0
2017-07-06,22:00:00,9.975,10.06,9.975,10.05,900,0
2017-07-07,18:00:00,10.08,10.18,10.08,10.18,600,0
2017-07-07,20:00:00,10.1659,10.1659,10.1659,10.1659,100,0
2017-07-07,21:00:00,10.15,10.18,10.15,10.18,800,0
2017-07-07,22:00:00,10.17,10.18,10.16,10.16,600,0
2017-07-10,16:00:00,10.15,10.15,10.15,10.15,118,0
2017-07-10,18:00:00,10.19,10.19,10.1885,10.19,740,0
2017-07-10,21:00:00,10.24,10.31,10.19,10.19,300,0
2017-07-10,22:00:00,10.2138,10.2138,10.16,10.16,250,0
2017-07-11,16:00:00,10.15,10.15,10.15,10.15,501,0
2017-07-11,17:00:00,10.07,10.195,10.06,10.195,1650,0
2017-07-11,19:00:00,10.11,10.1101,10.11,10.1101,400,0
2017-07-12,16:00:00,10.12,10.1664,10.12,10.1664,901,0
2017-07-12,18:00:00,10.145,10.145,10.145,10.145,200,0
2017-07-12,19:00:00,10.2581,10.2581,10.24,10.24,600,0
2017-07-12,22:00:00,10.23,10.24,10.2,10.2,900,0
2017-07-13,16:00:00,10.123,10.123,10.123,10.123,617,0
2017-07-13,17:00:00,10.11,10.1201,10.11,10.1201,200,0
2017-07-13,19:00:00,10.11,10.11,10.11,10.11,200,0
2017-07-13,20:00:00,10.1,10.1,10.05,10.1,1581,0
2017-07-13,21:00:00,10.09,10.09,10.072,10.08,1300,0
2017-07-13,22:00:00,10.1,10.1,10.095,10.0989,500,0
2017-07-14,16:00:00,10,10,10,10,235,0
2017-07-14,17:00:00,10.03,10.03,10.02,10.02,200,0
2017-07-14,18:00:00,10.19,10.19,10.19,10.19,935,0
2017-07-14,19:00:00,10.11,10.26,10.11,10.157,788,0
2017-07-14,20:00:00,10.04,10.04,10.04,10.04,100,0
2017-07-14,22:00:00,10.02,10.09,10.01,10.01,500,0
2017-07-17,19:00:00,10.1273,10.1273,10.1273,10.1273,100,0
2017-07-17,20:00:00,10.135,10.135,10.135,10.135,100,0
2017-07-17,21:00:00,10.11,10.19,10.1,10.19,1183,0
2017-07-17,22:00:00,10.18,10.19,10.17,10.18,400,0
2017-07-18,16:00:00,10.22,10.42,10.22,10.42,1143,0
2017-07-18,18:00:00,10.18,10.18,10.18,10.18,100,0
2017-07-18,19:00:00,10.303,10.4367,10.2603,10.2603,867,0
2017-07-18,20:00:00,10.21,10.21,10.15,10.15,1500,0
2017-07-18,21:00:00,10.28,10.31,10.23,10.23,500,0
2017-07-18,22:00:00,10.24,10.24,10.22,10.22,200,0
2017-07-19,18:00:00,10.4276,10.4276,10.4276,10.4276,200,0
2017-07-19,19:00:00,10.42,10.42,10.42,10.42,100,0
2017-07-19,20:00:00,10.352,10.4,10.352,10.4,2550,0
2017-07-19,22:00:00,10.36,10.4,10.36,10.39,6400,0
2017-07-20,16:00:00,10.335,10.335,10.335,10.335,143,0
2017-07-20,17:00:00,10.3204,10.3204,10.3204,10.3204,334,0
2017-07-20,18:00:00,10.35,10.35,10.35,10.35,200,0
2017-07-20,19:00:00,10.41,10.41,10.41,10.41,100,0
2017-07-20,22:00:00,10.29,10.35,10.25,10.35,1410,0
2017-07-21,16:00:00,10.35,10.35,10.35,10.35,100,0
2017-07-21,17:00:00,10.36,10.36,10.29,10.296,1400,0
2017-07-21,18:00:00,10.34,10.34,10.22,10.22,618,0
2017-07-21,22:00:00,10.1901,10.1945,10.1901,10.1945,236,0
2017-07-24,16:00:00,10.25,10.3,10.25,10.3,223,0
2017-07-24,17:00:00,10.44,10.44,10.35,10.39,800,0
2017-07-24,18:00:00,10.38,10.4,10.38,10.39,3400,0
2017-07-24,19:00:00,10.41,10.53,10.41,10.5,2239,0
2017-07-24,20:00:00,10.52,10.64,10.5182,10.64,1500,0
2017-07-24,21:00:00,10.69,10.9957,10.69,10.8569,8370,0
2017-07-24,22:00:00,10.8601,10.8601,10.8601,10.8601,100,0
2017-07-25,16:00:00,10.86,10.9062,10.86,10.9062,1400,0
2017-07-25,17:00:00,10.915,11.0896,10.915,11.0896,1965,0
2017-07-25,18:00:00,11.23,11.4969,11.23,11.4969,498,0
2017-07-25,19:00:00,11.35,11.35,11.31,11.31,300,0
2017-07-25,20:00:00,11.32,11.32,11.3046,11.3046,200,0
2017-07-25,21:00:00,11.26,11.2727,10.83,10.83,2627,0
2017-07-25,22:00:00,10.84,10.8401,10.78,10.78,1593,0
2017-07-26,16:00:00,10.83,10.83,10.83,10.83,266,0
2017-07-26,18:00:00,10.9731,11.07,10.9731,11.07,550,0
2017-07-26,19:00:00,11.19,11.19,11.129,11.129,1100,0
2017-07-26,20:00:00,11.18,11.2656,11.14,11.2501,4380,0
2017-07-26,21:00:00,11.2553,11.2553,11.08,11.08,2644,0
2017-07-26,22:00:00,11.03,11.03,11.02,11.03,1940,0
2017-07-27,16:00:00,11.06,11.1,11.06,11.1,292,0
2017-07-27,18:00:00,11.24,11.2544,11.1977,11.2532,4150,0
2017-07-27,19:00:00,11.29,11.44,11.29,11.4,1650,0
2017-07-27,20:00:00,11.44,11.44,11.22,11.22,400,0
2017-07-27,21:00:00,11.34,11.391,11.315,11.391,754,0
2017-07-27,22:00:00,11.3234,11.3234,11.3234,11.3234,125,0
2017-07-28,16:00:00,11.32,11.32,11.32,11.32,138,0
2017-07-28,17:00:00,11.31,11.34,11.31,11.34,200,0
2017-07-28,18:00:00,11.26,11.26,11.218,11.2292,745,0
2017-07-28,19:00:00,11.1821,11.1821,11.1821,11.1821,250,0
2017-07-28,20:00:00,11.13,11.3158,11.13,11.3158,600,0
2017-07-28,21:00:00,11.27,11.28,11.27,11.28,585,0
2017-07-28,22:00:00,11.26,11.26,11.18,11.2226,1214,0
2017-07-31,16:00:00,11.23,11.29,11.116,11.116,1427,0
2017-07-31,17:00:00,11.07,11.198,11.07,11.198,800,0
2017-07-31,18:00:00,11.0872,11.0872,11.0872,11.0872,500,0
2017-07-31,19:00:00,11.01,11.01,11.01,11.01,400,0
2017-07-31,21:00:00,11.03,11.03,11.03,11.03,300,0
2017-07-31,22:00:00,11.1,11.21,11.1,11.21,200,0
2017-08-01,16:00:00,11.14,11.29,11.086,11.23,6874,0
2017-08-01,17:00:00,11.197,11.2,11.195,11.2,1410,0
2017-08-01,18:00:00,11.244,11.2629,11.244,11.2629,600,0
2017-08-01,20:00:00,11.2953,11.31,11.2953,11.31,250,0
2017-08-01,21:00:00,11.39,11.434,11.39,11.434,1700,0
2017-08-01,22:00:00,11.4973,11.4973,11.47,11.49,600,0
2017-08-02,16:00:00,11.63,11.64,11.29,11.29,4145,0
2017-08-02,17:00:00,11.57,11.69,11.53,11.55,3440,0
2017-08-02,19:00:00,11.61,11.98,11.61,11.9584,7333,0
2017-08-02,20:00:00,11.99,12.612,11.99,12.48,2229,0
2017-08-02,21:00:00,12.51,12.706,12.5,12.6475,4650,0
2017-08-02,22:00:00,12.718,12.98,12.718,12.98,10680,0
2017-08-03,16:00:00,12.79,12.98,12.56,12.726,5605,0
2017-08-03,17:00:00,12.66,12.74,12.3802,12.3802,1400,0
2017-08-03,18:00:00,12.435,12.435,12.419,12.419,200,0
2017-08-03,19:00:00,12.47,12.47,12.41,12.41,1113,0
2017-08-03,20:00:00,12.43,12.43,12.43,12.43,200,0
2017-08-03,21:00:00,12.482,12.482,12.14,12.15,3700,0
2017-08-03,22:00:00,12.0001,12.0954,11.64,11.65,5519,0
2017-08-04,16:00:00,12.21,12.2222,11.7218,12.2,963,0
2017-08-04,17:00:00,11.97,11.97,11.85,11.85,400,0
2017-08-04,18:00:00,11.88,11.88,11.88,11.88,100,0
2017-08-04,19:00:00,11.97,11.997,11.97,11.997,2100,0
2017-08-04,20:00:00,11.9392,11.98,11.9392,11.98,633,0
2017-08-04,21:00:00,11.94,11.98,11.92,11.95,600,0
2017-08-04,22:00:00,11.962,11.99,11.955,11.99,7787,0
2017-08-07,16:00:00,12.7947,12.7947,12.7947,12.7947,100,0
2017-08-07,17:00:00,12.53,12.53,12.0264,12.08,1800,0
2017-08-07,18:00:00,12.13,12.52,12.124,12.5001,3545,0
2017-08-07,19:00:00,12.5,12.52,12.46,12.46,616,0
2017-08-07,20:00:00,12.4,12.4,11.985,11.985,1100,0
2017-08-07,22:00:00,12.08,12.27,12.08,12.27,297,0
2017-08-08,16:00:00,12.21,12.21,12.21,12.21,335,0
2017-08-08,17:00:00,12.41,12.41,12.35,12.35,1700,0
2017-08-08,18:00:00,12.35,12.35,12.35,12.35,100,0
2017-08-08,19:00:00,12.4,12.5,12.36,12.5,5442,0
2017-08-08,20:00:00,12.4625,12.4625,12.33,12.33,3757,0
2017-08-08,22:00:00,12.33,12.33,12.33,12.33,300,0
2017-08-09,16:00:00,11.965,11.965,11.965,11.965,700,0
2017-08-09,17:00:00,11.6919,12.06,11.64,11.86,800,0
2017-08-09,19:00:00,12.1031,12.24,12.07,12.15,4200,0
2017-08-09,20:00:00,12.175,12.175,12,12.11,3338,0
2017-08-09,21:00:00,11.93,11.93,11.93,11.93,100,0
2017-08-09,22:00:00,12.1,12.1175,11.88,11.88,1900,0
2017-08-10,16:00:00,12,12.94,11.64,11.7652,10322,0
2017-08-10,17:00:00,11.76,12.02,11.65,12.0101,3500,0
2017-08-10,18:00:00,12.23,12.23,11.93,11.93,2780,0
2017-08-10,19:00:00,12.13,12.13,12.11,12.11,1600,0
2017-08-10,20:00:00,11.92,11.9775,11.25,11.75,5963,0
2017-08-10,21:00:00,11.62,11.8888,11.3655,11.43,3282,0
2017-08-10,22:00:00,11.44,11.81,11.35,11.53,2405,0
2017-08-11,16:00:00,11.55,12.1181,11.55,11.985,914,0
2017-08-11,17:00:00,11.9235,11.9506,11.55,11.83,5252,0
2017-08-11,18:00:00,11.8174,11.8174,10.04,10.71,9907,0
2017-08-11,19:00:00,10.7672,10.96,10.7,10.76,3153,0
2017-08-11,20:00:00,10.7801,11.1659,10.78,10.965,6561,0
2017-08-11,21:00:00,11.1099,11.1099,10.95,10.982,1289,0
2017-08-11,22:00:00,11.045,11.05,10.76,11.05,1370,0
2017-08-14,16:00:00,10.98,11.04,10.98,11.04,410,0
2017-08-14,17:00:00,10.98,11.2104,10.98,11.2104,8602,0
2017-08-14,18:00:00,11.22,11.22,11.22,11.22,1000,0
2017-08-14,20:00:00,11.465,11.465,11.465,11.465,1000,0
2017-08-14,21:00:00,11.31,11.31,11.27,11.27,200,0
2017-08-14,22:00:00,11.32,11.32,11.29,11.29,232,0
2017-08-15,16:00:00,11.34,11.42,11.33,11.33,1734,0
2017-08-15,17:00:00,11.25,11.27,11.126,11.27,1492,0
2017-08-15,18:00:00,10.7714,11.1238,10.7714,11.1238,800,0
2017-08-15,21:00:00,11.01,11.01,10.14,10.21,16506,0
2017-08-15,22:00:00,10.86,10.86,10.23,10.25,3693,0
2017-08-16,16:00:00,10.38,11.11,10.38,11,2686,0
2017-08-16,17:00:00,10.75,10.76,10.51,10.51,1796,0
2017-08-16,18:00:00,10.6708,10.7612,10.6,10.6,1867,0
2017-08-16,19:00:00,10.47,10.47,10.47,10.47,100,0
2017-08-16,20:00:00,10.6,10.6,10.5461,10.5461,500,0
2017-08-16,21:00:00,10.57,10.57,10.41,10.41,2300,0
2017-08-16,22:00:00,10.43,10.43,10.32,10.32,800,0
2017-08-17,16:00:00,10.3,10.3,10.3,10.3,410,0
2017-08-17,17:00:00,10.37,10.39,10.37,10.39,400,0
2017-08-17,18:00:00,10.22,10.3098,10.0801,10.3098,2156,0
2017-08-17,19:00:00,10.2665,10.2665,10.2665,10.2665,200,0
2017-08-17,21:00:00,10.24,10.24,10.17,10.17,1000,0
2017-08-17,22:00:00,10.14,10.16,10.1,10.1,1500,0
2017-08-18,16:00:00,10.0701,10.0701,10.06,10.06,200,0
2017-08-18,17:00:00,10.6005,10.6005,10.15,10.15,700,0
2017-08-18,19:00:00,10.26,10.26,10.11,10.11,1300,0
2017-08-18,20:00:00,10.1,10.1001,9.94,9.94,1850,0
2017-08-18,22:00:00,10,10.0155,9.85,9.88,7234,0
2017-08-21,16:00:00,9.76,9.83,9.76,9.83,349,0
2017-08-21,17:00:00,9.7762,9.8,9.55,9.6637,2200,0
2017-08-21,18:00:00,9.72,9.72,9.72,9.72,166,0
2017-08-21,19:00:00,9.695,9.8,9.695,9.8,1254,0
2017-08-21,20:00:00,9.8,9.85,9.8,9.85,300,0
2017-08-21,21:00:00,9.85,10,9.85,10,200,0
2017-08-21,22:00:00,10,10,9.89,9.93,549,0
2017-08-22,16:00:00,9.86,9.86,9.86,9.86,117,0
2017-08-22,17:00:00,9.89,9.89,9.68,9.68,1500,0
2017-08-22,18:00:00,9.7989,9.7989,9.79,9.79,200,0
2017-08-22,21:00:00,9.79,9.81,9.71,9.71,500,0
2017-08-22,22:00:00,9.7435,9.7435,9.66,9.66,2807,0
2017-08-23,17:00:00,9.67,9.69,9.6695,9.6695,1000,0
2017-08-23,19:00:00,9.65,9.67,9.58,9.67,3700,0
2017-08-23,20:00:00,9.67,9.67,9.67,9.67,400,0
2017-08-23,21:00:00,9.8146,9.8146,9.81,9.81,240,0
2017-08-23,22:00:00,9.81,9.8945,9.76,9.76,1585,0
2017-08-24,16:00:00,9.85,9.85,9.54,9.696,760,0
2017-08-24,17:00:00,9.76,9.91,9.76,9.91,200,0
2017-08-24,18:00:00,9.56,9.56,9.56,9.56,100,0
2017-08-24,19:00:00,9.8132,9.8132,9.75,9.75,200,0
2017-08-24,20:00:00,9.8,9.8,9.79,9.8,500,0
2017-08-24,21:00:00,9.78,9.78,9.78,9.78,100,0
2017-08-24,22:00:00,9.87,9.9,9.71,9.89,1220,0
2017-08-25,16:00:00,9.95,9.95,9.8214,9.8214,1300,0
2017-08-25,17:00:00,9.79,9.79,9.75,9.75,200,0
2017-08-25,20:00:00,9.95,9.95,9.95,9.95,575,0
2017-08-25,21:00:00,9.8282,9.8282,9.815,9.815,300,0
2017-08-25,22:00:00,9.79,9.8799,9.79,9.8799,900,0
2017-08-28,16:00:00,9.95,9.9501,9.9,9.9501,700,0
2017-08-28,17:00:00,9.92,10.46,9.85,10.46,942,0
2017-08-28,18:00:00,10.1478,10.1478,10.1478,10.1478,100,0
2017-08-28,19:00:00,10.2953,10.2953,10.15,10.15,500,0
2017-08-28,20:00:00,10.122,10.205,10.01,10.01,901,0
2017-08-28,22:00:00,10.01,10.01,10.01,10.01,100,0
2017-08-29,17:00:00,10.0301,10.0301,9.85,10,908,0
2017-08-29,18:00:00,9.8781,9.95,9.8,9.95,5450,0
2017-08-29,19:00:00,9.95,10.1346,9.95,10.1346,2909,0
2017-08-29,20:00:00,10.285,10.285,10.285,10.285,200,0
2017-08-29,21:00:00,10.2,10.2,10.2,10.2,100,0
2017-08-29,22:00:00,10.23,10.27,10.23,10.27,1209,0
2017-08-30,20:00:00,10.2,10.32,10.2,10.32,200,0
2017-08-30,21:00:00,10.4,10.45,10.38,10.45,1200,0
2017-08-30,22:00:00,10.4,10.4,10.14,10.35,600,0
2017-08-31,17:00:00,10.4004,10.4004,10.4004,10.4004,300,0
2017-08-31,18:00:00,10.36,10.5,10.36,10.5,802,0
2017-08-31,19:00:00,10.5899,10.5899,10.5817,10.5817,311,0
2017-08-31,20:00:00,10.59,10.59,10.53,10.53,400,0
2017-08-31,21:00:00,10.5599,10.58,10.5599,10.5772,1178,0
2017-08-31,22:00:00,10.56,10.58,10.56,10.5655,818,0
2017-09-01,18:00:00,10.37,10.37,10.2601,10.365,711,0
2017-09-01,19:00:00,10.31,10.31,10.3,10.3063,1700,0
2017-09-01,20:00:00,10.3896,10.3896,10.3896,10.3896,100,0
2017-09-01,22:00:00,10.39,10.47,10.39,10.39,337,0
2017-09-05,16:00:00,10.355,10.355,10.355,10.355,300,0
2017-09-05,17:00:00,10.48,10.48,10.4,10.4463,600,0
2017-09-05,18:00:00,10.328,10.328,10.328,10.328,200,0
2017-09-05,19:00:00,10.342,10.342,10.342,10.342,190,0
2017-09-05,21:00:00,10.3545,10.3545,10.3545,10.3545,100,0
2017-09-05,22:00:00,10.42,10.42,10.42,10.42,100,0
2017-09-06,16:00:00,10.45,10.5412,10.45,10.5412,212,0
2017-09-06,17:00:00,10.49,10.5,10.49,10.5,200,0
2017-09-06,18:00:00,10.51,10.51,10.51,10.51,100,0
2017-09-06,19:00:00,10.536,10.536,10.5,10.5,500,0
2017-09-06,21:00:00,10.563,10.5649,10.56,10.56,2631,0
2017-09-06,22:00:00,10.47,10.51,10.47,10.51,200,0
2017-09-07,17:00:00,10.37,10.4,10.37,10.4,200,0
2017-09-07,19:00:00,10.48,10.48,10.48,10.48,100,0
2017-09-07,21:00:00,10.48,10.48,10.48,10.48,100,0
2017-09-07,22:00:00,10.53,10.53,10.53,10.53,200,0
2017-09-08,18:00:00,10.38,10.38,10.38,10.38,334,0
2017-09-08,19:00:00,10.3025,10.3025,10.26,10.278,1126,0
2017-09-08,21:00:00,10.3,10.3,10.3,10.3,100,0
2017-09-08,22:00:00,10.43,10.45,10.43,10.45,211,0
2017-09-12,16:00:00,10.5,10.58,10.5,10.58,696,0
2017-09-12,22:00:00,10.59,10.65,10.58,10.6,3001,0
2017-09-13,17:00:00,10.395,10.395,10.25,10.25,900,0
2017-09-13,19:00:00,10.37,10.6,10.37,10.56,8603,0
2017-09-13,20:00:00,10.57,10.7551,10.27,10.5,18894,0
2017-09-13,21:00:00,10.45,10.65,10.385,10.59,3200,0
2017-09-13,22:00:00,10.6377,10.74,10.6377,10.74,900,0
2017-09-14,16:00:00,10.79,11.17,10.79,11.08,19916,0
2017-09-14,17:00:00,11.16,11.16,11,11.0533,2281,0
2017-09-14,18:00:00,11.0508,11.0508,10.75,10.77,8400,0
2017-09-14,19:00:00,10.78,10.78,10.65,10.65,1645,0
2017-09-14,20:00:00,10.6644,10.6644,10.65,10.66,1200,0
2017-09-14,21:00:00,10.68,10.69,10.36,10.36,2085,0
2017-09-14,22:00:00,10.5292,10.7,10.38,10.69,13280,0
2017-09-15,16:00:00,10.55,10.9254,10.5032,10.72,9555,0
2017-09-15,18:00:00,10.72,10.72,10.45,10.54,700,0
2017-09-15,19:00:00,10.6,10.6,10.6,10.6,150,0
2017-09-15,22:00:00,10.6731,10.7,10.64,10.7,4209,0
2017-09-18,16:00:00,10.58,10.58,10.58,10.58,700,0
2017-09-18,17:00:00,10.71,10.74,10.71,10.71,1100,0
2017-09-18,18:00:00,10.5,10.755,10.33,10.75,11260,0
2017-09-18,19:00:00,10.84,10.9167,10.84,10.9167,767,0
2017-09-18,20:00:00,10.98,11.3,10.824,10.837,9932,0
2017-09-18,21:00:00,10.9213,10.9213,10.9213,10.9213,200,0
2017-09-18,22:00:00,10.95,11.06,10.95,11.06,200,0
2017-09-19,16:00:00,10.98,11.21,10.8862,11.01,3056,0
2017-09-19,17:00:00,10.97,10.97,10.85,10.85,300,0
2017-09-19,18:00:00,10.9,10.94,10.8501,10.904,1398,0
2017-09-19,19:00:00,10.94,10.99,10.9,10.99,1000,0
2017-09-19,20:00:00,11,11.19,10.95,10.95,2850,0
2017-09-19,21:00:00,10.93,11.1,10.93,11.1,2400,0
2017-09-19,22:00:00,11.1,11.1,10.91,10.91,3224,0
2017-09-20,16:00:00,10.87,11.16,10.87,11.16,807,0
2017-09-20,17:00:00,10.7279,10.78,10.7279,10.78,5130,0
2017-09-20,18:00:00,10.75,10.75,10.75,10.75,200,0
2017-09-20,20:00:00,10.87,10.87,10.82,10.82,1800,0
2017-09-20,21:00:00,10.8,10.93,10.79,10.93,1178,0
2017-09-20,22:00:00,10.97,10.97,10.76,10.77,694,0
2017-09-21,16:00:00,10.64,10.64,10.64,10.64,730,0
2017-09-21,17:00:00,10.83,10.83,10.79,10.8,400,0
2017-09-21,18:00:00,10.9297,10.9297,10.9297,10.9297,100,0
2017-09-21,19:00:00,10.97,10.97,10.97,10.97,300,0
2017-09-21,22:00:00,10.82,10.99,10.69,10.98,2000,0
2017-09-22,16:00:00,10.84,10.84,10.84,10.84,178,0
2017-09-22,18:00:00,10.8852,10.9292,10.8852,10.9168,509,0
2017-09-22,21:00:00,10.94,10.94,10.94,10.94,502,0
2017-09-22,22:00:00,10.909,10.91,10.9,10.9,800,0
2017-09-25,16:00:00,10.85,10.85,10.81,10.81,838,0
2017-09-25,17:00:00,10.78,10.8966,10.78,10.8966,462,0
2017-09-25,18:00:00,10.88,10.89,10.88,10.89,200,0
2017-09-25,19:00:00,10.8966,10.8966,10.89,10.89,200,0
2017-09-25,20:00:00,10.8961,10.8961,10.8961,10.8961,100,0
2017-09-25,21:00:00,10.9,10.9,10.89,10.89,200,0
2017-09-25,22:00:00,10.89,11.01,10.89,10.9,5315,0
2017-09-26,16:00:00,10.94,11.1384,10.94,11.1384,1377,0
2017-09-26,17:00:00,11.15,11.29,11.15,11.175,3219,0
2017-09-26,18:00:00,11.24,11.29,11.2035,11.2035,3350,0
2017-09-26,19:00:00,11.5127,11.5127,11.25,11.25,220,0
2017-09-26,20:00:00,11.47,11.47,11.411,11.45,320,0
2017-09-26,21:00:00,11.46,11.46,11.46,11.46,400,0
2017-09-26,22:00:00,11.3235,11.33,11.32,11.32,2306,0
2017-09-27,16:00:00,11.23,11.2383,11.2148,11.2383,2550,0
2017-09-27,17:00:00,11.19,11.19,11.12,11.12,200,0
2017-09-27,18:00:00,11.0943,11.4948,11.0943,11.29,1607,0
2017-09-27,19:00:00,11.439,11.439,11.439,11.439,100,0
2017-09-27,20:00:00,11.4306,11.59,11.4306,11.48,1243,0
2017-09-27,22:00:00,11.48,11.55,11.41,11.55,1000,0
2017-09-28,16:00:00,11.59,11.72,11.5204,11.72,2870,0
2017-09-28,17:00:00,11.61,11.9396,11.61,11.91,5450,0
2017-09-28,18:00:00,11.87,11.895,11.87,11.87,500,0
2017-09-28,20:00:00,11.92,11.92,11.9,11.9,200,0
2017-09-28,22:00:00,11.809,11.99,11.809,11.99,3036,0
2017-09-29,16:00:00,11.78,11.98,11.78,11.9507,1200,0
2017-09-29,17:00:00,11.9,12,11.9,12,900,0
2017-09-29,18:00:00,12.06,12.17,12.06,12.131,570,0
2017-09-29,19:00:00,12.18,12.39,12.18,12.39,4680,0
2017-09-29,20:00:00,12.4,12.4,12.39,12.39,1700,0
2017-09-29,22:00:00,12.38,12.38,12.3614,12.3614,700,0
2017-10-02,16:00:00,12.19,12.23,12.0011,12.0077,1730,0
2017-10-02,17:00:00,12.0908,12.1,12.0908,12.1,1200,0
2017-10-02,18:00:00,12.04,12.04,11.792,11.792,4008,0
2017-10-02,19:00:00,11.81,11.88,11.81,11.84,1050,0
2017-10-02,21:00:00,11.8837,11.8837,11.8837,11.8837,107,0
2017-10-02,22:00:00,11.8348,11.8348,11.712,11.81,3457,0
2017-10-03,16:00:00,11.7,11.75,11.7,11.75,1118,0
2017-10-03,17:00:00,11.88,11.9,11.8184,11.82,795,0
2017-10-03,18:00:00,11.81,11.81,11.81,11.81,100,0
2017-10-03,19:00:00,11.79,11.79,11.79,11.79,100,0
2017-10-03,20:00:00,11.771,11.771,11.771,11.771,310,0
2017-10-03,21:00:00,11.78,12.1203,11.76,12,3389,0
2017-10-03,22:00:00,11.92,11.92,11.63,11.63,700,0
2017-10-04,16:00:00,11.66,11.66,11.66,11.66,700,0
2017-10-04,17:00:00,12.07,12.07,11.8868,11.8868,630,0
2017-10-04,18:00:00,11.8064,11.8064,11.8064,11.8064,500,0
2017-10-04,21:00:00,11.8467,11.99,11.8467,11.99,568,0
2017-10-04,22:00:00,12.09,12.09,12,12,350,0
2017-10-05,16:00:00,11.83,11.83,11.83,11.83,1486,0
2017-10-05,17:00:00,11.82,11.82,11.82,11.82,300,0
2017-10-05,19:00:00,11.82,11.89,11.7529,11.89,1200,0
2017-10-05,20:00:00,11.935,11.935,11.88,11.88,200,0
2017-10-05,22:00:00,11.76,11.925,11.76,11.76,1300,0
2017-10-06,16:00:00,11.574,11.783,11.574,11.783,950,0
2017-10-06,17:00:00,11.78,11.86,11.61,11.71,7267,0
2017-10-06,18:00:00,11.7,12.1207,11.6522,11.88,19415,0
2017-10-06,21:00:00,11.7776,11.8339,11.7776,11.8192,400,0
2017-10-06,22:00:00,11.87,11.99,11.8,11.8,2700,0
2017-10-09,16:00:00,11.79,12,11.79,12,1513,0
2017-10-09,17:00:00,12.17,12.24,12.1,12.1,1263,0
2017-10-09,18:00:00,11.89,11.98,11.89,11.98,200,0
2017-10-09,19:00:00,12.0712,12.13,12.0712,12.1234,800,0
2017-10-09,20:00:00,12.17,12.22,12.135,12.2,2430,0
2017-10-09,21:00:00,12.2,12.2,12.2,12.2,800,0
2017-10-09,22:00:00,12.22,12.22,12,12.01,2738,0
2017-10-10,16:00:00,11.91,11.91,11.91,11.91,700,0
2017-10-10,17:00:00,12.14,12.3,12.14,12.19,7295,0
2017-10-10,19:00:00,12.03,12.03,12.02,12.02,300,0
2017-10-10,20:00:00,11.98,11.98,11.95,11.95,1400,0
2017-10-10,22:00:00,11.965,12.01,11.94,11.94,5066,0
2017-10-11,16:00:00,11.95,11.95,11.95,11.95,335,0
2017-10-11,17:00:00,11.98,12,11.98,12,949,0
2017-10-11,18:00:00,12.0404,12.1478,12.04,12.1478,710,0
2017-10-11,19:00:00,12.1457,12.2,12.13,12.2,1820,0
2017-10-11,20:00:00,12.174,12.2,12.16,12.16,2235,0
2017-10-11,21:00:00,12.16,12.16,12.15,12.1595,1634,0
2017-10-11,22:00:00,12.16,12.16,12.1,12.15,562,0
2017-10-12,16:00:00,12,12,12,12,400,0
2017-10-12,20:00:00,12.1792,12.19,12.15,12.19,600,0
2017-10-12,21:00:00,12.1999,12.4117,12.1999,12.3,5765,0
2017-10-12,22:00:00,12.21,12.29,12.2,12.29,1174,0
2017-10-13,17:00:00,12.3596,12.3596,12.3596,12.3596,400,0
2017-10-13,18:00:00,12.2976,12.2976,12.25,12.25,600,0
2017-10-13,19:00:00,12.3,12.3,12.3,12.3,100,0
2017-10-13,20:00:00,12.251,12.251,12.251,12.251,300,0
2017-10-13,21:00:00,12.25,12.25,12.25,12.25,200,0
2017-10-13,22:00:00,12.2941,12.39,12.252,12.37,2294,0
2017-10-16,17:00:00,12.325,12.38,12.325,12.38,250,0
2017-10-16,18:00:00,12.48,12.5,12.48,12.5,911,0
2017-10-16,19:00:00,12.675,12.73,12.6568,12.675,1950,0
2017-10-16,20:00:00,12.685,12.685,12.685,12.685,100,0
2017-10-16,21:00:00,12.62,12.655,12.415,12.5297,1275,0
2017-10-16,22:00:00,12.54,12.74,12.53,12.74,995,0
2017-10-17,16:00:00,12.39,12.39,12.261,12.36,475,0
2017-10-17,18:00:00,12.74,12.74,12.74,12.74,1000,0
2017-10-17,19:00:00,12.74,12.74,12.72,12.74,1778,0
2017-10-17,20:00:00,12.74,13.14,12.74,12.9495,2664,0
2017-10-17,21:00:00,13.05,13.1,13.03,13.1,2892,0
2017-10-17,22:00:00,13.164,13.164,13.03,13.11,1576,0
2017-10-18,16:00:00,13.117,13.117,13.117,13.117,300,0
2017-10-18,17:00:00,13.1152,13.1152,13.081,13.081,680,0
2017-10-18,18:00:00,13.13,13.15,13.1,13.15,1134,0
2017-10-18,19:00:00,13.2192,13.42,13.12,13.42,5638,0
2017-10-18,20:00:00,13.483,13.5,13.481,13.5,3318,0
2017-10-18,21:00:00,13.61,13.61,13.4001,13.54,1449,0
2017-10-18,22:00:00,13.49,13.51,13.42,13.49,720,0
2017-10-19,17:00:00,13.43,13.45,13.4,13.44,997,0
2017-10-19,19:00:00,13.339,13.34,13.339,13.34,429,0
2017-10-19,22:00:00,13.2906,13.2906,12.768,12.79,5006,0
2017-10-20,16:00:00,13.12,13.12,13.12,13.12,703,0
2017-10-20,17:00:00,13.075,13.25,13.075,13.173,1654,0
2017-10-20,18:00:00,13.09,13.1099,13.02,13.1099,1950,0
2017-10-20,20:00:00,13.08,13.08,12.95,13.08,400,0
2017-10-20,21:00:00,13.02,13.13,13.02,13.13,500,0
2017-10-20,22:00:00,13.0169,13.21,12.96,13.2,1791,0
2017-10-23,16:00:00,13.29,13.29,12.98,13.213,2308,0
2017-10-23,17:00:00,13.114,13.114,13.075,13.075,409,0
2017-10-23,18:00:00,12.98,12.98,12.97,12.97,200,0
2017-10-23,19:00:00,12.91,12.91,12.91,12.91,100,0
2017-10-23,20:00:00,12.878,12.8814,12.7919,12.8261,3700,0
2017-10-23,21:00:00,12.76,13.075,12.76,12.8853,625,0
2017-10-23,22:00:00,12.9672,13.29,12.9672,13.29,795,0
2017-10-24,17:00:00,13.3,13.3,13,13,1000,0
2017-10-24,18:00:00,13.1,13.1,13.06,13.06,500,0
2017-10-24,19:00:00,13.11,13.1152,13.11,13.1152,357,0
2017-10-24,20:00:00,13.12,13.1801,13.12,13.15,6000,0
2017-10-24,21:00:00,12.77,13.1287,12.77,13.1287,1400,0
2017-10-24,22:00:00,13.14,13.15,13.14,13.15,599,0
2017-10-25,16:00:00,13.25,13.25,13.25,13.25,301,0
2017-10-25,18:00:00,13.33,13.337,13.26,13.31,2166,0
2017-10-25,19:00:00,13.27,13.3204,13.27,13.3204,1200,0
2017-10-25,20:00:00,13.36,13.3798,13.26,13.27,2939,0
2017-10-25,22:00:00,13.33,13.354,13.3,13.3,500,0
2017-10-26,16:00:00,13.24,13.24,13.24,13.24,400,0
2017-10-26,18:00:00,13.4,13.4,13.2,13.2,1400,0
2017-10-26,19:00:00,13.1584,13.185,13.0677,13.0677,2260,0
2017-10-26,20:00:00,13,13.0001,13,13.0001,2000,0
2017-10-26,22:00:00,13.07,13.21,13.07,13.21,1682,0
2017-10-27,17:00:00,13.15,13.15,13.15,13.15,100,0
2017-10-27,18:00:00,13.0746,13.0746,13.0746,13.0746,663,0
2017-10-27,19:00:00,13.07,13.1,13.01,13.1,1635,0
2017-10-27,20:00:00,13.14,13.16,13.14,13.16,200,0
2017-10-27,22:00:00,13.17,13.17,13.0303,13.0303,3066,0
2017-10-30,15:00:00,13.01,13.049,13,13.0093,1400,0
2017-10-30,16:00:00,12.7783,12.99,12.39,12.99,2236,0
2017-10-30,17:00:00,12.92,13.0483,12.6497,13.0483,2000,0
2017-10-30,20:00:00,12.88,12.88,12.86,12.86,400,0
2017-10-30,21:00:00,12.8109,12.8109,12.79,12.79,300,0
2017-10-31,15:00:00,12.95,12.95,12.95,12.95,100,0
2017-10-31,20:00:00,12.71,12.71,12.71,12.71,152,0
2017-10-31,21:00:00,12.74,12.74,12.73,12.73,300,0
2017-11-01,16:00:00,12.85,12.92,12.85,12.92,200,0
2017-11-01,17:00:00,12.9799,12.9799,12.9799,12.9799,350,0
2017-11-01,18:00:00,12.94,13.16,12.94,13.11,3640,0
2017-11-01,19:00:00,13.2,13.2,13.2,13.2,100,0
2017-11-01,21:00:00,13.2,13.21,13.2,13.2087,700,0
2017-11-02,17:00:00,13.21,13.25,13.01,13.01,1550,0
2017-11-02,19:00:00,13.1272,13.1272,13.1272,13.1272,200,0
2017-11-02,21:00:00,12.99,12.99,12.7231,12.88,922,0
2017-11-03,16:00:00,13.15,13.195,13.055,13.055,600,0
2017-11-03,18:00:00,13.13,13.1899,13.13,13.1899,604,0
2017-11-03,19:00:00,13.14,13.14,13.14,13.14,600,0
2017-11-03,20:00:00,13.12,13.12,13.12,13.12,145,0
2017-11-03,21:00:00,13.12,13.138,13.11,13.138,603,0
2017-11-06,16:00:00,13.14,13.21,13.1,13.1,1509,0
2017-11-06,18:00:00,13.15,13.15,13.13,13.14,1050,0
2017-11-06,19:00:00,13.08,13.091,13.06,13.06,300,0
2017-11-06,20:00:00,13.1382,13.1382,13.1382,13.1382,765,0
2017-11-06,21:00:00,13.07,13.14,12.834,13.0473,1025,0
2017-11-06,22:00:00,13.11,13.15,12.8501,13.14,2593,0
2017-11-07,16:00:00,13,13.001,13,13.001,1100,0
2017-11-07,17:00:00,13.05,13.05,13.05,13.05,100,0
2017-11-07,18:00:00,13,13,12.99,12.99,9004,0
2017-11-07,19:00:00,12.99,13,12.99,12.995,1800,0
2017-11-07,20:00:00,12.99,12.99,12.99,12.99,100,0
2017-11-07,22:00:00,12.99,12.99,12.99,12.99,100,0
2017-11-08,16:00:00,13.05,13.05,13.05,13.05,100,0
2017-11-08,18:00:00,13,13,13,13,351,0
2017-11-08,20:00:00,13.0099,13.0099,13.0099,13.0099,300,0
2017-11-08,21:00:00,13.0099,13.02,13.0099,13.02,638,0
2017-11-08,22:00:00,13.0199,13.125,13.0199,13.07,2894,0
2017-11-09,17:00:00,13.23,13.5,13.23,13.5,995,0
2017-11-09,18:00:00,13.43,13.4653,13.43,13.4653,300,0
2017-11-09,19:00:00,13.5389,13.57,13.4144,13.4144,1786,0
2017-11-09,20:00:00,13.5081,13.5081,13.5081,13.5081,200,0
2017-11-09,21:00:00,13.4976,13.4976,13.4976,13.4976,1000,0
2017-11-09,22:00:00,13.55,13.6,13.4508,13.546,4465,0
2017-11-10,16:00:00,13.7,13.7,13.69,13.69,439,0
2017-11-10,17:00:00,13.66,13.89,13.66,13.89,620,0
2017-11-10,18:00:00,13.9,13.98,13.9,13.98,1001,0
2017-11-10,19:00:00,14,14,14,14,400,0
2017-11-10,20:00:00,14.199,14.5,14.1707,14.5,3515,0
2017-11-10,21:00:00,14.5,14.8,14.5,14.67,2759,0
2017-11-10,22:00:00,14.78,14.78,14.35,14.35,2434,0
2017-11-13,16:00:00,14.53,14.53,14.21,14.21,1084,0
2017-11-13,17:00:00,14.21,14.21,14.21,14.21,300,0
2017-11-13,18:00:00,14.37,14.385,14.37,14.385,1200,0
2017-11-13,19:00:00,14.3,14.3,14.3,14.3,100,0
2017-11-13,20:00:00,14.4022,14.4022,14.37,14.37,209,0
2017-11-13,21:00:00,14.3648,14.3648,13.961,13.961,1559,0
2017-11-13,22:00:00,13.99,14,13.72,13.8563,2850,0
2017-11-14,16:00:00,14.4,14.4,14.35,14.385,700,0
2017-11-14,17:00:00,14.0999,14.2,14.03,14.1619,3906,0
2017-11-14,18:00:00,14.4,14.7632,14.4,14.71,3050,0
2017-11-14,19:00:00,14.6153,14.6153,14.6153,14.6153,200,0
2017-11-14,20:00:00,14.6145,14.6145,14.5923,14.5923,400,0
2017-11-14,21:00:00,14.6,14.6,14.6,14.6,855,0
2017-11-14,22:00:00,14.54,14.6611,14.54,14.6611,1467,0
2017-11-15,17:00:00,14.518,14.518,14.518,14.518,701,0
2017-11-15,18:00:00,14.518,14.518,14.518,14.518,300,0
2017-11-15,20:00:00,14.515,14.515,14.515,14.515,250,0
2017-11-15,21:00:00,14.508,14.57,14.508,14.57,267,0
2017-11-15,22:00:00,14.4339,14.539,14.4339,14.539,1289,0
2017-11-16,18:00:00,14.532,14.532,14.532,14.532,649,0
2017-11-16,22:00:00,14.54,14.57,14.54,14.57,467,0
2017-11-17,18:00:00,14.6,14.69,14.5699,14.61,650,0
2017-11-17,19:00:00,14.69,14.7,14.64,14.69,2310,0
2017-11-17,20:00:00,14.7,14.7,14.7,14.7,100,0
2017-11-17,21:00:00,14.6566,14.6566,14.62,14.62,800,0
2017-11-17,22:00:00,14.7,14.7,14.69,14.7,5943,0
2017-11-20,16:00:00,14.7,14.7,14.7,14.7,1827,0
2017-11-20,17:00:00,14.86,14.87,14.85,14.85,1090,0
2017-11-20,18:00:00,14.675,14.675,14.675,14.675,200,0
2017-11-20,19:00:00,14.839,14.839,14.839,14.839,135,0
2017-11-20,20:00:00,14.68,14.68,14.68,14.68,729,0
2017-11-20,21:00:00,14.695,14.695,14.695,14.695,100,0
2017-11-20,22:00:00,14.75,14.8,14.6953,14.77,641,0
2017-11-21,16:00:00,14.8,14.88,14.8,14.88,814,0
2017-11-21,17:00:00,14.88,14.925,14.8062,14.8062,2780,0
2017-11-21,19:00:00,14.92,14.97,14.91,14.935,2008,0
2017-11-21,20:00:00,14.9,14.9,14.83,14.85,367,0
2017-11-21,22:00:00,14.858,14.858,14.858,14.858,100,0
2017-11-22,16:00:00,14.94,14.961,14.9,14.9,1462,0
2017-11-22,17:00:00,14.85,14.86,14.85,14.86,900,0
2017-11-22,18:00:00,14.85,14.86,14.8,14.86,1350,0
2017-11-22,20:00:00,14.89,14.9,14.89,14.9,800,0
2017-11-22,21:00:00,14.9,14.91,14.5119,14.5119,7202,0
2017-11-24,18:00:00,14.3851,14.3851,14.3851,14.3851,100,0
2017-11-27,16:00:00,14.5,14.5,14.5,14.5,300,0
2017-11-27,19:00:00,14.29,14.62,14.13,14.62,1440,0
2017-11-27,22:00:00,14.81,14.95,14.81,14.95,260,0
2017-11-28,16:00:00,15.01,15.08,15.01,15.08,950,0
2017-11-28,17:00:00,15.05,15.06,14.61,14.8301,2202,0
2017-11-28,19:00:00,14.8801,14.8927,14.8041,14.8041,1350,0
2017-11-28,21:00:00,14.75,14.75,14.75,14.75,100,0
2017-11-28,22:00:00,14.72,14.72,14.72,14.72,400,0
2017-11-29,16:00:00,14.64,14.64,14.64,14.64,167,0
2017-11-29,17:00:00,14.487,14.4892,14.487,14.4892,200,0
2017-11-29,19:00:00,14.47,14.47,14.47,14.47,200,0
2017-11-29,20:00:00,14.42,14.42,14.42,14.42,100,0
2017-11-29,21:00:00,14.5604,14.5604,14.5604,14.5604,100,0
2017-11-29,22:00:00,14.7,14.7,14.66,14.68,601,0
2017-11-30,16:00:00,14.68,14.7,14.68,14.7,202,0
2017-11-30,17:00:00,14.4653,14.5,14.4653,14.5,617,0
2017-11-30,18:00:00,14.6501,14.6501,14.6501,14.6501,1150,0
2017-11-30,19:00:00,14.65,14.67,14.65,14.67,417,0
2017-11-30,20:00:00,14.65,14.65,14.38,14.38,800,0
2017-11-30,21:00:00,14.6,14.6,14.6,14.6,100,0
2017-11-30,22:00:00,14.43,14.6,14.43,14.5899,2651,0
2017-12-01,16:00:00,14.7084,14.7084,14.7084,14.7084,100,0
2017-12-01,18:00:00,14.765,14.79,14.7,14.7294,4814,0
2017-12-01,19:00:00,14.6299,14.84,14.6099,14.84,700,0
2017-12-01,20:00:00,14.875,14.8888,14.875,14.8888,220,0
2017-12-01,21:00:00,14.98,14.98,14.98,14.98,100,0
2017-12-04,16:00:00,14.84,15.32,14.82,14.82,328,0
2017-12-04,17:00:00,15.15,15.15,15.1,15.1,300,0
2017-12-04,19:00:00,15.14,15.14,15.14,15.14,300,0
2017-12-04,20:00:00,15.14,15.14,15.07,15.14,630,0
2017-12-04,22:00:00,15.0001,15.01,14.9039,14.9039,1005,0
2017-12-05,16:00:00,15,15,14.9915,14.9915,500,0
2017-12-05,17:00:00,14.97,15.06,14.97,15.06,1775,0
2017-12-05,18:00:00,15,15.0198,15,15.005,770,0
2017-12-05,20:00:00,14.99,15.02,14.98,15.02,355,0
2017-12-05,21:00:00,15.03,15.03,14.9901,15.03,750,0
2017-12-05,22:00:00,15.005,15.005,14.5183,14.86,5320,0
2017-12-06,16:00:00,14.94,15.1343,14.94,15.1343,383,0
2017-12-06,17:00:00,15.04,15.235,14.88,15.05,6940,0
2017-12-06,18:00:00,14.92,14.93,14.59,14.59,1000,0
2017-12-06,19:00:00,14.93,15,14.93,15,200,0
2017-12-06,21:00:00,14.83,14.95,14.83,14.92,1370,0
2017-12-06,22:00:00,14.86,14.86,14.86,14.86,939,0
