Date,Time,Open,High,Low,Close,Volume,OpenInt
2016-11-17,17:00:00,2.92,3.1499,2.92,2.95,4900,0
2016-11-17,21:00:00,2.95,2.95,2.95,2.95,100,0
2016-11-17,22:00:00,2.9292,2.96,2.9292,2.96,3086,0
2016-11-18,16:00:00,2.864,2.864,2.864,2.864,680,0
2016-11-18,20:00:00,2.91,2.91,2.8912,2.905,600,0
2016-11-18,21:00:00,2.905,2.905,2.905,2.905,100,0
2016-11-18,22:00:00,2.88,2.93,2.88,2.93,1700,0
2016-11-21,16:00:00,2.75,2.75,2.75,2.75,686,0
2016-11-21,18:00:00,2.9972,2.9972,2.9972,2.9972,500,0
2016-11-21,21:00:00,2.79,2.8777,2.79,2.8777,736,0
2016-11-21,22:00:00,2.8775,2.95,2.8,2.81,1808,0
2016-11-22,16:00:00,2.85,2.89,2.85,2.89,400,0
2016-11-22,17:00:00,2.8735,2.9,2.86,2.86,800,0
2016-11-22,20:00:00,3,3,3,3,100,0
2016-11-23,16:00:00,2.9985,3,2.99,2.99,1600,0
2016-11-23,18:00:00,3,3.0192,3,3,900,0
2016-11-23,19:00:00,3.014,3.014,3,3,600,0
2016-11-23,20:00:00,3,3,3,3,200,0
2016-11-23,21:00:00,3.0115,3.0115,3,3,500,0
2016-11-25,17:00:00,3.1,3.1,3.1,3.1,1360,0
2016-11-25,19:00:00,2.99,2.99,2.99,2.99,100,0
2016-11-29,17:00:00,2.76,2.76,2.76,2.76,350,0
2016-11-29,18:00:00,2.77,2.9,2.77,2.9,1100,0
2016-11-29,19:00:00,2.8758,2.8758,2.8758,2.8758,500,0
2016-11-29,20:00:00,2.86,2.86,2.86,2.86,260,0
2016-11-29,22:00:00,2.86,2.89,2.86,2.89,400,0
2016-11-30,16:00:00,2.81,2.814,2.8,2.814,2201,0
2016-11-30,17:00:00,2.85,2.86,2.835,2.835,1787,0
2016-11-30,20:00:00,2.83,2.83,2.83,2.83,204,0
2016-11-30,22:00:00,2.81,2.81,2.81,2.81,200,0
2016-12-01,16:00:00,2.837,2.837,2.837,2.837,136,0
2016-12-01,17:00:00,2.85,2.85,2.85,2.85,140,0
2016-12-01,20:00:00,2.8596,2.8596,2.8596,2.8596,136,0
2016-12-02,17:00:00,2.87,2.87,2.8,2.8,4022,0
2016-12-05,16:00:00,2.85,2.85,2.85,2.85,500,0
2016-12-05,17:00:00,2.85,2.86,2.85,2.86,313,0
2016-12-05,19:00:00,2.86,2.86,2.85,2.85,600,0
2016-12-06,16:00:00,2.9,2.9,2.9,2.9,357,0
2016-12-06,17:00:00,2.9,2.9001,2.9,2.9,1743,0
2016-12-06,19:00:00,2.91,2.91,2.91,2.91,136,0
2016-12-06,21:00:00,2.92,2.92,2.92,2.92,1700,0
2016-12-06,22:00:00,2.9,2.9,2.9,2.9,100,0
2016-12-07,16:00:00,2.9,2.9,2.9,2.9,349,0
2016-12-07,17:00:00,2.9087,2.9087,2.9087,2.9087,204,0
2016-12-07,18:00:00,2.83,2.83,2.83,2.83,700,0
2016-12-07,20:00:00,2.8019,2.84,2.7962,2.7962,2509,0
2016-12-07,22:00:00,2.66,2.8101,2.66,2.8101,1268,0
2016-12-08,16:00:00,2.76,2.76,2.76,2.76,383,0
2016-12-08,17:00:00,2.7542,2.7542,2.7542,2.7542,163,0
2016-12-08,18:00:00,2.7799,2.78,2.7799,2.78,800,0
2016-12-08,19:00:00,2.78,2.78,2.76,2.76,200,0
2016-12-08,21:00:00,2.78,2.78,2.78,2.78,183,0
2016-12-08,22:00:00,2.78,2.83,2.76,2.76,2046,0
2016-12-09,16:00:00,2.7971,2.7971,2.7971,2.7971,435,0
2016-12-09,18:00:00,2.8173,2.8173,2.8173,2.8173,200,0
2016-12-09,20:00:00,2.71,2.71,2.51,2.6,2850,0
2016-12-09,21:00:00,2.63,2.7,2.63,2.7,936,0
2016-12-12,16:00:00,2.64,2.7,2.5639,2.5639,770,0
2016-12-12,17:00:00,2.73,2.74,2.73,2.74,300,0
2016-12-12,22:00:00,2.8,2.8,2.8,2.8,800,0
2016-12-13,16:00:00,2.81,2.81,2.7,2.7,370,0
2016-12-13,17:00:00,2.7557,2.7557,2.7557,2.7557,136,0
2016-12-13,19:00:00,2.76,2.76,2.75,2.7583,4500,0
2016-12-13,20:00:00,2.7971,2.7971,2.7971,2.7971,500,0
2016-12-13,22:00:00,2.76,2.76,2.76,2.76,100,0
2016-12-14,16:00:00,2.75,2.75,2.75,2.75,199,0
2016-12-14,21:00:00,2.766,2.766,2.766,2.766,680,0
2016-12-14,22:00:00,2.75,2.77,2.7,2.7,1900,0
2016-12-15,16:00:00,2.66,2.66,2.66,2.66,193,0
2016-12-15,20:00:00,2.7608,2.7608,2.7608,2.7608,680,0
2016-12-15,21:00:00,2.7,2.7,2.7,2.7,400,0
2016-12-16,16:00:00,2.6962,2.6962,2.67,2.67,3284,0
2016-12-16,17:00:00,2.69,2.69,2.69,2.69,300,0
2016-12-16,18:00:00,2.67,2.6834,2.67,2.67,2820,0
2016-12-16,21:00:00,2.54,2.54,2.54,2.54,680,0
2016-12-16,22:00:00,2.7,2.7,2.62,2.63,532,0
2016-12-19,17:00:00,2.5001,2.62,2.5001,2.62,2700,0
2016-12-19,18:00:00,2.59,2.5975,2.585,2.585,300,0
2016-12-19,19:00:00,2.56,2.56,2.56,2.56,100,0
2016-12-20,19:00:00,2.58,2.59,2.58,2.59,642,0
2016-12-20,20:00:00,2.57,2.5726,2.57,2.57,672,0
2016-12-20,21:00:00,2.57,2.5826,2.57,2.57,900,0
2016-12-20,22:00:00,2.57,2.6,2.57,2.6,4100,0
2016-12-21,16:00:00,2.51,2.51,2.51,2.51,300,0
2016-12-21,17:00:00,2.5,2.5,2.5,2.5,720,0
2016-12-21,18:00:00,2.51,2.51,2.4,2.49,5118,0
2016-12-21,19:00:00,2.49,2.57,2.49,2.57,400,0
2016-12-21,20:00:00,2.6292,2.6292,2.5,2.5,436,0
2016-12-21,21:00:00,2.49,2.5899,2.49,2.5,509,0
2016-12-21,22:00:00,2.49,2.5953,2.49,2.49,1780,0
2016-12-22,17:00:00,2.6,2.6852,2.6,2.68,2899,0
2016-12-22,18:00:00,2.68,2.7,2.68,2.68,2224,0
2016-12-22,19:00:00,2.65,2.65,2.65,2.65,200,0
2016-12-22,20:00:00,2.6501,2.7399,2.65,2.65,772,0
2016-12-22,21:00:00,2.6,2.6,2.6,2.6,100,0
2016-12-22,22:00:00,2.61,2.61,2.6,2.6,1190,0
2016-12-23,16:00:00,2.65,2.752,2.65,2.752,450,0
2016-12-23,18:00:00,2.69,2.69,2.69,2.69,200,0
2016-12-23,19:00:00,2.65,2.6631,2.65,2.6631,1200,0
2016-12-23,22:00:00,2.59,2.6,2.58,2.6,6111,0
2016-12-27,16:00:00,2.54,2.54,2.54,2.54,438,0
2016-12-27,20:00:00,2.6,2.6,2.6,2.6,100,0
2016-12-27,21:00:00,2.62,2.64,2.62,2.64,851,0
2016-12-27,22:00:00,2.7,2.7,2.6869,2.688,3363,0
2016-12-28,16:00:00,2.76,2.76,2.76,2.76,1350,0
2016-12-28,17:00:00,2.6308,2.68,2.61,2.68,1408,0
2016-12-28,21:00:00,2.67,2.69,2.67,2.6801,308,0
2016-12-28,22:00:00,2.67,2.6741,2.6589,2.6589,3284,0
2016-12-29,16:00:00,2.62,2.62,2.58,2.58,1773,0
2016-12-29,18:00:00,2.621,2.724,2.62,2.624,1888,0
2016-12-29,21:00:00,2.63,2.63,2.62,2.62,3062,0
2016-12-29,22:00:00,2.65,2.65,2.63,2.63,880,0
2016-12-30,16:00:00,2.75,2.75,2.7,2.75,10170,0
2016-12-30,17:00:00,2.76,2.76,2.75,2.76,5561,0
2016-12-30,19:00:00,2.76,2.7642,2.75,2.7541,2982,0
2016-12-30,20:00:00,2.7601,2.7671,2.75,2.7501,5444,0
2016-12-30,21:00:00,2.76,2.7601,2.75,2.7585,2147,0
2016-12-30,22:00:00,2.76,2.76,2.76,2.76,100,0
2017-01-03,16:00:00,2.8,2.8405,2.8,2.8405,1578,0
2017-01-03,17:00:00,2.84,2.84,2.8,2.81,2065,0
2017-01-03,19:00:00,2.8101,2.8101,2.8101,2.8101,169,0
2017-01-03,21:00:00,2.83,2.8501,2.82,2.84,5450,0
2017-01-03,22:00:00,2.82,2.84,2.81,2.84,700,0
2017-01-04,16:00:00,2.85,2.88,2.84,2.88,7280,0
2017-01-04,21:00:00,2.9,2.9057,2.9,2.9057,450,0
2017-01-04,22:00:00,2.8554,2.96,2.8554,2.96,526,0
2017-01-05,16:00:00,2.99,2.99,2.99,2.99,750,0
2017-01-05,17:00:00,2.986,2.9869,2.98,2.9869,853,0
2017-01-05,18:00:00,2.99,2.99,2.99,2.99,100,0
2017-01-05,20:00:00,2.9801,2.9801,2.98,2.98,200,0
2017-01-05,22:00:00,2.9801,2.9801,2.98,2.98,800,0
2017-01-09,17:00:00,2.71,2.98,2.7,2.98,1500,0
2017-01-09,19:00:00,2.81,2.81,2.81,2.81,272,0
2017-01-09,20:00:00,2.882,2.882,2.882,2.882,122,0
2017-01-09,21:00:00,2.82,2.8588,2.82,2.8588,200,0
2017-01-09,22:00:00,2.874,2.9,2.874,2.89,2016,0
2017-01-10,16:00:00,3.0999,3.0999,2.869,2.869,1100,0
2017-01-10,17:00:00,2.8501,3.0999,2.8501,3.0899,900,0
2017-01-10,19:00:00,2.8801,3.0899,2.8801,3.0899,2200,0
2017-01-10,20:00:00,2.8801,3.0899,2.8801,3.0899,1100,0
2017-01-11,16:00:00,3.04,3.0999,3.0199,3.0999,740,0
2017-01-11,17:00:00,2.9512,2.9512,2.9512,2.9512,200,0
2017-01-11,18:00:00,2.8901,2.9999,2.8901,2.9999,3600,0
2017-01-11,20:00:00,2.9721,2.9721,2.9721,2.9721,1000,0
2017-01-11,22:00:00,2.88,2.88,2.7001,2.7001,300,0
2017-01-12,16:00:00,2.9972,2.9972,2.9972,2.9972,250,0
2017-01-12,17:00:00,2.8704,2.8704,2.74,2.75,500,0
2017-01-12,20:00:00,2.8042,2.8042,2.8042,2.8042,612,0
2017-01-13,17:00:00,2.84,2.84,2.84,2.84,136,0
2017-01-13,21:00:00,2.85,2.85,2.85,2.85,300,0
2017-01-13,22:00:00,2.86,2.86,2.66,2.66,3260,0
2017-01-17,16:00:00,2.76,2.76,2.76,2.76,136,0
2017-01-17,17:00:00,2.85,2.85,2.85,2.85,700,0
2017-01-17,18:00:00,2.9,2.9285,2.9,2.9285,200,0
2017-01-17,19:00:00,2.91,2.91,2.91,2.91,100,0
2017-01-17,21:00:00,2.8501,2.9076,2.85,2.9076,1750,0
2017-01-17,22:00:00,2.89,2.9,2.88,2.8999,1600,0
2017-01-18,17:00:00,2.9305,2.9305,2.9305,2.9305,100,0
2017-01-18,18:00:00,2.95,3.21,2.95,3.21,7080,0
2017-01-18,19:00:00,3.2001,3.45,3.1,3.3176,5050,0
2017-01-18,20:00:00,3.1501,3.2631,3.15,3.2189,950,0
2017-01-18,21:00:00,3.15,3.15,3.1,3.1031,3690,0
2017-01-18,22:00:00,3.1539,3.1539,3.1,3.1,2900,0
2017-01-19,22:00:00,3.1,3.1,3.0101,3.0101,1450,0
2017-01-20,16:00:00,3.45,3.65,3.2,3.3066,30132,0
2017-01-20,17:00:00,3.2999,3.3592,3.2501,3.3592,3981,0
2017-01-20,18:00:00,3.3318,3.3318,3.3318,3.3318,100,0
2017-01-20,19:00:00,3.2892,3.2892,3.1601,3.2068,6700,0
2017-01-20,20:00:00,3.16,3.1648,2.8109,2.8109,5900,0
2017-01-20,21:00:00,2.96,3.1,2.96,3.1,400,0
2017-01-20,22:00:00,3.1155,3.1155,3.1,3.1,700,0
2017-01-23,16:00:00,3.1002,3.1343,2.85,2.9976,3098,0
2017-01-23,17:00:00,3.1454,3.1454,3.1454,3.1454,100,0
2017-01-23,18:00:00,3.075,3.13,3.075,3.13,600,0
2017-01-23,19:00:00,3.14,3.15,3.1365,3.15,2699,0
2017-01-23,20:00:00,3.1409,3.1409,3.1409,3.1409,100,0
2017-01-23,22:00:00,3.1254,3.13,3.1254,3.13,200,0
2017-01-24,16:00:00,3.07,3.15,3.07,3.15,745,0
2017-01-24,17:00:00,3.1595,3.1795,3.15,3.1795,1000,0
2017-01-24,20:00:00,3.1501,3.3399,3.0933,3.0933,2226,0
2017-01-24,21:00:00,3.07,3.1508,3.01,3.1508,1914,0
2017-01-24,22:00:00,3.0351,3.1,3.02,3.02,500,0
2017-01-25,19:00:00,3.04,3.04,3.01,3.01,340,0
2017-01-26,16:00:00,3.01,3.01,3.01,3.01,136,0
2017-01-27,16:00:00,3.09,3.09,3.09,3.09,2000,0
2017-01-27,18:00:00,3.15,3.15,3.14,3.14,236,0
2017-01-27,19:00:00,3.15,3.15,3.01,3.02,1928,0
2017-01-27,20:00:00,3.1254,3.1254,3.1254,3.1254,100,0
2017-01-27,21:00:00,3.02,3.02,3.02,3.02,100,0
2017-01-27,22:00:00,3.0291,3.1299,3.0291,3.1299,1465,0
2017-01-30,16:00:00,3.15,3.15,3.15,3.15,100,0
2017-01-30,17:00:00,3.14,3.15,3.14,3.15,2300,0
2017-01-30,19:00:00,3.1,3.1062,3.1,3.1062,200,0
2017-01-31,16:00:00,3.1,3.1,3.1,3.1,251,0
2017-01-31,17:00:00,3.15,3.15,3.15,3.15,299,0
2017-02-01,17:00:00,3.1239,3.2699,3.1239,3.2438,4683,0
2017-02-01,20:00:00,3.19,3.23,3.18,3.19,4185,0
2017-02-01,22:00:00,3.196,3.2199,3.196,3.2199,1340,0
2017-02-02,19:00:00,3.22,3.23,3.22,3.23,458,0
2017-02-02,20:00:00,3.23,3.23,3.23,3.23,200,0
2017-02-02,22:00:00,3.2101,3.2101,3.2101,3.2101,550,0
2017-02-03,16:00:00,3.232,3.232,3.232,3.232,1000,0
2017-02-03,18:00:00,3.21,3.21,3.1602,3.1602,1716,0
2017-02-03,21:00:00,3.146,3.146,3.146,3.146,272,0
2017-02-03,22:00:00,3.1499,3.15,3.1499,3.15,800,0
2017-02-06,16:00:00,3.015,3.13,3.015,3.13,3285,0
2017-02-06,21:00:00,3.15,3.15,3.13,3.13,200,0
2017-02-07,17:00:00,3.1448,3.1583,3.1448,3.1583,2000,0
2017-02-07,19:00:00,3.14,3.1645,3.14,3.1645,830,0
2017-02-07,20:00:00,3.14,3.14,3.14,3.14,408,0
2017-02-08,18:00:00,3.15,3.15,3.15,3.15,860,0
2017-02-08,19:00:00,3.1636,3.1636,3.1636,3.1636,136,0
2017-02-08,20:00:00,3.1737,3.1737,3.1737,3.1737,175,0
2017-02-08,21:00:00,3.1501,3.1501,3.1501,3.1501,1591,0
2017-02-08,22:00:00,3.1599,3.1599,3.1599,3.1599,500,0
2017-02-09,17:00:00,3.12,3.12,3.12,3.12,136,0
2017-02-09,18:00:00,3.1345,3.1345,3.1345,3.1345,544,0
2017-02-09,20:00:00,3.1595,3.1595,3.1595,3.1595,500,0
2017-02-09,21:00:00,3.1501,3.1501,3.1501,3.1501,636,0
2017-02-09,22:00:00,3.153,3.16,3.13,3.13,536,0
2017-02-10,18:00:00,3.1745,3.1745,3.1745,3.1745,1600,0
2017-02-13,16:00:00,3.14,3.14,3.1,3.1,594,0
2017-02-13,17:00:00,3.15,3.15,3.15,3.15,200,0
2017-02-13,18:00:00,3.15,3.15,3.15,3.15,278,0
2017-02-14,16:00:00,3.17,3.2,3.17,3.1855,9659,0
2017-02-14,22:00:00,3.0798,3.0798,3.05,3.05,317,0
2017-02-15,16:00:00,3.0255,3.0255,3.0255,3.0255,100,0
2017-02-15,17:00:00,3.03,3.18,3.03,3.18,2100,0
2017-02-16,16:00:00,3.1,3.1,3.1,3.1,1400,0
2017-02-16,17:00:00,3.02,3.02,2.85,2.85,5768,0
2017-02-16,19:00:00,3.03,3.03,3.03,3.03,100,0
2017-02-16,20:00:00,3.01,3.02,2.9529,2.9529,464,0
2017-02-16,21:00:00,3.0099,3.0099,3,3,319,0
2017-02-16,22:00:00,3,3,2.9899,2.9899,300,0
2017-02-17,18:00:00,3.0701,3.0701,3.0701,3.0701,400,0
2017-02-21,17:00:00,2.9547,2.9547,2.9547,2.9547,2856,0
2017-02-21,22:00:00,2.9445,3.01,2.8,2.8,1660,0
2017-02-22,16:00:00,2.8,3,2.8,3,2840,0
2017-02-22,17:00:00,3.05,3.05,3.05,3.05,100,0
2017-02-22,18:00:00,2.9899,2.99,2.9899,2.99,500,0
2017-02-22,19:00:00,2.96,2.9666,2.96,2.9666,210,0
2017-02-22,20:00:00,2.9693,2.9693,2.9693,2.9693,550,0
2017-02-22,21:00:00,2.9798,2.98,2.9798,2.98,600,0
2017-02-22,22:00:00,3,3,2.97,2.97,1150,0
2017-02-23,20:00:00,2.9201,2.9201,2.9201,2.9201,800,0
2017-02-24,19:00:00,2.76,2.8,2.62,2.78,19900,0
2017-02-24,22:00:00,2.74,2.81,2.74,2.79,6849,0
2017-02-27,16:00:00,2.86,2.86,2.86,2.86,200,0
2017-02-27,17:00:00,2.95,3,2.9,2.9,15852,0
2017-02-27,18:00:00,2.94,2.94,2.94,2.94,100,0
2017-02-27,19:00:00,2.8957,2.9,2.8915,2.8915,1944,0
2017-02-27,20:00:00,2.82,2.84,2.7701,2.802,7360,0
2017-02-27,22:00:00,2.77,2.84,2.77,2.83,4699,0
2017-02-28,17:00:00,2.82,2.85,2.82,2.8243,6978,0
2017-02-28,22:00:00,2.94,2.95,2.8601,2.8601,2100,0
2017-03-01,16:00:00,2.73,2.8686,2.73,2.8686,4373,0
2017-03-01,17:00:00,2.8,2.8,2.7656,2.7656,568,0
2017-03-01,18:00:00,2.8,2.8,2.8,2.8,2032,0
2017-03-02,16:00:00,2.7822,2.7822,2.7822,2.7822,408,0
2017-03-02,20:00:00,2.8,2.8,2.6,2.7474,9565,0
2017-03-02,22:00:00,2.695,2.7,2.675,2.7,2300,0
2017-03-03,16:00:00,2.63,2.8375,2.63,2.7303,5894,0
2017-03-03,18:00:00,2.7241,2.8,2.7241,2.8,1499,0
2017-03-03,21:00:00,2.76,2.76,2.76,2.76,100,0
2017-03-03,22:00:00,2.7601,2.7601,2.7601,2.7601,100,0
2017-03-06,16:00:00,2.8,2.8,2.8,2.8,276,0
2017-03-06,17:00:00,2.75,2.8,2.75,2.8,1400,0
2017-03-06,18:00:00,2.8,2.8,2.79,2.8,600,0
2017-03-06,19:00:00,2.8,2.8,2.8,2.8,2500,0
2017-03-06,20:00:00,2.8,2.8,2.8,2.8,700,0
2017-03-06,21:00:00,2.8,2.8,2.8,2.8,500,0
2017-03-07,16:00:00,2.83,2.83,2.83,2.83,190,0
2017-03-07,18:00:00,2.8899,2.89,2.68,2.7301,8236,0
2017-03-07,19:00:00,2.75,2.75,2.75,2.75,400,0
2017-03-07,22:00:00,2.8,2.81,2.8,2.81,4600,0
2017-03-08,16:00:00,2.88,2.88,2.88,2.88,5100,0
2017-03-08,18:00:00,2.8,2.8,2.8,2.8,100,0
2017-03-08,20:00:00,2.67,2.7918,2.61,2.73,7921,0
2017-03-08,21:00:00,2.86,2.86,2.86,2.86,5221,0
2017-03-09,17:00:00,2.744,2.744,2.744,2.744,300,0
2017-03-10,16:00:00,2.68,2.68,2.68,2.68,5112,0
2017-03-10,17:00:00,2.7627,2.7627,2.7627,2.7627,100,0
2017-03-10,18:00:00,2.79,2.79,2.79,2.79,200,0
2017-03-10,19:00:00,2.8,2.8,2.8,2.8,1000,0
2017-03-10,20:00:00,2.7899,2.79,2.7712,2.7712,500,0
2017-03-10,22:00:00,2.7599,2.76,2.7501,2.76,1600,0
2017-03-13,17:00:00,2.7805,2.7805,2.7805,2.7805,100,0
2017-03-13,18:00:00,2.77,2.77,2.77,2.77,100,0
2017-03-13,19:00:00,2.77,2.77,2.77,2.77,100,0
2017-03-13,20:00:00,2.87,2.87,2.8,2.8,5402,0
2017-03-13,21:00:00,2.84,2.84,2.84,2.84,200,0
2017-03-14,16:00:00,2.75,2.75,2.75,2.75,163,0
2017-03-14,19:00:00,2.75,2.75,2.68,2.75,3800,0
2017-03-14,20:00:00,2.8399,2.8399,2.77,2.78,2950,0
2017-03-15,15:00:00,2.75,2.75,2.75,2.75,100,0
2017-03-15,21:00:00,2.8,2.8,2.7901,2.8,1200,0
2017-03-16,15:00:00,2.82,2.82,2.82,2.82,100,0
2017-03-16,19:00:00,2.88,2.9,2.88,2.89,2000,0
2017-03-17,16:00:00,2.8,2.8,2.774,2.774,580,0
2017-03-17,17:00:00,2.799,2.8,2.799,2.8,1720,0
2017-03-17,18:00:00,2.8,2.81,2.8,2.8,1508,0
2017-03-20,16:00:00,2.85,2.85,2.85,2.85,200,0
2017-03-20,17:00:00,2.8458,2.8458,2.8458,2.8458,1540,0
2017-03-20,18:00:00,2.8059,2.8059,2.8059,2.8059,1750,0
2017-03-20,21:00:00,2.85,2.85,2.85,2.85,106,0
2017-03-21,15:00:00,2.85,2.95,2.8495,2.902,3568,0
2017-03-21,16:00:00,2.8999,2.9,2.8999,2.9,1180,0
2017-03-21,17:00:00,2.94,2.94,2.94,2.94,300,0
2017-03-21,18:00:00,2.94,2.9499,2.94,2.9499,1000,0
2017-03-21,20:00:00,2.8034,2.8034,2.8034,2.8034,136,0
2017-03-21,21:00:00,2.95,2.95,2.8815,2.8815,1500,0
2017-03-22,17:00:00,2.77,2.84,2.77,2.84,5812,0
2017-03-23,15:00:00,2.87,2.87,2.87,2.87,1100,0
2017-03-23,16:00:00,2.88,2.9,2.87,2.9,1544,0
2017-03-23,17:00:00,2.88,2.91,2.87,2.87,1300,0
2017-03-23,19:00:00,2.8744,2.95,2.8744,2.89,6022,0
2017-03-23,20:00:00,2.95,2.95,2.8901,2.8901,1800,0
2017-03-24,15:00:00,2.86,2.86,2.86,2.86,100,0
2017-03-24,16:00:00,2.9499,2.9499,2.86,2.86,200,0
2017-03-24,21:00:00,2.86,2.87,2.48,2.8,10600,0
2017-03-27,16:00:00,2.79,2.8,2.7,2.7,1250,0
2017-03-27,17:00:00,2.7522,2.7522,2.7522,2.7522,320,0
2017-03-27,18:00:00,2.7054,2.83,2.7054,2.83,8349,0
2017-03-27,19:00:00,2.83,2.83,2.83,2.83,1500,0
2017-03-27,22:00:00,2.8,2.85,2.8,2.85,1336,0
2017-03-28,17:00:00,2.88,2.88,2.7,2.79,13300,0
2017-03-28,18:00:00,2.79,2.79,2.77,2.77,200,0
2017-03-28,22:00:00,2.79,2.79,2.7603,2.7603,1115,0
2017-03-29,16:00:00,2.73,2.8,2.73,2.7683,6874,0
2017-03-29,18:00:00,2.7601,2.8,2.73,2.8,22450,0
2017-03-29,22:00:00,2.77,2.77,2.7499,2.7499,4224,0
2017-03-30,17:00:00,2.6841,2.7999,2.6841,2.7999,11124,0
2017-03-30,18:00:00,2.8,2.8,2.79,2.79,300,0
2017-03-30,19:00:00,2.77,2.77,2.77,2.77,2489,0
2017-03-30,20:00:00,2.72,2.76,2.72,2.72,1779,0
2017-03-30,21:00:00,2.7,2.7,2.7,2.7,1180,0
2017-03-30,22:00:00,2.7519,2.77,2.7519,2.76,400,0
2017-03-31,18:00:00,2.68,2.68,2.42,2.63,11200,0
2017-03-31,19:00:00,2.62,2.62,2.6,2.62,600,0
2017-03-31,20:00:00,2.6199,2.62,2.6199,2.6199,1190,0
2017-03-31,21:00:00,2.6199,2.6199,2.6199,2.6199,500,0
2017-03-31,22:00:00,2.6199,2.621,2.6096,2.61,3712,0
2017-04-03,17:00:00,2.66,2.8,2.66,2.776,12579,0
2017-04-03,18:00:00,2.7,2.7,2.7,2.7,800,0
2017-04-03,19:00:00,2.6998,2.71,2.696,2.71,2700,0
2017-04-03,20:00:00,2.69,2.69,2.683,2.685,400,0
2017-04-03,22:00:00,2.74,2.7859,2.7,2.7,2404,0
2017-04-04,17:00:00,2.7999,2.84,2.7999,2.84,2585,0
2017-04-04,18:00:00,2.8203,2.8203,2.8203,2.8203,299,0
2017-04-04,21:00:00,2.7601,2.7601,2.75,2.75,1097,0
2017-04-04,22:00:00,2.75,2.75,2.67,2.68,400,0
2017-04-05,16:00:00,2.59,2.59,2.59,2.59,6200,0
2017-04-05,17:00:00,2.7,2.7,2.65,2.69,7100,0
2017-04-05,18:00:00,2.7,2.7,2.66,2.66,3200,0
2017-04-05,21:00:00,2.73,2.74,2.68,2.68,700,0
2017-04-05,22:00:00,2.7,2.74,2.7,2.74,200,0
2017-04-06,16:00:00,2.68,2.76,2.68,2.76,6647,0
2017-04-06,18:00:00,2.64,2.65,2.64,2.65,3000,0
2017-04-06,20:00:00,2.65,2.65,2.65,2.65,100,0
2017-04-06,21:00:00,2.7,2.73,2.63,2.63,6873,0
2017-04-07,16:00:00,2.65,2.65,2.65,2.65,400,0
2017-04-07,17:00:00,2.55,2.704,2.5,2.68,23250,0
2017-04-07,18:00:00,2.74,2.75,2.6,2.6,3600,0
2017-04-07,19:00:00,2.63,2.63,2.63,2.63,100,0
2017-04-07,20:00:00,2.58,2.68,2.56,2.68,8666,0
2017-04-07,21:00:00,2.63,2.65,2.62,2.65,1200,0
2017-04-07,22:00:00,2.7,2.77,2.63,2.71,1007,0
2017-04-10,16:00:00,2.66,2.66,2.66,2.66,500,0
2017-04-10,19:00:00,2.68,2.68,2.65,2.65,200,0
2017-04-10,20:00:00,2.64,2.64,2.64,2.64,180,0
2017-04-10,21:00:00,2.71,2.81,2.63,2.68,20031,0
2017-04-10,22:00:00,2.65,2.6501,2.65,2.65,1400,0
2017-04-11,16:00:00,2.62,2.68,2.56,2.68,8108,0
2017-04-11,17:00:00,2.58,2.58,2.56,2.56,6700,0
2017-04-11,18:00:00,2.65,2.68,2.65,2.68,6947,0
2017-04-11,22:00:00,2.67,2.67,2.655,2.66,400,0
2017-04-12,16:00:00,2.67,2.67,2.67,2.67,7600,0
2017-04-12,17:00:00,2.69,2.7,2.69,2.7,3089,0
2017-04-12,18:00:00,2.7001,2.7001,2.7001,2.7001,500,0
2017-04-12,19:00:00,2.68,2.68,2.68,2.68,100,0
2017-04-12,20:00:00,2.68,2.68,2.68,2.68,680,0
2017-04-12,21:00:00,2.67,2.67,2.66,2.66,500,0
2017-04-13,16:00:00,2.55,2.55,2.55,2.55,5100,0
2017-04-13,17:00:00,2.7294,2.7294,2.7294,2.7294,2020,0
2017-04-13,18:00:00,2.62,2.62,2.62,2.62,200,0
2017-04-17,16:00:00,2.59,2.83,2.59,2.65,5469,0
2017-04-17,17:00:00,2.78,2.79,2.78,2.79,200,0
2017-04-17,18:00:00,2.7,2.7864,2.7,2.75,3956,0
2017-04-17,21:00:00,2.71,2.7233,2.71,2.7233,967,0
2017-04-18,16:00:00,2.83,2.83,2.83,2.83,200,0
2017-04-18,17:00:00,2.85,2.85,2.85,2.85,497,0
2017-04-18,18:00:00,2.79,2.81,2.79,2.81,647,0
2017-04-18,20:00:00,2.836,2.836,2.836,2.836,170,0
2017-04-18,22:00:00,2.814,2.8465,2.814,2.84,1015,0
2017-04-19,16:00:00,2.95,2.9852,2.92,2.9852,8456,0
2017-04-19,17:00:00,2.95,2.97,2.912,2.93,2651,0
2017-04-19,18:00:00,2.9,2.93,2.9,2.93,5330,0
2017-04-19,21:00:00,2.915,2.915,2.915,2.915,100,0
2017-04-19,22:00:00,2.9,2.9,2.8889,2.8999,600,0
2017-04-20,17:00:00,3,3.05,2.9664,3.05,7046,0
2017-04-20,18:00:00,3.03,3.03,2.95,2.95,5000,0
2017-04-20,21:00:00,2.95,2.95,2.95,2.95,100,0
2017-04-20,22:00:00,2.95,2.95,2.9499,2.9499,2284,0
2017-04-21,17:00:00,2.77,2.8648,2.74,2.8648,1044,0
2017-04-21,18:00:00,2.88,2.88,2.86,2.86,200,0
2017-04-21,19:00:00,2.83,2.891,2.83,2.89,6200,0
2017-04-24,18:00:00,2.9,2.9,2.9,2.9,100,0
2017-04-24,19:00:00,2.9,2.9001,2.9,2.9001,644,0
2017-04-24,21:00:00,2.9099,2.9099,2.9099,2.9099,600,0
2017-04-24,22:00:00,2.9,2.9,2.9,2.9,2000,0
2017-04-25,18:00:00,2.85,2.8849,2.85,2.8849,568,0
2017-04-25,19:00:00,2.77,2.92,2.71,2.8,14105,0
2017-04-25,20:00:00,2.85,2.85,2.85,2.85,100,0
2017-04-26,16:00:00,2.89,2.9,2.83,2.8531,8100,0
2017-04-26,17:00:00,2.88,2.88,2.88,2.88,400,0
2017-04-27,16:00:00,2.81,2.81,2.81,2.81,2457,0
2017-04-27,17:00:00,2.88,2.88,2.79,2.85,8400,0
2017-04-27,18:00:00,2.87,2.87,2.87,2.87,200,0
2017-04-27,19:00:00,2.87,2.87,2.87,2.87,200,0
2017-04-28,16:00:00,2.86,2.8651,2.86,2.8651,6600,0
2017-04-28,17:00:00,2.86,2.87,2.7,2.7,10827,0
2017-04-28,19:00:00,2.7,2.7,2.7,2.7,500,0
2017-04-28,20:00:00,2.689,2.7,2.689,2.69,1769,0
2017-04-28,21:00:00,2.621,2.7628,2.621,2.76,2636,0
2017-04-28,22:00:00,2.7442,2.79,2.7442,2.77,3060,0
2017-05-01,16:00:00,2.81,2.81,2.69,2.74,9808,0
2017-05-01,17:00:00,2.77,2.77,2.77,2.77,300,0
2017-05-01,18:00:00,2.74,2.74,2.74,2.74,100,0
2017-05-01,19:00:00,2.76,2.76,2.76,2.76,100,0
2017-05-01,20:00:00,2.7862,2.7862,2.7862,2.7862,100,0
2017-05-01,22:00:00,2.8,2.8,2.78,2.8,1300,0
2017-05-02,16:00:00,2.84,2.84,2.84,2.84,6200,0
2017-05-02,21:00:00,2.8102,2.8102,2.8102,2.8102,108,0
2017-05-03,17:00:00,2.69,2.78,2.69,2.78,7836,0
2017-05-03,22:00:00,2.78,2.78,2.78,2.78,300,0
2017-05-04,16:00:00,2.73,2.82,2.73,2.73,8100,0
2017-05-04,20:00:00,2.73,2.81,2.6,2.7101,26775,0
2017-05-05,17:00:00,2.75,2.75,2.52,2.58,16100,0
2017-05-05,18:00:00,2.55,2.7,2.5,2.67,7000,0
2017-05-05,20:00:00,2.71,2.76,2.62,2.72,21720,0
2017-05-05,22:00:00,2.68,2.68,2.68,2.68,200,0
2017-05-08,16:00:00,2.7,2.71,2.6801,2.6801,4400,0
2017-05-08,17:00:00,2.69,2.75,2.6499,2.71,5589,0
2017-05-08,19:00:00,2.67,2.67,2.67,2.67,100,0
2017-05-08,21:00:00,2.72,2.72,2.72,2.72,200,0
2017-05-08,22:00:00,2.74,2.74,2.7,2.74,15100,0
2017-05-09,16:00:00,2.48,2.7,2.48,2.7,14086,0
2017-05-09,17:00:00,2.72,2.75,2.72,2.75,2700,0
2017-05-09,19:00:00,2.7341,2.7341,2.7341,2.7341,175,0
2017-05-09,22:00:00,2.75,2.75,2.68,2.74,3700,0
2017-05-10,16:00:00,2.6816,2.6816,2.6816,2.6816,163,0
2017-05-10,17:00:00,2.73,2.74,2.7,2.7,11493,0
2017-05-10,18:00:00,2.73,2.73,2.7267,2.7267,300,0
2017-05-10,19:00:00,2.7172,2.7172,2.7172,2.7172,680,0
2017-05-10,22:00:00,2.71,2.72,2.7,2.72,1180,0
2017-05-11,16:00:00,2.67,2.67,2.5458,2.6,3400,0
2017-05-11,17:00:00,2.61,2.6657,2.61,2.6371,2670,0
2017-05-11,20:00:00,2.61,2.6349,2.6,2.6349,460,0
2017-05-11,21:00:00,2.6199,2.6199,2.6075,2.6075,636,0
2017-05-11,22:00:00,2.61,2.62,2.61,2.62,1300,0
2017-05-12,16:00:00,2.65,2.65,2.62,2.65,13714,0
2017-05-12,22:00:00,2.69,2.73,2.65,2.73,5400,0
2017-05-15,16:00:00,2.7,2.7,2.7,2.7,367,0
2017-05-15,17:00:00,2.7,2.7,2.7,2.7,6757,0
2017-05-15,22:00:00,2.71,2.7101,2.71,2.7101,240,0
2017-05-16,16:00:00,2.7,2.7,2.7,2.7,2402,0
2017-05-16,17:00:00,2.6801,2.6801,2.6801,2.6801,300,0
2017-05-16,18:00:00,2.7,2.7,2.7,2.7,1500,0
2017-05-16,19:00:00,2.7,2.7,2.68,2.6801,1433,0
2017-05-16,20:00:00,2.6538,2.68,2.6538,2.66,492,0
2017-05-16,21:00:00,2.55,2.5748,2.55,2.5748,600,0
2017-05-16,22:00:00,2.52,2.9,2.52,2.85,27447,0
2017-05-17,16:00:00,2.84,2.84,2.5238,2.5238,472,0
2017-05-17,17:00:00,2.61,2.66,2.55,2.55,900,0
2017-05-17,22:00:00,2.6,2.75,2.6,2.73,600,0
2017-05-18,19:00:00,2.5957,2.5957,2.5957,2.5957,408,0
2017-05-18,22:00:00,2.7322,2.7322,2.7322,2.7322,300,0
2017-05-19,16:00:00,2.74,2.74,2.74,2.74,258,0
2017-05-19,18:00:00,2.6,2.6,2.6,2.6,475,0
2017-05-19,20:00:00,2.58,2.58,2.58,2.58,100,0
2017-05-22,17:00:00,2.6301,2.6301,2.6301,2.6301,500,0
2017-05-22,18:00:00,2.59,2.64,2.59,2.64,2700,0
2017-05-22,19:00:00,2.64,2.64,2.64,2.64,100,0
2017-05-22,21:00:00,2.654,2.7071,2.57,2.57,672,0
2017-05-22,22:00:00,2.7,2.74,2.69,2.74,1099,0
2017-05-23,18:00:00,2.61,2.61,2.6,2.61,500,0
2017-05-23,19:00:00,2.6307,2.6307,2.6307,2.6307,100,0
2017-05-23,22:00:00,2.61,2.61,2.61,2.61,100,0
2017-05-24,18:00:00,2.63,2.63,2.63,2.63,100,0
2017-05-24,19:00:00,2.5999,2.5999,2.58,2.58,417,0
2017-05-24,21:00:00,2.58,2.5996,2.58,2.5996,1100,0
2017-05-24,22:00:00,2.6261,2.6261,2.6261,2.6261,100,0
2017-05-25,16:00:00,2.6,2.6,2.6,2.6,100,0
2017-05-25,17:00:00,2.52,2.56,2.52,2.56,200,0
2017-05-25,20:00:00,2.5925,2.68,2.5872,2.68,17754,0
2017-05-25,22:00:00,2.68,2.68,2.68,2.68,200,0
2017-05-26,18:00:00,2.63,3.18,2.63,2.86,106079,0
2017-05-26,19:00:00,2.89,3.27,2.83,2.8643,35855,0
2017-05-26,20:00:00,2.88,2.88,2.88,2.88,100,0
2017-05-26,22:00:00,2.8501,2.9789,2.85,2.8976,3102,0
2017-05-30,16:00:00,2.85,2.88,2.8447,2.85,22727,0
2017-05-30,17:00:00,2.8,2.8001,2.8,2.8,700,0
2017-05-30,18:00:00,2.77,2.85,2.75,2.85,12600,0
2017-05-30,19:00:00,2.81,2.84,2.8,2.8,12386,0
2017-05-30,20:00:00,2.7528,2.7528,2.7528,2.7528,1360,0
2017-05-30,21:00:00,2.7501,2.7999,2.7501,2.7999,200,0
2017-05-30,22:00:00,2.76,2.8399,2.76,2.76,800,0
2017-05-31,16:00:00,2.73,2.73,2.73,2.73,300,0
2017-05-31,17:00:00,2.7,2.7001,2.7,2.7001,2500,0
2017-05-31,18:00:00,2.69,2.69,2.65,2.65,320,0
2017-05-31,20:00:00,2.65,2.65,2.65,2.65,100,0
2017-05-31,21:00:00,2.66,2.7899,2.61,2.7899,15900,0
2017-05-31,22:00:00,2.73,2.79,2.73,2.79,800,0
2017-06-01,16:00:00,2.82,2.82,2.61,2.68,32598,0
2017-06-01,17:00:00,2.6801,2.74,2.65,2.66,6101,0
2017-06-01,18:00:00,2.66,2.6799,2.66,2.6799,200,0
2017-06-01,19:00:00,2.6793,2.9915,2.6793,2.83,63065,0
2017-06-01,20:00:00,2.9,3,2.84,2.84,22500,0
2017-06-01,21:00:00,2.83,2.83,2.73,2.8199,2550,0
2017-06-01,22:00:00,2.82,2.82,2.75,2.75,2397,0
2017-06-02,22:00:00,2.79,2.8,2.79,2.8,3113,0
2017-06-05,16:00:00,2.82,2.82,2.82,2.82,325,0
2017-06-05,17:00:00,2.82,2.97,2.82,2.88,21100,0
2017-06-05,18:00:00,2.87,2.8715,2.72,2.72,11100,0
2017-06-05,21:00:00,2.72,2.7299,2.72,2.7299,700,0
2017-06-05,22:00:00,2.72,2.7235,2.68,2.68,1136,0
2017-06-06,18:00:00,2.54,2.54,2.54,2.54,408,0
2017-06-06,19:00:00,2.59,2.65,2.59,2.65,9306,0
2017-06-06,20:00:00,2.6501,2.6799,2.65,2.6799,300,0
2017-06-06,21:00:00,2.68,2.68,2.68,2.68,2000,0
2017-06-06,22:00:00,2.68,2.68,2.65,2.6679,14615,0
2017-06-07,16:00:00,2.85,2.85,2.814,2.814,2190,0
2017-06-07,17:00:00,2.82,2.91,2.7,2.71,41895,0
2017-06-07,18:00:00,2.74,3.18,2.69,2.7028,42412,0
2017-06-07,19:00:00,2.69,2.69,2.68,2.68,400,0
2017-06-07,20:00:00,2.6101,2.65,2.6,2.6099,2500,0
2017-06-07,21:00:00,2.6072,2.65,2.6072,2.6208,3100,0
2017-06-07,22:00:00,2.636,2.636,2.52,2.53,6911,0
2017-06-08,16:00:00,2.54,2.6,2.54,2.6,800,0
2017-06-08,17:00:00,2.62,2.67,2.54,2.65,20123,0
2017-06-08,18:00:00,2.58,2.62,2.57,2.57,1300,0
2017-06-08,19:00:00,2.57,2.57,2.57,2.57,200,0
2017-06-08,20:00:00,2.5701,2.61,2.5701,2.61,1800,0
2017-06-08,22:00:00,2.6,2.6,2.51,2.5799,3500,0
2017-06-09,17:00:00,2.51,2.54,2.51,2.54,600,0
2017-06-09,18:00:00,2.54,2.6,2.53,2.57,14978,0
2017-06-09,21:00:00,2.56,2.56,2.56,2.56,200,0
2017-06-09,22:00:00,2.5465,2.58,2.53,2.57,12571,0
2017-06-12,16:00:00,2.66,2.78,2.6,2.6,32903,0
2017-06-12,17:00:00,2.625,2.65,2.51,2.51,7866,0
2017-06-12,18:00:00,2.58,2.69,2.55,2.63,15662,0
2017-06-12,19:00:00,2.6,2.6,2.6,2.6,200,0
2017-06-12,20:00:00,2.5577,2.5577,2.5577,2.5577,136,0
2017-06-12,21:00:00,2.64,2.7,2.56,2.57,4900,0
2017-06-12,22:00:00,2.55,2.71,2.55,2.71,2216,0
2017-06-13,16:00:00,2.71,2.8,2.69,2.7,46443,0
2017-06-13,17:00:00,2.71,2.71,2.7,2.7,2900,0
2017-06-13,19:00:00,2.6678,2.73,2.65,2.71,26096,0
2017-06-13,20:00:00,2.7279,2.7279,2.7279,2.7279,1000,0
2017-06-13,21:00:00,2.6956,2.6956,2.6956,2.6956,138,0
2017-06-13,22:00:00,2.7,2.7266,2.678,2.7266,5500,0
2017-06-16,19:00:00,2.7206,2.7206,2.7,2.7,725,0
2017-06-16,22:00:00,2.71,2.71,2.71,2.71,200,0
2017-06-20,17:00:00,2.6175,2.6175,2.6,2.6,2136,0
2017-06-20,22:00:00,2.5901,2.5901,2.5901,2.5901,680,0
2017-06-21,17:00:00,2.5949,2.6783,2.5901,2.6783,8617,0
2017-06-22,16:00:00,2.66,2.66,2.66,2.66,250,0
2017-06-22,17:00:00,2.63,2.63,2.63,2.63,100,0
2017-06-22,22:00:00,2.6861,2.6861,2.6861,2.6861,100,0
2017-06-23,16:00:00,2.65,2.69,2.6274,2.6274,490,0
2017-06-23,21:00:00,2.5974,2.5974,2.5974,2.5974,100,0
2017-06-23,22:00:00,2.6,2.6,2.5536,2.5536,674,0
2017-06-26,16:00:00,2.62,2.62,2.62,2.62,575,0
2017-06-26,17:00:00,2.58,2.58,2.5679,2.5679,213,0
2017-06-26,18:00:00,2.55,2.55,2.55,2.55,100,0
2017-06-26,19:00:00,2.55,2.55,2.55,2.55,100,0
2017-06-26,20:00:00,2.5922,2.5922,2.5922,2.5922,539,0
2017-06-26,22:00:00,2.5799,2.5799,2.5799,2.5799,200,0
2017-06-27,16:00:00,2.5625,2.5625,2.5625,2.5625,272,0
2017-06-27,19:00:00,2.5711,2.5711,2.5711,2.5711,100,0
2017-06-27,21:00:00,2.5531,2.5531,2.5531,2.5531,408,0
2017-06-27,22:00:00,2.55,2.57,2.55,2.57,4520,0
2017-06-28,16:00:00,2.54,2.54,2.54,2.54,106,0
2017-06-28,17:00:00,2.5501,2.5501,2.5501,2.5501,100,0
2017-06-28,18:00:00,2.5688,2.5899,2.5688,2.5779,418,0
2017-06-28,19:00:00,2.5767,2.5767,2.5767,2.5767,250,0
2017-06-28,22:00:00,2.55,2.55,2.51,2.52,6271,0
2017-06-29,17:00:00,2.5899,2.5899,2.56,2.56,1902,0
2017-06-29,18:00:00,2.5599,2.56,2.55,2.56,400,0
2017-06-29,19:00:00,2.55,2.55,2.55,2.55,136,0
2017-06-29,22:00:00,2.55,2.55,2.5,2.5,1064,0
2017-06-30,16:00:00,2.5,2.5,2.5,2.5,163,0
2017-06-30,22:00:00,2.5242,2.5799,2.5231,2.5799,400,0
2017-07-03,16:00:00,2.52,2.62,2.52,2.62,1348,0
2017-07-03,19:00:00,2.5868,2.5899,2.5868,2.5899,656,0
2017-07-05,16:00:00,2.6,2.6,2.6,2.6,136,0
2017-07-06,17:00:00,2.645,2.645,2.645,2.645,200,0
2017-07-06,20:00:00,2.595,2.595,2.5873,2.5873,1037,0
2017-07-07,19:00:00,2.635,2.635,2.635,2.635,136,0
2017-07-07,20:00:00,2.551,2.551,2.551,2.551,100,0
2017-07-07,21:00:00,2.53,2.61,2.51,2.55,38270,0
2017-07-07,22:00:00,2.55,2.55,2.55,2.55,200,0
2017-07-10,16:00:00,2.69,2.72,2.63,2.63,13895,0
2017-07-10,17:00:00,2.62,2.62,2.61,2.61,500,0
2017-07-10,20:00:00,2.57,2.7299,2.55,2.7299,7100,0
2017-07-10,22:00:00,2.62,2.66,2.62,2.6499,1004,0
2017-07-11,16:00:00,2.69,2.69,2.69,2.69,400,0
2017-07-11,17:00:00,2.64,2.73,2.52,2.56,20325,0
2017-07-11,22:00:00,2.62,2.62,2.6101,2.6101,500,0
2017-07-12,18:00:00,2.7,2.74,2.62,2.69,39175,0
2017-07-12,19:00:00,2.7001,2.7001,2.7,2.7,300,0
2017-07-13,21:00:00,2.621,2.621,2.6201,2.6201,1360,0
2017-07-14,17:00:00,2.6488,2.6488,2.6488,2.6488,170,0
2017-07-17,16:00:00,2.68,2.6805,2.65,2.65,1480,0
2017-07-17,17:00:00,2.6701,2.7,2.67,2.67,500,0
2017-07-17,19:00:00,2.6771,2.6771,2.64,2.64,720,0
2017-07-18,16:00:00,2.7,2.7,2.7,2.7,318,0
2017-07-19,17:00:00,2.6548,2.6548,2.6548,2.6548,100,0
2017-07-19,21:00:00,2.6473,2.6473,2.6473,2.6473,408,0
2017-07-19,22:00:00,2.6501,2.6601,2.65,2.65,1200,0
2017-07-20,17:00:00,2.638,2.638,2.638,2.638,136,0
2017-07-20,18:00:00,2.6356,2.6356,2.6356,2.6356,952,0
2017-07-21,16:00:00,2.61,2.61,2.61,2.61,168,0
2017-07-21,17:00:00,2.6101,2.6101,2.6101,2.6101,200,0
2017-07-21,22:00:00,2.6368,2.6368,2.6368,2.6368,600,0
2017-07-24,16:00:00,2.65,2.65,2.65,2.65,100,0
2017-07-24,17:00:00,2.66,2.66,2.66,2.66,200,0
2017-07-24,18:00:00,2.69,2.69,2.69,2.69,100,0
2017-07-24,19:00:00,2.7,2.7,2.7,2.7,600,0
2017-07-24,22:00:00,2.69,2.69,2.69,2.69,100,0
2017-07-25,19:00:00,2.63,2.64,2.63,2.64,500,0
2017-07-25,20:00:00,2.625,2.625,2.625,2.625,591,0
2017-07-26,16:00:00,2.48,2.7,2.48,2.7,2622,0
2017-07-26,17:00:00,2.63,2.63,2.63,2.63,100,0
2017-07-26,18:00:00,2.64,2.64,2.6301,2.6301,589,0
2017-07-26,22:00:00,2.63,2.63,2.63,2.63,220,0
2017-07-27,22:00:00,2.67,2.7,2.67,2.7,800,0
2017-07-28,17:00:00,2.6235,2.74,2.6235,2.74,1476,0
2017-07-28,19:00:00,2.6236,2.6236,2.6236,2.6236,1214,0
2017-07-28,22:00:00,2.7,2.7,2.7,2.7,121,0
2017-07-31,18:00:00,2.65,2.7,2.65,2.7,582,0
2017-07-31,20:00:00,2.6,2.67,2.55,2.67,13000,0
2017-07-31,22:00:00,2.67,2.67,2.66,2.66,200,0
2017-08-01,17:00:00,2.6335,2.68,2.6,2.68,1408,0
2017-08-01,18:00:00,2.61,2.752,2.54,2.6801,12900,0
2017-08-01,19:00:00,2.6801,2.8,2.68,2.75,16000,0
2017-08-01,20:00:00,2.7798,2.7934,2.76,2.76,1270,0
2017-08-01,21:00:00,2.72,2.75,2.68,2.7,6900,0
2017-08-01,22:00:00,2.7234,2.76,2.7234,2.759,1036,0
2017-08-02,16:00:00,2.57,2.76,2.57,2.7101,15146,0
2017-08-02,17:00:00,2.66,2.8,2.66,2.8,4234,0
2017-08-02,20:00:00,2.67,2.674,2.67,2.674,200,0
2017-08-02,22:00:00,2.77,2.8,2.76,2.8,1320,0
2017-08-03,17:00:00,2.68,2.68,2.68,2.68,200,0
2017-08-03,18:00:00,2.6,2.6,2.6,2.6,100,0
2017-08-04,16:00:00,2.65,2.65,2.65,2.65,100,0
2017-08-04,19:00:00,2.65,2.65,2.6499,2.65,1020,0
2017-08-04,22:00:00,2.623,2.623,2.623,2.623,340,0
2017-08-07,17:00:00,2.57,2.57,2.57,2.57,100,0
2017-08-07,18:00:00,2.6578,2.6578,2.6578,2.6578,163,0
2017-08-08,16:00:00,2.6109,2.6109,2.6109,2.6109,200,0
2017-08-08,17:00:00,2.6,2.6,2.6,2.6,100,0
2017-08-09,17:00:00,2.623,2.623,2.623,2.623,357,0
2017-08-09,18:00:00,2.57,2.65,2.53,2.6499,14300,0
2017-08-09,19:00:00,2.71,2.71,2.7,2.7,200,0
2017-08-09,20:00:00,2.65,2.65,2.6401,2.6401,200,0
2017-08-09,21:00:00,2.7,2.7,2.7,2.7,100,0
2017-08-09,22:00:00,2.65,2.65,2.6401,2.6401,700,0
2017-08-10,16:00:00,2.71,2.71,2.55,2.63,12200,0
2017-08-10,17:00:00,2.58,2.6203,2.53,2.59,4400,0
2017-08-10,21:00:00,2.51,2.51,2.51,2.51,100,0
2017-08-11,19:00:00,2.6403,2.6403,2.6403,2.6403,136,0
2017-08-11,22:00:00,2.65,2.6899,2.65,2.6899,1500,0
2017-08-14,16:00:00,2.51,2.5539,2.42,2.42,9854,0
2017-08-14,17:00:00,2.5199,2.5199,2.45,2.5,1838,0
2017-08-14,20:00:00,2.49,2.49,2.49,2.49,100,0
2017-08-14,22:00:00,2.4899,2.49,2.47,2.47,2862,0
2017-08-15,17:00:00,2.526,2.526,2.526,2.526,180,0
2017-08-15,19:00:00,2.47,2.6,2.43,2.5101,25164,0
2017-08-15,21:00:00,2.53,2.5899,2.45,2.51,16457,0
2017-08-15,22:00:00,2.5065,2.51,2.46,2.46,5300,0
2017-08-16,16:00:00,2.51,2.54,2.46,2.47,14036,0
2017-08-16,19:00:00,2.47,2.47,2.47,2.47,390,0
2017-08-16,20:00:00,2.47,2.47,2.47,2.47,600,0
2017-08-16,22:00:00,2.46,2.46,2.46,2.46,1193,0
2017-08-17,22:00:00,2.42,2.42,2.42,2.42,200,0
2017-08-18,16:00:00,2.41,2.41,2.41,2.41,138,0
2017-08-18,17:00:00,2.41,2.41,2.41,2.41,2798,0
2017-08-18,18:00:00,2.28,2.28,2.28,2.28,100,0
2017-08-18,19:00:00,2.27,2.46,2.25,2.4,30874,0
2017-08-18,20:00:00,2.48,2.48,2.37,2.4,1656,0
2017-08-18,21:00:00,2.45,2.57,2.42,2.46,7100,0
2017-08-18,22:00:00,2.49,2.58,2.49,2.57,6120,0
2017-08-21,16:00:00,2.48,2.5,2.48,2.5,678,0
2017-08-21,17:00:00,2.49,2.5,2.47,2.47,10625,0
2017-08-21,18:00:00,2.48,2.55,2.38,2.38,59835,0
2017-08-21,21:00:00,2.385,2.385,2.385,2.385,200,0
2017-08-21,22:00:00,2.43,2.48,2.39,2.39,4823,0
2017-08-22,17:00:00,2.4388,2.4388,2.4388,2.4388,182,0
2017-08-22,18:00:00,2.4424,2.4424,2.4424,2.4424,500,0
2017-08-22,19:00:00,2.37,2.42,2.37,2.42,1500,0
2017-08-22,20:00:00,2.3571,2.45,2.3571,2.45,250,0
2017-08-22,21:00:00,2.5,2.5,2.5,2.5,100,0
2017-08-22,22:00:00,2.46,2.5,2.42,2.47,1127,0
2017-08-23,17:00:00,2.47,2.4953,2.47,2.4953,580,0
2017-08-23,18:00:00,2.4314,2.435,2.4314,2.435,236,0
2017-08-24,16:00:00,2.36,2.3736,2.3536,2.3536,708,0
2017-08-24,17:00:00,2.422,2.422,2.422,2.422,611,0
2017-08-24,18:00:00,2.34,2.3953,2.3224,2.3953,1312,0
2017-08-24,22:00:00,2.41,2.41,2.41,2.41,500,0
2017-08-25,17:00:00,2.394,2.394,2.394,2.394,148,0
2017-08-25,20:00:00,2.43,2.4337,2.43,2.43,772,0
2017-08-28,16:00:00,2.38,2.38,2.38,2.38,108,0
2017-08-29,17:00:00,2.19,2.4,2.1738,2.25,12050,0
2017-08-29,18:00:00,2.4,2.4,2.4,2.4,2000,0
2017-08-29,19:00:00,2.39,2.4,2.23,2.36,4000,0
2017-08-29,20:00:00,2.3832,2.3832,2.34,2.34,200,0
2017-08-29,21:00:00,2.36,2.36,2.27,2.2818,1460,0
2017-08-29,22:00:00,2.35,2.35,2.28,2.28,4700,0
2017-08-30,16:00:00,2.33,2.33,2.2973,2.33,900,0
2017-08-30,18:00:00,2.31,2.31,2.31,2.31,500,0
2017-08-30,19:00:00,2.311,2.311,2.31,2.31,600,0
2017-08-30,20:00:00,2.3299,2.35,2.31,2.3499,1600,0
2017-08-30,21:00:00,2.3401,2.3589,2.34,2.3589,1300,0
2017-08-30,22:00:00,2.34,2.3508,2.3201,2.3201,600,0
2017-08-31,16:00:00,2.3265,2.3265,2.3265,2.3265,100,0
2017-08-31,17:00:00,2.31,2.31,2.31,2.31,700,0
2017-08-31,22:00:00,2.2701,2.318,2.2701,2.318,1100,0
2017-09-01,17:00:00,2.31,2.31,2.31,2.31,500,0
2017-09-01,19:00:00,2.33,2.35,2.33,2.35,1604,0
2017-09-01,20:00:00,2.37,2.37,2.36,2.37,1500,0
2017-09-01,22:00:00,2.4001,2.4001,2.33,2.33,1500,0
2017-09-05,18:00:00,2.386,2.43,2.17,2.28,8950,0
2017-09-05,19:00:00,2.31,2.3797,2.3,2.3,7500,0
2017-09-05,22:00:00,2.22,2.22,2.22,2.22,100,0
2017-09-06,17:00:00,2.2,2.25,2.2,2.25,5100,0
2017-09-06,22:00:00,2.15,2.15,2.04,2.04,200,0
2017-09-07,18:00:00,2.0917,2.0917,2.0917,2.0917,600,0
2017-09-07,22:00:00,2.1225,2.28,2.1225,2.22,15189,0
2017-09-08,16:00:00,2.24,2.399,2.24,2.27,12799,0
2017-09-08,17:00:00,2.2712,2.3,2.2712,2.29,5741,0
2017-09-08,21:00:00,2.29,2.29,2.29,2.29,145,0
2017-09-08,22:00:00,2.25,2.25,2.21,2.21,1434,0
2017-09-11,19:00:00,2.1028,2.1248,2.1028,2.1248,1512,0
2017-09-11,22:00:00,2.299,2.299,2.299,2.299,781,0
2017-09-12,16:00:00,2.2,2.2,2.2,2.2,768,0
2017-09-12,18:00:00,2.19,2.19,2.19,2.19,100,0
2017-09-12,19:00:00,2.19,2.35,2.19,2.25,12800,0
2017-09-12,21:00:00,2.2501,2.36,2.245,2.245,16118,0
2017-09-12,22:00:00,2.25,2.35,2.205,2.21,10600,0
2017-09-13,17:00:00,2.1824,2.25,2.1824,2.22,1245,0
2017-09-13,18:00:00,2.25,2.25,2.19,2.19,1900,0
2017-09-14,17:00:00,2.1815,2.1815,2.1815,2.1815,190,0
2017-09-14,22:00:00,2.23,2.23,2.23,2.23,100,0
2017-09-15,19:00:00,2.15,2.15,2.15,2.15,136,0
2017-09-15,21:00:00,2.2,2.22,2.14,2.2,5700,0
2017-09-15,22:00:00,2.3,2.3,2.21,2.21,900,0
2017-09-18,19:00:00,2.2,2.2,2.1947,2.2,2420,0
2017-09-18,20:00:00,2.1274,2.1274,2.1274,2.1274,700,0
2017-09-19,17:00:00,2.2099,2.2099,2.2099,2.2099,122,0
2017-09-19,20:00:00,2.2548,2.2548,2.2548,2.2548,300,0
2017-09-19,22:00:00,2.19,2.22,2.19,2.22,300,0
2017-09-20,16:00:00,2.15,2.15,2.15,2.15,300,0
2017-09-20,17:00:00,2.11,2.1246,2.11,2.1246,302,0
2017-09-20,18:00:00,2.1499,2.1499,2.14,2.1499,500,0
2017-09-20,19:00:00,2.14,2.14,2.118,2.13,1140,0
2017-09-20,22:00:00,2.11,2.11,2.11,2.11,1061,0
2017-09-21,16:00:00,2.07,2.11,2.07,2.11,2043,0
2017-09-21,21:00:00,2.121,2.121,2.121,2.121,200,0
2017-09-21,22:00:00,2.1199,2.1199,2.1199,2.1199,200,0
2017-09-22,16:00:00,2.12,2.12,2.05,2.05,2204,0
2017-09-22,17:00:00,2.0652,2.0652,2.0652,2.0652,250,0
2017-09-22,20:00:00,2.0662,2.0699,2.06,2.0699,436,0
2017-09-22,21:00:00,2.0699,2.0699,2.06,2.06,1600,0
2017-09-22,22:00:00,2.07,2.07,2.07,2.07,700,0
2017-09-25,19:00:00,2.0301,2.0301,2.0301,2.0301,136,0
2017-09-25,22:00:00,2.06,2.1,2.04,2.1,1532,0
2017-09-26,17:00:00,2.0194,2.0194,2.0194,2.0194,250,0
2017-09-26,19:00:00,2.01,2.01,2.01,2.01,300,0
2017-09-26,22:00:00,2.08,2.19,1.94,2.19,1000,0
2017-09-27,18:00:00,1.9239,1.9239,1.9239,1.9239,1142,0
2017-09-27,19:00:00,1.9539,2.01,1.9539,2.01,295,0
2017-09-27,22:00:00,1.96,1.96,1.96,1.96,100,0
2017-09-28,16:00:00,1.82,1.95,1.69,1.789,6517,0
2017-09-28,17:00:00,1.63,1.63,1.29,1.45,12023,0
2017-09-28,18:00:00,1.45,1.61,1.4,1.61,8080,0
2017-09-28,19:00:00,1.7,1.7899,1.63,1.63,4244,0
2017-09-28,20:00:00,1.77,1.77,1.63,1.67,1795,0
2017-09-28,21:00:00,1.7035,1.7035,1.63,1.6501,1600,0
2017-09-28,22:00:00,1.7147,1.7147,1.65,1.6593,8440,0
2017-09-29,16:00:00,1.66,1.74,1.65,1.65,1675,0
2017-09-29,17:00:00,1.57,1.57,1.57,1.57,300,0
2017-09-29,18:00:00,1.5569,1.5569,1.5569,1.5569,250,0
2017-09-29,19:00:00,1.5569,1.5569,1.5531,1.5531,308,0
2017-09-29,21:00:00,1.5501,1.5521,1.5501,1.5521,1990,0
2017-09-29,22:00:00,1.58,1.58,1.5501,1.5501,1598,0
2017-10-02,16:00:00,1.5763,1.5763,1.5763,1.5763,200,0
2017-10-02,22:00:00,1.5701,1.6278,1.55,1.55,2029,0
2017-10-03,18:00:00,1.6,1.64,1.59,1.64,2600,0
2017-10-03,19:00:00,1.55,1.55,1.55,1.55,1201,0
2017-10-03,21:00:00,1.55,1.55,1.55,1.55,1931,0
2017-10-04,16:00:00,1.51,1.51,1.5,1.5,6625,0
2017-10-04,18:00:00,1.5,1.5,1.4725,1.4725,1425,0
2017-10-04,20:00:00,1.4948,1.4948,1.4948,1.4948,500,0
2017-10-05,16:00:00,1.4861,1.49,1.4861,1.49,1000,0
2017-10-05,17:00:00,1.4761,1.48,1.4755,1.4755,800,0
2017-10-05,18:00:00,1.47,1.47,1.45,1.45,385,0
2017-10-05,19:00:00,1.4401,1.4401,1.4401,1.4401,2000,0
2017-10-05,20:00:00,1.44,1.45,1.44,1.45,5016,0
2017-10-05,21:00:00,1.447,1.4493,1.44,1.44,2941,0
2017-10-05,22:00:00,1.44,1.44,1.42,1.42,9646,0
2017-10-06,16:00:00,1.49,1.49,1.4631,1.4631,1594,0
2017-10-06,17:00:00,1.4792,1.4792,1.431,1.4599,1629,0
2017-10-06,18:00:00,1.4599,1.4599,1.4599,1.4599,600,0
2017-10-06,19:00:00,1.4462,1.46,1.4462,1.46,990,0
2017-10-06,21:00:00,1.4499,1.4499,1.4499,1.4499,120,0
2017-10-06,22:00:00,1.435,1.435,1.435,1.435,300,0
2017-10-09,16:00:00,1.46,1.46,1.45,1.45,603,0
2017-10-09,18:00:00,1.42,1.42,1.4113,1.4113,480,0
2017-10-09,20:00:00,1.4299,1.4299,1.4299,1.4299,1280,0
2017-10-09,22:00:00,1.4209,1.4209,1.41,1.41,400,0
2017-10-10,16:00:00,1.4,1.4,1.4,1.4,406,0
2017-10-10,18:00:00,1.46,1.46,1.41,1.41,3000,0
2017-10-10,19:00:00,1.43,1.45,1.43,1.45,1400,0
2017-10-10,20:00:00,1.4464,1.4599,1.4464,1.4599,300,0
2017-10-10,21:00:00,1.46,1.49,1.46,1.46,1372,0
2017-10-10,22:00:00,1.504,1.504,1.4774,1.4774,400,0
2017-10-11,16:00:00,1.53,1.53,1.49,1.494,2000,0
2017-10-11,17:00:00,1.5,1.5,1.49,1.49,6000,0
2017-10-11,20:00:00,1.47,1.47,1.47,1.47,100,0
2017-10-11,22:00:00,1.4899,1.4899,1.4601,1.486,1100,0
2017-10-12,17:00:00,1.48,1.48,1.4722,1.4722,300,0
2017-10-12,18:00:00,1.4826,1.49,1.4794,1.4856,1800,0
2017-10-12,22:00:00,1.47,1.47,1.47,1.47,300,0
2017-10-13,16:00:00,1.47,1.47,1.47,1.47,500,0
2017-10-13,18:00:00,1.4663,1.4663,1.4663,1.4663,200,0
2017-10-13,19:00:00,1.4698,1.4698,1.4698,1.4698,1000,0
2017-10-13,21:00:00,1.4608,1.4608,1.4608,1.4608,400,0
2017-10-13,22:00:00,1.45,1.45,1.44,1.44,516,0
2017-10-16,17:00:00,1.4706,1.4708,1.4706,1.4708,400,0
2017-10-16,18:00:00,1.46,1.49,1.45,1.49,9600,0
2017-10-16,20:00:00,1.4769,1.4769,1.46,1.46,1100,0
2017-10-16,21:00:00,1.469,1.4817,1.46,1.4817,925,0
2017-10-17,20:00:00,1.4767,1.4767,1.4767,1.4767,493,0
2017-10-17,21:00:00,1.4707,1.4727,1.4707,1.4727,350,0
2017-10-17,22:00:00,1.46,1.46,1.46,1.46,200,0
2017-10-18,17:00:00,1.44,1.455,1.43,1.44,2000,0
2017-10-18,18:00:00,1.43,1.43,1.4,1.4117,1462,0
2017-10-18,19:00:00,1.4299,1.4299,1.4299,1.4299,1000,0
2017-10-18,20:00:00,1.41,1.41,1.41,1.41,100,0
2017-10-18,21:00:00,1.4164,1.4164,1.4164,1.4164,136,0
2017-10-19,16:00:00,1.4,1.4,1.4,1.4,209,0
2017-10-19,17:00:00,1.447,1.447,1.447,1.447,260,0
2017-10-19,19:00:00,1.4409,1.4409,1.4409,1.4409,357,0
2017-10-19,21:00:00,1.4727,1.4727,1.4727,1.4727,150,0
2017-10-19,22:00:00,1.47,1.4799,1.47,1.4771,1300,0
2017-10-20,17:00:00,1.4329,1.4496,1.4329,1.4382,652,0
2017-10-20,18:00:00,1.4629,1.4629,1.4629,1.4629,200,0
2017-10-20,19:00:00,1.4478,1.4478,1.4478,1.4478,150,0
2017-10-20,20:00:00,1.43,1.43,1.43,1.43,352,0
2017-10-20,22:00:00,1.4439,1.4439,1.4439,1.4439,170,0
2017-10-23,16:00:00,1.4412,1.4412,1.4412,1.4412,2000,0
2017-10-23,17:00:00,1.4599,1.46,1.4509,1.4522,700,0
2017-10-23,18:00:00,1.44,1.441,1.44,1.441,400,0
2017-10-23,19:00:00,1.44,1.47,1.345,1.46,26092,0
2017-10-23,20:00:00,1.43,1.43,1.43,1.43,100,0
2017-10-23,22:00:00,1.43,1.46,1.36,1.46,1500,0
2017-10-24,18:00:00,1.45,1.55,1.45,1.48,18567,0
2017-10-24,20:00:00,1.46,1.46,1.46,1.46,100,0
2017-10-24,21:00:00,1.4,1.41,1.35,1.35,3100,0
2017-10-24,22:00:00,1.36,1.42,1.36,1.37,2399,0
2017-10-25,19:00:00,1.35,1.46,1.33,1.45,19000,0
2017-10-25,20:00:00,1.4333,1.4333,1.42,1.42,253,0
2017-10-25,21:00:00,1.42,1.42,1.42,1.42,200,0
2017-10-25,22:00:00,1.42,1.46,1.4,1.46,900,0
2017-10-26,16:00:00,1.459,1.46,1.459,1.46,700,0
2017-10-26,17:00:00,1.46,1.48,1.46,1.47,4600,0
2017-10-26,18:00:00,1.47,1.47,1.47,1.47,300,0
2017-10-26,19:00:00,1.47,1.47,1.47,1.47,100,0
2017-10-26,20:00:00,1.47,1.48,1.47,1.48,350,0
2017-10-26,21:00:00,1.49,1.5289,1.49,1.5289,200,0
2017-10-26,22:00:00,1.5289,1.5292,1.43,1.48,1759,0
2017-10-27,16:00:00,1.45,1.51,1.43,1.44,3100,0
2017-10-27,17:00:00,1.5,1.5,1.43,1.43,1945,0
2017-10-27,18:00:00,1.42,1.48,1.41,1.48,800,0
2017-10-27,21:00:00,1.4,1.4,1.36,1.36,2100,0
2017-10-27,22:00:00,1.34,1.39,1.34,1.39,1145,0
2017-10-30,15:00:00,1.39,1.39,1.39,1.39,300,0
2017-10-30,16:00:00,1.4,1.41,1.39,1.397,2380,0
2017-10-30,18:00:00,1.44,1.4499,1.44,1.4499,200,0
2017-10-30,19:00:00,1.43,1.44,1.43,1.44,300,0
2017-10-30,20:00:00,1.42,1.44,1.415,1.44,1928,0
2017-10-30,21:00:00,1.44,1.44,1.44,1.44,300,0
2017-10-31,15:00:00,1.39,1.44,1.39,1.39,490,0
2017-10-31,16:00:00,1.37,1.4292,1.34,1.4175,6854,0
2017-10-31,18:00:00,1.4207,1.4207,1.4207,1.4207,150,0
2017-10-31,19:00:00,1.41,1.42,1.4072,1.42,3400,0
2017-10-31,20:00:00,1.37,1.42,1.37,1.42,3700,0
2017-10-31,21:00:00,1.39,1.42,1.3693,1.42,1950,0
2017-11-01,15:00:00,1.35,1.42,1.35,1.36,2281,0
2017-11-01,16:00:00,1.3501,1.36,1.3501,1.36,1029,0
2017-11-01,17:00:00,1.381,1.381,1.381,1.381,500,0
2017-11-01,19:00:00,1.38,1.38,1.38,1.38,100,0
2017-11-01,21:00:00,1.396,1.42,1.396,1.42,436,0
2017-11-02,18:00:00,1.42,1.42,1.42,1.42,100,0
2017-11-02,21:00:00,1.39,1.4,1.39,1.39,700,0
2017-11-03,16:00:00,1.3756,1.3756,1.3756,1.3756,290,0
2017-11-03,18:00:00,1.36,1.36,1.36,1.36,100,0
2017-11-03,21:00:00,1.3804,1.4,1.3804,1.4,980,0
2017-11-06,16:00:00,1.31,1.4,1.31,1.4,204,0
2017-11-06,22:00:00,1.4,1.4,1.4,1.4,200,0
2017-11-07,16:00:00,1.369,1.37,1.35,1.3667,3418,0
2017-11-07,18:00:00,1.37,1.37,1.37,1.37,200,0
2017-11-07,19:00:00,1.36,1.36,1.36,1.36,150,0
2017-11-07,21:00:00,1.3892,1.3892,1.3712,1.3712,200,0
2017-11-07,22:00:00,1.39,1.39,1.39,1.39,300,0
2017-11-08,16:00:00,1.3514,1.38,1.35,1.353,1519,0
2017-11-08,17:00:00,1.35,1.38,1.35,1.38,415,0
2017-11-08,21:00:00,1.3581,1.3973,1.3581,1.3973,1153,0
2017-11-08,22:00:00,1.4,1.4,1.4,1.4,200,0
2017-11-09,16:00:00,1.4,1.4,1.4,1.4,100,0
2017-11-09,17:00:00,1.364,1.364,1.364,1.364,272,0
2017-11-09,18:00:00,1.38,1.4,1.35,1.36,22745,0
2017-11-09,20:00:00,1.3464,1.3464,1.3101,1.3101,1452,0
2017-11-09,21:00:00,1.32,1.32,1.32,1.32,100,0
2017-11-09,22:00:00,1.33,1.33,1.33,1.33,127,0
2017-11-10,17:00:00,1.32,1.3534,1.31,1.33,1152,0
2017-11-10,18:00:00,1.33,1.33,1.33,1.33,100,0
2017-11-10,20:00:00,1.335,1.36,1.335,1.36,200,0
2017-11-10,21:00:00,1.33,1.3599,1.33,1.3599,500,0
2017-11-10,22:00:00,1.33,1.35,1.31,1.339,1713,0
2017-11-13,17:00:00,1.34,1.34,1.34,1.34,150,0
2017-11-13,20:00:00,1.32,1.3211,1.32,1.32,422,0
2017-11-13,22:00:00,1.32,1.325,1.3101,1.325,1000,0
2017-11-14,16:00:00,1.31,1.31,1.31,1.31,802,0
2017-11-14,17:00:00,1.3324,1.3324,1.32,1.32,400,0
2017-11-14,18:00:00,1.31,1.31,1.3,1.3,2007,0
2017-11-14,21:00:00,1.29,1.29,1.29,1.29,400,0
2017-11-15,17:00:00,1.3328,1.3328,1.3328,1.3328,150,0
2017-11-15,20:00:00,1.2828,1.2828,1.2828,1.2828,150,0
2017-11-16,16:00:00,1.2,1.2,1,1,2272,0
2017-11-16,17:00:00,1.18,1.22,1.105,1.1999,8360,0
2017-11-16,18:00:00,1.2399,1.2399,1.07,1.1056,936,0
2017-11-16,21:00:00,1.14,1.14,1.14,1.14,500,0
2017-11-16,22:00:00,1.14,1.14,1.08,1.08,1131,0
2017-11-17,16:00:00,1.1,1.1,1.1,1.1,100,0
2017-11-17,19:00:00,1.1,1.1,1.1,1.1,400,0
2017-11-17,20:00:00,1.1967,1.2091,1.18,1.2091,2000,0
2017-11-17,22:00:00,1.18,1.2018,1.18,1.2018,1000,0
2017-11-21,16:00:00,1.25,1.25,1.235,1.235,466,0
2017-11-21,17:00:00,1.23,1.32,1.23,1.32,4300,0
2017-11-21,18:00:00,1.2845,1.33,1.2845,1.32,1860,0
2017-11-21,19:00:00,1.33,1.4218,1.32,1.32,5500,0
2017-11-21,20:00:00,1.3,1.3224,1.3,1.3224,450,0
2017-11-21,21:00:00,1.32,1.52,1.32,1.4122,27145,0
2017-11-21,22:00:00,1.4312,1.4899,1.37,1.37,6488,0
2017-11-22,16:00:00,1.38,1.39,1.37,1.37,4550,0
2017-11-22,21:00:00,1.4707,1.4707,1.4707,1.4707,100,0
2017-11-24,16:00:00,1.59,1.59,1.54,1.54,386,0
2017-11-24,17:00:00,1.4,1.4,1.38,1.38,500,0
2017-11-24,18:00:00,1.37,1.37,1.36,1.36,700,0
2017-11-24,19:00:00,1.3763,1.39,1.36,1.36,2774,0
2017-11-27,16:00:00,1.36,1.36,1.35,1.35,5174,0
2017-11-27,17:00:00,1.35,1.35,1.26,1.319,1667,0
2017-11-27,18:00:00,1.3136,1.3136,1.3136,1.3136,150,0
2017-11-27,19:00:00,1.27,1.27,1.2525,1.2525,5000,0
2017-11-27,20:00:00,1.3124,1.3124,1.2736,1.2736,4190,0
2017-11-27,21:00:00,1.28,1.28,1.28,1.28,100,0
2017-11-27,22:00:00,1.28,1.36,1.27,1.28,7672,0
2017-11-28,16:00:00,1.2701,1.3087,1.2701,1.3087,550,0
2017-11-28,17:00:00,1.27,1.3,1.27,1.2705,2210,0
2017-11-28,19:00:00,1.28,1.2802,1.2101,1.22,6499,0
2017-11-28,20:00:00,1.22,1.22,1.22,1.22,200,0
2017-11-28,21:00:00,1.2225,1.25,1.2225,1.25,1624,0
2017-11-28,22:00:00,1.3199,1.3199,1.22,1.24,1200,0
2017-11-29,16:00:00,1.23,1.29,1.23,1.2601,6305,0
2017-11-29,17:00:00,1.26,1.2608,1.23,1.24,844,0
2017-11-29,18:00:00,1.29,1.29,1.29,1.29,100,0
2017-11-29,20:00:00,1.28,1.28,1.28,1.28,100,0
2017-11-29,21:00:00,1.28,1.28,1.28,1.28,100,0
2017-11-29,22:00:00,1.3,1.3,1.23,1.255,6069,0
2017-11-30,18:00:00,1.22,1.22,1.22,1.22,100,0
2017-11-30,21:00:00,1.2181,1.2181,1.21,1.21,2116,0
2017-11-30,22:00:00,1.21,1.21,1.21,1.21,100,0
2017-12-01,16:00:00,1.21,1.21,1.21,1.21,481,0
2017-12-01,17:00:00,1.2194,1.22,1.21,1.22,3800,0
2017-12-01,18:00:00,1.21,1.21,1.21,1.21,100,0
2017-12-01,19:00:00,1.2199,1.2199,1.2199,1.2199,200,0
2017-12-01,22:00:00,1.219,1.219,1.219,1.219,734,0
2017-12-04,17:00:00,1.215,1.215,1.215,1.215,1000,0
2017-12-04,22:00:00,1.21,1.2161,1.21,1.21,1100,0
2017-12-05,16:00:00,1.21,1.21,1.21,1.21,100,0
2017-12-05,17:00:00,1.21,1.21,1.21,1.21,623,0
2017-12-05,21:00:00,1.17,1.2,1.1699,1.1737,5851,0
2017-12-06,16:00:00,1.16,1.16,1.1156,1.1156,1232,0
2017-12-06,20:00:00,1.1033,1.1033,1.1033,1.1033,612,0
2017-12-06,22:00:00,1.13,1.13,1.13,1.13,100,0
