Date,Time,Open,High,Low,Close,Volume,OpenInt
2010-09-28,22:00:00,75.236,75.236,73.896,73.896,400,0
2010-10-29,20:00:00,76.576,77.359,76.576,77.359,2057,0
2010-11-24,20:00:00,77.359,77.359,77.359,77.359,40,0
2010-11-26,18:00:00,77.359,77.359,77.359,77.359,409,0
2010-12-15,21:00:00,74.219,74.219,74.219,74.219,128,0
2010-12-29,17:00:00,71.448,71.448,71.126,71.126,108,0
2010-12-29,20:00:00,72.511,72.511,72.511,72.511,10,0
2010-12-29,21:00:00,73.896,73.896,73.896,73.896,20,0
2011-01-04,20:00:00,74.137,74.137,74.137,74.137,118,0
2011-01-04,21:00:00,74.127,75.513,74.127,75.513,216,0
2011-01-05,21:00:00,76.159,76.159,76.159,76.159,175,0
2011-01-11,20:00:00,75.975,75.975,75.975,75.975,124,0
2011-01-12,18:00:00,76.205,76.205,76.205,76.205,444,0
2011-01-18,22:00:00,76.436,76.436,76.436,76.436,22,0
2011-01-20,22:00:00,78.514,78.514,78.514,78.514,40,0
2011-01-27,18:00:00,78.219,78.219,78.219,78.219,33,0
2011-01-27,20:00:00,78.275,78.875,78.275,78.875,692,0
2011-01-27,21:00:00,79.208,79.208,79.208,79.208,759,0
2011-01-31,17:00:00,79.143,79.143,78.33,78.33,800,0
2011-01-31,19:00:00,76.945,76.945,76.945,76.945,226,0
2011-02-02,17:00:00,77.165,77.165,77.165,77.165,108,0
2011-02-02,18:00:00,77.231,77.231,77.231,77.231,108,0
2011-02-02,20:00:00,77.231,77.231,77.231,77.231,519,0
2011-02-04,18:00:00,81.285,81.285,81.285,81.285,10,0
2011-02-07,16:00:00,81.046,81.046,81.046,81.046,108,0
2011-02-07,17:00:00,80.695,80.695,80.695,80.695,542,0
2011-02-09,17:00:00,78.976,78.976,78.968,78.976,68,0
2011-02-24,18:00:00,80.362,80.362,80.362,80.362,216,0
2011-02-28,17:00:00,76.677,76.677,76.677,76.677,206,0
2011-03-02,19:00:00,76.668,76.668,76.668,76.668,26,0
2011-03-02,20:00:00,76.907,77.13,76.907,77.13,601,0
2011-03-08,17:00:00,75.605,75.605,75.605,75.605,216,0
2011-03-10,22:00:00,75.873,75.873,75.873,75.873,68,0
2011-03-11,17:00:00,76.242,76.242,76.242,76.242,108,0
2011-03-14,19:00:00,76.528,76.528,76.528,76.528,78,0
2011-03-14,21:00:00,76.584,76.584,76.584,76.584,216,0
2011-03-15,18:00:00,78.838,78.838,78.838,78.838,20,0
2011-03-16,17:00:00,78.524,78.524,78.524,78.524,108,0
2011-03-16,19:00:00,78.062,78.062,78.062,78.062,216,0
2011-03-17,18:00:00,76.528,76.528,75.993,75.993,324,0
2011-03-18,19:00:00,76.363,76.363,76.363,76.363,108,0
2011-03-18,20:00:00,76.372,76.372,76.372,76.372,108,0
2011-03-25,21:00:00,76.086,76.086,76.086,76.086,61,0
2011-03-28,16:00:00,76.668,76.668,76.668,76.668,216,0
2011-03-28,20:00:00,75.615,75.615,75.615,75.615,54,0
2011-03-28,21:00:00,76.39,76.427,76.39,76.427,163,0
2011-03-31,16:00:00,78.514,78.514,78.514,78.514,20,0
2011-04-01,19:00:00,78.514,78.514,78.514,78.514,196,0
2011-04-06,20:00:00,78.164,78.164,78.164,78.164,216,0
2011-04-15,17:00:00,77.729,77.729,77.721,77.721,108,0
2011-04-20,22:00:00,77.397,77.397,77.397,77.397,20,0
2011-04-29,17:00:00,76.233,76.233,76.233,76.233,10,0
2011-04-29,18:00:00,75.892,75.892,75.892,75.892,108,0
2011-05-02,19:00:00,76.215,76.215,76.215,76.215,324,0
2011-05-04,17:00:00,75.975,75.975,75.975,75.975,346,0
2011-05-04,18:00:00,76.436,76.436,76.436,76.436,20,0
2011-05-04,20:00:00,76.427,76.436,76.427,76.436,707,0
2011-05-05,18:00:00,75.651,75.651,75.651,75.651,108,0
2011-05-05,19:00:00,76.205,76.205,76.205,76.205,216,0
2011-05-05,21:00:00,76.122,76.122,76.122,76.122,95,0
2011-05-06,18:00:00,76.668,77.359,76.668,77.359,432,0
2011-05-06,22:00:00,77.369,77.369,77.369,77.369,108,0
2011-05-13,22:00:00,76.999,76.999,76.999,76.999,20,0
2011-05-18,17:00:00,76.64,76.64,76.63,76.63,216,0
2011-05-24,16:00:00,77.795,80.223,77.795,78.838,118,0
2011-05-24,17:00:00,78.514,78.514,78.514,78.514,20,0
2011-05-24,22:00:00,78.469,78.469,78.469,78.469,128,0
2011-05-27,17:00:00,78.164,78.164,78.164,78.164,108,0
2011-05-27,21:00:00,78.173,78.173,78.173,78.173,88,0
2011-06-01,17:00:00,78.524,80.362,78.524,80.362,651,0
2011-06-01,22:00:00,78.183,78.183,77.222,77.222,432,0
2011-06-02,16:00:00,75.882,75.911,74.496,75.596,985,0
2011-06-02,19:00:00,76.732,76.732,76.732,76.732,138,0
2011-06-02,22:00:00,75.744,75.744,75.744,75.744,88,0
2011-06-03,16:00:00,75.965,76.067,75.836,75.882,985,0
2011-06-03,19:00:00,75.744,75.744,75.744,75.744,108,0
2011-06-03,21:00:00,76.252,77.591,76.252,77.591,3615,0
2011-06-08,22:00:00,77.231,77.231,77.231,77.231,20,0
2011-06-10,17:00:00,78.183,78.183,78.183,78.183,78,0
2011-06-10,20:00:00,77.037,77.037,77.037,77.037,30,0
2011-06-13,22:00:00,78.053,78.183,78.053,78.183,2511,0
2011-06-15,22:00:00,78.183,78.183,77.914,77.914,68,0
2011-07-11,22:00:00,77.582,77.582,77.582,77.582,703,0
2011-07-13,22:00:00,78.183,78.183,78.145,78.145,120,0
2011-07-14,18:00:00,77.84,77.84,77.84,77.84,20,0
2011-07-21,20:00:00,79.023,79.208,78.968,79.014,248,0
2011-07-22,19:00:00,81.285,81.285,81.285,81.285,2121,0
2011-07-25,21:00:00,80.982,80.982,80.982,80.982,88,0
2011-07-25,22:00:00,80.972,80.982,80.963,80.963,423,0
2011-07-27,18:00:00,80.686,81.285,80.362,81.285,3451,0
2011-07-27,22:00:00,81.147,81.147,81.147,81.147,20,0
2011-07-28,20:00:00,81.526,81.526,81.526,81.526,10,0
2011-08-12,18:00:00,76.455,77.582,75.3,77.582,138,0
2011-08-12,19:00:00,77.582,77.582,77.582,77.582,293,0
2011-08-15,22:00:00,75.281,75.281,75.281,75.281,54,0
2011-08-22,17:00:00,79.439,79.439,78.931,78.931,30,0
2011-08-22,22:00:00,80.26,80.26,80.26,80.26,282,0
2011-08-26,22:00:00,80.177,80.177,80.177,80.177,553,0
2011-08-29,22:00:00,81.259,81.259,81.259,81.259,30,0
2011-09-01,19:00:00,80.362,80.362,80.362,80.362,1763,0
2011-09-02,17:00:00,81.24,81.24,81.24,81.24,72,0
2011-09-02,18:00:00,81.24,81.285,81.24,81.285,108,0
2011-09-15,18:00:00,78.681,78.681,78.514,78.514,883,0
2011-09-19,17:00:00,78.579,78.579,78.579,78.579,19,0
2011-09-20,17:00:00,80.252,80.269,80.252,80.269,88,0
2011-09-27,22:00:00,80.177,80.177,80.177,80.177,10,0
2011-10-06,16:00:00,77.591,77.591,77.591,77.591,108,0
2011-10-06,22:00:00,78.838,78.838,78.838,78.838,10,0
2011-10-10,17:00:00,78.976,79.9,78.976,79.9,216,0
2011-10-13,21:00:00,79.845,80.823,79.845,80.823,1918,0
2011-10-18,20:00:00,83.133,83.133,83.133,83.133,108,0
2011-10-19,18:00:00,84.057,84.057,84.057,84.057,30,0
2011-10-20,22:00:00,83.115,83.133,83.115,83.133,20,0
2011-10-24,16:00:00,83.133,83.133,83.133,83.133,30,0
2011-10-24,18:00:00,83.115,83.115,83.115,83.115,17,0
2011-10-25,17:00:00,83.133,83.133,83.133,83.133,15,0
2011-10-25,20:00:00,81.886,82.672,81.285,82.672,5573,0
2011-10-27,21:00:00,82.21,82.21,82.21,82.21,1278,0
2011-10-31,17:00:00,80.713,80.778,80.713,80.778,270,0
2011-11-03,18:00:00,83.503,83.503,83.503,83.503,108,0
2011-11-07,22:00:00,78.024,78.024,78.024,78.024,54,0
2011-11-10,21:00:00,83.503,83.503,83.503,83.503,72,0
2011-11-29,17:00:00,83.595,84.519,83.595,84.519,6465,0
2011-12-09,18:00:00,79.937,79.937,79.937,79.937,30,0
2012-01-18,18:00:00,77.601,77.601,77.601,77.601,16,0
2012-01-18,20:00:00,77.591,77.591,77.591,77.591,66,0
2012-01-18,21:00:00,78.053,78.053,78.053,78.053,54,0
2012-01-20,18:00:00,77.591,77.591,77.591,77.591,216,0
2012-01-20,19:00:00,78.514,78.514,78.514,78.514,216,0
2012-01-25,20:00:00,80.344,81.73,80.344,81.73,47,0
2012-01-25,22:00:00,82.672,83.086,82.672,83.086,138,0
2012-01-26,20:00:00,83.086,84.057,83.086,84.057,324,0
2012-01-27,21:00:00,85.802,85.802,84.565,84.565,31,0
2012-01-27,22:00:00,84.75,85.904,84.75,85.027,7880,0
2012-01-31,22:00:00,84.057,84.057,84.057,84.057,30,0
2012-02-06,19:00:00,82.21,82.21,82.21,82.21,108,0
2012-02-14,17:00:00,83.595,84.057,83.595,84.057,40,0
2012-02-14,18:00:00,84.519,84.519,84.519,84.519,372,0
2012-02-17,22:00:00,86.827,87.29,86.597,87.29,8747,0
2012-02-21,22:00:00,84.112,84.112,84.057,84.057,220,0
2012-03-02,18:00:00,84.981,84.981,84.981,84.981,2164,0
2012-03-12,20:00:00,83.133,83.133,82.236,82.236,268,0
2012-03-12,21:00:00,82.302,83.623,82.302,83.623,172,0
2012-03-26,18:00:00,80.788,80.788,80.788,80.788,23,0
2012-03-26,21:00:00,80.815,82.034,80.815,82.034,30,0
2012-04-13,17:00:00,83.309,83.309,83.309,83.309,10,0
2012-04-13,18:00:00,83.355,83.355,83.355,83.355,151,0
2012-04-27,17:00:00,83.133,83.133,83.133,83.133,68,0
2012-04-27,22:00:00,83.133,83.133,83.133,83.133,79,0
2012-05-04,21:00:00,82.726,82.726,82.717,82.717,196,0
2012-05-14,16:00:00,85.885,85.885,85.812,85.812,20,0
2012-05-15,18:00:00,84.981,84.981,83.115,83.115,165,0
2012-05-22,21:00:00,86.32,86.32,86.32,86.32,20,0
2012-05-29,16:00:00,89.128,89.128,87.734,87.734,40,0
2012-05-31,21:00:00,85.137,85.137,85.137,85.137,108,0
2012-06-05,21:00:00,85.202,85.202,85.202,85.202,108,0
2012-06-14,18:00:00,87.097,87.097,87.097,87.097,216,0
2012-06-14,20:00:00,87.244,87.29,87.244,87.29,4590,0
2012-06-18,22:00:00,84.583,85.969,84.583,85.969,31,0
2012-06-21,18:00:00,88.712,88.712,88.712,88.712,54,0
2012-06-25,17:00:00,88.768,88.768,87.374,87.374,73,0
2012-06-25,22:00:00,86.827,86.827,86.061,86.061,68,0
2012-07-09,16:00:00,87.383,87.383,87.383,87.383,20,0
2012-07-09,22:00:00,87.383,87.383,87.383,87.383,11,0
2012-07-13,22:00:00,86.607,86.607,86.597,86.597,108,0
2012-07-17,17:00:00,87.863,87.909,87.863,87.909,108,0
2012-07-23,21:00:00,89.581,89.59,89.581,89.59,108,0
2012-08-06,18:00:00,92.353,92.353,92.353,92.353,10,0
2012-08-06,21:00:00,93.737,93.793,93.737,93.793,128,0
2012-08-06,22:00:00,92.361,92.361,92.361,92.361,20,0
2012-08-07,16:00:00,94.679,94.679,94.679,94.679,33,0
2012-08-07,17:00:00,93.257,93.257,93.257,93.257,10,0
2012-08-09,18:00:00,90.485,90.485,90.485,90.485,216,0
2012-08-10,19:00:00,91.889,91.889,91.889,91.889,10,0
2012-08-10,20:00:00,90.504,90.504,90.504,90.504,10,0
2012-08-16,17:00:00,91.446,91.446,91.446,91.446,10,0
2012-08-16,20:00:00,90.079,91.427,90.052,90.052,98,0
2012-08-20,21:00:00,91.446,91.446,91.446,91.446,108,0
2012-08-24,20:00:00,87.317,88.629,87.317,88.629,92,0
2012-08-28,21:00:00,90.985,90.985,90.985,90.985,68,0
2012-08-29,16:00:00,90.985,90.985,90.985,90.985,54,0
2012-09-04,16:00:00,90.985,90.985,90.985,90.985,128,0
2012-09-04,17:00:00,89.618,90.523,89.618,90.523,9483,0
2012-09-27,21:00:00,90.523,90.523,90.523,90.523,76,0
2012-10-02,17:00:00,88.057,88.075,88.057,88.075,128,0
2012-10-03,19:00:00,88.676,88.676,88.676,88.676,456,0
2012-10-03,22:00:00,88.676,88.676,88.676,88.676,30,0
2012-10-05,20:00:00,89.599,89.599,89.599,89.599,216,0
2012-10-15,18:00:00,89.018,89.608,89.018,89.599,163,0
2012-10-15,19:00:00,90.07,90.523,90.07,90.523,54,0
2012-10-15,20:00:00,90.532,90.892,90.523,90.523,9412,0
2012-10-16,22:00:00,89.599,89.645,85.506,86.827,1308,0
2012-10-17,17:00:00,89.22,89.22,89.22,89.22,10,0
2012-10-17,19:00:00,89.211,89.211,89.026,89.026,227,0
2012-10-25,17:00:00,87.752,87.752,86.366,87.752,420,0
2012-10-25,18:00:00,87.982,87.982,87.982,87.982,30,0
2012-10-25,19:00:00,88.122,88.122,88.122,88.122,108,0
2012-10-31,16:00:00,87.752,87.752,87.752,87.752,271,0
2012-10-31,17:00:00,88.306,88.306,86.827,87.391,358,0
2012-10-31,19:00:00,87.521,87.521,87.521,87.521,54,0
2012-11-01,18:00:00,87.752,87.752,87.752,87.752,108,0
2012-11-08,16:00:00,87.29,87.29,87.29,87.29,82,0
2012-11-08,17:00:00,88.399,88.399,88.399,88.399,1786,0
2012-11-16,22:00:00,86.827,86.827,86.827,86.827,71,0
2012-11-19,16:00:00,89.091,89.091,89.091,89.091,40,0
2012-11-19,17:00:00,89.091,89.091,89.091,89.091,128,0
2012-11-19,18:00:00,90.043,90.32,90.043,90.32,88,0
2012-11-19,19:00:00,90.32,90.32,90.32,90.32,68,0
2012-11-19,20:00:00,88.694,89.941,88.685,89.941,88,0
2012-11-19,21:00:00,89.941,90.024,87.982,89.737,196,0
2012-11-19,22:00:00,89.904,89.941,89.581,89.83,151,0
2012-11-21,19:00:00,87.059,87.059,87.059,87.059,10,0
2012-11-26,17:00:00,92.324,92.324,92.324,92.324,10,0
2012-11-26,18:00:00,92.14,92.14,92.14,92.14,10,0
2012-11-26,19:00:00,90.938,90.938,89.137,89.137,196,0
2012-11-26,22:00:00,89.091,89.091,89.091,89.091,293,0
2012-11-27,16:00:00,91.863,91.908,91.863,91.908,20,0
2012-11-27,17:00:00,92.232,92.232,87.845,87.845,129,0
2012-11-28,16:00:00,86.846,86.846,86.846,86.846,11,0
2012-11-30,16:00:00,86.846,86.846,86.846,86.846,106,0
2012-11-30,17:00:00,86.874,86.874,86.846,86.846,215,0
2012-12-11,17:00:00,86.827,86.827,86.827,86.827,493,0
2012-12-11,20:00:00,87.66,87.66,87.66,87.66,280,0
2012-12-13,22:00:00,84.168,85.554,84.168,85.554,79,0
2012-12-19,20:00:00,84.666,84.666,84.666,84.666,108,0
2012-12-20,20:00:00,84.519,84.981,84.519,84.981,553,0
2012-12-20,21:00:00,84.426,84.426,84.426,84.426,20,0
2012-12-21,17:00:00,85.442,85.442,85.442,85.442,124,0
2012-12-27,18:00:00,85.442,85.442,84.426,84.426,163,0
2012-12-28,16:00:00,86.366,86.366,86.366,86.366,108,0
2013-01-04,20:00:00,87.114,87.114,87.114,87.114,108,0
2013-01-04,22:00:00,87.132,88.444,87.132,88.444,5004,0
2013-01-11,22:00:00,89.858,89.858,89.858,89.858,108,0
2013-01-14,21:00:00,89.83,91.179,89.83,89.83,226,0
2013-01-15,18:00:00,89.599,89.599,89.599,89.599,10,0
2013-01-16,16:00:00,89.608,89.608,89.608,89.608,216,0
2013-01-17,21:00:00,91.446,91.446,90.523,90.523,236,0
2013-01-23,21:00:00,87.29,90.07,86.827,86.827,30,0
2013-01-28,19:00:00,85.018,85.018,85.018,85.018,30,0
2013-01-31,18:00:00,84.057,85.904,84.057,85.904,432,0
2013-02-13,22:00:00,84.287,84.287,84.251,84.251,68,0
2013-02-15,22:00:00,85.35,85.396,85.35,85.396,68,0
2013-03-04,22:00:00,87.336,87.336,87.298,87.298,138,0
2013-03-06,18:00:00,84.528,85.073,83.143,84.981,855,0
2013-03-06,19:00:00,85.212,85.442,85.212,85.442,78,0
2013-03-06,20:00:00,85.904,85.904,85.904,85.904,151,0
2013-03-06,21:00:00,86.136,86.136,85.489,85.489,639,0
2013-03-06,22:00:00,85.535,85.535,85.535,85.535,108,0
2013-03-07,18:00:00,86.735,86.735,86.735,86.735,108,0
2013-03-18,21:00:00,88.655,89.075,88.655,89.075,719,0
2013-03-22,21:00:00,88.142,88.609,88.142,88.609,139,0
2013-03-28,19:00:00,85.876,85.876,85.876,85.876,172,0
2013-03-28,20:00:00,85.876,85.876,85.858,85.858,225,0
2013-03-28,21:00:00,85.858,85.96,85.858,85.904,644,0
2013-04-01,17:00:00,88.609,88.609,88.609,88.609,10,0
2013-04-10,18:00:00,87.909,87.909,87.909,87.909,10,0
2013-04-19,18:00:00,86.743,86.743,86.743,86.743,10,0
2013-04-24,22:00:00,87.209,87.209,87.209,87.209,10,0
2013-04-25,17:00:00,86.277,86.277,86.277,86.277,54,0
2013-04-25,22:00:00,87.573,87.573,85.904,87.061,343,0
2013-04-26,16:00:00,88.142,89.066,88.142,89.066,493,0
2013-04-30,16:00:00,85.904,85.904,85.904,85.904,107,0
2013-05-01,21:00:00,87.676,87.769,87.676,87.769,224,0
2013-05-02,17:00:00,89.168,90.241,88.973,90.241,43989,0
2013-05-03,21:00:00,89.541,90.241,89.541,90.241,7293,0
2013-05-06,18:00:00,88.059,88.059,88.059,88.059,17,0
2013-05-06,19:00:00,88.898,88.898,88.898,88.898,117,0
2013-05-08,21:00:00,88.917,88.917,86.743,88.898,293,0
2013-05-14,17:00:00,91.408,91.408,91.408,91.408,537,0
2013-05-15,22:00:00,88.199,88.199,88.199,88.199,10,0
2013-05-20,22:00:00,90.968,91.64,89.616,89.616,1650,0
2013-05-21,22:00:00,91.948,93.273,90.558,90.558,569,0
2013-05-24,19:00:00,91.967,92.89,91.967,92.89,9808,0
2013-05-24,22:00:00,91.594,91.594,91.594,91.594,10,0
2013-05-28,18:00:00,94.392,94.392,94.392,94.392,10,0
2013-05-28,20:00:00,95.139,95.139,94.205,94.205,30,0
2013-05-28,21:00:00,92.797,92.797,92.797,92.797,10,0
2013-05-29,16:00:00,94.205,94.205,94.205,94.205,10,0
2013-05-29,21:00:00,94.205,94.205,94.205,94.205,494,0
2013-05-29,22:00:00,93.972,93.972,93.972,93.972,494,0
2013-06-06,16:00:00,93.058,93.058,93.058,93.058,428,0
2013-06-10,19:00:00,93.692,93.739,93.273,93.273,93,0
2013-06-10,21:00:00,92.536,92.536,92.536,92.536,107,0
2013-06-13,20:00:00,95.075,95.075,95.075,95.075,40,0
2013-06-13,21:00:00,91.357,92.016,91.357,92.016,3463,0
2013-06-17,17:00:00,94.135,94.135,93.898,93.898,86,0
2013-06-17,20:00:00,92.487,92.487,90.218,90.557,96,0
2013-06-18,16:00:00,92.535,92.535,92.535,92.535,40,0
2013-06-18,17:00:00,92.723,92.723,92.723,92.723,30,0
2013-06-18,19:00:00,91.159,91.159,91.159,91.159,30,0
2013-06-25,19:00:00,93.504,93.504,93.504,93.504,106,0
2013-07-01,16:00:00,88.863,88.863,88.863,88.863,20,0
2013-07-01,18:00:00,90.199,90.199,90.199,90.199,10,0
2013-07-11,21:00:00,92.016,92.064,92.016,92.064,91,0
2013-07-24,17:00:00,90.171,90.293,90.171,90.293,116,0
2013-07-29,22:00:00,90.293,90.293,90.293,90.293,43,0
2013-07-30,16:00:00,93.645,93.645,91.292,91.292,40,0
2013-07-31,19:00:00,93.551,93.551,93.551,93.551,54,0
2013-07-31,20:00:00,92.139,92.139,91.311,91.311,96,0
2013-07-31,22:00:00,92.684,92.684,92.684,92.684,10,0
2013-08-02,19:00:00,90.331,90.331,88.976,88.976,54,0
2013-08-05,20:00:00,92.233,92.233,92.233,92.233,40,0
2013-08-29,21:00:00,91.311,92.016,91.311,92.016,7966,0
2013-08-29,22:00:00,87.545,87.545,87.526,87.526,47,0
2013-08-30,19:00:00,89.861,90.802,88.506,88.506,116,0
2013-09-03,20:00:00,86.199,86.199,86.199,86.199,16,0
2013-09-04,17:00:00,85.663,86.838,85.663,86.838,1083,0
2013-09-04,21:00:00,86.952,86.952,86.952,86.952,10,0
2013-09-10,19:00:00,88.016,88.016,88.016,88.016,40,0
2013-09-10,20:00:00,88.251,88.251,88.251,88.251,126,0
2013-09-10,21:00:00,88.016,88.016,88.016,88.016,126,0
2013-09-13,17:00:00,86.503,86.503,86.503,86.503,352,0
2013-09-13,18:00:00,86.503,87.929,86.503,87.929,702,0
2013-09-23,22:00:00,84.611,84.611,84.611,84.611,273,0
2013-09-25,17:00:00,84.592,84.592,84.592,84.592,22,0
2013-10-01,16:00:00,83.318,84.364,83.318,84.364,220,0
2013-10-01,19:00:00,84.572,84.572,84.572,84.572,10,0
2013-10-09,19:00:00,86.503,86.503,86.503,86.503,10,0
2013-10-09,22:00:00,86.549,86.549,86.549,86.549,105,0
2013-10-10,18:00:00,85.789,86.988,84.374,86.988,105,0
2013-10-10,19:00:00,84.602,84.602,83.651,83.651,40,0
2013-10-10,20:00:00,85.77,85.77,85.77,85.77,240,0
2013-10-10,21:00:00,87.064,87.064,87.064,87.064,71,0
2013-10-11,22:00:00,88.147,88.147,88.147,88.147,110,0
2013-10-14,20:00:00,88.147,88.147,88.147,88.147,10,0
2013-10-18,22:00:00,89.924,89.924,89.924,89.924,71,0
2013-10-22,20:00:00,87.31,87.31,87.31,87.31,115,0
2013-10-23,17:00:00,88.622,88.622,88.622,88.622,45,0
2013-10-24,17:00:00,89.678,89.678,89.678,89.678,100,0
2013-11-04,22:00:00,88.365,88.365,88.356,88.356,210,0
2013-11-06,22:00:00,92.016,92.016,92.016,92.016,54,0
2013-11-14,17:00:00,87.32,87.32,83.889,83.889,275,0
2013-11-22,16:00:00,93.394,93.394,91.73,91.73,95,0
2013-11-22,19:00:00,91.255,91.255,89.354,90.304,1040,0
2013-11-27,20:00:00,88.327,88.327,88.327,88.327,220,0
2013-11-29,17:00:00,93.632,93.632,92.225,92.225,20,0
2013-12-02,19:00:00,93.566,93.566,93.566,93.566,10,0
2013-12-02,22:00:00,93.156,93.156,92.73,92.73,20,0
2013-12-03,22:00:00,92.634,92.634,92.634,92.634,10,0
2013-12-05,16:00:00,91.331,91.331,91.331,91.331,210,0
2013-12-05,22:00:00,93.679,93.679,93.679,93.679,30,0
2013-12-24,19:00:00,92.086,92.086,92.086,92.086,10,0
2013-12-27,19:00:00,89.209,89.247,89.209,89.247,74,0
2014-01-16,21:00:00,87.904,87.904,87.904,87.904,20,0
2014-01-17,19:00:00,86.619,86.619,86.619,86.619,10,0
2014-01-23,19:00:00,85.333,85.333,85.333,85.333,20,0
2014-01-30,17:00:00,84.047,84.086,84.047,84.086,168,0
2014-02-13,18:00:00,82.819,82.819,82.819,82.819,81,0
2014-02-18,18:00:00,79.193,79.193,79.193,79.193,33,0
2014-02-18,22:00:00,79.625,79.625,79.203,79.203,198,0
2014-02-19,18:00:00,79.817,80.105,79.817,80.105,322,0
2014-02-19,21:00:00,81.016,81.016,81.016,81.016,114,0
2014-02-20,18:00:00,81.736,81.736,81.736,81.736,208,0
2014-02-24,19:00:00,81.736,81.736,81.736,81.736,71,0
2014-02-25,21:00:00,81.535,83.021,80.585,83.021,208,0
2014-02-25,22:00:00,84.268,86.868,84.268,86.868,376,0
2014-02-27,21:00:00,86.964,86.964,85.574,85.574,470,0
2014-02-28,22:00:00,86.34,86.34,86.34,86.34,10,0
2014-03-04,21:00:00,87.54,87.54,87.54,87.54,12,0
2014-03-05,21:00:00,85.094,85.094,85.094,85.094,40,0
2014-03-06,22:00:00,88.02,88.02,87.924,87.924,114,0
2014-03-10,20:00:00,88.259,88.259,86.696,86.696,153,0
2014-03-11,16:00:00,87.866,87.866,86.811,86.811,40,0
2014-03-12,15:00:00,85.506,85.506,85.506,85.506,10,0
2014-03-13,15:00:00,83.107,83.107,83.107,83.107,10,0
2014-03-17,21:00:00,84.358,84.358,84.358,84.358,103,0
2014-03-24,20:00:00,82.06,82.06,82.06,82.06,103,0
2014-03-27,21:00:00,83.447,85.288,83.447,85.288,126,0
2014-03-28,20:00:00,85.308,85.308,85.308,85.308,10,0
2014-03-31,16:00:00,85.783,85.783,85.783,85.783,20,0
2014-03-31,17:00:00,85.308,85.308,85.308,85.308,10,0
2014-03-31,18:00:00,85.308,85.308,84.872,84.872,173,0
2014-03-31,20:00:00,84.882,84.882,84.872,84.872,33,0
2014-04-01,19:00:00,83.612,83.612,83.612,83.612,93,0
2014-04-02,17:00:00,86.103,86.103,86.103,86.103,103,0
2014-04-07,17:00:00,86.277,87.247,86.277,87.247,309,0
2014-04-10,20:00:00,84.716,84.716,84.716,84.716,412,0
2014-04-10,21:00:00,84.435,84.435,82.448,82.448,53,0
2014-04-10,22:00:00,83.369,83.369,83.369,83.369,40,0
2014-04-11,17:00:00,83.369,83.369,82.448,82.448,53,0
2014-04-11,18:00:00,82.448,82.739,82.448,82.555,105,0
2014-04-14,17:00:00,82.642,85.007,82.545,85.007,341,0
2014-04-15,17:00:00,82.4,82.4,82.4,82.4,33,0
2014-04-17,22:00:00,83.853,84.047,83.853,84.047,61,0
2014-04-21,22:00:00,82.642,82.642,82.642,82.642,10,0
2014-04-23,17:00:00,83.175,83.175,83.175,83.175,10,0
2014-04-23,19:00:00,85.114,85.114,85.114,85.114,10,0
2014-04-23,20:00:00,84.338,84.338,83.563,83.563,1032,0
2014-04-23,22:00:00,84.097,84.097,84.097,84.097,10,0
2014-04-24,18:00:00,84.338,84.338,83.359,83.369,1351,0
2014-04-24,19:00:00,83.853,83.853,83.369,83.369,629,0
2014-04-24,20:00:00,83.853,83.853,83.311,83.369,733,0
2014-04-24,21:00:00,84.591,84.591,84.591,84.591,10,0
2014-04-25,19:00:00,83.853,83.853,83.853,83.853,103,0
2014-04-28,18:00:00,83.66,83.853,83.66,83.853,309,0
2014-04-28,19:00:00,83.853,83.853,83.853,83.853,206,0
2014-04-28,20:00:00,83.612,85.861,83.418,83.95,1579,0
2014-04-28,21:00:00,83.756,84.94,83.747,84.872,1947,0
2014-05-01,20:00:00,84.338,84.338,84.338,84.338,103,0
2014-05-06,17:00:00,83.689,83.689,83.689,83.689,10,0
2014-05-06,21:00:00,83.66,83.66,83.66,83.66,11,0
2014-05-19,20:00:00,83.689,83.689,82.478,82.478,259,0
2014-05-20,18:00:00,84.445,84.445,84.445,84.445,103,0
2014-05-20,19:00:00,84.949,84.949,84.949,84.949,113,0
2014-05-22,17:00:00,82.428,82.428,82.428,82.428,100,0
2014-05-28,17:00:00,84.949,84.949,84.949,84.949,103,0
2014-05-29,18:00:00,84.91,84.91,84.91,84.91,148,0
2014-06-05,16:00:00,83.631,84.91,83.631,84.91,63,0
2014-06-05,17:00:00,84.91,84.91,84.91,84.91,30,0
2014-06-05,19:00:00,86.18,86.18,86.18,86.18,10,0
2014-06-05,20:00:00,86.18,86.18,86.18,86.18,10,0
2014-06-05,21:00:00,86.18,86.18,86.18,86.18,10,0
2014-06-05,22:00:00,86.18,86.18,86.18,86.18,93,0
2014-06-20,20:00:00,88.58,88.58,88.55,88.58,336,0
2014-06-24,17:00:00,88.149,88.149,88.149,88.149,10,0
2014-07-03,19:00:00,87.16,89.305,87.11,89.305,2460,0
2014-07-07,22:00:00,87.963,87.963,87.963,87.963,10,0
2014-07-08,16:00:00,87.18,87.18,84.241,84.281,301,0
2014-07-08,17:00:00,86.622,86.622,85.476,86.622,316,0
2014-07-08,19:00:00,86.622,86.622,86.622,86.622,92,0
2014-07-08,22:00:00,86.622,86.622,86.622,86.622,62,0
2014-07-10,19:00:00,87.65,87.65,87.65,87.65,204,0
2014-07-10,20:00:00,87.65,87.65,87.65,87.65,204,0
2014-07-14,22:00:00,87.924,87.924,87.208,87.208,1338,0
2014-07-15,21:00:00,88.188,88.188,88.188,88.188,112,0
2014-07-18,17:00:00,86.631,86.631,86.366,86.631,480,0
2014-07-21,20:00:00,85.201,85.201,85.201,85.201,15,0
2014-07-22,18:00:00,87.65,87.65,87.65,87.65,450,0
2014-07-22,20:00:00,87.65,87.65,87.65,87.65,164,0
2014-07-23,19:00:00,87.65,87.65,86.328,87.65,256,0
2014-07-29,16:00:00,86.328,86.328,86.328,86.328,112,0
2014-07-31,22:00:00,86.426,86.426,86.426,86.426,204,0
2014-08-01,18:00:00,88.629,88.629,88.629,88.629,1032,0
2014-08-14,17:00:00,88.139,90.098,88.139,90.098,530,0
2014-08-18,21:00:00,85.221,85.221,85.221,85.221,204,0
2014-08-19,17:00:00,88.139,88.139,88.139,88.139,204,0
2014-08-19,18:00:00,88.139,88.139,88.139,88.139,102,0
2014-08-29,19:00:00,89.363,90.343,89.363,90.343,1450,0
2014-09-11,18:00:00,88.09,88.09,87.306,87.306,122,0
2014-09-11,19:00:00,87.356,87.454,87.238,87.238,122,0
2014-09-12,17:00:00,88.09,88.09,85.886,86.65,7188,0
2014-09-12,18:00:00,86.68,86.68,86.68,86.68,102,0
2014-09-12,19:00:00,86.386,86.817,86.082,86.524,6418,0
2014-09-12,20:00:00,85.926,85.926,84.124,85.005,1070,0
2014-09-12,21:00:00,84.447,85.72,84.427,84.427,40,0
2014-09-15,16:00:00,85.694,86.1,85.11,85.209,2445,0
2014-09-15,21:00:00,86.941,86.941,85.11,85.605,1931,0
2014-09-15,22:00:00,86.941,86.941,84.616,85.506,5972,0
2014-09-16,16:00:00,85.11,87.02,85.11,85.11,364,0
2014-09-16,17:00:00,86.1,86.1,84.408,84.408,738,0
2014-09-16,20:00:00,83.626,84.616,83.527,84.467,2087,0
2014-09-16,21:00:00,83.804,84.813,83.181,84.408,4527,0
2014-09-16,22:00:00,84.279,84.714,84.279,84.714,1005,0
2014-09-17,16:00:00,84.15,84.15,84.121,84.121,35,0
2014-09-17,17:00:00,84.408,84.714,83.824,84.714,899,0
2014-09-17,18:00:00,84.071,84.616,83.675,84.121,1687,0
2014-09-17,22:00:00,83.725,83.725,83.725,83.725,182,0
2014-09-18,16:00:00,84.091,84.121,84.091,84.121,25,0
2014-09-18,17:00:00,83.131,83.131,83.131,83.131,25,0
2014-09-22,18:00:00,83.527,85.15,83.527,85.15,3520,0
2014-09-22,19:00:00,84.487,85.18,84.487,84.992,1422,0
2014-09-22,20:00:00,84.467,84.467,84.467,84.467,10,0
2014-09-22,22:00:00,85.11,85.11,85.11,85.11,20,0
2014-09-23,17:00:00,84.863,87.416,84.616,86.595,2967,0
2014-09-23,18:00:00,87.04,87.04,87.04,87.04,10,0
2014-09-23,21:00:00,86.892,86.892,86.595,86.595,30,0
2014-09-23,22:00:00,86.595,87.04,86.397,86.595,478,0
2014-09-24,16:00:00,85.368,88.178,85.368,88.079,2611,0
2014-09-24,17:00:00,88.178,88.178,83.131,86.842,2009,0
2014-09-24,18:00:00,85.11,86.694,85.11,86.694,126,0
2014-09-24,20:00:00,86.595,86.595,86.595,86.595,10,0
2014-09-25,16:00:00,86.1,91.325,86.1,89.702,9873,0
2014-09-25,17:00:00,91.048,91.048,88.792,88.792,1298,0
2014-09-25,18:00:00,88.94,89.316,86.298,86.407,3372,0
2014-09-25,21:00:00,85.892,86.902,85.892,86.902,2321,0
2014-09-25,22:00:00,86.149,87.337,86.149,86.991,9412,0
2014-09-26,16:00:00,88.574,88.574,88.574,88.574,30,0
2014-09-26,17:00:00,87.683,89.861,87.683,89.861,2513,0
2014-09-26,18:00:00,88.871,89.861,88.871,89.861,1449,0
2014-09-26,19:00:00,89.069,100.94,89.069,97.877,7597,0
2014-09-26,20:00:00,97.877,97.877,85.872,90.9,596,0
2014-09-26,21:00:00,89.099,89.099,86.417,86.852,705,0
2014-09-26,22:00:00,85.981,88.079,85.981,87.139,1872,0
2014-09-29,16:00:00,88.079,88.277,85.803,86.793,2590,0
2014-09-29,17:00:00,86.298,87.01,86.298,87.01,20,0
2014-09-29,18:00:00,85.764,86.971,85.764,86.615,2816,0
2014-09-29,19:00:00,86.199,86.644,86.1,86.436,333,0
2014-09-29,20:00:00,85.11,85.11,85.11,85.11,10,0
2014-09-29,21:00:00,85.209,85.981,84.833,84.833,466,0
2014-09-30,16:00:00,86.001,86.001,85.16,85.605,629,0
2014-09-30,17:00:00,86.1,86.1,85.477,85.684,1701,0
2014-09-30,19:00:00,85.674,85.674,85.674,85.674,101,0
2014-09-30,20:00:00,85.734,85.734,85.734,85.734,10,0
2014-09-30,21:00:00,85.734,85.734,85.734,85.734,10,0
2014-09-30,22:00:00,85.734,88.297,85.506,85.991,5533,0
2014-10-02,16:00:00,87.03,87.03,84.616,86.248,1540,0
2014-10-02,17:00:00,86.149,86.446,84.121,85.536,9671,0
2014-10-02,19:00:00,85.457,86.298,85.11,85.506,202,0
2014-10-02,20:00:00,84.665,84.675,84.665,84.675,226,0
2014-10-02,22:00:00,85.209,85.209,85.209,85.209,10,0
2014-10-03,16:00:00,84.121,86.446,83.824,85.407,1041,0
2014-10-03,17:00:00,85.783,86.1,85.605,85.605,202,0
2014-10-03,21:00:00,85.605,85.605,85.091,85.1,71,0
2014-10-03,22:00:00,85.308,86.496,85.308,85.655,382,0
2014-10-06,16:00:00,84.418,86.595,84.368,84.368,2516,0
2014-10-06,17:00:00,86.1,86.397,84.695,84.992,1627,0
2014-10-06,18:00:00,84.992,86.595,84.992,85.506,697,0
2014-10-06,19:00:00,84.368,85.457,84.358,85.308,1293,0
2014-10-06,20:00:00,85.11,85.506,85.061,85.249,475,0
2014-10-06,22:00:00,85.387,85.387,85.387,85.387,121,0
2014-10-07,16:00:00,83.824,85.803,83.824,84.408,1970,0
2014-10-07,17:00:00,85.011,85.239,84.912,85.091,909,0
2014-10-07,20:00:00,85.12,85.803,85.041,85.259,1199,0
2014-10-07,21:00:00,85.259,85.259,85.259,85.259,202,0
2014-10-08,16:00:00,84.101,84.269,84.101,84.269,30,0
2014-10-08,17:00:00,85.961,85.961,85.961,85.961,20,0
2014-10-08,18:00:00,83.428,83.428,83.428,83.428,40,0
2014-10-08,22:00:00,84.17,84.17,84.17,84.17,81,0
2014-10-09,16:00:00,82.24,82.24,82.24,82.24,20,0
2014-10-16,20:00:00,84.121,84.121,84.121,84.121,91,0
2014-10-16,21:00:00,84.616,87.584,84.121,86.001,5366,0
2014-10-16,22:00:00,88.079,88.079,84.863,84.863,5780,0
2014-10-17,16:00:00,85.417,89.861,85.417,88.673,1768,0
2014-10-17,17:00:00,86.694,91.088,86.694,88.673,1354,0
2014-10-17,19:00:00,89.564,90.306,89.564,90.306,1010,0
2014-10-20,16:00:00,87.525,89.277,84.616,87.881,2364,0
2014-10-20,17:00:00,86.199,86.694,86.199,86.694,30,0
2014-10-20,18:00:00,86.694,87.584,86.496,87.584,657,0
2014-10-20,22:00:00,87.09,87.09,87.09,87.09,55,0
2014-10-21,18:00:00,86.1,86.496,86.1,86.496,139,0
2014-10-21,19:00:00,84.912,84.912,84.912,84.912,172,0
2014-10-21,21:00:00,86.1,86.1,86.1,86.1,101,0
2014-10-21,22:00:00,86.1,86.1,86.1,86.1,32,0
2014-10-22,16:00:00,85.556,88.079,85.556,87.584,1086,0
2014-10-22,21:00:00,87.584,87.733,86.1,87.683,990,0
2014-10-22,22:00:00,87.387,88.564,86.387,88.564,236,0
2014-10-23,16:00:00,86.496,87.99,86.496,87.387,263,0
2014-10-23,22:00:00,87.584,87.584,87.584,87.584,20,0
2014-10-24,16:00:00,86.743,90.158,86.743,89.267,2890,0
2014-10-24,17:00:00,88.822,90.059,88.822,88.97,667,0
2014-10-24,19:00:00,89.118,91.226,89.118,89.861,527,0
2014-10-24,20:00:00,89.96,93.226,86.941,87.98,3027,0
2014-10-24,22:00:00,87.584,87.782,87.584,87.634,202,0
2014-10-27,15:00:00,88.307,89.089,86.743,88.376,2924,0
2014-10-28,15:00:00,86.793,86.793,86.793,86.793,20,0
2014-10-28,21:00:00,87.782,87.782,87.782,87.782,20,0
2014-10-29,15:00:00,86.694,89.811,86.694,87.683,616,0
2014-10-29,16:00:00,87.387,87.387,87.387,87.387,40,0
2014-10-29,17:00:00,87.446,87.446,87.337,87.337,366,0
2014-10-30,15:00:00,92.038,92.038,89.564,89.564,91,0
2014-10-30,16:00:00,87.367,87.367,87.347,87.347,360,0
2014-10-30,21:00:00,88.564,88.564,88.564,88.564,10,0
2014-10-31,21:00:00,87.98,87.98,87.98,87.98,61,0
2014-11-03,16:00:00,87.09,87.337,87.09,87.337,30,0
2014-11-03,18:00:00,87.842,87.842,87.842,87.842,20,0
2014-11-04,16:00:00,86.694,88.376,86.694,87.931,253,0
2014-11-04,22:00:00,87.792,87.792,87.782,87.782,202,0
2014-11-05,16:00:00,86.1,87.951,84.378,86.694,2112,0
2014-11-05,17:00:00,86.991,87.387,86.991,87.09,606,0
2014-11-05,18:00:00,86.892,86.892,86.456,86.456,293,0
2014-11-05,19:00:00,87.09,87.258,87.09,87.248,163,0
2014-11-06,16:00:00,86.397,87.406,86.397,86.892,253,0
2014-11-06,19:00:00,85.209,85.209,85.209,85.209,101,0
2014-11-06,22:00:00,86.763,86.763,86.763,86.763,161,0
2014-11-07,16:00:00,84.813,86.902,84.813,86.397,152,0
2014-11-07,20:00:00,87.1,87.1,87.1,87.1,10,0
2014-11-07,21:00:00,88.772,89.386,87.169,87.169,147,0
2014-11-07,22:00:00,86.733,86.733,86.733,86.733,176,0
2014-11-10,16:00:00,85.556,85.605,85.556,85.605,20,0
2014-11-10,21:00:00,88.871,88.871,85.803,86.1,445,0
2014-11-10,22:00:00,89.336,89.336,89.336,89.336,30,0
2014-11-11,16:00:00,91.513,91.513,87.179,88.871,758,0
2014-11-12,16:00:00,88.772,90.553,86.694,86.694,657,0
2014-11-12,17:00:00,87.09,89.168,87.09,88.921,131,0
2014-11-12,18:00:00,89.316,89.316,89.316,89.316,202,0
2014-11-12,21:00:00,88.079,88.079,88.079,88.079,10,0
2014-11-13,16:00:00,88.079,89.405,88.079,89.405,626,0
2014-11-13,19:00:00,88.178,88.277,88.178,88.277,20,0
2014-11-13,21:00:00,88.277,90.237,88.277,90.237,81,0
2014-11-14,17:00:00,88.822,90.85,86.694,89.316,2233,0
2014-11-14,18:00:00,88.495,89.861,88.178,89.069,2031,0
2014-11-14,19:00:00,90.415,90.415,90.415,90.415,10,0
2014-11-14,21:00:00,88.772,90.415,88.772,89.267,414,0
2014-11-17,16:00:00,88.97,89.366,88.97,89.267,111,0
2014-11-17,17:00:00,88.723,89.069,88.723,88.921,162,0
2014-11-17,18:00:00,88.97,91.048,88.97,90.454,889,0
2014-11-17,19:00:00,90.138,90.207,90.138,90.207,20,0
2014-11-17,20:00:00,90.088,90.158,90.059,90.158,404,0
2014-11-18,16:00:00,89.069,90.059,89.069,90.059,330,0
2014-11-19,21:00:00,89.564,90.059,89.564,90.059,662,0
2014-11-20,17:00:00,89.92,89.92,89.92,89.92,10,0
2014-11-20,19:00:00,89.435,89.465,88.564,89.445,966,0
2014-11-21,19:00:00,88.416,88.416,87.881,87.881,412,0
2014-11-28,19:00:00,85.358,85.358,85.358,85.358,100,0
2014-12-03,17:00:00,86.298,86.298,86.298,86.298,10,0
2014-12-04,20:00:00,86.694,86.694,86.694,86.694,20,0
2014-12-04,22:00:00,86.892,87.02,86.892,87.02,30,0
2014-12-08,16:00:00,86.387,86.743,86.387,86.694,364,0
2014-12-08,17:00:00,87.01,87.01,86.1,86.1,61,0
2014-12-10,18:00:00,86.1,86.1,86.1,86.1,101,0
2014-12-10,19:00:00,86.1,86.1,86.1,86.1,30,0
2014-12-15,19:00:00,87.5,87.5,87.5,87.5,320,0
2014-12-16,22:00:00,87.0,87.0,86.9,86.9,40,0
2014-12-17,18:00:00,87.5,87.5,87.4,87.5,350,0
2014-12-17,20:00:00,89.27,89.29,89.27,89.29,200,0
2014-12-17,21:00:00,89.24,89.3,89.24,89.3,200,0
2014-12-18,16:00:00,87.03,87.03,87.03,87.03,10,0
2014-12-19,19:00:00,89.97,90.0,89.97,90.0,436,0
2014-12-19,20:00:00,90.0,90.0,90.0,90.0,400,0
2014-12-23,21:00:00,87.05,87.05,87.05,87.05,80,0
2014-12-24,17:00:00,92.95,92.95,92.95,92.95,50,0
2014-12-26,22:00:00,93.0,93.0,90.21,90.21,110,0
2014-12-29,17:00:00,93.06,93.06,93.06,93.06,10,0
2014-12-31,16:00:00,93.0,93.0,93.0,93.0,11,0
2015-01-26,20:00:00,90.05,90.05,90.05,90.05,180,0
2015-02-04,16:00:00,90.01,90.01,90.01,90.01,50,0
2015-02-10,18:00:00,89.0,89.0,89.0,89.0,100,0
2015-02-18,19:00:00,91.0,91.0,91.0,91.0,130,0
2015-02-18,20:00:00,92.0,92.0,92.0,92.0,130,0
2015-02-19,18:00:00,91.1,91.1,91.1,91.1,1300,0
2015-02-23,19:00:00,93.0,94.0,93.0,94.0,2690,0
2015-03-02,20:00:00,92.96,92.96,91.51,91.51,480,0
2015-03-09,19:00:00,92.9499,92.9499,92.9499,92.9499,110,0
2015-03-11,16:00:00,93,93,93,93,30,0
2015-03-17,15:00:00,89.6,89.6,89.6,89.6,50,0
2015-03-18,18:00:00,91,91,91,91,200,0
2015-03-18,20:00:00,93,93,93,93,200,0
2015-03-24,15:00:00,93,94,93,94,3400,0
2015-03-25,15:00:00,91,91,91,91,56,0
2015-03-25,16:00:00,93.729,93.729,93.729,93.729,20,0
2015-03-25,20:00:00,92,92,92,92,56,0
2015-04-08,18:00:00,93.85,93.85,93.85,93.85,10,0
2015-04-10,20:00:00,91.05,91.05,91.05,91.05,10,0
2015-04-14,18:00:00,91.02,91.02,91,91,25,0
2015-04-29,21:00:00,91.5,91.5,91.5,91.5,100,0
2015-04-29,22:00:00,92.5,92.5,92.5,92.5,105,0
2015-05-05,21:00:00,93.95,93.95,91.5,92.5,430,0
2015-05-18,18:00:00,91.04,91.04,91.04,91.04,30,0
2015-05-27,17:00:00,91,91,91,91,50,0
2015-06-09,16:00:00,93,93,93,93,46,0
2015-06-09,21:00:00,94,94,94,94,46,0
2015-06-16,17:00:00,94,94,94,94,70,0
2015-06-16,21:00:00,94.85,94.85,94.85,94.85,100,0
2015-06-17,19:00:00,94,94,94,94,100,0
2015-06-17,21:00:00,94,94.009,94,94.009,260,0
2015-06-19,22:00:00,92.49,92.49,92.49,92.49,100,0
2015-06-22,21:00:00,92.49,92.49,92.49,92.49,100,0
2015-06-22,22:00:00,96.9,96.9,96.9,96.9,100,0
2015-06-25,20:00:00,93.0001,93.0001,93,93,135,0
2015-07-02,19:00:00,94.8,94.8,90.05,91.8,5030,0
2015-07-02,22:00:00,93.89,93.89,91.03,91.03,140,0
2015-07-06,17:00:00,91.4,91.62,89.5,91,410,0
2015-07-06,19:00:00,90.5,92.2,89.46,90.05,2300,0
2015-07-06,22:00:00,91.35,91.35,89.99,89.99,309,0
2015-07-09,22:00:00,89.1,89.25,89.1,89.25,200,0
2015-07-10,17:00:00,91.05,91.05,90.5,90.5,20,0
2015-07-10,18:00:00,89.09,89.09,89.09,89.09,10,0
2015-07-13,17:00:00,91.75,91.75,91.74,91.74,20,0
2015-07-13,18:00:00,91.74,91.74,91.64,91.64,40,0
2015-07-13,19:00:00,90,90,90,90,89,0
2015-07-14,16:00:00,92.92,92.92,92.69,92.69,40,0
2015-07-14,17:00:00,92.63,93,92.49,92.95,70,0
2015-07-14,18:00:00,92.95,92.95,92.95,92.95,60,0
2015-07-14,19:00:00,92.95,92.95,92,92,80,0
2015-07-14,20:00:00,90.13,90.13,90.13,90.13,100,0
2015-07-14,21:00:00,92.9499,92.9499,92.9499,92.9499,20,0
2015-07-14,22:00:00,92,92,92,92,100,0
2015-07-15,16:00:00,89.43,89.43,89.43,89.43,200,0
2015-07-15,20:00:00,89.12,89.12,89.12,89.12,43,0
2015-07-20,18:00:00,89.13,89.79,89.13,89.79,50,0
2015-07-21,17:00:00,90.29,90.29,90.05,90.12,160,0
2015-07-28,21:00:00,89.0901,89.0901,89.0901,89.0901,125,0
2015-07-31,21:00:00,89.09,89.09,89.09,89.09,46,0
2015-07-31,22:00:00,89.09,89.09,89.09,89.09,10,0
2015-08-03,17:00:00,89.0901,89.0901,89.0901,89.0901,25,0
2015-08-06,22:00:00,89.09,89.09,89.09,89.09,104,0
2015-08-07,16:00:00,88.28,88.28,88.28,88.28,96,0
2015-08-11,18:00:00,88.05,88.05,88.05,88.05,20,0
2015-08-12,16:00:00,88.06,88.06,88.06,88.06,12,0
2015-08-13,21:00:00,88.9,88.9,88.9,88.9,200,0
2015-08-14,16:00:00,88.88,88.88,88.88,88.88,60,0
2015-08-14,18:00:00,88.8799,88.8799,88.8799,88.8799,200,0
2015-08-14,19:00:00,88.8799,90,88.8799,90,1208,0
2015-08-14,22:00:00,88.7,88.7,88.7,88.7,10,0
2015-08-17,22:00:00,87.7,87.7,87.7,87.7,10,0
2015-08-21,20:00:00,90.6,90.6,90.6,90.6,120,0
2015-08-21,22:00:00,90.641,90.65,90.641,90.65,200,0
2015-08-24,16:00:00,93,93,93,93,10,0
2015-08-24,17:00:00,93,93,93,93,110,0
2015-08-24,18:00:00,93,93,92.86,92.86,90,0
2015-08-24,19:00:00,92.86,92.92,90.21,92.92,196,0
2015-08-24,22:00:00,92,92,92,92,134,0
2015-09-02,19:00:00,94.25,94.7,94.25,94.7,3000,0
2015-09-02,21:00:00,90.21,90.21,90.21,90.21,100,0
2015-09-10,21:00:00,93,93,90.21,92.75,1010,0
2015-09-11,22:00:00,92,92,92,92,140,0
2015-09-29,18:00:00,90,90,89,89,310,0
2015-09-29,20:00:00,88,89,87,87.5001,910,0
2015-09-29,21:00:00,88,88,88,88,230,0
2015-10-06,19:00:00,90.95,90.95,90.91,90.92,75,0
2015-10-07,19:00:00,93.88,93.9,91.08,91.08,122,0
2015-10-14,18:00:00,88.11,89.274,88.11,89.274,194,0
2015-10-15,16:00:00,85.5,85.5,85.5,85.5,206,0
2015-10-16,16:00:00,88.5,88.5,88.5,88.5,20,0
2015-10-20,22:00:00,86.53,86.53,86.53,86.53,100,0
2015-10-29,15:00:00,88.5,88.5,88.5,88.5,20,0
2015-10-29,16:00:00,89,89,89,89,80,0
2015-10-29,21:00:00,89.53,89.53,89.53,89.53,20,0
2015-11-02,22:00:00,87.55,87.55,87.55,87.55,10,0
2015-11-05,18:00:00,87.55,87.55,87.55,87.55,40,0
2015-11-06,16:00:00,90.5,90.5,90.5,90.5,20,0
2015-11-06,17:00:00,91.84,91.84,91.84,91.84,10,0
2015-11-06,18:00:00,92.99,92.99,92.85,92.85,30,0
2015-11-18,18:00:00,87.5035,87.95,87.5035,87.95,100,0
2015-11-18,21:00:00,89.95,89.95,89.95,89.95,1310,0
2015-11-18,22:00:00,91,91,91,91,10,0
2015-11-19,17:00:00,91,92.5,91,92.5,2640,0
2015-11-23,21:00:00,88.03,88.03,88.01,88.01,20,0
2015-11-24,20:00:00,87.1,87.1,87.1,87.1,100,0
2015-11-24,21:00:00,88,88,88,88,100,0
2015-11-25,21:00:00,89.9,90,89.9,90,20,0
2015-11-27,16:00:00,95.7,95.7,93.5,93.5,210,0
2015-11-27,18:00:00,92,92,89.27,89.27,80,0
2015-11-30,20:00:00,90,90,90,90,200,0
2015-11-30,21:00:00,91.75,91.75,91.75,91.75,200,0
2015-11-30,22:00:00,88.82,88.82,88.82,88.82,10,0
2015-12-02,20:00:00,89.7999,90.5,89.7999,90.5,280,0
2015-12-02,21:00:00,89.8,89.8,89.8,89.8,103,0
2015-12-04,20:00:00,90.8,90.8,90.8,90.8,103,0
2015-12-09,18:00:00,92.8,92.8,92.75,92.75,200,0
2015-12-10,22:00:00,91.47,91.47,91.47,91.47,10,0
2015-12-22,22:00:00,89.9999,92,89.9999,92,220,0
2016-01-07,21:00:00,88.8601,88.8601,88.86,88.86,210,0
2016-02-25,17:00:00,90.25,90.25,90.25,90.25,61,0
2016-02-26,17:00:00,91.25,91.25,91.25,91.25,61,0
2016-03-03,21:00:00,93.191,93.2,93.191,93.2,100,0
2016-03-04,21:00:00,92,92,92,92,50,0
2016-03-10,18:00:00,92.25,93,92.25,93,400,0
2016-03-10,19:00:00,93.1999,93.2,93.1999,93.2,360,0
2016-03-10,20:00:00,93.19,93.19,93.18,93.18,120,0
2016-03-11,21:00:00,93.2,93.2,93.2,93.2,100,0
2016-03-22,15:00:00,89.7631,89.7631,89.7631,89.7631,100,0
2016-03-24,15:00:00,93.2,93.2,93.2,93.2,20,0
2016-03-29,22:00:00,93.1499,93.1499,93.1499,93.1499,50,0
2016-03-30,22:00:00,93,93,92.3588,92.3588,60,0
2016-03-31,16:00:00,93.2,93.2,93.2,93.2,30,0
2016-04-05,21:00:00,93.15,93.15,93.15,93.15,40,0
2016-04-06,20:00:00,93.1499,93.1499,93.1499,93.1499,50,0
2016-04-13,22:00:00,90.05,90.05,90.05,90.05,450,0
2016-04-18,22:00:00,87.2,87.2,87.12,87.12,50,0
2016-04-21,16:00:00,90,90,90,90,50,0
2016-04-21,18:00:00,91.5,91.5,91.5,91.5,50,0
2016-04-25,17:00:00,89.2,89.2,89.2,89.2,20,0
2016-04-25,22:00:00,91.91,91.91,91.91,91.91,40,0
2016-04-27,21:00:00,91.41,91.41,91.41,91.41,200,0
2016-05-03,19:00:00,91.41,91.41,91.41,91.41,100,0
2016-05-05,21:00:00,94.45,94.45,94.45,94.45,49,0
2016-05-12,18:00:00,93.68,93.68,93.68,93.68,250,0
2016-05-16,18:00:00,92.679,92.679,92.679,92.679,200,0
2016-05-16,22:00:00,92.68,92.68,92.68,92.68,10,0
2016-05-17,21:00:00,92.563,92.563,92.563,92.563,50,0
2016-05-19,16:00:00,92.68,92.68,92.68,92.68,20,0
2016-05-19,17:00:00,92.68,94.5,92.68,94.5,80,0
2016-05-19,18:00:00,94.85,95,94.85,94.95,50,0
2016-05-19,19:00:00,94.95,94.95,94.95,94.95,40,0
2016-05-19,20:00:00,94.95,94.95,94.95,94.95,40,0
2016-05-20,17:00:00,95,95,95,95,20,0
2016-05-20,18:00:00,94.95,94.95,94.95,94.95,10,0
2016-05-20,19:00:00,94.95,94.95,94.95,94.95,10,0
2016-05-20,20:00:00,94.2188,94.95,94.2188,94.95,110,0
2016-05-20,22:00:00,94,94.95,94,94.95,40,0
2016-05-23,16:00:00,95,95,95,95,20,0
2016-05-23,17:00:00,95,95,93.2406,95,80,0
2016-05-23,18:00:00,95,95,95,95,50,0
2016-05-23,19:00:00,95,95,95,95,40,0
2016-05-23,20:00:00,95,95,95,95,40,0
2016-05-23,22:00:00,94,94,94,94,200,0
2016-05-24,16:00:00,95,95,95,95,10,0
2016-05-24,22:00:00,92.505,92.745,92.505,92.745,845,0
2016-05-25,18:00:00,94.95,94.95,94.95,94.95,100,0
2016-05-27,21:00:00,95,95,94.95,94.95,1364,0
2016-06-14,22:00:00,94.9127,94.9127,94.9127,94.9127,110,0
2016-06-17,21:00:00,94.05,94.05,94.05,94.05,15,0
2016-06-21,21:00:00,94.05,94.05,94.05,94.05,29,0
2016-06-23,16:00:00,99.75,99.75,99.75,99.75,50,0
2016-06-23,17:00:00,98,98,98,98,10,0
2016-06-28,16:00:00,96,96,95,95,36,0
2016-06-28,18:00:00,92.15,92.3,92.15,92.3,66,0
2016-06-29,16:00:00,100,100,100,100,100,0
2016-06-29,17:00:00,99,99,97.8612,97.8612,65,0
2016-06-29,19:00:00,97,97.95,97,97.7049,475,0
2016-06-29,21:00:00,97,97,92.5,92.5,100,0
2016-07-05,22:00:00,97,97,96.9,96.9,20,0
2016-07-07,21:00:00,96.9,97.5,95.465,97.2,4491,0
2016-07-07,22:00:00,97.12,97.2411,95.93,96.8001,1003,0
2016-07-08,17:00:00,94.9999,95.8,94.3999,95.8,810,0
2016-07-08,18:00:00,96.7,96.7,96.7,96.7,200,0
2016-07-08,19:00:00,96.55,98,96.05,97.6,3600,0
2016-07-12,16:00:00,104.75,104.75,103.3,103.3,60,0
2016-07-12,17:00:00,102,102.01,101,101,140,0
2016-07-12,21:00:00,99,99,99,99,10,0
2016-07-12,22:00:00,97.91,97.91,97.91,97.91,20,0
2016-07-14,16:00:00,102.41,103.99,102.41,103.99,100,0
2016-07-14,17:00:00,103.5,103.5,103.49,103.49,510,0
2016-07-14,19:00:00,99,99,99,99,130,0
2016-07-14,21:00:00,102.5,102.5,102.5,102.5,180,0
2016-07-15,21:00:00,102,102,99.5,101,4190,0
2016-07-15,22:00:00,100.2,101.95,100.2,100.5,4890,0
2016-07-18,18:00:00,98.6591,98.6591,98.6591,98.6591,90,0
2016-07-18,22:00:00,101,101.2799,101,101.2799,20,0
2016-07-22,19:00:00,102.9499,102.9499,99,99,60,0
2016-07-25,16:00:00,96,96,96,96,40,0
2016-07-25,17:00:00,100,100,100,100,10,0
2016-07-27,21:00:00,99.6999,99.6999,96.45,97.6,299,0
2016-07-27,22:00:00,97.03,97.03,96.55,96.55,117,0
2016-07-29,18:00:00,97,97,97,97,130,0
2016-07-29,22:00:00,94.95,95,94.95,95,150,0
2016-08-01,16:00:00,98.48,98.48,96.75,96.75,530,0
2016-08-04,20:00:00,97,97,97,97,100,0
2016-08-05,22:00:00,98,98,98,98,50,0
2016-08-11,19:00:00,98,98,98,98,11,0
2016-08-11,21:00:00,96.408,96.408,94,96,1450,0
2016-08-15,18:00:00,99.5,99.5,97,97,350,0
2016-08-17,16:00:00,99.936,100,99.936,100,2110,0
2016-08-17,17:00:00,100,100.2262,100,100.2262,370,0
2016-08-17,19:00:00,100,100,100,100,200,0
2016-08-25,16:00:00,102,104.75,102,104.75,30,0
2016-08-25,17:00:00,104,104,99,99,350,0
2016-08-25,18:00:00,103.95,103.95,103.95,103.95,50,0
2016-08-25,19:00:00,103.95,103.95,103.95,103.95,50,0
2016-08-25,20:00:00,103.94,103.94,103.94,103.94,40,0
2016-08-25,21:00:00,103.75,103.75,103.74,103.74,100,0
2016-08-25,22:00:00,103.75,103.75,100.83,103.75,420,0
2016-09-13,20:00:00,99.5,100,99.5,100,2740,0
2016-09-29,17:00:00,100,100,100,100,50,0
2016-10-03,16:00:00,100,100,100,100,99,0
2016-10-03,17:00:00,99.982,99.982,99.982,99.982,80,0
2016-10-04,16:00:00,103.42,103.42,100.31,100.31,31,0
2016-10-07,16:00:00,96.02,98.91,96.02,98.91,90,0
2016-10-11,19:00:00,99.5825,99.5825,99.5825,99.5825,200,0
2016-10-19,16:00:00,101.88,101.88,101.88,101.88,20,0
2016-10-19,17:00:00,101.88,101.88,101.88,101.88,40,0
2016-10-19,18:00:00,101.88,101.88,101.88,101.88,20,0
2016-10-19,19:00:00,101.88,101.88,101.88,101.88,30,0
2016-10-19,20:00:00,101.85,101.85,101.85,101.85,20,0
2016-10-19,21:00:00,101.82,101.83,101.82,101.83,30,0
2016-10-19,22:00:00,101.83,101.85,101.83,101.85,40,0
2016-10-20,19:00:00,100,100,100,100,40,0
2016-10-27,19:00:00,99.6,100,99.6,100,11180,0
2016-11-03,21:00:00,98.84,98.84,98.84,98.84,10,0
2016-11-10,16:00:00,96,96,96,96,50,0
2016-11-11,17:00:00,93.64,93.64,93.64,93.64,10,0
2016-11-14,16:00:00,90.3,92,90.2,92,320,0
2016-11-14,17:00:00,92.4,93,92.4,93,205,0
2016-11-14,21:00:00,92.0001,92.0001,92.0001,92.0001,67,0
2016-11-15,18:00:00,93.25,93.25,93.25,93.25,209,0
2016-11-15,19:00:00,94,94,94,94,10,0
2016-11-15,20:00:00,92.65,93.15,92.65,93.15,500,0
2016-11-16,21:00:00,92.11,92.11,92.11,92.11,200,0
2016-11-17,19:00:00,93.1,93.14,93.1,93.14,56,0
2016-11-17,20:00:00,93.15,93.15,93.15,93.15,200,0
2016-11-17,21:00:00,95,95,95,95,10,0
2016-11-18,17:00:00,94.48,94.4999,94.48,94.4999,20,0
2016-11-18,18:00:00,94.5,94.5,94.5,94.5,10,0
2016-11-21,19:00:00,94,94,94,94,185,0
2016-12-08,19:00:00,91.76,91.79,91.5,91.5,5531,0
2016-12-08,20:00:00,92.5,92.5,92.5,92.5,200,0
2016-12-08,22:00:00,92.36,93.25,92.36,93.25,130,0
2016-12-09,17:00:00,93,94,93,94,2830,0
2016-12-09,18:00:00,93.05,93.05,93.05,93.05,3100,0
2016-12-09,19:00:00,93,93,93,93,360,0
2016-12-15,16:00:00,93.7,93.7,93.7,93.7,40,0
2016-12-19,16:00:00,93,93,93,93,45,0
2016-12-20,16:00:00,93,93,93,93,40,0
2016-12-21,16:00:00,92.9,92.9,92.9,92.9,40,0
2016-12-22,20:00:00,92,92,92,92,200,0
2016-12-22,21:00:00,93,93.25,92,93.25,1340,0
2016-12-22,22:00:00,92,92,92,92,40,0
2016-12-23,17:00:00,92.5,92.5,92.5,92.5,215,0
2016-12-27,17:00:00,92.5,92.5,92.5,92.5,25,0
2016-12-27,20:00:00,92.5501,92.5501,92.5501,92.5501,12,0
2016-12-29,19:00:00,93,93,93,93,180,0
2016-12-29,20:00:00,93,93,93,93,100,0
2016-12-29,21:00:00,93.813,94.2,93.813,94.2,120,0
2016-12-29,22:00:00,94,94,94,94,250,0
2016-12-30,17:00:00,96.99,96.99,96.99,96.99,40,0
2016-12-30,18:00:00,96.99,96.99,96.99,96.99,30,0
2016-12-30,19:00:00,96.99,96.99,95.97,95.97,20,0
2016-12-30,20:00:00,95.97,95.97,95.95,95.95,20,0
2017-01-03,16:00:00,97.99,97.99,97.99,97.99,40,0
2017-01-03,19:00:00,95.1,95.1,95.1,95.1,99,0
2017-01-04,22:00:00,95.0501,95.0501,95.05,95.05,20,0
2017-01-18,20:00:00,95.54,95.54,95.54,95.54,100,0
2017-02-01,22:00:00,95.05,95.05,95.05,95.05,50,0
2017-02-03,18:00:00,95.05,95.0501,95.05,95.0501,130,0
2017-02-03,22:00:00,95.05,95.05,95.05,95.05,110,0
2017-02-06,20:00:00,95.95,96,95.95,96,170,0
2017-02-07,19:00:00,95.25,95.25,95.25,95.25,30,0
2017-02-07,21:00:00,96,96,96,96,170,0
2017-02-09,22:00:00,93.1501,93.1501,93.1501,93.1501,60,0
2017-02-10,19:00:00,95,95,95,95,85,0
2017-02-14,19:00:00,98.38,98.38,98.38,98.38,316,0
2017-02-28,16:00:00,94.1,94.1,94.1,94.1,50,0
2017-02-28,21:00:00,95.5,95.5,95.5,95.5,100,0
2017-02-28,22:00:00,95.5,95.5,95.5,95.5,120,0
2017-03-15,20:00:00,94.172,94.172,94.172,94.172,165,0
2017-03-21,19:00:00,95,95,95,95,100,0
2017-03-27,22:00:00,95.9,95.9,95.9,95.9,49,0
2017-04-05,17:00:00,95.99,96,95.99,96,359,0
2017-04-10,17:00:00,97,98,97,98,718,0
2017-04-10,18:00:00,96,96,96,96,100,0
2017-04-13,22:00:00,97.05,97.1,97,97.1,189,0
2017-04-17,18:00:00,97.45,98,96,96,870,0
2017-04-17,19:00:00,97,97,97,97,250,0
2017-04-24,17:00:00,100.94,102,100.94,101,100,0
2017-04-24,18:00:00,101,101,100.95,100.95,70,0
2017-04-24,19:00:00,100.95,100.95,100.45,100.5,90,0
2017-04-24,20:00:00,100.5,100.5,100,100,100,0
2017-04-24,21:00:00,99.261,99.261,99,99,20,0
2017-05-02,17:00:00,96.03,96.03,96.03,96.03,450,0
2017-05-04,17:00:00,96.25,97,96.25,97,5690,0
2017-05-10,18:00:00,97.65,97.65,97.65,97.65,80,0
2017-05-12,18:00:00,96.072,96.072,96.05,96.05,150,0
2017-05-16,19:00:00,97,97,97,97,100,0
2017-05-16,20:00:00,97,97,97,97,100,0
2017-05-31,17:00:00,96.7122,96.7122,96.7122,96.7122,100,0
2017-06-08,22:00:00,100.35,100.35,100.35,100.35,20,0
2017-06-12,21:00:00,98.95,98.95,98.95,98.95,10,0
2017-06-14,16:00:00,100.35,100.35,100.35,100.35,20,0
2017-06-14,21:00:00,98.5,98.5,98.5,98.5,100,0
2017-06-14,22:00:00,98.75,98.75,98.75,98.75,10,0
2017-06-26,16:00:00,96.05,98.94,96.05,98.94,225,0
2017-06-30,17:00:00,98.46,98.46,98.46,98.46,20,0
2017-07-03,16:00:00,98.85,98.85,98.85,98.85,10,0
2017-07-03,17:00:00,98.85,98.85,98.85,98.85,40,0
2017-07-03,18:00:00,98.8,98.8,98.7,98.7,30,0
2017-07-06,16:00:00,95.75,96,95.75,96,130,0
2017-07-06,17:00:00,96,96,96,96,220,0
2017-07-06,18:00:00,96,96,96,96,100,0
2017-07-06,21:00:00,96.4,96.45,96.4,96.45,460,0
2017-07-06,22:00:00,96.75,96.75,96.75,96.75,100,0
2017-07-28,22:00:00,96,96.9,96,96.89,120,0
2017-07-31,17:00:00,95.25,95.25,95.25,95.25,70,0
2017-08-03,20:00:00,96,96,96,96,170,0
2017-08-04,21:00:00,97.4999,97.4999,97.4999,97.4999,66,0
2017-08-09,21:00:00,94.5,94.5,94.5,94.5,25,0
2017-08-11,22:00:00,99,99,99,99,110,0
2017-08-15,19:00:00,98.75,98.75,98.75,98.75,10,0
2017-08-18,22:00:00,98.25,98.25,98.24,98.25,90,0
2017-08-22,22:00:00,94.896,95.4,94.5,95.4,977,0
2017-08-23,20:00:00,98.25,98.9999,98.25,98.9999,150,0
2017-08-31,20:00:00,94.6,94.6,94.6,94.6,174,0
2017-08-31,22:00:00,94.6501,94.6501,94.6501,94.6501,51,0
2017-09-01,17:00:00,96.99,96.99,96.5,96.5,140,0
2017-09-01,20:00:00,96.45,96.45,96.25,96.25,320,0
2017-09-05,19:00:00,95.85,95.85,95.75,95.75,244,0
2017-09-06,16:00:00,94.8,94.8,94.8,94.8,10,0
2017-09-08,16:00:00,97.5,97.5,97.5,97.5,200,0
2017-09-08,21:00:00,94.7,96.1,94.6,96.1,410,0
2017-09-08,22:00:00,96,96,96,96,10,0
2017-09-11,16:00:00,101.99,101.99,98,98,669,0
2017-09-11,20:00:00,98.02,98.02,98,98.02,440,0
2017-09-13,16:00:00,98.02,98.02,98.02,98.02,30,0
2017-09-15,22:00:00,98.0199,98.0199,98.0199,98.0199,21,0
2017-09-25,21:00:00,97.52,97.52,97.52,97.52,20,0
2017-09-26,21:00:00,96.26,96.26,96.26,96.26,50,0
2017-09-28,22:00:00,97.6,97.64,97.6,97.64,200,0
2017-10-10,20:00:00,95.03,95.03,95.03,95.03,316,0
2017-10-24,19:00:00,96,96,96,96,54,0
2017-10-31,21:00:00,95.65,95.65,95.65,95.65,50,0
2017-11-02,20:00:00,94.1201,94.14,94.1201,94.14,73,0
2017-11-03,15:00:00,94.2,94.2,94.2,94.2,10,0
2017-11-06,22:00:00,97.9999,97.9999,97.9999,97.9999,44,0
2017-11-07,21:00:00,96,96.2,96,96.2,130,0
2017-11-07,22:00:00,98,98,98,98,12,0
2017-11-09,22:00:00,96,96,96,96,80,0
2017-11-13,17:00:00,95.1,95.29,95.1,95.29,200,0
2017-11-13,18:00:00,95.6992,95.6992,95.6992,95.6992,200,0
2017-11-13,21:00:00,95.8,95.8,95.69,95.8,430,0
2017-11-17,16:00:00,97.7,97.7,97.7,97.7,10,0
2017-11-17,17:00:00,97.55,97.55,97.44,97.44,30,0
2017-11-17,18:00:00,97.68,97.68,97.66,97.66,30,0
2017-11-17,19:00:00,97.66,97.68,97.66,97.68,20,0
2017-11-17,20:00:00,97.5,97.5,97.5,97.5,30,0
2017-11-17,21:00:00,97.5,97.51,97.5,97.51,30,0
2017-11-24,19:00:00,96,96,96,96,100,0
2017-11-27,22:00:00,97.49,97.51,97.45,97.51,135,0
2017-11-28,21:00:00,97.47,97.47,97.2795,97.2795,150,0
2017-11-28,22:00:00,97.21,97.21,97.21,97.21,10,0
2017-11-30,18:00:00,95.1,96.2,95.1,96.2,360,0
2017-11-30,19:00:00,97,97,97,97,160,0
2017-12-01,18:00:00,96.25,96.25,96.25,96.25,110,0
2017-12-05,19:00:00,97.02,97.02,97.02,97.02,100,0
2017-12-06,17:00:00,96.98,96.98,96.98,96.98,20,0
2017-12-06,18:00:00,96.98,96.98,96.98,96.98,20,0
2017-12-06,19:00:00,96.98,97,96.98,97,20,0
2017-12-06,20:00:00,97,97,97,97,40,0
2017-12-06,21:00:00,97,97,97,97,50,0
