Date,Time,Open,High,Low,Close,Volume,OpenInt
2017-05-16,16:00:00,57.8,58.147,57.701,57.85,26669,0
2017-05-16,17:00:00,57.775,57.85,56.859,56.958,132154,0
2017-05-16,18:00:00,56.883,57.106,56.462,56.512,119406,0
2017-05-16,19:00:00,56.487,56.512,56.141,56.389,141159,0
2017-05-16,20:00:00,56.364,56.364,55.918,55.943,215304,0
2017-05-16,21:00:00,55.918,56.215,55.422,56.017,383435,0
2017-05-16,22:00:00,56.017,56.81,55.868,56.76,365170,0
2017-05-17,16:00:00,56.215,56.512,55.571,55.571,119830,0
2017-05-17,17:00:00,55.67,56.017,55.522,55.968,137091,0
2017-05-17,18:00:00,55.968,56.512,55.72,56.339,147782,0
2017-05-17,19:00:00,56.339,56.364,55.968,56.364,71921,0
2017-05-17,20:00:00,56.339,56.562,56.066,56.562,82078,0
2017-05-17,21:00:00,56.512,56.685,56.066,56.289,111186,0
2017-05-17,22:00:00,56.289,56.562,55.918,55.918,368458,0
2017-05-18,16:00:00,56.066,58.592,56.066,57.552,184070,0
2017-05-18,17:00:00,57.577,57.998,56.859,57.304,151900,0
2017-05-18,18:00:00,57.304,57.775,56.859,56.908,103438,0
2017-05-18,19:00:00,56.958,56.983,56.215,56.264,78921,0
2017-05-18,20:00:00,56.314,56.512,55.992,56.264,83506,0
2017-05-18,21:00:00,56.215,56.612,56.166,56.438,87809,0
2017-05-18,22:00:00,56.413,56.859,56.413,56.413,209006,0
2017-05-19,16:00:00,56.364,56.661,55.868,56.116,44010,0
2017-05-19,17:00:00,56.166,56.612,55.868,56.264,164315,0
2017-05-19,18:00:00,56.264,56.612,56.017,56.314,98736,0
2017-05-19,19:00:00,56.314,56.512,56.314,56.413,60530,0
2017-05-19,20:00:00,56.364,56.462,56.166,56.364,50002,0
2017-05-19,21:00:00,56.364,57.28,56.314,57.156,245322,0
2017-05-19,22:00:00,57.156,57.354,56.81,57.057,327368,0
2017-05-22,16:00:00,57.453,58.221,57.354,57.652,30611,0
2017-05-22,17:00:00,57.552,57.8,57.181,57.206,86565,0
2017-05-22,18:00:00,57.156,57.304,56.859,57.106,68821,0
2017-05-22,19:00:00,57.082,57.453,56.264,56.339,95034,0
2017-05-22,20:00:00,56.314,56.958,56.166,56.537,97631,0
2017-05-22,21:00:00,56.562,56.958,56.512,56.81,64333,0
2017-05-22,22:00:00,56.81,57.082,56.81,57.008,189300,0
2017-05-23,16:00:00,56.958,57.156,56.562,56.71,30684,0
2017-05-23,17:00:00,56.71,57.008,56.339,56.883,48146,0
2017-05-23,18:00:00,56.883,57.206,56.834,57.206,44707,0
2017-05-23,19:00:00,57.206,57.372,57.057,57.206,33847,0
2017-05-23,20:00:00,57.231,57.85,57.231,57.85,54575,0
2017-05-23,21:00:00,57.85,58.147,57.725,57.85,92660,0
2017-05-23,22:00:00,57.874,57.924,57.304,57.354,205571,0
2017-05-24,16:00:00,57.354,57.764,57.304,57.602,22823,0
2017-05-24,17:00:00,57.652,58.493,57.602,58.345,126895,0
2017-05-24,18:00:00,58.345,58.394,57.75,57.948,48228,0
2017-05-24,19:00:00,57.973,58.394,57.973,58.345,50756,0
2017-05-24,20:00:00,58.345,58.394,58.072,58.196,73512,0
2017-05-24,21:00:00,58.171,58.493,58.147,58.444,95596,0
2017-05-24,22:00:00,58.444,58.642,58.196,58.246,145527,0
2017-05-25,16:00:00,58.493,58.568,57.899,58.543,60072,0
2017-05-25,17:00:00,58.543,58.79,58.444,58.518,81102,0
2017-05-25,18:00:00,58.493,58.493,57.973,57.998,95580,0
2017-05-25,19:00:00,57.973,57.998,57.577,57.577,86402,0
2017-05-25,20:00:00,57.552,57.602,57.231,57.278,176448,0
2017-05-25,21:00:00,57.255,57.354,56.859,57.131,111966,0
2017-05-25,22:00:00,57.131,57.404,56.908,56.958,495537,0
2017-05-26,16:00:00,57.156,57.156,56.612,57.032,120008,0
2017-05-26,17:00:00,57.032,57.329,56.859,57.231,145762,0
2017-05-26,18:00:00,57.231,57.552,57.231,57.527,150462,0
2017-05-26,19:00:00,57.552,57.85,57.503,57.676,81750,0
2017-05-26,20:00:00,57.676,57.8,57.478,57.775,114473,0
2017-05-26,21:00:00,57.8,58.493,57.75,58.048,215962,0
2017-05-26,22:00:00,58.097,58.642,58.097,58.592,269567,0
2017-05-30,16:00:00,58.345,58.741,58.295,58.32,42065,0
2017-05-30,17:00:00,58.295,58.642,58.196,58.444,171018,0
2017-05-30,18:00:00,58.444,58.592,58.147,58.271,113238,0
2017-05-30,19:00:00,58.295,58.493,58.147,58.32,85624,0
2017-05-30,20:00:00,58.32,58.444,58.271,58.419,88416,0
2017-05-30,21:00:00,58.419,58.469,58.345,58.394,186075,0
2017-05-30,22:00:00,58.369,58.741,58.295,58.543,350024,0
2017-05-31,16:00:00,58.493,58.692,56.76,56.76,54291,0
2017-05-31,17:00:00,56.76,56.76,55.968,56.314,210077,0
2017-05-31,18:00:00,56.364,56.562,56.116,56.413,125084,0
2017-05-31,19:00:00,56.413,56.487,56.091,56.215,79411,0
2017-05-31,20:00:00,56.24,56.71,56.215,56.537,80830,0
2017-05-31,21:00:00,56.537,57.206,56.537,56.958,107785,0
2017-05-31,22:00:00,56.983,57.304,56.612,56.685,165424,0
2017-06-01,16:00:00,56.908,57.552,56.215,57.552,134704,0
2017-06-01,17:00:00,57.564,57.85,56.958,57.453,85523,0
2017-06-01,18:00:00,57.453,58.023,57.156,57.973,143468,0
2017-06-01,19:00:00,57.998,58.493,57.874,58.394,115526,0
2017-06-01,20:00:00,58.394,58.543,57.85,57.948,89023,0
2017-06-01,21:00:00,57.948,58.464,57.725,57.75,140707,0
2017-06-01,22:00:00,57.75,57.825,57.304,57.503,265021,0
2017-06-02,16:00:00,57.255,57.602,57.082,57.206,42122,0
2017-06-02,17:00:00,57.255,57.652,56.859,57.453,100193,0
2017-06-02,18:00:00,57.453,58.023,57.354,57.998,71422,0
2017-06-02,19:00:00,57.998,57.998,57.701,57.948,43890,0
2017-06-02,20:00:00,57.973,58.072,57.652,57.701,52402,0
2017-06-02,21:00:00,57.652,57.899,57.602,57.652,47426,0
2017-06-02,22:00:00,57.652,58.345,57.652,58.147,198733,0
2017-06-05,16:00:00,57.85,58.097,57.602,57.701,31894,0
2017-06-05,17:00:00,57.75,58.444,57.75,57.998,82532,0
2017-06-05,18:00:00,57.973,58.171,57.899,58.147,70116,0
2017-06-05,19:00:00,58.171,58.394,58.048,58.097,69935,0
2017-06-05,20:00:00,58.097,58.469,58.072,58.394,30486,0
2017-06-05,21:00:00,58.369,58.419,58.097,58.271,50145,0
2017-06-05,22:00:00,58.271,58.271,57.503,57.552,298005,0
2017-06-06,16:00:00,57.206,57.206,56.859,57.008,33395,0
2017-06-06,17:00:00,57.008,57.404,56.908,57.329,53993,0
2017-06-06,18:00:00,57.317,57.577,57.206,57.354,110943,0
2017-06-06,19:00:00,57.354,57.75,57.329,57.652,70566,0
2017-06-06,20:00:00,57.652,57.676,57.354,57.385,50778,0
2017-06-06,21:00:00,57.404,57.652,57.354,57.577,88587,0
2017-06-06,22:00:00,57.552,57.577,57.057,57.255,292643,0
2017-06-07,16:00:00,57.453,59.732,57.453,59.533,79007,0
2017-06-07,17:00:00,59.509,59.682,58.89,59.335,169100,0
2017-06-07,18:00:00,59.286,59.286,58.79,59.187,119109,0
2017-06-07,19:00:00,59.137,59.385,58.989,59.137,87157,0
2017-06-07,20:00:00,59.137,59.236,58.84,59.038,55827,0
2017-06-07,21:00:00,59.038,59.583,58.939,59.484,81929,0
2017-06-07,22:00:00,59.434,59.831,59.385,59.583,288086,0
2017-06-08,16:00:00,59.732,60.078,59.261,59.93,44446,0
2017-06-08,17:00:00,59.93,60.029,59.286,59.583,75692,0
2017-06-08,18:00:00,59.632,59.682,59.088,59.484,111075,0
2017-06-08,19:00:00,59.434,59.533,59.187,59.434,103158,0
2017-06-08,20:00:00,59.41,59.533,59.286,59.36,88685,0
2017-06-08,21:00:00,59.385,59.583,59.36,59.484,113643,0
2017-06-08,22:00:00,59.533,59.558,59.335,59.385,138875,0
2017-06-09,16:00:00,59.484,60.029,59.484,59.484,15194,0
2017-06-09,17:00:00,59.484,59.682,59.286,59.583,23758,0
2017-06-09,18:00:00,59.583,59.88,59.533,59.781,38184,0
2017-06-09,19:00:00,59.781,60.425,59.533,60.301,125186,0
2017-06-09,20:00:00,60.326,60.375,60.029,60.326,57024,0
2017-06-09,21:00:00,60.326,60.821,60.3,60.475,121051,0
2017-06-09,22:00:00,60.499,61.267,60.276,61.168,352902,0
2017-06-12,16:00:00,61.614,62.555,61.465,61.738,73744,0
2017-06-12,17:00:00,61.812,62.01,60.97,61.267,87909,0
2017-06-12,18:00:00,61.341,61.341,60.45,60.821,93830,0
2017-06-12,19:00:00,60.821,61.341,60.598,61.019,51033,0
2017-06-12,20:00:00,60.97,61.267,60.92,61.217,27826,0
2017-06-12,21:00:00,61.242,61.242,61.019,61.069,85274,0
2017-06-12,22:00:00,61.069,61.911,61.069,61.812,336177,0
2017-06-13,16:00:00,61.911,62.703,61.812,62.703,38160,0
2017-06-13,17:00:00,62.703,62.703,61.663,62.01,51154,0
2017-06-13,18:00:00,61.961,62.604,61.911,62.406,76093,0
2017-06-13,19:00:00,62.406,62.555,61.663,61.713,122182,0
2017-06-13,20:00:00,61.762,61.886,61.465,61.886,129961,0
2017-06-13,21:00:00,61.911,61.961,61.564,61.713,112137,0
2017-06-13,22:00:00,61.738,62.406,61.713,62.307,178888,0
2017-06-14,16:00:00,61.961,62.803,61.614,62.01,28024,0
2017-06-14,17:00:00,62.059,62.406,61.861,62.109,66919,0
2017-06-14,18:00:00,62.159,62.159,61.787,61.886,46158,0
2017-06-14,19:00:00,61.911,62.183,61.812,61.961,71296,0
2017-06-14,20:00:00,61.961,62.159,61.762,62.059,88184,0
2017-06-14,21:00:00,62.059,62.257,61.663,62.01,181823,0
2017-06-14,22:00:00,61.985,62.059,61.465,61.564,215633,0
2017-06-15,16:00:00,61.317,62.109,61.019,61.415,18481,0
2017-06-15,17:00:00,61.366,61.564,60.45,60.673,75044,0
2017-06-15,18:00:00,60.574,63.05,60.375,63.001,404572,0
2017-06-15,19:00:00,63.001,63.397,62.208,62.257,157245,0
2017-06-15,20:00:00,62.257,62.678,61.564,61.564,160361,0
2017-06-15,21:00:00,61.564,62.159,61.539,62.059,98180,0
2017-06-15,22:00:00,62.034,62.406,61.886,62.208,248386,0
2017-06-16,16:00:00,61.762,61.861,60.97,61.366,115589,0
2017-06-16,17:00:00,61.366,61.713,61.217,61.366,102792,0
2017-06-16,18:00:00,61.366,62.382,61.242,62.307,71149,0
2017-06-16,19:00:00,62.307,62.357,62.084,62.109,28931,0
2017-06-16,20:00:00,62.109,62.257,61.564,61.787,29142,0
2017-06-16,21:00:00,61.812,62.332,61.812,62.233,25084,0
2017-06-16,22:00:00,62.233,62.233,61.812,61.911,181194,0
2017-06-19,16:00:00,62.208,62.257,61.663,61.762,16071,0
2017-06-19,17:00:00,61.762,62.183,61.515,62.01,19984,0
2017-06-19,18:00:00,61.911,61.911,61.168,61.242,40336,0
2017-06-19,19:00:00,61.217,61.465,60.97,61.465,50092,0
2017-06-19,20:00:00,61.515,61.911,61.415,61.787,25986,0
2017-06-19,21:00:00,61.762,61.762,61.415,61.515,43016,0
2017-06-19,22:00:00,61.515,61.812,61.415,61.614,202967,0
2017-06-20,16:00:00,61.118,61.614,60.772,60.772,15212,0
2017-06-20,17:00:00,60.772,61.019,60.078,60.326,54523,0
2017-06-20,18:00:00,60.301,60.425,59.385,59.484,110046,0
2017-06-20,19:00:00,59.484,59.533,58.939,58.964,83093,0
2017-06-20,20:00:00,58.989,59.385,58.543,58.642,126289,0
2017-06-20,21:00:00,58.667,58.766,58.345,58.592,96895,0
2017-06-20,22:00:00,58.543,58.914,58.295,58.295,212499,0
2017-06-21,16:00:00,58.493,58.493,57.453,57.552,51772,0
2017-06-21,17:00:00,57.552,57.899,57.28,57.453,60396,0
2017-06-21,18:00:00,57.453,57.453,57.156,57.156,113482,0
2017-06-21,19:00:00,57.304,57.354,56.958,57.206,74319,0
2017-06-21,20:00:00,57.255,57.899,57.008,57.106,91748,0
2017-06-21,21:00:00,57.106,57.75,57.106,57.552,67404,0
2017-06-21,22:00:00,57.552,57.948,57.503,57.552,203085,0
2017-06-22,16:00:00,57.453,57.924,57.106,57.478,22490,0
2017-06-22,17:00:00,57.503,57.503,57.156,57.404,53286,0
2017-06-22,18:00:00,57.453,57.503,57.255,57.379,45778,0
2017-06-22,19:00:00,57.404,57.627,57.255,57.404,77865,0
2017-06-22,20:00:00,57.404,58.097,57.354,57.602,150648,0
2017-06-22,21:00:00,57.602,57.652,57.255,57.404,78402,0
2017-06-22,22:00:00,57.354,57.478,56.908,57.008,298165,0
2017-06-23,16:00:00,57.057,57.652,56.908,57.28,34583,0
2017-06-23,17:00:00,57.206,57.75,57.008,57.75,88621,0
2017-06-23,18:00:00,57.75,57.899,57.453,57.552,161429,0
2017-06-23,19:00:00,57.503,57.8,57.503,57.602,63502,0
2017-06-23,20:00:00,57.602,57.701,57.503,57.527,21286,0
2017-06-23,21:00:00,57.527,57.552,57.453,57.503,40891,0
2017-06-23,22:00:00,57.503,57.602,57.255,57.354,329401,0
2017-06-26,16:00:00,57.552,57.552,56.537,57.057,77340,0
2017-06-26,17:00:00,57.057,58.642,57.057,58.518,257564,0
2017-06-26,18:00:00,58.493,58.741,58.394,58.592,168616,0
2017-06-26,19:00:00,58.592,58.84,58.444,58.815,99192,0
2017-06-26,20:00:00,58.84,58.989,58.79,58.939,196522,0
2017-06-26,21:00:00,58.939,59.533,58.815,59.533,103881,0
2017-06-26,22:00:00,59.509,59.509,58.89,58.989,176411,0
2017-06-27,16:00:00,59.088,59.335,58.79,59.137,36601,0
2017-06-27,17:00:00,59.137,59.533,59.137,59.484,54468,0
2017-06-27,18:00:00,59.484,59.533,59.335,59.335,23692,0
2017-06-27,19:00:00,59.385,59.484,59.236,59.36,31973,0
2017-06-27,20:00:00,59.36,59.509,58.741,58.79,43706,0
2017-06-27,21:00:00,58.79,59.137,58.543,58.989,63265,0
2017-06-27,22:00:00,58.964,59.088,58.592,58.642,155719,0
2017-06-28,16:00:00,58.741,59.211,58.642,58.84,20080,0
2017-06-28,17:00:00,58.939,59.88,58.89,59.76,91292,0
2017-06-28,18:00:00,59.806,60.029,59.335,59.707,119627,0
2017-06-28,19:00:00,59.707,59.781,59.515,59.732,55584,0
2017-06-28,20:00:00,59.682,59.781,59.434,59.781,58029,0
2017-06-28,21:00:00,59.732,59.781,59.459,59.533,31165,0
2017-06-28,22:00:00,59.583,59.88,59.484,59.831,140632,0
2017-06-29,16:00:00,60.029,60.425,59.93,60.326,15411,0
2017-06-29,17:00:00,60.326,60.673,60.004,60.425,30461,0
2017-06-29,18:00:00,60.425,60.524,59.879,60.029,46381,0
2017-06-29,19:00:00,59.979,60.276,59.93,60.029,50022,0
2017-06-29,20:00:00,60.029,60.202,59.632,60.054,144077,0
2017-06-29,21:00:00,60.078,60.425,60.029,60.375,115772,0
2017-06-29,22:00:00,60.375,60.673,60.276,60.276,164049,0
2017-06-30,16:00:00,60.524,60.524,59.682,59.682,106710,0
2017-06-30,17:00:00,59.732,59.88,58.632,58.939,48646,0
2017-06-30,18:00:00,58.929,59.211,58.815,59.187,53428,0
2017-06-30,19:00:00,59.137,59.236,58.89,59.088,50302,0
2017-06-30,20:00:00,59.137,59.187,58.642,58.642,40767,0
2017-06-30,21:00:00,58.592,59.038,58.543,59.013,38507,0
2017-06-30,22:00:00,59.013,59.484,58.989,59.286,143610,0
2017-07-03,16:00:00,59.286,60.375,59.286,59.979,18999,0
2017-07-03,17:00:00,60.177,60.475,59.533,59.533,12321,0
2017-07-03,18:00:00,59.632,59.831,59.385,59.682,19606,0
2017-07-03,19:00:00,59.632,60.128,59.484,60.054,53317,0
2017-07-03,20:00:00,60.029,60.029,60.029,60.029,1101,0
2017-07-05,16:00:00,59.979,60.475,59.88,60.078,16799,0
2017-07-05,17:00:00,60.103,60.326,59.732,60.227,55324,0
2017-07-05,18:00:00,60.177,60.276,59.657,59.682,35883,0
2017-07-05,19:00:00,59.632,60.078,59.583,60.029,27869,0
2017-07-05,20:00:00,59.979,60.177,59.93,59.979,19807,0
2017-07-05,21:00:00,59.954,59.979,59.162,59.162,46621,0
2017-07-05,22:00:00,59.137,59.335,58.989,59.038,135957,0
2017-07-06,16:00:00,58.79,58.84,58.196,58.394,25345,0
2017-07-06,17:00:00,58.345,58.592,58.246,58.444,75103,0
2017-07-06,18:00:00,58.444,58.493,58.295,58.493,81415,0
2017-07-06,19:00:00,58.493,58.493,58.295,58.345,41158,0
2017-07-06,20:00:00,58.394,58.444,57.998,58.246,61934,0
2017-07-06,21:00:00,58.246,58.295,57.899,58.097,61684,0
2017-07-06,22:00:00,58.097,58.196,57.998,58.196,100833,0
2017-07-07,16:00:00,58.295,58.345,57.75,58.147,12236,0
2017-07-07,17:00:00,58.147,58.147,57.75,58.147,23648,0
2017-07-07,18:00:00,58.147,58.444,58.147,58.246,65351,0
2017-07-07,19:00:00,58.196,58.394,57.998,57.998,21749,0
2017-07-07,20:00:00,57.948,58.493,57.8,58.295,70002,0
2017-07-07,21:00:00,58.32,58.84,58.271,58.741,20533,0
2017-07-07,22:00:00,58.741,59.038,58.741,58.89,103402,0
2017-07-10,16:00:00,58.89,59.088,58.196,58.642,15474,0
2017-07-10,17:00:00,58.692,58.89,58.568,58.568,40306,0
2017-07-10,18:00:00,58.592,58.692,58.345,58.444,41524,0
2017-07-10,19:00:00,58.444,58.964,58.394,58.89,35158,0
2017-07-10,20:00:00,58.84,59.137,58.741,59.137,28968,0
2017-07-10,21:00:00,59.137,59.533,59.063,59.236,40523,0
2017-07-10,22:00:00,59.187,59.236,58.89,58.89,91982,0
2017-07-11,16:00:00,58.939,58.939,58.493,58.89,12791,0
2017-07-11,17:00:00,58.84,60.326,58.79,60.326,46378,0
2017-07-11,18:00:00,60.276,60.276,59.533,59.781,33182,0
2017-07-11,19:00:00,59.732,60.128,59.732,60.078,14991,0
2017-07-11,20:00:00,60.029,60.177,59.88,59.88,17168,0
2017-07-11,21:00:00,59.93,60.029,59.781,59.979,22845,0
2017-07-11,22:00:00,59.979,60.177,59.88,59.93,66335,0
2017-07-12,16:00:00,60.326,60.871,60.252,60.475,50645,0
2017-07-12,17:00:00,60.574,61.168,60.574,60.722,46318,0
2017-07-12,18:00:00,60.673,61.118,60.574,60.92,13225,0
2017-07-12,19:00:00,60.92,60.994,60.227,60.375,28729,0
2017-07-12,20:00:00,60.326,60.425,60.029,60.425,52752,0
2017-07-12,21:00:00,60.375,60.524,59.954,59.979,43495,0
2017-07-12,22:00:00,59.93,60.227,59.88,59.979,140253,0
2017-07-13,16:00:00,60.078,61.317,59.533,60.227,17317,0
2017-07-13,17:00:00,60.375,60.673,60.227,60.425,73206,0
2017-07-13,18:00:00,60.425,60.945,60.375,60.92,67781,0
2017-07-13,19:00:00,60.945,61.168,60.475,61.044,53264,0
2017-07-13,20:00:00,61.069,61.168,60.821,61.118,44455,0
2017-07-13,21:00:00,61.044,61.143,60.821,61.019,72055,0
2017-07-13,22:00:00,60.97,61.366,60.772,61.168,294610,0
2017-07-14,16:00:00,61.515,62.803,60.45,62.406,306277,0
2017-07-14,17:00:00,62.455,63.149,62.406,62.728,120822,0
2017-07-14,18:00:00,62.703,62.901,62.357,62.778,70750,0
2017-07-14,19:00:00,62.778,62.901,62.357,62.753,114534,0
2017-07-14,20:00:00,62.803,62.901,62.505,62.654,79480,0
2017-07-14,21:00:00,62.654,63.446,62.654,63.372,121803,0
2017-07-14,22:00:00,63.347,63.372,62.455,62.555,253139,0
2017-07-17,16:00:00,62.555,62.604,61.713,61.812,17771,0
2017-07-17,17:00:00,61.762,62.728,61.614,62.629,108515,0
2017-07-17,18:00:00,62.629,62.852,62.505,62.58,56075,0
2017-07-17,19:00:00,62.58,63.149,62.455,63.05,80340,0
2017-07-17,20:00:00,63.05,63.149,62.703,62.951,30738,0
2017-07-17,21:00:00,62.926,63.05,62.753,62.852,45891,0
2017-07-17,22:00:00,62.778,62.803,62.604,62.753,116524,0
2017-07-18,16:00:00,62.505,62.629,61.561,62.109,19621,0
2017-07-18,17:00:00,62.109,62.455,61.936,62.01,40873,0
2017-07-18,18:00:00,62.01,62.505,61.663,62.406,64386,0
2017-07-18,19:00:00,62.357,62.654,62.357,62.555,29596,0
2017-07-18,20:00:00,62.505,62.58,62.357,62.406,30403,0
2017-07-18,21:00:00,62.455,62.604,62.406,62.48,38711,0
2017-07-18,22:00:00,62.48,62.604,62.208,62.208,133509,0
2017-07-19,16:00:00,62.455,63.545,62.455,63.149,34525,0
2017-07-19,17:00:00,63.199,63.495,62.455,62.778,73298,0
2017-07-19,18:00:00,62.753,63.199,62.654,63.149,34702,0
2017-07-19,19:00:00,63.149,63.199,62.604,62.803,32884,0
2017-07-19,20:00:00,62.852,62.901,62.629,62.629,35714,0
2017-07-19,21:00:00,62.678,62.852,62.604,62.728,48930,0
2017-07-19,22:00:00,62.604,62.678,62.332,62.505,101710,0
2017-07-20,16:00:00,62.505,63.248,62.505,63.149,10966,0
2017-07-20,17:00:00,63.149,63.645,63.149,63.347,45972,0
2017-07-20,18:00:00,63.397,63.397,63.05,63.248,28882,0
2017-07-20,19:00:00,63.199,63.793,63.149,63.768,61118,0
2017-07-20,20:00:00,63.768,64.685,63.743,64.09,117315,0
2017-07-20,21:00:00,64.066,64.289,63.892,64.09,113861,0
2017-07-20,22:00:00,64.09,64.387,63.966,64.041,227942,0
2017-07-21,16:00:00,64.437,64.437,63.991,64.214,56186,0
2017-07-21,17:00:00,64.239,64.734,64.239,64.337,60183,0
2017-07-21,18:00:00,64.387,64.535,64.09,64.264,63250,0
2017-07-21,19:00:00,64.289,64.412,64.139,64.321,53646,0
2017-07-21,20:00:00,64.313,64.313,63.892,64.139,45395,0
2017-07-21,21:00:00,64.139,64.487,64.09,64.362,54288,0
2017-07-21,22:00:00,64.387,64.487,63.743,63.941,253514,0
2017-07-24,16:00:00,64.041,64.387,63.868,64.139,25301,0
2017-07-24,17:00:00,64.139,64.387,63.991,64.289,55841,0
2017-07-24,18:00:00,64.289,65.081,64.289,65.081,67424,0
2017-07-24,19:00:00,64.981,65.031,64.239,64.69,64899,0
2017-07-24,20:00:00,64.71,65.081,64.635,64.833,36890,0
2017-07-24,21:00:00,64.833,65.527,64.833,65.377,88772,0
2017-07-24,22:00:00,65.329,65.527,65.229,65.427,184259,0
2017-07-25,16:00:00,65.973,66.517,65.477,65.995,107451,0
2017-07-25,17:00:00,66.021,66.665,65.948,66.319,82674,0
2017-07-25,18:00:00,66.369,66.369,65.75,65.774,108773,0
2017-07-25,19:00:00,65.823,66.021,65.427,65.725,52210,0
2017-07-25,20:00:00,65.725,65.923,65.576,65.823,43525,0
2017-07-25,21:00:00,65.823,65.923,65.675,65.774,55305,0
2017-07-25,22:00:00,65.75,65.774,65.329,65.377,174824,0
2017-07-26,16:00:00,65.675,66.219,65.62,65.823,36227,0
2017-07-26,17:00:00,65.823,65.923,65.031,65.625,85575,0
2017-07-26,18:00:00,65.576,65.873,65.576,65.675,41706,0
2017-07-26,19:00:00,65.625,65.823,65.377,65.576,35339,0
2017-07-26,20:00:00,65.552,65.923,65.527,65.675,67601,0
2017-07-26,21:00:00,65.625,65.873,65.576,65.576,48599,0
2017-07-26,22:00:00,65.576,65.873,65.477,65.625,130818,0
2017-07-27,16:00:00,65.725,66.219,65.329,65.353,21595,0
2017-07-27,17:00:00,65.353,66.196,65.279,66.171,40592,0
2017-07-27,18:00:00,66.219,66.517,65.973,66.517,106519,0
2017-07-27,19:00:00,66.567,66.815,66.071,66.121,37980,0
2017-07-27,20:00:00,66.071,66.171,65.179,65.329,60797,0
2017-07-27,21:00:00,65.427,65.923,65.377,65.823,49308,0
2017-07-27,22:00:00,65.823,66.219,65.552,65.625,225095,0
2017-07-28,16:00:00,65.527,66.071,65.427,65.923,9288,0
2017-07-28,17:00:00,65.873,66.071,65.625,65.823,36468,0
2017-07-28,18:00:00,65.823,66.219,65.527,66.219,39801,0
2017-07-28,19:00:00,66.219,66.467,66.096,66.171,32805,0
2017-07-28,20:00:00,66.196,66.394,66.021,66.369,33037,0
2017-07-28,21:00:00,66.369,66.517,66.071,66.517,90080,0
2017-07-28,22:00:00,66.517,66.765,66.369,66.617,168507,0
2017-07-31,16:00:00,66.517,66.517,65.923,66.071,23561,0
2017-07-31,17:00:00,66.121,66.171,65.377,65.527,61246,0
2017-07-31,18:00:00,65.527,65.576,64.981,64.981,51302,0
2017-07-31,19:00:00,65.047,65.229,64.734,65.155,44477,0
2017-07-31,20:00:00,65.131,65.427,65.031,65.304,47846,0
2017-07-31,21:00:00,65.304,65.329,65.081,65.204,52103,0
2017-07-31,22:00:00,65.204,65.229,64.783,64.783,194885,0
2017-08-01,16:00:00,64.932,65.923,64.09,64.189,70633,0
2017-08-01,17:00:00,64.139,64.585,64.139,64.487,107457,0
2017-08-01,18:00:00,64.487,64.833,64.437,64.535,37413,0
2017-08-01,19:00:00,64.511,64.833,64.337,64.783,39785,0
2017-08-01,20:00:00,64.734,65.576,64.685,65.576,78048,0
2017-08-01,21:00:00,65.527,66.617,65.377,65.823,85088,0
2017-08-01,22:00:00,65.774,66.219,65.75,66.171,159776,0
2017-08-02,16:00:00,65.973,65.973,64.883,64.981,43559,0
2017-08-02,17:00:00,64.981,65.031,63.199,63.868,170978,0
2017-08-02,18:00:00,63.843,63.991,63.446,63.595,145876,0
2017-08-02,19:00:00,63.495,63.571,63.001,63.149,71508,0
2017-08-02,20:00:00,63.199,63.941,63.05,63.892,103683,0
2017-08-02,21:00:00,63.892,64.239,63.743,64.139,64690,0
2017-08-02,22:00:00,64.139,64.783,64.09,64.635,273796,0
2017-08-03,16:00:00,63.397,63.892,61.614,61.614,170609,0
2017-08-03,17:00:00,61.663,62.555,61.415,62.109,296317,0
2017-08-03,18:00:00,62.109,62.109,61.515,61.564,249226,0
2017-08-03,19:00:00,61.614,62.257,61.267,61.911,210060,0
2017-08-03,20:00:00,61.911,62.01,61.663,62.01,106340,0
2017-08-03,21:00:00,62.034,62.109,61.663,61.787,98606,0
2017-08-03,22:00:00,61.787,61.961,61.168,61.317,292885,0
2017-08-04,16:00:00,61.762,61.762,61.168,61.267,11424,0
2017-08-04,17:00:00,61.217,61.911,60.92,61.564,73730,0
2017-08-04,18:00:00,61.564,61.614,61.168,61.317,49289,0
2017-08-04,19:00:00,61.317,61.614,61.317,61.366,40620,0
2017-08-04,20:00:00,61.317,61.366,61.193,61.242,49130,0
2017-08-04,21:00:00,61.267,61.366,61.019,61.168,60708,0
2017-08-04,22:00:00,61.143,61.168,60.871,61.019,140842,0
2017-08-07,16:00:00,60.772,61.317,60.574,61.143,21256,0
2017-08-07,17:00:00,61.143,61.614,60.97,61.614,37243,0
2017-08-07,18:00:00,61.614,61.762,61.317,61.614,30789,0
2017-08-07,19:00:00,61.663,62.159,61.638,62.109,28034,0
2017-08-07,20:00:00,62.159,62.183,61.911,62.034,23772,0
2017-08-07,21:00:00,62.034,62.034,61.911,61.911,61409,0
2017-08-07,22:00:00,61.936,62.059,61.515,61.762,165635,0
2017-08-08,16:00:00,63.149,64.883,61.415,62.134,144355,0
2017-08-08,17:00:00,62.159,63.495,62.059,62.48,191267,0
2017-08-08,18:00:00,62.48,63.347,62.307,63.05,104888,0
2017-08-08,19:00:00,63.297,63.347,63.05,63.248,52921,0
2017-08-08,20:00:00,63.199,63.397,62.876,63.273,79393,0
2017-08-08,21:00:00,63.297,63.495,62.951,63.05,84615,0
2017-08-08,22:00:00,63.001,63.075,62.208,62.555,212825,0
2017-08-09,16:00:00,62.804,63.998,61.714,63.5,93167,0
2017-08-09,17:00:00,63.55,63.65,62.953,63.102,128203,0
2017-08-09,18:00:00,63.202,64.048,63.052,63.849,133599,0
2017-08-09,19:00:00,63.849,64.247,63.6,63.749,109439,0
2017-08-09,20:00:00,63.799,64.247,63.749,64.097,72295,0
2017-08-09,21:00:00,64.197,64.197,63.6,63.699,144545,0
2017-08-09,22:00:00,63.65,63.998,63.6,63.898,179928,0
2017-08-10,16:00:00,63.699,64.197,61.51,64.197,44931,0
2017-08-10,17:00:00,64.138,64.197,63.5,63.55,88205,0
2017-08-10,18:00:00,63.575,63.998,63.401,63.749,85760,0
2017-08-10,19:00:00,63.799,63.923,63.301,63.45,105309,0
2017-08-10,20:00:00,63.5,63.65,63.052,63.202,64078,0
2017-08-10,21:00:00,63.251,63.6,63.102,63.301,72389,0
2017-08-10,22:00:00,63.351,63.55,63.102,63.351,154041,0
2017-08-11,16:00:00,63.202,63.849,62.903,63.351,37744,0
2017-08-11,17:00:00,63.351,63.351,63.052,63.152,45015,0
2017-08-11,18:00:00,63.202,63.849,63.102,63.401,185185,0
2017-08-11,19:00:00,63.351,63.799,63.351,63.6,44449,0
2017-08-11,20:00:00,63.6,63.799,63.351,63.45,35239,0
2017-08-11,21:00:00,63.55,63.799,63.45,63.625,34139,0
2017-08-11,22:00:00,63.65,63.998,63.65,63.849,144704,0
2017-08-14,16:00:00,63.998,64.197,63.898,64.097,19874,0
2017-08-14,17:00:00,64.147,64.545,63.948,64.545,78041,0
2017-08-14,18:00:00,64.595,64.685,63.998,64.048,65856,0
2017-08-14,19:00:00,64.048,64.247,63.898,63.923,71766,0
2017-08-14,20:00:00,63.898,64.048,63.401,63.45,36457,0
2017-08-14,21:00:00,63.45,63.5,63.052,63.152,65821,0
2017-08-14,22:00:00,63.127,63.152,62.853,62.903,176838,0
2017-08-15,16:00:00,62.953,63.301,62.555,62.853,19104,0
2017-08-15,17:00:00,62.903,63.202,62.654,62.654,110893,0
2017-08-15,18:00:00,62.604,63.052,62.604,62.804,48412,0
2017-08-15,19:00:00,62.828,62.953,62.604,62.654,37108,0
2017-08-15,20:00:00,62.654,62.654,62.256,62.654,44035,0
2017-08-15,21:00:00,62.58,62.754,62.505,62.654,41070,0
2017-08-15,22:00:00,62.654,62.754,62.505,62.654,118512,0
2017-08-16,16:00:00,61.46,61.858,61.261,61.684,142154,0
2017-08-16,17:00:00,61.659,61.808,61.211,61.286,225243,0
2017-08-16,18:00:00,61.311,61.559,61.112,61.535,147253,0
2017-08-16,19:00:00,61.559,61.609,61.46,61.51,188008,0
2017-08-16,20:00:00,61.535,61.559,61.36,61.485,61987,0
2017-08-16,21:00:00,61.51,61.758,61.36,61.659,249262,0
2017-08-16,22:00:00,61.609,61.709,61.41,61.559,252162,0
2017-08-17,16:00:00,61.261,61.709,61.161,61.36,89413,0
2017-08-17,17:00:00,61.311,61.559,60.912,61.161,315925,0
2017-08-17,18:00:00,61.161,61.559,60.962,61.012,218468,0
2017-08-17,19:00:00,61.012,61.062,60.713,60.738,171992,0
2017-08-17,20:00:00,60.713,60.937,60.614,60.664,188195,0
2017-08-17,21:00:00,60.614,60.863,60.564,60.713,100512,0
2017-08-17,22:00:00,60.689,60.689,60.365,60.415,268655,0
2017-08-18,16:00:00,60.116,60.465,59.569,59.569,50326,0
2017-08-18,17:00:00,59.569,59.942,59.469,59.743,86541,0
2017-08-18,18:00:00,59.737,59.818,59.569,59.569,81916,0
2017-08-18,19:00:00,59.619,59.967,59.519,59.743,114045,0
2017-08-18,20:00:00,59.743,59.768,59.519,59.718,76442,0
2017-08-18,21:00:00,59.718,60.017,59.718,59.818,69370,0
2017-08-18,22:00:00,59.818,59.867,59.619,59.693,332432,0
2017-08-21,16:00:00,59.867,59.867,59.419,59.668,94522,0
2017-08-21,17:00:00,59.668,59.668,59.121,59.22,94615,0
2017-08-21,18:00:00,59.22,59.519,59.121,59.245,55749,0
2017-08-21,19:00:00,59.27,59.37,59.171,59.32,24310,0
2017-08-21,20:00:00,59.32,59.569,59.22,59.569,37609,0
2017-08-21,21:00:00,59.569,59.867,59.544,59.743,68941,0
2017-08-21,22:00:00,59.718,60.166,59.668,60.017,243597,0
2017-08-22,16:00:00,60.116,60.763,60.116,60.34,20586,0
2017-08-22,17:00:00,60.34,60.564,60.066,60.514,72380,0
2017-08-22,18:00:00,60.465,61.062,60.465,60.838,68539,0
2017-08-22,19:00:00,60.813,61.012,60.763,60.863,53189,0
2017-08-22,20:00:00,60.863,60.912,60.365,60.365,79477,0
2017-08-22,21:00:00,60.39,60.664,60.365,60.415,77162,0
2017-08-22,22:00:00,60.44,60.564,60.365,60.465,107964,0
2017-08-23,16:00:00,60.116,60.315,59.768,60.166,21778,0
2017-08-23,17:00:00,60.166,60.166,59.668,59.917,51703,0
2017-08-23,18:00:00,59.917,60.266,59.818,60.141,27699,0
2017-08-23,19:00:00,60.141,60.365,60.116,60.266,28757,0
2017-08-23,20:00:00,60.216,60.315,60.091,60.216,47682,0
2017-08-23,21:00:00,60.241,60.365,60.166,60.29,35561,0
2017-08-23,22:00:00,60.29,60.564,60.166,60.564,134668,0
2017-08-24,16:00:00,60.664,61.161,60.365,61.012,26141,0
2017-08-24,17:00:00,61.062,61.709,61.062,61.659,26266,0
2017-08-24,18:00:00,61.609,61.709,61.36,61.684,60713,0
2017-08-24,19:00:00,61.693,61.808,61.311,61.335,55514,0
2017-08-24,20:00:00,61.311,61.36,60.962,61.112,35101,0
2017-08-24,21:00:00,61.112,61.236,60.912,61.211,38968,0
2017-08-24,22:00:00,61.211,61.236,61.012,61.012,121399,0
2017-08-25,16:00:00,61.261,61.858,61.161,61.559,13356,0
2017-08-25,17:00:00,61.659,61.709,61.311,61.41,26179,0
2017-08-25,18:00:00,61.36,61.46,61.012,61.012,13708,0
2017-08-25,19:00:00,61.112,61.211,61.012,61.211,16611,0
2017-08-25,20:00:00,61.161,61.211,60.912,60.962,11810,0
2017-08-25,21:00:00,60.962,61.012,60.813,60.987,14381,0
2017-08-25,22:00:00,60.962,60.962,60.514,60.564,140221,0
2017-08-28,16:00:00,60.713,61.112,60.713,61.062,5761,0
2017-08-28,17:00:00,61.121,61.121,60.465,60.564,13409,0
2017-08-28,18:00:00,60.514,60.813,60.514,60.664,13463,0
2017-08-28,19:00:00,60.689,60.689,60.266,60.365,12361,0
2017-08-28,20:00:00,60.365,60.564,60.315,60.465,14669,0
2017-08-28,21:00:00,60.465,60.514,60.266,60.465,14061,0
2017-08-28,22:00:00,60.514,60.514,60.266,60.315,72221,0
2017-08-29,16:00:00,59.967,60.514,59.758,60.514,38145,0
2017-08-29,17:00:00,60.564,60.614,59.768,60.116,57733,0
2017-08-29,18:00:00,60.116,60.166,59.743,59.892,40164,0
2017-08-29,19:00:00,59.917,60.066,59.818,60.066,33007,0
2017-08-29,20:00:00,60.066,60.241,59.967,60.017,46039,0
2017-08-29,21:00:00,60.042,60.166,59.917,60.042,34738,0
2017-08-29,22:00:00,60.042,60.166,59.992,60.066,127486,0
2017-08-30,16:00:00,60.017,60.066,59.718,59.917,25363,0
2017-08-30,17:00:00,59.967,60.066,59.718,59.793,88417,0
2017-08-30,18:00:00,59.818,59.867,59.668,59.743,59509,0
2017-08-30,19:00:00,59.743,59.843,59.619,59.743,45625,0
2017-08-30,20:00:00,59.718,59.843,59.668,59.818,38348,0
2017-08-30,21:00:00,59.768,63.052,59.718,62.779,575292,0
2017-08-30,22:00:00,62.704,63.152,61.709,62.405,439350,0
2017-08-31,16:00:00,62.405,62.604,61.211,61.211,51540,0
2017-08-31,17:00:00,61.161,61.559,60.465,60.962,170092,0
2017-08-31,18:00:00,60.912,61.112,60.066,60.116,123688,0
2017-08-31,19:00:00,60.091,60.514,59.867,60.44,178655,0
2017-08-31,20:00:00,60.39,60.415,59.743,60.116,64739,0
2017-08-31,21:00:00,60.066,60.066,59.713,59.967,107229,0
2017-08-31,22:00:00,59.967,60.066,59.768,59.917,289244,0
2017-09-01,16:00:00,60.116,60.514,60.116,60.315,17062,0
2017-09-01,17:00:00,60.415,61.062,60.315,61.012,44632,0
2017-09-01,18:00:00,61.012,61.41,60.962,61.311,35794,0
2017-09-01,19:00:00,61.41,61.51,61.112,61.46,23536,0
2017-09-01,20:00:00,61.46,62.032,61.46,61.559,66292,0
2017-09-01,21:00:00,61.559,61.758,61.46,61.51,51320,0
2017-09-01,22:00:00,61.559,61.709,61.161,61.211,183907,0
2017-09-05,16:00:00,61.46,61.46,60.763,61.261,27708,0
2017-09-05,17:00:00,61.261,61.261,60.664,60.912,24747,0
2017-09-05,18:00:00,60.813,60.962,60.465,60.564,17029,0
2017-09-05,19:00:00,60.514,60.614,59.867,59.917,44611,0
2017-09-05,20:00:00,59.917,60.066,59.768,59.768,26706,0
2017-09-05,21:00:00,59.768,59.967,59.718,59.818,38633,0
2017-09-05,22:00:00,59.818,60.465,59.768,60.415,105746,0
2017-09-06,16:00:00,60.664,60.813,60.415,60.514,11877,0
2017-09-06,17:00:00,60.564,60.713,60.465,60.614,29378,0
2017-09-06,18:00:00,60.664,60.863,60.514,60.664,26441,0
2017-09-06,19:00:00,60.713,60.763,60.564,60.713,23391,0
2017-09-06,20:00:00,60.713,61.062,60.713,60.912,49758,0
2017-09-06,21:00:00,60.863,60.876,60.514,60.614,33351,0
2017-09-06,22:00:00,60.639,60.912,60.564,60.614,156461,0
2017-09-07,16:00:00,60.713,60.713,59.967,59.967,6993,0
2017-09-07,17:00:00,60.017,60.763,59.917,60.465,35325,0
2017-09-07,18:00:00,60.514,60.863,59.867,60.066,39819,0
2017-09-07,19:00:00,60.066,60.066,59.519,59.519,169236,0
2017-09-07,20:00:00,59.519,59.519,59.171,59.37,71134,0
2017-09-07,21:00:00,59.419,59.519,58.822,59.021,104315,0
2017-09-07,22:00:00,59.096,59.096,58.723,58.872,195987,0
2017-09-08,16:00:00,58.872,58.872,58.474,58.524,26865,0
2017-09-08,17:00:00,58.573,58.822,58.424,58.623,70004,0
2017-09-08,18:00:00,58.723,58.872,58.524,58.573,93155,0
2017-09-08,19:00:00,58.573,58.623,58.374,58.474,39954,0
2017-09-08,20:00:00,58.499,58.623,58.474,58.524,24121,0
2017-09-08,21:00:00,58.524,58.623,58.474,58.573,23526,0
2017-09-08,22:00:00,58.598,58.872,58.549,58.822,81859,0
2017-09-11,16:00:00,59.27,59.718,59.171,59.32,13487,0
2017-09-11,17:00:00,59.37,59.693,59.37,59.419,65281,0
2017-09-11,18:00:00,59.469,59.494,59.071,59.146,45537,0
2017-09-11,19:00:00,59.121,59.27,59.046,59.121,29342,0
2017-09-11,20:00:00,59.096,59.22,58.972,58.972,24941,0
2017-09-11,21:00:00,58.996,59.32,58.623,58.773,89778,0
2017-09-11,22:00:00,58.748,58.773,58.374,58.474,170428,0
2017-09-12,16:00:00,58.723,58.723,58.076,58.474,18080,0
2017-09-12,17:00:00,58.474,58.922,58.424,58.424,48500,0
2017-09-12,18:00:00,58.499,58.773,58.374,58.524,38258,0
2017-09-12,19:00:00,58.524,58.748,58.524,58.623,71384,0
2017-09-12,20:00:00,58.623,59.22,58.623,59.146,72685,0
2017-09-12,21:00:00,59.171,59.171,58.673,58.872,49158,0
2017-09-12,22:00:00,58.872,58.872,58.424,58.524,210728,0
2017-09-13,16:00:00,58.474,58.773,58.225,58.524,16036,0
2017-09-13,17:00:00,58.549,58.623,58.175,58.225,101025,0
2017-09-13,18:00:00,58.175,58.275,58.108,58.126,79290,0
2017-09-13,19:00:00,58.076,58.773,58.076,58.723,148815,0
2017-09-13,20:00:00,58.723,58.822,58.474,58.524,43446,0
2017-09-13,21:00:00,58.573,58.723,58.474,58.664,70621,0
2017-09-13,22:00:00,58.673,58.922,58.623,58.723,155933,0
2017-09-14,16:00:00,58.474,58.996,58.374,58.424,14354,0
2017-09-14,17:00:00,58.524,58.524,57.951,57.976,76388,0
2017-09-14,18:00:00,58.001,58.175,57.703,57.761,81215,0
2017-09-14,19:00:00,57.727,57.802,57.304,57.304,89562,0
2017-09-14,20:00:00,57.329,57.479,56.757,56.757,197323,0
2017-09-14,21:00:00,56.782,56.782,56.384,56.732,195384,0
2017-09-14,22:00:00,56.732,56.931,56.533,56.782,384967,0
2017-09-15,16:00:00,56.931,57.23,56.682,57.031,101620,0
2017-09-15,17:00:00,57.031,57.23,56.782,56.931,60093,0
2017-09-15,18:00:00,57.031,57.379,57.031,57.23,72259,0
2017-09-15,19:00:00,57.23,57.827,57.23,57.827,62762,0
2017-09-15,20:00:00,57.777,57.827,57.429,57.454,62585,0
2017-09-15,21:00:00,57.454,57.578,57.379,57.404,83716,0
2017-09-15,22:00:00,57.404,57.578,57.28,57.528,473200,0
2017-09-18,16:00:00,57.379,58.175,57.379,58.175,12974,0
2017-09-18,17:00:00,58.175,59.32,58.175,59.32,66819,0
2017-09-18,18:00:00,59.295,59.345,58.723,58.922,80486,0
2017-09-18,19:00:00,58.922,59.22,58.723,59.171,160683,0
2017-09-18,20:00:00,59.071,59.619,59.021,59.345,98404,0
2017-09-18,21:00:00,59.32,59.345,58.972,59.27,77898,0
2017-09-18,22:00:00,59.245,59.768,59.22,59.668,201373,0
2017-09-19,16:00:00,60.017,60.017,59.121,59.171,66146,0
2017-09-19,17:00:00,59.121,59.619,59.121,59.419,61141,0
2017-09-19,18:00:00,59.469,59.569,59.27,59.37,15979,0
2017-09-19,19:00:00,59.419,59.768,59.419,59.768,24648,0
2017-09-19,20:00:00,59.768,59.917,59.668,59.668,21260,0
2017-09-19,21:00:00,59.668,59.768,59.619,59.718,27773,0
2017-09-19,22:00:00,59.718,59.718,59.569,59.718,107417,0
2017-09-20,16:00:00,59.668,60.266,59.026,60.266,35175,0
2017-09-20,17:00:00,60.266,60.365,59.569,59.619,92393,0
2017-09-20,18:00:00,59.668,59.818,59.619,59.668,14889,0
2017-09-20,19:00:00,59.718,59.818,59.619,59.708,20832,0
2017-09-20,20:00:00,59.718,59.718,59.569,59.619,49831,0
2017-09-20,21:00:00,59.619,59.818,59.519,59.718,76421,0
2017-09-20,22:00:00,59.693,59.818,59.419,59.469,109980,0
2017-09-21,16:00:00,59.171,59.37,58.723,58.773,22837,0
2017-09-21,17:00:00,58.822,59.419,58.822,59.021,75404,0
2017-09-21,18:00:00,59.121,59.171,58.922,58.972,35563,0
2017-09-21,19:00:00,58.972,59.121,58.922,59.071,27595,0
2017-09-21,20:00:00,59.071,59.22,58.972,59.021,24113,0
2017-09-21,21:00:00,59.071,59.121,58.922,59.071,51365,0
2017-09-21,22:00:00,59.121,59.171,58.872,58.972,122894,0
2017-09-22,16:00:00,59.021,59.32,58.673,58.822,40981,0
2017-09-22,17:00:00,58.922,59.569,58.872,59.27,50302,0
2017-09-22,18:00:00,59.27,59.37,59.021,59.071,38246,0
2017-09-22,19:00:00,59.096,59.37,58.972,59.22,68768,0
2017-09-22,20:00:00,59.22,59.519,59.171,59.37,195528,0
2017-09-22,21:00:00,59.37,59.419,59.121,59.121,56729,0
2017-09-22,22:00:00,59.096,59.37,59.021,59.22,143845,0
2017-09-25,16:00:00,59.021,59.469,58.972,59.37,100512,0
2017-09-25,17:00:00,59.419,59.718,59.27,59.519,64709,0
2017-09-25,18:00:00,59.469,59.519,59.171,59.22,38137,0
2017-09-25,19:00:00,59.22,59.444,59.021,59.37,69883,0
2017-09-25,20:00:00,59.419,59.693,59.32,59.693,107864,0
2017-09-25,21:00:00,59.668,59.967,59.668,59.967,51233,0
2017-09-25,22:00:00,59.917,60.216,59.867,60.216,143400,0
2017-09-26,16:00:00,60.216,60.614,59.867,59.867,20283,0
2017-09-26,17:00:00,59.867,60.614,59.768,60.514,61027,0
2017-09-26,18:00:00,60.514,60.763,60.465,60.713,57089,0
2017-09-26,19:00:00,60.713,60.813,60.639,60.713,27492,0
2017-09-26,20:00:00,60.763,61.062,60.713,60.962,28178,0
2017-09-26,21:00:00,60.937,61.012,60.589,60.813,100820,0
2017-09-26,22:00:00,60.713,61.012,60.713,60.863,159163,0
2017-09-27,16:00:00,61.211,61.632,60.664,60.763,51998,0
2017-09-27,17:00:00,60.763,60.962,60.514,60.713,57577,0
2017-09-27,18:00:00,60.713,60.713,60.166,60.166,64079,0
2017-09-27,19:00:00,60.166,60.863,60.066,60.838,39144,0
2017-09-27,20:00:00,60.863,61.485,60.838,61.41,66318,0
2017-09-27,21:00:00,61.41,61.659,61.062,61.659,60139,0
2017-09-27,22:00:00,61.659,61.709,61.211,61.261,183483,0
2017-09-28,16:00:00,61.46,61.659,60.863,60.912,35222,0
2017-09-28,17:00:00,60.962,61.335,60.813,60.838,205360,0
2017-09-28,18:00:00,60.813,61.261,60.664,61.186,96972,0
2017-09-28,19:00:00,61.161,61.684,61.112,61.385,112038,0
2017-09-28,20:00:00,61.41,61.559,60.888,61.559,71906,0
2017-09-28,21:00:00,61.559,61.783,61.211,61.609,115084,0
2017-09-28,22:00:00,61.659,62.206,61.659,61.908,237580,0
2017-09-29,16:00:00,61.659,61.659,61.211,61.46,91837,0
2017-09-29,17:00:00,61.46,61.51,61.211,61.41,67940,0
2017-09-29,18:00:00,61.41,61.908,61.261,61.858,156662,0
2017-09-29,19:00:00,61.858,62.057,61.709,61.933,86972,0
2017-09-29,20:00:00,61.933,64.147,61.883,62.505,152200,0
2017-09-29,21:00:00,62.455,62.455,62.057,62.107,49885,0
2017-09-29,22:00:00,62.057,62.356,61.908,62.007,146206,0
2017-10-02,16:00:00,62.007,62.206,61.609,61.709,17522,0
2017-10-02,17:00:00,61.758,61.808,61.211,61.51,29197,0
2017-10-02,18:00:00,61.51,62.206,61.51,62.007,76043,0
2017-10-02,19:00:00,62.007,62.306,61.908,61.958,30548,0
2017-10-02,20:00:00,61.958,62.206,61.758,62.206,29289,0
2017-10-02,21:00:00,62.206,62.256,60.166,61.037,175313,0
2017-10-02,22:00:00,60.912,60.912,59.967,60.664,466667,0
2017-10-03,16:00:00,60.514,60.962,60.066,60.415,118296,0
2017-10-03,17:00:00,60.315,60.713,60.315,60.614,110588,0
2017-10-03,18:00:00,60.614,60.614,60.415,60.465,64712,0
2017-10-03,19:00:00,60.465,60.763,60.465,60.589,84291,0
2017-10-03,20:00:00,60.614,60.713,60.465,60.465,45847,0
2017-10-03,21:00:00,60.465,61.41,60.465,61.211,88840,0
2017-10-03,22:00:00,61.161,61.51,61.161,61.41,175461,0
2017-10-04,16:00:00,61.609,62.555,61.609,62.555,147076,0
2017-10-04,17:00:00,62.604,63.202,62.405,63.102,133075,0
2017-10-04,18:00:00,63.152,64.048,62.853,63.401,132965,0
2017-10-04,19:00:00,63.401,63.401,63.003,63.052,31851,0
2017-10-04,20:00:00,63.102,63.152,62.779,62.903,44621,0
2017-10-04,21:00:00,62.903,63.102,62.903,63.052,43877,0
2017-10-04,22:00:00,63.052,63.052,62.654,62.804,127647,0
2017-10-05,16:00:00,63.052,63.49,62.853,63.052,19482,0
2017-10-05,17:00:00,63.052,63.799,63.052,63.45,98380,0
2017-10-05,18:00:00,63.5,63.55,63.152,63.401,53261,0
2017-10-05,19:00:00,63.401,63.55,63.301,63.45,71992,0
2017-10-05,20:00:00,63.426,63.55,63.152,63.301,55646,0
2017-10-05,21:00:00,63.301,63.301,63.003,63.152,91140,0
2017-10-05,22:00:00,63.152,63.202,62.604,62.754,136269,0
2017-10-06,16:00:00,62.704,62.903,62.256,62.405,20561,0
2017-10-06,17:00:00,62.455,62.754,62.206,62.704,51757,0
2017-10-06,18:00:00,62.654,62.853,62.455,62.455,38461,0
2017-10-06,19:00:00,62.405,62.754,62.306,62.654,24695,0
2017-10-06,20:00:00,62.654,62.704,62.505,62.555,11603,0
2017-10-06,21:00:00,62.555,62.903,62.555,62.729,35286,0
2017-10-06,22:00:00,62.804,62.804,62.306,62.405,114731,0
2017-10-09,16:00:00,62.356,63.147,61.559,61.758,19933,0
2017-10-09,17:00:00,61.808,62.107,61.609,61.858,154609,0
2017-10-09,18:00:00,61.808,61.858,61.51,61.758,19448,0
2017-10-09,19:00:00,61.758,61.858,61.559,61.609,16337,0
2017-10-09,20:00:00,61.559,61.808,61.559,61.758,24462,0
2017-10-09,21:00:00,61.758,61.808,61.46,61.51,127654,0
2017-10-09,22:00:00,61.535,61.659,61.46,61.559,222411,0
2017-10-10,16:00:00,61.958,62.107,61.758,61.858,7274,0
2017-10-10,17:00:00,61.908,62.007,61.609,61.958,59741,0
2017-10-10,18:00:00,61.958,62.107,61.758,61.858,13428,0
2017-10-10,19:00:00,61.908,61.908,61.559,61.659,27323,0
2017-10-10,20:00:00,61.609,61.808,61.609,61.709,23795,0
2017-10-10,21:00:00,61.709,61.758,61.41,61.51,83070,0
2017-10-10,22:00:00,61.51,61.709,61.311,61.659,94609,0
2017-10-11,16:00:00,61.559,61.659,61.211,61.36,16734,0
2017-10-11,17:00:00,61.335,61.51,61.261,61.261,26586,0
2017-10-11,18:00:00,61.211,61.311,61.112,61.161,29547,0
2017-10-11,19:00:00,61.161,61.261,61.087,61.136,24721,0
2017-10-11,20:00:00,61.161,61.211,61.062,61.112,13029,0
2017-10-11,21:00:00,61.161,61.311,61.112,61.161,112228,0
2017-10-11,22:00:00,61.211,61.41,61.186,61.36,136388,0
2017-10-12,16:00:00,61.062,61.062,59.519,59.768,63925,0
2017-10-12,17:00:00,59.768,60.514,59.693,59.718,138711,0
2017-10-12,18:00:00,59.768,60.066,59.718,59.917,96501,0
2017-10-12,19:00:00,59.967,60.091,59.818,60.066,68203,0
2017-10-12,20:00:00,60.017,60.017,59.619,59.619,86115,0
2017-10-12,21:00:00,59.668,59.768,59.459,59.519,92888,0
2017-10-12,22:00:00,59.569,59.768,59.419,59.519,265697,0
2017-10-13,16:00:00,59.519,59.519,58.424,58.549,32363,0
2017-10-13,17:00:00,58.524,59.27,58.474,59.121,45769,0
2017-10-13,18:00:00,59.121,59.419,59.071,59.171,25127,0
2017-10-13,19:00:00,59.121,59.619,59.071,59.494,189376,0
2017-10-13,20:00:00,59.469,60.713,59.469,60.465,88592,0
2017-10-13,21:00:00,60.465,60.564,60.116,60.266,44716,0
2017-10-13,22:00:00,60.216,60.465,59.917,60.216,114790,0
2017-10-16,16:00:00,60.465,60.564,60.216,60.465,38032,0
2017-10-16,17:00:00,60.514,60.763,60.415,60.465,77782,0
2017-10-16,18:00:00,60.489,60.564,60.415,60.489,45406,0
2017-10-16,19:00:00,60.465,60.763,60.365,60.415,97431,0
2017-10-16,20:00:00,60.415,60.465,59.967,60.017,70893,0
2017-10-16,21:00:00,59.917,60.664,59.917,60.614,91551,0
2017-10-16,22:00:00,60.614,60.763,60.465,60.465,197769,0
2017-10-17,16:00:00,60.465,61.46,60.266,60.465,30317,0
2017-10-17,17:00:00,60.514,60.614,59.818,59.917,46225,0
2017-10-17,18:00:00,59.967,60.017,59.668,59.867,26615,0
2017-10-17,19:00:00,59.867,59.967,59.619,59.718,28206,0
2017-10-17,20:00:00,59.718,59.917,59.619,59.619,66436,0
2017-10-17,21:00:00,59.668,59.718,59.32,59.395,47928,0
2017-10-17,22:00:00,59.37,59.419,58.872,58.972,250357,0
2017-10-18,16:00:00,59.469,59.942,59.171,59.27,42148,0
2017-10-18,17:00:00,59.32,59.668,59.121,59.27,71707,0
2017-10-18,18:00:00,59.22,59.743,59.22,59.469,43900,0
2017-10-18,19:00:00,59.519,59.718,59.419,59.619,51353,0
2017-10-18,20:00:00,59.619,59.693,59.469,59.519,27783,0
2017-10-18,21:00:00,59.469,59.668,59.37,59.419,36863,0
2017-10-18,22:00:00,59.469,59.594,59.27,59.32,108839,0
2017-10-19,16:00:00,58.922,58.922,58.275,58.424,45917,0
2017-10-19,17:00:00,58.424,58.424,57.827,57.976,193507,0
2017-10-19,18:00:00,58.026,58.3,57.877,58.175,115615,0
2017-10-19,19:00:00,58.175,59.021,58.175,58.922,71044,0
2017-10-19,20:00:00,58.922,59.519,58.872,59.395,53422,0
2017-10-19,21:00:00,59.37,60.017,59.345,59.967,157638,0
2017-10-19,22:00:00,59.942,60.066,59.569,59.818,367892,0
2017-10-20,16:00:00,60.216,61.559,60.166,61.161,102410,0
2017-10-20,17:00:00,61.211,61.36,60.664,60.713,49954,0
2017-10-20,18:00:00,60.813,61.161,60.614,61.062,30968,0
2017-10-20,19:00:00,61.112,61.261,60.962,60.987,33594,0
2017-10-20,20:00:00,60.987,61.46,60.987,61.261,67508,0
2017-10-20,21:00:00,61.311,61.311,60.912,61.012,45590,0
2017-10-20,22:00:00,61.012,61.087,60.738,60.962,266596,0
2017-10-23,16:00:00,61.51,61.51,60.519,60.664,20505,0
2017-10-23,17:00:00,60.614,60.614,60.176,60.349,75255,0
2017-10-23,18:00:00,60.365,60.614,60.365,60.514,35597,0
2017-10-23,19:00:00,60.514,60.664,60.365,60.365,132264,0
2017-10-23,20:00:00,60.365,60.365,59.718,59.768,26699,0
2017-10-23,21:00:00,59.718,60.017,59.519,59.668,126638,0
2017-10-23,22:00:00,59.693,60.042,59.693,60.017,159067,0
2017-10-24,16:00:00,60.365,60.713,59.23,60.216,35253,0
2017-10-24,17:00:00,60.266,60.813,60.216,60.664,263913,0
2017-10-24,18:00:00,60.614,60.664,60.514,60.514,50205,0
2017-10-24,19:00:00,60.514,60.614,60.365,60.564,33817,0
2017-10-24,20:00:00,60.564,60.713,60.514,60.614,19842,0
2017-10-24,21:00:00,60.564,60.813,60.539,60.713,57594,0
2017-10-24,22:00:00,60.713,61.112,60.664,60.912,275691,0
2017-10-25,16:00:00,61.112,61.51,60.763,60.813,64422,0
2017-10-25,17:00:00,60.863,61.062,60.465,61.012,53626,0
2017-10-25,18:00:00,61.012,61.211,60.664,61.012,49956,0
2017-10-25,19:00:00,60.962,61.41,60.962,61.36,92377,0
2017-10-25,20:00:00,61.41,61.758,61.161,61.709,59936,0
2017-10-25,21:00:00,61.709,62.48,61.709,61.758,108316,0
2017-10-25,22:00:00,61.758,62.007,61.709,61.958,224989,0
2017-10-26,16:00:00,62.555,63.152,61.908,63.003,84071,0
2017-10-26,17:00:00,63.202,63.849,63.182,63.55,129285,0
2017-10-26,18:00:00,63.55,63.749,63.45,63.55,53932,0
2017-10-26,19:00:00,63.5,63.65,63.401,63.6,39774,0
2017-10-26,20:00:00,63.6,63.749,63.401,63.749,45354,0
2017-10-26,21:00:00,63.749,64.346,63.6,64.073,81647,0
2017-10-26,22:00:00,64.048,64.048,63.45,63.65,240659,0
2017-10-27,16:00:00,61.559,62.53,61.062,61.908,38498,0
2017-10-27,17:00:00,61.758,62.654,61.709,62.555,122449,0
2017-10-27,18:00:00,62.555,63.351,62.455,62.555,107958,0
2017-10-27,19:00:00,62.505,62.903,62.356,62.704,29877,0
2017-10-27,20:00:00,62.754,62.903,62.505,62.853,28836,0
2017-10-27,21:00:00,62.754,62.978,62.555,62.604,20057,0
2017-10-27,22:00:00,62.58,63.177,62.505,63.102,129518,0
2017-10-30,15:00:00,63.45,63.45,62.007,62.455,24259,0
2017-10-30,16:00:00,62.555,62.654,62.157,62.306,65190,0
2017-10-30,17:00:00,62.306,62.555,62.107,62.405,54794,0
2017-10-30,18:00:00,62.455,62.555,62.206,62.356,37439,0
2017-10-30,19:00:00,62.356,62.604,62.206,62.405,66563,0
2017-10-30,20:00:00,62.405,62.729,62.405,62.555,44751,0
2017-10-30,21:00:00,62.505,62.604,62.381,62.505,103339,0
2017-10-31,15:00:00,63.202,63.938,62.604,62.853,80584,0
2017-10-31,16:00:00,62.853,63.6,62.804,63.351,98103,0
2017-10-31,17:00:00,63.351,63.6,63.202,63.45,23177,0
2017-10-31,18:00:00,63.426,63.699,63.301,63.401,25322,0
2017-10-31,19:00:00,63.351,63.45,63.052,63.052,22534,0
2017-10-31,20:00:00,63.052,63.45,62.978,63.426,58023,0
2017-10-31,21:00:00,63.426,63.898,63.376,63.5,243395,0
2017-11-01,15:00:00,63.5,63.55,62.754,63.102,95833,0
2017-11-01,16:00:00,63.177,63.898,62.953,63.799,100091,0
2017-11-01,17:00:00,63.799,63.799,63.003,63.5,75884,0
2017-11-01,18:00:00,63.45,63.5,63.152,63.401,50785,0
2017-11-01,19:00:00,63.45,63.699,63.301,63.699,83462,0
2017-11-01,20:00:00,63.699,63.898,63.45,63.55,66278,0
2017-11-01,21:00:00,63.6,63.948,63.475,63.898,167528,0
2017-11-02,15:00:00,63.849,63.849,62.953,63.301,20307,0
2017-11-02,16:00:00,63.301,63.774,63.152,63.351,176314,0
2017-11-02,17:00:00,63.351,63.55,63.311,63.5,84129,0
2017-11-02,18:00:00,63.55,63.699,63.401,63.6,55359,0
2017-11-02,19:00:00,63.6,63.699,63.45,63.699,73592,0
2017-11-02,20:00:00,63.699,63.873,63.351,63.401,190617,0
2017-11-02,21:00:00,63.45,63.998,63.351,63.351,306047,0
2017-11-03,15:00:00,63.5,63.5,61.609,61.758,91103,0
2017-11-03,16:00:00,61.808,62.157,61.709,62.107,194884,0
2017-11-03,17:00:00,62.107,62.256,61.709,62.157,67699,0
2017-11-03,18:00:00,62.107,62.853,62.057,62.704,78183,0
2017-11-03,19:00:00,62.704,63.351,62.654,63.202,148751,0
2017-11-03,20:00:00,63.202,63.301,62.654,62.903,110017,0
2017-11-03,21:00:00,62.903,63.202,62.555,62.754,270912,0
2017-11-06,16:00:00,64.396,64.396,61.161,61.933,276212,0
2017-11-06,17:00:00,61.933,62.654,61.933,62.555,326055,0
2017-11-06,18:00:00,62.604,62.704,62.306,62.555,155748,0
2017-11-06,19:00:00,62.455,63.401,62.455,63.214,109815,0
2017-11-06,20:00:00,63.202,64.595,62.903,63.799,236547,0
2017-11-06,21:00:00,63.799,65.192,63.699,64.968,258298,0
2017-11-06,22:00:00,64.993,65.889,64.744,64.993,494073,0
2017-11-07,16:00:00,65.441,66.884,64.943,66.088,68291,0
2017-11-07,17:00:00,66.063,66.436,65.789,66.387,183697,0
2017-11-07,19:00:00,65.964,65.964,65.043,65.242,217493,0
2017-11-07,20:00:00,65.292,65.59,64.695,65.491,164004,0
2017-11-07,21:00:00,65.516,65.789,64.638,64.695,147948,0
2017-11-07,22:00:00,64.695,65.242,64.67,64.943,295979,0
2017-11-08,16:00:00,64.943,65.988,64.122,64.794,94552,0
2017-11-08,17:00:00,64.844,64.993,63.5,63.898,116197,0
2017-11-08,18:00:00,63.948,64.048,63.625,63.898,109001,0
2017-11-08,19:00:00,63.799,64.346,63.799,64.147,54234,0
2017-11-08,20:00:00,64.147,64.794,64.097,64.62,127748,0
2017-11-08,21:00:00,64.645,65.043,64.272,64.844,85262,0
2017-11-08,22:00:00,64.894,64.894,64.197,64.496,244375,0
2017-11-09,16:00:00,64.496,64.794,64.321,64.595,28945,0
2017-11-09,17:00:00,64.695,66.038,64.695,65.914,191589,0
2017-11-09,18:00:00,66.088,66.188,65.491,65.491,126262,0
2017-11-09,19:00:00,65.491,65.74,65.391,65.491,62649,0
2017-11-09,20:00:00,65.491,65.889,65.342,65.839,46615,0
2017-11-09,21:00:00,65.839,65.939,65.441,65.74,64104,0
2017-11-09,22:00:00,65.69,66.188,65.59,65.889,521314,0
2017-11-10,16:00:00,65.889,66.934,65.889,66.536,47162,0
2017-11-10,17:00:00,66.635,66.884,66.038,66.337,69859,0
2017-11-10,18:00:00,66.337,66.586,66.287,66.486,126244,0
2017-11-10,19:00:00,66.436,66.536,66.138,66.337,80764,0
2017-11-10,20:00:00,66.337,66.337,65.74,65.839,70676,0
2017-11-10,21:00:00,65.839,65.889,65.292,65.292,65983,0
2017-11-10,22:00:00,65.292,65.594,64.919,65.342,230861,0
2017-11-13,16:00:00,65.441,65.441,64.62,64.993,32431,0
2017-11-13,17:00:00,65.043,65.093,63.898,64.545,69325,0
2017-11-13,18:00:00,64.545,64.645,63.948,64.097,79869,0
2017-11-13,19:00:00,64.048,64.247,63.898,64.147,83581,0
2017-11-13,20:00:00,64.097,64.097,63.351,63.6,95594,0
2017-11-13,21:00:00,63.55,63.849,63.401,63.699,56228,0
2017-11-13,22:00:00,63.699,64.296,63.699,64.247,139261,0
2017-11-14,16:00:00,64.197,65.093,63.6,63.799,74292,0
2017-11-14,17:00:00,63.749,63.998,63.6,63.699,104064,0
2017-11-14,18:00:00,63.699,63.849,63.674,63.749,49279,0
2017-11-14,19:00:00,63.699,63.898,63.301,63.898,107113,0
2017-11-14,20:00:00,63.849,64.421,63.799,64.371,103126,0
2017-11-14,21:00:00,64.346,64.545,64.097,64.396,50156,0
2017-11-14,22:00:00,64.346,64.346,63.998,64.097,80861,0
2017-11-15,16:00:00,63.849,64.595,63.45,63.55,48108,0
2017-11-15,17:00:00,63.575,63.849,63.152,63.301,104917,0
2017-11-15,18:00:00,63.351,63.401,63.202,63.251,35641,0
2017-11-15,19:00:00,63.251,63.55,63.202,63.45,27956,0
2017-11-15,20:00:00,63.45,63.55,63.351,63.5,63686,0
2017-11-15,21:00:00,63.525,63.749,63.401,63.749,60074,0
2017-11-15,22:00:00,63.724,63.948,63.401,63.55,196718,0
2017-11-16,16:00:00,63.8,64.4,63.702,64.15,39562,0
2017-11-16,17:00:00,64.15,64.95,64.15,64.65,59126,0
2017-11-16,18:00:00,64.7,64.8,64.45,64.7,54359,0
2017-11-16,19:00:00,64.7,65.15,64.6,65,51473,0
2017-11-16,20:00:00,65,65.45,65,65.45,50702,0
2017-11-16,21:00:00,65.45,65.5,65.15,65.225,103997,0
2017-11-16,22:00:00,65.25,65.45,65.2,65.25,198745,0
2017-11-17,16:00:00,65.15,65.6,64.95,65.25,66351,0
2017-11-17,17:00:00,65.25,65.55,65.1,65.4,138123,0
2017-11-17,18:00:00,65.4,65.6,65.4,65.475,89594,0
2017-11-17,19:00:00,65.5,66.15,65.45,66.15,88015,0
2017-11-17,20:00:00,66.1,66.3,65.6,65.8,83579,0
2017-11-17,21:00:00,65.8,65.925,65.5,65.725,72497,0
2017-11-17,22:00:00,65.725,65.95,65.65,65.95,140257,0
2017-11-20,16:00:00,66,66.45,65.75,66.1,29891,0
2017-11-20,17:00:00,66.1,66.5,65.65,65.8,209638,0
2017-11-20,18:00:00,65.8,66.05,65.8,65.9,93772,0
2017-11-20,19:00:00,65.9,66.2,65.8,66.1,91411,0
2017-11-20,20:00:00,66.15,66.35,66.1,66.25,102580,0
2017-11-20,21:00:00,66.275,66.65,66.175,66.425,105736,0
2017-11-20,22:00:00,66.425,66.6,66.3,66.45,284601,0
2017-11-21,16:00:00,66.9,66.9,66.35,66.35,109755,0
2017-11-21,17:00:00,66.35,66.9948,66.35,66.75,53159,0
2017-11-21,18:00:00,66.75,66.9,66.5,66.75,30065,0
2017-11-21,19:00:00,66.7,66.8,66.35,66.6,53578,0
2017-11-21,20:00:00,66.6,66.7,66.1,66.1,46316,0
2017-11-21,21:00:00,66.15,66.6,66.1,66.5,18827,0
2017-11-21,22:00:00,66.5,66.6,66.3,66.55,94349,0
2017-11-22,16:00:00,66.85,67.05,66.6,66.6,29697,0
2017-11-22,17:00:00,66.6,66.8,66.55,66.75,30611,0
2017-11-22,18:00:00,66.75,66.8,66.4,66.8,69559,0
2017-11-22,19:00:00,66.8,67,66.775,66.775,34333,0
2017-11-22,20:00:00,66.8,66.8,66.65,66.7,17510,0
2017-11-22,21:00:00,66.75,66.85,66.65,66.7,58211,0
2017-11-22,22:00:00,66.7,66.8,66.65,66.75,145049,0
2017-11-24,16:00:00,66.8,67.2,66.5,67.125,40292,0
2017-11-24,17:00:00,67.15,67.6,66.75,67,59417,0
2017-11-24,18:00:00,67,67.1,66.7,66.8,24504,0
2017-11-24,19:00:00,66.85,66.9,66.65,66.8,34879,0
2017-11-24,20:00:00,66.8,66.8,66.8,66.8,8778,0
2017-11-27,16:00:00,66.45,67.45,66.4,66.4,62783,0
2017-11-27,17:00:00,66.4,66.7,66.025,66.1,30661,0
2017-11-27,18:00:00,66.05,66.3,65.9,66.2,46009,0
2017-11-27,19:00:00,66.2,66.35,66.05,66.3,35542,0
2017-11-27,20:00:00,66.35,66.8,66.35,66.75,33082,0
2017-11-27,21:00:00,66.7,66.75,66.4,66.5,41216,0
2017-11-27,22:00:00,66.499,66.55,66.1,66.1,174112,0
2017-11-28,16:00:00,66.5,66.5,65.15,65.4,23612,0
2017-11-28,17:00:00,65.35,65.6,65.2,65.45,18494,0
2017-11-28,18:00:00,65.4,65.725,65.05,65.05,42630,0
2017-11-28,19:00:00,65.05,65.05,64.45,64.6,110392,0
2017-11-28,20:00:00,64.6,64.9,64.475,64.9,29915,0
2017-11-28,21:00:00,64.875,65.75,64.85,65.75,101965,0
2017-11-28,22:00:00,65.7,66.75,65.6,66.5,186632,0
2017-11-29,16:00:00,66.95,67.75,66.25,67.4,36192,0
2017-11-29,17:00:00,67.5,68.05,66.85,67.15,144668,0
2017-11-29,18:00:00,67.15,68,67.1,67.9,35827,0
2017-11-29,19:00:00,67.85,67.95,67.55,67.75,52886,0
2017-11-29,20:00:00,67.75,67.9,67.15,67.25,28604,0
2017-11-29,21:00:00,67.25,67.5,67.2,67.2,45685,0
2017-11-29,22:00:00,67.25,67.7,67.125,67.5,233256,0
2017-11-30,16:00:00,67.85,67.85,66.4,67.65,17163,0
2017-11-30,17:00:00,67.45,67.9,66.6,67.1,59143,0
2017-11-30,18:00:00,67.15,67.35,67,67.2,30944,0
2017-11-30,19:00:00,67.2,67.45,67.1,67.35,75333,0
2017-11-30,20:00:00,67.35,67.45,67.15,67.45,73347,0
2017-11-30,21:00:00,67.4,67.8,67.4,67.65,41176,0
2017-11-30,22:00:00,67.7,68.25,67.6,67.9,130817,0
2017-12-01,16:00:00,67.85,68.1,66.95,68.1,25849,0
2017-12-01,17:00:00,67.95,68.325,67.85,68.1,84849,0
2017-12-01,18:00:00,68.15,68.25,67.25,67.65,123725,0
2017-12-01,19:00:00,67.6,68.09,67.5,68,49526,0
2017-12-01,20:00:00,68.1,68.4,67.95,68.05,53913,0
2017-12-01,21:00:00,68.05,68.1,67.9,67.95,37598,0
2017-12-01,22:00:00,67.95,68.15,67.9,68,203898,0
2017-12-04,16:00:00,68.8,69.4,68.175,69.15,146462,0
2017-12-04,17:00:00,69.2,69.5,68.95,69.45,150345,0
2017-12-04,18:00:00,69.5,70.15,69.15,69.975,116254,0
2017-12-04,19:00:00,69.9,70.4,69.75,70.3,182832,0
2017-12-04,20:00:00,70.45,70.55,70,70.55,72724,0
2017-12-04,21:00:00,70.55,70.95,70.55,70.85,150400,0
2017-12-04,22:00:00,70.8,71.25,70.65,70.75,273397,0
2017-12-05,16:00:00,70.9,70.9,69.65,70.25,59694,0
2017-12-05,17:00:00,70.275,70.9,70.2,70.875,109378,0
2017-12-05,18:00:00,70.9,71.775,70.85,71.65,64753,0
2017-12-05,19:00:00,71.65,71.9,71.525,71.7,105017,0
2017-12-05,20:00:00,71.7,71.75,71.2,71.25,133672,0
2017-12-05,21:00:00,71.25,71.35,70.65,70.85,100687,0
2017-12-05,22:00:00,70.85,71.1,70.1,70.15,238692,0
2017-12-06,16:00:00,70.3,70.3,69.5875,69.95,42724,0
2017-12-06,17:00:00,70.05,70.25,69.925,70.25,36164,0
2017-12-06,18:00:00,70.25,70.45,70.15,70.25,68735,0
2017-12-06,19:00:00,70.25,70.9,70.1,70.7,31190,0
2017-12-06,20:00:00,70.7,71.25,70.55,71.25,37741,0
2017-12-06,21:00:00,71.25,71.35,70.625,70.7,88076,0
2017-12-06,22:00:00,70.7,71.4,70.7,71.2,241141,0
