Date,Time,Open,High,Low,Close,Volume,OpenInt
2017-05-16,16:00:00,9.74,9.78,9.6,9.77,15315,0
2017-05-16,17:00:00,9.77,9.77,9.66,9.7,25938,0
2017-05-16,18:00:00,9.69,9.88,9.6889,9.88,45574,0
2017-05-16,19:00:00,9.88,9.94,9.86,9.91,59300,0
2017-05-16,20:00:00,9.91,10.02,9.9,9.99,103491,0
2017-05-16,21:00:00,9.99,10.01,9.94,9.95,64879,0
2017-05-16,22:00:00,9.95,9.98,9.93,9.94,185134,0
2017-05-17,16:00:00,9.8,9.86,9.76,9.77,16922,0
2017-05-17,17:00:00,9.7614,9.79,9.67,9.69,52210,0
2017-05-17,18:00:00,9.7,9.73,9.63,9.7,79066,0
2017-05-17,19:00:00,9.7,9.7,9.66,9.68,13751,0
2017-05-17,20:00:00,9.68,9.7,9.65,9.7,23394,0
2017-05-17,21:00:00,9.7,9.7,9.64,9.68,44578,0
2017-05-17,22:00:00,9.68,9.78,9.67,9.68,114614,0
2017-05-18,16:00:00,9.64,9.715,9.64,9.69,7639,0
2017-05-18,17:00:00,9.71,9.71,9.58,9.62,21565,0
2017-05-18,18:00:00,9.62,9.665,9.61,9.62,19754,0
2017-05-18,19:00:00,9.63,9.66,9.59,9.62,17372,0
2017-05-18,20:00:00,9.62,9.63,9.59,9.63,14300,0
2017-05-18,21:00:00,9.6399,9.66,9.59,9.59,38031,0
2017-05-18,22:00:00,9.59,9.62,9.55,9.59,91905,0
2017-05-19,16:00:00,9.6,9.7,9.5253,9.7,33914,0
2017-05-19,17:00:00,9.7,9.76,9.6555,9.73,32542,0
2017-05-19,18:00:00,9.73,9.73,9.65,9.71,26626,0
2017-05-19,19:00:00,9.71,9.78,9.69,9.76,35394,0
2017-05-19,20:00:00,9.75,9.78,9.69,9.7,50059,0
2017-05-19,21:00:00,9.705,9.705,9.64,9.65,22132,0
2017-05-19,22:00:00,9.65,9.65,9.54,9.55,102924,0
2017-05-22,16:00:00,9.55,9.64,9.55,9.6,4321,0
2017-05-22,17:00:00,9.58,9.65,9.58,9.6,15550,0
2017-05-22,18:00:00,9.6,9.65,9.59,9.61,12868,0
2017-05-22,19:00:00,9.6,9.62,9.58,9.61,11986,0
2017-05-22,20:00:00,9.61,9.66,9.61,9.66,9800,0
2017-05-22,21:00:00,9.65,9.685,9.64,9.66,12479,0
2017-05-22,22:00:00,9.66,9.66,9.625,9.65,69764,0
2017-05-23,16:00:00,9.65,9.68,9.53,9.61,7155,0
2017-05-23,17:00:00,9.62,9.69,9.62,9.68,12989,0
2017-05-23,18:00:00,9.68,9.74,9.68,9.73,14304,0
2017-05-23,19:00:00,9.73,9.74,9.6531,9.6531,7688,0
2017-05-23,20:00:00,9.66,9.66,9.64,9.65,5501,0
2017-05-23,21:00:00,9.65,9.65,9.63,9.63,10202,0
2017-05-23,22:00:00,9.63,9.64,9.6,9.64,85622,0
2017-05-24,16:00:00,9.65,9.72,9.63,9.63,4397,0
2017-05-24,17:00:00,9.63,9.66,9.61,9.66,20673,0
2017-05-24,18:00:00,9.66,9.67,9.62,9.63,24150,0
2017-05-24,19:00:00,9.64,9.65,9.58,9.58,12603,0
2017-05-24,20:00:00,9.58,9.61,9.55,9.6,17797,0
2017-05-24,21:00:00,9.6,9.64,9.59,9.63,22518,0
2017-05-24,22:00:00,9.63,9.76,9.62,9.73,104983,0
2017-05-25,16:00:00,9.77,9.79,9.72,9.789,4006,0
2017-05-25,17:00:00,9.79,9.84,9.77,9.78,11920,0
2017-05-25,18:00:00,9.79,9.84,9.785,9.81,28694,0
2017-05-25,19:00:00,9.82,9.85,9.79,9.84,29475,0
2017-05-25,20:00:00,9.835,9.86,9.82,9.84,30451,0
2017-05-25,21:00:00,9.84,9.84,9.81,9.83,15811,0
2017-05-25,22:00:00,9.835,9.85,9.82,9.845,71810,0
2017-05-26,16:00:00,9.82,9.87,9.77,9.84,11800,0
2017-05-26,17:00:00,9.84,9.87,9.8,9.82,21400,0
2017-05-26,18:00:00,9.82,9.855,9.805,9.815,49495,0
2017-05-26,19:00:00,9.815,9.82,9.78,9.81,14730,0
2017-05-26,20:00:00,9.81,9.81,9.76,9.78,17032,0
2017-05-26,21:00:00,9.78,9.805,9.755,9.78,36435,0
2017-05-26,22:00:00,9.775,9.82,9.765,9.81,110673,0
2017-05-30,16:00:00,9.79,9.82,9.76,9.78,16448,0
2017-05-30,17:00:00,9.77,9.78,9.65,9.65,21314,0
2017-05-30,18:00:00,9.65,9.69,9.61,9.685,108461,0
2017-05-30,19:00:00,9.69,9.755,9.69,9.7,18902,0
2017-05-30,20:00:00,9.705,9.71,9.69,9.705,14065,0
2017-05-30,21:00:00,9.705,9.77,9.705,9.77,48362,0
2017-05-30,22:00:00,9.77,9.79,9.74,9.75,90712,0
2017-05-31,16:00:00,9.79,9.81,9.69,9.69,15021,0
2017-05-31,17:00:00,9.69,9.755,9.65,9.755,18192,0
2017-05-31,18:00:00,9.75,9.81,9.745,9.81,42548,0
2017-05-31,19:00:00,9.81,9.82,9.76,9.76,22002,0
2017-05-31,20:00:00,9.765,9.805,9.76,9.78,50121,0
2017-05-31,21:00:00,9.78,9.805,9.78,9.8,48303,0
2017-05-31,22:00:00,9.8,9.85,9.78,9.8,224270,0
2017-06-01,16:00:00,9.85,10.47,9.83,10.3,331291,0
2017-06-01,17:00:00,10.28,10.5,10.25,10.36,218957,0
2017-06-01,18:00:00,10.36,10.375,10.26,10.33,142982,0
2017-06-01,19:00:00,10.33,10.42,10.33,10.33,102536,0
2017-06-01,20:00:00,10.33,10.33,10.2,10.24,81054,0
2017-06-01,21:00:00,10.23,10.35,10.23,10.33,74822,0
2017-06-01,22:00:00,10.335,10.38,10.335,10.37,262722,0
2017-06-02,16:00:00,10.36,10.46,10.16,10.26,54971,0
2017-06-02,17:00:00,10.26,10.4,10.26,10.34,86196,0
2017-06-02,18:00:00,10.35,10.3999,10.35,10.365,60391,0
2017-06-02,19:00:00,10.36,10.36,10.315,10.33,27361,0
2017-06-02,20:00:00,10.33,10.39,10.325,10.39,23337,0
2017-06-02,21:00:00,10.39,10.4,10.35,10.367,52035,0
2017-06-02,22:00:00,10.37,10.4,10.34,10.37,184535,0
2017-06-05,16:00:00,10.38,10.38,10.19,10.26,19540,0
2017-06-05,17:00:00,10.27,10.38,10.27,10.34,37185,0
2017-06-05,18:00:00,10.34,10.39,10.31,10.38,36579,0
2017-06-05,19:00:00,10.375,10.39,10.35,10.37,28647,0
2017-06-05,20:00:00,10.37,10.44,10.365,10.43,143528,0
2017-06-05,21:00:00,10.4226,10.43,10.385,10.39,26729,0
2017-06-05,22:00:00,10.395,10.42,10.35,10.42,153257,0
2017-06-06,16:00:00,10.33,10.43,10.27,10.38,23851,0
2017-06-06,17:00:00,10.39,10.415,10.37,10.371,13658,0
2017-06-06,18:00:00,10.38,10.43,10.345,10.425,78221,0
2017-06-06,19:00:00,10.425,10.46,10.4124,10.44,17056,0
2017-06-06,20:00:00,10.45,10.5,10.45,10.489,43425,0
2017-06-06,21:00:00,10.49,10.56,10.49,10.54,69042,0
2017-06-06,22:00:00,10.55,10.58,10.53,10.57,103958,0
2017-06-07,16:00:00,10.59,10.65,10.49,10.51,57505,0
2017-06-07,17:00:00,10.51,10.65,10.51,10.61,34299,0
2017-06-07,18:00:00,10.61,10.62,10.56,10.57,22178,0
2017-06-07,19:00:00,10.57,10.585,10.54,10.565,43675,0
2017-06-07,20:00:00,10.56,10.58,10.52,10.57,36802,0
2017-06-07,21:00:00,10.57,10.6,10.565,10.585,38445,0
2017-06-07,22:00:00,10.59,10.63,10.58,10.62,97995,0
2017-06-08,16:00:00,10.61,10.64,10.51,10.63,17944,0
2017-06-08,17:00:00,10.62,10.71,10.6,10.69,204889,0
2017-06-08,18:00:00,10.7,10.72,10.68,10.69,51753,0
2017-06-08,19:00:00,10.69,10.75,10.685,10.75,26878,0
2017-06-08,20:00:00,10.75,10.76,10.72,10.75,57148,0
2017-06-08,21:00:00,10.75,10.76,10.7,10.73,23124,0
2017-06-08,22:00:00,10.73,10.815,10.73,10.81,73890,0
2017-06-09,16:00:00,10.85,10.85,10.75,10.825,24179,0
2017-06-09,17:00:00,10.83,11.05,10.825,11.05,86936,0
2017-06-09,18:00:00,11.05,11.07,11.015,11.02,88879,0
2017-06-09,19:00:00,11.02,11.03,10.99,11.02,55243,0
2017-06-09,20:00:00,11.03,11.03,10.949,10.9508,53237,0
2017-06-09,21:00:00,10.95,10.97,10.81,10.85,81420,0
2017-06-09,22:00:00,10.84,10.899,10.7699,10.82,182058,0
2017-06-12,16:00:00,10.63,10.825,10.525,10.79,55978,0
2017-06-12,17:00:00,10.79,10.86,10.73,10.85,51233,0
2017-06-12,18:00:00,10.85,10.915,10.81,10.91,67116,0
2017-06-12,19:00:00,10.9,10.91,10.85,10.86,31504,0
2017-06-12,20:00:00,10.86,10.87,10.84,10.85,25255,0
2017-06-12,21:00:00,10.85,10.865,10.79,10.84,65578,0
2017-06-12,22:00:00,10.84,10.95,10.82,10.95,111152,0
2017-06-13,16:00:00,11.1,11.1,10.97,11.085,80264,0
2017-06-13,17:00:00,11.09,11.21,11.01,11.05,278836,0
2017-06-13,18:00:00,11.06,11.07,11.02,11.06,102623,0
2017-06-13,19:00:00,11.06,11.19,11.05,11.19,87427,0
2017-06-13,20:00:00,11.18,11.2866,11.16,11.265,84654,0
2017-06-13,21:00:00,11.265,11.265,11.19,11.24,87083,0
2017-06-13,22:00:00,11.23,11.27,11.18,11.18,206386,0
2017-06-14,16:00:00,11.27,11.325,11.22,11.3,85155,0
2017-06-14,17:00:00,11.3,11.308,11.15,11.18,90641,0
2017-06-14,18:00:00,11.175,11.295,11.17,11.295,130013,0
2017-06-14,19:00:00,11.3,11.4,11.27,11.3,241297,0
2017-06-14,20:00:00,11.31,11.44,11.31,11.4,62793,0
2017-06-14,21:00:00,11.4097,11.4693,11.29,11.29,95036,0
2017-06-14,22:00:00,11.29,11.3,11.21,11.27,241295,0
2017-06-15,16:00:00,11.21,11.3,11.21,11.28,37403,0
2017-06-15,17:00:00,11.28,11.31,11.17,11.2228,57530,0
2017-06-15,18:00:00,11.23,11.28,11.125,11.145,75515,0
2017-06-15,19:00:00,11.15,11.2,11.145,11.175,47139,0
2017-06-15,20:00:00,11.19,11.23,11.181,11.21,46460,0
2017-06-15,21:00:00,11.21,11.225,11.15,11.16,34736,0
2017-06-15,22:00:00,11.15,11.17,11.08,11.1,111649,0
2017-06-16,16:00:00,11.01,11.05,10.96,10.98,154735,0
2017-06-16,17:00:00,10.98,11,10.91,10.99,111519,0
2017-06-16,18:00:00,10.99,11.015,10.97,11,68812,0
2017-06-16,19:00:00,11.001,11.08,11,11.05,59379,0
2017-06-16,20:00:00,11.05,11.05,11.01,11.02,28578,0
2017-06-16,21:00:00,11.02,11.045,10.97,11,42889,0
2017-06-16,22:00:00,10.995,11.01,10.961,11,357571,0
2017-06-19,16:00:00,11.09,11.09,10.87,10.99,20249,0
2017-06-19,17:00:00,10.995,11.025,10.97,11.02,34566,0
2017-06-19,18:00:00,11.01,11.04,10.95,10.95,30785,0
2017-06-19,19:00:00,10.95,10.95,10.86,10.915,28014,0
2017-06-19,20:00:00,10.92,10.98,10.92,10.95,21282,0
2017-06-19,21:00:00,10.94,10.965,10.91,10.92,42854,0
2017-06-19,22:00:00,10.92,11,10.91,10.97,122753,0
2017-06-20,16:00:00,10.94,10.95,10.85,10.93,15436,0
2017-06-20,17:00:00,10.92,10.92,10.81,10.91,31184,0
2017-06-20,18:00:00,10.905,10.905,10.81,10.88,30496,0
2017-06-20,19:00:00,10.86,10.87,10.81,10.84,16701,0
2017-06-20,20:00:00,10.845,10.88,10.83,10.875,26421,0
2017-06-20,21:00:00,10.875,10.875,10.83,10.835,25101,0
2017-06-20,22:00:00,10.84,10.85,10.81,10.81,79862,0
2017-06-21,16:00:00,10.82,10.88,10.7946,10.87,10685,0
2017-06-21,17:00:00,10.86,11,10.82,10.995,51619,0
2017-06-21,18:00:00,10.985,10.985,10.91,10.945,29902,0
2017-06-21,19:00:00,10.905,10.91,10.89,10.9,36707,0
2017-06-21,20:00:00,10.905,10.905,10.88,10.9,17986,0
2017-06-21,21:00:00,10.89,10.935,10.885,10.907,42410,0
2017-06-21,22:00:00,10.9,10.94,10.89,10.92,100804,0
2017-06-22,16:00:00,10.86,10.96,10.81,10.93,46353,0
2017-06-22,17:00:00,10.93,10.96,10.89,10.96,53517,0
2017-06-22,18:00:00,10.98,10.98,10.916,10.92,20440,0
2017-06-22,19:00:00,10.925,10.97,10.91,10.96,28575,0
2017-06-22,20:00:00,10.95,10.959,10.92,10.93,11959,0
2017-06-22,21:00:00,10.92,10.93,10.9,10.9,30997,0
2017-06-22,22:00:00,10.907,10.99,10.907,10.93,266644,0
2017-06-23,16:00:00,10.94,11.08,10.89,11.079,90527,0
2017-06-23,17:00:00,11.115,11.165,11.08,11.135,64751,0
2017-06-23,18:00:00,11.13,11.13,11.03,11.03,38431,0
2017-06-23,19:00:00,11.03,11.09,11.015,11.07,25531,0
2017-06-23,20:00:00,11.07,11.1,11.07,11.1,19482,0
2017-06-23,21:00:00,11.09,11.12,11.08,11.11,13244,0
2017-06-23,22:00:00,11.1,11.14,11.09,11.13,212857,0
2017-06-26,16:00:00,11.18,11.26,11.03,11.25,33585,0
2017-06-26,17:00:00,11.26,11.37,11.24,11.25,78208,0
2017-06-26,18:00:00,11.26,11.26,11.2,11.23,33746,0
2017-06-26,19:00:00,11.23,11.2799,11.2279,11.27,28530,0
2017-06-26,20:00:00,11.28,11.34,11.28,11.31,39858,0
2017-06-26,21:00:00,11.3,11.3,11.24,11.245,61103,0
2017-06-26,22:00:00,11.2499,11.2799,11.22,11.25,117725,0
2017-06-27,16:00:00,11.28,11.34,11.11,11.28,22743,0
2017-06-27,17:00:00,11.27,11.34,11.25,11.32,76179,0
2017-06-27,18:00:00,11.315,11.33,11.29,11.33,25100,0
2017-06-27,19:00:00,11.325,11.33,11.305,11.32,23430,0
2017-06-27,20:00:00,11.32,11.32,11.24,11.245,149899,0
2017-06-27,21:00:00,11.245,11.28,11.19,11.28,65434,0
2017-06-27,22:00:00,11.28,11.31,11.18,11.18,251022,0
2017-06-28,16:00:00,11.24,11.26,11.15,11.2,20816,0
2017-06-28,17:00:00,11.19,11.3,11.185,11.26,29535,0
2017-06-28,18:00:00,11.26,11.2825,11.21,11.26,26176,0
2017-06-28,19:00:00,11.25,11.27,11.21,11.27,14140,0
2017-06-28,20:00:00,11.27,11.3,11.26,11.27,20676,0
2017-06-28,21:00:00,11.27,11.55,11.22,11.52,510066,0
2017-06-28,22:00:00,11.5268,11.6,11.51,11.53,258930,0
2017-06-29,16:00:00,11.53,11.55,11.41,11.52,28932,0
2017-06-29,17:00:00,11.52,11.52,11.45,11.47,39220,0
2017-06-29,18:00:00,11.47,11.48,11.364,11.37,51623,0
2017-06-29,19:00:00,11.37,11.37,11.33,11.34,27940,0
2017-06-29,20:00:00,11.34,11.4,11.28,11.39,42856,0
2017-06-29,21:00:00,11.4,11.43,11.38,11.415,18000,0
2017-06-29,22:00:00,11.419,11.44,11.39,11.43,163227,0
2017-06-30,16:00:00,11.43,11.45,11.31,11.36,18103,0
2017-06-30,17:00:00,11.36,11.38,11.18,11.29,44997,0
2017-06-30,18:00:00,11.29,11.34,11.29,11.335,16830,0
2017-06-30,19:00:00,11.33,11.34,11.27,11.29,19176,0
2017-06-30,20:00:00,11.29,11.44,11.265,11.41,38893,0
2017-06-30,21:00:00,11.42,11.42,11.35,11.37,17667,0
2017-06-30,22:00:00,11.377,11.38,11.29,11.3,150319,0
2017-07-03,16:00:00,11.33,11.33,11.1892,11.19,11531,0
2017-07-03,17:00:00,11.19,11.2,11.12,11.13,24587,0
2017-07-03,18:00:00,11.12,11.21,11.1,11.21,19117,0
2017-07-03,19:00:00,11.2,11.26,11.16,11.24,80085,0
2017-07-03,20:00:00,11.24,11.24,11.24,11.24,22901,0
2017-07-05,16:00:00,11.32,11.32,11.04,11.15,42175,0
2017-07-05,17:00:00,11.16,11.16,11.065,11.1,34729,0
2017-07-05,18:00:00,11.095,11.135,11.055,11.135,43031,0
2017-07-05,19:00:00,11.135,11.27,11.12,11.251,80615,0
2017-07-05,20:00:00,11.25,11.31,11.25,11.29,30226,0
2017-07-05,21:00:00,11.29,11.31,11.25,11.29,31120,0
2017-07-05,22:00:00,11.29,11.35,11.25,11.32,113067,0
2017-07-06,16:00:00,11.22,11.33,11.15,11.16,23166,0
2017-07-06,17:00:00,11.17,11.2,11.15,11.17,22211,0
2017-07-06,18:00:00,11.17,11.29,11.17,11.28,24278,0
2017-07-06,19:00:00,11.28,11.28,11.26,11.27,28817,0
2017-07-06,20:00:00,11.265,11.265,11.195,11.23,44851,0
2017-07-06,21:00:00,11.23,11.26,11.215,11.225,43240,0
2017-07-06,22:00:00,11.225,11.235,11.13,11.19,110750,0
2017-07-07,16:00:00,11.17,11.33,11.089,11.16,34090,0
2017-07-07,17:00:00,11.16,11.29,11.16,11.2,26334,0
2017-07-07,18:00:00,11.2,11.29,11.195,11.29,15431,0
2017-07-07,19:00:00,11.29,11.31,11.26,11.3,15104,0
2017-07-07,20:00:00,11.3,11.32,11.285,11.2899,11306,0
2017-07-07,21:00:00,11.285,11.32,11.285,11.315,18119,0
2017-07-07,22:00:00,11.31,11.33,11.23,11.33,100761,0
2017-07-10,16:00:00,11.33,11.33,11.12,11.16,23124,0
2017-07-10,17:00:00,11.17,11.18,11.09,11.15,35626,0
2017-07-10,18:00:00,11.1539,11.22,11.11,11.18,48440,0
2017-07-10,19:00:00,11.19,11.21,11.17,11.21,22142,0
2017-07-10,20:00:00,11.22,11.26,11.2,11.26,31657,0
2017-07-10,21:00:00,11.27,11.355,11.265,11.325,78436,0
2017-07-10,22:00:00,11.325,11.39,11.31,11.36,198406,0
2017-07-11,16:00:00,11.39,11.39,10.83,11.3,22681,0
2017-07-11,17:00:00,11.31,11.38,11.25,11.355,27449,0
2017-07-11,18:00:00,11.36,11.37,11.25,11.35,62377,0
2017-07-11,19:00:00,11.35,11.43,11.34,11.34,15928,0
2017-07-11,20:00:00,11.33,11.36,11.3,11.35,18696,0
2017-07-11,21:00:00,11.35,11.38,11.26,11.3,71221,0
2017-07-11,22:00:00,11.3,11.33,11.21,11.25,588572,0
2017-07-12,16:00:00,11.34,11.4,11.32,11.33,15640,0
2017-07-12,17:00:00,11.33,11.4796,11.33,11.435,47400,0
2017-07-12,18:00:00,11.43,11.49,11.43,11.49,15732,0
2017-07-12,19:00:00,11.485,11.485,11.42,11.46,9356,0
2017-07-12,20:00:00,11.455,11.455,11.3777,11.43,24702,0
2017-07-12,21:00:00,11.44,11.49,11.44,11.48,27109,0
2017-07-12,22:00:00,11.48,11.51,11.48,11.49,76483,0
2017-07-13,16:00:00,11.46,11.55,11.32,11.37,35610,0
2017-07-13,17:00:00,11.395,11.4,11.25,11.3,37372,0
2017-07-13,18:00:00,11.3,11.35,11.26,11.3,37790,0
2017-07-13,19:00:00,11.295,11.32,11.27,11.305,18793,0
2017-07-13,20:00:00,11.305,11.34,11.27,11.34,25832,0
2017-07-13,21:00:00,11.345,11.385,11.34,11.37,15367,0
2017-07-13,22:00:00,11.3678,11.45,11.34,11.44,108188,0
2017-07-14,16:00:00,11.39,11.48,11.28,11.434,7345,0
2017-07-14,17:00:00,11.45,11.45,11.37,11.43,17300,0
2017-07-14,18:00:00,11.42,11.43,11.34,11.39,30549,0
2017-07-14,19:00:00,11.39,11.39,11.355,11.38,13207,0
2017-07-14,20:00:00,11.36,11.42,11.36,11.415,38361,0
2017-07-14,21:00:00,11.41,11.54,11.4,11.525,40374,0
2017-07-14,22:00:00,11.53,11.55,11.45,11.48,157762,0
2017-07-17,16:00:00,11.49,11.54,11.44,11.47,26340,0
2017-07-17,17:00:00,11.47,11.56,11.44,11.54,72062,0
2017-07-17,18:00:00,11.545,11.55,11.51,11.53,21801,0
2017-07-17,19:00:00,11.53,11.53,11.49,11.5,12880,0
2017-07-17,20:00:00,11.5,11.5,11.46,11.46,16505,0
2017-07-17,21:00:00,11.465,11.545,11.46,11.51,22210,0
2017-07-17,22:00:00,11.51,11.55,11.465,11.55,79302,0
2017-07-18,16:00:00,11.56,11.56,11.45,11.5364,11399,0
2017-07-18,17:00:00,11.52,11.5619,11.46,11.51,14530,0
2017-07-18,18:00:00,11.51,11.52,11.46,11.47,13493,0
2017-07-18,19:00:00,11.48,11.62,11.48,11.58,71405,0
2017-07-18,20:00:00,11.57,11.57,11.5,11.52,16188,0
2017-07-18,21:00:00,11.52,11.59,11.515,11.55,22659,0
2017-07-18,22:00:00,11.55,11.6,11.51,11.51,146820,0
2017-07-19,16:00:00,11.57,11.65,11.54,11.59,18235,0
2017-07-19,17:00:00,11.61,11.645,11.58,11.6,31737,0
2017-07-19,18:00:00,11.61,11.6905,11.6,11.625,41004,0
2017-07-19,19:00:00,11.63,11.65,11.61,11.63,25375,0
2017-07-19,20:00:00,11.63,11.63,11.61,11.62,35601,0
2017-07-19,21:00:00,11.63,11.69,11.61,11.635,44608,0
2017-07-19,22:00:00,11.63,11.655,11.59,11.63,154941,0
2017-07-20,16:00:00,11.63,11.65,11.55,11.59,17915,0
2017-07-20,17:00:00,11.6,11.63,11.555,11.61,25547,0
2017-07-20,18:00:00,11.6053,11.64,11.59,11.605,35275,0
2017-07-20,19:00:00,11.615,11.71,11.6,11.649,109816,0
2017-07-20,20:00:00,11.64,11.65,11.6,11.62,34914,0
2017-07-20,21:00:00,11.62,11.64,11.599,11.61,29578,0
2017-07-20,22:00:00,11.605,11.62,11.58,11.6,136012,0
2017-07-21,16:00:00,11.67,11.8,11.6,11.66,49494,0
2017-07-21,17:00:00,11.6501,11.68,11.61,11.61,37824,0
2017-07-21,18:00:00,11.61,11.655,11.59,11.6,22160,0
2017-07-21,19:00:00,11.61,11.64,11.57,11.58,14201,0
2017-07-21,20:00:00,11.59,11.61,11.56,11.57,11060,0
2017-07-21,21:00:00,11.58,11.66,11.58,11.655,41189,0
2017-07-21,22:00:00,11.66,11.71,11.59,11.69,206537,0
2017-07-24,16:00:00,11.69,11.7634,11.57,11.61,10410,0
2017-07-24,17:00:00,11.62,11.62,11.53,11.53,23657,0
2017-07-24,18:00:00,11.535,11.59,11.52,11.565,14653,0
2017-07-24,19:00:00,11.57,11.62,11.52,11.62,22589,0
2017-07-24,20:00:00,11.62,11.63,11.6,11.62,11171,0
2017-07-24,21:00:00,11.62,11.62,11.559,11.57,16021,0
2017-07-24,22:00:00,11.57,11.575,11.5,11.53,144484,0
2017-07-25,16:00:00,11.56,11.74,11.48,11.73,22929,0
2017-07-25,17:00:00,11.71,11.71,11.56,11.58,20569,0
2017-07-25,18:00:00,11.6,11.755,11.57,11.71,49419,0
2017-07-25,19:00:00,11.72,11.82,11.665,11.68,57269,0
2017-07-25,20:00:00,11.67,11.745,11.66,11.66,23129,0
2017-07-25,21:00:00,11.66,11.7,11.65,11.675,29910,0
2017-07-25,22:00:00,11.68,11.71,11.655,11.68,102514,0
2017-07-26,16:00:00,11.74,11.74,11.63,11.7,16205,0
2017-07-26,17:00:00,11.7,11.7,11.61,11.68,11945,0
2017-07-26,18:00:00,11.68,11.71,11.64,11.65,21222,0
2017-07-26,19:00:00,11.645,11.74,11.64,11.74,52478,0
2017-07-26,20:00:00,11.74,11.84,11.74,11.83,39701,0
2017-07-26,21:00:00,11.82,11.85,11.77,11.78,32399,0
2017-07-26,22:00:00,11.79,11.85,11.79,11.85,108167,0
2017-07-27,16:00:00,11.87,11.99,11.69,11.79,36396,0
2017-07-27,17:00:00,11.79,11.85,11.78,11.83,46276,0
2017-07-27,18:00:00,11.83,11.85,11.78,11.84,117325,0
2017-07-27,19:00:00,11.84,11.86,11.77,11.79,63109,0
2017-07-27,20:00:00,11.798,11.84,11.69,11.76,89977,0
2017-07-27,21:00:00,11.7614,11.82,11.71,11.72,28821,0
2017-07-27,22:00:00,11.72,11.78,11.69,11.74,75533,0
2017-07-28,16:00:00,11.7,11.768,11.65,11.768,10207,0
2017-07-28,17:00:00,11.77,11.82,11.71,11.71,16354,0
2017-07-28,18:00:00,11.705,11.74,11.64,11.69,15470,0
2017-07-28,19:00:00,11.68,11.72,11.64,11.71,12800,0
2017-07-28,20:00:00,11.71,11.74,11.7,11.7,8700,0
2017-07-28,21:00:00,11.705,11.71,11.65,11.655,17085,0
2017-07-28,22:00:00,11.6501,11.66,11.53,11.64,103371,0
2017-07-31,16:00:00,11.62,11.62,11.4,11.5,17361,0
2017-07-31,17:00:00,11.48,11.57,11.4702,11.5,25735,0
2017-07-31,18:00:00,11.5,11.555,11.48,11.54,23651,0
2017-07-31,19:00:00,11.55,11.55,11.42,11.47,30102,0
2017-07-31,20:00:00,11.47,11.54,11.46,11.54,56010,0
2017-07-31,21:00:00,11.545,11.635,11.54,11.59,48483,0
2017-07-31,22:00:00,11.58,11.615,11.55,11.61,84482,0
2017-08-01,16:00:00,11.64,11.64,11.41,11.44,21144,0
2017-08-01,17:00:00,11.45,11.56,11.45,11.55,25007,0
2017-08-01,18:00:00,11.55,11.62,11.54,11.615,28139,0
2017-08-01,19:00:00,11.62,11.62,11.52,11.52,17505,0
2017-08-01,20:00:00,11.52,11.53,11.42,11.455,45671,0
2017-08-01,21:00:00,11.451,11.47,11.43,11.45,22629,0
2017-08-01,22:00:00,11.45,11.54,11.44,11.51,150830,0
2017-08-02,16:00:00,11.54,11.57,11.34,11.365,27267,0
2017-08-02,17:00:00,11.37,11.49,11.365,11.38,31915,0
2017-08-02,18:00:00,11.38,11.44,11.31,11.38,43568,0
2017-08-02,19:00:00,11.37,11.41,11.3,11.39,53428,0
2017-08-02,20:00:00,11.38,11.405,11.32,11.375,24591,0
2017-08-02,21:00:00,11.38,11.4,11.35,11.38,26283,0
2017-08-02,22:00:00,11.39,11.39,11.32,11.35,114234,0
2017-08-03,16:00:00,10.78,11.41,9.5001,11.18,390074,0
2017-08-03,17:00:00,11.185,11.22,10.84,10.99,196650,0
2017-08-03,18:00:00,11.06,11.06,10.96,11.035,68688,0
2017-08-03,19:00:00,11.04,11.13,11.03,11.1,56117,0
2017-08-03,20:00:00,11.1,11.13,11,11.02,81520,0
2017-08-03,21:00:00,11.015,11.02,10.85,10.885,138205,0
2017-08-03,22:00:00,10.88,11.04,10.88,11.02,294673,0
2017-08-04,16:00:00,10.99,11.48,10.97,11.46,106913,0
2017-08-04,17:00:00,11.46,11.64,11.455,11.455,216666,0
2017-08-04,18:00:00,11.455,11.455,11.3101,11.395,192062,0
2017-08-04,19:00:00,11.4,11.44,11.285,11.42,56749,0
2017-08-04,20:00:00,11.415,11.42,11.28,11.36,30916,0
2017-08-04,21:00:00,11.36,11.38,11.2801,11.315,27321,0
2017-08-04,22:00:00,11.32,11.32,11.185,11.28,157679,0
2017-08-07,16:00:00,11.26,11.47,10.78,11.39,22205,0
2017-08-07,17:00:00,11.4,11.44,11.36,11.38,66503,0
2017-08-07,18:00:00,11.38,11.5,11.37,11.4,64806,0
2017-08-07,19:00:00,11.41,11.44,11.39,11.395,22848,0
2017-08-07,20:00:00,11.4,11.46,11.4,11.4,40281,0
2017-08-07,21:00:00,11.405,11.42,11.39,11.41,32484,0
2017-08-07,22:00:00,11.41,11.42,11.33,11.37,121635,0
2017-08-08,16:00:00,11.39,11.415,11.28,11.35,13124,0
2017-08-08,17:00:00,11.37,11.46,11.34,11.42,12967,0
2017-08-08,18:00:00,11.42,11.48,11.4,11.47,21135,0
2017-08-08,19:00:00,11.48,11.49,11.28,11.3,25777,0
2017-08-08,20:00:00,11.3,11.345,11.29,11.3,20453,0
2017-08-08,21:00:00,11.29,11.32,11.27,11.3,16195,0
2017-08-08,22:00:00,11.3,11.305,11.21,11.25,89567,0
2017-08-09,16:00:00,11.16,11.185,11.04,11.13,28487,0
2017-08-09,17:00:00,11.11,11.11,11.04,11.04,42108,0
2017-08-09,18:00:00,11.025,11.17,11.02,11.12,33580,0
2017-08-09,19:00:00,11.13,11.13,11.05,11.05,23611,0
2017-08-09,20:00:00,11.05,11.08,11.04,11.06,18673,0
2017-08-09,21:00:00,11.05,11.06,11,11.04,49985,0
2017-08-09,22:00:00,11.04,11.06,10.965,10.97,150434,0
2017-08-10,16:00:00,10.92,11.02,10.85,10.97,27994,0
2017-08-10,17:00:00,10.97,10.97,10.86,10.88,38029,0
2017-08-10,18:00:00,10.89,10.9,10.83,10.8541,33836,0
2017-08-10,19:00:00,10.85,10.895,10.85,10.895,15284,0
2017-08-10,20:00:00,10.9,11.01,10.895,10.9502,67288,0
2017-08-10,21:00:00,10.96,10.965,10.93,10.95,43338,0
2017-08-10,22:00:00,10.96,10.98,10.92,10.93,145169,0
2017-08-11,16:00:00,10.92,11.04,10.91,11.03,24731,0
2017-08-11,17:00:00,11.01,11.03,10.96,10.98,18000,0
2017-08-11,18:00:00,10.97,10.97,10.87,10.96,34559,0
2017-08-11,19:00:00,10.95,11.005,10.95,10.975,28649,0
2017-08-11,20:00:00,10.975,11.03,10.975,11,26639,0
2017-08-11,21:00:00,11,11.05,11,11.03,30585,0
2017-08-11,22:00:00,11.025,11.05,10.975,11.03,119726,0
2017-08-14,16:00:00,11.06,11.15,11.02,11.1,28792,0
2017-08-14,17:00:00,11.105,11.105,11.019,11.03,14030,0
2017-08-14,18:00:00,11.04,11.19,11.03,11.135,40767,0
2017-08-14,19:00:00,11.14,11.21,11.11,11.12,28559,0
2017-08-14,20:00:00,11.12,11.13,11.1,11.13,24278,0
2017-08-14,21:00:00,11.12,11.19,11.1,11.13,58085,0
2017-08-14,22:00:00,11.13,11.31,11.13,11.31,147296,0
2017-08-15,16:00:00,11.32,11.32,11.26,11.26,19637,0
2017-08-15,17:00:00,11.25,11.27,11.15,11.25,57479,0
2017-08-15,18:00:00,11.25,11.315,11.23,11.24,129181,0
2017-08-15,19:00:00,11.24,11.32,11.18,11.28,71442,0
2017-08-15,20:00:00,11.27,11.3,11.23,11.25,41979,0
2017-08-15,21:00:00,11.25,11.27,11.225,11.26,50736,0
2017-08-15,22:00:00,11.255,11.31,11.245,11.26,175797,0
2017-08-16,16:00:00,11.29,11.33,11.22,11.22,21614,0
2017-08-16,17:00:00,11.22,11.26,11.19,11.2,33593,0
2017-08-16,18:00:00,11.21,11.3,11.2,11.3,55292,0
2017-08-16,19:00:00,11.29,11.29,11.22,11.27,60316,0
2017-08-16,20:00:00,11.265,11.345,11.25,11.34,51965,0
2017-08-16,21:00:00,11.31,11.37,11.27,11.35,46622,0
2017-08-16,22:00:00,11.35,11.36,11.29,11.33,107394,0
2017-08-17,16:00:00,11.27,11.35,11.24,11.3414,35177,0
2017-08-17,17:00:00,11.31,11.33,11.08,11.24,47611,0
2017-08-17,18:00:00,11.24,11.26,11.21,11.21,16402,0
2017-08-17,19:00:00,11.2,11.215,11,11,39497,0
2017-08-17,20:00:00,11.01,11.025,10.98,11,34732,0
2017-08-17,21:00:00,10.99,11.05,10.97,11.01,38749,0
2017-08-17,22:00:00,11.01,11.02,10.91,10.91,146515,0
2017-08-18,16:00:00,10.83,10.98,10.83,10.85,130392,0
2017-08-18,17:00:00,10.87,10.89,10.83,10.87,123534,0
2017-08-18,18:00:00,10.89,10.99,10.87,10.99,23750,0
2017-08-18,19:00:00,10.99,11,10.93,10.98,55906,0
2017-08-18,20:00:00,10.98,10.99,10.9,10.95,58336,0
2017-08-18,21:00:00,10.96,10.96,10.93,10.94,18599,0
2017-08-18,22:00:00,10.94,11,10.91,10.92,176829,0
2017-08-21,16:00:00,10.89,11,10.84,10.85,71548,0
2017-08-21,17:00:00,10.85,10.898,10.8,10.84,44960,0
2017-08-21,18:00:00,10.84,10.89,10.835,10.85,87412,0
2017-08-21,19:00:00,10.85,10.855,10.8219,10.84,30375,0
2017-08-21,20:00:00,10.85,10.85,10.81,10.82,39697,0
2017-08-21,21:00:00,10.83,10.87,10.825,10.86,39350,0
2017-08-21,22:00:00,10.85,10.91,10.84,10.91,211470,0
2017-08-22,16:00:00,10.88,11.01,10.82,10.83,30700,0
2017-08-22,17:00:00,10.83,10.89,10.83,10.84,19878,0
2017-08-22,18:00:00,10.85,10.86,10.79,10.84,47641,0
2017-08-22,19:00:00,10.84,10.88,10.83,10.88,20791,0
2017-08-22,20:00:00,10.88,10.9,10.87,10.89,27219,0
2017-08-22,21:00:00,10.87,10.96,10.87,10.95,66015,0
2017-08-22,22:00:00,10.945,11.02,10.945,10.99,133172,0
2017-08-23,16:00:00,10.88,10.99,10.51,10.97,33845,0
2017-08-23,17:00:00,10.98,11.01,10.9574,11,43362,0
2017-08-23,18:00:00,11,11.09,11,11.06,16900,0
2017-08-23,19:00:00,11.07,11.07,11.01,11.04,12296,0
2017-08-23,20:00:00,11.04,11.05,11,11.01,20527,0
2017-08-23,21:00:00,11.01,11.1,11,11.08,23627,0
2017-08-23,22:00:00,11.09,11.13,11.08,11.08,61943,0
2017-08-24,16:00:00,11.06,11.19,11.04,11.11,22515,0
2017-08-24,17:00:00,11.11,11.12,11.06,11.09,27650,0
2017-08-24,18:00:00,11.09,11.095,11.035,11.07,15325,0
2017-08-24,19:00:00,11.07,11.11,11.06,11.11,24062,0
2017-08-24,20:00:00,11.1,11.15,11.08,11.08,23472,0
2017-08-24,21:00:00,11.09,11.13,11.08,11.12,20547,0
2017-08-24,22:00:00,11.125,11.14,11.09,11.1,65940,0
2017-08-25,16:00:00,11.14,11.2,11.07,11.08,13383,0
2017-08-25,17:00:00,11.1,11.1,11.04,11.05,11500,0
2017-08-25,18:00:00,11.05,11.05,10.995,11.025,16630,0
2017-08-25,19:00:00,11.025,11.03,10.99,11,27434,0
2017-08-25,20:00:00,11,11.045,11,11.04,35409,0
2017-08-25,21:00:00,11.04,11.11,11.04,11.105,68942,0
2017-08-25,22:00:00,11.105,11.17,11.09,11.1,109239,0
2017-08-28,16:00:00,11.15,11.22,11.08,11.12,40015,0
2017-08-28,17:00:00,11.11,11.11,11.05,11.065,48215,0
2017-08-28,18:00:00,11.065,11.1099,11.065,11.09,24908,0
2017-08-28,19:00:00,11.08,11.1099,11.03,11.06,17968,0
2017-08-28,20:00:00,11.07,11.11,11.06,11.11,30910,0
2017-08-28,21:00:00,11.1,11.15,11.09,11.14,26014,0
2017-08-28,22:00:00,11.145,11.16,11.08,11.12,126055,0
2017-08-29,16:00:00,11.07,11.13,11.05,11.06,21289,0
2017-08-29,17:00:00,11.08,11.085,11.03,11.04,17918,0
2017-08-29,18:00:00,11.0365,11.05,10.98,10.99,19099,0
2017-08-29,19:00:00,11,11.06,10.99,11.05,27032,0
2017-08-29,20:00:00,11.04,11.095,11.04,11.05,17694,0
2017-08-29,21:00:00,11.05,11.06,11.02,11.05,32469,0
2017-08-29,22:00:00,11.05,11.09,11.04,11.05,77417,0
2017-08-30,16:00:00,11.07,11.11,11.01,11.03,10913,0
2017-08-30,17:00:00,11.01,11.065,11.005,11.05,20397,0
2017-08-30,18:00:00,11.05,11.07,11.02,11.03,19929,0
2017-08-30,19:00:00,11.04,11.05,11,11.04,17510,0
2017-08-30,20:00:00,11.03,11.05,11,11,23389,0
2017-08-30,21:00:00,11,11.03,10.985,11.025,55945,0
2017-08-30,22:00:00,11.03,11.06,11.02,11.03,111070,0
2017-08-31,16:00:00,11.11,11.165,10.99,11.005,36974,0
2017-08-31,17:00:00,11.005,11.05,11,11.02,33403,0
2017-08-31,18:00:00,11.03,11.095,11.02,11.055,56546,0
2017-08-31,19:00:00,11.05,11.085,11.04,11.045,31550,0
2017-08-31,20:00:00,11.04,11.06,11.03,11.05,32075,0
2017-08-31,21:00:00,11.05,11.06,11.04,11.04,32564,0
2017-08-31,22:00:00,11.04,11.06,11.02,11.06,106470,0
2017-09-01,16:00:00,11.1,11.12,11,11.11,71045,0
2017-09-01,17:00:00,11.1,11.13,11.04,11.05,30803,0
2017-09-01,18:00:00,11.06,11.21,11.05,11.195,69020,0
2017-09-01,19:00:00,11.2,11.22,11.15,11.195,37737,0
2017-09-01,20:00:00,11.2,11.2,11.15,11.2,19369,0
2017-09-01,21:00:00,11.2,11.25,11.18,11.25,48352,0
2017-09-01,22:00:00,11.24,11.28,11.21,11.27,129624,0
2017-09-05,16:00:00,11.27,11.395,11.2,11.395,58888,0
2017-09-05,17:00:00,11.395,11.46,11.36,11.4,79926,0
2017-09-05,18:00:00,11.4,11.51,11.395,11.47,58617,0
2017-09-05,19:00:00,11.47,11.47,11.36,11.37,24830,0
2017-09-05,20:00:00,11.37,11.41,11.315,11.41,33142,0
2017-09-05,21:00:00,11.41,11.45,11.39,11.44,30838,0
2017-09-05,22:00:00,11.45,11.45,11.39,11.42,250680,0
2017-09-06,16:00:00,11.45,11.5,11.45,11.49,16778,0
2017-09-06,17:00:00,11.5,11.5,11.27,11.295,33227,0
2017-09-06,18:00:00,11.295,11.31,11.2,11.29,54918,0
2017-09-06,19:00:00,11.29,11.31,11.24,11.31,70153,0
2017-09-06,20:00:00,11.31,11.34,11.255,11.3,82655,0
2017-09-06,21:00:00,11.295,11.33,11.24,11.24,71481,0
2017-09-06,22:00:00,11.24,11.27,11.165,11.26,354956,0
2017-09-07,16:00:00,11.29,11.32,11.2,11.26,11124,0
2017-09-07,17:00:00,11.26,11.27,11.2,11.25,39856,0
2017-09-07,18:00:00,11.25,11.2575,11.05,11.05,61284,0
2017-09-07,19:00:00,11.04,11.04,10.87,10.88,81189,0
2017-09-07,20:00:00,10.88,10.93,10.82,10.85,103892,0
2017-09-07,21:00:00,10.85,10.89,10.78,10.861,114262,0
2017-09-07,22:00:00,10.86,10.95,10.85,10.92,235295,0
2017-09-08,16:00:00,10.96,10.96,10.72,10.72,33033,0
2017-09-08,17:00:00,10.71,10.74,10.655,10.67,56775,0
2017-09-08,18:00:00,10.665,10.73,10.665,10.695,44432,0
2017-09-08,19:00:00,10.69,10.76,10.69,10.73,62504,0
2017-09-08,20:00:00,10.72,10.74,10.66,10.69,32032,0
2017-09-08,21:00:00,10.69,10.92,10.675,10.88,67898,0
2017-09-08,22:00:00,10.88,10.9,10.79,10.8,132221,0
2017-09-11,16:00:00,10.95,11.09,10.81,10.9,73217,0
2017-09-11,17:00:00,10.92,11.01,10.9,10.94,76149,0
2017-09-11,18:00:00,10.935,11.035,10.92,10.9775,58696,0
2017-09-11,19:00:00,10.97,10.97,10.87,10.88,173687,0
2017-09-11,20:00:00,10.87,10.9,10.83,10.85,148348,0
2017-09-11,21:00:00,10.85,10.89,10.83,10.83,63086,0
2017-09-11,22:00:00,10.8201,10.875,10.78,10.83,229482,0
2017-09-12,16:00:00,10.87,10.87,10.79,10.805,25242,0
2017-09-12,17:00:00,10.805,10.82,10.77,10.81,39322,0
2017-09-12,18:00:00,10.805,10.86,10.78,10.84,28840,0
2017-09-12,19:00:00,10.84,10.86,10.84,10.85,24349,0
2017-09-12,20:00:00,10.85,10.86,10.79,10.79,19432,0
2017-09-12,21:00:00,10.7848,10.79,10.75,10.79,29797,0
2017-09-12,22:00:00,10.79,10.9,10.78,10.89,146012,0
2017-09-13,16:00:00,10.87,10.915,10.73,10.79,76001,0
2017-09-13,17:00:00,10.78,10.8,10.74,10.76,47806,0
2017-09-13,18:00:00,10.76,10.77,10.71,10.72,38555,0
2017-09-13,19:00:00,10.71,10.72,10.66,10.66,23024,0
2017-09-13,20:00:00,10.665,10.69,10.6,10.63,48685,0
2017-09-13,21:00:00,10.62,10.62,10.53,10.53,48511,0
2017-09-13,22:00:00,10.535,10.61,10.51,10.57,269338,0
2017-09-14,16:00:00,10.54,10.54,10.42,10.47,29941,0
2017-09-14,17:00:00,10.475,10.585,10.45,10.58,39248,0
2017-09-14,18:00:00,10.58,10.585,10.465,10.475,33729,0
2017-09-14,19:00:00,10.475,10.48,10.35,10.37,31132,0
2017-09-14,20:00:00,10.37,10.37,10.33,10.36,36744,0
2017-09-14,21:00:00,10.36,10.36,10.3,10.33,53100,0
2017-09-14,22:00:00,10.34,10.38,10.3,10.38,242923,0
2017-09-15,16:00:00,10.41,10.45,10.33,10.43,122684,0
2017-09-15,17:00:00,10.43,10.43,10.31,10.32,24022,0
2017-09-15,18:00:00,10.315,10.38,10.29,10.36,63818,0
2017-09-15,19:00:00,10.37,10.37,10.31,10.315,29418,0
2017-09-15,20:00:00,10.32,10.33,10.27,10.3,33081,0
2017-09-15,21:00:00,10.3,10.31,10.2701,10.295,60094,0
2017-09-15,22:00:00,10.3,10.31,10.29,10.3,407477,0
2017-09-18,16:00:00,10.34,10.34,10.25,10.33,68543,0
2017-09-18,17:00:00,10.33,10.42,10.31,10.34,153439,0
2017-09-18,18:00:00,10.335,10.36,10.27,10.28,56493,0
2017-09-18,19:00:00,10.28,10.32,10.275,10.29,38952,0
2017-09-18,20:00:00,10.295,10.35,10.29,10.32,119732,0
2017-09-18,21:00:00,10.32,10.33,10.27,10.29,49555,0
2017-09-18,22:00:00,10.3,10.34,10.29,10.3,276775,0
2017-09-19,16:00:00,10.29,10.355,10.27,10.29,14715,0
2017-09-19,17:00:00,10.28,10.3,10.23,10.29,61082,0
2017-09-19,18:00:00,10.28,10.28,10.18,10.18,177485,0
2017-09-19,19:00:00,10.2,10.27,10.17,10.21,334944,0
2017-09-19,20:00:00,10.2,10.24,10.17,10.21,81328,0
2017-09-19,21:00:00,10.21,10.22,10.12,10.14,92838,0
2017-09-19,22:00:00,10.145,10.17,10.1101,10.12,317982,0
2017-09-20,16:00:00,10.14,10.14,10.04,10.05,71859,0
2017-09-20,17:00:00,10.04,10.09,10.03,10.06,118048,0
2017-09-20,18:00:00,10.07,10.11,9.99,10.08,197989,0
2017-09-20,19:00:00,10.09,10.1,10.06,10.09,66210,0
2017-09-20,20:00:00,10.09,10.105,10.06,10.095,53866,0
2017-09-20,21:00:00,10.09,10.11,10.049,10.07,74186,0
2017-09-20,22:00:00,10.07,10.09,10.01,10.04,130562,0
2017-09-21,16:00:00,10.05,10.08,9.95,10.02,57475,0
2017-09-21,17:00:00,10.02,10.05,9.98,10.03,87549,0
2017-09-21,18:00:00,10.03,10.11,10.02,10.1,191063,0
2017-09-21,19:00:00,10.1,10.13,10.06,10.07,181938,0
2017-09-21,20:00:00,10.08,10.11,10.07,10.09,40645,0
2017-09-21,21:00:00,10.09,10.095,10.06,10.08,27049,0
2017-09-21,22:00:00,10.0832,10.09,10.07,10.08,77130,0
2017-09-22,16:00:00,10.04,10.115,10.04,10.1,46091,0
2017-09-22,17:00:00,10.08,10.1,10.04,10.09,43988,0
2017-09-22,18:00:00,10.09,10.11,10.04,10.1,116114,0
2017-09-22,19:00:00,10.1,10.11,10.06,10.085,37818,0
2017-09-22,20:00:00,10.08,10.1,10.07,10.07,19899,0
2017-09-22,21:00:00,10.07,10.1,10.05,10.051,90618,0
2017-09-22,22:00:00,10.05,10.11,10.02,10.11,235412,0
2017-09-25,16:00:00,10.1,10.12,10.06,10.097,87673,0
2017-09-25,17:00:00,10.1,10.11,10.04,10.04,40695,0
2017-09-25,18:00:00,10.045,10.09,10,10.06,108054,0
2017-09-25,19:00:00,10.05,10.101,10.03,10.08,37366,0
2017-09-25,20:00:00,10.09,10.11,10.065,10.09,21191,0
2017-09-25,21:00:00,10.085,10.1,10.08,10.1,23160,0
2017-09-25,22:00:00,10.1,10.11,10.09,10.1,119890,0
2017-09-26,16:00:00,10.04,10.16,10.04,10.13,102286,0
2017-09-26,17:00:00,10.13,10.15,10.12,10.14,53367,0
2017-09-26,18:00:00,10.14,10.14,10.085,10.09,69632,0
2017-09-26,19:00:00,10.09,10.11,10.07,10.075,44826,0
2017-09-26,20:00:00,10.08,10.08,10.01,10.05,112879,0
2017-09-26,21:00:00,10.055,10.1,10.01,10.09,109559,0
2017-09-26,22:00:00,10.09,10.11,10.02,10.02,262353,0
2017-09-27,16:00:00,10.02,10.13,10.02,10.1,55958,0
2017-09-27,17:00:00,10.0985,10.11,10.08,10.11,50184,0
2017-09-27,18:00:00,10.11,10.17,10.1,10.14,73362,0
2017-09-27,19:00:00,10.14,10.2,10.12,10.19,70523,0
2017-09-27,20:00:00,10.1901,10.34,10.1901,10.3,126124,0
2017-09-27,21:00:00,10.3,10.36,10.24,10.36,116419,0
2017-09-27,22:00:00,10.36,10.575,10.36,10.55,485202,0
2017-09-28,16:00:00,10.48,10.55,10.41,10.42,28023,0
2017-09-28,17:00:00,10.43,10.48,10.4,10.45,14752,0
2017-09-28,18:00:00,10.455,10.52,10.45,10.49,37238,0
2017-09-28,19:00:00,10.5,10.55,10.5,10.55,43100,0
2017-09-28,20:00:00,10.55,10.58,10.515,10.55,27065,0
2017-09-28,21:00:00,10.56,10.57,10.5,10.5,26491,0
2017-09-28,22:00:00,10.5,10.58,10.5,10.55,120589,0
2017-09-29,16:00:00,10.51,10.58,10.42,10.56,37069,0
2017-09-29,17:00:00,10.57,10.57,10.46,10.51,37000,0
2017-09-29,18:00:00,10.51,10.53,10.49,10.52,60747,0
2017-09-29,19:00:00,10.52,10.54,10.46,10.495,35670,0
2017-09-29,20:00:00,10.495,10.52,10.47,10.51,57953,0
2017-09-29,21:00:00,10.51,10.52,10.485,10.51,70857,0
2017-09-29,22:00:00,10.51,10.53,10.47,10.47,250125,0
2017-10-02,16:00:00,10.5,10.58,9.96,10.57,27719,0
2017-10-02,17:00:00,10.54,10.635,10.54,10.6,35966,0
2017-10-02,18:00:00,10.595,10.6,10.53,10.6,21057,0
2017-10-02,19:00:00,10.59,10.705,10.57,10.7,24237,0
2017-10-02,20:00:00,10.71,10.715,10.68,10.71,36176,0
2017-10-02,21:00:00,10.715,10.78,10.69,10.775,76541,0
2017-10-02,22:00:00,10.77,10.85,10.75,10.83,214422,0
2017-10-03,16:00:00,10.87,10.97,10.84,10.95,44453,0
2017-10-03,17:00:00,10.95,11.08,10.95,11.045,204722,0
2017-10-03,18:00:00,11.05,11.05,10.991,10.991,77892,0
2017-10-03,19:00:00,10.995,11.05,10.97,11.045,100730,0
2017-10-03,20:00:00,11.05,11.1,11.02,11.02,125719,0
2017-10-03,21:00:00,11.02,11.11,11,11.106,289671,0
2017-10-03,22:00:00,11.1,11.305,11.1,11.29,449313,0
2017-10-04,16:00:00,11.29,11.585,10.92,11.585,203343,0
2017-10-04,17:00:00,11.59,11.6699,11.445,11.585,360935,0
2017-10-04,18:00:00,11.59,11.66,11.56,11.615,196358,0
2017-10-04,19:00:00,11.615,11.62,11.53,11.59,148358,0
2017-10-04,20:00:00,11.58,11.64,11.58,11.605,71767,0
2017-10-04,21:00:00,11.61,11.65,11.59,11.64,121502,0
2017-10-04,22:00:00,11.635,11.655,11.59,11.59,427270,0
2017-10-05,16:00:00,11.61,11.77,11.58,11.68,162440,0
2017-10-05,17:00:00,11.68,11.8,11.65,11.785,162607,0
2017-10-05,18:00:00,11.785,11.785,11.68,11.69,136849,0
2017-10-05,19:00:00,11.69,11.76,11.68,11.74,48758,0
2017-10-05,20:00:00,11.74,11.75,11.69,11.7,79305,0
2017-10-05,21:00:00,11.7,11.73,11.67,11.695,114078,0
2017-10-05,22:00:00,11.7,11.73,11.65,11.66,247581,0
2017-10-06,16:00:00,11.65,11.65,11.38,11.59,27019,0
2017-10-06,17:00:00,11.57,11.7,11.57,11.65,44016,0
2017-10-06,18:00:00,11.65,11.66,11.62,11.64,18584,0
2017-10-06,19:00:00,11.64,11.68,11.58,11.61,61556,0
2017-10-06,20:00:00,11.61,11.7,11.6,11.67,29037,0
2017-10-06,21:00:00,11.6655,11.73,11.66,11.715,31380,0
2017-10-06,22:00:00,11.71,11.74,11.69,11.715,174661,0
2017-10-09,16:00:00,11.76,11.76,11.67,11.69,15651,0
2017-10-09,17:00:00,11.71,11.7575,11.68,11.71,31836,0
2017-10-09,18:00:00,11.7125,11.755,11.71,11.75,12926,0
2017-10-09,19:00:00,11.75,11.75,11.68,11.68,24608,0
2017-10-09,20:00:00,11.675,11.71,11.64,11.69,24046,0
2017-10-09,21:00:00,11.685,11.735,11.68,11.725,41424,0
2017-10-09,22:00:00,11.73,11.755,11.72,11.74,214255,0
2017-10-10,16:00:00,11.79,11.79,11.605,11.75,13352,0
2017-10-10,17:00:00,11.75,11.7575,11.72,11.75,43826,0
2017-10-10,18:00:00,11.745,11.75,11.68,11.7,60354,0
2017-10-10,19:00:00,11.7,11.73,11.62,11.73,50585,0
2017-10-10,20:00:00,11.72,11.75,11.72,11.75,19500,0
2017-10-10,21:00:00,11.75,11.75,11.68,11.68,26430,0
2017-10-10,22:00:00,11.69,11.75,11.68,11.75,156807,0
2017-10-11,16:00:00,11.74,11.75,11.64,11.64,25932,0
2017-10-11,17:00:00,11.65,11.695,11.65,11.65,22792,0
2017-10-11,18:00:00,11.66,11.67,11.58,11.605,65611,0
2017-10-11,19:00:00,11.605,11.61,11.56,11.565,30343,0
2017-10-11,20:00:00,11.57,11.57,11.5,11.515,42301,0
2017-10-11,21:00:00,11.51,11.54,11.51,11.52,74522,0
2017-10-11,22:00:00,11.52,11.54,11.51,11.52,145514,0
2017-10-12,16:00:00,11.52,11.5917,11.4,11.42,24148,0
2017-10-12,17:00:00,11.42,11.54,11.42,11.515,30774,0
2017-10-12,18:00:00,11.515,11.53,11.51,11.525,15303,0
2017-10-12,19:00:00,11.525,11.56,11.505,11.56,24700,0
2017-10-12,20:00:00,11.555,11.67,11.55,11.66,45463,0
2017-10-12,21:00:00,11.66,11.67,11.6,11.63,43465,0
2017-10-12,22:00:00,11.64,11.7,11.64,11.7,206647,0
2017-10-13,16:00:00,11.7,11.7,11.53,11.53,31980,0
2017-10-13,17:00:00,11.52,11.64,11.51,11.57,50171,0
2017-10-13,18:00:00,11.57,11.57,11.53,11.53,17026,0
2017-10-13,19:00:00,11.5354,11.54,11.48,11.51,43912,0
2017-10-13,20:00:00,11.51,11.55,11.49,11.55,71952,0
2017-10-13,21:00:00,11.54,11.585,11.54,11.545,20630,0
2017-10-13,22:00:00,11.545,11.55,11.48,11.49,142016,0
2017-10-16,16:00:00,11.55,11.59,11.46,11.5,23269,0
2017-10-16,17:00:00,11.49,11.525,11.38,11.38,27608,0
2017-10-16,18:00:00,11.38,11.42,11.37,11.41,22277,0
2017-10-16,19:00:00,11.41,11.42,11.32,11.34,17426,0
2017-10-16,20:00:00,11.339,11.35,11.3,11.33,13993,0
2017-10-16,21:00:00,11.33,11.33,11.27,11.28,17812,0
2017-10-16,22:00:00,11.28,11.35,11.27,11.35,106489,0
2017-10-17,16:00:00,11.35,11.36,11.28,11.33,11374,0
2017-10-17,17:00:00,11.35,11.4,11.315,11.34,18150,0
2017-10-17,18:00:00,11.36,11.4,11.27,11.28,26129,0
2017-10-17,19:00:00,11.28,11.37,11.28,11.3,21379,0
2017-10-17,20:00:00,11.3,11.36,11.28,11.33,20977,0
2017-10-17,21:00:00,11.33,11.35,11.29,11.33,21923,0
2017-10-17,22:00:00,11.325,11.34,11.26,11.31,107163,0
2017-10-18,16:00:00,11.3,11.39,11.24,11.28,24322,0
2017-10-18,17:00:00,11.28,11.3,11.25,11.25,23031,0
2017-10-18,18:00:00,11.26,11.29,11.255,11.27,10880,0
2017-10-18,19:00:00,11.27,11.31,11.27,11.31,17723,0
2017-10-18,20:00:00,11.3,11.34,11.3,11.33,11055,0
2017-10-18,21:00:00,11.32,11.33,11.3,11.3212,17141,0
2017-10-18,22:00:00,11.329,11.33,11.3,11.31,78013,0
2017-10-19,16:00:00,11.26,11.3,11.12,11.2,21715,0
2017-10-19,17:00:00,11.2,11.21,11.16,11.16,22568,0
2017-10-19,18:00:00,11.165,11.18,11.11,11.14,43172,0
2017-10-19,19:00:00,11.13,11.175,11.11,11.17,15522,0
2017-10-19,20:00:00,11.17,11.21,11.17,11.185,21524,0
2017-10-19,21:00:00,11.19,11.255,11.19,11.22,57876,0
2017-10-19,22:00:00,11.22,11.2292,11.14,11.21,79548,0
2017-10-20,16:00:00,11.29,11.35,11.25,11.26,60613,0
2017-10-20,17:00:00,11.255,11.28,11.15,11.16,35913,0
2017-10-20,18:00:00,11.16,11.18,11.16,11.18,10998,0
2017-10-20,19:00:00,11.18,11.22,11.18,11.21,7950,0
2017-10-20,20:00:00,11.205,11.21,11.16,11.16,61146,0
2017-10-20,21:00:00,11.16,11.17,11.16,11.16,22572,0
2017-10-20,22:00:00,11.17,11.19,11.155,11.17,134865,0
2017-10-23,16:00:00,11.17,11.33,11.14,11.25,34908,0
2017-10-23,17:00:00,11.25,11.25,11.14,11.16,17282,0
2017-10-23,18:00:00,11.15,11.16,11.11,11.12,11521,0
2017-10-23,19:00:00,11.125,11.17,11.115,11.17,9223,0
2017-10-23,20:00:00,11.17,11.17,11.1,11.141,13965,0
2017-10-23,21:00:00,11.15,11.16,11.11,11.12,26983,0
2017-10-23,22:00:00,11.12,11.15,11.09,11.15,74317,0
2017-10-24,16:00:00,11.15,11.2143,11.1101,11.17,15712,0
2017-10-24,17:00:00,11.16,11.215,11.145,11.16,19084,0
2017-10-24,18:00:00,11.16,11.175,11.12,11.16,15522,0
2017-10-24,19:00:00,11.16,11.17,11.135,11.135,10100,0
2017-10-24,20:00:00,11.135,11.16,11.12,11.16,11203,0
2017-10-24,21:00:00,11.15,11.16,11.109,11.13,18598,0
2017-10-24,22:00:00,11.13,11.17,11.05,11.09,146902,0
2017-10-25,16:00:00,11.09,11.09,11.01,11.01,8942,0
2017-10-25,17:00:00,11.01,11.09,11.01,11.01,25008,0
2017-10-25,18:00:00,11.015,11.03,10.945,10.965,82253,0
2017-10-25,19:00:00,10.965,10.98,10.935,10.97,20928,0
2017-10-25,20:00:00,10.97,11.01,10.955,11,11039,0
2017-10-25,21:00:00,11,11.01,10.92,10.925,12164,0
2017-10-25,22:00:00,10.925,10.97,10.925,10.96,62020,0
2017-10-26,16:00:00,11.01,11.26,10.96,11.255,28546,0
2017-10-26,17:00:00,11.255,11.3201,11.17,11.19,34885,0
2017-10-26,18:00:00,11.18,11.275,11.18,11.2,132686,0
2017-10-26,19:00:00,11.2,11.23,11.18,11.22,18798,0
2017-10-26,20:00:00,11.22,11.24,11.22,11.23,12600,0
2017-10-26,21:00:00,11.23,11.25,11.22,11.24,22469,0
2017-10-26,22:00:00,11.235,11.26,11.22,11.24,83949,0
2017-10-27,16:00:00,11.24,11.32,11.145,11.23,24549,0
2017-10-27,17:00:00,11.22,11.29,11.21,11.25,30534,0
2017-10-27,18:00:00,11.25,11.28,11.22,11.27,29993,0
2017-10-27,19:00:00,11.28,11.35,11.27,11.27,44966,0
2017-10-27,20:00:00,11.27,11.28,11.24,11.24,30409,0
2017-10-27,21:00:00,11.24,11.24,11.21,11.22,24007,0
2017-10-27,22:00:00,11.21,11.26,11.21,11.24,178177,0
2017-10-30,15:00:00,11.2,11.26,11.13,11.13,18165,0
2017-10-30,16:00:00,11.12,11.14,11,11.01,68981,0
2017-10-30,17:00:00,11,11.06,11,11.025,26225,0
2017-10-30,18:00:00,11.025,11.05,11.01,11.03,19001,0
2017-10-30,19:00:00,11.02,11.12,10.99,11.09,61250,0
2017-10-30,20:00:00,11.09,11.11,11.06,11.11,40269,0
2017-10-30,21:00:00,11.1,11.14,11.04,11.12,217728,0
2017-10-31,15:00:00,11.2,11.2,11.12,11.17,17316,0
2017-10-31,16:00:00,11.18,11.2,11.13,11.195,25741,0
2017-10-31,17:00:00,11.195,11.2,11.18,11.195,18575,0
2017-10-31,18:00:00,11.19,11.24,11.18,11.235,47048,0
2017-10-31,19:00:00,11.2308,11.25,11.22,11.25,20230,0
2017-10-31,20:00:00,11.249,11.25,11.21,11.246,60079,0
2017-10-31,21:00:00,11.241,11.33,11.24,11.31,207761,0
2017-11-01,15:00:00,11.42,11.61,11.25,11.455,52847,0
2017-11-01,16:00:00,11.44,11.47,11.39,11.45,120962,0
2017-11-01,17:00:00,11.445,11.45,11.3,11.36,59151,0
2017-11-01,18:00:00,11.35,11.44,11.325,11.33,67888,0
2017-11-01,19:00:00,11.34,11.38,11.25,11.31,69072,0
2017-11-01,20:00:00,11.29,11.39,11.27,11.38,40818,0
2017-11-01,21:00:00,11.38,11.39,11.31,11.36,203226,0
2017-11-02,15:00:00,11.25,11.25,10.55,10.65,182363,0
2017-11-02,16:00:00,10.65,10.8,10.52,10.58,439731,0
2017-11-02,17:00:00,10.58,10.63,10.42,10.46,317625,0
2017-11-02,18:00:00,10.47,10.48,10.2,10.255,470131,0
2017-11-02,19:00:00,10.255,10.37,10.24,10.275,342299,0
2017-11-02,20:00:00,10.275,10.4,9.935,9.95,481601,0
2017-11-02,21:00:00,9.935,10.26,9.63,10.01,892718,0
2017-11-03,15:00:00,10.11,10.4599,9.54,9.73,163770,0
2017-11-03,16:00:00,9.75,9.96,9.625,9.91,184709,0
2017-11-03,17:00:00,9.91,9.91,9.8,9.8,98350,0
2017-11-03,18:00:00,9.8,9.81,9.675,9.69,172232,0
2017-11-03,19:00:00,9.685,9.71,9.63,9.63,162429,0
2017-11-03,20:00:00,9.625,9.775,9.6201,9.73,197859,0
2017-11-03,21:00:00,9.73,9.76,9.68,9.74,313708,0
2017-11-06,16:00:00,9.64,9.71,9.59,9.67,49936,0
2017-11-06,17:00:00,9.665,9.665,9.56,9.59,94121,0
2017-11-06,18:00:00,9.58,9.58,9.5053,9.515,72919,0
2017-11-06,19:00:00,9.515,9.64,9.5,9.62,71224,0
2017-11-06,20:00:00,9.62,9.66,9.58,9.59,77419,0
2017-11-06,21:00:00,9.59,9.61,9.565,9.58,90340,0
2017-11-06,22:00:00,9.5844,9.65,9.57,9.58,196204,0
2017-11-07,16:00:00,9.65,9.71,9.46,9.505,54570,0
2017-11-07,17:00:00,9.5,9.54,9.37,9.375,77793,0
2017-11-07,19:00:00,9.61,9.715,9.57,9.62,62295,0
2017-11-07,20:00:00,9.625,9.67,9.6,9.665,42999,0
2017-11-07,21:00:00,9.67,9.78,9.66,9.75,144840,0
2017-11-07,22:00:00,9.75,9.77,9.72,9.76,228525,0
2017-11-08,16:00:00,9.7,9.74,9.68,9.695,17772,0
2017-11-08,17:00:00,9.71,9.73,9.68,9.7188,66434,0
2017-11-08,18:00:00,9.71,9.7142,9.59,9.605,73969,0
2017-11-08,19:00:00,9.605,9.81,9.605,9.775,79352,0
2017-11-08,20:00:00,9.78,9.815,9.755,9.815,71769,0
2017-11-08,21:00:00,9.815,9.87,9.81,9.825,89313,0
2017-11-08,22:00:00,9.83,9.91,9.82,9.87,230570,0
2017-11-09,16:00:00,9.77,9.81,9.68,9.765,60595,0
2017-11-09,17:00:00,9.77,9.91,9.74,9.89,89773,0
2017-11-09,18:00:00,9.88,9.89,9.74,9.79,76603,0
2017-11-09,19:00:00,9.79,9.82,9.74,9.755,85267,0
2017-11-09,20:00:00,9.75,9.8,9.695,9.8,63725,0
2017-11-09,21:00:00,9.8,9.8153,9.7,9.75,51719,0
2017-11-09,22:00:00,9.75,9.84,9.74,9.81,195935,0
2017-11-10,16:00:00,9.76,9.95,9.76,9.87,24780,0
2017-11-10,17:00:00,9.87,10.14,9.86,10.14,712748,0
2017-11-10,18:00:00,10.14,10.265,10.04,10.05,135298,0
2017-11-10,19:00:00,10.05,10.07,10,10.01,59138,0
2017-11-10,20:00:00,10.01,10.08,10,10.055,68056,0
2017-11-10,21:00:00,10.06,10.09,10.015,10.025,91287,0
2017-11-10,22:00:00,10.025,10.1,10.01,10.01,149977,0
2017-11-13,16:00:00,10.04,10.04,9.79,9.84,22110,0
2017-11-13,17:00:00,9.86,9.91,9.77,9.8,57493,0
2017-11-13,18:00:00,9.805,9.88,9.78,9.88,62837,0
2017-11-13,19:00:00,9.88,9.93,9.845,9.905,95426,0
2017-11-13,20:00:00,9.9,9.93,9.86,9.88,36042,0
2017-11-13,21:00:00,9.89,9.915,9.8,9.82,58108,0
2017-11-13,22:00:00,9.83,9.86,9.79,9.85,219024,0
2017-11-14,16:00:00,9.77,9.8,9.65,9.75,29353,0
2017-11-14,17:00:00,9.72,9.735,9.62,9.725,44524,0
2017-11-14,18:00:00,9.73,9.82,9.73,9.79,49082,0
2017-11-14,19:00:00,9.79,9.86,9.74,9.86,48324,0
2017-11-14,20:00:00,9.87,9.92,9.84,9.905,45790,0
2017-11-14,21:00:00,9.9,9.97,9.89,9.94,108386,0
2017-11-14,22:00:00,9.94,10.03,9.88,9.91,262489,0
2017-11-15,16:00:00,9.86,9.93,9.74,9.88,27074,0
2017-11-15,17:00:00,9.87,9.94,9.8,9.82,53363,0
2017-11-15,18:00:00,9.82,9.9,9.81,9.88,39596,0
2017-11-15,19:00:00,9.89,9.91,9.88,9.885,27055,0
2017-11-15,20:00:00,9.88,9.95,9.88,9.905,51660,0
2017-11-15,21:00:00,9.9,9.98,9.9,9.975,70168,0
2017-11-15,22:00:00,9.97,10,9.9,9.94,295373,0
2017-11-16,16:00:00,9.99,10.08,9.96,10.06,16889,0
2017-11-16,17:00:00,10.08,10.21,10.08,10.1499,33269,0
2017-11-16,18:00:00,10.15,10.19,10.07,10.09,42025,0
2017-11-16,19:00:00,10.09,10.25,10.09,10.24,83940,0
2017-11-16,20:00:00,10.24,10.24,10.135,10.17,108551,0
2017-11-16,21:00:00,10.161,10.205,10.11,10.11,120026,0
2017-11-16,22:00:00,10.1,10.17,10.08,10.1,308740,0
2017-11-17,16:00:00,10.05,10.15,10.05,10.15,25478,0
2017-11-17,17:00:00,10.13,10.15,10,10,41215,0
2017-11-17,18:00:00,10.01,10.07,9.975,10.04,45901,0
2017-11-17,19:00:00,10.045,10.05,9.98,10.02,72470,0
2017-11-17,20:00:00,10.01,10.03,9.96,9.98,43202,0
2017-11-17,21:00:00,9.99,10.03,9.97,10.03,42276,0
2017-11-17,22:00:00,10.03,10.06,10,10.04,160813,0
2017-11-20,16:00:00,10.08,10.1132,9.92,10.02,25484,0
2017-11-20,17:00:00,10.01,10.06,10,10.05,29688,0
2017-11-20,18:00:00,10.04,10.08,10.04,10.06,28023,0
2017-11-20,19:00:00,10.06,10.06,10.04,10.055,26110,0
2017-11-20,20:00:00,10.06,10.06,10.035,10.035,20747,0
2017-11-20,21:00:00,10.04,10.05,10.03,10.05,28912,0
2017-11-20,22:00:00,10.05,10.09,10.03,10.09,122749,0
2017-11-21,16:00:00,10.09,10.14,10.07,10.11,27950,0
2017-11-21,17:00:00,10.1,10.24,10.07,10.24,41311,0
2017-11-21,18:00:00,10.23,10.24,10.14,10.17,43220,0
2017-11-21,19:00:00,10.17,10.18,10.12,10.17,21176,0
2017-11-21,20:00:00,10.1799,10.19,10.16,10.18,19058,0
2017-11-21,21:00:00,10.18,10.19,10.16,10.17,36513,0
2017-11-21,22:00:00,10.1644,10.18,10.13,10.18,114206,0
2017-11-22,16:00:00,10.19,10.45,10.14,10.39,69064,0
2017-11-22,17:00:00,10.39,10.58,10.35,10.58,67146,0
2017-11-22,18:00:00,10.57,10.57,10.42,10.48,42307,0
2017-11-22,19:00:00,10.48,10.495,10.41,10.425,29390,0
2017-11-22,20:00:00,10.42,10.42,10.325,10.34,39805,0
2017-11-22,21:00:00,10.34,10.37,10.32,10.32,20454,0
2017-11-22,22:00:00,10.33,10.35,10.22,10.25,199342,0
2017-11-24,16:00:00,10.25,10.31,10.17,10.27,15855,0
2017-11-24,17:00:00,10.26,10.26,10.13,10.145,39950,0
2017-11-24,18:00:00,10.15,10.16,10.06,10.14,59927,0
2017-11-24,19:00:00,10.14,10.24,10.13,10.24,82246,0
2017-11-24,20:00:00,10.24,10.24,10.24,10.24,31438,0
2017-11-27,16:00:00,10.25,10.3,10.22,10.3,43393,0
2017-11-27,17:00:00,10.3,10.39,10.29,10.39,43628,0
2017-11-27,18:00:00,10.39,10.39,10.34,10.34,33484,0
2017-11-27,19:00:00,10.3401,10.4,10.34,10.3911,34180,0
2017-11-27,20:00:00,10.395,10.41,10.34,10.35,46743,0
2017-11-27,21:00:00,10.35,10.36,10.33,10.33,23322,0
2017-11-27,22:00:00,10.335,10.36,10.305,10.32,144532,0
2017-11-28,16:00:00,10.34,10.39,10.3,10.37,60826,0
2017-11-28,17:00:00,10.37,10.37,10.329,10.36,103945,0
2017-11-28,18:00:00,10.36,10.41,10.36,10.395,79540,0
2017-11-28,19:00:00,10.395,10.46,10.3874,10.39,45403,0
2017-11-28,20:00:00,10.4,10.42,10.35,10.35,47855,0
2017-11-28,21:00:00,10.35,10.39,10.31,10.38,44577,0
2017-11-28,22:00:00,10.38,10.44,10.34,10.4,270164,0
2017-11-29,16:00:00,10.38,10.58,10.38,10.58,33869,0
2017-11-29,17:00:00,10.57,10.64,10.56,10.63,91690,0
2017-11-29,18:00:00,10.64,10.67,10.495,10.495,54659,0
2017-11-29,19:00:00,10.5,10.51,10.4,10.4,61030,0
2017-11-29,20:00:00,10.39,10.44,10.38,10.43,43106,0
2017-11-29,21:00:00,10.435,10.49,10.42,10.47,71307,0
2017-11-29,22:00:00,10.475,10.52,10.45,10.5,246449,0
2017-11-30,16:00:00,10.58,10.66,10.5,10.52,21858,0
2017-11-30,17:00:00,10.52,10.71,10.5,10.71,78280,0
2017-11-30,18:00:00,10.7,10.825,10.69,10.74,83422,0
2017-11-30,19:00:00,10.735,10.79,10.7,10.76,85938,0
2017-11-30,20:00:00,10.77,10.79,10.68,10.71,44220,0
2017-11-30,21:00:00,10.715,10.79,10.71,10.77,101932,0
2017-11-30,22:00:00,10.76,10.82,10.75,10.76,294155,0
2017-12-01,16:00:00,10.75,10.78,10.53,10.675,40874,0
2017-12-01,17:00:00,10.675,10.675,10.58,10.59,42388,0
2017-12-01,18:00:00,10.58,10.6,10.35,10.53,249323,0
2017-12-01,19:00:00,10.51,10.78,10.49,10.6899,136912,0
2017-12-01,20:00:00,10.68,10.7,10.6,10.62,59974,0
2017-12-01,21:00:00,10.61,10.7,10.6,10.7,67883,0
2017-12-01,22:00:00,10.7,10.75,10.65,10.74,356994,0
2017-12-04,16:00:00,10.85,10.96,10.82,10.89,81893,0
2017-12-04,17:00:00,10.91,10.95,10.76,10.85,133966,0
2017-12-04,18:00:00,10.86,10.88,10.78,10.83,71664,0
2017-12-04,19:00:00,10.83,10.83,10.73,10.735,61671,0
2017-12-04,20:00:00,10.73,10.78,10.69,10.77,93779,0
2017-12-04,21:00:00,10.765,10.77,10.64,10.6904,162589,0
2017-12-04,22:00:00,10.69,10.71,10.61,10.63,166501,0
2017-12-05,16:00:00,10.6,10.62,10.53,10.59,64162,0
2017-12-05,17:00:00,10.59,10.62,10.38,10.41,50430,0
2017-12-05,18:00:00,10.41,10.51,10.41,10.48,23568,0
2017-12-05,19:00:00,10.47,10.72,10.4599,10.72,63549,0
2017-12-05,20:00:00,10.71,10.71,10.58,10.605,72607,0
2017-12-05,21:00:00,10.6,10.62,10.47,10.47,60672,0
2017-12-05,22:00:00,10.48,10.6175,10.47,10.53,359308,0
2017-12-06,16:00:00,10.47,10.51,10.41,10.465,32910,0
2017-12-06,17:00:00,10.465,10.51,10.44,10.49,71962,0
2017-12-06,18:00:00,10.48,10.48,10.38,10.4,67043,0
2017-12-06,19:00:00,10.41,10.44,10.36,10.36,105860,0
2017-12-06,20:00:00,10.365,10.37,10.215,10.24,87203,0
2017-12-06,21:00:00,10.245,10.28,10.16,10.2125,103869,0
2017-12-06,22:00:00,10.21,10.42,10.21,10.42,513546,0
