Date,Time,Open,High,Low,Close,Volume,OpenInt
2017-05-16,16:00:00,45.012,45.022,44.903,44.938,661208,0
2017-05-16,17:00:00,44.933,44.963,44.803,44.818,1156462,0
2017-05-16,18:00:00,44.823,44.923,44.803,44.903,1057129,0
2017-05-16,19:00:00,44.893,44.943,44.883,44.918,486815,0
2017-05-16,20:00:00,44.913,44.933,44.873,44.888,526666,0
2017-05-16,21:00:00,44.888,44.918,44.813,44.828,1338383,0
2017-05-16,22:00:00,44.833,44.953,44.828,44.943,1822312,0
2017-05-17,16:00:00,44.645,44.745,44.422,44.474,1289158,0
2017-05-17,17:00:00,44.467,44.495,44.079,44.089,2637588,0
2017-05-17,18:00:00,44.079,44.317,44.004,44.312,1866648,0
2017-05-17,19:00:00,44.312,44.317,44.219,44.272,1513893,0
2017-05-17,20:00:00,44.272,44.307,44.159,44.233,1364662,0
2017-05-17,21:00:00,44.229,44.287,43.891,44.009,2682825,0
2017-05-17,22:00:00,44.004,44.119,43.861,43.891,6245517,0
2017-05-18,16:00:00,43.722,43.866,43.265,43.663,2192201,0
2017-05-18,17:00:00,43.663,43.831,43.658,43.811,2186316,0
2017-05-18,18:00:00,43.806,44.029,43.781,43.886,1386749,0
2017-05-18,19:00:00,43.891,44.069,43.831,43.961,1374306,0
2017-05-18,20:00:00,43.97,43.994,43.811,43.961,847283,0
2017-05-18,21:00:00,43.961,44.069,43.941,43.951,934677,0
2017-05-18,22:00:00,43.956,43.98,43.811,43.811,2479081,0
2017-05-19,16:00:00,43.871,44.149,43.831,44.144,2001280,0
2017-05-19,17:00:00,44.149,44.149,44.029,44.104,1030482,0
2017-05-19,18:00:00,44.099,44.179,44.069,44.139,846459,0
2017-05-19,19:00:00,44.139,44.164,44.084,44.139,655203,0
2017-05-19,20:00:00,44.139,44.139,44.039,44.049,1019542,0
2017-05-19,21:00:00,44.054,44.069,43.98,44.059,2261119,0
2017-05-19,22:00:00,44.054,44.059,43.891,43.97,3102362,0
2017-05-22,16:00:00,43.989,44.089,43.941,44.054,655993,0
2017-05-22,17:00:00,44.059,44.134,43.989,44.104,906593,0
2017-05-22,18:00:00,44.109,44.199,44.094,44.159,562391,0
2017-05-22,19:00:00,44.164,44.229,44.129,44.214,579153,0
2017-05-22,20:00:00,44.209,44.209,44.144,44.164,754950,0
2017-05-22,21:00:00,44.159,44.257,44.109,44.209,697599,0
2017-05-22,22:00:00,44.214,44.307,44.179,44.287,3697450,0
2017-05-23,16:00:00,44.337,44.495,44.247,44.257,518333,0
2017-05-23,17:00:00,44.247,44.347,44.224,44.287,674986,0
2017-05-23,18:00:00,44.287,44.302,44.179,44.219,968406,0
2017-05-23,19:00:00,44.219,44.287,44.189,44.224,878487,0
2017-05-23,20:00:00,44.224,44.302,44.224,44.257,413646,0
2017-05-23,21:00:00,44.257,44.312,44.229,44.277,626451,0
2017-05-23,22:00:00,44.277,44.297,44.199,44.219,1965597,0
2017-05-24,16:00:00,44.307,44.407,44.159,44.238,522980,0
2017-05-24,17:00:00,44.233,44.287,44.159,44.257,1121418,0
2017-05-24,18:00:00,44.247,44.312,44.247,44.287,740509,0
2017-05-24,19:00:00,44.292,44.307,44.219,44.262,559512,0
2017-05-24,20:00:00,44.262,44.337,44.247,44.292,487698,0
2017-05-24,21:00:00,44.297,44.407,44.257,44.387,786709,0
2017-05-24,22:00:00,44.392,44.535,44.367,44.487,2934982,0
2017-05-25,16:00:00,44.645,44.675,44.487,44.605,539881,0
2017-05-25,17:00:00,44.615,44.763,44.585,44.749,834017,0
2017-05-25,18:00:00,44.749,44.843,44.715,44.773,813676,0
2017-05-25,19:00:00,44.768,44.813,44.725,44.788,1111833,0
2017-05-25,20:00:00,44.788,44.798,44.729,44.798,669239,0
2017-05-25,21:00:00,44.803,44.903,44.754,44.888,911641,0
2017-05-25,22:00:00,44.883,44.953,44.798,44.853,2342990,0
2017-05-26,16:00:00,44.863,44.943,44.715,44.903,741106,0
2017-05-26,17:00:00,44.903,45.012,44.893,44.988,877622,0
2017-05-26,18:00:00,44.988,45.071,44.973,45.031,893169,0
2017-05-26,19:00:00,45.031,45.096,44.987,45.002,572111,0
2017-05-26,20:00:00,44.998,45.031,44.943,44.967,489236,0
2017-05-26,21:00:00,44.968,44.973,44.913,44.923,619868,0
2017-05-26,22:00:00,44.923,44.973,44.843,44.913,2257595,0
2017-05-30,16:00:00,44.763,45.071,44.763,45.071,2105386,0
2017-05-30,17:00:00,45.071,45.071,44.803,44.843,1741897,0
2017-05-30,18:00:00,44.838,44.883,44.793,44.853,1157338,0
2017-05-30,19:00:00,44.853,44.953,44.843,44.938,617042,0
2017-05-30,20:00:00,44.933,45.002,44.893,44.953,648205,0
2017-05-30,21:00:00,44.953,45.051,44.893,45.046,1211742,0
2017-05-30,22:00:00,45.046,45.111,45.036,45.071,2450173,0
2017-05-31,16:00:00,45.071,45.151,45.056,45.066,983773,0
2017-05-31,17:00:00,45.061,45.201,44.933,45.156,2728187,0
2017-05-31,18:00:00,45.151,45.161,44.973,45.022,1492623,0
2017-05-31,19:00:00,45.016,45.116,45.012,45.022,1032322,0
2017-05-31,20:00:00,45.031,45.106,45.002,45.061,852262,0
2017-05-31,21:00:00,45.056,45.061,44.913,44.958,1749295,0
2017-05-31,22:00:00,44.963,45.111,44.933,45.041,5094560,0
2017-06-01,16:00:00,45.171,45.231,45.091,45.11,722745,0
2017-06-01,17:00:00,45.105,45.161,45.012,45.051,1105473,0
2017-06-01,18:00:00,45.051,45.131,45.022,45.051,819888,0
2017-06-01,19:00:00,45.061,45.201,45.046,45.196,618295,0
2017-06-01,20:00:00,45.191,45.289,45.186,45.231,694638,0
2017-06-01,21:00:00,45.236,45.299,45.221,45.275,819239,0
2017-06-01,22:00:00,45.275,45.449,45.241,45.439,2723938,0
2017-06-02,16:00:00,45.528,45.717,45.424,45.479,1607558,0
2017-06-02,17:00:00,45.479,45.528,45.309,45.334,1023879,0
2017-06-02,18:00:00,45.334,45.389,45.289,45.352,922406,0
2017-06-02,19:00:00,45.354,45.399,45.309,45.315,901102,0
2017-06-02,20:00:00,45.314,45.369,45.289,45.319,791841,0
2017-06-02,21:00:00,45.309,45.319,45.131,45.141,1578636,0
2017-06-02,22:00:00,45.146,45.324,45.146,45.309,4620962,0
2017-06-05,16:00:00,45.339,45.479,45.319,45.419,696374,0
2017-06-05,17:00:00,45.419,45.577,45.389,45.533,865032,0
2017-06-05,18:00:00,45.528,45.607,45.528,45.602,806077,0
2017-06-05,19:00:00,45.607,45.627,45.518,45.557,858255,0
2017-06-05,20:00:00,45.557,45.642,45.548,45.567,852811,0
2017-06-05,21:00:00,45.562,45.617,45.538,45.607,903515,0
2017-06-05,22:00:00,45.607,45.627,45.557,45.567,2725925,0
2017-06-06,16:00:00,45.379,45.469,45.319,45.344,544822,0
2017-06-06,17:00:00,45.339,45.489,45.299,45.379,825160,0
2017-06-06,18:00:00,45.379,45.444,45.369,45.414,820474,0
2017-06-06,19:00:00,45.409,45.469,45.389,45.449,608842,0
2017-06-06,20:00:00,45.449,45.484,45.389,45.389,472865,0
2017-06-06,21:00:00,45.394,45.474,45.349,45.469,709476,0
2017-06-06,22:00:00,45.469,45.479,45.251,45.26,2713328,0
2017-06-07,16:00:00,45.27,45.299,45.111,45.161,801350,0
2017-06-07,17:00:00,45.156,45.181,44.923,44.998,919163,0
2017-06-07,18:00:00,44.993,45.061,44.953,45.007,684762,0
2017-06-07,19:00:00,45.012,45.012,44.793,44.863,593934,0
2017-06-07,20:00:00,44.858,44.953,44.843,44.948,558627,0
2017-06-07,21:00:00,44.948,45.051,44.933,45.036,600348,0
2017-06-07,22:00:00,45.041,45.091,44.964,45.051,3076539,0
2017-06-08,16:00:00,45.379,45.505,45.066,45.186,1937509,0
2017-06-08,17:00:00,45.191,45.359,45.146,45.299,2033976,0
2017-06-08,18:00:00,45.294,45.339,45.171,45.309,1535503,0
2017-06-08,19:00:00,45.309,45.369,45.27,45.304,767031,0
2017-06-08,20:00:00,45.304,45.329,45.181,45.216,1008691,0
2017-06-08,21:00:00,45.216,45.241,44.963,44.988,1358319,0
2017-06-08,22:00:00,44.993,45.131,44.983,45.071,3122047,0
2017-06-09,16:00:00,45.051,45.091,44.843,45.022,792137,0
2017-06-09,17:00:00,45.026,45.319,45.002,45.211,1106639,0
2017-06-09,18:00:00,45.201,45.309,45.131,45.136,831203,0
2017-06-09,19:00:00,45.131,45.171,44.833,44.918,959109,0
2017-06-09,20:00:00,44.913,44.943,44.625,44.63,1104491,0
2017-06-09,21:00:00,44.625,44.763,44.337,44.447,2317054,0
2017-06-09,22:00:00,44.447,44.715,44.417,44.685,4502051,0
2017-06-12,16:00:00,44.307,44.347,43.405,43.751,3335226,0
2017-06-12,17:00:00,43.741,44.159,43.673,44.129,2542926,0
2017-06-12,18:00:00,44.129,44.322,44.049,44.257,1714679,0
2017-06-12,19:00:00,44.257,44.287,44.119,44.247,1148802,0
2017-06-12,20:00:00,44.242,44.317,44.209,44.233,1014252,0
2017-06-12,21:00:00,44.229,44.457,44.219,44.347,1432042,0
2017-06-12,22:00:00,44.347,44.505,44.307,44.505,3730052,0
2017-06-13,16:00:00,44.725,44.888,44.535,44.6,855470,0
2017-06-13,17:00:00,44.605,44.605,44.367,44.387,1820257,0
2017-06-13,18:00:00,44.377,44.447,44.277,44.442,1022174,0
2017-06-13,19:00:00,44.437,44.575,44.377,44.565,1017438,0
2017-06-13,20:00:00,44.555,44.695,44.495,44.535,1004803,0
2017-06-13,21:00:00,44.525,44.585,44.492,44.53,893000,0
2017-06-13,22:00:00,44.525,44.645,44.5,44.635,3264249,0
2017-06-14,16:00:00,44.813,44.933,44.655,44.913,1521933,0
2017-06-14,17:00:00,44.913,44.923,44.61,44.672,2005042,0
2017-06-14,18:00:00,44.665,44.888,44.645,44.843,1126774,0
2017-06-14,19:00:00,44.838,44.883,44.763,44.783,906775,0
2017-06-14,20:00:00,44.783,44.843,44.655,44.695,744076,0
2017-06-14,21:00:00,44.695,44.773,44.317,44.327,1662989,0
2017-06-14,22:00:00,44.337,44.495,44.144,44.467,3639587,0
2017-06-15,16:00:00,44.209,44.297,44.049,44.247,1345662,0
2017-06-15,17:00:00,44.247,44.337,44.029,44.199,1298275,0
2017-06-15,18:00:00,44.199,44.302,44.109,44.109,1168679,0
2017-06-15,19:00:00,44.109,44.397,44.079,44.382,946514,0
2017-06-15,20:00:00,44.387,44.417,44.297,44.327,837226,0
2017-06-15,21:00:00,44.331,44.472,44.317,44.427,864503,0
2017-06-15,22:00:00,44.427,44.467,44.307,44.337,2633831,0
2017-06-16,16:00:00,44.407,44.495,44.189,44.377,2553634,0
2017-06-16,17:00:00,44.377,44.492,44.272,44.492,941168,0
2017-06-16,18:00:00,44.494,44.685,44.377,44.685,1293316,0
2017-06-16,19:00:00,44.695,44.735,44.525,44.595,877752,0
2017-06-16,20:00:00,44.585,44.665,44.575,44.645,666503,0
2017-06-16,21:00:00,44.645,44.665,44.555,44.585,633972,0
2017-06-16,22:00:00,44.585,44.754,44.575,44.745,6850866,0
2017-06-19,16:00:00,44.923,45.051,44.863,44.913,1103064,0
2017-06-19,17:00:00,44.913,45.121,44.903,45.076,1539958,0
2017-06-19,18:00:00,45.081,45.141,45.012,45.131,944815,0
2017-06-19,19:00:00,45.131,45.27,45.121,45.171,1337926,0
2017-06-19,20:00:00,45.171,45.309,45.111,45.27,1895614,0
2017-06-19,21:00:00,45.27,45.319,45.206,45.275,1180696,0
2017-06-19,22:00:00,45.28,45.399,45.275,45.379,4079764,0
2017-06-20,16:00:00,45.409,45.776,45.251,45.747,2048577,0
2017-06-20,17:00:00,45.747,45.965,45.727,45.825,3021041,0
2017-06-20,18:00:00,45.825,45.855,45.687,45.747,1971670,0
2017-06-20,19:00:00,45.747,45.766,45.552,45.712,1236952,0
2017-06-20,20:00:00,45.712,45.727,45.607,45.647,862006,0
2017-06-20,21:00:00,45.637,45.667,45.538,45.607,1025649,0
2017-06-20,22:00:00,45.602,45.747,45.489,45.489,3964483,0
2017-06-21,16:00:00,45.796,46.063,45.727,45.771,2246857,0
2017-06-21,17:00:00,45.766,46.103,45.766,45.935,3178221,0
2017-06-21,18:00:00,45.935,46.074,45.855,46.064,2095832,0
2017-06-21,19:00:00,46.069,46.074,45.825,45.875,1590972,0
2017-06-21,20:00:00,45.88,46.044,45.84,46.009,1926570,0
2017-06-21,21:00:00,46.005,46.103,45.985,46.074,1845599,0
2017-06-21,22:00:00,46.069,46.183,45.845,45.975,7825226,0
2017-06-22,16:00:00,51.214,51.452,49.795,50.202,16639459,0
2017-06-22,17:00:00,50.203,50.56,49.934,50.302,9698985,0
2017-06-22,18:00:00,50.311,50.41,49.824,49.934,4907017,0
2017-06-22,19:00:00,49.934,50.152,49.776,50.039,4335254,0
2017-06-22,20:00:00,50.034,50.112,49.776,49.889,4264188,0
2017-06-22,21:00:00,49.884,50.112,49.844,49.999,4017880,0
2017-06-22,22:00:00,49.999,50.182,49.874,49.914,11898777,0
2017-06-23,16:00:00,49.854,50.46,49.686,50.455,4517339,0
2017-06-23,17:00:00,50.45,50.896,50.37,50.846,6103084,0
2017-06-23,18:00:00,50.843,51.086,50.836,51.051,3882416,0
2017-06-23,19:00:00,51.051,51.402,51.036,51.284,4233607,0
2017-06-23,20:00:00,51.284,51.437,51.184,51.284,2719398,0
2017-06-23,21:00:00,51.274,51.284,50.808,50.818,3309440,0
2017-06-23,22:00:00,50.823,50.856,50.41,50.56,14072424,0
2017-06-26,16:00:00,50.598,51.244,50.579,51.234,3464550,0
2017-06-26,17:00:00,51.243,51.304,50.778,50.926,4213739,0
2017-06-26,18:00:00,50.936,50.966,50.649,50.836,3038095,0
2017-06-26,19:00:00,50.836,50.866,50.758,50.788,1863905,0
2017-06-26,20:00:00,50.783,50.846,50.748,50.778,1674481,0
2017-06-26,21:00:00,50.773,50.788,50.618,50.698,1731846,0
2017-06-26,22:00:00,50.698,50.698,50.38,50.47,7645903,0
2017-06-27,16:00:00,50.36,50.46,50.132,50.4,1612810,0
2017-06-27,17:00:00,50.395,50.778,50.39,50.714,1830497,0
2017-06-27,18:00:00,50.708,50.886,50.678,50.866,1871415,0
2017-06-27,19:00:00,50.871,51.056,50.678,50.728,2447763,0
2017-06-27,20:00:00,50.728,50.768,50.39,50.53,1917641,0
2017-06-27,21:00:00,50.54,50.753,50.51,50.601,1887154,0
2017-06-27,22:00:00,50.598,50.648,50.36,50.36,4848288,0
2017-06-28,16:00:00,50.678,50.678,50.42,50.48,2510594,0
2017-06-28,17:00:00,50.48,50.698,50.46,50.658,2961265,0
2017-06-28,18:00:00,50.658,50.698,50.45,50.46,1289089,0
2017-06-28,19:00:00,50.46,50.658,50.45,50.643,1738288,0
2017-06-28,20:00:00,50.648,50.658,50.55,50.581,1050988,0
2017-06-28,21:00:00,50.588,50.608,50.45,50.455,1503018,0
2017-06-28,22:00:00,50.46,50.56,50.42,50.48,3751465,0
2017-06-29,16:00:00,50.37,50.48,50.252,50.297,1212681,0
2017-06-29,17:00:00,50.302,50.495,50.232,50.302,1788241,0
2017-06-29,18:00:00,50.302,50.33,49.844,49.954,1871250,0
2017-06-29,19:00:00,49.964,50.072,49.824,49.834,1499679,0
2017-06-29,20:00:00,49.834,49.914,49.596,49.844,1440689,0
2017-06-29,21:00:00,49.834,49.974,49.746,49.824,1397295,0
2017-06-29,22:00:00,49.824,49.994,49.805,49.815,4061310,0
2017-06-30,16:00:00,49.795,50.132,49.776,49.874,1148638,0
2017-06-30,17:00:00,49.879,50.048,49.795,49.934,1735432,0
2017-06-30,18:00:00,49.929,49.934,49.696,49.844,1375393,0
2017-06-30,19:00:00,49.849,49.959,49.824,49.924,1077944,0
2017-06-30,20:00:00,49.929,49.944,49.829,49.859,1040172,0
2017-06-30,21:00:00,49.859,50.043,49.815,50.014,1254353,0
2017-06-30,22:00:00,50.014,50.053,49.756,49.756,4418115,0
2017-07-03,16:00:00,49.666,49.706,49.328,49.517,2518503,0
2017-07-03,17:00:00,49.517,49.746,49.512,49.611,2019651,0
2017-07-03,18:00:00,49.596,49.626,49.308,49.418,1989345,0
2017-07-03,19:00:00,49.418,49.418,48.942,48.986,2686932,0
2017-07-03,20:00:00,48.991,48.991,48.972,48.982,816469,0
2017-07-05,16:00:00,49.418,49.527,49.031,49.473,2141737,0
2017-07-05,17:00:00,49.468,49.646,49.368,49.492,2530704,0
2017-07-05,18:00:00,49.488,49.576,49.318,49.328,2027670,0
2017-07-05,19:00:00,49.328,49.448,49.309,49.383,799820,0
2017-07-05,20:00:00,49.378,49.418,49.328,49.408,1001596,0
2017-07-05,21:00:00,49.412,49.438,49.21,49.215,1539115,0
2017-07-05,22:00:00,49.21,49.22,49.08,49.08,4837381,0
2017-07-06,16:00:00,48.872,49.041,48.773,48.842,1558576,0
2017-07-06,17:00:00,48.842,48.882,48.694,48.819,1970769,0
2017-07-06,18:00:00,48.822,48.857,48.723,48.754,1864113,0
2017-07-06,19:00:00,48.763,48.773,48.515,48.614,2082295,0
2017-07-06,20:00:00,48.609,48.723,48.554,48.559,1169765,0
2017-07-06,21:00:00,48.574,48.664,48.525,48.569,1374926,0
2017-07-06,22:00:00,48.574,48.634,48.396,48.475,3727008,0
2017-07-07,16:00:00,48.456,49.06,48.456,49.046,1523933,0
2017-07-07,17:00:00,49.041,49.046,48.892,48.907,1479993,0
2017-07-07,18:00:00,48.912,49.031,48.872,49.011,1417797,0
2017-07-07,19:00:00,49.011,49.041,48.962,48.996,751726,0
2017-07-07,20:00:00,48.991,49.021,48.952,48.986,970409,0
2017-07-07,21:00:00,48.989,49.016,48.922,48.991,1021977,0
2017-07-07,22:00:00,48.991,49.041,48.922,48.972,2615574,0
2017-07-10,16:00:00,48.892,49.167,48.842,48.982,1090027,0
2017-07-10,17:00:00,48.991,49.328,48.972,49.274,1663789,0
2017-07-10,18:00:00,49.269,49.328,49.23,49.328,1170578,0
2017-07-10,19:00:00,49.323,49.358,49.269,49.338,771421,0
2017-07-10,20:00:00,49.343,49.378,49.318,49.373,667115,0
2017-07-10,21:00:00,49.373,49.408,49.328,49.368,942535,0
2017-07-10,22:00:00,49.368,49.448,49.21,49.24,3326062,0
2017-07-11,16:00:00,49.15,49.388,49.031,49.309,1072381,0
2017-07-11,17:00:00,49.304,49.488,49.24,49.448,1676897,0
2017-07-11,18:00:00,49.452,49.478,49.19,49.383,1369307,0
2017-07-11,19:00:00,49.378,49.403,49.249,49.368,660581,0
2017-07-11,20:00:00,49.363,49.468,49.309,49.428,976953,0
2017-07-11,21:00:00,49.438,49.478,49.373,49.443,696099,0
2017-07-11,22:00:00,49.443,49.508,49.408,49.498,2631990,0
2017-07-12,16:00:00,49.636,50.004,49.576,49.849,2264008,0
2017-07-12,17:00:00,49.854,49.914,49.616,49.671,1783370,0
2017-07-12,18:00:00,49.671,49.824,49.666,49.819,1153109,0
2017-07-12,19:00:00,49.815,49.894,49.756,49.766,1054396,0
2017-07-12,20:00:00,49.77,49.884,49.716,49.869,998079,0
2017-07-12,21:00:00,49.869,49.984,49.844,49.964,1302124,0
2017-07-12,22:00:00,49.964,50.092,49.914,50.063,4720962,0
2017-07-13,16:00:00,50.162,50.287,50.072,50.142,1177414,0
2017-07-13,17:00:00,50.142,50.162,49.864,49.924,1595255,0
2017-07-13,18:00:00,49.934,50.112,49.904,50.107,1076454,0
2017-07-13,19:00:00,50.107,50.132,50.043,50.122,860246,0
2017-07-13,20:00:00,50.132,50.152,49.924,49.994,1311997,0
2017-07-13,21:00:00,49.994,50.014,49.889,49.949,1169833,0
2017-07-13,22:00:00,49.944,49.984,49.894,49.964,3613985,0
2017-07-14,16:00:00,49.884,50.112,49.884,50.004,534237,0
2017-07-14,17:00:00,50.004,50.077,49.979,50.053,1050392,0
2017-07-14,18:00:00,50.053,50.177,50.014,50.087,1186520,0
2017-07-14,19:00:00,50.082,50.192,50.043,50.152,876441,0
2017-07-14,20:00:00,50.156,50.222,50.132,50.202,1112580,0
2017-07-14,21:00:00,50.202,50.262,50.162,50.177,848297,0
2017-07-14,22:00:00,50.177,50.257,50.132,50.172,3212676,0
2017-07-17,16:00:00,50.112,50.262,50.043,50.197,976685,0
2017-07-17,17:00:00,50.197,50.322,50.152,50.292,1027148,0
2017-07-17,18:00:00,50.292,50.312,50.162,50.202,774269,0
2017-07-17,19:00:00,50.192,50.331,50.137,50.302,1048215,0
2017-07-17,20:00:00,50.302,50.381,50.282,50.302,595754,0
2017-07-17,21:00:00,50.302,50.322,50.222,50.232,521901,0
2017-07-17,22:00:00,50.242,50.262,50.192,50.242,2052381,0
2017-07-18,16:00:00,50.142,50.501,50.033,50.361,1576525,0
2017-07-18,17:00:00,50.361,50.371,50.212,50.267,2656931,0
2017-07-18,18:00:00,50.262,50.262,49.963,49.973,2028313,0
2017-07-18,19:00:00,49.973,50.152,49.973,50.068,1144230,0
2017-07-18,20:00:00,50.068,50.172,50.043,50.147,775423,0
2017-07-18,21:00:00,50.152,50.162,50.063,50.137,2165738,0
2017-07-18,22:00:00,50.132,50.292,50.122,50.252,2770935,0
2017-07-19,16:00:00,50.262,50.59,50.162,50.561,1094792,0
2017-07-19,17:00:00,50.561,50.8,50.521,50.73,2041674,0
2017-07-19,18:00:00,50.74,50.899,50.72,50.835,2045601,0
2017-07-19,19:00:00,50.839,50.894,50.65,50.77,1411625,0
2017-07-19,20:00:00,50.77,50.839,50.73,50.815,1030548,0
2017-07-19,21:00:00,50.815,50.839,50.73,50.77,1111647,0
2017-07-19,22:00:00,50.775,50.83,50.74,50.8,2996230,0
2017-07-20,16:00:00,50.939,50.989,50.635,50.79,732312,0
2017-07-20,17:00:00,50.785,50.889,50.67,50.839,1044924,0
2017-07-20,18:00:00,50.83,50.899,50.79,50.839,653523,0
2017-07-20,19:00:00,50.844,50.849,50.75,50.805,577247,0
2017-07-20,20:00:00,50.8,50.909,50.76,50.884,728368,0
2017-07-20,21:00:00,50.884,50.909,50.82,50.904,754435,0
2017-07-20,22:00:00,50.904,51.059,50.889,50.929,3795866,0
2017-07-21,16:00:00,50.67,50.949,50.561,50.595,1930881,0
2017-07-21,17:00:00,50.6,50.69,50.511,50.61,1448642,0
2017-07-21,18:00:00,50.615,50.69,50.59,50.69,724430,0
2017-07-21,19:00:00,50.7,50.74,50.64,50.655,707428,0
2017-07-21,20:00:00,50.655,50.705,50.501,50.571,554477,0
2017-07-21,21:00:00,50.576,50.59,50.451,50.536,659817,0
2017-07-21,22:00:00,50.536,50.61,50.506,50.6,1957269,0
2017-07-24,16:00:00,50.6,50.7,50.462,50.556,558205,0
2017-07-24,17:00:00,50.556,50.59,50.431,50.466,704389,0
2017-07-24,18:00:00,50.466,50.481,50.411,50.411,680882,0
2017-07-24,19:00:00,50.411,50.551,50.411,50.546,517725,0
2017-07-24,20:00:00,50.546,50.62,50.491,50.6,430081,0
2017-07-24,21:00:00,50.598,50.65,50.571,50.6,506857,0
2017-07-24,22:00:00,50.6,50.65,50.531,50.561,2912240,0
2017-07-25,16:00:00,50.71,50.82,50.59,50.815,672605,0
2017-07-25,17:00:00,50.82,50.839,50.7,50.765,613772,0
2017-07-25,18:00:00,50.765,50.874,50.75,50.834,677401,0
2017-07-25,19:00:00,50.839,50.889,50.83,50.879,487384,0
2017-07-25,20:00:00,50.874,50.949,50.859,50.944,433611,0
2017-07-25,21:00:00,50.939,51.029,50.899,50.989,888714,0
2017-07-25,22:00:00,50.979,50.989,50.929,50.969,3617288,0
2017-07-26,16:00:00,50.949,50.984,50.82,50.929,594406,0
2017-07-26,17:00:00,50.929,50.949,50.834,50.844,611375,0
2017-07-26,18:00:00,50.844,50.879,50.839,50.854,606358,0
2017-07-26,19:00:00,50.854,50.884,50.839,50.849,410327,0
2017-07-26,20:00:00,50.849,50.889,50.83,50.859,434413,0
2017-07-26,21:00:00,50.849,50.944,50.839,50.929,480486,0
2017-07-26,22:00:00,50.929,50.989,50.889,50.969,1915169,0
2017-07-27,16:00:00,51.098,51.158,50.939,50.964,913616,0
2017-07-27,17:00:00,50.959,51.039,50.839,51.009,1168195,0
2017-07-27,18:00:00,51.009,51.098,50.959,51.039,623306,0
2017-07-27,19:00:00,51.039,51.069,50.521,50.6,974540,0
2017-07-27,20:00:00,50.61,50.63,50.043,50.127,2879888,0
2017-07-27,21:00:00,50.132,50.312,49.993,50.172,2602526,0
2017-07-27,22:00:00,50.177,50.252,50.043,50.252,4989917,0
2017-07-28,16:00:00,49.993,50.262,49.893,50.033,1169369,0
2017-07-28,17:00:00,50.023,50.132,49.843,50.028,1647402,0
2017-07-28,18:00:00,50.033,50.252,50.023,50.237,884445,0
2017-07-28,19:00:00,50.242,50.292,50.182,50.212,1061559,0
2017-07-28,20:00:00,50.222,50.222,50.067,50.107,642700,0
2017-07-28,21:00:00,50.112,50.182,50.092,50.162,594874,0
2017-07-28,22:00:00,50.162,50.182,50.072,50.102,2310406,0
2017-07-31,16:00:00,50.282,50.302,49.953,49.957,718204,0
2017-07-31,17:00:00,49.963,50.122,49.923,50.013,805856,0
2017-07-31,18:00:00,50.013,50.112,50.013,50.013,701157,0
2017-07-31,19:00:00,50.013,50.048,49.933,49.993,622112,0
2017-07-31,20:00:00,49.993,50.013,49.903,49.935,521176,0
2017-07-31,21:00:00,49.943,50.003,49.833,49.843,984598,0
2017-07-31,22:00:00,49.843,49.868,49.699,49.734,4934381,0
2017-08-01,16:00:00,49.953,50.003,49.624,49.833,668386,0
2017-08-01,17:00:00,49.828,49.973,49.794,49.893,773109,0
2017-08-01,18:00:00,49.903,49.933,49.759,49.863,675931,0
2017-08-01,19:00:00,49.863,50.023,49.843,49.973,676656,0
2017-08-01,20:00:00,49.978,50.023,49.953,49.978,413365,0
2017-08-01,21:00:00,49.978,49.983,49.893,49.928,464175,0
2017-08-01,22:00:00,49.923,49.973,49.888,49.963,1599056,0
2017-08-02,16:00:00,50.063,50.112,49.734,49.794,702467,0
2017-08-02,17:00:00,49.794,49.863,49.594,49.619,863528,0
2017-08-02,18:00:00,49.624,49.634,49.485,49.53,946037,0
2017-08-02,19:00:00,49.535,49.545,49.465,49.525,438337,0
2017-08-02,20:00:00,49.52,49.629,49.445,49.545,969890,0
2017-08-02,21:00:00,49.55,49.56,49.385,49.535,1042373,0
2017-08-02,22:00:00,49.535,49.584,49.465,49.574,2813767,0
2017-08-03,16:00:00,49.724,49.823,49.53,49.754,582296,0
2017-08-03,17:00:00,49.744,49.853,49.684,49.809,1010513,0
2017-08-03,18:00:00,49.794,49.913,49.764,49.878,884235,0
2017-08-03,19:00:00,49.883,50.102,49.873,49.963,1048179,0
2017-08-03,20:00:00,49.968,50.112,49.963,50.102,981327,0
2017-08-03,21:00:00,50.102,50.212,50.023,50.147,1168767,0
2017-08-03,22:00:00,50.142,50.152,49.933,50.033,3077634,0
2017-08-04,16:00:00,49.983,50.013,49.724,49.729,839765,0
2017-08-04,17:00:00,49.724,49.903,49.674,49.793,972203,0
2017-08-04,18:00:00,49.794,49.853,49.714,49.838,975359,0
2017-08-04,19:00:00,49.838,49.843,49.669,49.714,641732,0
2017-08-04,20:00:00,49.714,49.804,49.714,49.779,433685,0
2017-08-04,21:00:00,49.779,49.804,49.734,49.774,533472,0
2017-08-04,22:00:00,49.774,49.804,49.729,49.764,2231059,0
2017-08-07,16:00:00,49.804,49.893,49.654,49.699,424580,0
2017-08-07,17:00:00,49.699,49.704,49.604,49.619,491592,0
2017-08-07,18:00:00,49.619,49.654,49.574,49.574,606845,0
2017-08-07,19:00:00,49.584,49.594,49.525,49.525,593811,0
2017-08-07,20:00:00,49.525,49.535,49.43,49.467,850876,0
2017-08-07,21:00:00,49.465,49.475,49.345,49.355,1073669,0
2017-08-07,22:00:00,49.36,49.445,49.33,49.445,3397536,0
2017-08-08,16:00:00,49.345,49.629,49.246,49.584,546893,0
2017-08-08,17:00:00,49.579,49.614,49.435,49.525,1101866,0
2017-08-08,18:00:00,49.525,49.525,49.325,49.41,1288170,0
2017-08-08,19:00:00,49.405,49.465,49.375,49.4,2116738,0
2017-08-08,20:00:00,49.4,49.415,49.246,49.325,1460116,0
2017-08-08,21:00:00,49.325,49.355,49.057,49.057,1545965,0
2017-08-08,22:00:00,49.061,49.096,48.778,48.907,5106653,0
2017-08-09,16:00:00,48.788,49.196,48.778,48.972,1464615,0
2017-08-09,17:00:00,48.977,49.022,48.837,48.867,2103276,0
2017-08-09,18:00:00,48.872,48.917,48.768,48.847,1433899,0
2017-08-09,19:00:00,48.847,48.897,48.698,48.703,1491284,0
2017-08-09,20:00:00,48.698,48.778,48.688,48.728,1244372,0
2017-08-09,21:00:00,48.738,48.738,48.668,48.698,1644846,0
2017-08-09,22:00:00,48.688,48.887,48.678,48.867,4445909,0
2017-08-10,16:00:00,48.768,48.768,48.419,48.558,829074,0
2017-08-10,17:00:00,48.568,48.578,48.339,48.524,2153442,0
2017-08-10,18:00:00,48.519,48.573,48.334,48.389,970679,0
2017-08-10,19:00:00,48.384,48.389,48.1,48.22,1472301,0
2017-08-10,20:00:00,48.215,48.359,48.21,48.27,1198137,0
2017-08-10,21:00:00,48.275,48.404,48.195,48.23,1341591,0
2017-08-10,22:00:00,48.23,48.26,47.861,47.911,4412989,0
2017-08-11,16:00:00,47.991,48.07,47.791,47.901,1512994,0
2017-08-11,17:00:00,47.901,48.15,47.871,48.099,2611652,0
2017-08-11,18:00:00,48.095,48.11,47.961,48.11,1150472,0
2017-08-11,19:00:00,48.11,48.195,48.07,48.135,1111123,0
2017-08-11,20:00:00,48.14,48.245,48.1,48.205,775311,0
2017-08-11,21:00:00,48.2,48.24,48.105,48.125,966980,0
2017-08-11,22:00:00,48.125,48.155,48.031,48.05,2631560,0
2017-08-14,16:00:00,48.29,48.733,48.28,48.718,729033,0
2017-08-14,17:00:00,48.718,48.768,48.618,48.638,849825,0
2017-08-14,18:00:00,48.638,48.758,48.459,48.509,1557041,0
2017-08-14,19:00:00,48.509,48.628,48.509,48.593,570227,0
2017-08-14,20:00:00,48.598,48.668,48.539,48.603,635747,0
2017-08-14,21:00:00,48.608,48.638,48.534,48.588,867173,0
2017-08-14,22:00:00,48.588,48.708,48.549,48.658,2585554,0
2017-08-15,16:00:00,48.698,48.867,48.598,48.738,1129025,0
2017-08-15,17:00:00,48.728,48.788,48.578,48.748,1217048,0
2017-08-15,18:00:00,48.758,48.817,48.648,48.663,837844,0
2017-08-15,19:00:00,48.668,48.758,48.668,48.698,641090,0
2017-08-15,20:00:00,48.708,48.708,48.618,48.683,743490,0
2017-08-15,21:00:00,48.683,48.688,48.638,48.668,994997,0
2017-08-15,22:00:00,48.663,48.718,48.628,48.638,2873046,0
2017-08-16,16:00:00,48.778,48.837,48.613,48.668,535183,0
2017-08-16,17:00:00,48.668,48.698,48.598,48.599,1608307,0
2017-08-16,18:00:00,48.598,48.827,48.568,48.778,1150015,0
2017-08-16,19:00:00,48.783,49.052,48.778,48.982,1430799,0
2017-08-16,20:00:00,48.982,49.052,48.947,49.037,891482,0
2017-08-16,21:00:00,49.037,49.121,48.807,48.967,1116133,0
2017-08-16,22:00:00,48.967,49.086,48.957,49.057,2611207,0
2017-08-17,16:00:00,48.977,49.116,48.897,48.977,581957,0
2017-08-17,17:00:00,48.972,48.977,48.673,48.798,1164704,0
2017-08-17,18:00:00,48.798,48.867,48.728,48.788,717054,0
2017-08-17,19:00:00,48.788,48.842,48.608,48.633,1081441,0
2017-08-17,20:00:00,48.628,48.708,48.558,48.608,1027974,0
2017-08-17,21:00:00,48.608,48.693,48.568,48.588,1168882,0
2017-08-17,22:00:00,48.593,48.593,48.359,48.359,3165074,0
2017-08-18,16:00:00,48.26,48.399,48.12,48.19,1326062,0
2017-08-18,17:00:00,48.2,48.459,48.195,48.389,881178,0
2017-08-18,18:00:00,48.399,48.549,48.26,48.539,825927,0
2017-08-18,19:00:00,48.539,48.688,48.439,48.618,710451,0
2017-08-18,20:00:00,48.618,48.683,48.499,48.499,683104,0
2017-08-18,21:00:00,48.499,48.568,48.469,48.499,794831,0
2017-08-18,22:00:00,48.499,48.608,48.369,48.429,4336245,0
2017-08-21,16:00:00,48.459,48.529,48.349,48.444,611098,0
2017-08-21,17:00:00,48.439,48.613,48.359,48.539,1164089,0
2017-08-21,18:00:00,48.539,48.758,48.499,48.688,665056,0
2017-08-21,19:00:00,48.697,48.708,48.588,48.658,598697,0
2017-08-21,20:00:00,48.658,48.738,48.618,48.648,444133,0
2017-08-21,21:00:00,48.648,48.683,48.598,48.653,734847,0
2017-08-21,22:00:00,48.658,48.768,48.558,48.708,1933651,0
2017-08-22,16:00:00,48.927,49.047,48.807,48.897,636061,0
2017-08-22,17:00:00,48.902,49.086,48.872,49.057,1328672,0
2017-08-22,18:00:00,49.066,49.091,48.947,49.066,1009514,0
2017-08-22,19:00:00,49.076,49.146,48.997,49.135,1076682,0
2017-08-22,20:00:00,49.126,49.146,49.047,49.071,631279,0
2017-08-22,21:00:00,49.071,49.151,49.057,49.136,867345,0
2017-08-22,22:00:00,49.136,49.156,49.066,49.066,2675738,0
2017-08-23,16:00:00,48.867,49.236,48.837,49.231,722975,0
2017-08-23,17:00:00,49.226,49.236,48.972,48.982,1138079,0
2017-08-23,18:00:00,48.977,49.027,48.907,48.937,619282,0
2017-08-23,19:00:00,48.942,48.957,48.857,48.877,416519,0
2017-08-23,20:00:00,48.872,48.887,48.748,48.822,495742,0
2017-08-23,21:00:00,48.822,48.977,48.812,48.927,915970,0
2017-08-23,22:00:00,48.932,48.987,48.877,48.877,2001680,0
2017-08-24,16:00:00,48.877,48.937,48.788,48.803,632512,0
2017-08-24,17:00:00,48.803,49.007,48.688,48.947,719488,0
2017-08-24,18:00:00,48.942,48.972,48.788,48.877,739075,0
2017-08-24,19:00:00,48.867,48.922,48.822,48.887,472549,0
2017-08-24,20:00:00,48.887,49.063,48.877,49.007,834160,0
2017-08-24,21:00:00,49.012,49.027,48.962,49.003,730026,0
2017-08-24,22:00:00,48.997,49.047,48.917,48.997,2811042,0
2017-08-25,16:00:00,49.246,49.246,49.027,49.176,986003,0
2017-08-25,17:00:00,49.171,49.245,49.096,49.096,1157381,0
2017-08-25,18:00:00,49.091,49.126,48.957,49.057,753428,0
2017-08-25,19:00:00,49.057,49.111,49.007,49.022,477360,0
2017-08-25,20:00:00,49.017,49.116,49.017,49.057,425109,0
2017-08-25,21:00:00,49.052,49.116,49.037,49.104,557549,0
2017-08-25,22:00:00,49.096,49.156,49.022,49.047,2580887,0
2017-08-28,16:00:00,49.196,49.196,48.947,48.977,673332,0
2017-08-28,17:00:00,48.972,49.057,48.937,49.007,656541,0
2017-08-28,18:00:00,49.012,49.066,48.982,48.987,475474,0
2017-08-28,19:00:00,48.987,49.007,48.847,48.892,350177,0
2017-08-28,20:00:00,48.894,48.983,48.892,48.982,431593,0
2017-08-28,21:00:00,48.977,49.126,48.967,49.111,635080,0
2017-08-28,22:00:00,49.111,49.126,48.997,49.047,2045453,0
2017-08-29,16:00:00,48.688,48.942,48.558,48.922,497823,0
2017-08-29,17:00:00,48.927,49.126,48.902,49.066,669249,0
2017-08-29,18:00:00,49.066,49.136,49.047,49.096,759828,0
2017-08-29,19:00:00,49.096,49.106,49.057,49.076,355485,0
2017-08-29,20:00:00,49.086,49.281,49.086,49.261,750365,0
2017-08-29,21:00:00,49.261,49.345,49.24,49.335,629085,0
2017-08-29,22:00:00,49.335,49.375,49.246,49.256,3152654,0
2017-08-30,16:00:00,49.306,49.395,49.166,49.365,465316,0
2017-08-30,17:00:00,49.365,49.365,49.246,49.335,630206,0
2017-08-30,18:00:00,49.335,49.405,49.296,49.355,697276,0
2017-08-30,19:00:00,49.36,49.51,49.339,49.5,448213,0
2017-08-30,20:00:00,49.495,49.609,49.485,49.579,545041,0
2017-08-30,21:00:00,49.584,49.754,49.555,49.714,1192700,0
2017-08-30,22:00:00,49.714,49.714,49.535,49.604,2375025,0
2017-08-31,16:00:00,49.684,49.933,49.644,49.928,1052333,0
2017-08-31,17:00:00,49.928,50.013,49.883,49.983,1163173,0
2017-08-31,18:00:00,49.973,50.043,49.937,50.038,947760,0
2017-08-31,19:00:00,50.038,50.053,49.963,49.963,1003034,0
2017-08-31,20:00:00,49.953,50.043,49.953,50.043,700181,0
2017-08-31,21:00:00,50.033,50.147,50.023,50.117,1081295,0
2017-08-31,22:00:00,50.117,50.317,50.053,50.132,5656216,0
2017-09-01,16:00:00,50.152,50.551,50.152,50.282,1412814,0
2017-09-01,17:00:00,50.287,50.391,50.192,50.371,1115389,0
2017-09-01,18:00:00,50.361,50.516,50.326,50.511,1123801,0
2017-09-01,19:00:00,50.511,50.541,50.441,50.501,770758,0
2017-09-01,20:00:00,50.496,50.511,50.441,50.461,537697,0
2017-09-01,21:00:00,50.461,50.68,50.451,50.61,1166440,0
2017-09-01,22:00:00,50.615,50.615,50.411,50.421,1966174,0
2017-09-05,16:00:00,50.331,50.849,50.331,50.849,1782941,0
2017-09-05,17:00:00,50.844,50.879,50.64,50.64,2032428,0
2017-09-05,18:00:00,50.64,50.7,50.471,50.7,1359010,0
2017-09-05,19:00:00,50.695,50.7,50.391,50.436,1407568,0
2017-09-05,20:00:00,50.431,50.521,50.272,50.511,1425027,0
2017-09-05,21:00:00,50.511,50.68,50.501,50.655,1101066,0
2017-09-05,22:00:00,50.655,50.76,50.6,50.73,4291144,0
2017-09-06,16:00:00,50.879,50.949,50.8,50.949,1135387,0
2017-09-06,17:00:00,50.949,51.024,50.839,50.969,1697893,0
2017-09-06,18:00:00,50.949,50.964,50.859,50.904,823645,0
2017-09-06,19:00:00,50.899,50.909,50.72,50.735,959842,0
2017-09-06,20:00:00,50.735,50.8,50.595,50.8,4180279,0
2017-09-06,21:00:00,50.795,50.889,50.79,50.854,825768,0
2017-09-06,22:00:00,50.854,50.899,50.75,50.81,3858495,0
2017-09-07,16:00:00,50.989,51.218,50.83,51.113,1099362,0
2017-09-07,17:00:00,51.113,51.487,51.019,51.347,1775053,0
2017-09-07,18:00:00,51.347,51.577,51.308,51.323,1424305,0
2017-09-07,19:00:00,51.318,51.447,51.298,51.367,1218511,0
2017-09-07,20:00:00,51.367,51.507,51.347,51.487,793948,0
2017-09-07,21:00:00,51.487,51.522,51.347,51.392,706127,0
2017-09-07,22:00:00,51.392,51.527,51.328,51.527,3538328,0
2017-09-08,16:00:00,51.596,51.616,51.392,51.452,616337,0
2017-09-08,17:00:00,51.462,51.502,51.178,51.437,1536030,0
2017-09-08,18:00:00,51.427,51.547,51.407,51.522,754065,0
2017-09-08,19:00:00,51.527,51.587,51.477,51.547,708635,0
2017-09-08,20:00:00,51.557,51.616,51.547,51.606,1001085,0
2017-09-08,21:00:00,51.606,51.676,51.507,51.527,1466626,0
2017-09-08,22:00:00,51.527,51.554,51.367,51.377,3175324,0
2017-09-11,16:00:00,51.676,52.214,51.606,52.154,1821718,0
2017-09-11,17:00:00,52.154,52.294,52.114,52.124,1853636,0
2017-09-11,18:00:00,52.129,52.179,51.97,52.109,1411552,0
2017-09-11,19:00:00,52.104,52.294,52.075,52.279,1542910,0
2017-09-11,20:00:00,52.274,52.393,52.274,52.388,1362716,0
2017-09-11,21:00:00,52.393,52.403,52.284,52.284,1115542,0
2017-09-11,22:00:00,52.274,52.353,52.254,52.284,4948118,0
2017-09-12,16:00:00,52.433,52.682,52.383,52.493,1868993,0
2017-09-12,17:00:00,52.493,52.543,52.264,52.284,2007863,0
2017-09-12,18:00:00,52.279,52.488,52.279,52.334,1152719,0
2017-09-12,19:00:00,52.334,52.503,52.314,52.483,1075571,0
2017-09-12,20:00:00,52.483,52.652,52.473,52.603,1016075,0
2017-09-12,21:00:00,52.603,52.622,52.393,52.403,1215394,0
2017-09-12,22:00:00,52.403,52.603,52.344,52.563,3853811,0
2017-09-13,16:00:00,52.314,52.599,52.244,52.51,1606066,0
2017-09-13,17:00:00,52.508,52.662,52.463,52.612,2355771,0
2017-09-13,18:00:00,52.613,52.772,52.453,52.463,1638412,0
2017-09-13,19:00:00,52.463,52.622,52.443,52.558,1525564,0
2017-09-13,20:00:00,52.558,52.573,52.463,52.463,859601,0
2017-09-13,21:00:00,52.463,52.483,52.383,52.413,1168717,0
2017-09-13,22:00:00,52.413,52.593,52.403,52.593,3995865,0
2017-09-14,16:00:00,52.553,52.612,52.114,52.463,2247885,0
2017-09-14,17:00:00,52.463,52.931,52.458,52.543,2613429,0
2017-09-14,18:00:00,52.543,52.652,52.463,52.583,1532591,0
2017-09-14,19:00:00,52.583,52.583,52.358,52.533,1289531,0
2017-09-14,20:00:00,52.528,52.543,52.398,52.468,1123937,0
2017-09-14,21:00:00,52.473,52.682,52.403,52.573,1808667,0
2017-09-14,22:00:00,52.563,52.712,52.533,52.583,6722359,0
2017-09-15,16:00:00,50.451,50.501,49.315,49.445,12913886,0
2017-09-15,17:00:00,49.445,49.495,48.957,48.957,9386339,0
2017-09-15,18:00:00,48.957,49.375,48.907,49.226,6048325,0
2017-09-15,19:00:00,49.221,49.223,48.907,48.91,3829415,0
2017-09-15,20:00:00,48.917,48.957,48.728,48.728,4376911,0
2017-09-15,21:00:00,48.728,48.882,48.593,48.867,5969437,0
2017-09-15,22:00:00,48.862,48.917,48.29,48.549,19397481,0
2017-09-18,16:00:00,48.688,48.867,48.329,48.384,3541851,0
2017-09-18,17:00:00,48.394,48.678,48.18,48.19,5104667,0
2017-09-18,18:00:00,48.19,48.349,48.11,48.25,3404024,0
2017-09-18,19:00:00,48.245,48.299,48.041,48.041,2497991,0
2017-09-18,20:00:00,48.041,48.07,47.931,48.001,2370394,0
2017-09-18,21:00:00,48.001,48.08,47.951,47.981,2692196,0
2017-09-18,22:00:00,47.971,48.18,47.901,48.14,7965098,0
2017-09-19,16:00:00,48.299,48.309,47.851,48.25,3232347,0
2017-09-19,17:00:00,48.24,48.28,48.1,48.215,3171877,0
2017-09-19,18:00:00,48.215,48.22,47.951,48.051,1908214,0
2017-09-19,19:00:00,48.06,48.15,47.901,47.941,2016121,0
2017-09-19,20:00:00,47.944,47.951,47.692,47.856,2641229,0
2017-09-19,21:00:00,47.856,47.968,47.791,47.881,2185802,0
2017-09-19,22:00:00,47.881,47.941,47.811,47.851,6172435,0
2017-09-20,16:00:00,47.811,48.001,47.742,47.811,1625784,0
2017-09-20,17:00:00,47.806,47.861,47.542,47.547,2687834,0
2017-09-20,18:00:00,47.547,47.652,47.503,47.617,2149735,0
2017-09-20,19:00:00,47.622,47.991,47.617,47.908,2001276,0
2017-09-20,20:00:00,47.906,47.931,47.841,47.881,1287694,0
2017-09-20,21:00:00,47.871,47.901,47.672,47.782,2278516,0
2017-09-20,22:00:00,47.782,47.851,47.712,47.782,7982183,0
2017-09-21,16:00:00,47.632,48.001,47.632,47.931,2514069,0
2017-09-21,17:00:00,47.931,47.987,47.782,47.936,2034259,0
2017-09-21,18:00:00,47.941,47.951,47.811,47.811,1432085,0
2017-09-21,19:00:00,47.821,47.951,47.791,47.791,1652960,0
2017-09-21,20:00:00,47.801,47.881,47.792,47.871,1460129,0
2017-09-21,21:00:00,47.871,47.901,47.801,47.846,1664242,0
2017-09-21,22:00:00,47.851,47.906,47.742,47.782,3777788,0
2017-09-22,16:00:00,47.732,48.16,47.732,48.031,2605883,0
2017-09-22,17:00:00,48.041,48.235,47.921,47.956,2286508,0
2017-09-22,18:00:00,47.951,48.1,47.931,48.07,1325892,0
2017-09-22,19:00:00,48.07,48.1,48.011,48.05,1625131,0
2017-09-22,20:00:00,48.05,48.08,47.991,48.001,954792,0
2017-09-22,21:00:00,48.006,48.021,47.886,47.986,1421839,0
2017-09-22,22:00:00,47.981,48.06,47.904,47.971,4318329,0
2017-09-25,16:00:00,48.329,48.349,47.891,47.951,1901609,0
2017-09-25,17:00:00,47.951,48.011,47.572,47.602,2191327,0
2017-09-25,18:00:00,47.597,47.821,47.453,47.737,2177610,0
2017-09-25,19:00:00,47.742,47.861,47.652,47.811,1550926,0
2017-09-25,20:00:00,47.801,47.861,47.772,47.841,1288425,0
2017-09-25,21:00:00,47.841,47.861,47.717,47.777,1155498,0
2017-09-25,22:00:00,47.772,47.851,47.737,47.782,4164118,0
2017-09-26,16:00:00,47.911,48.021,47.702,47.896,2358488,0
2017-09-26,17:00:00,47.896,48.011,47.801,47.841,2061465,0
2017-09-26,18:00:00,47.841,47.841,47.712,47.732,2933785,0
2017-09-26,19:00:00,47.742,47.811,47.712,47.767,1988218,0
2017-09-26,20:00:00,47.767,47.841,47.742,47.787,2702218,0
2017-09-26,21:00:00,47.787,47.816,47.747,47.772,1489537,0
2017-09-26,22:00:00,47.762,47.831,47.702,47.732,4399985,0
2017-09-27,16:00:00,47.861,48.08,47.801,47.931,1231997,0
2017-09-27,17:00:00,47.921,47.981,47.811,47.831,2377549,0
2017-09-27,18:00:00,47.836,47.921,47.762,47.901,1227931,0
2017-09-27,19:00:00,47.901,47.921,47.821,47.911,870201,0
2017-09-27,20:00:00,47.916,47.941,47.866,47.911,915776,0
2017-09-27,21:00:00,47.921,48.07,47.896,48.031,2412792,0
2017-09-27,22:00:00,48.031,48.17,47.951,47.971,4378259,0
2017-09-28,16:00:00,48.011,48.06,47.816,48.011,1009785,0
2017-09-28,17:00:00,48.011,48.06,47.911,47.981,2104423,0
2017-09-28,18:00:00,47.986,48.021,47.921,47.931,1245448,0
2017-09-28,19:00:00,47.931,48.021,47.921,47.981,1278609,0
2017-09-28,20:00:00,47.991,48.021,47.971,47.981,945558,0
2017-09-28,21:00:00,47.981,48.06,47.941,47.946,1478096,0
2017-09-28,22:00:00,47.941,47.993,47.841,47.891,3862512,0
2017-09-29,16:00:00,48.001,48.558,47.981,48.349,5598824,0
2017-09-29,17:00:00,48.344,48.369,48.16,48.165,3946118,0
2017-09-29,18:00:00,48.17,48.205,47.772,47.891,18467678,0
2017-09-29,19:00:00,47.891,48.21,47.841,48.117,3408502,0
2017-09-29,20:00:00,48.11,48.12,47.951,47.971,1853284,0
2017-09-29,21:00:00,47.966,48.145,47.961,48.07,2426136,0
2017-09-29,22:00:00,48.075,48.265,48.001,48.16,7892002,0
2017-10-02,16:00:00,48.529,48.788,48.479,48.654,3374335,0
2017-10-02,17:00:00,48.648,48.807,48.549,48.628,4157157,0
2017-10-02,18:00:00,48.623,48.638,48.429,48.454,2282428,0
2017-10-02,19:00:00,48.45,48.499,48.379,48.489,1814488,0
2017-10-02,20:00:00,48.484,48.509,48.439,48.458,1400516,0
2017-10-02,21:00:00,48.459,48.608,48.414,48.578,6427440,0
2017-10-02,22:00:00,48.578,48.708,48.549,48.608,4718984,0
2017-10-03,16:00:00,48.758,48.768,48.439,48.539,1365351,0
2017-10-03,17:00:00,48.529,48.529,48.349,48.369,1787001,0
2017-10-03,18:00:00,48.359,48.578,48.354,48.549,1810292,0
2017-10-03,19:00:00,48.545,48.718,48.545,48.658,1083524,0
2017-10-03,20:00:00,48.658,48.688,48.608,48.628,1019607,0
2017-10-03,21:00:00,48.633,48.638,48.568,48.588,1507034,0
2017-10-03,22:00:00,48.588,48.608,48.449,48.499,3329101,0
2017-10-04,16:00:00,48.798,48.847,48.618,48.718,2173736,0
2017-10-04,17:00:00,48.718,48.728,48.568,48.653,1629802,0
2017-10-04,18:00:00,48.653,48.827,48.618,48.758,1429800,0
2017-10-04,19:00:00,48.758,48.997,48.753,48.788,1703422,0
2017-10-04,20:00:00,48.798,48.85,48.678,48.748,1464387,0
2017-10-04,21:00:00,48.741,48.778,48.678,48.733,1217226,0
2017-10-04,22:00:00,48.728,48.788,48.598,48.708,4267312,0
2017-10-05,16:00:00,48.768,48.817,48.409,48.429,817970,0
2017-10-05,17:00:00,48.429,48.583,48.309,48.459,2291163,0
2017-10-05,18:00:00,48.464,48.648,48.459,48.648,1141877,0
2017-10-05,19:00:00,48.648,48.698,48.549,48.587,982359,0
2017-10-05,20:00:00,48.588,48.683,48.568,48.593,888012,0
2017-10-05,21:00:00,48.592,48.837,48.578,48.788,1835263,0
2017-10-05,22:00:00,48.798,48.807,48.673,48.718,4306473,0
2017-10-06,16:00:00,48.449,48.509,48.031,48.21,2915872,0
2017-10-06,17:00:00,48.215,48.469,48.21,48.329,2460546,0
2017-10-06,18:00:00,48.329,48.419,48.309,48.334,967199,0
2017-10-06,19:00:00,48.334,48.419,48.29,48.29,1106441,0
2017-10-06,20:00:00,48.29,48.309,48.11,48.12,1383949,0
2017-10-06,21:00:00,48.11,48.16,48.08,48.12,1415474,0
2017-10-06,22:00:00,48.115,48.21,48.05,48.21,4878121,0
2017-10-09,17:00:00,48.06,48.22,48.041,48.2,522186,0
2017-10-09,18:00:00,48.21,48.379,48.18,48.21,1174113,0
2017-10-09,19:00:00,48.2,48.25,48.1,48.18,1303663,0
2017-10-09,20:00:00,48.185,48.2,48.14,48.15,715964,0
2017-10-09,21:00:00,48.15,48.18,48.1,48.1,829559,0
2017-10-09,22:00:00,48.1,48.17,48.045,48.17,3063778,0
2017-10-10,16:00:00,48.16,48.46,48.16,48.34,1627879,0
2017-10-10,17:00:00,48.34,48.34,48.14,48.2,1792411,0
2017-10-10,18:00:00,48.2,48.215,48.08,48.115,1194374,0
2017-10-10,19:00:00,48.11,48.15,48,48.12,1609572,0
2017-10-10,20:00:00,48.121,48.31,48.12,48.18,1345120,0
2017-10-10,21:00:00,48.185,48.22,48.13,48.18,1317362,0
2017-10-10,22:00:00,48.18,48.25,48.15,48.21,4802832,0
2017-10-11,16:00:00,48.16,48.47,48.16,48.4,1256729,0
2017-10-11,17:00:00,48.4,48.42,48.285,48.375,1606052,0
2017-10-11,18:00:00,48.375,48.4,48.28,48.315,1498186,0
2017-10-11,19:00:00,48.32,48.39,48.24,48.2568,924053,0
2017-10-11,20:00:00,48.25,48.3,48.21,48.26,762591,0
2017-10-11,21:00:00,48.26,48.32,48.18,48.19,898049,0
2017-10-11,22:00:00,48.19,48.35,48.17,48.28,4133554,0
2017-10-12,16:00:00,48.27,48.47,48.26,48.37,1023169,0
2017-10-12,17:00:00,48.37,48.48,48.355,48.39,1460344,0
2017-10-12,18:00:00,48.39,48.41,48.25,48.265,1224752,0
2017-10-12,19:00:00,48.265,48.37,48.26,48.33,1018426,0
2017-10-12,20:00:00,48.32,48.38,48.29,48.295,1072454,0
2017-10-12,21:00:00,48.295,48.33,48.23,48.28,1545418,0
2017-10-12,22:00:00,48.275,48.31,48.11,48.23,3412976,0
2017-10-13,16:00:00,48.37,48.53,48.33,48.47,905137,0
2017-10-13,17:00:00,48.47,48.47,48.33,48.435,1240644,0
2017-10-13,18:00:00,48.44,48.51,48.37,48.5,815551,0
2017-10-13,19:00:00,48.5,48.56,48.45,48.555,856302,0
2017-10-13,20:00:00,48.55,48.67,48.54,48.605,816101,0
2017-10-13,21:00:00,48.6,48.69,48.57,48.655,930179,0
2017-10-13,22:00:00,48.655,48.71,48.54,48.61,3381431,0
2017-10-16,16:00:00,48.61,48.83,48.61,48.655,768398,0
2017-10-16,17:00:00,48.65,48.66,48.49,48.635,1006666,0
2017-10-16,18:00:00,48.635,48.76,48.59,48.645,949426,0
2017-10-16,19:00:00,48.645,48.8,48.64,48.795,914223,0
2017-10-16,20:00:00,48.79,48.91,48.76,48.855,794789,0
2017-10-16,21:00:00,48.855,48.91,48.79,48.835,1213452,0
2017-10-16,22:00:00,48.835,48.88,48.785,48.86,2955511,0
2017-10-17,16:00:00,48.82,48.98,48.71,48.97,865755,0
2017-10-17,17:00:00,48.97,49.0593,48.93,48.99,1824805,0
2017-10-17,18:00:00,48.985,49.24,48.98,49.24,1720368,0
2017-10-17,19:00:00,49.24,49.3,49.135,49.15,1430278,0
2017-10-17,20:00:00,49.15,49.25,49.095,49.244,995284,0
2017-10-17,21:00:00,49.24,49.26,49.14,49.15,1031036,0
2017-10-17,22:00:00,49.155,49.24,49.14,49.19,3471910,0
2017-10-18,16:00:00,49.5,49.76,49.34,49.395,1649697,0
2017-10-18,17:00:00,49.395,49.42,49.16,49.305,1307951,0
2017-10-18,18:00:00,49.3,49.51,49.2,49.43,1630689,0
2017-10-18,19:00:00,49.43,49.695,49.42,49.6243,1344209,0
2017-10-18,20:00:00,49.63,49.65,49.4907,49.565,1009096,0
2017-10-18,21:00:00,49.565,49.64,49.53,49.62,1199175,0
2017-10-18,22:00:00,49.62,49.69,49.57,49.58,3084998,0
2017-10-19,16:00:00,49.44,49.67,49.35,49.52,789816,0
2017-10-19,17:00:00,49.515,49.56,49.4,49.475,1461804,0
2017-10-19,18:00:00,49.48,49.48,49.335,49.395,932766,0
2017-10-19,19:00:00,49.3911,49.4,49.23,49.32,977755,0
2017-10-19,20:00:00,49.33,49.4,49.24,49.26,767070,0
2017-10-19,21:00:00,49.265,49.31,49.19,49.26,1020986,0
2017-10-19,22:00:00,49.26,49.37,49.255,49.35,3339928,0
2017-10-20,16:00:00,49.61,49.79,49.44,49.45,1707830,0
2017-10-20,17:00:00,49.445,49.46,49.16,49.271,1913922,0
2017-10-20,18:00:00,49.28,49.37,49.24,49.3486,890455,0
2017-10-20,19:00:00,49.35,49.4,49.31,49.365,674653,0
2017-10-20,20:00:00,49.37,49.435,49.32,49.395,825327,0
2017-10-20,21:00:00,49.3912,49.45,49.33,49.4,1456612,0
2017-10-20,22:00:00,49.405,49.44,49.23,49.25,7188375,0
2017-10-23,16:00:00,49.28,49.44,49.22,49.335,1411499,0
2017-10-23,17:00:00,49.33,49.62,49.285,49.47,1969731,0
2017-10-23,18:00:00,49.48,49.61,49.4775,49.608,1541965,0
2017-10-23,19:00:00,49.61,49.66,49.51,49.6,945484,0
2017-10-23,20:00:00,49.595,49.61,49.42,49.4515,1985248,0
2017-10-23,21:00:00,49.455,49.51,49.29,49.39,1596439,0
2017-10-23,22:00:00,49.39,49.44,49.31,49.31,4328002,0
2017-10-24,16:00:00,49.33,49.9,49.25,49.722,1939791,0
2017-10-24,17:00:00,49.73,49.98,49.67,49.97,2226372,0
2017-10-24,18:00:00,49.975,50.14,49.97,50.08,2655689,0
2017-10-24,19:00:00,50.07,50.135,49.99,50.0199,1371100,0
2017-10-24,20:00:00,50.015,50.04,49.885,49.905,1289360,0
2017-10-24,21:00:00,49.9033,50.02,49.875,49.97,1166901,0
2017-10-24,22:00:00,49.965,50.02,49.84,49.98,5380480,0
2017-10-25,16:00:00,49.89,50.295,49.74,50.17,1560619,0
2017-10-25,17:00:00,50.16,50.65,50.14,50.555,2719047,0
2017-10-25,18:00:00,50.55,50.5553,50.155,50.18,2141670,0
2017-10-25,19:00:00,50.17,50.18,49.66,49.79,2209913,0
2017-10-25,20:00:00,49.79,49.85,49.64,49.73,1946290,0
2017-10-25,21:00:00,49.73,49.95,49.73,49.84,1615245,0
2017-10-25,22:00:00,49.85,49.9,49.65,49.7,4368139,0
2017-10-26,16:00:00,50.11,50.23,49.77,50.01,1307755,0
2017-10-26,17:00:00,50.01,50.265,49.85,50.1801,1717414,0
2017-10-26,18:00:00,50.19,50.25,49.985,50.05,5725826,0
2017-10-26,19:00:00,50.05,50.09,49.97,50.075,1092168,0
2017-10-26,20:00:00,50.075,50.15,50.05,50.15,680859,0
2017-10-26,21:00:00,50.15,50.295,50.11,50.205,1362247,0
2017-10-26,22:00:00,50.205,50.3,50.13,50.15,4252256,0
2017-10-27,16:00:00,50.29,50.46,50.03,50.09,1524942,0
2017-10-27,17:00:00,50.08,50.37,50.07,50.19,1829415,0
2017-10-27,18:00:00,50.18,50.42,50.17,50.42,1443266,0
2017-10-27,19:00:00,50.43,50.5,50.41,50.455,1609627,0
2017-10-27,20:00:00,50.45,50.72,50.45,50.72,1708280,0
2017-10-27,21:00:00,50.719,50.935,50.719,50.915,2025656,0
2017-10-27,22:00:00,50.915,50.97,50.85,50.88,3904559,0
2017-10-30,15:00:00,50.68,50.74,50.46,50.51,635064,0
2017-10-30,16:00:00,50.5,50.52,50.375,50.46,1143664,0
2017-10-30,17:00:00,50.4601,50.49,50.26,50.36,1140401,0
2017-10-30,18:00:00,50.358,50.44,50.235,50.43,604794,0
2017-10-30,19:00:00,50.4246,50.56,50.4246,50.495,911868,0
2017-10-30,20:00:00,50.49,50.68,50.49,50.5925,1043556,0
2017-10-30,21:00:00,50.59,50.7,50.55,50.68,2742138,0
2017-10-31,15:00:00,50.73,50.79,50.45,50.7559,713632,0
2017-10-31,16:00:00,50.75,50.9,50.72,50.84,1008499,0
2017-10-31,17:00:00,50.835,51.13,50.82,51.06,1467925,0
2017-10-31,18:00:00,51.06,51.17,51.01,51.15,989904,0
2017-10-31,19:00:00,51.155,51.28,51.13,51.135,1024884,0
2017-10-31,20:00:00,51.13,51.145,51.01,51.05,1281292,0
2017-10-31,21:00:00,51.05,51.05,50.88,50.9,4217873,0
2017-11-01,15:00:00,51.1,51.17,50.82,50.94,1245067,0
2017-11-01,16:00:00,50.94,50.98,50.77,50.78,990386,0
2017-11-01,17:00:00,50.775,50.92,50.695,50.695,936552,0
2017-11-01,18:00:00,50.7,50.78,50.68,50.77,1035929,0
2017-11-01,19:00:00,50.7658,50.7771,50.58,50.67,1079333,0
2017-11-01,20:00:00,50.63,50.765,50.57,50.65,1304449,0
2017-11-01,21:00:00,50.65,50.75,50.6,50.64,2695360,0
2017-11-02,15:00:00,50.54,50.7,50.48,50.52,613717,0
2017-11-02,16:00:00,50.52,50.525,50.275,50.34,1376130,0
2017-11-02,17:00:00,50.34,50.56,50.33,50.375,1223776,0
2017-11-02,18:00:00,50.37,50.41,50.27,50.33,1030754,0
2017-11-02,19:00:00,50.33,50.38,50.26,50.31,936916,0
2017-11-02,20:00:00,50.305,50.35,50.185,50.2,1170627,0
2017-11-02,21:00:00,50.21,50.29,50.12,50.28,3368247,0
2017-11-03,15:00:00,50.36,50.44,50.19,50.31,962939,0
2017-11-03,16:00:00,50.3,50.36,50.18,50.255,904643,0
2017-11-03,17:00:00,50.26,50.28,50.195,50.26,1194696,0
2017-11-03,18:00:00,50.26,50.29,50.2,50.26,1731613,0
2017-11-03,19:00:00,50.26,50.29,50.2,50.245,1549168,0
2017-11-03,20:00:00,50.245,50.33,50.18,50.255,5230205,0
2017-11-03,21:00:00,50.255,50.3,50.16,50.18,3860361,0
2017-11-06,16:00:00,50.1,50.3,50.0224,50.275,788617,0
2017-11-06,17:00:00,50.27,50.52,50.26,50.33,1357160,0
2017-11-06,18:00:00,50.33,50.54,50.3242,50.48,1071855,0
2017-11-06,19:00:00,50.47,50.54,50.4,50.45,560671,0
2017-11-06,20:00:00,50.455,50.55,50.44,50.5,516849,0
2017-11-06,21:00:00,50.5049,50.52,50.41,50.45,820273,0
2017-11-06,22:00:00,50.45,50.49,50.35,50.4,3086982,0
2017-11-07,16:00:00,50.43,50.58,50.22,50.29,515437,0
2017-11-07,17:00:00,50.29,50.353,50.2,50.33,651251,0
2017-11-07,18:00:00,50.335,50.43,50.155,50.165,1704098,0
2017-11-07,19:00:00,50.165,50.31,50.08,50.2953,942592,0
2017-11-07,20:00:00,50.295,50.41,50.295,50.365,520696,0
2017-11-07,21:00:00,50.37,50.475,50.3,50.31,694185,0
2017-11-07,22:00:00,50.31,50.5,50.3,50.49,2183381,0
2017-11-08,16:00:00,50.33,50.55,50.2,50.44,632892,0
2017-11-08,17:00:00,50.44,50.74,50.43,50.7,813709,0
2017-11-08,18:00:00,50.7,50.7075,50.62,50.68,533085,0
2017-11-08,19:00:00,50.68,50.68,50.56,50.63,555174,0
2017-11-08,20:00:00,50.64,50.7,50.56,50.605,724915,0
2017-11-08,21:00:00,50.606,50.66,50.5715,50.595,712233,0
2017-11-08,22:00:00,50.59,50.63,50.5,50.54,2786356,0
2017-11-09,16:00:00,50.14,50.2,49.91,50.09,806889,0
2017-11-09,17:00:00,50.1,50.22,49.915,49.975,1296067,0
2017-11-09,18:00:00,49.98,49.98,48.895,49.14,3155626,0
2017-11-09,19:00:00,49.13,49.14,48.54,49.05,2895805,0
2017-11-09,20:00:00,49.04,49.14,48.91,49.05,1769573,0
2017-11-09,21:00:00,49.055,49.22,48.98,49.16,1441543,0
2017-11-09,22:00:00,49.16,49.3,49.13,49.24,3557794,0
2017-11-10,16:00:00,49,49.16,48.745,48.87,1503409,0
2017-11-10,17:00:00,48.87,49.01,48.77,48.9,1683795,0
2017-11-10,18:00:00,48.9,49.11,48.89,49.105,1050148,0
2017-11-10,19:00:00,49.105,49.2,49.06,49.085,744080,0
2017-11-10,20:00:00,49.09,49.29,49.05,49.215,709095,0
2017-11-10,21:00:00,49.215,49.285,49.21,49.24,850310,0
2017-11-10,22:00:00,49.24,49.37,49.21,49.32,2662202,0
2017-11-13,16:00:00,49.1,49.16,49.055,49.125,471756,0
2017-11-13,17:00:00,49.13,49.235,49.08,49.195,775798,0
2017-11-13,18:00:00,49.2,49.29,49.18,49.24,551940,0
2017-11-13,19:00:00,49.245,49.28,49.2,49.255,464375,0
2017-11-13,20:00:00,49.255,49.32,49.2089,49.32,624932,0
2017-11-13,21:00:00,49.315,49.365,49.27,49.335,576362,0
2017-11-13,22:00:00,49.34,49.43,49.331,49.4,1914356,0
2017-11-14,16:00:00,49.32,49.33,49.046,49.06,891424,0
2017-11-14,17:00:00,49.07,49.24,48.92,49.1146,1315080,0
2017-11-14,18:00:00,49.115,49.19,48.9,49.08,970714,0
2017-11-14,19:00:00,49.09,49.22,49.03,49.1,794365,0
2017-11-14,20:00:00,49.0931,49.28,49.06,49.25,519317,0
2017-11-14,21:00:00,49.255,49.28,49.1,49.1458,536330,0
2017-11-14,22:00:00,49.145,49.2,49.03,49.2,2545170,0
2017-11-15,16:00:00,48.88,49.02,48.74,48.84,1225749,0
2017-11-15,17:00:00,48.83,49.075,48.83,49.0301,1354567,0
2017-11-15,18:00:00,49.04,49.05,48.895,48.915,1124510,0
2017-11-15,19:00:00,48.915,48.9952,48.84,48.865,598835,0
2017-11-15,20:00:00,48.865,48.91,48.79,48.9,840494,0
2017-11-15,21:00:00,48.9,48.99,48.85,48.97,755918,0
2017-11-15,22:00:00,48.96,48.98,48.73,48.82,2703161,0
2017-11-16,16:00:00,49.11,49.31,49.01,49.18,921711,0
2017-11-16,17:00:00,49.18,49.62,49.18,49.53,1695372,0
2017-11-16,18:00:00,49.53,49.5999,49.4486,49.48,1265583,0
2017-11-16,19:00:00,49.49,49.545,49.4,49.44,1194648,0
2017-11-16,20:00:00,49.445,49.4543,49.31,49.32,1075123,0
2017-11-16,21:00:00,49.32,49.37,49.28,49.32,1599192,0
2017-11-16,22:00:00,49.31,49.33,49.19,49.2,2837856,0
2017-11-17,16:00:00,49,49.18,48.96,49.005,1191848,0
2017-11-17,17:00:00,49.01,49.23,49,49.02,954424,0
2017-11-17,18:00:00,49.02,49.09,48.935,49.04,578392,0
2017-11-17,19:00:00,49.04,49.08,48.885,48.945,1446244,0
2017-11-17,20:00:00,48.95,49.005,48.92,48.97,649755,0
2017-11-17,21:00:00,48.98,48.99,48.91,48.97,627033,0
2017-11-17,22:00:00,48.96,48.97,48.85,48.94,2861183,0
2017-11-20,16:00:00,49.04,49.06,48.94,49,1052817,0
2017-11-20,17:00:00,48.995,49.01,48.92,48.99,667650,0
2017-11-20,18:00:00,48.99,49.01,48.96,49,1675498,0
2017-11-20,19:00:00,49.005,49.02,48.935,48.98,1641018,0
2017-11-20,20:00:00,48.9872,49.105,48.95,49.09,694970,0
2017-11-20,21:00:00,49.09,49.16,48.97,49.12,2373101,0
2017-11-20,22:00:00,49.1258,49.1258,49.01,49.02,2553635,0
2017-11-21,16:00:00,49,49.1,48.73,48.88,2169536,0
2017-11-21,17:00:00,48.89,48.92,48.72,48.745,1995821,0
2017-11-21,18:00:00,48.74,48.805,48.565,48.57,2627576,0
2017-11-21,19:00:00,48.575,48.63,48.5,48.56,1410756,0
2017-11-21,20:00:00,48.56,48.66,48.56,48.59,1505247,0
2017-11-21,21:00:00,48.595,48.62,48.525,48.605,1571812,0
2017-11-21,22:00:00,48.6,48.64,48.52,48.63,4629521,0
2017-11-22,16:00:00,48.56,48.83,48.42,48.735,1119305,0
2017-11-22,17:00:00,48.735,48.83,48.52,48.595,1666901,0
2017-11-22,18:00:00,48.6,48.61,48.5,48.59,1186549,0
2017-11-22,19:00:00,48.59,48.62,48.56,48.6,671735,0
2017-11-22,20:00:00,48.595,48.66,48.54,48.545,659805,0
2017-11-22,21:00:00,48.54,48.65,48.53,48.645,983011,0
2017-11-22,22:00:00,48.645,48.69,48.55,48.58,3068635,0
2017-11-24,16:00:00,48.88,48.95,48.69,48.89,947955,0
2017-11-24,17:00:00,48.89,48.99,48.805,48.99,1060242,0
2017-11-24,18:00:00,48.985,49.13,48.98,49.085,1032772,0
2017-11-24,19:00:00,49.08,49.12,48.99,49,1669666,0
2017-11-24,20:00:00,49.005,49.01,49,49.01,346761,0
2017-11-27,16:00:00,48.94,49.22,48.8,49.09,1129624,0
2017-11-27,17:00:00,49.1,49.17,48.99,49.045,1387728,0
2017-11-27,18:00:00,49.04,49.045,48.91,49.005,1052253,0
2017-11-27,19:00:00,49.01,49.01,48.8701,48.945,1738530,0
2017-11-27,20:00:00,48.95,49.01,48.82,48.83,858096,0
2017-11-27,21:00:00,48.83,48.84,48.75,48.795,1497912,0
2017-11-27,22:00:00,48.8,48.935,48.79,48.88,3520461,0
2017-11-28,16:00:00,48.88,49.13,48.87,48.985,893635,0
2017-11-28,17:00:00,48.98,49.11,48.9799,49.0251,1035805,0
2017-11-28,18:00:00,49.025,49.15,48.99,49.035,1238018,0
2017-11-28,19:00:00,49.035,49.13,49.03,49.1,1085555,0
2017-11-28,20:00:00,49.1,49.2,48.89,48.91,3718390,0
2017-11-28,21:00:00,48.92,49.11,48.85,49.0733,1686565,0
2017-11-28,22:00:00,49.07,49.07,48.95,49.01,3193130,0
2017-11-29,16:00:00,48.85,48.86,48.5,48.56,1194560,0
2017-11-29,17:00:00,48.56,48.73,48.28,48.38,2351271,0
2017-11-29,18:00:00,48.38,48.56,48.25,48.28,1669514,0
2017-11-29,19:00:00,48.28,48.53,48.2,48.435,1444947,0
2017-11-29,20:00:00,48.44,48.53,48.32,48.51,1311703,0
2017-11-29,21:00:00,48.505,48.57,48.4,48.425,966678,0
2017-11-29,22:00:00,48.43,48.5499,48.41,48.52,2674758,0
2017-11-30,16:00:00,48.89,49.2,48.89,49.17,1796754,0
2017-11-30,17:00:00,49.1701,49.33,48.98,49.135,1978701,0
2017-11-30,18:00:00,49.13,49.15,48.91,49,1287548,0
2017-11-30,19:00:00,49.01,49.205,49,49.12,1931996,0
2017-11-30,20:00:00,49.122,49.2,48.97,49.05,1610629,0
2017-11-30,21:00:00,49.06,49.13,49.01,49.125,1757547,0
2017-11-30,22:00:00,49.13,49.19,49,49.06,10877786,0
2017-12-01,16:00:00,49.05,49.9,49.05,49.85,2231649,0
2017-12-01,17:00:00,49.85,50,49.58,49.85,3186857,0
2017-12-01,18:00:00,49.85,49.91,48.9,49.38,2770956,0
2017-12-01,19:00:00,49.39,49.45,49.2,49.44,1080356,0
2017-12-01,20:00:00,49.44,49.545,49.405,49.465,770661,0
2017-12-01,21:00:00,49.47,49.64,49.44,49.61,917518,0
2017-12-01,22:00:00,49.615,49.725,49.57,49.61,3452568,0
2017-12-04,16:00:00,49.82,49.82,49.26,49.265,1513715,0
2017-12-04,17:00:00,49.27,49.4,48.655,48.73,2020715,0
2017-12-04,18:00:00,48.73,48.86,48.54,48.7,1723599,0
2017-12-04,19:00:00,48.7,48.94,48.695,48.82,969359,0
2017-12-04,20:00:00,48.815,48.975,48.805,48.83,920904,0
2017-12-04,21:00:00,48.83,48.83,48.51,48.54,1294516,0
2017-12-04,22:00:00,48.53,48.54,48.36,48.4,4079869,0
2017-12-05,16:00:00,48.21,48.51,47.965,48.45,2126695,0
2017-12-05,17:00:00,48.45,48.65,48.29,48.3963,1874581,0
2017-12-05,18:00:00,48.39,48.545,48.355,48.435,1794065,0
2017-12-05,19:00:00,48.435,48.45,48.26,48.2738,1544923,0
2017-12-05,20:00:00,48.27,48.41,48.19,48.335,1189148,0
2017-12-05,21:00:00,48.34,48.34,48.01,48.1,2183323,0
2017-12-05,22:00:00,48.1,48.21,47.99,47.99,5461163,0
2017-12-06,16:00:00,47.88,48.22,47.63,48.04,1913336,0
2017-12-06,17:00:00,48.04,48.26,47.91,48.175,2254289,0
2017-12-06,18:00:00,48.175,48.31,48.11,48.29,1574502,0
2017-12-06,19:00:00,48.29,48.4,48.21,48.38,997405,0
2017-12-06,20:00:00,48.38,48.46,48.28,48.45,829721,0
2017-12-06,21:00:00,48.46,48.585,48.38,48.56,1153030,0
2017-12-06,22:00:00,48.56,48.58,48.42,48.42,3165433,0
