Date,Time,Open,High,Low,Close,Volume,OpenInt
2017-05-15,16:00:00,2.87,2.87,2.8501,2.87,7261,0
2017-05-15,17:00:00,2.88,2.88,2.87,2.88,2792,0
2017-05-15,18:00:00,2.883,2.89,2.87,2.89,11327,0
2017-05-15,19:00:00,2.8871,2.8871,2.85,2.8539,8389,0
2017-05-15,20:00:00,2.8553,2.87,2.851,2.851,3604,0
2017-05-15,21:00:00,2.8699,2.87,2.8679,2.87,5078,0
2017-05-15,22:00:00,2.8699,2.87,2.8598,2.87,22859,0
2017-05-16,16:00:00,2.87,2.881,2.79,2.81,15120,0
2017-05-16,17:00:00,2.81,2.82,2.78,2.79,4400,0
2017-05-16,18:00:00,2.8,2.86,2.8,2.81,19332,0
2017-05-16,19:00:00,2.81,2.81,2.79,2.8,1300,0
2017-05-16,20:00:00,2.8,2.82,2.79,2.8,1923,0
2017-05-16,21:00:00,2.8,2.82,2.77,2.78,8310,0
2017-05-16,22:00:00,2.78,2.82,2.77,2.78,17293,0
2017-05-17,16:00:00,2.88,2.89,2.8596,2.8846,7857,0
2017-05-17,17:00:00,2.8899,2.9,2.88,2.9,7345,0
2017-05-17,18:00:00,2.91,2.9299,2.9,2.9,12111,0
2017-05-17,19:00:00,2.9,2.9099,2.881,2.9,6455,0
2017-05-17,20:00:00,2.9003,2.91,2.8904,2.91,4900,0
2017-05-17,21:00:00,2.91,2.91,2.9,2.9,6498,0
2017-05-17,22:00:00,2.9,2.9001,2.87,2.89,6503,0
2017-05-18,16:00:00,2.91,2.93,2.8759,2.8759,3055,0
2017-05-18,17:00:00,2.87,2.87,2.85,2.85,926,0
2017-05-18,18:00:00,2.84,2.86,2.84,2.85,1700,0
2017-05-18,19:00:00,2.8653,2.87,2.8653,2.87,2200,0
2017-05-18,20:00:00,2.8835,2.8864,2.87,2.87,404,0
2017-05-18,21:00:00,2.8694,2.89,2.8677,2.878,10900,0
2017-05-18,22:00:00,2.88,2.8867,2.88,2.88,4024,0
2017-05-19,16:00:00,2.89,2.9048,2.8854,2.9048,1627,0
2017-05-19,17:00:00,2.892,2.91,2.88,2.9,9608,0
2017-05-19,18:00:00,2.902,2.902,2.85,2.8859,9831,0
2017-05-19,19:00:00,2.8899,2.89,2.8701,2.8813,940,0
2017-05-19,20:00:00,2.89,2.89,2.87,2.89,3750,0
2017-05-19,21:00:00,2.8816,2.8901,2.8816,2.89,4784,0
2017-05-19,22:00:00,2.89,2.9,2.8797,2.9,5553,0
2017-05-22,16:00:00,2.88,2.88,2.8635,2.8799,6370,0
2017-05-22,17:00:00,2.86,2.88,2.86,2.88,3964,0
2017-05-22,18:00:00,2.88,2.88,2.88,2.88,800,0
2017-05-22,19:00:00,2.87,2.87,2.8699,2.87,1469,0
2017-05-22,20:00:00,2.87,2.9,2.87,2.8903,5077,0
2017-05-22,21:00:00,2.89,2.9,2.8874,2.9,3300,0
2017-05-22,22:00:00,2.894,2.9,2.88,2.88,16505,0
2017-05-23,16:00:00,2.87,2.89,2.87,2.89,5243,0
2017-05-23,17:00:00,2.8948,2.8948,2.89,2.89,600,0
2017-05-23,18:00:00,2.8916,2.9,2.8702,2.8798,2386,0
2017-05-23,19:00:00,2.87,2.89,2.87,2.8784,4903,0
2017-05-23,20:00:00,2.89,2.89,2.87,2.87,1000,0
2017-05-23,21:00:00,2.87,2.88,2.867,2.8747,1055,0
2017-05-23,22:00:00,2.87,2.88,2.86,2.86,4840,0
2017-05-24,16:00:00,2.85,2.87,2.84,2.87,4585,0
2017-05-24,17:00:00,2.8596,2.87,2.8596,2.86,12376,0
2017-05-24,18:00:00,2.8671,2.87,2.86,2.87,6620,0
2017-05-24,19:00:00,2.8598,2.8598,2.84,2.84,3908,0
2017-05-24,20:00:00,2.86,2.86,2.8455,2.8455,700,0
2017-05-24,21:00:00,2.85,2.85,2.841,2.85,1854,0
2017-05-24,22:00:00,2.8464,2.85,2.841,2.85,11389,0
2017-05-25,16:00:00,2.85,2.86,2.84,2.8401,6160,0
2017-05-25,17:00:00,2.85,2.85,2.84,2.8433,3875,0
2017-05-25,19:00:00,2.8447,2.85,2.84,2.85,2180,0
2017-05-25,20:00:00,2.8439,2.845,2.8439,2.845,300,0
2017-05-25,21:00:00,2.845,2.86,2.84,2.84,5599,0
2017-05-25,22:00:00,2.8465,2.85,2.8,2.82,28934,0
2017-05-26,16:00:00,2.85,2.87,2.85,2.87,2228,0
2017-05-26,17:00:00,2.87,2.87,2.8501,2.8501,1100,0
2017-05-26,18:00:00,2.86,2.87,2.86,2.86,6800,0
2017-05-26,19:00:00,2.87,2.87,2.86,2.864,2700,0
2017-05-26,20:00:00,2.865,2.87,2.86,2.86,3798,0
2017-05-26,21:00:00,2.86,2.868,2.85,2.8647,11704,0
2017-05-26,22:00:00,2.85,2.86,2.85,2.86,5772,0
2017-05-30,16:00:00,2.86,2.8683,2.86,2.8683,3037,0
2017-05-30,17:00:00,2.86,2.86,2.845,2.845,5898,0
2017-05-30,18:00:00,2.86,2.86,2.84,2.84,2600,0
2017-05-30,19:00:00,2.84,2.85,2.84,2.85,1100,0
2017-05-30,20:00:00,2.85,2.85,2.84,2.8442,4350,0
2017-05-30,21:00:00,2.84,2.85,2.84,2.85,2016,0
2017-05-30,22:00:00,2.84,2.84,2.81,2.83,4556,0
2017-05-31,16:00:00,2.82,2.87,2.818,2.8429,5520,0
2017-05-31,17:00:00,2.8472,2.8499,2.8163,2.82,10885,0
2017-05-31,18:00:00,2.82,2.8201,2.78,2.8,9267,0
2017-05-31,19:00:00,2.7861,2.79,2.7861,2.79,1366,0
2017-05-31,20:00:00,2.79,2.79,2.78,2.78,11500,0
2017-05-31,21:00:00,2.79,2.79,2.78,2.78,600,0
2017-05-31,22:00:00,2.79,2.79,2.75,2.75,11602,0
2017-06-01,16:00:00,2.75,2.75,2.75,2.75,2344,0
2017-06-01,17:00:00,2.785,2.79,2.7758,2.79,2770,0
2017-06-01,18:00:00,2.7845,2.8,2.75,2.75,3195,0
2017-06-01,19:00:00,2.755,2.79,2.75,2.75,3850,0
2017-06-01,20:00:00,2.7799,2.78,2.75,2.75,20257,0
2017-06-01,21:00:00,2.76,2.77,2.7428,2.7452,2245,0
2017-06-01,22:00:00,2.745,2.75,2.711,2.73,7870,0
2017-06-02,16:00:00,2.73,2.76,2.72,2.73,6542,0
2017-06-02,17:00:00,2.73,2.75,2.72,2.73,4510,0
2017-06-02,18:00:00,2.7549,2.7797,2.74,2.7797,3140,0
2017-06-02,19:00:00,2.77,2.78,2.73,2.78,9777,0
2017-06-02,20:00:00,2.7799,2.7799,2.77,2.77,3000,0
2017-06-02,22:00:00,2.77,2.82,2.76,2.82,22729,0
2017-06-05,16:00:00,2.9,2.9399,2.85,2.86,11361,0
2017-06-05,17:00:00,2.9,2.9001,2.85,2.85,6836,0
2017-06-05,18:00:00,2.8601,2.8601,2.85,2.86,6043,0
2017-06-05,19:00:00,2.85,2.86,2.85,2.86,9090,0
2017-06-05,20:00:00,2.86,2.87,2.86,2.8651,6348,0
2017-06-05,21:00:00,2.8694,2.88,2.8694,2.87,4645,0
2017-06-05,22:00:00,2.87,2.9,2.8653,2.89,13715,0
2017-06-06,16:00:00,2.91,2.94,2.9,2.9301,20536,0
2017-06-06,17:00:00,2.93,2.94,2.91,2.93,16623,0
2017-06-06,18:00:00,2.9278,2.94,2.925,2.9261,7353,0
2017-06-06,19:00:00,2.93,2.93,2.92,2.93,4592,0
2017-06-06,20:00:00,2.93,2.93,2.92,2.925,6153,0
2017-06-06,21:00:00,2.9364,2.94,2.91,2.94,5250,0
2017-06-06,22:00:00,2.925,2.93,2.87,2.89,9340,0
2017-06-07,16:00:00,2.91,2.91,2.89,2.9,9159,0
2017-06-07,17:00:00,2.8999,3.04,2.8999,3.02,87926,0
2017-06-07,18:00:00,3.02,3.07,3,3.07,90452,0
2017-06-07,19:00:00,3.065,3.1,3.04,3.07,56144,0
2017-06-07,20:00:00,3.0701,3.09,2.97,2.97,40841,0
2017-06-07,21:00:00,2.9845,3.04,2.97,3.04,21845,0
2017-06-07,22:00:00,3.03,3.0683,3.03,3.04,27717,0
2017-06-08,16:00:00,3.03,3.06,2.96,2.96,64533,0
2017-06-08,17:00:00,2.96,2.96,2.88,2.88,58067,0
2017-06-08,18:00:00,2.8907,2.9,2.85,2.9,26329,0
2017-06-08,19:00:00,2.92,2.93,2.897,2.9183,7813,0
2017-06-08,20:00:00,2.9222,2.93,2.92,2.92,5000,0
2017-06-08,21:00:00,2.928,2.95,2.9,2.92,17238,0
2017-06-08,22:00:00,2.93,2.93,2.9,2.91,11814,0
2017-06-09,16:00:00,2.85,2.88,2.79,2.8,28797,0
2017-06-09,17:00:00,2.8,2.8399,2.8,2.82,6823,0
2017-06-09,18:00:00,2.83,2.869,2.83,2.85,12200,0
2017-06-09,19:00:00,2.8699,2.88,2.85,2.88,1723,0
2017-06-09,20:00:00,2.88,2.89,2.87,2.8801,2726,0
2017-06-09,21:00:00,2.8984,2.8984,2.8828,2.8828,4500,0
2017-06-09,22:00:00,2.88,2.89,2.84,2.85,14879,0
2017-06-12,16:00:00,2.85,2.9,2.8,2.84,8162,0
2017-06-12,17:00:00,2.8986,2.9,2.88,2.88,11854,0
2017-06-12,18:00:00,2.88,2.9,2.85,2.9,12174,0
2017-06-12,19:00:00,2.8835,2.9,2.8835,2.8901,2455,0
2017-06-12,20:00:00,2.89,2.9,2.85,2.9,17739,0
2017-06-12,21:00:00,2.895,2.9,2.8801,2.895,9268,0
2017-06-12,22:00:00,2.89,2.9,2.88,2.88,9621,0
2017-06-13,16:00:00,2.9,2.9,2.85,2.868,5810,0
2017-06-13,17:00:00,2.8514,2.87,2.8509,2.8601,3750,0
2017-06-13,18:00:00,2.8601,2.87,2.86,2.8601,4352,0
2017-06-13,19:00:00,2.869,2.87,2.86,2.865,9942,0
2017-06-13,20:00:00,2.87,2.88,2.8614,2.88,1327,0
2017-06-13,21:00:00,2.88,2.93,2.88,2.91,24145,0
2017-06-13,22:00:00,2.91,2.91,2.88,2.89,8649,0
2017-06-14,16:00:00,2.91,2.93,2.903,2.903,5399,0
2017-06-14,17:00:00,2.9144,2.93,2.89,2.89,20199,0
2017-06-14,18:00:00,2.8993,2.8993,2.89,2.8958,4595,0
2017-06-14,19:00:00,2.8999,2.9,2.89,2.9,12835,0
2017-06-14,20:00:00,2.8854,2.9,2.88,2.89,3562,0
2017-06-14,21:00:00,2.89,2.89,2.8726,2.8726,5025,0
2017-06-14,22:00:00,2.87,2.89,2.83,2.84,21012,0
2017-06-15,16:00:00,2.83,2.84,2.8001,2.84,7813,0
2017-06-15,17:00:00,2.83,2.84,2.8257,2.83,3752,0
2017-06-15,18:00:00,2.8347,2.84,2.82,2.8236,4081,0
2017-06-15,19:00:00,2.82,2.83,2.82,2.83,3270,0
2017-06-15,20:00:00,2.8215,2.8215,2.81,2.8158,5275,0
2017-06-15,21:00:00,2.8099,2.81,2.78,2.79,13362,0
2017-06-15,22:00:00,2.7999,2.8,2.78,2.8,9308,0
2017-06-16,16:00:00,2.77,2.83,2.77,2.829,7700,0
2017-06-16,17:00:00,2.82,2.82,2.81,2.81,828,0
2017-06-16,18:00:00,2.8,2.82,2.8,2.8,5094,0
2017-06-16,19:00:00,2.8,2.81,2.8,2.8,2938,0
2017-06-16,20:00:00,2.8058,2.8058,2.79,2.8,3272,0
2017-06-16,21:00:00,2.7983,2.81,2.7983,2.8072,1778,0
2017-06-16,22:00:00,2.79,2.82,2.79,2.8,13906,0
2017-06-19,16:00:00,2.79,2.79,2.75,2.7501,8792,0
2017-06-19,17:00:00,2.75,2.77,2.7496,2.752,4734,0
2017-06-19,18:00:00,2.7401,2.8,2.7401,2.79,10443,0
2017-06-19,19:00:00,2.7848,2.7848,2.7336,2.75,9016,0
2017-06-19,20:00:00,2.75,2.75,2.73,2.74,33666,0
2017-06-19,21:00:00,2.7527,2.76,2.74,2.745,6472,0
2017-06-19,22:00:00,2.745,2.75,2.7265,2.75,22866,0
2017-06-20,16:00:00,2.75,2.75,2.65,2.73,12344,0
2017-06-20,17:00:00,2.72,2.73,2.72,2.73,1565,0
2017-06-20,18:00:00,2.73,2.7362,2.7,2.72,15228,0
2017-06-20,19:00:00,2.74,2.7648,2.721,2.7648,6121,0
2017-06-20,20:00:00,2.7648,2.7848,2.76,2.7789,3540,0
2017-06-20,21:00:00,2.751,2.767,2.751,2.7535,3346,0
2017-06-20,22:00:00,2.769,2.77,2.7687,2.77,2211,0
2017-06-21,16:00:00,2.77,2.8,2.768,2.768,3051,0
2017-06-21,17:00:00,2.78,2.79,2.772,2.79,12258,0
2017-06-21,18:00:00,2.796,2.8,2.7758,2.78,11434,0
2017-06-21,19:00:00,2.76,2.7799,2.75,2.7799,4682,0
2017-06-21,20:00:00,2.77,2.77,2.75,2.76,945,0
2017-06-21,21:00:00,2.7562,2.76,2.7501,2.7501,1410,0
2017-06-21,22:00:00,2.7501,2.79,2.75,2.79,12686,0
2017-06-22,16:00:00,2.8,2.82,2.7967,2.82,10307,0
2017-06-22,17:00:00,2.82,2.88,2.82,2.879,4740,0
2017-06-22,18:00:00,2.87,2.8996,2.82,2.82,4103,0
2017-06-22,19:00:00,2.85,2.89,2.81,2.81,18660,0
2017-06-22,20:00:00,2.81,2.83,2.7928,2.7928,4905,0
2017-06-22,21:00:00,2.8,2.83,2.8,2.8,3900,0
2017-06-22,22:00:00,2.8,2.81,2.79,2.8,13002,0
2017-06-23,16:00:00,2.79,2.889,2.79,2.85,4782,0
2017-06-23,17:00:00,2.81,2.86,2.79,2.83,16904,0
2017-06-23,18:00:00,2.83,2.84,2.79,2.8,19408,0
2017-06-23,19:00:00,2.815,2.82,2.815,2.82,1600,0
2017-06-23,20:00:00,2.814,2.814,2.805,2.805,3355,0
2017-06-23,21:00:00,2.8006,2.83,2.8,2.83,3200,0
2017-06-23,22:00:00,2.83,2.86,2.82,2.86,14744,0
2017-06-26,16:00:00,2.84,2.8624,2.8,2.81,18409,0
2017-06-26,17:00:00,2.8462,2.8462,2.81,2.82,3160,0
2017-06-26,18:00:00,2.82,2.88,2.82,2.8799,3394,0
2017-06-26,19:00:00,2.8799,2.88,2.8745,2.88,5804,0
2017-06-26,20:00:00,2.875,2.92,2.875,2.92,7836,0
2017-06-26,21:00:00,2.9199,2.92,2.91,2.9101,6400,0
2017-06-26,22:00:00,2.9199,2.92,2.9099,2.92,12458,0
2017-06-27,16:00:00,2.92,2.94,2.92,2.92,7800,0
2017-06-27,17:00:00,2.8944,2.9,2.86,2.89,8275,0
2017-06-27,18:00:00,2.8827,2.89,2.86,2.86,4700,0
2017-06-27,19:00:00,2.88,2.88,2.88,2.88,100,0
2017-06-27,20:00:00,2.889,2.89,2.8,2.81,10058,0
2017-06-27,21:00:00,2.8315,2.84,2.8,2.8261,15883,0
2017-06-27,22:00:00,2.82,2.829,2.8,2.8,13934,0
2017-06-28,16:00:00,2.85,2.86,2.7383,2.7383,10714,0
2017-06-28,17:00:00,2.7848,2.79,2.7801,2.7801,780,0
2017-06-28,18:00:00,2.8,2.82,2.8,2.81,2789,0
2017-06-28,19:00:00,2.801,2.81,2.78,2.7801,3695,0
2017-06-28,20:00:00,2.7828,2.79,2.7801,2.79,850,0
2017-06-28,21:00:00,2.8,2.8,2.77,2.79,1300,0
2017-06-28,22:00:00,2.82,2.85,2.78,2.79,14531,0
2017-06-29,16:00:00,2.8,2.8,2.76,2.774,2773,0
2017-06-29,17:00:00,2.7601,2.799,2.76,2.799,4648,0
2017-06-29,18:00:00,2.78,2.79,2.77,2.79,7900,0
2017-06-29,19:00:00,2.78,2.78,2.78,2.78,800,0
2017-06-29,20:00:00,2.76,2.7675,2.72,2.74,12260,0
2017-06-29,21:00:00,2.745,2.78,2.74,2.75,5800,0
2017-06-29,22:00:00,2.75,2.78,2.75,2.78,8215,0
2017-06-30,16:00:00,2.78,2.78,2.72,2.72,803,0
2017-06-30,17:00:00,2.7228,2.79,2.7228,2.79,13800,0
2017-06-30,18:00:00,2.795,2.8,2.7723,2.8,900,0
2017-06-30,19:00:00,2.77,2.7717,2.77,2.7717,814,0
2017-06-30,20:00:00,2.7748,2.8,2.7702,2.79,6327,0
2017-06-30,21:00:00,2.7938,2.8,2.78,2.7801,9066,0
2017-06-30,22:00:00,2.78,2.79,2.76,2.79,4576,0
2017-07-03,16:00:00,2.76,2.77,2.73,2.73,1123,0
2017-07-03,17:00:00,2.76,2.76,2.73,2.73,7200,0
2017-07-03,18:00:00,2.74,2.75,2.7197,2.72,6022,0
2017-07-03,19:00:00,2.71,2.73,2.71,2.71,5863,0
2017-07-03,20:00:00,2.71,2.71,2.71,2.71,190,0
2017-07-05,16:00:00,2.7,2.74,2.7,2.722,3833,0
2017-07-05,17:00:00,2.73,2.76,2.73,2.73,5485,0
2017-07-05,18:00:00,2.7359,2.76,2.72,2.75,7677,0
2017-07-05,19:00:00,2.76,2.7661,2.7486,2.7653,8696,0
2017-07-05,20:00:00,2.76,2.79,2.75,2.7596,3240,0
2017-07-05,21:00:00,2.75,2.77,2.75,2.75,10150,0
2017-07-05,22:00:00,2.755,2.76,2.74,2.74,22885,0
2017-07-06,16:00:00,2.78,2.84,2.78,2.84,14406,0
2017-07-06,17:00:00,2.85,2.876,2.8203,2.84,11880,0
2017-07-06,18:00:00,2.84,2.8401,2.81,2.81,9081,0
2017-07-06,19:00:00,2.82,2.82,2.7613,2.79,7973,0
2017-07-06,20:00:00,2.81,2.82,2.8082,2.82,2700,0
2017-07-06,21:00:00,2.82,2.825,2.81,2.82,3595,0
2017-07-06,22:00:00,2.815,2.815,2.75,2.77,44950,0
2017-07-07,16:00:00,2.8,2.8,2.71,2.715,21253,0
2017-07-07,17:00:00,2.72,2.74,2.72,2.7382,27908,0
2017-07-07,18:00:00,2.73,2.74,2.72,2.72,2100,0
2017-07-07,19:00:00,2.71,2.72,2.7,2.72,17169,0
2017-07-07,20:00:00,2.71,2.75,2.7,2.73,7507,0
2017-07-07,21:00:00,2.73,2.74,2.7199,2.7199,1996,0
2017-07-07,22:00:00,2.72,2.74,2.72,2.72,29986,0
2017-07-10,16:00:00,2.74,2.74,2.7,2.7,2922,0
2017-07-10,17:00:00,2.738,2.78,2.71,2.77,6500,0
2017-07-10,18:00:00,2.77,2.77,2.75,2.76,15534,0
2017-07-10,19:00:00,2.77,2.77,2.75,2.77,10325,0
2017-07-10,20:00:00,2.77,2.8,2.77,2.7778,3500,0
2017-07-10,21:00:00,2.7801,2.8,2.78,2.79,2200,0
2017-07-10,22:00:00,2.79,2.8,2.76,2.76,5243,0
2017-07-11,16:00:00,2.76,2.78,2.76,2.78,403,0
2017-07-11,17:00:00,2.7601,2.77,2.76,2.77,650,0
2017-07-11,18:00:00,2.77,2.78,2.77,2.78,1550,0
2017-07-11,19:00:00,2.77,2.78,2.77,2.7754,968,0
2017-07-11,20:00:00,2.7748,2.78,2.7748,2.78,329,0
2017-07-11,21:00:00,2.78,2.78,2.775,2.78,3600,0
2017-07-11,22:00:00,2.78,2.78,2.76,2.76,4743,0
2017-07-12,16:00:00,2.78,2.8,2.78,2.8,1846,0
2017-07-12,17:00:00,2.791,2.84,2.7908,2.8301,14924,0
2017-07-12,18:00:00,2.83,2.83,2.76,2.76,38091,0
2017-07-12,19:00:00,2.7693,2.77,2.765,2.77,1300,0
2017-07-12,20:00:00,2.77,2.77,2.77,2.77,200,0
2017-07-12,21:00:00,2.77,2.77,2.76,2.76,13100,0
2017-07-12,22:00:00,2.77,2.8,2.75,2.77,42379,0
2017-07-13,16:00:00,2.74,2.755,2.72,2.755,1776,0
2017-07-13,17:00:00,2.7685,2.78,2.76,2.77,2420,0
2017-07-13,18:00:00,2.75,2.76,2.71,2.74,18000,0
2017-07-13,19:00:00,2.74,2.74,2.72,2.72,7076,0
2017-07-13,20:00:00,2.73,2.74,2.72,2.73,5650,0
2017-07-13,21:00:00,2.73,2.75,2.725,2.7499,1750,0
2017-07-13,22:00:00,2.75,2.78,2.73,2.73,3267,0
2017-07-14,16:00:00,2.75,2.75,2.75,2.75,499,0
2017-07-14,17:00:00,2.76,2.8,2.76,2.77,790,0
2017-07-14,18:00:00,2.78,2.79,2.76,2.79,8860,0
2017-07-14,19:00:00,2.78,2.79,2.77,2.77,1650,0
2017-07-14,20:00:00,2.78,2.78,2.74,2.7602,4505,0
2017-07-14,21:00:00,2.76,2.78,2.74,2.76,11444,0
2017-07-14,22:00:00,2.78,2.81,2.72,2.73,17819,0
2017-07-17,16:00:00,2.75,2.8,2.75,2.8,1860,0
2017-07-17,17:00:00,2.8,2.84,2.77,2.78,21907,0
2017-07-17,18:00:00,2.81,2.81,2.79,2.8,2890,0
2017-07-17,19:00:00,2.8,2.8,2.77,2.8,6549,0
2017-07-17,20:00:00,2.8001,2.83,2.8001,2.83,3410,0
2017-07-17,21:00:00,2.82,2.82,2.805,2.819,3311,0
2017-07-17,22:00:00,2.83,2.85,2.82,2.82,7120,0
2017-07-18,16:00:00,2.83,2.85,2.83,2.85,1960,0
2017-07-18,17:00:00,2.83,2.8501,2.81,2.84,13643,0
2017-07-18,18:00:00,2.86,2.88,2.86,2.8799,1000,0
2017-07-18,19:00:00,2.8684,2.8684,2.8684,2.8684,500,0
2017-07-18,20:00:00,2.85,2.8634,2.84,2.84,5622,0
2017-07-18,21:00:00,2.8571,2.86,2.82,2.8361,4995,0
2017-07-18,22:00:00,2.86,2.86,2.81,2.83,8100,0
2017-07-19,16:00:00,2.82,2.89,2.82,2.8386,624,0
2017-07-19,17:00:00,2.81,2.83,2.81,2.83,8700,0
2017-07-19,18:00:00,2.83,2.8506,2.83,2.8506,7095,0
2017-07-19,19:00:00,2.86,2.87,2.85,2.87,904,0
2017-07-19,20:00:00,2.87,2.885,2.87,2.87,7500,0
2017-07-19,21:00:00,2.8724,2.89,2.866,2.888,12350,0
2017-07-19,22:00:00,2.89,2.89,2.87,2.87,4077,0
2017-07-20,16:00:00,2.87,2.8925,2.87,2.8925,5825,0
2017-07-20,17:00:00,2.9,2.9,2.89,2.9,7175,0
2017-07-20,18:00:00,2.9099,2.91,2.9,2.905,4790,0
2017-07-20,19:00:00,2.9044,2.91,2.89,2.89,12732,0
2017-07-20,20:00:00,2.89,2.91,2.89,2.91,1535,0
2017-07-20,21:00:00,2.91,2.93,2.88,2.8969,9834,0
2017-07-20,22:00:00,2.9,2.93,2.895,2.93,10321,0
2017-07-21,16:00:00,2.92,2.94,2.92,2.933,1873,0
2017-07-21,17:00:00,2.94,2.94,2.9202,2.9352,950,0
2017-07-21,18:00:00,2.94,2.94,2.92,2.92,8300,0
2017-07-21,19:00:00,2.93,2.93,2.93,2.93,1100,0
2017-07-21,20:00:00,2.935,2.94,2.9339,2.9339,2792,0
2017-07-21,21:00:00,2.94,2.94,2.93,2.93,2695,0
2017-07-21,22:00:00,2.9384,2.94,2.92,2.92,37775,0
2017-07-24,16:00:00,2.93,2.99,2.93,2.99,11109,0
2017-07-24,17:00:00,2.99,3,2.98,3,8515,0
2017-07-24,18:00:00,3,3,2.99,3,4690,0
2017-07-24,19:00:00,3,3,2.99,2.9961,5100,0
2017-07-24,20:00:00,3,3,2.99,3,5100,0
2017-07-24,21:00:00,2.9924,3,2.99,3,3308,0
2017-07-24,22:00:00,2.9975,3,2.99,3,12106,0
2017-07-25,16:00:00,3,3.05,3,3.05,11080,0
2017-07-25,17:00:00,3.05,3.09,3.04,3.04,8650,0
2017-07-25,18:00:00,3.04,3.05,3.0214,3.045,2141,0
2017-07-25,19:00:00,3.08,3.09,3.06,3.085,11450,0
2017-07-25,20:00:00,3.08,3.1,3.08,3.1,3633,0
2017-07-25,21:00:00,3.1,3.1,3.05,3.0902,9559,0
2017-07-25,22:00:00,3.1,3.1,3.07,3.07,29755,0
2017-07-26,16:00:00,3.09,3.11,3.09,3.0961,6640,0
2017-07-26,17:00:00,3.1,3.11,3.0901,3.099,3531,0
2017-07-26,18:00:00,3.11,3.19,3.11,3.1656,20053,0
2017-07-26,19:00:00,3.188,3.1999,3.16,3.1699,8703,0
2017-07-26,20:00:00,3.1699,3.23,3.1699,3.22,8876,0
2017-07-26,21:00:00,3.21,3.22,3.21,3.21,6973,0
2017-07-26,22:00:00,3.2199,3.23,3.19,3.2,21215,0
2017-07-27,16:00:00,3.2,3.2399,3.2,3.2399,6770,0
2017-07-27,17:00:00,3.24,3.247,3.23,3.2308,8250,0
2017-07-27,18:00:00,3.23,3.24,3.21,3.21,12255,0
2017-07-27,19:00:00,3.21,3.22,3.201,3.201,2400,0
2017-07-27,20:00:00,3.2098,3.2098,3.18,3.18,10383,0
2017-07-27,21:00:00,3.1938,3.22,3.1938,3.2,12830,0
2017-07-27,22:00:00,3.2,3.23,3.2,3.23,4313,0
2017-07-28,16:00:00,3.24,3.24,3.19,3.19,9622,0
2017-07-28,17:00:00,3.23,3.23,3.22,3.2203,1500,0
2017-07-28,18:00:00,3.23,3.24,3.21,3.2101,12120,0
2017-07-28,19:00:00,3.19,3.2059,3.18,3.19,6911,0
2017-07-28,20:00:00,3.2,3.2,3.19,3.2,2011,0
2017-07-28,21:00:00,3.21,3.22,3.21,3.22,2621,0
2017-07-28,22:00:00,3.23,3.23,3.191,3.22,9919,0
2017-07-31,16:00:00,3.22,3.22,3.1756,3.1756,8877,0
2017-07-31,17:00:00,3.1998,3.1998,3.17,3.1775,4039,0
2017-07-31,18:00:00,3.18,3.19,3.15,3.15,32265,0
2017-07-31,19:00:00,3.17,3.18,3.1545,3.17,16300,0
2017-07-31,20:00:00,3.17,3.18,3.16,3.18,9478,0
2017-07-31,21:00:00,3.18,3.18,3.15,3.17,11743,0
2017-07-31,22:00:00,3.17,3.17,3.121,3.15,15217,0
2017-08-01,16:00:00,3.12,3.158,3.12,3.12,3458,0
2017-08-01,17:00:00,3.12,3.12,3.0656,3.08,14280,0
2017-08-01,18:00:00,3.08,3.12,3.08,3.0987,3852,0
2017-08-01,19:00:00,3.0941,3.12,3.0941,3.1093,1355,0
2017-08-01,20:00:00,3.12,3.13,3.11,3.13,2400,0
2017-08-01,21:00:00,3.12,3.15,3.12,3.13,3086,0
2017-08-01,22:00:00,3.13,3.14,3.101,3.11,18512,0
2017-08-02,16:00:00,3.11,3.12,3.11,3.11,2054,0
2017-08-02,17:00:00,3.11,3.115,3.09,3.11,6208,0
2017-08-02,18:00:00,3.1101,3.115,3.11,3.11,5350,0
2017-08-02,19:00:00,3.11,3.115,3.11,3.11,8200,0
2017-08-02,20:00:00,3.1001,3.13,3.1001,3.12,6170,0
2017-08-02,21:00:00,3.12,3.13,3.12,3.13,22574,0
2017-08-02,22:00:00,3.1261,3.14,3.1225,3.14,43404,0
2017-08-03,16:00:00,3.11,3.11,3.0556,3.09,9375,0
2017-08-03,17:00:00,3.1,3.1093,3.1,3.1,2798,0
2017-08-03,18:00:00,3.119,3.119,3.08,3.0907,4808,0
2017-08-03,19:00:00,3.1,3.11,3.08,3.11,4700,0
2017-08-03,20:00:00,3.11,3.11,3.0978,3.11,3150,0
2017-08-03,21:00:00,3.11,3.11,3.06,3.09,12843,0
2017-08-03,22:00:00,3.09,3.09,3.06,3.06,8262,0
2017-08-04,16:00:00,3.01,3.061,2.98,2.98,8417,0
2017-08-04,17:00:00,2.98,2.98,2.95,2.9524,10900,0
2017-08-04,18:00:00,2.9501,2.9501,2.93,2.93,5608,0
2017-08-04,19:00:00,2.95,2.95,2.93,2.93,3666,0
2017-08-04,20:00:00,2.9434,2.98,2.9405,2.97,12242,0
2017-08-04,21:00:00,2.98,2.98,2.9114,2.9114,13075,0
2017-08-04,22:00:00,2.9,2.92,2.88,2.91,13151,0
2017-08-07,16:00:00,2.91,2.913,2.9,2.9,4268,0
2017-08-07,17:00:00,2.86,2.8995,2.86,2.8985,3840,0
2017-08-07,18:00:00,2.9,2.9101,2.89,2.89,7768,0
2017-08-07,19:00:00,2.9,2.9044,2.88,2.88,5858,0
2017-08-07,20:00:00,2.8617,2.8696,2.86,2.8696,1189,0
2017-08-07,21:00:00,2.8747,2.8747,2.865,2.8692,700,0
2017-08-07,22:00:00,2.8699,2.88,2.86,2.88,3472,0
2017-08-08,16:00:00,2.92,2.92,2.89,2.89,3029,0
2017-08-08,17:00:00,2.8901,2.8901,2.8275,2.85,6678,0
2017-08-08,18:00:00,2.82,2.84,2.82,2.84,5573,0
2017-08-08,19:00:00,2.84,2.84,2.82,2.83,3200,0
2017-08-08,20:00:00,2.82,2.85,2.82,2.83,3347,0
2017-08-08,21:00:00,2.85,2.85,2.83,2.85,600,0
2017-08-08,22:00:00,2.8446,2.88,2.83,2.88,4939,0
2017-08-09,16:00:00,2.92,2.939,2.92,2.939,2420,0
2017-08-09,17:00:00,2.92,2.92,2.87,2.89,5925,0
2017-08-09,18:00:00,2.89,2.9,2.87,2.9,9400,0
2017-08-09,19:00:00,2.9,2.9,2.84,2.8499,8198,0
2017-08-09,20:00:00,2.8472,2.8766,2.8409,2.8766,9100,0
2017-08-09,21:00:00,2.88,2.9,2.8501,2.9,9918,0
2017-08-09,22:00:00,2.9,2.9,2.88,2.89,8699,0
2017-08-10,16:00:00,2.93,2.95,2.9,2.922,4365,0
2017-08-10,17:00:00,2.94,2.99,2.8954,2.92,14900,0
2017-08-10,18:00:00,2.92,2.96,2.89,2.89,6000,0
2017-08-10,19:00:00,2.9,2.9,2.89,2.89,2900,0
2017-08-10,20:00:00,2.9,2.92,2.89,2.92,4813,0
2017-08-10,21:00:00,2.9134,2.92,2.91,2.91,5900,0
2017-08-10,22:00:00,2.915,2.93,2.91,2.92,3302,0
2017-08-11,16:00:00,2.94,2.94,2.91,2.91,4950,0
2017-08-11,17:00:00,2.939,2.94,2.93,2.94,540,0
2017-08-11,18:00:00,2.9363,2.95,2.93,2.9308,9651,0
2017-08-11,19:00:00,2.94,2.94,2.93,2.93,2050,0
2017-08-11,20:00:00,2.94,2.94,2.93,2.93,1498,0
2017-08-11,21:00:00,2.94,2.94,2.9312,2.94,2900,0
2017-08-11,22:00:00,2.94,2.94,2.93,2.94,2160,0
2017-08-14,16:00:00,2.97,2.986,2.93,2.94,11076,0
2017-08-14,17:00:00,2.91,2.97,2.89,2.92,3010,0
2017-08-14,18:00:00,2.92,2.96,2.92,2.96,4111,0
2017-08-14,19:00:00,2.98,2.98,2.9555,2.96,3200,0
2017-08-14,20:00:00,2.95,2.97,2.95,2.95,2000,0
2017-08-14,21:00:00,2.9601,2.98,2.92,2.92,4813,0
2017-08-14,22:00:00,2.97,2.98,2.92,2.96,4380,0
2017-08-15,16:00:00,2.96,2.97,2.95,2.965,10697,0
2017-08-15,17:00:00,2.95,2.95,2.92,2.93,2050,0
2017-08-15,18:00:00,2.9288,2.95,2.9254,2.9368,2053,0
2017-08-15,19:00:00,2.95,2.971,2.9486,2.97,5936,0
2017-08-15,20:00:00,2.9671,2.98,2.9616,2.9616,1750,0
2017-08-15,21:00:00,2.98,2.98,2.97,2.98,5685,0
2017-08-15,22:00:00,2.98,2.98,2.97,2.98,9740,0
2017-08-16,16:00:00,3,3,2.98,2.99,630,0
2017-08-16,17:00:00,2.982,2.99,2.961,2.98,7475,0
2017-08-16,18:00:00,2.97,2.97,2.97,2.97,300,0
2017-08-16,19:00:00,2.99,2.99,2.9782,2.98,1400,0
2017-08-16,20:00:00,2.98,2.98,2.98,2.98,1900,0
2017-08-16,21:00:00,2.98,3.04,2.9755,3.02,27513,0
2017-08-16,22:00:00,3.019,3.02,2.98,3.01,8115,0
2017-08-17,16:00:00,2.99,3,2.99,2.9901,2602,0
2017-08-17,17:00:00,2.99,2.99,2.9601,2.97,4432,0
2017-08-17,18:00:00,2.967,2.98,2.96,2.98,7000,0
2017-08-17,19:00:00,2.98,2.98,2.98,2.98,300,0
2017-08-17,20:00:00,2.98,2.98,2.9725,2.9725,1000,0
2017-08-17,21:00:00,2.98,2.98,2.96,2.9618,3785,0
2017-08-17,22:00:00,2.96,2.97,2.92,2.92,18694,0
2017-08-18,16:00:00,2.92,2.96,2.92,2.9511,1855,0
2017-08-18,17:00:00,2.999,3.04,2.998,3.04,9250,0
2017-08-18,18:00:00,3.04,3.04,3.024,3.03,3400,0
2017-08-18,19:00:00,3.0388,3.0388,3.02,3.03,2500,0
2017-08-18,20:00:00,3.03,3.03,3.0075,3.02,1416,0
2017-08-18,21:00:00,3.019,3.02,3,3,1450,0
2017-08-18,22:00:00,3.0051,3.02,2.991,3.02,3673,0
2017-08-21,16:00:00,3.04,3.05,3.02,3.02,22919,0
2017-08-21,17:00:00,3.001,3.05,3,3.0399,15106,0
2017-08-21,18:00:00,3.01,3.04,3.01,3.01,994,0
2017-08-21,19:00:00,3.03,3.03,3.01,3.0286,600,0
2017-08-21,20:00:00,3.03,3.04,3.025,3.03,11046,0
2017-08-21,21:00:00,3.0189,3.02,3,3.02,1160,0
2017-08-21,22:00:00,3.0095,3.03,3.0095,3.03,3444,0
2017-08-22,16:00:00,3.04,3.05,3.04,3.04,2059,0
2017-08-22,17:00:00,3.02,3.024,3.0101,3.0132,2900,0
2017-08-22,18:00:00,3.01,3.0286,3.01,3.01,2227,0
2017-08-22,19:00:00,3.0247,3.04,3.02,3.02,600,0
2017-08-22,20:00:00,3.04,3.04,3.01,3.01,4185,0
2017-08-22,21:00:00,3.0151,3.04,3.0151,3.027,1800,0
2017-08-22,22:00:00,3.04,3.04,3.03,3.04,4210,0
2017-08-23,16:00:00,3.04,3.06,3.04,3.06,730,0
2017-08-23,17:00:00,3.02,3.03,3,3.0098,7177,0
2017-08-23,18:00:00,3.01,3.04,3,3.03,6630,0
2017-08-23,19:00:00,3.0399,3.0399,3.03,3.03,3400,0
2017-08-23,20:00:00,3.025,3.025,3.02,3.02,1200,0
2017-08-23,21:00:00,3.02,3.02,3.02,3.02,100,0
2017-08-23,22:00:00,3.02,3.03,3.0002,3.03,18120,0
2017-08-24,16:00:00,3,3.0132,3,3.0132,1086,0
2017-08-24,17:00:00,3.01,3.05,3.01,3.03,1915,0
2017-08-24,18:00:00,3.0459,3.08,3.0459,3.05,8650,0
2017-08-24,19:00:00,3.07,3.08,3.05,3.05,2400,0
2017-08-24,20:00:00,3.05,3.07,3.05,3.06,6400,0
2017-08-24,21:00:00,3.06,3.07,3.06,3.065,4232,0
2017-08-24,22:00:00,3.07,3.07,3.03,3.03,5214,0
2017-08-25,16:00:00,3.04,3.07,3.02,3.07,495,0
2017-08-25,17:00:00,3.07,3.07,3,3.03,5130,0
2017-08-25,18:00:00,3.04,3.04,3,3.0028,1255,0
2017-08-25,19:00:00,3.0202,3.04,2.97,3.04,5625,0
2017-08-25,20:00:00,3.03,3.04,3.03,3.03,1500,0
2017-08-25,21:00:00,3.0474,3.05,3.04,3.05,1825,0
2017-08-25,22:00:00,3.05,3.06,3.04,3.06,6092,0
2017-08-28,16:00:00,3.0899,3.0899,3.0652,3.0652,397,0
2017-08-28,17:00:00,3.0701,3.08,3.06,3.06,3750,0
2017-08-28,18:00:00,3.08,3.15,3.08,3.135,31544,0
2017-08-28,19:00:00,3.146,3.146,3.1113,3.13,10248,0
2017-08-28,20:00:00,3.1343,3.15,3.12,3.13,11712,0
2017-08-28,21:00:00,3.125,3.13,3.11,3.1237,4800,0
2017-08-28,22:00:00,3.14,3.15,3.1103,3.13,10055,0
2017-08-29,16:00:00,3.18,3.18,3.15,3.18,13265,0
2017-08-29,17:00:00,3.1793,3.18,3.07,3.16,28341,0
2017-08-29,18:00:00,3.145,3.145,3.108,3.11,2200,0
2017-08-29,19:00:00,3.13,3.18,3.13,3.15,23280,0
2017-08-29,20:00:00,3.15,3.19,3.12,3.16,19700,0
2017-08-29,21:00:00,3.18,3.18,3.12,3.17,2613,0
2017-08-29,22:00:00,3.151,3.18,3.09,3.18,11761,0
2017-08-30,16:00:00,3.2,3.2,3.101,3.1386,11628,0
2017-08-30,17:00:00,3.13,3.1386,2.97,3.0257,67462,0
2017-08-30,18:00:00,3.0499,3.09,2.99,3.02,17236,0
2017-08-30,19:00:00,3.01,3.0357,2.91,2.9201,63989,0
2017-08-30,20:00:00,2.93,2.95,2.87,2.89,63104,0
2017-08-30,21:00:00,2.91,2.98,2.87,2.98,31950,0
2017-08-30,22:00:00,2.975,3.01,2.9,2.98,49606,0
2017-08-31,16:00:00,3,3.0045,2.98,2.98,4100,0
2017-08-31,17:00:00,2.9524,3.04,2.9401,3.0131,35783,0
2017-08-31,18:00:00,3.017,3.08,3.01,3.08,16325,0
2017-08-31,19:00:00,3.08,3.1,3.07,3.07,1600,0
2017-08-31,20:00:00,3.08,3.08,3.07,3.08,500,0
2017-08-31,21:00:00,3.07,3.08,3.06,3.08,3400,0
2017-08-31,22:00:00,3.0669,3.07,3.03,3.03,9949,0
2017-09-01,16:00:00,3,3.04,3,3.04,3233,0
2017-09-01,17:00:00,3.011,3.03,3.011,3.02,8016,0
2017-09-01,18:00:00,3.03,3.05,3.03,3.04,2598,0
2017-09-01,19:00:00,3.043,3.05,3.0301,3.0301,1167,0
2017-09-01,21:00:00,3.0348,3.05,3.0328,3.05,1950,0
2017-09-01,22:00:00,3.05,3.05,3.03,3.05,3096,0
2017-09-05,16:00:00,3.07,3.1,3.05,3.06,16193,0
2017-09-05,17:00:00,3.0246,3.059,2.94,3.0501,41897,0
2017-09-05,18:00:00,3.05,3.05,3.02,3.05,7030,0
2017-09-05,19:00:00,3.0346,3.0346,3,3.02,11382,0
2017-09-05,20:00:00,3.02,3.05,3.02,3.036,5430,0
2017-09-05,21:00:00,3.05,3.06,3.02,3.03,9438,0
2017-09-05,22:00:00,3.03,3.06,3.03,3.05,6931,0
2017-09-06,16:00:00,3.09,3.09,3.01,3.05,8033,0
2017-09-06,17:00:00,3.03,3.049,2.98,3.015,5520,0
2017-09-06,18:00:00,3.01,3.01,2.9819,3,5416,0
2017-09-06,19:00:00,3.0045,3.0045,3.0045,3.0045,1000,0
2017-09-06,20:00:00,2.99,2.995,2.98,2.9892,4237,0
2017-09-06,21:00:00,2.98,2.99,2.98,2.985,2588,0
2017-09-06,22:00:00,2.99,3.01,2.985,3,7115,0
2017-09-07,16:00:00,3,3.09,2.99,3.02,13071,0
2017-09-07,17:00:00,3.01,3.0399,3.01,3.02,3995,0
2017-09-07,18:00:00,3.0379,3.0379,2.99,2.99,2100,0
2017-09-07,19:00:00,3,3.0007,3,3,2867,0
2017-09-07,20:00:00,2.9901,3.01,2.99,3.0055,4802,0
2017-09-07,21:00:00,3.0027,3.0027,3.0027,3.0027,200,0
2017-09-07,22:00:00,3,3.02,2.98,3.01,26280,0
2017-09-08,16:00:00,3.03,3.08,3.03,3.08,1856,0
2017-09-08,18:00:00,3.04,3.0405,2.95,2.98,8658,0
2017-09-08,19:00:00,2.98,2.98,2.95,2.95,2500,0
2017-09-08,20:00:00,2.95,2.9569,2.95,2.9569,3602,0
2017-09-08,21:00:00,2.96,2.98,2.96,2.98,2250,0
2017-09-08,22:00:00,2.97,3,2.95,3,26843,0
2017-09-11,16:00:00,2.99,2.99,2.94,2.9639,8256,0
2017-09-11,17:00:00,2.986,2.99,2.95,2.986,7502,0
2017-09-11,18:00:00,2.96,2.99,2.96,2.975,16202,0
2017-09-11,19:00:00,2.9751,2.9884,2.9751,2.9884,1850,0
2017-09-11,20:00:00,2.985,2.985,2.98,2.98,1200,0
2017-09-11,21:00:00,2.983,3,2.983,3,2300,0
2017-09-11,22:00:00,2.995,3,2.97,2.99,8026,0
2017-09-12,16:00:00,3.01,3.01,2.96,2.9777,8300,0
2017-09-12,17:00:00,2.96,3,2.96,3,2300,0
2017-09-12,18:00:00,2.99,2.99,2.981,2.981,1000,0
2017-09-12,19:00:00,3,3,2.91,2.91,13863,0
2017-09-12,20:00:00,2.92,2.92,2.83,2.9135,22871,0
2017-09-12,21:00:00,2.9,2.9185,2.89,2.89,11017,0
2017-09-12,22:00:00,2.89,2.95,2.88,2.88,24789,0
2017-09-13,16:00:00,2.9,2.92,2.8858,2.9137,1234,0
2017-09-13,17:00:00,2.92,2.92,2.9,2.9,11768,0
2017-09-13,18:00:00,2.9021,2.9039,2.9,2.9,4999,0
2017-09-13,19:00:00,2.9,2.905,2.88,2.89,6447,0
2017-09-13,20:00:00,2.89,2.9,2.88,2.88,3050,0
2017-09-13,21:00:00,2.88,2.91,2.88,2.89,2300,0
2017-09-13,22:00:00,2.89,2.91,2.89,2.91,10292,0
2017-09-14,16:00:00,2.91,2.92,2.91,2.92,1925,0
2017-09-14,17:00:00,2.92,2.93,2.91,2.91,1700,0
2017-09-14,18:00:00,2.94,2.96,2.94,2.94,725,0
2017-09-14,19:00:00,2.94,2.94,2.9289,2.929,550,0
2017-09-14,20:00:00,2.9201,2.98,2.92,2.96,10627,0
2017-09-14,21:00:00,2.96,2.98,2.96,2.9604,2400,0
2017-09-14,22:00:00,2.955,2.96,2.95,2.95,8975,0
2017-09-15,16:00:00,2.95,2.99,2.95,2.99,2700,0
2017-09-15,17:00:00,2.9879,3,2.96,2.975,12500,0
2017-09-15,18:00:00,2.98,2.98,2.97,2.97,9746,0
2017-09-15,19:00:00,2.97,3.02,2.97,3.0007,11350,0
2017-09-15,20:00:00,3,3,3,3,800,0
2017-09-15,21:00:00,3,3.01,2.9891,2.99,3300,0
2017-09-15,22:00:00,2.9986,3.01,2.97,2.99,10173,0
2017-09-18,16:00:00,2.97,2.97,2.936,2.95,2896,0
2017-09-18,17:00:00,2.95,3,2.932,2.96,3164,0
2017-09-18,18:00:00,2.98,2.98,2.94,2.9411,4766,0
2017-09-18,19:00:00,2.95,3,2.93,2.97,17525,0
2017-09-18,20:00:00,2.966,2.966,2.9504,2.96,1166,0
2017-09-18,21:00:00,2.95,2.96,2.95,2.96,9850,0
2017-09-18,22:00:00,2.9615,3,2.9612,2.97,7300,0
2017-09-19,16:00:00,3,3.016,2.9972,3,3745,0
2017-09-19,17:00:00,3,3.04,2.98,3.04,13800,0
2017-09-19,18:00:00,3,3.03,2.99,3,8100,0
2017-09-19,19:00:00,2.99,2.99,2.98,2.989,3000,0
2017-09-19,20:00:00,2.9631,2.9867,2.96,2.97,7767,0
2017-09-19,21:00:00,2.98,3.03,2.98,3.02,15000,0
2017-09-19,22:00:00,3.02,3.04,3.01,3.03,22167,0
2017-09-20,16:00:00,3.05,3.05,2.99,3.01,1871,0
2017-09-20,17:00:00,3.02,3.04,3.02,3.04,1545,0
2017-09-20,18:00:00,3.03,3.04,3.02,3.04,6564,0
2017-09-20,19:00:00,3.04,3.08,3.04,3.08,10780,0
2017-09-20,20:00:00,3.08,3.08,3.06,3.08,1848,0
2017-09-20,21:00:00,3.06,3.0786,3.04,3.05,4593,0
2017-09-20,22:00:00,3.04,3.0429,3.03,3.04,2277,0
2017-09-21,16:00:00,2.99,2.99,2.911,2.9256,8475,0
2017-09-21,17:00:00,2.96,2.96,2.9498,2.96,1050,0
2017-09-21,18:00:00,2.95,2.95,2.95,2.95,100,0
2017-09-21,19:00:00,2.953,2.9691,2.95,2.96,3800,0
2017-09-21,20:00:00,2.9594,2.9616,2.95,2.95,1265,0
2017-09-21,21:00:00,2.97,2.97,2.93,2.93,3142,0
2017-09-21,22:00:00,2.95,2.96,2.93,2.93,12763,0
2017-09-22,16:00:00,2.91,2.99,2.91,2.96,1655,0
2017-09-22,17:00:00,2.98,2.99,2.9399,2.99,14067,0
2017-09-22,18:00:00,2.9714,2.99,2.9714,2.99,1950,0
2017-09-22,19:00:00,2.97,2.9999,2.97,2.999,4375,0
2017-09-22,20:00:00,2.9994,3,2.994,2.996,7800,0
2017-09-22,21:00:00,3,3,2.98,2.98,5783,0
2017-09-22,22:00:00,2.98,2.99,2.96,2.99,17083,0
2017-09-25,16:00:00,3,3,2.966,2.966,4569,0
2017-09-25,17:00:00,2.974,3,2.974,3,4760,0
2017-09-25,18:00:00,3,3.07,2.9999,3.05,35030,0
2017-09-25,19:00:00,3.05,3.06,3.02,3.02,24398,0
2017-09-25,20:00:00,3.03,3.04,3,3.0001,4198,0
2017-09-25,21:00:00,3.05,3.05,3.01,3.01,1801,0
2017-09-25,22:00:00,3,3.0141,2.94,2.97,13687,0
2017-09-26,16:00:00,2.92,2.964,2.91,2.91,3300,0
2017-09-26,17:00:00,2.93,2.962,2.93,2.94,5800,0
2017-09-26,18:00:00,2.93,2.94,2.92,2.926,6372,0
2017-09-26,19:00:00,2.9259,2.9259,2.88,2.9017,12548,0
2017-09-26,20:00:00,2.906,2.92,2.906,2.9101,5700,0
2017-09-26,21:00:00,2.91,3.01,2.91,2.95,7018,0
2017-09-26,22:00:00,2.9752,2.99,2.95,2.96,4237,0
2017-09-27,16:00:00,2.95,2.99,2.95,2.99,2320,0
2017-09-27,17:00:00,2.957,2.96,2.9511,2.9533,4250,0
2017-09-27,18:00:00,2.956,2.96,2.9542,2.955,737,0
2017-09-27,19:00:00,2.955,2.96,2.9325,2.9406,10351,0
2017-09-27,20:00:00,2.9593,2.96,2.95,2.96,1225,0
2017-09-27,21:00:00,2.9593,2.9593,2.95,2.95,200,0
2017-09-27,22:00:00,2.95,2.96,2.94,2.94,6763,0
2017-09-28,16:00:00,2.94,2.94,2.91,2.91,4234,0
2017-09-28,17:00:00,2.91,2.94,2.91,2.94,4447,0
2017-09-28,18:00:00,2.93,2.94,2.93,2.93,4300,0
2017-09-28,19:00:00,2.93,2.94,2.92,2.94,3207,0
2017-09-28,20:00:00,2.936,2.9399,2.93,2.9334,5223,0
2017-09-28,21:00:00,2.935,2.94,2.93,2.9351,1488,0
2017-09-28,22:00:00,2.93,2.94,2.93,2.93,12792,0
2017-09-29,16:00:00,2.93,2.98,2.91,2.92,14620,0
2017-09-29,17:00:00,2.92,2.93,2.884,2.9,21465,0
2017-09-29,18:00:00,2.9,2.94,2.9,2.92,22154,0
2017-09-29,19:00:00,2.9108,2.945,2.9108,2.945,10977,0
2017-09-29,20:00:00,2.95,2.97,2.95,2.96,41800,0
2017-09-29,21:00:00,2.9899,3,2.98,2.98,33571,0
2017-09-29,22:00:00,2.97,2.98,2.93,2.95,30408,0
2017-10-02,16:00:00,2.95,2.98,2.9475,2.98,18412,0
2017-10-02,17:00:00,2.985,3,2.9758,2.99,13604,0
2017-10-02,18:00:00,2.99,3.018,2.98,3.01,18508,0
2017-10-02,19:00:00,2.99,3.009,2.99,3,3200,0
2017-10-02,20:00:00,3.01,3.02,2.97,2.97,2805,0
2017-10-02,21:00:00,2.9899,2.99,2.96,2.99,3535,0
2017-10-02,22:00:00,2.981,2.99,2.96,2.97,2746,0
2017-10-03,16:00:00,2.95,2.99,2.95,2.99,1387,0
2017-10-03,17:00:00,2.985,2.99,2.96,2.9726,8251,0
2017-10-03,18:00:00,2.98,2.985,2.96,2.985,2616,0
2017-10-03,19:00:00,2.99,2.99,2.986,2.99,2402,0
2017-10-03,20:00:00,2.9998,2.9998,2.99,2.99,2900,0
2017-10-03,21:00:00,3,3,2.9833,2.99,2177,0
2017-10-03,22:00:00,2.995,3,2.98,2.98,12516,0
2017-10-04,16:00:00,3.02,3.02,3.01,3.0123,5806,0
2017-10-04,17:00:00,3.01,3.02,2.97,2.9774,14435,0
2017-10-04,18:00:00,2.98,3,2.98,3,11644,0
2017-10-04,19:00:00,2.995,3,2.991,3,9170,0
2017-10-04,20:00:00,3.01,3.02,3.0052,3.02,1597,0
2017-10-04,21:00:00,3.04,3.04,3.0042,3.0042,4895,0
2017-10-04,22:00:00,3.01,3.0399,3,3.03,9894,0
2017-10-05,16:00:00,3.03,3.03,3.01,3.01,5290,0
2017-10-05,17:00:00,3,3,2.95,3,24921,0
2017-10-05,18:00:00,2.997,3.0009,2.9941,3.0009,4458,0
2017-10-05,19:00:00,3.0146,3.02,3.01,3.01,4550,0
2017-10-05,20:00:00,3.015,3.035,3.0106,3.0106,22613,0
2017-10-05,21:00:00,3.02,3.03,3.02,3.03,8389,0
2017-10-05,22:00:00,3.0416,3.05,3.037,3.04,3005,0
2017-10-06,16:00:00,3.01,3.06,3.01,3.043,14628,0
2017-10-06,17:00:00,3.05,3.06,3.04,3.06,2694,0
2017-10-06,18:00:00,3.08,3.08,3.06,3.08,3689,0
2017-10-06,19:00:00,3.08,3.1,3.075,3.08,25991,0
2017-10-06,20:00:00,3.085,3.09,3.054,3.06,7488,0
2017-10-06,21:00:00,3.06,3.08,3.055,3.08,6012,0
2017-10-06,22:00:00,3.07,3.09,3.07,3.09,9951,0
2017-10-09,16:00:00,3.13,3.15,3.09,3.09,16903,0
2017-10-09,17:00:00,3.1008,3.1097,3.06,3.08,18478,0
2017-10-09,18:00:00,3.0798,3.09,3.079,3.09,3600,0
2017-10-09,19:00:00,3.085,3.09,3.06,3.06,3780,0
2017-10-09,20:00:00,3.0799,3.08,3.0732,3.0732,4962,0
2017-10-09,21:00:00,3.08,3.11,3.08,3.11,9430,0
2017-10-09,22:00:00,3.11,3.12,3.11,3.12,13612,0
2017-10-10,16:00:00,3.11,3.1764,3.11,3.1701,14795,0
2017-10-10,17:00:00,3.17,3.17,3.1537,3.1537,8140,0
2017-10-10,18:00:00,3.17,3.17,3.15,3.15,1900,0
2017-10-10,19:00:00,3.1452,3.15,3.14,3.14,5960,0
2017-10-10,20:00:00,3.145,3.15,3.14,3.14,7793,0
2017-10-10,21:00:00,3.15,3.1577,3.15,3.1577,700,0
2017-10-10,22:00:00,3.15,3.17,3.1415,3.16,10849,0
2017-10-11,16:00:00,3.15,3.2,3.15,3.2,3166,0
2017-10-11,17:00:00,3.1928,3.2,3.18,3.1989,10155,0
2017-10-11,18:00:00,3.2,3.2,3.18,3.195,7420,0
2017-10-11,19:00:00,3.19,3.23,3.18,3.196,19540,0
2017-10-11,20:00:00,3.195,3.195,3.18,3.185,5200,0
2017-10-11,21:00:00,3.18,3.1848,3.18,3.18,2546,0
2017-10-11,22:00:00,3.19,3.2,3.17,3.17,12869,0
2017-10-12,16:00:00,3.19,3.19,3.15,3.16,1204,0
2017-10-12,17:00:00,3.2,3.2,3.16,3.16,5437,0
2017-10-12,18:00:00,3.16,3.17,3.16,3.17,1697,0
2017-10-12,19:00:00,3.165,3.166,3.16,3.16,5355,0
2017-10-12,20:00:00,3.1597,3.17,3.15,3.1668,1268,0
2017-10-12,21:00:00,3.17,3.17,3.16,3.16,2990,0
2017-10-12,22:00:00,3.1687,3.17,3.07,3.07,20174,0
2017-10-13,16:00:00,3.11,3.11,3.06,3.06,6619,0
2017-10-13,17:00:00,3.06,3.0661,3,3.05,16045,0
2017-10-13,18:00:00,3.0737,3.0737,3.05,3.07,3500,0
2017-10-13,19:00:00,3.05,3.05,3.03,3.04,1520,0
2017-10-13,20:00:00,3.05,3.05,3.0475,3.0475,200,0
2017-10-13,21:00:00,3.04,3.0492,3.03,3.03,1798,0
2017-10-13,22:00:00,3.05,3.05,3.04,3.05,1947,0
2017-10-16,16:00:00,3.04,3.04,3.02,3.02,990,0
2017-10-16,17:00:00,3.019,3.05,3.01,3.0349,9731,0
2017-10-16,18:00:00,3.02,3.0322,2.9597,2.9597,8905,0
2017-10-16,19:00:00,2.9622,3,2.93,2.9698,27860,0
2017-10-16,20:00:00,2.962,2.99,2.95,2.99,3000,0
2017-10-16,21:00:00,2.9892,2.9892,2.95,2.95,4060,0
2017-10-16,22:00:00,2.94,2.9653,2.935,2.95,19591,0
2017-10-17,16:00:00,2.98,3.03,2.94,3.03,4425,0
2017-10-17,17:00:00,3,3,2.9756,2.9756,475,0
2017-10-17,18:00:00,2.9549,2.9549,2.9101,2.9101,7440,0
2017-10-17,19:00:00,2.92,2.93,2.92,2.92,977,0
2017-10-17,20:00:00,2.92,2.94,2.92,2.93,3610,0
2017-10-17,21:00:00,2.935,2.935,2.9067,2.9114,16595,0
2017-10-17,22:00:00,2.91,2.93,2.89,2.89,20582,0
2017-10-18,16:00:00,2.91,2.94,2.9,2.9293,18511,0
2017-10-18,17:00:00,2.9293,2.9296,2.88,2.89,19280,0
2017-10-18,18:00:00,2.89,2.9,2.89,2.89,5598,0
2017-10-18,19:00:00,2.896,2.8966,2.89,2.895,2755,0
2017-10-18,20:00:00,2.895,2.9,2.89,2.9,1550,0
2017-10-18,21:00:00,2.9,2.9232,2.89,2.9232,7466,0
2017-10-18,22:00:00,2.91,2.93,2.9,2.92,11476,0
2017-10-19,16:00:00,2.95,2.98,2.9,2.963,3971,0
2017-10-19,17:00:00,2.96,2.9655,2.96,2.9655,2700,0
2017-10-19,18:00:00,2.964,2.97,2.96,2.97,2300,0
2017-10-19,19:00:00,2.961,2.97,2.96,2.96,1400,0
2017-10-19,20:00:00,2.96,2.98,2.96,2.9624,15510,0
2017-10-19,21:00:00,2.96,2.97,2.96,2.96,4600,0
2017-10-19,22:00:00,2.97,2.97,2.95,2.95,1025,0
2017-10-20,16:00:00,2.95,2.95,2.9,2.93,12726,0
2017-10-20,17:00:00,2.91,2.93,2.9,2.9097,2370,0
2017-10-20,18:00:00,2.9,2.91,2.89,2.9032,16970,0
2017-10-20,19:00:00,2.905,2.9067,2.9,2.9,7419,0
2017-10-20,20:00:00,2.9001,2.9001,2.9,2.9001,5640,0
2017-10-20,21:00:00,2.9,2.91,2.9,2.9,1650,0
2017-10-20,22:00:00,2.9,2.91,2.9,2.9,13183,0
2017-10-23,16:00:00,2.89,2.9,2.89,2.9,2666,0
2017-10-23,17:00:00,2.895,2.92,2.89,2.91,23717,0
2017-10-23,18:00:00,2.9,2.91,2.89,2.9,10400,0
2017-10-23,19:00:00,2.9,2.9,2.8899,2.89,6422,0
2017-10-23,20:00:00,2.9,2.9,2.895,2.895,400,0
2017-10-23,21:00:00,2.9,2.9,2.89,2.9,1614,0
2017-10-23,22:00:00,2.8914,2.9,2.88,2.88,13130,0
2017-10-24,16:00:00,2.88,2.92,2.88,2.89,8622,0
2017-10-24,17:00:00,2.885,2.91,2.885,2.905,5460,0
2017-10-24,18:00:00,2.901,2.91,2.9,2.9,3367,0
2017-10-24,19:00:00,2.9086,2.93,2.9086,2.9133,10123,0
2017-10-24,20:00:00,2.9051,2.92,2.9051,2.91,355,0
2017-10-24,21:00:00,2.9055,2.9055,2.89,2.89,2100,0
2017-10-24,22:00:00,2.89,2.909,2.89,2.9,17382,0
2017-10-25,16:00:00,2.88,2.8868,2.88,2.881,2227,0
2017-10-25,17:00:00,2.89,2.89,2.88,2.89,4350,0
2017-10-25,18:00:00,2.89,2.91,2.88,2.9,20372,0
2017-10-25,19:00:00,2.9,2.9,2.888,2.89,9209,0
2017-10-25,20:00:00,2.9,2.9,2.9,2.9,900,0
2017-10-25,21:00:00,2.92,2.93,2.911,2.911,1800,0
2017-10-25,22:00:00,2.9,2.909,2.9,2.9,1270,0
2017-10-26,16:00:00,2.92,2.94,2.895,2.895,7300,0
2017-10-26,17:00:00,2.9,2.9,2.8966,2.9,8511,0
2017-10-26,18:00:00,2.92,2.92,2.9001,2.92,1096,0
2017-10-26,19:00:00,2.91,2.9299,2.9099,2.91,4564,0
2017-10-26,20:00:00,2.9125,2.9125,2.9125,2.9125,400,0
2017-10-26,21:00:00,2.91,2.91,2.8914,2.91,3522,0
2017-10-26,22:00:00,2.9047,2.91,2.89,2.91,3909,0
2017-10-27,16:00:00,2.89,2.9,2.89,2.89,1201,0
2017-10-27,17:00:00,2.9,2.9,2.89,2.9,18435,0
2017-10-27,18:00:00,2.9,2.9,2.892,2.9,20107,0
2017-10-27,19:00:00,2.8901,2.9,2.8901,2.8901,4473,0
2017-10-27,20:00:00,2.9,2.9,2.89,2.899,11570,0
2017-10-27,21:00:00,2.8994,2.9,2.89,2.89,1487,0
2017-10-27,22:00:00,2.9,2.95,2.9,2.95,27740,0
2017-10-30,15:00:00,2.95,2.95,2.9,2.9,18584,0
2017-10-30,16:00:00,2.9084,2.91,2.9001,2.91,4075,0
2017-10-30,17:00:00,2.9,2.9,2.895,2.9,12350,0
2017-10-30,18:00:00,2.91,2.91,2.8997,2.8997,3300,0
2017-10-30,19:00:00,2.9001,2.91,2.9,2.91,27500,0
2017-10-30,20:00:00,2.9038,2.93,2.9,2.9,10228,0
2017-10-30,21:00:00,2.9,2.9011,2.9,2.9011,320,0
2017-10-31,15:00:00,2.9,2.94,2.9,2.9056,1801,0
2017-10-31,16:00:00,2.9,2.92,2.89,2.89,21150,0
2017-10-31,17:00:00,2.895,2.9054,2.895,2.9054,15067,0
2017-10-31,18:00:00,2.91,2.91,2.9,2.9,6950,0
2017-10-31,19:00:00,2.9,2.91,2.8908,2.8908,1250,0
2017-10-31,20:00:00,2.9,2.9,2.89,2.9,12225,0
2017-10-31,21:00:00,2.8933,2.895,2.8,2.82,49169,0
2017-11-01,15:00:00,2.88,2.89,2.85,2.8844,6447,0
2017-11-01,16:00:00,2.89,2.895,2.89,2.895,1087,0
2017-11-01,17:00:00,2.895,2.9,2.89,2.895,1500,0
2017-11-01,18:00:00,2.895,2.895,2.895,2.895,550,0
2017-11-01,19:00:00,2.8932,2.895,2.8932,2.895,661,0
2017-11-01,20:00:00,2.895,2.9,2.86,2.88,13511,0
2017-11-01,21:00:00,2.8657,2.9,2.86,2.89,15655,0
2017-11-02,15:00:00,2.89,2.89,2.89,2.89,1339,0
2017-11-02,16:00:00,2.88,2.9,2.88,2.8801,12649,0
2017-11-02,17:00:00,2.9,2.9,2.9,2.9,200,0
2017-11-02,18:00:00,2.9,2.9,2.8801,2.8932,6689,0
2017-11-02,19:00:00,2.8801,2.9,2.88,2.9,2040,0
2017-11-02,20:00:00,2.899,2.9,2.8801,2.8866,1500,0
2017-11-02,21:00:00,2.88,2.91,2.85,2.87,54503,0
2017-11-03,15:00:00,2.84,2.88,2.83,2.88,64907,0
2017-11-03,16:00:00,2.88,2.8815,2.87,2.8728,16002,0
2017-11-03,17:00:00,2.88,2.88,2.8701,2.88,2220,0
2017-11-03,18:00:00,2.88,2.91,2.87,2.91,22097,0
2017-11-03,19:00:00,2.9201,2.9657,2.9201,2.95,8965,0
2017-11-03,20:00:00,2.9452,2.9648,2.9401,2.9401,10662,0
2017-11-03,21:00:00,2.95,2.9501,2.91,2.92,16291,0
2017-11-06,16:00:00,2.92,2.944,2.92,2.92,5235,0
2017-11-06,17:00:00,2.91,2.93,2.9,2.9,3500,0
2017-11-06,18:00:00,2.9,2.92,2.89,2.9,10700,0
2017-11-06,19:00:00,2.8984,2.92,2.89,2.8958,4450,0
2017-11-06,20:00:00,2.9047,2.92,2.9001,2.91,12536,0
2017-11-06,21:00:00,2.93,2.9301,2.9,2.9155,2471,0
2017-11-06,22:00:00,2.9,2.95,2.881,2.95,24648,0
2017-11-07,16:00:00,2.92,2.9743,2.92,2.9743,10826,0
2017-11-07,17:00:00,2.9536,2.975,2.9536,2.961,3933,0
2017-11-07,19:00:00,2.9399,2.94,2.9341,2.94,4302,0
2017-11-07,20:00:00,2.93,2.93,2.86,2.88,3980,0
2017-11-07,21:00:00,2.86,2.93,2.8316,2.93,17100,0
2017-11-07,22:00:00,2.92,2.92,2.9,2.9,4947,0
2017-11-08,16:00:00,2.86,2.89,2.851,2.89,509,0
2017-11-08,17:00:00,2.89,2.9,2.8808,2.8808,5172,0
2017-11-08,18:00:00,2.8856,2.9,2.88,2.88,1400,0
2017-11-08,19:00:00,2.8801,2.8937,2.8801,2.89,1801,0
2017-11-08,20:00:00,2.89,2.895,2.88,2.88,4156,0
2017-11-08,21:00:00,2.85,2.86,2.81,2.8299,11403,0
2017-11-08,22:00:00,2.83,2.9,2.82,2.86,9161,0
2017-11-09,16:00:00,2.85,2.89,2.83,2.89,2508,0
2017-11-09,17:00:00,2.88,2.9,2.87,2.88,6830,0
2017-11-09,18:00:00,2.89,2.89,2.8407,2.87,10730,0
2017-11-09,19:00:00,2.86,2.87,2.85,2.87,1066,0
2017-11-09,21:00:00,2.88,2.88,2.88,2.88,200,0
2017-11-09,22:00:00,2.87,2.87,2.84,2.86,9200,0
2017-11-10,16:00:00,2.87,2.93,2.82,2.9042,60374,0
2017-11-10,17:00:00,2.9,2.91,2.8,2.83,79083,0
2017-11-10,18:00:00,2.84,2.89,2.8,2.86,100255,0
2017-11-10,19:00:00,2.8501,2.8669,2.82,2.8501,41844,0
2017-11-10,20:00:00,2.85,2.86,2.85,2.86,3800,0
2017-11-10,21:00:00,2.8686,2.87,2.86,2.87,1915,0
2017-11-10,22:00:00,2.86,2.88,2.86,2.86,12850,0
2017-11-13,16:00:00,2.86,2.9058,2.86,2.8968,10807,0
2017-11-13,17:00:00,2.89,2.9,2.89,2.9,9785,0
2017-11-13,18:00:00,2.89,2.9,2.841,2.8443,14148,0
2017-11-13,19:00:00,2.85,2.87,2.845,2.869,15169,0
2017-11-13,20:00:00,2.85,2.88,2.85,2.88,2300,0
2017-11-13,21:00:00,2.871,2.88,2.87,2.8701,915,0
2017-11-13,22:00:00,2.8768,2.88,2.86,2.86,2500,0
2017-11-14,16:00:00,2.87,2.87,2.84,2.84,7600,0
2017-11-14,17:00:00,2.8485,2.86,2.8,2.81,31045,0
2017-11-14,18:00:00,2.81,2.82,2.8,2.82,5000,0
2017-11-14,19:00:00,2.801,2.83,2.801,2.815,10050,0
2017-11-14,20:00:00,2.82,2.83,2.815,2.822,2140,0
2017-11-14,21:00:00,2.83,2.83,2.8,2.8,1304,0
2017-11-14,22:00:00,2.8031,2.81,2.79,2.8,56753,0
2017-11-15,16:00:00,2.76,2.8341,2.76,2.8341,19381,0
2017-11-15,17:00:00,2.82,2.83,2.7748,2.83,22691,0
2017-11-15,18:00:00,2.839,2.899,2.839,2.86,32790,0
2017-11-15,19:00:00,2.85,2.8501,2.85,2.8501,900,0
2017-11-15,20:00:00,2.86,2.86,2.85,2.855,3555,0
2017-11-15,21:00:00,2.855,2.86,2.83,2.83,14419,0
2017-11-15,22:00:00,2.84,2.84,2.78,2.78,11993,0
2017-11-16,16:00:00,2.76,2.8442,2.75,2.8428,14181,0
2017-11-16,17:00:00,2.83,2.83,2.81,2.83,4100,0
2017-11-16,18:00:00,2.816,2.82,2.7601,2.8,8204,0
2017-11-16,19:00:00,2.7952,2.83,2.79,2.83,3006,0
2017-11-16,20:00:00,2.83,2.83,2.8,2.8,7675,0
2017-11-16,21:00:00,2.81,2.83,2.8,2.8,20404,0
2017-11-16,22:00:00,2.8099,2.83,2.78,2.81,14422,0
2017-11-17,16:00:00,2.84,2.86,2.83,2.83,2800,0
2017-11-17,17:00:00,2.83,2.84,2.76,2.84,22530,0
2017-11-17,18:00:00,2.8367,2.95,2.8221,2.94,29676,0
2017-11-17,19:00:00,2.96,2.98,2.84,2.84,8809,0
2017-11-17,20:00:00,2.85,2.88,2.84,2.86,6156,0
2017-11-17,21:00:00,2.851,2.86,2.85,2.85,3361,0
2017-11-17,22:00:00,2.85,2.949,2.85,2.91,46060,0
2017-11-20,16:00:00,2.9,2.91,2.89,2.89,3743,0
2017-11-20,17:00:00,2.8803,2.8843,2.81,2.8514,15283,0
2017-11-20,18:00:00,2.832,2.85,2.82,2.83,8700,0
2017-11-20,19:00:00,2.8201,2.8201,2.8,2.805,9293,0
2017-11-20,20:00:00,2.8091,2.84,2.8007,2.8383,3400,0
2017-11-20,21:00:00,2.85,2.9,2.85,2.88,1200,0
2017-11-20,22:00:00,2.8758,2.88,2.79,2.83,13341,0
2017-11-21,16:00:00,2.85,2.85,2.84,2.85,1396,0
2017-11-21,17:00:00,2.86,2.86,2.84,2.84,4200,0
2017-11-21,18:00:00,2.8598,2.86,2.83,2.85,3460,0
2017-11-21,19:00:00,2.8376,2.84,2.8,2.8,20210,0
2017-11-21,20:00:00,2.82,2.82,2.8,2.8104,5230,0
2017-11-21,21:00:00,2.81,2.82,2.8,2.8,5171,0
2017-11-21,22:00:00,2.81,2.846,2.805,2.81,6539,0
2017-11-22,16:00:00,2.8,2.889,2.79,2.79,8894,0
2017-11-22,17:00:00,2.77,2.81,2.75,2.75,33145,0
2017-11-22,18:00:00,2.75,2.77,2.7207,2.7207,43875,0
2017-11-22,19:00:00,2.74,2.79,2.72,2.78,18723,0
2017-11-22,20:00:00,2.78,2.82,2.775,2.8,15964,0
2017-11-22,21:00:00,2.8,2.82,2.7898,2.82,6050,0
2017-11-22,22:00:00,2.82,2.83,2.8108,2.82,19702,0
2017-11-24,16:00:00,2.82,2.85,2.81,2.81,2550,0
2017-11-24,17:00:00,2.8,2.8,2.77,2.7872,10618,0
2017-11-24,18:00:00,2.78,2.8,2.78,2.79,11123,0
2017-11-24,19:00:00,2.79,2.79,2.76,2.77,3334,0
2017-11-24,20:00:00,2.78,2.78,2.78,2.78,975,0
2017-11-27,16:00:00,2.78,2.7852,2.74,2.76,31733,0
2017-11-27,17:00:00,2.7638,2.7638,2.72,2.75,17210,0
2017-11-27,18:00:00,2.74,2.745,2.66,2.675,63244,0
2017-11-27,19:00:00,2.6755,2.7,2.67,2.6986,24321,0
2017-11-27,20:00:00,2.7,2.72,2.69,2.71,48268,0
2017-11-27,21:00:00,2.71,2.76,2.6821,2.6986,35259,0
2017-11-27,22:00:00,2.7,2.76,2.68,2.76,52711,0
2017-11-28,16:00:00,2.7952,2.8061,2.771,2.8061,17940,0
2017-11-28,17:00:00,2.81,2.9544,2.81,2.912,33469,0
2017-11-28,18:00:00,2.93,2.93,2.86,2.8925,5872,0
2017-11-28,19:00:00,2.8902,2.9,2.88,2.88,2276,0
2017-11-28,20:00:00,2.87,2.87,2.84,2.865,6238,0
2017-11-28,21:00:00,2.8699,2.87,2.86,2.87,8534,0
2017-11-28,22:00:00,2.8687,2.88,2.84,2.84,13870,0
2017-11-29,16:00:00,2.81,2.81,2.791,2.81,19128,0
2017-11-29,17:00:00,2.8434,2.8434,2.81,2.823,14436,0
2017-11-29,18:00:00,2.82,2.8249,2.8,2.82,5900,0
2017-11-29,19:00:00,2.82,2.82,2.819,2.819,600,0
2017-11-29,20:00:00,2.82,2.82,2.82,2.82,300,0
2017-11-29,21:00:00,2.83,2.84,2.82,2.83,1300,0
2017-11-29,22:00:00,2.82,2.84,2.8,2.8,4888,0
2017-11-30,16:00:00,2.8,2.8252,2.78,2.7939,16904,0
2017-11-30,17:00:00,2.795,2.83,2.7666,2.83,11492,0
2017-11-30,18:00:00,2.82,2.83,2.8,2.82,9768,0
2017-11-30,19:00:00,2.8,2.82,2.8,2.82,5166,0
2017-11-30,20:00:00,2.82,2.84,2.82,2.8312,11232,0
2017-11-30,21:00:00,2.84,2.84,2.8,2.82,19061,0
2017-11-30,22:00:00,2.84,2.86,2.822,2.83,22250,0
2017-12-01,16:00:00,2.8,2.83,2.8,2.82,5456,0
2017-12-01,17:00:00,2.82,2.8633,2.79,2.86,19292,0
2017-12-01,18:00:00,2.86,2.86,2.8,2.83,2650,0
2017-12-01,19:00:00,2.8199,2.83,2.81,2.8201,4855,0
2017-12-01,20:00:00,2.83,2.83,2.8,2.8,1673,0
2017-12-01,21:00:00,2.8,2.81,2.8,2.81,7534,0
2017-12-01,22:00:00,2.8,2.81,2.8,2.81,11227,0
2017-12-04,16:00:00,2.78,2.8,2.78,2.8,3373,0
2017-12-04,17:00:00,2.8002,2.85,2.8,2.85,11123,0
2017-12-04,18:00:00,2.84,2.88,2.835,2.88,4636,0
2017-12-04,19:00:00,2.87,2.93,2.87,2.91,18602,0
2017-12-04,20:00:00,2.9,2.91,2.87,2.87,4963,0
2017-12-04,21:00:00,2.88,2.88,2.84,2.85,8807,0
2017-12-04,22:00:00,2.84,2.88,2.81,2.88,14061,0
2017-12-05,16:00:00,2.85,2.85,2.8094,2.8094,11746,0
2017-12-05,17:00:00,2.82,2.87,2.814,2.87,6500,0
2017-12-05,18:00:00,2.8637,2.87,2.8066,2.83,3323,0
2017-12-05,19:00:00,2.8195,2.88,2.8178,2.88,11386,0
2017-12-05,20:00:00,2.9,2.9,2.84,2.84,13363,0
2017-12-05,21:00:00,2.8314,2.84,2.781,2.83,20998,0
2017-12-05,22:00:00,2.82,2.8999,2.818,2.88,19468,0
2017-12-06,16:00:00,2.85,2.87,2.81,2.85,6690,0
2017-12-06,17:00:00,2.85,2.85,2.7862,2.8233,27111,0
2017-12-06,18:00:00,2.83,2.83,2.8,2.82,21430,0
2017-12-06,19:00:00,2.82,2.82,2.8107,2.82,5600,0
2017-12-06,20:00:00,2.82,2.83,2.82,2.82,4483,0
2017-12-06,21:00:00,2.82,2.84,2.805,2.82,13669,0
2017-12-06,22:00:00,2.82,2.84,2.79,2.83,53351,0
