Date,Time,Open,High,Low,Close,Volume,OpenInt
2016-11-07,16:00:00,4.51,4.54,4.51,4.52,7049,0
2016-11-07,19:00:00,4.49,4.49,4.49,4.49,100,0
2016-11-07,20:00:00,4.5,4.5135,4.5,4.5135,400,0
2016-11-07,22:00:00,4.55,4.55,4.55,4.55,100,0
2016-11-08,17:00:00,4.53,4.5436,4.53,4.5436,200,0
2016-11-08,18:00:00,4.1172,4.2051,4.11,4.2051,2043,0
2016-11-08,20:00:00,4.38,4.5,4.38,4.5,1771,0
2016-11-08,22:00:00,4.5,4.5,4.45,4.45,1300,0
2016-11-09,16:00:00,4.47,4.56,4.47,4.56,700,0
2016-11-09,17:00:00,4.47,4.5002,4.47,4.5002,740,0
2016-11-09,20:00:00,4.5,4.5,4.48,4.48,300,0
2016-11-09,22:00:00,4.509,4.53,4.49,4.53,2316,0
2016-11-10,17:00:00,4.45,4.45,4.411,4.411,1930,0
2016-11-10,18:00:00,4.409,4.409,4.409,4.409,250,0
2016-11-10,22:00:00,4.4066,4.42,4.4,4.42,598,0
2016-11-11,17:00:00,4.41,4.4153,4.4,4.4,1300,0
2016-11-11,20:00:00,4.48,4.48,4.48,4.48,100,0
2016-11-11,21:00:00,4.48,4.48,4.35,4.46,900,0
2016-11-11,22:00:00,4.35,4.36,4.35,4.36,300,0
2016-11-14,16:00:00,4.47,4.47,4.3301,4.43,8893,0
2016-11-14,17:00:00,4.34,4.34,4.34,4.34,100,0
2016-11-14,18:00:00,4.325,4.325,4.31,4.31,200,0
2016-11-14,20:00:00,4.43,4.43,4.3504,4.3504,774,0
2016-11-14,21:00:00,4.41,4.41,4.41,4.41,200,0
2016-11-15,18:00:00,4.469,4.469,4.469,4.469,200,0
2016-11-15,22:00:00,4.422,4.422,4.422,4.422,500,0
2016-11-16,19:00:00,4.49,4.499,4.44,4.4538,2800,0
2016-11-16,22:00:00,4.48,4.48,4.48,4.48,100,0
2016-11-17,22:00:00,4.54,4.54,4.4663,4.4663,550,0
2016-11-18,22:00:00,4.4177,4.55,4.4177,4.55,650,0
2016-11-21,16:00:00,4.56,4.56,4.56,4.56,537,0
2016-11-21,17:00:00,4.6,4.6,4.5772,4.5772,2406,0
2016-11-21,20:00:00,4.52,4.52,4.5,4.51,2700,0
2016-11-21,21:00:00,4.52,4.52,4.52,4.52,100,0
2016-11-21,22:00:00,4.56,4.56,4.53,4.55,600,0
2016-11-22,16:00:00,4.71,4.72,4.71,4.71,825,0
2016-11-22,17:00:00,4.76,4.76,4.6674,4.72,763,0
2016-11-22,19:00:00,4.6609,4.6609,4.6609,4.6609,188,0
2016-11-22,20:00:00,4.67,4.6864,4.67,4.67,2000,0
2016-11-22,21:00:00,4.75,4.75,4.69,4.69,200,0
2016-11-22,22:00:00,4.7443,4.7443,4.68,4.68,1775,0
2016-11-23,16:00:00,4.8356,4.84,4.79,4.79,700,0
2016-11-23,22:00:00,4.76,4.76,4.76,4.76,1200,0
2016-11-25,16:00:00,4.73,4.8,4.67,4.67,1050,0
2016-11-25,17:00:00,4.84,4.84,4.6788,4.77,1608,0
2016-11-25,18:00:00,4.76,4.8,4.76,4.8,300,0
2016-11-25,19:00:00,4.69,4.69,4.69,4.69,100,0
2016-11-28,16:00:00,4.81,4.85,4.81,4.85,3795,0
2016-11-28,19:00:00,4.95,4.95,4.92,4.92,200,0
2016-11-28,20:00:00,4.87,4.87,4.8,4.8,900,0
2016-11-28,21:00:00,4.7999,4.7999,4.7999,4.7999,1500,0
2016-11-28,22:00:00,4.8,4.85,4.8,4.82,5405,0
2016-11-29,16:00:00,4.82,4.85,4.82,4.8499,1400,0
2016-11-29,17:00:00,4.84,4.84,4.839,4.84,300,0
2016-11-29,19:00:00,4.84,4.84,4.76,4.76,1400,0
2016-11-29,20:00:00,4.8423,4.8423,4.8423,4.8423,500,0
2016-11-29,21:00:00,4.8452,4.8452,4.8452,4.8452,200,0
2016-11-29,22:00:00,4.849,4.849,4.8478,4.8478,700,0
2016-11-30,16:00:00,4.86,4.86,4.85,4.85,3400,0
2016-11-30,17:00:00,4.85,4.85,4.85,4.85,1300,0
2016-11-30,18:00:00,4.85,4.85,4.85,4.85,350,0
2016-11-30,19:00:00,4.8393,4.879,4.8393,4.879,400,0
2016-11-30,20:00:00,4.859,4.859,4.859,4.859,160,0
2016-11-30,21:00:00,4.8273,4.855,4.8201,4.855,1007,0
2016-11-30,22:00:00,4.86,4.88,4.841,4.852,8475,0
2016-12-01,16:00:00,4.88,4.95,4.8701,4.95,400,0
2016-12-01,17:00:00,4.99,4.99,4.9899,4.9899,3958,0
2016-12-01,18:00:00,4.97,4.97,4.86,4.86,200,0
2016-12-01,19:00:00,4.96,4.96,4.9,4.9,200,0
2016-12-01,21:00:00,4.83,4.841,4.82,4.8373,4354,0
2016-12-02,16:00:00,4.75,4.75,4.75,4.75,2220,0
2016-12-02,18:00:00,4.81,4.83,4.81,4.83,400,0
2016-12-02,19:00:00,4.85,4.87,4.85,4.87,2823,0
2016-12-02,22:00:00,4.96,4.96,4.87,4.87,700,0
2016-12-05,16:00:00,5,5.09,4.99,5.09,8429,0
2016-12-05,17:00:00,5.05,5.05,5.05,5.05,100,0
2016-12-05,18:00:00,5,5,4.781,4.781,500,0
2016-12-05,19:00:00,5,5,5,5,500,0
2016-12-05,21:00:00,5.05,5.05,4.9247,5.03,1654,0
2016-12-05,22:00:00,4.94,4.94,4.94,4.94,100,0
2016-12-06,16:00:00,5.01,5.13,5.01,5.1,3601,0
2016-12-06,18:00:00,5.09,5.09,5.07,5.08,600,0
2016-12-06,19:00:00,5.09,5.09,5.09,5.09,100,0
2016-12-06,20:00:00,4.86,5.08,4.86,5.08,500,0
2016-12-06,21:00:00,5.08,5.08,5.08,5.08,100,0
2016-12-06,22:00:00,5.0802,5.1,5.08,5.08,2800,0
2016-12-07,19:00:00,5.0925,5.11,5.0925,5.11,300,0
2016-12-07,20:00:00,5.1,5.1,5.1,5.1,100,0
2016-12-07,21:00:00,5.1,5.1,5.1,5.1,867,0
2016-12-07,22:00:00,5.015,5.015,5.015,5.015,200,0
2016-12-08,16:00:00,5.02,5.02,5.02,5.02,300,0
2016-12-08,17:00:00,4.9902,4.9902,4.7,4.878,11102,0
2016-12-08,21:00:00,4.928,4.928,4.9,4.9,1100,0
2016-12-08,22:00:00,4.99,4.99,4.89,4.99,1629,0
2016-12-09,17:00:00,4.8635,4.8635,4.8635,4.8635,191,0
2016-12-09,18:00:00,4.88,4.8836,4.88,4.8836,400,0
2016-12-09,19:00:00,4.9352,4.9352,4.9352,4.9352,158,0
2016-12-09,20:00:00,4.99,4.99,4.95,4.95,400,0
2016-12-09,21:00:00,4.95,4.95,4.95,4.95,100,0
2016-12-09,22:00:00,4.95,4.96,4.9044,4.9044,600,0
2016-12-12,16:00:00,4.88,4.9237,4.86,4.9237,3406,0
2016-12-12,17:00:00,5.05,5.05,4.89,4.89,400,0
2016-12-12,18:00:00,4.9,4.9,4.88,4.8874,1700,0
2016-12-12,21:00:00,4.89,4.89,4.89,4.89,100,0
2016-12-12,22:00:00,4.9585,5,4.9585,4.98,1442,0
2016-12-13,16:00:00,4.98,5.01,4.98,5.01,2200,0
2016-12-13,18:00:00,4.98,4.98,4.86,4.86,4905,0
2016-12-13,19:00:00,5.05,5.05,4.94,4.94,600,0
2016-12-13,20:00:00,4.98,5,4.96,4.98,4535,0
2016-12-13,21:00:00,5.01,5.01,5.01,5.01,200,0
2016-12-13,22:00:00,5.05,5.05,5.005,5.005,200,0
2016-12-14,16:00:00,4.9,5.01,4.9,5.01,2413,0
2016-12-14,17:00:00,5,5,5,5,100,0
2016-12-14,19:00:00,5,5.01,5,5.01,200,0
2016-12-14,20:00:00,4.95,4.98,4.95,4.98,200,0
2016-12-14,22:00:00,4.89,4.9,4.84,4.84,1500,0
2016-12-15,16:00:00,4.9,4.9,4.9,4.9,400,0
2016-12-15,17:00:00,4.89,4.93,4.89,4.93,800,0
2016-12-15,18:00:00,4.9418,4.9418,4.9418,4.9418,100,0
2016-12-15,20:00:00,4.9,4.9,4.9,4.9,200,0
2016-12-15,22:00:00,4.86,4.86,4.86,4.86,400,0
2016-12-16,18:00:00,4.85,4.86,4.85,4.85,400,0
2016-12-16,19:00:00,4.86,4.86,4.8217,4.8217,3410,0
2016-12-16,20:00:00,4.86,4.86,4.83,4.83,1760,0
2016-12-16,21:00:00,4.806,4.83,4.8,4.8,5531,0
2016-12-16,22:00:00,4.81,4.815,4.81,4.815,400,0
2016-12-19,17:00:00,4.75,4.75,4.75,4.75,100,0
2016-12-19,21:00:00,4.7222,4.7222,4.7222,4.7222,286,0
2016-12-19,22:00:00,4.7,4.7,4.5211,4.66,4231,0
2016-12-20,16:00:00,4.73,4.75,4.73,4.75,608,0
2016-12-20,18:00:00,4.7206,4.7206,4.669,4.7,1089,0
2016-12-20,19:00:00,4.76,4.77,4.715,4.75,1900,0
2016-12-20,20:00:00,4.75,4.75,4.73,4.7492,900,0
2016-12-20,21:00:00,4.72,4.74,4.72,4.74,200,0
2016-12-20,22:00:00,4.74,4.74,4.6947,4.6947,200,0
2016-12-21,19:00:00,4.725,4.725,4.6865,4.6865,874,0
2016-12-21,20:00:00,4.725,4.725,4.725,4.725,600,0
2016-12-21,21:00:00,4.77,4.77,4.67,4.77,450,0
2016-12-21,22:00:00,4.77,4.77,4.77,4.77,100,0
2016-12-22,16:00:00,4.7,4.7,4.7,4.7,100,0
2016-12-22,21:00:00,4.73,4.73,4.73,4.73,100,0
2016-12-23,16:00:00,4.62,4.7024,4.62,4.7024,500,0
2016-12-23,17:00:00,4.66,4.67,4.66,4.67,1228,0
2016-12-23,18:00:00,4.7302,4.7302,4.68,4.68,700,0
2016-12-23,19:00:00,4.77,4.77,4.77,4.77,100,0
2016-12-23,20:00:00,4.7068,4.7068,4.7068,4.7068,155,0
2016-12-23,21:00:00,4.78,4.78,4.78,4.78,100,0
2016-12-27,16:00:00,4.68,4.68,4.68,4.68,270,0
2016-12-27,18:00:00,4.6631,4.6631,4.63,4.63,428,0
2016-12-27,19:00:00,4.646,4.6843,4.63,4.6304,745,0
2016-12-27,21:00:00,4.7,4.7,4.63,4.6877,3025,0
2016-12-27,22:00:00,4.74,4.74,4.65,4.65,325,0
2016-12-28,16:00:00,4.74,4.8,4.74,4.8,600,0
2016-12-28,17:00:00,4.848,4.848,4.848,4.848,100,0
2016-12-28,18:00:00,4.7619,4.7619,4.7619,4.7619,125,0
2016-12-28,19:00:00,4.7221,4.7221,4.7221,4.7221,1000,0
2016-12-28,20:00:00,4.78,4.78,4.78,4.78,100,0
2016-12-28,22:00:00,4.78,4.78,4.78,4.78,100,0
2016-12-29,18:00:00,4.668,4.7222,4.668,4.7222,400,0
2016-12-29,19:00:00,4.61,4.752,4.61,4.6839,700,0
2016-12-29,20:00:00,4.66,4.78,4.66,4.78,400,0
2016-12-29,21:00:00,4.69,4.77,4.66,4.72,915,0
2016-12-29,22:00:00,4.72,4.72,4.663,4.663,1700,0
2016-12-30,16:00:00,4.62,4.62,4.62,4.62,2040,0
2016-12-30,17:00:00,4.74,4.74,4.74,4.74,600,0
2016-12-30,18:00:00,4.7,4.7,4.7,4.7,1700,0
2016-12-30,19:00:00,4.73,4.73,4.73,4.73,200,0
2016-12-30,20:00:00,4.7,4.73,4.69,4.71,4028,0
2016-12-30,21:00:00,4.71,4.71,4.7,4.71,400,0
2016-12-30,22:00:00,4.71,4.71,4.66,4.69,3955,0
2017-01-03,16:00:00,5.1,5.18,5.1,5.15,4405,0
2017-01-03,17:00:00,5.1664,5.1664,5.15,5.1637,1900,0
2017-01-03,19:00:00,4.98,5.13,4.96,5.13,1850,0
2017-01-03,22:00:00,5.02,5.085,5.02,5.085,200,0
2017-01-04,16:00:00,5.5,5.69,5.5,5.68,13403,0
2017-01-04,17:00:00,5.68,5.68,5.4301,5.4301,4992,0
2017-01-04,18:00:00,5.52,5.5999,5.52,5.5999,1267,0
2017-01-04,19:00:00,5.5574,5.5574,5.5574,5.5574,420,0
2017-01-04,21:00:00,5.57,5.58,5.5677,5.5677,700,0
2017-01-04,22:00:00,5.55,5.58,5.55,5.56,4300,0
2017-01-05,16:00:00,5.72,5.744,5.72,5.7325,4236,0
2017-01-05,17:00:00,5.765,5.765,5.7,5.7,4749,0
2017-01-05,21:00:00,5.66,5.69,5.6101,5.6108,2000,0
2017-01-05,22:00:00,5.63,5.68,5.6257,5.68,1800,0
2017-01-06,16:00:00,5.68,5.68,5.68,5.68,100,0
2017-01-06,17:00:00,5.63,5.63,5.6,5.6,1700,0
2017-01-06,18:00:00,5.6706,5.6706,5.63,5.63,2600,0
2017-01-06,19:00:00,5.6003,5.63,5.6003,5.63,300,0
2017-01-06,20:00:00,5.64,5.65,5.64,5.64,700,0
2017-01-06,22:00:00,5.6796,5.69,5.6796,5.69,1865,0
2017-01-09,16:00:00,5.76,5.76,5.54,5.54,2550,0
2017-01-09,17:00:00,5.63,5.77,5.62,5.77,1043,0
2017-01-09,18:00:00,5.55,5.55,5.5,5.51,813,0
2017-01-09,19:00:00,5.59,5.59,5.58,5.58,1000,0
2017-01-09,20:00:00,5.59,5.6344,5.59,5.6344,500,0
2017-01-09,21:00:00,5.66,5.68,5.66,5.68,200,0
2017-01-10,17:00:00,5.74,5.74,5.74,5.74,100,0
2017-01-10,19:00:00,5.7,5.7,5.7,5.7,800,0
2017-01-10,20:00:00,5.72,5.85,5.72,5.85,4361,0
2017-01-10,21:00:00,5.81,5.81,5.7374,5.7374,600,0
2017-01-10,22:00:00,5.81,5.81,5.71,5.71,200,0
2017-01-11,16:00:00,5.68,5.68,5.68,5.68,200,0
2017-01-11,17:00:00,5.66,5.66,5.65,5.66,1235,0
2017-01-11,19:00:00,5.6775,5.6775,5.6775,5.6775,240,0
2017-01-11,20:00:00,5.85,5.85,5.77,5.77,400,0
2017-01-11,22:00:00,5.7,5.75,5.7,5.75,1046,0
2017-01-12,16:00:00,5.78,5.78,5.78,5.78,125,0
2017-01-12,18:00:00,5.88,5.88,5.88,5.88,100,0
2017-01-12,19:00:00,5.877,5.88,5.79,5.79,600,0
2017-01-12,22:00:00,5.87,5.88,5.87,5.87,300,0
2017-01-13,16:00:00,5.88,5.88,5.87,5.88,1100,0
2017-01-13,17:00:00,5.9,5.9,5.9,5.9,100,0
2017-01-13,18:00:00,5.9,5.9,5.8863,5.8863,385,0
2017-01-13,20:00:00,5.88,5.88,5.88,5.88,1000,0
2017-01-13,22:00:00,5.88,5.88,5.781,5.8,1200,0
2017-01-17,16:00:00,5.73,5.73,5.6094,5.65,4234,0
2017-01-17,18:00:00,5.7265,5.7265,5.64,5.64,935,0
2017-01-17,20:00:00,5.5266,5.5266,5.5266,5.5266,200,0
2017-01-17,21:00:00,5.6038,5.6038,5.6038,5.6038,270,0
2017-01-17,22:00:00,5.69,5.7,5.69,5.7,500,0
2017-01-18,18:00:00,5.59,5.65,5.55,5.56,8257,0
2017-01-18,19:00:00,5.56,5.6,5.51,5.6,3938,0
2017-01-18,21:00:00,5.66,5.67,5.66,5.66,2050,0
2017-01-18,22:00:00,5.7,5.7,5.68,5.68,292,0
2017-01-19,20:00:00,5.65,5.65,5.627,5.6292,1200,0
2017-01-19,22:00:00,5.63,5.63,5.63,5.63,100,0
2017-01-20,18:00:00,5.47,5.4855,5.451,5.4555,5275,0
2017-01-20,20:00:00,5.67,5.67,5.67,5.67,100,0
2017-01-20,22:00:00,5.62,5.62,5.62,5.62,100,0
2017-01-23,16:00:00,5.05,5.05,5.05,5.05,3458,0
2017-01-23,17:00:00,5.48,5.48,5.48,5.48,100,0
2017-01-23,18:00:00,5.319,5.319,5.28,5.2959,1465,0
2017-01-23,19:00:00,5.45,5.45,5.45,5.45,200,0
2017-01-23,22:00:00,5.37,5.3781,5.36,5.3681,794,0
2017-01-24,16:00:00,5.55,5.59,5.55,5.59,700,0
2017-01-24,17:00:00,5.59,5.65,5.4955,5.64,2380,0
2017-01-24,20:00:00,5.6185,5.6185,5.6185,5.6185,100,0
2017-01-24,21:00:00,5.65,5.65,5.65,5.65,100,0
2017-01-24,22:00:00,5.6421,5.6421,5.6421,5.6421,200,0
2017-01-25,16:00:00,5.76,5.77,5.76,5.765,875,0
2017-01-25,19:00:00,5.79,5.79,5.79,5.79,100,0
2017-01-25,20:00:00,5.85,5.85,5.85,5.85,100,0
2017-01-26,16:00:00,5.83,5.89,5.83,5.84,644,0
2017-01-26,19:00:00,5.8399,5.8399,5.8399,5.8399,905,0
2017-01-26,21:00:00,5.7587,5.78,5.7587,5.78,600,0
2017-01-27,17:00:00,5.76,5.77,5.76,5.77,300,0
2017-01-27,20:00:00,5.75,5.75,5.75,5.75,100,0
2017-01-27,22:00:00,5.756,5.756,5.756,5.756,500,0
2017-01-30,16:00:00,5.78,5.78,5.6653,5.78,1100,0
2017-01-30,17:00:00,5.5601,5.72,5.56,5.56,3700,0
2017-01-30,18:00:00,5.6832,5.6832,5.6832,5.6832,108,0
2017-01-30,19:00:00,5.73,5.74,5.73,5.74,300,0
2017-01-30,21:00:00,5.75,5.75,5.73,5.73,200,0
2017-01-30,22:00:00,5.738,5.738,5.738,5.738,300,0
2017-01-31,20:00:00,5.89,5.89,5.89,5.89,100,0
2017-01-31,21:00:00,5.73,5.73,5.73,5.73,130,0
2017-01-31,22:00:00,5.6695,5.8,5.6695,5.77,4150,0
2017-02-01,16:00:00,5.8,5.8,5.8,5.8,1600,0
2017-02-01,17:00:00,5.75,5.75,5.75,5.75,600,0
2017-02-01,20:00:00,5.75,5.75,5.7049,5.7049,530,0
2017-02-01,22:00:00,5.735,5.7389,5.735,5.7389,300,0
2017-02-02,16:00:00,5.646,5.646,5.646,5.646,119,0
2017-02-02,18:00:00,5.62,5.62,5.5,5.5687,900,0
2017-02-02,19:00:00,5.57,5.57,5.57,5.57,1500,0
2017-02-02,20:00:00,5.5651,5.57,5.5651,5.57,410,0
2017-02-03,16:00:00,5.8799,5.8799,5.8799,5.8799,628,0
2017-02-03,18:00:00,5.6,5.6,5.6,5.6,1400,0
2017-02-03,22:00:00,5.71,5.71,5.71,5.71,200,0
2017-02-06,16:00:00,5.54,5.54,5.51,5.51,2700,0
2017-02-06,17:00:00,5.51,5.52,5.51,5.51,300,0
2017-02-06,18:00:00,5.52,5.52,5.52,5.52,100,0
2017-02-06,19:00:00,5.51,5.511,5.51,5.51,300,0
2017-02-06,22:00:00,5.51,5.51,5.51,5.51,100,0
2017-02-07,16:00:00,5.48,5.48,5.48,5.48,115,0
2017-02-07,21:00:00,5.52,5.52,5.52,5.52,200,0
2017-02-08,16:00:00,5.57,5.63,5.53,5.63,1900,0
2017-02-09,18:00:00,5.74,5.9,5.74,5.9,5170,0
2017-02-09,20:00:00,5.85,5.85,5.85,5.85,100,0
2017-02-09,21:00:00,5.84,5.84,5.84,5.84,100,0
2017-02-10,22:00:00,5.7432,5.7432,5.7432,5.7432,200,0
2017-02-13,16:00:00,5.73,5.73,5.73,5.73,278,0
2017-02-13,18:00:00,5.8,5.8,5.8,5.8,100,0
2017-02-13,19:00:00,5.8,5.8,5.7713,5.7713,540,0
2017-02-13,22:00:00,5.748,5.79,5.748,5.79,207,0
2017-02-14,16:00:00,5.79,5.79,5.79,5.79,2000,0
2017-02-14,21:00:00,5.84,5.84,5.79,5.79,200,0
2017-02-15,16:00:00,5.78,5.78,5.78,5.78,100,0
2017-02-16,16:00:00,5.9,5.98,5.9,5.93,5754,0
2017-02-16,17:00:00,5.95,5.95,5.95,5.95,100,0
2017-02-16,20:00:00,5.94,5.94,5.94,5.94,100,0
2017-02-16,21:00:00,5.9499,5.95,5.9499,5.95,600,0
2017-02-17,16:00:00,5.85,5.85,5.85,5.85,223,0
2017-02-17,19:00:00,5.89,5.89,5.89,5.89,200,0
2017-02-17,20:00:00,5.88,5.9,5.88,5.9,1200,0
2017-02-17,21:00:00,5.89,5.9077,5.89,5.9077,500,0
2017-02-17,22:00:00,5.9,5.9,5.89,5.89,300,0
2017-02-21,16:00:00,5.99,6.25,5.99,6.25,8708,0
2017-02-21,17:00:00,6.21,6.2502,6.21,6.2502,2006,0
2017-02-21,18:00:00,6.1948,6.2182,6.1948,6.2182,800,0
2017-02-21,19:00:00,6.2,6.2001,6.19,6.1901,2506,0
2017-02-21,20:00:00,6.0798,6.21,6.0798,6.21,850,0
2017-02-21,21:00:00,6.21,6.21,6.2055,6.2055,500,0
2017-02-21,22:00:00,6.25,6.25,6.1807,6.25,1000,0
2017-02-22,22:00:00,6.12,6.12,6.1,6.12,6297,0
2017-02-23,16:00:00,6.19,6.24,6.19,6.24,1790,0
2017-02-23,17:00:00,6.24,6.24,6.24,6.24,100,0
2017-02-23,18:00:00,6.2035,6.269,6.2035,6.2651,2000,0
2017-02-23,19:00:00,6.23,6.25,6.23,6.25,200,0
2017-02-23,20:00:00,6.24,6.24,6.24,6.24,500,0
2017-02-23,21:00:00,6.22,6.24,6.22,6.24,1200,0
2017-02-23,22:00:00,6.21,6.21,6.17,6.17,750,0
2017-02-24,16:00:00,6.08,6.08,6.08,6.08,200,0
2017-02-24,17:00:00,6.18,6.19,6.18,6.19,200,0
2017-02-24,19:00:00,6.2,6.2,6.2,6.2,300,0
2017-02-24,21:00:00,6.19,6.19,6.19,6.19,100,0
2017-02-24,22:00:00,6.16,6.1899,6.16,6.1899,1100,0
2017-02-27,16:00:00,6.2,6.2294,6.19,6.21,5378,0
2017-02-27,17:00:00,6.323,6.3399,6.15,6.15,3200,0
2017-02-27,18:00:00,6.15,6.1862,6.1472,6.1472,2100,0
2017-02-27,21:00:00,6.27,6.27,6.27,6.27,296,0
2017-02-27,22:00:00,6.2231,6.2231,6.2231,6.2231,500,0
2017-02-28,16:00:00,6.24,6.24,6.24,6.24,100,0
2017-02-28,17:00:00,6.17,6.17,6.17,6.17,100,0
2017-02-28,19:00:00,6.14,6.195,6.13,6.13,7703,0
2017-02-28,20:00:00,6.13,6.18,6.12,6.18,800,0
2017-02-28,22:00:00,6.19,6.19,6.12,6.18,900,0
2017-03-01,16:00:00,6.41,6.41,6.41,6.41,150,0
2017-03-01,17:00:00,6.37,6.37,6.2335,6.2335,500,0
2017-03-01,18:00:00,6.26,6.26,6.26,6.26,500,0
2017-03-01,21:00:00,6.26,6.31,6.25,6.26,1600,0
2017-03-01,22:00:00,6.29,6.29,6.28,6.28,700,0
2017-03-02,16:00:00,6.21,6.21,6.21,6.21,100,0
2017-03-02,17:00:00,6.35,6.35,6.35,6.35,100,0
2017-03-02,19:00:00,6.28,6.28,6.265,6.265,400,0
2017-03-02,20:00:00,6.28,6.28,6.2511,6.2511,894,0
2017-03-03,16:00:00,6.22,6.22,6.22,6.22,100,0
2017-03-03,17:00:00,6.26,6.27,6.15,6.15,5570,0
2017-03-03,18:00:00,6.2,6.28,6.16,6.28,1700,0
2017-03-03,20:00:00,6.2402,6.2402,6.2402,6.2402,262,0
2017-03-06,16:00:00,6.17,6.2,6.17,6.2,450,0
2017-03-06,17:00:00,6.31,6.31,6.31,6.31,100,0
2017-03-06,19:00:00,6.101,6.101,6.101,6.101,985,0
2017-03-06,20:00:00,6.14,6.214,6.1272,6.1272,735,0
2017-03-07,17:00:00,6.12,6.21,6.12,6.21,700,0
2017-03-07,18:00:00,6.139,6.139,6.139,6.139,1000,0
2017-03-07,21:00:00,6.1588,6.1588,6.1588,6.1588,176,0
2017-03-07,22:00:00,6.2,6.2,6.2,6.2,100,0
2017-03-08,22:00:00,6.0995,6.1,6.08,6.08,1700,0
2017-03-09,16:00:00,6.02,6.02,5.84,5.84,2300,0
2017-03-09,17:00:00,5.86,5.86,5.82,5.84,1200,0
2017-03-09,18:00:00,5.84,5.95,5.76,5.84,800,0
2017-03-09,19:00:00,5.84,5.9699,5.76,5.78,1800,0
2017-03-09,20:00:00,5.87,5.87,5.81,5.83,700,0
2017-03-09,21:00:00,5.88,5.9099,5.83,5.88,1100,0
2017-03-09,22:00:00,5.83,5.88,5.83,5.86,1900,0
2017-03-10,17:00:00,5.9585,5.9585,5.9213,5.9213,667,0
2017-03-10,18:00:00,5.8769,5.8769,5.8769,5.8769,100,0
2017-03-10,19:00:00,5.95,5.95,5.94,5.94,200,0
2017-03-10,20:00:00,5.95,5.95,5.95,5.95,100,0
2017-03-10,22:00:00,5.9278,5.95,5.89,5.91,800,0
2017-03-13,19:00:00,5.76,5.76,5.76,5.76,200,0
2017-03-13,20:00:00,5.7699,5.7699,5.7699,5.7699,500,0
2017-03-13,21:00:00,5.7699,5.7699,5.71,5.71,300,0
2017-03-14,15:00:00,5.86,5.87,5.86,5.8601,700,0
2017-03-14,19:00:00,5.91,5.91,5.91,5.91,100,0
2017-03-15,15:00:00,5.9,5.9,5.8478,5.8478,390,0
2017-03-15,16:00:00,5.89,5.89,5.8838,5.8838,800,0
2017-03-15,18:00:00,5.88,5.88,5.88,5.88,100,0
2017-03-15,19:00:00,5.8688,5.8688,5.8688,5.8688,600,0
2017-03-15,20:00:00,5.91,5.91,5.9,5.9,300,0
2017-03-15,21:00:00,5.89,5.89,5.89,5.89,100,0
2017-03-16,18:00:00,5.8,5.87,5.6501,5.87,2700,0
2017-03-16,21:00:00,5.86,5.86,5.85,5.85,200,0
2017-03-17,16:00:00,5.85,5.86,5.85,5.86,300,0
2017-03-17,17:00:00,5.86,5.86,5.85,5.85,598,0
2017-03-17,21:00:00,5.85,5.859,5.85,5.855,2200,0
2017-03-20,16:00:00,5.781,5.781,5.781,5.781,700,0
2017-03-20,20:00:00,5.7806,5.7806,5.7806,5.7806,117,0
2017-03-20,21:00:00,5.8356,5.8356,5.8356,5.8356,1729,0
2017-03-21,15:00:00,5.8,5.806,5.8,5.806,348,0
2017-03-21,16:00:00,5.67,5.67,5.67,5.67,100,0
2017-03-21,17:00:00,5.67,5.679,5.67,5.679,500,0
2017-03-22,15:00:00,5.6,5.6,5.6,5.6,100,0
2017-03-22,16:00:00,5.52,5.52,5.51,5.51,500,0
2017-03-22,17:00:00,5.47,5.6251,5.46,5.6251,4300,0
2017-03-22,19:00:00,5.57,5.57,5.57,5.57,100,0
2017-03-22,21:00:00,5.5332,5.5332,5.5332,5.5332,148,0
2017-03-23,16:00:00,5.4512,5.4682,5.4512,5.4682,426,0
2017-03-23,17:00:00,5.48,5.48,5.48,5.48,100,0
2017-03-23,21:00:00,5.58,5.58,5.58,5.58,100,0
2017-03-27,16:00:00,5.55,5.55,5.4,5.49,1706,0
2017-03-27,21:00:00,5.45,5.4582,5.45,5.4582,400,0
2017-03-28,21:00:00,5.22,5.22,5.22,5.22,100,0
2017-03-28,22:00:00,5.22,5.22,5.2,5.2,1101,0
2017-03-29,16:00:00,5.3,5.46,5.3,5.46,1378,0
2017-03-29,20:00:00,5.28,5.39,5.26,5.39,5200,0
2017-03-29,21:00:00,5.39,5.39,5.38,5.38,900,0
2017-03-29,22:00:00,5.31,5.31,5.31,5.31,100,0
2017-03-30,16:00:00,5.23,5.3,5.23,5.3,1250,0
2017-03-30,17:00:00,5.28,5.28,5.22,5.22,200,0
2017-03-30,21:00:00,5.26,5.3289,5.245,5.3289,8792,0
2017-03-30,22:00:00,5.2802,5.2802,5.2802,5.2802,466,0
2017-03-31,22:00:00,5.2289,5.2289,5.2289,5.2289,300,0
2017-04-03,16:00:00,5.31,5.5,5.31,5.5,2300,0
2017-04-03,17:00:00,5.36,5.38,5.36,5.38,300,0
2017-04-03,18:00:00,5.38,5.38,5.36,5.36,200,0
2017-04-03,21:00:00,5.36,5.36,5.36,5.36,600,0
2017-04-03,22:00:00,5.36,5.36,5.32,5.32,1700,0
2017-04-04,16:00:00,5.4009,5.4009,5.38,5.39,781,0
2017-04-04,22:00:00,5.37,5.425,5.37,5.425,300,0
2017-04-05,17:00:00,5.34,5.34,5.34,5.34,100,0
2017-04-07,20:00:00,5.38,5.38,5.38,5.38,100,0
2017-04-07,22:00:00,5.38,5.38,5.371,5.371,373,0
2017-04-10,16:00:00,5.37,5.37,5.37,5.37,204,0
2017-04-10,18:00:00,5.3722,5.3722,5.3722,5.3722,300,0
2017-04-10,21:00:00,5.35,5.35,5.35,5.35,100,0
2017-04-10,22:00:00,5.35,5.49,5.35,5.49,300,0
2017-04-11,22:00:00,5.27,5.28,5.27,5.28,300,0
2017-04-12,16:00:00,5.24,5.26,5.23,5.26,300,0
2017-04-12,18:00:00,5.41,5.41,5.41,5.41,100,0
2017-04-12,21:00:00,5.24,5.24,5.24,5.24,100,0
2017-04-12,22:00:00,5.24,5.25,5.24,5.25,612,0
2017-04-13,16:00:00,5.25,5.25,5.25,5.25,365,0
2017-04-13,19:00:00,5.28,5.28,5.28,5.28,100,0
2017-04-13,20:00:00,5.26,5.26,5.26,5.26,100,0
2017-04-17,16:00:00,5.26,5.26,5.26,5.26,100,0
2017-04-17,21:00:00,5.28,5.28,5.28,5.28,200,0
2017-04-17,22:00:00,5.28,5.28,5.28,5.28,100,0
2017-04-18,16:00:00,5.13,5.1471,5.13,5.1471,200,0
2017-04-18,19:00:00,5.15,5.15,5.15,5.15,100,0
2017-04-19,16:00:00,5.3,5.37,5.3,5.37,2971,0
2017-04-19,17:00:00,5.4,5.4,5.39,5.39,200,0
2017-04-19,19:00:00,5.22,5.22,5.22,5.22,200,0
2017-04-19,22:00:00,5.33,5.33,5.33,5.33,138,0
2017-04-20,16:00:00,5.26,5.27,5.13,5.13,2040,0
2017-04-20,17:00:00,5.16,5.16,5.16,5.16,100,0
2017-04-20,18:00:00,5.18,5.18,5.18,5.18,310,0
2017-04-20,19:00:00,5.12,5.1277,5.11,5.1177,1000,0
2017-04-20,22:00:00,5.12,5.12,5.12,5.12,100,0
2017-04-21,16:00:00,5.07,5.07,5.07,5.07,1300,0
2017-04-21,17:00:00,5.19,5.2275,5.11,5.1151,600,0
2017-04-21,19:00:00,5.11,5.11,5.11,5.11,100,0
2017-04-21,22:00:00,5.11,5.11,5.11,5.11,100,0
2017-04-24,16:00:00,5.07,5.07,5.07,5.07,200,0
2017-04-24,17:00:00,5.08,5.08,5.07,5.07,300,0
2017-04-24,18:00:00,5.01,5.01,5.01,5.01,100,0
2017-04-24,19:00:00,5.011,5.011,5,5,4388,0
2017-04-24,20:00:00,5.01,5.01,5.01,5.01,200,0
2017-04-24,21:00:00,5.0176,5.0176,5.01,5.01,800,0
2017-04-24,22:00:00,5.0679,5.0679,5.0679,5.0679,439,0
2017-04-25,16:00:00,5.04,5.04,5.04,5.04,100,0
2017-04-25,18:00:00,5.02,5.02,5.02,5.02,100,0
2017-04-25,19:00:00,5.0456,5.0456,5.02,5.02,200,0
2017-04-25,20:00:00,5.073,5.073,5.073,5.073,334,0
2017-04-25,21:00:00,5.1,5.1,5.1,5.1,334,0
2017-04-26,16:00:00,5.02,5.02,4.85,4.85,200,0
2017-04-26,17:00:00,5.04,5.04,4.8259,4.8259,300,0
2017-04-26,20:00:00,4.97,4.97,4.97,4.97,100,0
2017-04-26,22:00:00,4.87,4.87,4.87,4.87,100,0
2017-04-27,16:00:00,4.83,4.8328,4.83,4.8328,642,0
2017-04-27,19:00:00,4.77,4.77,4.77,4.77,100,0
2017-04-27,20:00:00,4.79,4.8,4.7601,4.7601,1251,0
2017-04-27,22:00:00,4.7682,4.7854,4.7682,4.77,984,0
2017-04-28,20:00:00,4.78,4.8056,4.77,4.7925,3600,0
2017-04-28,21:00:00,4.7301,4.74,4.68,4.68,2700,0
2017-04-28,22:00:00,4.73,4.73,4.73,4.73,200,0
2017-05-01,16:00:00,4.67,4.67,4.67,4.67,2000,0
2017-05-01,17:00:00,4.633,4.633,4.633,4.633,277,0
2017-05-01,18:00:00,4.7,4.7,4.7,4.7,100,0
2017-05-01,22:00:00,4.75,4.75,4.74,4.75,1800,0
2017-05-02,16:00:00,4.68,4.68,4.68,4.68,100,0
2017-05-02,17:00:00,4.72,4.72,4.72,4.72,100,0
2017-05-02,18:00:00,4.72,4.72,4.65,4.68,8600,0
2017-05-02,19:00:00,4.68,4.72,4.68,4.7,900,0
2017-05-02,20:00:00,4.7,4.776,4.7,4.776,4209,0
2017-05-02,22:00:00,4.81,4.81,4.75,4.8,6509,0
2017-05-03,16:00:00,4.98,4.98,4.97,4.97,500,0
2017-05-03,17:00:00,5,5.04,4.99,5.03,700,0
2017-05-03,21:00:00,4.9,4.9,4.9,4.9,100,0
2017-05-03,22:00:00,4.9,5.01,4.87,5.01,3680,0
2017-05-04,16:00:00,5,5,5,5,350,0
2017-05-04,17:00:00,4.9227,4.9227,4.9227,4.9227,100,0
2017-05-04,18:00:00,4.8989,4.8989,4.8989,4.8989,211,0
2017-05-04,20:00:00,4.86,4.86,4.86,4.86,100,0
2017-05-04,21:00:00,4.86,4.86,4.86,4.86,100,0
2017-05-04,22:00:00,4.92,4.92,4.92,4.92,120,0
2017-05-05,16:00:00,4.89,4.89,4.89,4.89,494,0
2017-05-05,18:00:00,4.82,4.98,4.82,4.98,200,0
2017-05-05,21:00:00,5.02,5.02,5.02,5.02,100,0
2017-05-05,22:00:00,4.86,4.86,4.86,4.86,100,0
2017-05-08,16:00:00,5.11,5.16,5.11,5.16,2645,0
2017-05-08,17:00:00,5.1085,5.1085,5.1085,5.1085,305,0
2017-05-08,20:00:00,5.2081,5.2081,5.2081,5.2081,100,0
2017-05-08,21:00:00,5.2302,5.2302,5.14,5.21,400,0
2017-05-08,22:00:00,5.23,5.23,5.11,5.23,2046,0
2017-05-09,17:00:00,5.301,5.408,5.3,5.4,3424,0
2017-05-09,18:00:00,5.35,5.35,5.35,5.35,100,0
2017-05-09,20:00:00,5.35,5.35,5.35,5.35,700,0
2017-05-09,21:00:00,5.34,5.35,5.34,5.35,200,0
2017-05-10,16:00:00,5.41,5.41,5.36,5.38,7300,0
2017-05-10,17:00:00,5.35,5.35,5.34,5.35,1600,0
2017-05-10,18:00:00,5.35,5.38,5.35,5.38,5600,0
2017-05-11,16:00:00,5.4,5.4,5.4,5.4,100,0
2017-05-11,17:00:00,5.4,5.4,5.22,5.22,1700,0
2017-05-11,18:00:00,5.25,5.25,5.23,5.23,200,0
2017-05-11,22:00:00,5.31,5.31,5.31,5.31,959,0
2017-05-12,16:00:00,5.29,5.29,5.29,5.29,100,0
2017-05-12,20:00:00,5.45,5.45,5.45,5.45,100,0
2017-05-12,22:00:00,5.33,5.35,5.33,5.34,800,0
2017-05-15,16:00:00,5.28,5.28,5.28,5.28,200,0
2017-05-15,17:00:00,5.43,5.43,5.43,5.43,100,0
2017-05-15,18:00:00,5.36,5.36,5.36,5.36,100,0
2017-05-15,20:00:00,5.19,5.22,5.13,5.22,1236,0
2017-05-15,22:00:00,5.14,5.14,5.14,5.14,200,0
2017-05-16,18:00:00,5.13,5.1318,5.0812,5.11,4160,0
2017-05-16,20:00:00,5.19,5.19,5.19,5.19,100,0
2017-05-16,21:00:00,5.21,5.21,5.132,5.132,268,0
2017-05-16,22:00:00,5.2,5.2,5.2,5.2,100,0
2017-05-17,19:00:00,5.18,5.18,5.18,5.18,100,0
2017-05-17,21:00:00,4.901,4.901,4.901,4.901,120,0
2017-05-18,16:00:00,5.06,5.06,5.06,5.06,300,0
2017-05-18,20:00:00,4.77,5.126,4.749,5.126,1455,0
2017-05-18,22:00:00,4.76,4.91,4.7201,4.7201,400,0
2017-05-19,16:00:00,4.92,4.92,4.9,4.92,1100,0
2017-05-19,18:00:00,4.92,4.92,4.92,4.92,100,0
2017-05-19,19:00:00,5.04,5.04,5.04,5.04,100,0
2017-05-19,22:00:00,4.91,5.02,4.91,5.02,1400,0
2017-05-22,16:00:00,5.35,5.4306,5.31,5.4075,3009,0
2017-05-22,17:00:00,5.38,5.4046,5.23,5.23,3500,0
2017-05-22,21:00:00,5.28,5.28,5.28,5.28,100,0
2017-05-22,22:00:00,5.29,5.328,5.28,5.3,1500,0
2017-05-23,17:00:00,5.37,5.4,5.33,5.33,800,0
2017-05-23,19:00:00,5.49,5.49,5.34,5.34,200,0
2017-05-24,16:00:00,5.4,5.4,5.34,5.34,800,0
2017-05-24,17:00:00,5.34,5.36,5.34,5.36,300,0
2017-05-24,18:00:00,5.27,5.27,5.27,5.27,300,0
2017-05-24,20:00:00,5.27,5.2805,5.25,5.2605,800,0
2017-05-24,21:00:00,5.39,5.39,5.27,5.3608,2150,0
2017-05-24,22:00:00,5.345,5.46,5.345,5.45,5081,0
2017-05-25,16:00:00,5.37,5.37,5.37,5.37,300,0
2017-05-25,17:00:00,5.25,5.25,5.0964,5.0964,300,0
2017-05-25,20:00:00,5.1302,5.14,5.1302,5.14,1600,0
2017-05-25,22:00:00,5.14,5.19,5.14,5.19,400,0
2017-05-26,16:00:00,5.13,5.13,5.13,5.13,100,0
2017-05-26,17:00:00,5.14,5.14,5.14,5.14,100,0
2017-05-26,18:00:00,5.14,5.14,5.14,5.14,200,0
2017-05-26,21:00:00,5.13,5.16,5.13,5.16,200,0
2017-05-30,16:00:00,5.26,5.5,5.26,5.42,6510,0
2017-05-30,17:00:00,5.42,5.42,5.39,5.39,700,0
2017-05-30,18:00:00,5.32,5.32,5.3,5.3,700,0
2017-05-30,19:00:00,5.39,5.39,5.22,5.39,2720,0
2017-05-30,20:00:00,5.396,5.3984,5.396,5.3984,1280,0
2017-05-30,22:00:00,5.34,5.356,5.34,5.356,200,0
2017-05-31,16:00:00,5.33,5.33,5.33,5.33,230,0
2017-05-31,17:00:00,5.37,5.37,5.37,5.37,200,0
2017-05-31,18:00:00,5.3753,5.3753,5.33,5.3307,1600,0
2017-05-31,22:00:00,5.38,5.4,5.3746,5.4,4753,0
2017-06-01,16:00:00,5.43,5.45,5.43,5.45,700,0
2017-06-01,17:00:00,5.35,5.3948,5.35,5.3948,1206,0
2017-06-01,19:00:00,5.4596,5.4596,5.4596,5.4596,540,0
2017-06-01,22:00:00,5.573,5.573,5.57,5.57,2051,0
2017-06-02,16:00:00,5.46,5.46,5.46,5.46,601,0
2017-06-02,22:00:00,5.49,5.52,5.46,5.46,800,0
2017-06-05,16:00:00,5.52,5.539,5.46,5.46,2007,0
2017-06-05,19:00:00,5.325,5.325,5.3145,5.3145,1000,0
2017-06-05,21:00:00,5.42,5.42,5.42,5.42,100,0
2017-06-05,22:00:00,5.3272,5.36,5.3272,5.36,600,0
2017-06-06,16:00:00,5.42,5.42,5.42,5.42,699,0
2017-06-06,17:00:00,5.47,5.48,5.47,5.48,200,0
2017-06-06,18:00:00,5.5891,5.59,5.5067,5.5448,2662,0
2017-06-06,21:00:00,5.4761,5.4761,5.4255,5.4255,1683,0
2017-06-06,22:00:00,5.5408,5.5408,5.44,5.49,1100,0
2017-06-07,16:00:00,5.49,5.6,5.49,5.6,1020,0
2017-06-07,18:00:00,5.74,5.74,5.74,5.74,100,0
2017-06-07,22:00:00,5.74,5.74,5.74,5.74,100,0
2017-06-08,21:00:00,5.74,5.74,5.74,5.74,100,0
2017-06-08,22:00:00,5.74,5.74,5.74,5.74,100,0
2017-06-09,19:00:00,5.6557,5.6557,5.65,5.65,400,0
2017-06-09,22:00:00,5.8,5.8,5.61,5.62,4500,0
2017-06-12,16:00:00,5.39,5.39,5.381,5.3891,1312,0
2017-06-12,17:00:00,5.4566,5.4566,5.4566,5.4566,100,0
2017-06-12,18:00:00,5.4,5.4,5.37,5.37,347,0
2017-06-12,19:00:00,5.37,5.37,5.34,5.34,1000,0
2017-06-12,20:00:00,5.37,5.38,5.37,5.37,11433,0
2017-06-12,21:00:00,5.37,5.37,5.37,5.37,1100,0
2017-06-12,22:00:00,5.34,5.34,5.32,5.32,2180,0
2017-06-13,17:00:00,5.422,5.422,5.422,5.422,300,0
2017-06-13,19:00:00,5.35,5.35,5.35,5.35,300,0
2017-06-13,20:00:00,5.35,5.35,5.35,5.35,100,0
2017-06-13,21:00:00,5.35,5.35,5.35,5.35,1600,0
2017-06-14,17:00:00,5.2227,5.2227,5.2227,5.2227,300,0
2017-06-14,19:00:00,5.53,5.53,5.53,5.53,100,0
2017-06-14,20:00:00,5.38,5.38,5.38,5.38,100,0
2017-06-15,16:00:00,5.38,5.38,5.38,5.38,100,0
2017-06-15,17:00:00,5.19,5.19,5.19,5.19,277,0
2017-06-15,18:00:00,5.25,5.26,5.25,5.25,700,0
2017-06-15,19:00:00,5.36,5.36,5.36,5.36,100,0
2017-06-15,21:00:00,5.34,5.34,5.261,5.261,260,0
2017-06-15,22:00:00,5.34,5.34,5.34,5.34,100,0
2017-06-16,18:00:00,5.0844,5.0844,5.0844,5.0844,200,0
2017-06-16,21:00:00,5.2738,5.2738,5.2738,5.2738,940,0
2017-06-19,21:00:00,5.39,5.39,5.33,5.33,2100,0
2017-06-19,22:00:00,5.321,5.33,5.321,5.33,410,0
2017-06-20,17:00:00,5.23,5.27,5.1808,5.1808,4700,0
2017-06-20,20:00:00,5.29,5.29,5.29,5.29,100,0
2017-06-21,20:00:00,5.195,5.195,5.195,5.195,100,0
2017-06-21,22:00:00,5.1,5.12,5.08,5.12,3736,0
2017-06-22,17:00:00,5.1377,5.1377,5.1377,5.1377,100,0
2017-06-23,18:00:00,5.17,5.26,5.17,5.26,5775,0
2017-06-23,21:00:00,5.25,5.25,5.25,5.25,100,0
2017-06-26,16:00:00,5.14,5.3447,5.14,5.3447,6176,0
2017-06-26,17:00:00,5.2272,5.2272,5.2272,5.2272,1000,0
2017-06-26,18:00:00,5.1101,5.1101,5.11,5.11,1106,0
2017-06-26,21:00:00,5.3,5.3,5.3,5.3,590,0
2017-06-26,22:00:00,5.2754,5.47,5.2754,5.47,350,0
2017-06-27,16:00:00,5.13,5.2006,5.13,5.2006,233,0
2017-06-27,17:00:00,5.2,5.2,5.2,5.2,200,0
2017-06-27,20:00:00,5.2,5.2,5.2,5.2,2500,0
2017-06-27,22:00:00,5.2,5.2,5.16,5.16,835,0
2017-06-28,17:00:00,5.1,5.11,5.1,5.11,200,0
2017-06-28,18:00:00,5.15,5.245,5.115,5.245,8600,0
2017-06-28,19:00:00,5.242,5.25,5.24,5.24,3000,0
2017-06-28,22:00:00,5.23,5.23,5.22,5.22,600,0
2017-06-29,16:00:00,5.26,5.26,5.26,5.26,906,0
2017-06-29,17:00:00,5.33,5.3323,5.24,5.24,8000,0
2017-06-29,18:00:00,5.2075,5.2075,5.2,5.2,2000,0
2017-06-29,19:00:00,5.21,5.21,5.2001,5.2001,400,0
2017-06-29,21:00:00,5.201,5.21,5.2,5.2,1001,0
2017-06-30,19:00:00,5.28,5.28,5.28,5.28,100,0
2017-06-30,22:00:00,5.27,5.27,5.17,5.17,200,0
2017-07-03,16:00:00,5.19,5.19,5.19,5.19,209,0
2017-07-03,18:00:00,5.18,5.18,5.18,5.18,100,0
2017-07-03,19:00:00,5.06,5.06,5.06,5.06,100,0
2017-07-05,16:00:00,5.05,5.05,4.99,4.99,1100,0
2017-07-05,20:00:00,5.03,5.03,5,5,700,0
2017-07-05,21:00:00,5.0001,5.0001,5.0001,5.0001,400,0
2017-07-06,18:00:00,5.0226,5.0226,5.0226,5.0226,100,0
2017-07-06,20:00:00,5.17,5.17,5.17,5.17,100,0
2017-07-06,22:00:00,5.17,5.17,5.0182,5.0182,3101,0
2017-07-07,16:00:00,5.054,5.054,5.054,5.054,1000,0
2017-07-07,17:00:00,5.05,5.05,5.05,5.05,500,0
2017-07-07,18:00:00,4.96,5.1,4.94,5,40304,0
2017-07-07,20:00:00,5.14,5.14,5.14,5.14,100,0
2017-07-07,22:00:00,5.0787,5.1395,5.0787,5.1395,403,0
2017-07-10,16:00:00,5.14,5.14,5.14,5.14,896,0
2017-07-10,17:00:00,5.05,5.13,5,5,14123,0
2017-07-10,19:00:00,5.12,5.12,5.07,5.07,800,0
2017-07-10,22:00:00,5.12,5.1399,5.1,5.1399,12150,0
2017-07-11,16:00:00,5,5,5,5,400,0
2017-07-11,17:00:00,5,5,5,5,300,0
2017-07-11,18:00:00,4.93,4.95,4.84,4.93,1754,0
2017-07-11,19:00:00,4.91,4.98,4.84,4.89,18100,0
2017-07-11,20:00:00,4.93,4.93,4.93,4.93,200,0
2017-07-11,22:00:00,4.97,4.97,4.9201,4.9201,556,0
2017-07-12,16:00:00,5.05,5.11,5,5.054,20765,0
2017-07-12,17:00:00,5.05,5.05,5.05,5.05,600,0
2017-07-12,18:00:00,5.07,5.07,5.07,5.07,600,0
2017-07-12,19:00:00,5.07,5.07,5.03,5.04,2600,0
2017-07-12,21:00:00,5.0699,5.1,5.0699,5.1,5700,0
2017-07-12,22:00:00,5.1,5.11,5.1,5.11,1082,0
2017-07-13,17:00:00,5.12,5.12,5.12,5.12,500,0
2017-07-13,18:00:00,5.18,5.18,5.18,5.18,100,0
2017-07-13,19:00:00,5.18,5.18,5.18,5.18,100,0
2017-07-13,22:00:00,5.1,5.15,5.1,5.1,1000,0
2017-07-14,18:00:00,5.1,5.1,5.09,5.1,600,0
2017-07-14,22:00:00,5.22,5.23,5.22,5.23,200,0
2017-07-17,17:00:00,5.11,5.1155,5.1,5.1155,2955,0
2017-07-17,19:00:00,5.1387,5.1387,5.1387,5.1387,195,0
2017-07-17,20:00:00,5.135,5.135,5.135,5.135,100,0
2017-07-17,21:00:00,5.135,5.135,5.135,5.135,100,0
2017-07-17,22:00:00,5.06,5.06,5.04,5.04,300,0
2017-07-18,16:00:00,5.08,5.1,5.08,5.1,900,0
2017-07-18,21:00:00,5.116,5.2,5.116,5.2,1187,0
2017-07-20,16:00:00,5,5,5,5,100,0
2017-07-20,19:00:00,5.12,5.12,5.12,5.12,100,0
2017-07-20,21:00:00,5.12,5.12,5.12,5.12,100,0
2017-07-21,21:00:00,5.024,5.024,4.9867,5.0075,731,0
2017-07-24,17:00:00,4.84,4.84,4.84,4.84,100,0
2017-07-24,19:00:00,4.87,4.87,4.87,4.87,100,0
2017-07-24,21:00:00,4.87,4.91,4.87,4.91,200,0
2017-07-24,22:00:00,4.91,4.91,4.9,4.91,2190,0
2017-07-25,19:00:00,5.08,5.08,5.08,5.08,100,0
2017-07-25,21:00:00,5,5,5,5,200,0
2017-07-25,22:00:00,5.06,5.11,5.06,5.11,1450,0
2017-07-26,19:00:00,5.01,5.029,4.75,4.8,9200,0
2017-07-26,21:00:00,5,5,5,5,200,0
2017-07-27,16:00:00,5.08,5.08,5.08,5.08,500,0
2017-07-27,17:00:00,5.05,5.05,5.05,5.05,100,0
2017-07-27,22:00:00,5.0618,5.0618,5.0618,5.0618,1000,0
2017-07-28,16:00:00,5,5,5,5,500,0
2017-07-28,18:00:00,4.9,4.9,4.9,4.9,100,0
2017-07-28,19:00:00,4.9436,4.9436,4.9436,4.9436,102,0
2017-07-28,20:00:00,4.994,4.994,4.994,4.994,100,0
2017-07-31,16:00:00,4.97,4.97,4.97,4.97,3001,0
2017-07-31,19:00:00,4.89,4.89,4.89,4.89,100,0
2017-07-31,20:00:00,4.89,4.89,4.89,4.89,100,0
2017-07-31,21:00:00,4.89,4.89,4.86,4.89,480,0
2017-07-31,22:00:00,4.8949,4.8949,4.89,4.89,500,0
2017-08-01,20:00:00,4.8759,4.8759,4.8759,4.8759,714,0
2017-08-02,20:00:00,4.91,4.91,4.9,4.9,250,0
2017-08-03,16:00:00,5,5.01,5,5.01,830,0
2017-08-03,20:00:00,5.02,5.02,4.87,4.87,1215,0
2017-08-03,21:00:00,4.89,4.89,4.89,4.89,100,0
2017-08-04,20:00:00,4.801,4.801,4.801,4.801,200,0
2017-08-04,21:00:00,4.82,4.82,4.82,4.82,152,0
2017-08-04,22:00:00,4.96,5.08,4.96,5.08,900,0
2017-08-07,18:00:00,5.13,5.13,5.13,5.13,100,0
2017-08-07,19:00:00,4.9252,4.97,4.91,4.97,4400,0
2017-08-07,21:00:00,4.97,4.97,4.91,4.91,733,0
2017-08-07,22:00:00,5.01,5.01,5.01,5.01,750,0
2017-08-08,16:00:00,4.91,4.94,4.87,4.87,5600,0
2017-08-08,17:00:00,4.8866,4.8866,4.8866,4.8866,500,0
2017-08-08,21:00:00,4.83,4.83,4.8,4.82,400,0
2017-08-08,22:00:00,4.8,4.8,4.8,4.8,400,0
2017-08-09,16:00:00,4.78,4.86,4.78,4.86,1150,0
2017-08-09,17:00:00,4.8056,4.8056,4.8056,4.8056,397,0
2017-08-09,19:00:00,4.85,4.85,4.85,4.85,100,0
2017-08-09,21:00:00,4.93,4.93,4.93,4.93,100,0
2017-08-09,22:00:00,4.93,4.93,4.93,4.93,100,0
2017-08-10,16:00:00,4.76,4.76,4.75,4.75,602,0
2017-08-10,18:00:00,4.66,4.66,4.66,4.66,100,0
2017-08-10,20:00:00,4.76,4.76,4.76,4.76,100,0
2017-08-10,21:00:00,4.7177,4.7177,4.7177,4.7177,200,0
2017-08-11,16:00:00,4.66,4.66,4.66,4.66,100,0
2017-08-11,17:00:00,4.67,4.7,4.62,4.62,2000,0
2017-08-11,18:00:00,4.6,4.701,4.6,4.701,300,0
2017-08-11,20:00:00,4.6177,4.6177,4.61,4.61,200,0
2017-08-11,21:00:00,4.712,4.712,4.712,4.712,555,0
2017-08-11,22:00:00,4.65,4.71,4.65,4.71,400,0
2017-08-14,16:00:00,4.71,4.72,4.71,4.72,6424,0
2017-08-14,18:00:00,4.71,4.71,4.71,4.71,200,0
2017-08-14,19:00:00,4.69,4.69,4.69,4.69,100,0
2017-08-14,20:00:00,4.62,4.62,4.62,4.62,100,0
2017-08-14,21:00:00,4.7322,4.7322,4.7322,4.7322,100,0
2017-08-15,16:00:00,4.7,4.7,4.7,4.7,1000,0
2017-08-15,17:00:00,4.85,4.85,4.85,4.85,100,0
2017-08-16,16:00:00,4.9,4.9,4.9,4.9,200,0
2017-08-16,21:00:00,4.8694,4.8694,4.8694,4.8694,300,0
2017-08-17,17:00:00,4.74,4.75,4.74,4.74,1200,0
2017-08-17,18:00:00,4.7448,4.7448,4.7448,4.7448,446,0
2017-08-23,17:00:00,4.87,4.97,4.87,4.97,1700,0
2017-08-24,16:00:00,4.95,4.95,4.95,4.95,100,0
2017-08-24,18:00:00,4.8412,4.8412,4.8412,4.8412,100,0
2017-08-24,19:00:00,4.9,4.9,4.9,4.9,100,0
2017-08-24,20:00:00,4.8969,4.94,4.894,4.94,800,0
2017-08-25,22:00:00,4.8773,4.8773,4.8773,4.8773,150,0
2017-08-28,16:00:00,4.85,4.97,4.85,4.93,900,0
2017-08-28,17:00:00,4.9433,4.9433,4.9433,4.9433,600,0
2017-08-28,18:00:00,4.84,4.87,4.84,4.87,200,0
2017-08-28,19:00:00,4.8688,4.8688,4.8688,4.8688,300,0
2017-08-28,21:00:00,4.94,4.96,4.93,4.96,600,0
2017-08-30,21:00:00,4.7653,4.85,4.7653,4.7701,930,0
2017-08-30,22:00:00,4.8,4.9584,4.8,4.9584,611,0
2017-08-31,16:00:00,5,5,5,5,225,0
2017-08-31,17:00:00,4.96,4.97,4.94,4.96,500,0
2017-08-31,18:00:00,4.96,4.96,4.96,4.96,800,0
2017-08-31,21:00:00,4.95,4.95,4.95,4.95,1000,0
2017-08-31,22:00:00,4.9,4.9,4.9,4.9,1000,0
2017-09-01,16:00:00,4.78,5,4.78,4.99,300,0
2017-09-01,18:00:00,4.8001,4.97,4.8001,4.8232,11600,0
2017-09-01,19:00:00,4.84,4.85,4.81,4.85,900,0
2017-09-01,22:00:00,4.87,4.87,4.87,4.87,100,0
2017-09-05,16:00:00,5.15,5.16,5.15,5.16,1300,0
2017-09-05,17:00:00,5.2,5.2,5.19,5.19,2575,0
2017-09-05,18:00:00,5.1939,5.1939,5.1939,5.1939,100,0
2017-09-05,19:00:00,5.18,5.19,5.18,5.19,225,0
2017-09-05,20:00:00,5.17,5.17,5.17,5.17,100,0
2017-09-05,22:00:00,5.17,5.17,5.05,5.05,200,0
2017-09-06,16:00:00,5.26,5.26,5.25,5.25,500,0
2017-09-06,17:00:00,5.33,5.37,5.1975,5.1975,1895,0
2017-09-06,18:00:00,5.23,5.2353,5.23,5.2353,200,0
2017-09-06,19:00:00,5.25,5.25,5.25,5.25,200,0
2017-09-06,20:00:00,5.27,5.27,5.27,5.27,200,0
2017-09-06,21:00:00,5.3,5.3,5.3,5.3,100,0
2017-09-06,22:00:00,5.3,5.38,5.27,5.27,6200,0
2017-09-07,16:00:00,5.39,5.54,5.12,5.3904,9340,0
2017-09-07,17:00:00,5.44,5.44,5.44,5.44,100,0
2017-09-07,18:00:00,5.3746,5.3746,5.3746,5.3746,200,0
2017-09-07,22:00:00,5.4099,5.4099,5.4099,5.4099,100,0
2017-09-08,17:00:00,5.48,5.49,5.338,5.3775,1100,0
2017-09-08,18:00:00,5.3317,5.3317,5.3317,5.3317,296,0
2017-09-08,21:00:00,5.46,5.46,5.46,5.46,950,0
2017-09-08,22:00:00,5.3763,5.3763,5.3763,5.3763,500,0
2017-09-11,16:00:00,5.37,5.49,5.37,5.49,3300,0
2017-09-13,17:00:00,5.47,5.47,5.47,5.47,100,0
2017-09-13,20:00:00,5.48,5.48,5.48,5.48,200,0
2017-09-13,21:00:00,5.321,5.321,5.321,5.321,100,0
2017-09-14,16:00:00,5.4,5.4,5.4,5.4,100,0
2017-09-14,17:00:00,5.4,5.4,5.39,5.39,4062,0
2017-09-14,21:00:00,5.4,5.4,5.4,5.4,100,0
2017-09-15,17:00:00,5.39,5.39,5.26,5.28,1000,0
2017-09-15,18:00:00,5.2916,5.2916,5.2916,5.2916,200,0
2017-09-15,22:00:00,5.4,5.4,5.4,5.4,100,0
2017-09-18,16:00:00,5.45,5.49,5.44,5.49,2441,0
2017-09-19,19:00:00,5.4001,5.4101,5.4001,5.4101,325,0
2017-09-19,20:00:00,5.4671,5.4671,5.4671,5.4671,500,0
2017-09-20,18:00:00,5.42,5.42,5.35,5.41,1900,0
2017-09-21,16:00:00,5.42,5.42,5.42,5.42,100,0
2017-09-21,17:00:00,5.41,5.41,5.41,5.41,100,0
2017-09-21,18:00:00,5.4,5.408,5.3718,5.4019,2268,0
2017-09-22,20:00:00,5.4117,5.4117,5.4117,5.4117,500,0
2017-09-25,21:00:00,5.35,5.3773,5.35,5.35,700,0
2017-09-25,22:00:00,5.35,5.35,5.35,5.35,100,0
2017-09-26,21:00:00,5.35,5.35,5.35,5.35,100,0
2017-09-26,22:00:00,5.35,5.3625,5.35,5.35,500,0
2017-09-27,16:00:00,5.33,5.35,5.33,5.35,4004,0
2017-09-27,21:00:00,5.31,5.31,5.31,5.31,300,0
2017-09-27,22:00:00,5.1822,5.2,5.18,5.18,1525,0
2017-09-28,19:00:00,5.2,5.21,5.2,5.21,450,0
2017-09-29,17:00:00,5.25,5.25,5.25,5.25,200,0
2017-09-29,19:00:00,5.2,5.25,5.2,5.25,300,0
2017-09-29,20:00:00,5.24,5.24,5.24,5.24,100,0
2017-09-29,21:00:00,5.25,5.25,5.25,5.25,200,0
2017-10-02,18:00:00,5.3867,5.3867,5.3867,5.3867,1900,0
2017-10-02,19:00:00,5.38,5.38,5.38,5.38,100,0
2017-10-02,20:00:00,5.37,5.38,5.37,5.38,200,0
2017-10-02,22:00:00,5.37,5.37,5.37,5.37,100,0
2017-10-03,16:00:00,5.26,5.26,5.26,5.26,100,0
2017-10-03,17:00:00,5.2292,5.2292,5.2292,5.2292,500,0
2017-10-03,20:00:00,5.19,5.19,5.19,5.19,500,0
2017-10-03,21:00:00,5.1999,5.24,5.1999,5.2195,1000,0
2017-10-03,22:00:00,5.2229,5.2229,5.22,5.22,800,0
2017-10-04,16:00:00,5.17,5.17,5.17,5.17,104,0
2017-10-04,18:00:00,5.21,5.22,5.21,5.22,1840,0
2017-10-04,20:00:00,5.26,5.26,5.26,5.26,100,0
2017-10-04,22:00:00,5.2682,5.2682,5.2682,5.2682,122,0
2017-10-05,16:00:00,5.39,5.39,5.18,5.18,378,0
2017-10-05,17:00:00,5.17,5.1958,5.16,5.1858,400,0
2017-10-05,18:00:00,5.19,5.19,5.19,5.19,100,0
2017-10-05,19:00:00,5.22,5.2447,5.22,5.22,2975,0
2017-10-05,21:00:00,5.21,5.2205,5.21,5.2205,400,0
2017-10-05,22:00:00,5.22,5.22,5.22,5.22,857,0
2017-10-06,16:00:00,5.17,5.17,5.17,5.17,125,0
2017-10-06,17:00:00,5.2425,5.2425,5.17,5.2,2839,0
2017-10-06,22:00:00,5.17,5.17,5.17,5.17,100,0
2017-10-09,18:00:00,5.07,5.1,5.07,5.1,300,0
2017-10-09,22:00:00,5.188,5.188,5.188,5.188,1850,0
2017-10-10,17:00:00,5.1307,5.1307,5.1307,5.1307,500,0
2017-10-10,22:00:00,5.2,5.2,5.16,5.16,300,0
2017-10-11,16:00:00,5.16,5.16,5.16,5.16,500,0
2017-10-11,17:00:00,5.17,5.17,5.17,5.17,100,0
2017-10-12,17:00:00,5.1656,5.1656,5.1656,5.1656,980,0
2017-10-12,20:00:00,5.17,5.17,5.17,5.17,100,0
2017-10-13,16:00:00,5.17,5.17,5.17,5.17,500,0
2017-10-13,18:00:00,5.1364,5.1739,5.1364,5.14,475,0
2017-10-13,19:00:00,5.14,5.14,5.14,5.14,800,0
2017-10-13,20:00:00,5.1853,5.1853,5.1853,5.1853,200,0
2017-10-16,16:00:00,5.35,5.35,5.34,5.34,383,0
2017-10-16,17:00:00,5.25,5.25,5.25,5.25,200,0
2017-10-16,18:00:00,5.25,5.25,5.25,5.25,200,0
2017-10-16,19:00:00,5.25,5.25,5.25,5.25,100,0
2017-10-16,20:00:00,5.25,5.25,5.1,5.1,200,0
2017-10-16,21:00:00,5.25,5.25,5.25,5.25,100,0
2017-10-16,22:00:00,5.1853,5.24,5.1853,5.24,423,0
2017-10-17,16:00:00,5.17,5.17,5.17,5.17,100,0
2017-10-17,17:00:00,5.1007,5.1007,5.1007,5.1007,400,0
2017-10-17,19:00:00,5.12,5.12,5.12,5.12,100,0
2017-10-17,21:00:00,5.13,5.13,5.13,5.13,500,0
2017-10-17,22:00:00,5.1205,5.13,5.1205,5.13,300,0
2017-10-18,17:00:00,5.02,5.02,5.02,5.02,100,0
2017-10-18,19:00:00,5.16,5.16,5.16,5.16,100,0
2017-10-18,20:00:00,5.14,5.14,5.14,5.14,100,0
2017-10-18,21:00:00,5.14,5.14,5.08,5.09,800,0
2017-10-18,22:00:00,5.12,5.1255,5.1,5.1255,800,0
2017-10-19,16:00:00,5.09,5.31,5.09,5.15,3473,0
2017-10-19,18:00:00,5.16,5.16,5.16,5.16,100,0
2017-10-19,19:00:00,5.0311,5.0311,5.0311,5.0311,500,0
2017-10-19,21:00:00,5.16,5.16,5.06,5.06,800,0
2017-10-19,22:00:00,5.0319,5.0319,5.0319,5.0319,300,0
2017-10-20,17:00:00,5.1,5.1,5.1,5.1,100,0
2017-10-20,18:00:00,5.02,5.02,5.02,5.02,100,0
2017-10-20,22:00:00,5.09,5.09,5.09,5.09,700,0
2017-10-23,16:00:00,5.03,5.18,5.03,5.17,8160,0
2017-10-23,19:00:00,5.05,5.0804,5.05,5.0804,200,0
2017-10-23,22:00:00,5.05,5.08,5.05,5.08,600,0
2017-10-24,16:00:00,5.1,5.1,5.09,5.1,600,0
2017-10-24,19:00:00,5.1,5.1,5.1,5.1,600,0
2017-10-24,22:00:00,5.11,5.1253,5.11,5.1253,200,0
2017-10-25,16:00:00,5.13,5.15,5.13,5.13,600,0
2017-10-25,17:00:00,5.14,5.161,5.13,5.13,1500,0
2017-10-25,18:00:00,5.13,5.13,5.13,5.13,2770,0
2017-10-25,19:00:00,5.13,5.13,5.13,5.13,600,0
2017-10-25,21:00:00,5.1301,5.1301,5.13,5.13,926,0
2017-10-25,22:00:00,5.15,5.15,5.13,5.13,200,0
2017-10-26,16:00:00,5.25,5.25,5.25,5.25,3626,0
2017-10-26,17:00:00,5.23,5.3,5.23,5.3,950,0
2017-10-26,18:00:00,5.2887,5.2887,5.2887,5.2887,300,0
2017-10-26,19:00:00,5.17,5.1803,5.15,5.17,1200,0
2017-10-26,21:00:00,5.17,5.17,5.14,5.15,2600,0
2017-10-27,17:00:00,5.15,5.15,5.13,5.13,200,0
2017-10-27,18:00:00,5.2,5.2,5.19,5.19,1837,0
2017-10-27,19:00:00,5.2,5.2,5.2,5.2,100,0
2017-10-27,22:00:00,5.2174,5.2174,5.2174,5.2174,332,0
2017-10-30,16:00:00,5.19,5.21,5.18,5.21,500,0
2017-10-30,17:00:00,5.25,5.25,5.25,5.25,1500,0
2017-10-30,19:00:00,5.1213,5.1213,5.1213,5.1213,173,0
2017-10-31,16:00:00,5.22,5.23,5.22,5.23,400,0
2017-10-31,17:00:00,5.205,5.205,5.205,5.205,100,0
2017-10-31,18:00:00,5.21,5.21,5.21,5.21,800,0
2017-10-31,19:00:00,5.21,5.2103,5.2,5.2103,400,0
2017-10-31,20:00:00,5.2,5.2,5.19,5.19,700,0
2017-10-31,21:00:00,5.16,5.2088,5.16,5.16,600,0
2017-11-01,19:00:00,5.16,5.1703,5.16,5.1703,200,0
2017-11-02,15:00:00,5.24,5.3,5.19,5.2456,1524,0
2017-11-02,18:00:00,5.33,5.33,5.33,5.33,100,0
2017-11-02,20:00:00,5.191,5.2012,5.191,5.2012,2000,0
2017-11-02,21:00:00,5.2173,5.2173,5.2173,5.2173,100,0
2017-11-03,16:00:00,5.275,5.39,5.275,5.39,1000,0
2017-11-03,17:00:00,5.1969,5.39,5.1969,5.39,550,0
2017-11-03,21:00:00,5.35,5.35,5.35,5.35,100,0
2017-11-06,16:00:00,5.35,5.35,5.35,5.35,328,0
2017-11-06,17:00:00,5.25,5.25,5.25,5.25,100,0
2017-11-06,18:00:00,5.22,5.3,5.22,5.3,200,0
2017-11-06,19:00:00,5.25,5.25,5.25,5.25,100,0
2017-11-06,22:00:00,5.32,5.32,5.32,5.32,100,0
2017-11-07,18:00:00,5.192,5.192,5.192,5.192,3800,0
2017-11-07,21:00:00,5.16,5.17,5.13,5.16,1296,0
2017-11-07,22:00:00,5.15,5.17,5.15,5.17,200,0
2017-11-08,18:00:00,5.1223,5.1223,5.1223,5.1223,529,0
2017-11-08,19:00:00,5.32,5.32,5.32,5.32,100,0
2017-11-08,22:00:00,5.24,5.24,5.24,5.24,100,0
2017-11-09,16:00:00,5.08,5.08,5.08,5.08,100,0
2017-11-09,21:00:00,5.08,5.08,5.07,5.07,300,0
2017-11-09,22:00:00,5.07,5.07,5.07,5.07,197,0
2017-11-10,20:00:00,5.07,5.07,5.07,5.07,100,0
2017-11-10,21:00:00,5.11,5.11,5.11,5.11,200,0
2017-11-10,22:00:00,5.08,5.1,5.07,5.1,300,0
2017-11-13,16:00:00,4.99,5.04,4.99,5.04,1500,0
2017-11-13,17:00:00,5.09,5.24,5.06,5.24,900,0
2017-11-13,19:00:00,5.03,5.0551,5.02,5.02,900,0
2017-11-14,16:00:00,5.14,5.1641,5.13,5.1641,700,0
2017-11-14,18:00:00,5.0311,5.0311,5.0311,5.0311,100,0
2017-11-14,21:00:00,5.08,5.08,5.07,5.07,3600,0
2017-11-14,22:00:00,5.06,5.07,5.06,5.07,2133,0
2017-11-15,16:00:00,5.02,5.0652,5.02,5.0652,600,0
2017-11-15,17:00:00,5.13,5.2,5.13,5.2,500,0
2017-11-15,19:00:00,5.18,5.18,5.18,5.18,100,0
2017-11-16,22:00:00,5.0644,5.0644,5.0644,5.0644,400,0
2017-11-17,18:00:00,5.0672,5.0672,5.0672,5.0672,100,0
2017-11-17,19:00:00,5.12,5.12,5.06,5.12,300,0
2017-11-20,19:00:00,5.22,5.22,5.0985,5.099,3200,0
2017-11-20,20:00:00,5.11,5.11,5.11,5.11,100,0
2017-11-20,21:00:00,5.17,5.17,5.17,5.17,100,0
2017-11-20,22:00:00,5.11,5.1201,5.0601,5.07,4140,0
2017-11-21,16:00:00,5.66,5.72,5.66,5.6971,12039,0
2017-11-21,17:00:00,5.512,5.5221,5.512,5.5221,700,0
2017-11-21,18:00:00,5.621,5.73,5.621,5.6733,5405,0
2017-11-21,19:00:00,5.7,5.7,5.6313,5.6313,1232,0
2017-11-21,21:00:00,5.63,5.71,5.63,5.71,3665,0
2017-11-21,22:00:00,5.68,5.74,5.68,5.7229,4200,0
2017-11-22,16:00:00,5.8,5.9,5.72,5.8676,19975,0
2017-11-22,17:00:00,5.95,5.9801,5.91,5.9486,4600,0
2017-11-22,19:00:00,5.8659,5.8788,5.8659,5.8788,1000,0
2017-11-22,21:00:00,5.9412,5.9412,5.93,5.93,700,0
2017-11-22,22:00:00,5.93,5.93,5.86,5.86,1400,0
2017-11-24,16:00:00,5.99,5.99,5.72,5.88,2970,0
2017-11-24,17:00:00,5.88,5.88,5.88,5.88,700,0
2017-11-24,19:00:00,5.93,5.93,5.93,5.93,100,0
2017-11-24,20:00:00,5.89,5.89,5.89,5.89,100,0
2017-11-27,18:00:00,5.89,5.89,5.6481,5.65,3143,0
2017-11-27,20:00:00,5.74,5.74,5.74,5.74,100,0
2017-11-27,22:00:00,5.702,5.702,5.702,5.702,100,0
2017-11-28,19:00:00,5.763,5.763,5.763,5.763,500,0
2017-11-28,22:00:00,5.7,5.7006,5.7,5.7,900,0
2017-11-29,16:00:00,5.75,5.82,5.75,5.82,1802,0
2017-11-29,17:00:00,5.7851,5.7851,5.7851,5.7851,167,0
2017-11-29,18:00:00,5.75,5.7681,5.74,5.7681,1756,0
2017-11-29,19:00:00,5.74,5.74,5.71,5.71,900,0
2017-11-29,21:00:00,5.72,5.72,5.71,5.72,1700,0
2017-11-30,17:00:00,5.81,5.81,5.6,5.6102,5800,0
2017-11-30,18:00:00,5.73,5.73,5.72,5.72,1200,0
2017-11-30,19:00:00,5.72,5.72,5.72,5.72,800,0
2017-11-30,20:00:00,5.81,5.81,5.81,5.81,100,0
2017-11-30,21:00:00,5.72,5.72,5.72,5.72,100,0
2017-11-30,22:00:00,5.72,5.81,5.72,5.81,300,0
2017-12-01,17:00:00,5.9,5.9,5.9,5.9,100,0
2017-12-01,18:00:00,5.74,5.7687,5.72,5.72,2100,0
2017-12-01,19:00:00,5.73,5.7375,5.72,5.72,1100,0
2017-12-01,21:00:00,5.7,5.72,5.7,5.71,2100,0
2017-12-01,22:00:00,5.73,5.77,5.72,5.76,1400,0
2017-12-04,16:00:00,5.91,5.99,5.91,5.93,1776,0
2017-12-04,17:00:00,5.92,5.94,5.92,5.94,400,0
2017-12-04,18:00:00,5.95,5.95,5.95,5.95,300,0
2017-12-04,20:00:00,5.95,5.95,5.94,5.94,200,0
2017-12-04,22:00:00,5.95,5.95,5.95,5.95,100,0
2017-12-05,16:00:00,5.99,6.05,5.97,5.97,14166,0
2017-12-05,17:00:00,5.981,6.02,5.98,6.01,1500,0
2017-12-05,18:00:00,5.9352,5.9352,5.9352,5.9352,270,0
2017-12-05,19:00:00,5.94,5.95,5.94,5.94,700,0
2017-12-05,20:00:00,5.965,5.9654,5.9603,5.9654,506,0
2017-12-06,16:00:00,5.9501,5.9501,5.9501,5.9501,570,0
2017-12-06,17:00:00,6.01,6.01,5.95,5.9738,400,0
2017-12-06,18:00:00,5.962,5.978,5.962,5.978,1500,0
2017-12-06,19:00:00,5.96,5.96,5.96,5.96,300,0
2017-12-06,20:00:00,5.96,5.97,5.96,5.97,600,0
2017-12-06,21:00:00,5.99,5.99,5.99,5.99,100,0
2017-12-06,22:00:00,5.98,5.98,5.98,5.98,400,0
