Date,Time,Open,High,Low,Close,Volume,OpenInt
2017-02-01,17:00:00,24.7698,24.7698,24.742,24.742,1382,0
2017-02-01,19:00:00,24.68,24.68,24.68,24.68,100,0
2017-02-03,16:00:00,24.74,24.74,24.74,24.74,100,0
2017-02-03,17:00:00,24.93,24.93,24.93,24.93,57937,0
2017-02-03,19:00:00,25,25,25,25,82479,0
2017-02-03,20:00:00,25,25,24.965,24.965,2600,0
2017-02-03,21:00:00,24.9956,24.9956,24.965,24.9897,1700,0
2017-02-03,22:00:00,25.005,25.05,25.005,25.05,5264,0
2017-02-06,17:00:00,25.1,25.1,25.09,25.09,34900,0
2017-02-06,18:00:00,25.11,25.12,25.11,25.12,36112,0
2017-02-06,19:00:00,25.1592,25.1592,25.1592,25.1592,600,0
2017-02-06,22:00:00,24.95,24.95,24.95,24.95,590,0
2017-02-07,17:00:00,24.97,24.97,24.9348,24.9348,33850,0
2017-02-07,20:00:00,24.86,24.86,24.86,24.86,200,0
2017-02-07,22:00:00,24.92,24.92,24.8304,24.8304,9574,0
2017-02-08,21:00:00,24.96,24.96,24.96,24.96,10436,0
2017-02-09,22:00:00,25.145,25.19,25.101,25.101,3720,0
2017-02-10,22:00:00,25.24,25.24,25.2399,25.2399,1315,0
2017-02-13,17:00:00,25.35,25.35,25.35,25.35,15903,0
2017-02-13,22:00:00,25.28,25.2801,25.28,25.2801,1422,0
2017-02-14,16:00:00,25.52,25.52,25.3,25.3,16118,0
2017-02-17,17:00:00,25.37,25.37,25.37,25.37,7948,0
2017-02-21,17:00:00,25.52,25.52,25.52,25.52,13047,0
2017-02-21,18:00:00,25.52,25.52,25.52,25.52,1481,0
2017-02-22,22:00:00,25.44,25.44,25.42,25.42,8884,0
2017-02-23,22:00:00,25.41,25.41,25.41,25.41,323,0
2017-02-24,21:00:00,25.26,25.2979,25.26,25.2979,3432,0
2017-02-28,19:00:00,25.3456,25.3456,25.3456,25.3456,800,0
2017-02-28,21:00:00,25.2644,25.3787,25.25,25.3787,9324,0
2017-02-28,22:00:00,25.25,25.3147,25.25,25.3003,2838,0
2017-03-01,21:00:00,25.5347,25.5347,25.5347,25.5347,198,0
2017-03-01,22:00:00,25.56,25.56,25.5417,25.5417,8649,0
2017-03-02,22:00:00,25.3152,25.3152,25.3152,25.3152,113,0
2017-03-03,18:00:00,25.32,25.32,25.32,25.32,300,0
2017-03-06,22:00:00,25.2699,25.2699,25.2466,25.2466,760,0
2017-03-07,18:00:00,25.1899,25.1899,25.1899,25.1899,924,0
2017-03-07,22:00:00,25.16,25.16,25.16,25.16,4234,0
2017-03-08,22:00:00,25.1899,25.1899,25.13,25.13,1618,0
2017-03-09,20:00:00,25.14,25.14,25.14,25.14,100,0
2017-03-10,20:00:00,25.07,25.07,25.07,25.07,100,0
2017-03-13,19:00:00,25.13,25.13,25.13,25.13,100,0
2017-03-13,21:00:00,25.13,25.13,25.1299,25.1299,500,0
2017-03-14,21:00:00,25.045,25.045,25.045,25.045,268,0
2017-03-15,20:00:00,25.31,25.31,25.31,25.31,499,0
2017-03-16,16:00:00,25.3239,25.3239,25.3239,25.3239,806,0
2017-03-21,21:00:00,24.93,24.93,24.87,24.87,3534,0
2017-03-22,15:00:00,24.6,24.63,24.6,24.61,4200,0
2017-03-22,21:00:00,24.879,24.879,24.879,24.879,200,0
2017-03-23,21:00:00,24.78,24.78,24.78,24.78,5150,0
2017-03-24,21:00:00,24.8106,24.8106,24.8106,24.8106,200,0
2017-03-27,18:00:00,24.8295,24.8295,24.8295,24.8295,200,0
2017-03-27,22:00:00,24.8111,24.8942,24.8111,24.8942,624,0
2017-03-28,18:00:00,24.9001,24.9001,24.9001,24.9001,804,0
2017-03-28,22:00:00,24.9401,25.06,24.94,25.06,6306,0
2017-03-29,18:00:00,25.07,25.14,25.07,25.14,400,0
2017-03-29,22:00:00,25.1653,25.1653,25.1653,25.1653,192,0
2017-03-30,22:00:00,25.0701,25.16,25.0701,25.16,601,0
2017-03-31,22:00:00,25.26,25.29,25.26,25.29,18490,0
2017-04-03,20:00:00,25.0101,25.0524,25.01,25.0524,3127,0
2017-04-05,22:00:00,24.97,25.045,24.97,25.045,694,0
2017-04-06,16:00:00,24.8,24.82,24.8,24.82,632,0
2017-04-06,21:00:00,25.0048,25.0048,25.0048,25.0048,100,0
2017-04-07,22:00:00,24.96,24.96,24.96,24.96,19731,0
2017-04-12,17:00:00,25.1199,25.1199,25.1199,25.1199,100,0
2017-04-12,19:00:00,25,25,25,25,1165,0
2017-04-13,22:00:00,24.795,24.795,24.795,24.795,100,0
2017-04-17,22:00:00,24.94,24.94,24.94,24.94,2984,0
2017-04-19,22:00:00,25.04,25.04,24.88,24.8807,11716,0
2017-04-20,20:00:00,25.13,25.13,25.13,25.13,200,0
2017-04-21,21:00:00,25.1248,25.1248,25.1248,25.1248,381,0
2017-04-21,22:00:00,25.1149,25.1149,25.1149,25.1149,367,0
2017-04-24,22:00:00,25.3158,25.3158,25.3158,25.3158,133,0
2017-04-25,21:00:00,25.3401,25.3401,25.3401,25.3401,548,0
2017-04-25,22:00:00,25.4147,25.4147,25.4147,25.4147,100,0
2017-04-27,22:00:00,25.4201,25.4201,25.4201,25.4201,646,0
2017-04-28,22:00:00,25.4,25.4,25.4,25.4,2134,0
2017-05-01,22:00:00,25.5581,25.5581,25.5581,25.5581,200,0
2017-05-02,21:00:00,25.5403,25.6299,25.5403,25.6299,873,0
2017-05-03,22:00:00,25.5,25.5,25.4864,25.4864,5494,0
2017-05-08,22:00:00,25.6998,25.6998,25.6998,25.6998,100,0
2017-05-09,18:00:00,25.6592,25.6592,25.6592,25.6592,1962,0
2017-05-09,20:00:00,25.7,25.7,25.6999,25.6999,383,0
2017-05-10,22:00:00,25.6527,25.6527,25.6527,25.6527,371,0
2017-05-11,20:00:00,25.54,25.63,25.54,25.63,594,0
2017-05-16,21:00:00,25.62,25.6201,25.62,25.6201,2330,0
2017-05-16,22:00:00,25.74,25.74,25.74,25.74,2887,0
2017-05-17,22:00:00,25.28,25.28,25.28,25.28,100,0
2017-05-18,22:00:00,25.31,25.3101,25.31,25.3101,2800,0
2017-05-19,21:00:00,25.6203,25.6203,25.6203,25.6203,340,0
2017-05-19,22:00:00,25.66,25.66,25.66,25.66,2658,0
2017-05-22,22:00:00,25.6408,25.75,25.62,25.75,1331,0
2017-05-24,21:00:00,25.7488,25.7488,25.7488,25.7488,788,0
2017-05-25,22:00:00,25.9,25.9,25.84,25.84,308,0
2017-05-26,21:00:00,25.86,25.8958,25.86,25.8958,2392,0
2017-05-30,22:00:00,25.8,25.8,25.8,25.8,1000,0
2017-06-01,22:00:00,26.24,26.24,26.24,26.24,200,0
2017-06-02,18:00:00,26.3,26.3,26.3,26.3,150,0
2017-06-05,22:00:00,26.06,26.06,26.06,26.06,3137,0
2017-06-06,21:00:00,26.0064,26.09,26.0064,26.0726,1709,0
2017-06-07,18:00:00,26.06,26.06,26.06,26.06,150,0
2017-06-08,22:00:00,25.9,25.9,25.9,25.9,2658,0
2017-06-09,21:00:00,25.881,25.881,25.88,25.88,961,0
2017-06-12,22:00:00,26.12,26.12,26.12,26.12,1874,0
2017-06-13,16:00:00,26.19,26.19,26.19,26.19,100,0
2017-06-13,18:00:00,26.29,26.29,26.29,26.29,2000,0
2017-06-14,21:00:00,26.0653,26.0653,26.0649,26.0649,770,0
2017-06-15,22:00:00,25.8812,26.02,25.8812,26.02,3116,0
2017-06-16,22:00:00,25.905,25.93,25.905,25.93,2900,0
2017-06-19,22:00:00,26.2,26.2,26.2,26.2,100,0
2017-06-21,17:00:00,25.88,25.88,25.88,25.88,2664,0
2017-06-21,19:00:00,25.81,25.81,25.81,25.81,100,0
2017-06-21,20:00:00,25.6985,25.6985,25.66,25.66,2474,0
2017-06-21,21:00:00,25.7,25.86,25.7,25.8592,3848,0
2017-06-22,20:00:00,25.82,25.82,25.79,25.79,2118,0
2017-06-22,22:00:00,25.9001,25.9001,25.9001,25.9001,240,0
2017-06-23,21:00:00,25.9978,25.9978,25.9978,25.9978,159,0
2017-06-26,21:00:00,26.29,26.29,26.29,26.29,100,0
2017-06-28,18:00:00,26.34,26.34,26.2615,26.2615,240,0
2017-06-28,21:00:00,26.3699,26.37,26.2587,26.37,5299,0
2017-06-29,21:00:00,26.0603,26.0603,26.0603,26.0603,100,0
2017-07-03,20:00:00,26.0603,26.0603,26.0603,26.0603,0,0
2017-07-05,22:00:00,26.07,26.07,26.07,26.07,6876,0
2017-07-06,21:00:00,25.965,26,25.965,26,460,0
2017-07-06,22:00:00,25.9899,25.99,25.94,25.94,2784,0
2017-07-07,21:00:00,26.0699,26.0699,25.995,25.995,1033,0
2017-07-10,21:00:00,25.8913,25.8913,25.8913,25.8913,541,0
2017-07-10,22:00:00,26.03,26.03,26.03,26.03,100,0
2017-07-11,22:00:00,25.9201,25.9201,25.9201,25.9201,621,0
2017-07-12,18:00:00,26.1259,26.1259,26.1259,26.1259,150,0
2017-07-13,19:00:00,26.13,26.13,26.13,26.13,2189,0
2017-07-13,21:00:00,26.2,26.2047,26.2,26.2047,1690,0
2017-07-14,22:00:00,26.205,26.205,26.205,26.205,134,0
2017-07-17,21:00:00,26.479,26.479,26.479,26.479,987,0
2017-07-17,22:00:00,26.395,26.395,26.395,26.395,173,0
2017-07-19,22:00:00,26.48,26.48,26.48,26.48,2954,0
2017-07-21,21:00:00,26.4011,26.4011,26.4011,26.4011,292,0
2017-07-24,21:00:00,26.4599,26.47,26.399,26.4699,3770,0
2017-07-25,21:00:00,26.3892,26.4492,26.37,26.4492,1694,0
2017-07-27,20:00:00,26.33,26.3301,26.33,26.3301,400,0
2017-07-27,21:00:00,26.33,26.33,26.33,26.33,319,0
2017-07-28,18:00:00,26.4399,26.4399,26.4399,26.4399,100,0
2017-07-31,21:00:00,26.43,26.43,26.43,26.43,100,0
2017-08-01,16:00:00,26.48,26.48,26.48,26.48,180,0
2017-08-01,22:00:00,26.39,26.39,26.39,26.39,2516,0
2017-08-02,20:00:00,26.2238,26.2238,26.2152,26.2152,4008,0
2017-08-02,21:00:00,26.26,26.26,26.2401,26.2401,1093,0
2017-08-02,22:00:00,26.24,26.24,26.24,26.24,100,0
2017-08-03,22:00:00,26.239,26.24,26.2001,26.2001,5053,0
2017-08-04,19:00:00,26.2699,26.2699,26.2699,26.2699,100,0
2017-08-07,22:00:00,26.33,26.33,26.33,26.33,200,0
2017-08-08,20:00:00,26.34,26.34,26.33,26.33,400,0
2017-08-08,22:00:00,26.1,26.28,26.0997,26.28,2324,0
2017-08-10,21:00:00,25.8774,25.8774,25.8774,25.8774,193,0
2017-08-11,21:00:00,25.7899,25.7899,25.7899,25.7899,208,0
2017-08-15,20:00:00,25.8762,25.8762,25.86,25.86,632,0
2017-08-15,21:00:00,25.8696,25.8696,25.8696,25.8696,2153,0
2017-08-15,22:00:00,26,26,26,26,100,0
2017-08-17,21:00:00,25.75,25.7675,25.71,25.74,1239,0
2017-08-21,21:00:00,25.6823,25.6823,25.6823,25.6823,393,0
2017-08-22,21:00:00,25.83,25.85,25.83,25.85,13767,0
2017-08-23,22:00:00,25.82,25.82,25.82,25.82,8597,0
2017-08-24,17:00:00,25.785,25.79,25.785,25.79,450,0
2017-08-24,19:00:00,25.89,25.9,25.89,25.9,567,0
2017-08-24,21:00:00,25.8402,25.8402,25.84,25.84,1616,0
2017-08-25,22:00:00,25.92,25.96,25.92,25.96,600,0
2017-08-29,22:00:00,25.91,25.915,25.89,25.9147,1547,0
2017-08-30,21:00:00,25.94,25.94,25.94,25.94,277,0
2017-08-31,22:00:00,26.14,26.14,26.11,26.11,298,0
2017-09-05,19:00:00,25.94,25.94,25.94,25.94,3000,0
2017-09-05,21:00:00,25.925,25.925,25.925,25.925,329,0
2017-09-06,22:00:00,26.07,26.07,26.07,26.07,300,0
2017-09-07,19:00:00,25.91,25.91,25.91,25.91,255,0
2017-09-08,18:00:00,25.9,25.9,25.9,25.9,8200,0
2017-09-08,21:00:00,25.8902,25.9,25.87,25.9,12713,0
2017-09-08,22:00:00,25.8701,25.8755,25.8701,25.8755,630,0
2017-09-11,20:00:00,26.2,26.2,26.2,26.2,100,0
2017-09-12,22:00:00,26.33,26.33,26.33,26.33,993,0
2017-09-13,22:00:00,26.2676,26.2676,26.2676,26.2676,240,0
2017-09-14,22:00:00,26.2899,26.2899,26.2899,26.2899,356,0
2017-09-15,21:00:00,26.32,26.32,26.32,26.32,100,0
2017-09-18,22:00:00,26.42,26.42,26.42,26.42,100,0
2017-09-19,22:00:00,26.46,26.46,26.46,26.46,100,0
2017-09-20,21:00:00,26.4317,26.4342,26.4201,26.4342,1611,0
2017-09-21,19:00:00,26.37,26.4514,26.37,26.4514,682,0
2017-09-21,22:00:00,26.4403,26.4403,26.4403,26.4403,101,0
2017-09-22,21:00:00,26.37,26.4435,26.37,26.4435,540,0
2017-09-25,16:00:00,26.07,26.07,26,26,400,0
2017-09-25,19:00:00,26.35,26.35,26.35,26.35,100,0
2017-09-26,22:00:00,26.55,26.55,26.55,26.55,100,0
2017-09-28,22:00:00,26.71,26.71,26.71,26.71,100,0
2017-09-29,21:00:00,26.83,26.83,26.68,26.698,710,0
2017-09-29,22:00:00,26.71,26.86,26.71,26.86,11285,0
2017-10-02,18:00:00,26.68,26.68,26.68,26.68,180,0
2017-10-02,21:00:00,26.86,26.86,26.701,26.7792,436,0
2017-10-03,21:00:00,26.7747,26.7747,26.7747,26.7747,478,0
2017-10-03,22:00:00,26.87,26.87,26.87,26.87,100,0
2017-10-04,21:00:00,26.85,26.85,26.706,26.706,2963,0
2017-10-04,22:00:00,26.87,26.87,26.87,26.87,100,0
2017-10-05,21:00:00,26.7801,26.89,26.7801,26.89,9101,0
2017-10-06,21:00:00,26.76,26.76,26.7501,26.7501,6106,0
2017-10-06,22:00:00,26.89,26.89,26.73,26.73,5806,0
2017-10-09,22:00:00,26.89,26.89,26.89,26.89,100,0
2017-10-11,21:00:00,26.92,27.0041,26.92,27.0041,302,0
2017-10-11,22:00:00,27.0899,27.0899,27.0899,27.0899,357,0
2017-10-12,21:00:00,27.2083,27.21,27.2083,27.21,12061,0
2017-10-12,22:00:00,27.21,27.21,27.21,27.21,11800,0
2017-10-13,19:00:00,27.101,27.101,27.101,27.101,108,0
2017-10-13,21:00:00,27.1511,27.23,27.14,27.23,3726,0
2017-10-13,22:00:00,27.24,27.24,27.23,27.23,3000,0
2017-10-16,21:00:00,27.13,27.13,27.13,27.13,1952,0
2017-10-16,22:00:00,27.17,27.17,27.17,27.17,130,0
2017-10-17,21:00:00,27.0803,27.0803,27.0803,27.0803,125,0
2017-10-18,19:00:00,27.04,27.0514,27.03,27.0514,10217,0
2017-10-18,20:00:00,27.11,27.11,27.11,27.11,8085,0
2017-10-19,18:00:00,27.16,27.16,27.001,27.001,255,0
2017-10-19,21:00:00,27.0953,27.0953,27.0953,27.0953,241,0
2017-10-20,21:00:00,27.06,27.1337,27.05,27.1337,2034,0
2017-10-20,22:00:00,27.06,27.1512,27.06,27.1512,600,0
2017-10-23,21:00:00,27.1398,27.1398,27.1398,27.1398,266,0
2017-10-23,22:00:00,27.02,27.0336,27.02,27.0336,1106,0
2017-10-24,22:00:00,27.0455,27.0455,27.0455,27.0455,1220,0
2017-10-25,21:00:00,26.9375,26.9753,26.9375,26.9753,1535,0
2017-10-27,20:00:00,26.9438,26.9914,26.9438,26.9914,5729,0
2017-10-27,22:00:00,27.04,27.04,27.04,27.04,3193,0
2017-10-31,21:00:00,27.24,27.24,27.24,27.24,100,0
2017-11-02,18:00:00,27.218,27.218,27.218,27.218,151,0
2017-11-02,21:00:00,27.1902,27.2222,27.1902,27.2222,1185,0
2017-11-03,18:00:00,27.15,27.205,27.15,27.205,1527,0
2017-11-03,21:00:00,27.1702,27.185,27.1702,27.185,698,0
2017-11-06,16:00:00,27.15,27.15,27.15,27.15,640,0
2017-11-06,17:00:00,27,27,27,27,8746,0
2017-11-06,20:00:00,27.16,27.16,27.16,27.16,1003,0
2017-11-07,19:00:00,27.105,27.105,27.105,27.105,117,0
2017-11-07,21:00:00,26.98,27.0319,26.98,27.0319,9791,0
2017-11-08,21:00:00,27.101,27.1253,27.101,27.1253,642,0
2017-11-08,22:00:00,27.23,27.23,27.23,27.23,4198,0
2017-11-09,21:00:00,27.0083,27.0083,27.0083,27.0083,494,0
2017-11-10,19:00:00,27.1322,27.16,27.1322,27.16,9367,0
2017-11-10,21:00:00,27.11,27.11,27.03,27.03,482,0
2017-11-13,21:00:00,27.07,27.15,27.07,27.15,490,0
2017-11-13,22:00:00,27.19,27.19,27.19,27.19,6731,0
2017-11-14,18:00:00,27.07,27.07,27.07,27.07,150,0
2017-11-14,20:00:00,27.081,27.0934,27.08,27.0934,4307,0
2017-11-14,21:00:00,27.1,27.1,27.1,27.1,400,0
2017-11-14,22:00:00,27.1,27.1,27.1,27.1,1685,0
2017-11-16,20:00:00,27.14,27.1493,27.14,27.1493,7836,0
2017-11-16,21:00:00,27.211,27.319,27.211,27.319,3604,0
2017-11-20,20:00:00,27.3699,27.3699,27.3699,27.3699,230,0
2017-11-20,21:00:00,27.197,27.197,27.197,27.197,1260,0
2017-11-21,16:00:00,27.18,27.3,27.18,27.29,7068,0
2017-11-21,17:00:00,27.27,27.31,27.27,27.29,700,0
2017-11-21,21:00:00,27.31,27.31,27.31,27.31,326,0
2017-11-21,22:00:00,27.29,27.29,27.29,27.29,100,0
2017-11-22,17:00:00,27.31,27.31,27.31,27.31,100,0
2017-11-22,21:00:00,27.3357,27.37,27.3299,27.355,2312,0
2017-11-24,17:00:00,27.38,27.38,27.38,27.38,100,0
2017-11-24,20:00:00,27.38,27.38,27.38,27.38,0,0
2017-11-27,17:00:00,27.43,27.5537,27.43,27.5537,522,0
2017-11-27,21:00:00,27.48,27.5025,27.48,27.5025,1192,0
2017-11-28,21:00:00,27.4,27.4939,27.4,27.4939,200,0
2017-11-28,22:00:00,27.62,27.62,27.62,27.62,100,0
2017-11-30,17:00:00,27.68,27.68,27.68,27.68,100,0
2017-11-30,21:00:00,27.7653,27.7653,27.7653,27.7653,340,0
2017-12-01,17:00:00,27.62,27.62,27.62,27.62,100,0
2017-12-01,18:00:00,27.62,27.62,27.62,27.62,824,0
2017-12-01,19:00:00,27.555,27.555,27.555,27.555,200,0
2017-12-01,22:00:00,27.6,27.76,27.6,27.76,497,0
2017-12-04,17:00:00,27.81,27.81,27.81,27.81,100,0
2017-12-04,21:00:00,27.8243,27.8243,27.8243,27.8243,495,0
2017-12-05,17:00:00,27.64,27.64,27.64,27.64,100,0
2017-12-05,21:00:00,27.6775,27.6775,27.6775,27.6775,744,0
2017-12-06,19:00:00,27.43,27.4992,27.43,27.4992,200,0
