Date,Time,Open,High,Low,Close,Volume,OpenInt
2017-05-09,16:00:00,25.5,25.5,25.5,25.5,1400,0
2017-05-09,17:00:00,25.4899,25.49,25.44,25.46,7247,0
2017-05-09,18:00:00,25.451,25.47,25.45,25.47,3920,0
2017-05-09,19:00:00,25.49,25.5,25.47,25.4793,7912,0
2017-05-09,20:00:00,25.5,25.52,25.45,25.52,6926,0
2017-05-09,21:00:00,25.5,25.52,25.5,25.5,3900,0
2017-05-09,22:00:00,25.5,25.5,25.46,25.48,3014,0
2017-05-10,16:00:00,25.46,25.46,25.46,25.46,193,0
2017-05-10,17:00:00,25.49,25.5,25.48,25.48,1968,0
2017-05-10,18:00:00,25.5,25.5,25.5,25.5,400,0
2017-05-10,19:00:00,25.4858,25.52,25.48,25.5,42447,0
2017-05-10,20:00:00,25.522,25.528,25.51,25.51,852,0
2017-05-10,21:00:00,25.5239,25.5239,25.51,25.51,3282,0
2017-05-10,22:00:00,25.5159,25.5159,25.5,25.5,566,0
2017-05-11,16:00:00,25.5,25.52,25.5,25.52,1402,0
2017-05-11,17:00:00,25.52,25.52,25.5,25.5,2290,0
2017-05-11,18:00:00,25.51,25.51,25.502,25.51,319,0
2017-05-11,19:00:00,25.51,25.52,25.5,25.5,1290,0
2017-05-11,20:00:00,25.5,25.5,25.45,25.45,3568,0
2017-05-11,21:00:00,25.456,25.509,25.45,25.509,1048,0
2017-05-11,22:00:00,25.4501,25.51,25.42,25.42,8998,0
2017-05-12,16:00:00,25.43,25.48,25.43,25.48,949,0
2017-05-12,17:00:00,25.47,25.47,25.47,25.47,200,0
2017-05-12,18:00:00,25.47,25.5,25.47,25.47,5126,0
2017-05-12,19:00:00,25.488,25.49,25.488,25.49,385,0
2017-05-12,20:00:00,25.4882,25.5,25.47,25.5,2169,0
2017-05-12,21:00:00,25.48,25.5,25.48,25.4914,404,0
2017-05-12,22:00:00,25.5,25.51,25.48,25.51,2666,0
2017-05-15,16:00:00,25.51,25.51,25.45,25.45,4599,0
2017-05-15,17:00:00,25.5,25.51,25.46,25.51,1000,0
2017-05-15,18:00:00,25.51,25.51,25.48,25.49,5250,0
2017-05-15,19:00:00,25.46,25.49,25.46,25.4899,3200,0
2017-05-15,20:00:00,25.48,25.48,25.46,25.48,1821,0
2017-05-15,21:00:00,25.47,25.48,25.47,25.47,1542,0
2017-05-15,22:00:00,25.4712,25.51,25.46,25.4801,2938,0
2017-05-16,16:00:00,25.46,25.51,25.46,25.51,1715,0
2017-05-16,17:00:00,25.51,25.51,25.5009,25.51,2699,0
2017-05-16,18:00:00,25.51,25.53,25.51,25.52,1206,0
2017-05-16,19:00:00,25.53,25.55,25.5263,25.54,1802,0
2017-05-16,20:00:00,25.54,25.5425,25.52,25.54,6977,0
2017-05-16,21:00:00,25.5486,25.55,25.54,25.54,2100,0
2017-05-16,22:00:00,25.55,25.59,25.539,25.57,9829,0
2017-05-17,16:00:00,25.55,25.55,25.54,25.54,2714,0
2017-05-17,17:00:00,25.5316,25.5316,25.47,25.5,4853,0
2017-05-17,18:00:00,25.5,25.5283,25.5,25.5283,600,0
2017-05-17,19:00:00,25.53,25.53,25.53,25.53,200,0
2017-05-17,20:00:00,25.53,25.55,25.5,25.5,2906,0
2017-05-17,21:00:00,25.4815,25.52,25.47,25.5,898,0
2017-05-17,22:00:00,25.5,25.53,25.48,25.48,1619,0
2017-05-18,16:00:00,25.52,25.54,25.5,25.52,1045,0
2017-05-18,17:00:00,25.53,25.54,25.5284,25.5337,756,0
2017-05-18,18:00:00,25.531,25.54,25.53,25.53,2178,0
2017-05-18,19:00:00,25.54,25.54,25.53,25.54,2300,0
2017-05-18,20:00:00,25.54,25.54,25.46,25.46,6626,0
2017-05-18,21:00:00,25.49,25.5,25.48,25.48,1437,0
2017-05-18,22:00:00,25.4865,25.53,25.48,25.52,997,0
2017-05-19,16:00:00,25.51,25.52,25.51,25.52,1240,0
2017-05-19,17:00:00,25.53,25.55,25.51,25.53,792,0
2017-05-19,18:00:00,25.55,25.5566,25.54,25.54,2737,0
2017-05-19,19:00:00,25.51,25.52,25.51,25.52,1800,0
2017-05-19,20:00:00,25.54,25.54,25.54,25.54,100,0
2017-05-19,21:00:00,25.5316,25.55,25.5316,25.55,732,0
2017-05-19,22:00:00,25.52,25.55,25.515,25.53,866,0
2017-05-22,16:00:00,25.52,25.52,25.5181,25.5181,1796,0
2017-05-22,17:00:00,25.52,25.52,25.51,25.52,1419,0
2017-05-22,18:00:00,25.504,25.52,25.5,25.52,6470,0
2017-05-22,20:00:00,25.555,25.58,25.55,25.58,3317,0
2017-05-22,21:00:00,25.58,25.58,25.56,25.58,3775,0
2017-05-22,22:00:00,25.59,25.6,25.585,25.6,1216,0
2017-05-23,16:00:00,25.56,25.6084,25.56,25.6084,620,0
2017-05-23,17:00:00,25.6036,25.63,25.58,25.63,1534,0
2017-05-23,18:00:00,25.6,25.63,25.6,25.62,620,0
2017-05-23,19:00:00,25.62,25.62,25.62,25.62,100,0
2017-05-23,20:00:00,25.61,25.62,25.61,25.62,980,0
2017-05-23,21:00:00,25.6115,25.62,25.5706,25.6008,10122,0
2017-05-23,22:00:00,25.61,25.61,25.6,25.61,1913,0
2017-05-24,16:00:00,25.6,25.6,25.6,25.6,800,0
2017-05-24,17:00:00,25.6,25.62,25.6,25.6,650,0
2017-05-24,18:00:00,25.62,25.62,25.62,25.62,200,0
2017-05-24,19:00:00,25.59,25.61,25.59,25.59,300,0
2017-05-24,20:00:00,25.56,25.65,25.51,25.62,22536,0
2017-05-24,21:00:00,25.62,25.632,25.62,25.62,11363,0
2017-05-24,22:00:00,25.62,25.63,25.62,25.62,6401,0
2017-05-25,16:00:00,25.55,25.6337,25.55,25.55,1523,0
2017-05-25,17:00:00,25.6053,25.61,25.54,25.59,2020,0
2017-05-25,18:00:00,25.59,25.6,25.59,25.6,343,0
2017-05-25,19:00:00,25.6,25.62,25.58,25.61,7650,0
2017-05-25,20:00:00,25.61,25.6385,25.61,25.6385,557,0
2017-05-25,21:00:00,25.625,25.65,25.62,25.62,5733,0
2017-05-25,22:00:00,25.6274,25.64,25.625,25.63,1979,0
2017-05-26,17:00:00,25.63,25.65,25.62,25.65,7656,0
2017-05-26,18:00:00,25.65,25.65,25.62,25.65,4000,0
2017-05-26,19:00:00,25.65,25.67,25.645,25.67,1548,0
2017-05-26,20:00:00,25.67,25.67,25.64,25.64,1982,0
2017-05-26,21:00:00,25.6117,25.65,25.6117,25.65,471,0
2017-05-26,22:00:00,25.591,25.5925,25.52,25.53,9966,0
2017-05-30,16:00:00,25.54,25.54,25.54,25.54,175,0
2017-05-30,17:00:00,25.58,25.58,25.54,25.54,1908,0
2017-05-30,18:00:00,25.5552,25.56,25.53,25.5592,8000,0
2017-05-30,19:00:00,25.62,25.67,25.6,25.67,2361,0
2017-05-30,20:00:00,25.66,25.66,25.6,25.66,800,0
2017-05-30,21:00:00,25.63,25.63,25.62,25.62,1358,0
2017-05-30,22:00:00,25.65,25.66,25.63,25.66,1713,0
2017-05-31,16:00:00,25.6086,25.62,25.59,25.6,2431,0
2017-05-31,17:00:00,25.59,25.59,25.59,25.59,100,0
2017-05-31,18:00:00,25.6,25.61,25.585,25.6092,27098,0
2017-05-31,19:00:00,25.598,25.61,25.598,25.6099,2100,0
2017-05-31,20:00:00,25.66,25.66,25.61,25.61,1100,0
2017-05-31,21:00:00,25.6198,25.64,25.6197,25.62,825,0
2017-05-31,22:00:00,25.64,25.66,25.62,25.64,4550,0
2017-06-01,16:00:00,25.64,25.68,25.64,25.64,1259,0
2017-06-01,17:00:00,25.6644,25.679,25.64,25.661,3789,0
2017-06-01,18:00:00,25.672,25.68,25.63,25.65,10726,0
2017-06-01,19:00:00,25.645,25.65,25.62,25.63,8472,0
2017-06-01,20:00:00,25.638,25.638,25.6201,25.6201,283,0
2017-06-01,21:00:00,25.63,25.6384,25.62,25.6283,4815,0
2017-06-01,22:00:00,25.62,25.65,25.61,25.61,6810,0
2017-06-02,16:00:00,25.62,25.62,25.62,25.62,100,0
2017-06-02,17:00:00,25.658,25.73,25.64,25.73,1300,0
2017-06-02,18:00:00,25.74,25.74,25.67,25.68,3959,0
2017-06-02,19:00:00,25.66,25.72,25.66,25.72,1132,0
2017-06-02,20:00:00,25.6972,25.72,25.6972,25.72,205,0
2017-06-02,21:00:00,25.67,25.73,25.67,25.695,1961,0
2017-06-02,22:00:00,25.72,25.72,25.67,25.7199,2614,0
2017-06-05,16:00:00,25.73,25.73,25.73,25.73,100,0
2017-06-05,17:00:00,25.75,25.79,25.75,25.78,300,0
2017-06-05,18:00:00,25.7731,25.78,25.76,25.76,450,0
2017-06-05,19:00:00,25.77,25.77,25.7685,25.7685,2904,0
2017-06-05,20:00:00,25.77,25.77,25.748,25.748,2723,0
2017-06-05,21:00:00,25.7381,25.77,25.7381,25.75,6384,0
2017-06-05,22:00:00,25.75,25.77,25.75,25.77,8290,0
2017-06-06,16:00:00,25.77,25.8691,25.77,25.8691,367,0
2017-06-06,17:00:00,25.87,25.87,25.77,25.78,3849,0
2017-06-06,18:00:00,25.78,25.78,25.7599,25.7599,3920,0
2017-06-06,19:00:00,25.76,25.76,25.74,25.7599,558,0
2017-06-06,20:00:00,25.76,25.76,25.7149,25.75,842,0
2017-06-06,21:00:00,25.723,25.75,25.71,25.75,1180,0
2017-06-06,22:00:00,25.74,25.75,25.72,25.74,1000,0
2017-06-07,16:00:00,25.7347,25.7442,25.7347,25.7442,417,0
2017-06-07,18:00:00,25.75,25.7764,25.75,25.7764,267,0
2017-06-07,19:00:00,25.77,25.77,25.75,25.75,450,0
2017-06-07,20:00:00,25.77,25.77,25.75,25.76,4774,0
2017-06-07,21:00:00,25.75,25.77,25.75,25.77,489,0
2017-06-07,22:00:00,25.76,25.7619,25.75,25.76,10623,0
2017-06-08,16:00:00,25.79,25.8478,25.74,25.74,1894,0
2017-06-08,17:00:00,25.74,25.78,25.73,25.73,1528,0
2017-06-08,18:00:00,25.7,25.75,25.66,25.74,4700,0
2017-06-08,19:00:00,25.7399,25.76,25.7,25.74,2584,0
2017-06-08,20:00:00,25.74,25.74,25.73,25.73,1414,0
2017-06-08,21:00:00,25.73,25.73,25.7024,25.7024,593,0
2017-06-08,22:00:00,25.72,25.77,25.72,25.77,1523,0
2017-06-09,16:00:00,25.85,25.86,25.77,25.86,2758,0
2017-06-09,17:00:00,25.8492,25.85,25.82,25.85,900,0
2017-06-09,18:00:00,25.801,25.8047,25.787,25.8047,1320,0
2017-06-09,19:00:00,25.7989,25.8229,25.78,25.8229,541,0
2017-06-09,20:00:00,25.8087,25.8087,25.78,25.804,819,0
2017-06-09,21:00:00,25.79,25.8208,25.79,25.79,500,0
2017-06-09,22:00:00,25.7848,25.7925,25.78,25.79,3050,0
2017-06-12,16:00:00,25.85,25.88,25.85,25.88,700,0
2017-06-12,17:00:00,25.83,25.89,25.83,25.86,10023,0
2017-06-12,18:00:00,25.86,25.93,25.86,25.88,16358,0
2017-06-12,19:00:00,25.9,25.91,25.84,25.9,3310,0
2017-06-12,20:00:00,25.91,25.93,25.85,25.92,5048,0
2017-06-12,21:00:00,25.9,25.99,25.9,25.935,10079,0
2017-06-12,22:00:00,25.935,25.99,25.88,25.93,14399,0
2017-06-13,16:00:00,25.55,25.55,25.41,25.4579,10496,0
2017-06-13,17:00:00,25.45,25.46,25.44,25.46,7265,0
2017-06-13,18:00:00,25.47,25.49,25.45,25.49,7983,0
2017-06-13,19:00:00,25.49,25.55,25.46,25.5325,24520,0
2017-06-13,20:00:00,25.53,25.54,25.53,25.54,5200,0
2017-06-13,21:00:00,25.54,25.55,25.53,25.545,11202,0
2017-06-13,22:00:00,25.549,25.56,25.53,25.53,18644,0
2017-06-14,16:00:00,25.55,25.6,25.55,25.6,5339,0
2017-06-14,17:00:00,25.605,25.65,25.605,25.64,11212,0
2017-06-14,18:00:00,25.639,25.65,25.59,25.59,16961,0
2017-06-14,19:00:00,25.59,25.6,25.5701,25.595,4379,0
2017-06-14,20:00:00,25.6,25.6,25.59,25.595,5300,0
2017-06-14,21:00:00,25.595,25.635,25.595,25.63,7318,0
2017-06-14,22:00:00,25.63,25.73,25.63,25.72,11713,0
2017-06-15,16:00:00,25.61,25.665,25.61,25.665,200,0
2017-06-15,17:00:00,25.72,25.77,25.71,25.74,11455,0
2017-06-15,18:00:00,25.74,25.74,25.71,25.72,6553,0
2017-06-15,19:00:00,25.72,25.74,25.71,25.74,4500,0
2017-06-15,20:00:00,25.74,25.75,25.72,25.73,7214,0
2017-06-15,21:00:00,25.739,25.74,25.72,25.735,18447,0
2017-06-15,22:00:00,25.74,25.81,25.69,25.74,12126,0
2017-06-16,16:00:00,25.69,25.76,25.69,25.76,4716,0
2017-06-16,17:00:00,25.76,25.83,25.76,25.83,2406,0
2017-06-16,18:00:00,25.83,25.92,25.8297,25.9,4450,0
2017-06-16,19:00:00,25.89,25.93,25.89,25.9062,5090,0
2017-06-16,20:00:00,25.93,25.93,25.9,25.91,3510,0
2017-06-16,21:00:00,25.91,25.92,25.85,25.8501,17415,0
2017-06-16,22:00:00,25.8888,25.96,25.68,25.95,261835,0
2017-06-19,16:00:00,25.82,25.86,25.81,25.86,6778,0
2017-06-19,17:00:00,25.86,25.88,25.84,25.87,7728,0
2017-06-19,18:00:00,25.89,25.89,25.8605,25.8899,6108,0
2017-06-19,19:00:00,25.885,25.89,25.88,25.88,7703,0
2017-06-19,20:00:00,25.885,25.8899,25.88,25.88,3631,0
2017-06-19,21:00:00,25.8814,25.89,25.71,25.71,54149,0
2017-06-19,22:00:00,25.7536,25.7536,25.71,25.71,6698,0
2017-06-20,16:00:00,25.72,25.72,25.71,25.71,222,0
2017-06-20,17:00:00,25.7558,25.759,25.65,25.65,5758,0
2017-06-20,18:00:00,25.6635,25.6635,25.63,25.65,18312,0
2017-06-20,19:00:00,25.6585,25.6585,25.65,25.65,290,0
2017-06-20,20:00:00,25.65,25.65,25.62,25.62,2778,0
2017-06-20,21:00:00,25.62,25.63,25.62,25.62,1485,0
2017-06-20,22:00:00,25.62,25.63,25.62,25.62,2017,0
2017-06-21,16:00:00,25.6,25.63,25.6,25.6,3693,0
2017-06-21,17:00:00,25.6,25.61,25.56,25.58,3231,0
2017-06-21,18:00:00,25.6,25.6,25.58,25.6,4810,0
2017-06-21,19:00:00,25.61,25.61,25.58,25.58,4606,0
2017-06-21,20:00:00,25.59,25.6,25.55,25.55,6806,0
2017-06-21,21:00:00,25.5624,25.5626,25.53,25.55,4808,0
2017-06-21,22:00:00,25.55,25.55,25.51,25.54,4600,0
2017-06-22,16:00:00,25.51,25.51,25.51,25.51,100,0
2017-06-22,17:00:00,25.55,25.58,25.54,25.58,954,0
2017-06-22,18:00:00,25.59,25.59,25.57,25.57,3301,0
2017-06-22,19:00:00,25.56,25.58,25.55,25.57,1399,0
2017-06-22,20:00:00,25.54,25.54,25.54,25.54,942,0
2017-06-22,21:00:00,25.54,25.5784,25.54,25.54,1550,0
2017-06-22,22:00:00,25.58,25.59,25.54,25.54,2692,0
2017-06-23,16:00:00,25.55,25.56,25.54,25.55,22188,0
2017-06-23,17:00:00,25.55,25.5995,25.55,25.5995,2617,0
2017-06-23,18:00:00,25.58,25.58,25.57,25.57,1200,0
2017-06-23,19:00:00,25.57,25.58,25.55,25.58,2283,0
2017-06-23,20:00:00,25.58,25.64,25.58,25.64,1507,0
2017-06-23,21:00:00,25.64,25.65,25.62,25.65,3205,0
2017-06-23,22:00:00,25.65,25.66,25.61,25.62,7696,0
2017-06-26,16:00:00,25.63,25.69,25.63,25.69,2901,0
2017-06-26,17:00:00,25.69,25.69,25.69,25.69,787,0
2017-06-26,18:00:00,25.72,25.75,25.72,25.72,2219,0
2017-06-26,19:00:00,25.72,25.75,25.7199,25.75,3187,0
2017-06-26,20:00:00,25.74,25.7572,25.73,25.7558,6467,0
2017-06-26,21:00:00,25.8,25.84,25.7771,25.83,2831,0
2017-06-26,22:00:00,25.82,25.82,25.72,25.8,6455,0
2017-06-27,16:00:00,25.8,25.8,25.75,25.75,765,0
2017-06-27,17:00:00,25.77,25.78,25.77,25.78,940,0
2017-06-27,18:00:00,25.78,25.8,25.78,25.79,1850,0
2017-06-27,19:00:00,25.78,25.8,25.78,25.8,986,0
2017-06-27,20:00:00,25.79,25.8,25.76,25.8,2384,0
2017-06-27,21:00:00,25.7787,25.7787,25.74,25.75,1021,0
2017-06-27,22:00:00,25.72,25.76,25.72,25.76,1626,0
2017-06-28,16:00:00,25.73,25.7362,25.73,25.7301,3500,0
2017-06-28,17:00:00,25.74,25.74,25.74,25.74,313,0
2017-06-28,18:00:00,25.74,25.74,25.74,25.74,1206,0
2017-06-28,19:00:00,25.75,25.83,25.75,25.83,9415,0
2017-06-28,20:00:00,25.82,25.82,25.82,25.82,198,0
2017-06-28,21:00:00,25.81,25.82,25.76,25.76,1117,0
2017-06-28,22:00:00,25.81,25.82,25.76,25.82,3045,0
2017-06-29,16:00:00,25.75,25.82,25.75,25.82,2260,0
2017-06-29,17:00:00,25.75,25.78,25.7316,25.78,4754,0
2017-06-29,18:00:00,25.78,25.78,25.78,25.78,100,0
2017-06-29,19:00:00,25.74,25.77,25.73,25.77,2500,0
2017-06-29,20:00:00,25.77,25.77,25.73,25.73,934,0
2017-06-29,21:00:00,25.7301,25.78,25.7301,25.76,2525,0
2017-06-29,22:00:00,25.73,25.78,25.73,25.78,1460,0
2017-06-30,16:00:00,25.77,25.77,25.77,25.77,192,0
2017-06-30,17:00:00,25.75,25.7645,25.75,25.7645,295,0
2017-06-30,18:00:00,25.78,25.86,25.77,25.77,2900,0
2017-06-30,19:00:00,25.82,25.87,25.82,25.8638,3960,0
2017-06-30,20:00:00,25.85,25.87,25.83,25.87,1076,0
2017-06-30,21:00:00,25.85,25.87,25.82,25.87,4443,0
2017-06-30,22:00:00,25.82,25.89,25.82,25.89,3636,0
2017-07-03,16:00:00,25.89,25.89,25.8218,25.8218,373,0
2017-07-03,17:00:00,25.83,25.85,25.8,25.8,1360,0
2017-07-03,18:00:00,25.803,25.82,25.775,25.79,35559,0
2017-07-03,19:00:00,25.8299,25.835,25.8,25.83,2300,0
2017-07-05,16:00:00,25.8,25.8,25.78,25.8,7697,0
2017-07-05,17:00:00,25.805,25.81,25.8,25.81,3180,0
2017-07-05,18:00:00,25.8075,25.82,25.8075,25.82,2878,0
2017-07-05,19:00:00,25.815,25.82,25.8,25.8,8329,0
2017-07-05,20:00:00,25.8,25.835,25.8,25.835,2332,0
2017-07-05,21:00:00,25.82,25.87,25.81,25.81,1005,0
2017-07-05,22:00:00,25.835,25.9,25.82,25.9,9962,0
2017-07-06,17:00:00,25.81,25.823,25.75,25.77,3807,0
2017-07-06,18:00:00,25.8,25.8,25.8,25.8,400,0
2017-07-06,19:00:00,25.825,25.85,25.8,25.85,1924,0
2017-07-06,20:00:00,25.8599,25.86,25.83,25.83,1096,0
2017-07-06,21:00:00,25.8599,25.88,25.8599,25.88,1875,0
2017-07-06,22:00:00,25.86,25.89,25.81,25.88,5727,0
2017-07-07,16:00:00,25.82,25.8716,25.82,25.8716,570,0
2017-07-07,17:00:00,25.88,25.9,25.88,25.9,3430,0
2017-07-07,18:00:00,25.9,25.9,25.9,25.9,2769,0
2017-07-07,19:00:00,25.9,25.91,25.89,25.91,10045,0
2017-07-07,20:00:00,25.89,25.9,25.89,25.8999,1096,0
2017-07-07,22:00:00,25.89,25.9,25.87,25.9,2443,0
2017-07-10,16:00:00,25.83,25.84,25.83,25.84,200,0
2017-07-10,17:00:00,25.85,25.86,25.84,25.84,4861,0
2017-07-10,18:00:00,25.81,25.83,25.81,25.82,648,0
2017-07-10,19:00:00,25.825,25.8375,25.82,25.8375,2220,0
2017-07-10,20:00:00,25.835,25.835,25.83,25.835,1914,0
2017-07-10,21:00:00,25.83,25.835,25.82,25.83,14639,0
2017-07-10,22:00:00,25.8,25.83,25.8,25.8,404625,0
2017-07-11,16:00:00,25.8,25.8,25.75,25.75,1631,0
2017-07-11,17:00:00,25.769,25.769,25.7,25.7,6139,0
2017-07-11,18:00:00,25.71,25.77,25.71,25.76,77970,0
2017-07-11,19:00:00,25.73,25.75,25.73,25.75,179599,0
2017-07-11,20:00:00,25.7599,25.76,25.73,25.73,81694,0
2017-07-11,21:00:00,25.75,25.75,25.66,25.72,43396,0
2017-07-11,22:00:00,25.73,25.74,25.71,25.71,18313,0
2017-07-12,16:00:00,25.8,25.8,25.73,25.73,987,0
2017-07-12,17:00:00,25.75,25.75,25.74,25.74,728,0
2017-07-12,18:00:00,25.74,25.74,25.74,25.74,2300,0
2017-07-12,19:00:00,25.701,25.73,25.66,25.675,2307,0
2017-07-12,20:00:00,25.7,25.7,25.68,25.6801,1704,0
2017-07-12,21:00:00,25.68,25.6938,25.68,25.6801,3674,0
2017-07-12,22:00:00,25.6965,25.72,25.68,25.72,14010,0
2017-07-13,16:00:00,25.83,25.83,25.66,25.66,342,0
2017-07-13,17:00:00,25.73,25.73,25.66,25.66,5409,0
2017-07-13,18:00:00,25.66,25.68,25.62,25.62,1517,0
2017-07-13,19:00:00,25.61,25.65,25.6,25.64,29779,0
2017-07-13,20:00:00,25.6256,25.6256,25.62,25.62,1700,0
2017-07-13,21:00:00,25.61,25.636,25.59,25.59,2990,0
2017-07-13,22:00:00,25.59,25.61,25.56,25.56,8695,0
2017-07-14,16:00:00,25.56,25.618,25.56,25.58,1057,0
2017-07-14,17:00:00,25.58,25.6,25.54,25.55,3918,0
2017-07-14,18:00:00,25.55,25.555,25.54,25.555,2800,0
2017-07-14,19:00:00,25.55,25.56,25.55,25.556,1425,0
2017-07-14,20:00:00,25.5855,25.61,25.57,25.57,2831,0
2017-07-14,21:00:00,25.5638,25.6,25.56,25.57,2701,0
2017-07-14,22:00:00,25.58,25.65,25.57,25.64,2943,0
2017-07-17,16:00:00,25.64,25.64,25.6,25.6,4850,0
2017-07-17,17:00:00,25.65,25.65,25.6,25.6,1600,0
2017-07-17,18:00:00,25.59,25.6086,25.59,25.6,1100,0
2017-07-17,19:00:00,25.59,25.6083,25.59,25.6081,2561,0
2017-07-17,20:00:00,25.615,25.6169,25.615,25.6169,423,0
2017-07-17,21:00:00,25.59,25.6333,25.58,25.58,27936,0
2017-07-17,22:00:00,25.58,25.62,25.55,25.56,3659,0
2017-07-18,16:00:00,25.5699,25.5699,25.5699,25.5699,400,0
2017-07-18,17:00:00,25.569,25.5752,25.56,25.56,1832,0
2017-07-18,18:00:00,25.58,25.58,25.55,25.5599,2614,0
2017-07-18,19:00:00,25.5591,25.56,25.55,25.5562,2232,0
2017-07-18,20:00:00,25.5748,25.6099,25.56,25.5936,2900,0
2017-07-18,21:00:00,25.6,25.67,25.58,25.6325,9610,0
2017-07-18,22:00:00,25.59,25.65,25.59,25.65,4513,0
2017-07-19,16:00:00,25.6,25.75,25.6,25.73,7686,0
2017-07-19,17:00:00,25.71,25.73,25.7,25.715,1748,0
2017-07-19,18:00:00,25.7,25.74,25.7,25.7036,3725,0
2017-07-19,19:00:00,25.69,25.7,25.66,25.7,28057,0
2017-07-19,20:00:00,25.7,25.7,25.677,25.677,3469,0
2017-07-19,21:00:00,25.67,25.7083,25.65,25.675,41929,0
2017-07-19,22:00:00,25.65,25.6757,25.65,25.65,862,0
2017-07-20,16:00:00,25.74,25.74,25.6793,25.6793,228,0
2017-07-20,17:00:00,25.71,25.71,25.6999,25.7,3909,0
2017-07-20,18:00:00,25.7,25.71,25.695,25.71,1884,0
2017-07-20,19:00:00,25.71,25.71,25.7,25.7,8424,0
2017-07-20,20:00:00,25.7,25.7,25.69,25.69,8280,0
2017-07-20,21:00:00,25.699,25.7,25.69,25.695,2221,0
2017-07-20,22:00:00,25.7,25.7,25.67,25.69,2253,0
2017-07-21,16:00:00,25.74,25.74,25.74,25.74,100,0
2017-07-21,17:00:00,25.68,25.68,25.67,25.67,1751,0
2017-07-21,18:00:00,25.6725,25.6725,25.6725,25.6725,620,0
2017-07-21,19:00:00,25.68,25.68,25.66,25.68,612,0
2017-07-21,20:00:00,25.661,25.6699,25.661,25.6699,1300,0
2017-07-21,21:00:00,25.68,25.68,25.67,25.67,204,0
2017-07-21,22:00:00,25.68,25.73,25.68,25.73,23072,0
2017-07-24,16:00:00,25.7,25.711,25.7,25.711,200,0
2017-07-24,17:00:00,25.711,25.711,25.71,25.71,900,0
2017-07-24,18:00:00,25.71,25.7199,25.7,25.7199,3081,0
2017-07-24,20:00:00,25.6991,25.7122,25.6991,25.7,2776,0
2017-07-24,21:00:00,25.7,25.7,25.65,25.6845,2682,0
2017-07-24,22:00:00,25.651,25.7,25.651,25.685,2365,0
2017-07-25,16:00:00,25.74,25.74,25.74,25.74,104,0
2017-07-25,17:00:00,25.661,25.661,25.66,25.66,1100,0
2017-07-25,18:00:00,25.6601,25.6601,25.6601,25.6601,500,0
2017-07-25,19:00:00,25.66,25.66,25.66,25.66,200,0
2017-07-25,21:00:00,25.67,25.7196,25.66,25.66,1994,0
2017-07-25,22:00:00,25.65,25.6567,25.65,25.655,925,0
2017-07-26,16:00:00,25.66,25.66,25.66,25.66,200,0
2017-07-26,17:00:00,25.67,25.67,25.65,25.65,4523,0
2017-07-26,18:00:00,25.65,25.65,25.65,25.65,1519,0
2017-07-26,19:00:00,25.6599,25.6599,25.65,25.65,895,0
2017-07-26,20:00:00,25.6528,25.66,25.65,25.66,1502,0
2017-07-26,21:00:00,25.68,25.69,25.6793,25.6793,367,0
2017-07-26,22:00:00,25.67,25.69,25.67,25.67,919,0
2017-07-27,16:00:00,25.66,25.6834,25.64,25.65,3006,0
2017-07-27,18:00:00,25.65,25.65,25.58,25.61,15317,0
2017-07-27,19:00:00,25.62,25.625,25.62,25.625,310,0
2017-07-27,20:00:00,25.6,25.601,25.59,25.59,422,0
2017-07-27,21:00:00,25.5941,25.6129,25.59,25.6,1676,0
2017-07-27,22:00:00,25.59,25.67,25.59,25.6,2870,0
2017-07-28,16:00:00,25.6378,25.6378,25.6001,25.6001,877,0
2017-07-28,17:00:00,25.649,25.66,25.62,25.6401,1367,0
2017-07-28,18:00:00,25.6203,25.68,25.6203,25.6738,1635,0
2017-07-28,19:00:00,25.68,25.6862,25.68,25.6862,1997,0
2017-07-28,20:00:00,25.6714,25.6714,25.67,25.67,481,0
2017-07-28,21:00:00,25.6729,25.6899,25.6654,25.6654,1916,0
2017-07-28,22:00:00,25.68,25.74,25.65,25.7299,11416,0
2017-07-31,16:00:00,25.72,25.72,25.65,25.65,1670,0
2017-07-31,17:00:00,25.6643,25.67,25.65,25.65,2500,0
2017-07-31,18:00:00,25.6568,25.6848,25.65,25.65,4030,0
2017-07-31,20:00:00,25.655,25.69,25.6191,25.6191,5702,0
2017-07-31,21:00:00,25.622,25.6337,25.61,25.61,3392,0
2017-07-31,22:00:00,25.63,25.64,25.61,25.64,5642,0
2017-08-01,16:00:00,25.65,25.65,25.65,25.65,362,0
2017-08-01,17:00:00,25.65,25.65,25.65,25.65,151,0
2017-08-01,18:00:00,25.66,25.6625,25.65,25.65,1819,0
2017-08-01,19:00:00,25.65,25.65,25.65,25.65,600,0
2017-08-01,20:00:00,25.65,25.66,25.65,25.65,2520,0
2017-08-01,21:00:00,25.659,25.66,25.65,25.66,1064,0
2017-08-01,22:00:00,25.64,25.68,25.64,25.67,4045,0
2017-08-02,16:00:00,25.67,25.6819,25.62,25.68,2385,0
2017-08-02,17:00:00,25.68,25.68,25.64,25.64,2312,0
2017-08-02,18:00:00,25.64,25.65,25.63,25.6499,3206,0
2017-08-02,19:00:00,25.65,25.65,25.61,25.63,3246,0
2017-08-02,20:00:00,25.63,25.63,25.63,25.63,103,0
2017-08-02,21:00:00,25.63,25.63,25.61,25.61,4440,0
2017-08-02,22:00:00,25.61,25.62,25.61,25.61,4201,0
2017-08-03,16:00:00,25.63,25.63,25.58,25.6061,11513,0
2017-08-03,17:00:00,25.6,25.63,25.58,25.62,7695,0
2017-08-03,18:00:00,25.619,25.619,25.57,25.57,2707,0
2017-08-03,19:00:00,25.599,25.6199,25.58,25.6,4577,0
2017-08-03,20:00:00,25.6108,25.62,25.6,25.6,1236,0
2017-08-03,21:00:00,25.6,25.6057,25.6,25.6057,475,0
2017-08-03,22:00:00,25.6,25.61,25.6,25.61,1613,0
2017-08-04,16:00:00,25.65,25.65,25.55,25.55,16133,0
2017-08-04,17:00:00,25.55,25.62,25.53,25.62,20416,0
2017-08-04,18:00:00,25.68,25.68,25.6,25.618,110013,0
2017-08-04,19:00:00,25.6088,25.64,25.5842,25.611,104567,0
2017-08-04,20:00:00,25.66,25.68,25.66,25.68,1955,0
2017-08-04,21:00:00,25.6776,25.7,25.6776,25.6796,1044,0
2017-08-04,22:00:00,25.7,25.72,25.6642,25.67,7197,0
2017-08-07,16:00:00,25.67,25.69,25.66,25.69,8593,0
2017-08-07,17:00:00,25.6867,25.69,25.66,25.67,9505,0
2017-08-07,18:00:00,25.67,25.69,25.67,25.69,42335,0
2017-08-07,19:00:00,25.6875,25.73,25.681,25.73,2433,0
2017-08-07,20:00:00,25.725,25.74,25.71,25.71,894,0
2017-08-07,21:00:00,25.71,25.75,25.7,25.7,10182,0
2017-08-07,22:00:00,25.69,25.6901,25.66,25.67,9712,0
2017-08-08,16:00:00,25.68,25.68,25.66,25.66,280,0
2017-08-08,17:00:00,25.68,25.7,25.68,25.7,10180,0
2017-08-08,18:00:00,25.7,25.7001,25.7,25.7,9246,0
2017-08-08,19:00:00,25.7,25.71,25.695,25.7,4150,0
2017-08-08,20:00:00,25.71,25.71,25.7,25.7,5194,0
2017-08-08,21:00:00,25.7,25.71,25.7,25.71,1300,0
2017-08-08,22:00:00,25.7,25.71,25.7,25.71,8638,0
2017-08-09,16:00:00,25.7,25.7199,25.68,25.68,492,0
2017-08-09,17:00:00,25.7,25.71,25.66,25.71,2910,0
2017-08-09,18:00:00,25.6892,25.6892,25.67,25.67,604,0
2017-08-09,19:00:00,25.71,25.71,25.68,25.68,1528,0
2017-08-09,20:00:00,25.691,25.72,25.67,25.72,7868,0
2017-08-09,21:00:00,25.705,25.76,25.67,25.73,15942,0
2017-08-09,22:00:00,25.69,25.77,25.67,25.69,30532,0
2017-08-10,16:00:00,25.7,25.7,25.7,25.7,193,0
2017-08-10,17:00:00,25.66,25.75,25.66,25.68,8265,0
2017-08-10,18:00:00,25.66,25.68,25.62,25.68,11056,0
2017-08-10,20:00:00,25.6305,25.67,25.62,25.67,3102,0
2017-08-10,21:00:00,25.6401,25.67,25.6401,25.67,872,0
2017-08-10,22:00:00,25.6957,25.6999,25.65,25.65,3239,0
2017-08-11,16:00:00,25.64,25.64,25.64,25.64,1309,0
2017-08-11,17:00:00,25.62,25.64,25.6,25.62,1875,0
2017-08-11,18:00:00,25.64,25.64,25.61,25.62,5487,0
2017-08-11,19:00:00,25.61,25.62,25.61,25.62,1700,0
2017-08-11,20:00:00,25.6188,25.79,25.61,25.7525,64807,0
2017-08-11,21:00:00,25.72,25.78,25.72,25.78,1596,0
2017-08-11,22:00:00,25.75,25.78,25.73,25.74,3490,0
2017-08-14,16:00:00,25.7,25.74,25.7,25.74,19815,0
2017-08-14,17:00:00,25.7185,25.7185,25.71,25.71,505,0
2017-08-14,18:00:00,25.72,25.76,25.72,25.76,2800,0
2017-08-14,20:00:00,25.76,25.76,25.73,25.7429,1300,0
2017-08-14,21:00:00,25.75,25.75,25.7342,25.7342,664,0
2017-08-14,22:00:00,25.75,25.7686,25.74,25.75,7363,0
2017-08-15,16:00:00,25.76,25.76,25.76,25.76,14700,0
2017-08-15,17:00:00,25.765,25.77,25.76,25.77,3598,0
2017-08-15,18:00:00,25.77,25.77,25.76,25.76,55030,0
2017-08-15,19:00:00,25.76,25.76,25.76,25.76,1301,0
2017-08-15,20:00:00,25.76,25.77,25.76,25.77,4086,0
2017-08-15,21:00:00,25.7822,25.7822,25.77,25.77,635,0
2017-08-15,22:00:00,25.774,25.774,25.77,25.77,2000,0
2017-08-16,16:00:00,25.72,25.72,25.72,25.72,2500,0
2017-08-16,17:00:00,25.75,25.77,25.75,25.77,241,0
2017-08-16,18:00:00,25.76,25.77,25.75,25.76,815,0
2017-08-16,19:00:00,25.78,25.78,25.76,25.78,2400,0
2017-08-16,20:00:00,25.7604,25.77,25.74,25.75,5994,0
2017-08-16,21:00:00,25.745,25.77,25.74,25.75,7343,0
2017-08-16,22:00:00,25.7304,25.79,25.73,25.79,4829,0
2017-08-17,16:00:00,25.72,25.72,25.72,25.72,500,0
2017-08-17,17:00:00,25.72,25.73,25.68,25.69,49303,0
2017-08-17,18:00:00,25.68,25.7,25.66,25.68,52846,0
2017-08-17,19:00:00,25.6701,25.73,25.67,25.67,151899,0
2017-08-17,20:00:00,25.67,25.695,25.66,25.6701,31738,0
2017-08-17,21:00:00,25.6701,25.689,25.67,25.67,21449,0
2017-08-17,22:00:00,25.67,25.67,25.63,25.64,53856,0
2017-08-18,16:00:00,25.62,25.65,25.62,25.64,4085,0
2017-08-18,17:00:00,25.65,25.65,25.64,25.64,3103,0
2017-08-18,18:00:00,25.645,25.65,25.62,25.65,219622,0
2017-08-18,19:00:00,25.65,25.66,25.64,25.66,2374,0
2017-08-18,20:00:00,25.66,25.675,25.66,25.6696,1107,0
2017-08-18,21:00:00,25.6742,25.68,25.65,25.67,17364,0
2017-08-18,22:00:00,25.6638,25.69,25.65,25.69,9689,0
2017-08-21,16:00:00,25.69,25.7098,25.69,25.7098,370,0
2017-08-21,17:00:00,25.69,25.69,25.6772,25.6772,1329,0
2017-08-21,19:00:00,25.68,25.68,25.64,25.6555,3983,0
2017-08-21,20:00:00,25.6615,25.6654,25.6604,25.6654,1700,0
2017-08-21,21:00:00,25.6654,25.67,25.6654,25.67,3771,0
2017-08-21,22:00:00,25.6804,25.7,25.6804,25.69,1577,0
2017-08-22,16:00:00,25.7,25.7,25.66,25.66,3450,0
2017-08-22,17:00:00,25.66,25.7,25.66,25.67,10765,0
2017-08-22,18:00:00,25.6768,25.68,25.6768,25.68,1600,0
2017-08-22,19:00:00,25.66,25.66,25.66,25.66,200,0
2017-08-22,20:00:00,25.66,25.67,25.65,25.66,4124,0
2017-08-22,21:00:00,25.688,25.688,25.66,25.67,5100,0
2017-08-22,22:00:00,25.67,25.72,25.66,25.7052,3887,0
2017-08-23,16:00:00,25.7,25.72,25.7,25.72,547,0
2017-08-23,17:00:00,25.73,25.73,25.72,25.72,2204,0
2017-08-23,18:00:00,25.72,25.72,25.67,25.6715,5021,0
2017-08-23,19:00:00,25.7079,25.72,25.69,25.72,3509,0
2017-08-23,20:00:00,25.7236,25.73,25.72,25.72,11291,0
2017-08-23,21:00:00,25.7244,25.73,25.72,25.72,8418,0
2017-08-23,22:00:00,25.73,25.73,25.72,25.73,2947,0
2017-08-24,16:00:00,25.74,25.74,25.71,25.725,467,0
2017-08-24,17:00:00,25.73,25.75,25.67,25.67,5721,0
2017-08-24,18:00:00,25.69,25.69,25.68,25.68,904,0
2017-08-24,19:00:00,25.7062,25.7062,25.7062,25.7062,100,0
2017-08-24,20:00:00,25.7,25.7,25.7,25.7,665,0
2017-08-24,21:00:00,25.73,25.73,25.68,25.69,1572,0
2017-08-24,22:00:00,25.701,25.74,25.69,25.71,5108,0
2017-08-25,16:00:00,25.72,25.72,25.72,25.72,100,0
2017-08-25,17:00:00,25.71,25.74,25.7,25.7,1106,0
2017-08-25,19:00:00,25.695,25.7,25.69,25.69,1569,0
2017-08-25,20:00:00,25.685,25.6924,25.68,25.6924,341,0
2017-08-25,21:00:00,25.68,25.7,25.67,25.685,4264,0
2017-08-25,22:00:00,25.6791,25.6791,25.6791,25.6791,280,0
2017-08-28,16:00:00,25.7,25.7,25.6723,25.6723,536,0
2017-08-28,17:00:00,25.69,25.71,25.69,25.71,4944,0
2017-08-28,18:00:00,25.7,25.7,25.7,25.7,1400,0
2017-08-28,19:00:00,25.7099,25.71,25.7,25.7,3068,0
2017-08-28,20:00:00,25.71,25.7263,25.7,25.7,3839,0
2017-08-28,21:00:00,25.7117,25.7117,25.7,25.7,2256,0
2017-08-28,22:00:00,25.71,25.71,25.71,25.71,2525,0
2017-08-29,16:00:00,25.7,25.7,25.66,25.66,4424,0
2017-08-29,17:00:00,25.67,25.7,25.67,25.7,6364,0
2017-08-29,18:00:00,25.7047,25.7047,25.7,25.7,3135,0
2017-08-29,19:00:00,25.7,25.71,25.7,25.7,1500,0
2017-08-29,20:00:00,25.7,25.72,25.7,25.72,1826,0
2017-08-29,21:00:00,25.7199,25.76,25.71,25.75,15132,0
2017-08-29,22:00:00,25.75,25.78,25.7371,25.78,15461,0
2017-08-30,16:00:00,25.78,25.78,25.74,25.74,560,0
2017-08-30,17:00:00,25.7799,25.78,25.76,25.78,2615,0
2017-08-30,18:00:00,25.78,25.78,25.77,25.77,300,0
2017-08-30,19:00:00,25.77,25.78,25.7515,25.78,4631,0
2017-08-30,20:00:00,25.765,25.79,25.765,25.79,12128,0
2017-08-30,21:00:00,25.8,25.83,25.77,25.83,5561,0
2017-08-30,22:00:00,25.83,25.89,25.82,25.89,53452,0
2017-08-31,16:00:00,25.89,25.89,25.82,25.89,1489,0
2017-08-31,17:00:00,25.831,25.84,25.81,25.84,2726,0
2017-08-31,18:00:00,25.84,26,25.84,25.915,24530,0
2017-08-31,19:00:00,25.92,25.95,25.86,25.9087,19884,0
2017-08-31,20:00:00,25.95,25.97,25.89,25.95,3793,0
2017-08-31,21:00:00,25.95,25.98,25.9,25.98,16284,0
2017-08-31,22:00:00,25.98,26,25.9316,25.98,9915,0
2017-09-01,16:00:00,25.98,25.98,25.91,25.91,821,0
2017-09-01,17:00:00,25.926,25.94,25.926,25.94,1526,0
2017-09-01,18:00:00,25.92,25.922,25.92,25.92,1016,0
2017-09-01,20:00:00,25.91,25.91,25.91,25.91,1000,0
2017-09-01,21:00:00,25.93,25.93,25.89,25.89,4321,0
2017-09-01,22:00:00,25.9256,25.9256,25.89,25.89,1697,0
2017-09-05,16:00:00,25.89,25.89,25.8889,25.89,5906,0
2017-09-05,18:00:00,25.88,25.89,25.88,25.89,1075,0
2017-09-05,19:00:00,25.88,25.88,25.87,25.87,1497,0
2017-09-05,20:00:00,25.8875,25.89,25.8875,25.8899,2200,0
2017-09-05,21:00:00,25.89,25.89,25.87,25.8849,5484,0
2017-09-05,22:00:00,25.8879,25.89,25.8706,25.88,3062,0
2017-09-06,16:00:00,25.89,25.89,25.8899,25.89,4531,0
2017-09-06,17:00:00,25.881,25.89,25.88,25.89,7482,0
2017-09-06,18:00:00,25.89,25.89,25.8871,25.89,5139,0
2017-09-06,19:00:00,25.88,25.88,25.88,25.88,800,0
2017-09-06,20:00:00,25.88,25.89,25.88,25.88,7030,0
2017-09-06,21:00:00,25.89,25.959,25.88,25.959,12947,0
2017-09-06,22:00:00,25.96,25.98,25.95,25.95,5497,0
2017-09-07,16:00:00,25.94,25.94,25.93,25.94,1186,0
2017-09-07,17:00:00,25.9361,25.94,25.93,25.94,4091,0
2017-09-07,18:00:00,25.935,25.935,25.935,25.935,2000,0
2017-09-07,19:00:00,25.935,25.935,25.91,25.92,5300,0
2017-09-07,20:00:00,25.94,25.95,25.92,25.95,6888,0
2017-09-07,21:00:00,25.96,25.96,25.91,25.92,1474,0
2017-09-07,22:00:00,25.91,26.05,25.91,26.01,32631,0
2017-09-08,16:00:00,26.01,26.0101,26.01,26.01,1678,0
2017-09-08,17:00:00,26.05,26.05,26.03,26.04,4276,0
2017-09-08,18:00:00,26.0263,26.04,26.0263,26.04,2680,0
2017-09-08,19:00:00,26.03,26.06,26.03,26.05,3609,0
2017-09-08,20:00:00,26.05,26.06,26.05,26.0512,2980,0
2017-09-08,21:00:00,26.05,26.06,26.05,26.06,2172,0
2017-09-08,22:00:00,26.055,26.06,26.05,26.05,4792,0
2017-09-11,16:00:00,26.09,26.09,26.07,26.08,2185,0
2017-09-11,17:00:00,26.0725,26.1,26.0725,26.09,4861,0
2017-09-11,18:00:00,26.1093,26.1093,26.09,26.0963,1527,0
2017-09-11,19:00:00,26.0999,26.1,26.099,26.1,4250,0
2017-09-11,20:00:00,26.0955,26.109,26.09,26.109,3160,0
2017-09-11,21:00:00,26.1024,26.1068,26.09,26.09,372,0
2017-09-11,22:00:00,26.1,26.1,26.09,26.1,793,0
2017-09-12,16:00:00,26.1,26.1192,26.1,26.1192,1060,0
2017-09-12,17:00:00,26.1,26.12,26.1,26.12,3275,0
2017-09-12,18:00:00,26.12,26.16,26.12,26.15,8956,0
2017-09-12,19:00:00,26.15,26.1585,26.14,26.14,7369,0
2017-09-12,20:00:00,26.17,26.18,26.1601,26.1601,1490,0
2017-09-12,21:00:00,26.16,26.17,26.11,26.13,7011,0
2017-09-12,22:00:00,26.1453,26.16,26.13,26.16,6402,0
2017-09-13,16:00:00,25.71,25.7799,25.7,25.75,14521,0
2017-09-13,17:00:00,25.75,25.8,25.75,25.79,8892,0
2017-09-13,18:00:00,25.825,25.86,25.8,25.85,19344,0
2017-09-13,19:00:00,25.84,25.84,25.84,25.84,246,0
2017-09-13,20:00:00,25.81,25.81,25.81,25.81,2000,0
2017-09-13,21:00:00,25.829,25.829,25.81,25.81,2039,0
2017-09-13,22:00:00,25.7915,25.8028,25.75,25.75,5184,0
2017-09-14,16:00:00,25.69,25.69,25.69,25.69,100,0
2017-09-14,18:00:00,25.75,25.79,25.75,25.79,1338,0
2017-09-14,21:00:00,25.79,25.79,25.7767,25.7767,874,0
2017-09-14,22:00:00,25.77,25.8,25.75,25.76,5198,0
2017-09-15,16:00:00,25.74,25.74,25.74,25.74,216,0
2017-09-15,17:00:00,25.74,25.75,25.73,25.7499,1572,0
2017-09-15,18:00:00,25.75,25.75,25.73,25.73,1950,0
2017-09-15,20:00:00,25.74,25.7422,25.72,25.739,3173,0
2017-09-15,21:00:00,25.73,25.7356,25.72,25.7319,4477,0
2017-09-15,22:00:00,25.726,25.7399,25.72,25.72,7844,0
2017-09-18,16:00:00,25.8,25.8,25.72,25.72,2933,0
2017-09-18,17:00:00,25.72,25.7996,25.72,25.74,7858,0
2017-09-18,18:00:00,25.742,25.76,25.742,25.76,2800,0
2017-09-18,20:00:00,25.76,25.7776,25.76,25.7776,500,0
2017-09-18,21:00:00,25.7833,25.8,25.78,25.78,5070,0
2017-09-18,22:00:00,25.78,25.7911,25.74,25.74,2370,0
2017-09-19,16:00:00,25.7999,25.7999,25.7999,25.7999,104,0
2017-09-19,17:00:00,25.7999,25.7999,25.767,25.775,1116,0
2017-09-19,18:00:00,25.7899,25.7899,25.7899,25.7899,200,0
2017-09-19,20:00:00,25.78,25.79,25.78,25.79,520,0
2017-09-19,21:00:00,25.786,25.786,25.786,25.786,160,0
2017-09-19,22:00:00,25.78,25.79,25.74,25.74,31937,0
2017-09-20,16:00:00,25.74,25.74,25.74,25.74,828,0
2017-09-20,18:00:00,25.7347,25.77,25.7347,25.77,6621,0
2017-09-20,19:00:00,25.7634,25.7985,25.7634,25.7985,2657,0
2017-09-20,20:00:00,25.8,25.802,25.77,25.802,1153,0
2017-09-20,21:00:00,25.76,25.76,25.76,25.76,10400,0
2017-09-20,22:00:00,25.769,25.77,25.75,25.75,4163,0
2017-09-21,16:00:00,25.77,25.77,25.76,25.76,1576,0
2017-09-21,18:00:00,25.769,25.769,25.769,25.769,264,0
2017-09-21,19:00:00,25.76,25.77,25.76,25.77,919,0
2017-09-21,20:00:00,25.7662,25.77,25.7639,25.77,774,0
2017-09-21,22:00:00,25.77,25.77,25.76,25.76,21211,0
2017-09-22,16:00:00,25.83,25.861,25.822,25.861,2388,0
2017-09-22,18:00:00,25.82,25.84,25.82,25.84,2234,0
2017-09-22,19:00:00,25.826,25.84,25.826,25.8269,1078,0
2017-09-22,20:00:00,25.84,25.84,25.84,25.84,100,0
2017-09-22,21:00:00,25.8267,25.84,25.82,25.82,14112,0
2017-09-22,22:00:00,25.77,25.8015,25.77,25.77,5228,0
2017-09-25,16:00:00,25.79,25.82,25.79,25.8077,2121,0
2017-09-25,17:00:00,25.8,25.82,25.7999,25.7999,7669,0
2017-09-25,18:00:00,25.79,25.7901,25.77,25.77,5687,0
2017-09-25,19:00:00,25.77,25.7731,25.77,25.7728,2607,0
2017-09-25,20:00:00,25.78,25.79,25.7767,25.7813,1570,0
2017-09-25,21:00:00,25.78,25.7898,25.78,25.7898,1000,0
2017-09-25,22:00:00,25.79,25.79,25.73,25.75,12032,0
2017-09-26,16:00:00,25.78,25.78,25.78,25.78,100,0
2017-09-26,17:00:00,25.79,25.79,25.76,25.76,3190,0
2017-09-26,18:00:00,25.761,25.77,25.76,25.77,711,0
2017-09-26,19:00:00,25.76,25.7966,25.76,25.7966,2239,0
2017-09-26,20:00:00,25.79,25.7968,25.79,25.79,1109,0
2017-09-26,21:00:00,25.7801,25.7801,25.7801,25.7801,1000,0
2017-09-26,22:00:00,25.78,25.8,25.78,25.78,2580,0
2017-09-27,16:00:00,25.84,25.84,25.84,25.84,391,0
2017-09-27,17:00:00,25.8162,25.8162,25.8162,25.8162,900,0
2017-09-27,20:00:00,25.7696,25.775,25.76,25.7601,3200,0
2017-09-27,21:00:00,25.7697,25.79,25.7689,25.7783,1860,0
2017-09-27,22:00:00,25.77,25.79,25.77,25.79,214,0
2017-09-28,16:00:00,25.84,25.84,25.84,25.84,100,0
2017-09-28,17:00:00,25.76,25.765,25.73,25.75,9474,0
2017-09-28,18:00:00,25.76,25.76,25.76,25.76,100,0
2017-09-28,19:00:00,25.75,25.75,25.75,25.75,2335,0
2017-09-28,20:00:00,25.745,25.75,25.74,25.7493,1015,0
2017-09-28,21:00:00,25.7419,25.75,25.72,25.75,3154,0
2017-09-28,22:00:00,25.7201,25.735,25.66,25.72,7584,0
2017-09-29,16:00:00,25.67,25.7676,25.67,25.7676,653,0
2017-09-29,17:00:00,25.72,25.72,25.71,25.71,6086,0
2017-09-29,18:00:00,25.675,25.675,25.66,25.66,504,0
2017-09-29,19:00:00,25.66,25.68,25.66,25.68,1366,0
2017-09-29,20:00:00,25.68,25.6815,25.6776,25.6815,1366,0
2017-09-29,21:00:00,25.7,25.72,25.67,25.72,2245,0
2017-09-29,22:00:00,25.6967,25.83,25.67,25.68,6094,0
2017-10-02,16:00:00,25.67,25.7789,25.67,25.7789,5659,0
2017-10-02,17:00:00,25.6754,25.7599,25.6754,25.75,1842,0
2017-10-02,18:00:00,25.7167,25.75,25.7,25.74,3160,0
2017-10-02,19:00:00,25.74,25.74,25.74,25.74,200,0
2017-10-02,20:00:00,25.735,25.74,25.712,25.7198,4485,0
2017-10-02,21:00:00,25.7,25.7,25.6601,25.6626,3144,0
2017-10-02,22:00:00,25.66,25.6756,25.66,25.67,7786,0
2017-10-03,16:00:00,25.69,25.75,25.69,25.7173,8715,0
2017-10-03,17:00:00,25.69,25.73,25.69,25.73,3186,0
2017-10-03,18:00:00,25.72,25.72,25.65,25.65,11049,0
2017-10-03,19:00:00,25.69,25.69,25.67,25.69,300,0
2017-10-03,20:00:00,25.6994,25.72,25.65,25.6618,8020,0
2017-10-03,21:00:00,25.6618,25.7,25.6618,25.68,4056,0
2017-10-03,22:00:00,25.682,25.685,25.6301,25.66,7511,0
2017-10-04,16:00:00,25.65,25.65,25.65,25.65,100,0
2017-10-04,17:00:00,25.659,25.6784,25.659,25.66,1500,0
2017-10-04,18:00:00,25.66,25.68,25.66,25.67,4198,0
2017-10-04,19:00:00,25.67,25.67,25.66,25.67,1162,0
2017-10-04,20:00:00,25.67,25.68,25.66,25.67,2864,0
2017-10-04,21:00:00,25.67,25.67,25.6501,25.6501,2072,0
2017-10-04,22:00:00,25.65,25.65,25.56,25.56,7089,0
2017-10-05,16:00:00,25.55,25.5907,25.55,25.5907,1315,0
2017-10-05,17:00:00,25.57,25.57,25.54,25.5436,2304,0
2017-10-05,18:00:00,25.54,25.56,25.54,25.56,2789,0
2017-10-05,19:00:00,25.55,25.56,25.55,25.5506,2800,0
2017-10-05,20:00:00,25.55,25.5599,25.55,25.5592,1378,0
2017-10-05,21:00:00,25.5501,25.5599,25.55,25.5533,4909,0
2017-10-05,22:00:00,25.55,25.5701,25.55,25.56,15778,0
2017-10-06,16:00:00,25.56,25.56,25.55,25.55,4640,0
2017-10-06,17:00:00,25.555,25.64,25.551,25.57,13234,0
2017-10-06,18:00:00,25.58,25.58,25.56,25.58,3872,0
2017-10-06,19:00:00,25.56,25.5832,25.56,25.572,4540,0
2017-10-06,20:00:00,25.58,25.5801,25.57,25.5799,21135,0
2017-10-06,21:00:00,25.5736,25.5761,25.5736,25.5761,1063,0
2017-10-06,22:00:00,25.5799,25.5801,25.56,25.56,13635,0
2017-10-09,17:00:00,25.52,25.54,25.51,25.51,2350,0
2017-10-09,18:00:00,25.53,25.56,25.51,25.55,7757,0
2017-10-09,19:00:00,25.55,25.5783,25.51,25.55,6326,0
2017-10-09,20:00:00,25.53,25.55,25.51,25.52,2041,0
2017-10-09,21:00:00,25.55,25.5733,25.5447,25.56,7783,0
2017-10-09,22:00:00,25.565,25.57,25.52,25.52,6725,0
2017-10-10,16:00:00,25.68,25.68,25.655,25.68,23660,0
2017-10-10,17:00:00,25.67,25.68,25.6683,25.6701,10500,0
2017-10-10,18:00:00,25.65,25.65,25.65,25.65,400,0
2017-10-10,19:00:00,25.659,25.66,25.64,25.66,685,0
2017-10-10,20:00:00,25.66,25.67,25.659,25.67,743,0
2017-10-10,21:00:00,25.67,25.67,25.65,25.65,2000,0
2017-10-10,22:00:00,25.66,25.66,25.64,25.64,1847,0
2017-10-11,16:00:00,25.64,25.64,25.624,25.624,3870,0
2017-10-11,17:00:00,25.6209,25.6209,25.62,25.62,700,0
2017-10-11,18:00:00,25.62,25.62,25.613,25.62,1299,0
2017-10-11,19:00:00,25.62,25.63,25.6,25.63,6280,0
2017-10-11,20:00:00,25.62,25.621,25.62,25.62,502,0
2017-10-11,21:00:00,25.629,25.63,25.62,25.62,2200,0
2017-10-11,22:00:00,25.625,25.64,25.61,25.61,32797,0
2017-10-12,16:00:00,25.61,25.61,25.6,25.61,5646,0
2017-10-12,17:00:00,25.61,25.61,25.6099,25.61,9024,0
2017-10-12,18:00:00,25.6001,25.62,25.6,25.62,9708,0
2017-10-12,19:00:00,25.62,25.62,25.61,25.611,1940,0
2017-10-12,20:00:00,25.62,25.62,25.615,25.615,382,0
2017-10-12,21:00:00,25.6128,25.64,25.6128,25.64,6001,0
2017-10-12,22:00:00,25.64,25.64,25.61,25.61,7406,0
2017-10-13,16:00:00,25.67,25.67,25.56,25.6458,15467,0
2017-10-13,17:00:00,25.65,25.65,25.58,25.642,6069,0
2017-10-13,18:00:00,25.6301,25.65,25.6301,25.65,6300,0
2017-10-13,19:00:00,25.63,25.63,25.58,25.62,749,0
2017-10-13,20:00:00,25.6199,25.6199,25.58,25.58,970,0
2017-10-13,21:00:00,25.595,25.62,25.595,25.6102,3050,0
2017-10-13,22:00:00,25.62,25.66,25.62,25.66,4352,0
2017-10-16,16:00:00,25.66,25.66,25.6209,25.6209,2950,0
2017-10-16,17:00:00,25.6001,25.645,25.58,25.5986,3368,0
2017-10-16,18:00:00,25.61,25.61,25.58,25.606,1826,0
2017-10-16,19:00:00,25.619,25.619,25.58,25.596,7839,0
2017-10-16,20:00:00,25.5999,25.62,25.584,25.619,6288,0
2017-10-16,21:00:00,25.62,25.62,25.58,25.58,5572,0
2017-10-16,22:00:00,25.6,25.62,25.58,25.58,2694,0
2017-10-17,16:00:00,25.62,25.63,25.58,25.583,9440,0
2017-10-17,17:00:00,25.609,25.6099,25.58,25.58,2200,0
2017-10-17,18:00:00,25.58,25.62,25.58,25.62,14400,0
2017-10-17,19:00:00,25.61,25.62,25.61,25.62,1950,0
2017-10-17,20:00:00,25.615,25.62,25.6083,25.6083,1710,0
2017-10-17,21:00:00,25.6,25.62,25.6,25.62,3040,0
2017-10-17,22:00:00,25.6001,25.62,25.6,25.61,7893,0
2017-10-18,16:00:00,25.629,25.629,25.629,25.629,1000,0
2017-10-18,17:00:00,25.61,25.62,25.6099,25.62,1208,0
2017-10-18,19:00:00,25.62,25.63,25.62,25.63,835,0
2017-10-18,20:00:00,25.63,25.63,25.62,25.6243,1684,0
2017-10-18,21:00:00,25.6207,25.63,25.62,25.6221,6705,0
2017-10-18,22:00:00,25.62,25.64,25.6,25.63,4381,0
2017-10-19,16:00:00,25.64,25.64,25.59,25.59,1211,0
2017-10-19,17:00:00,25.6,25.6,25.59,25.59,1700,0
2017-10-19,18:00:00,25.6,25.6,25.57,25.57,6101,0
2017-10-19,19:00:00,25.57,25.61,25.57,25.6,14071,0
2017-10-19,20:00:00,25.61,25.66,25.6,25.62,17643,0
2017-10-19,21:00:00,25.62,25.62,25.608,25.608,3427,0
2017-10-19,22:00:00,25.62,25.67,25.62,25.63,10771,0
2017-10-20,16:00:00,25.634,25.65,25.634,25.65,500,0
2017-10-20,17:00:00,25.623,25.6407,25.623,25.6407,660,0
2017-10-20,18:00:00,25.63,25.64,25.6214,25.628,549,0
2017-10-20,19:00:00,25.635,25.635,25.635,25.635,100,0
2017-10-20,20:00:00,25.635,25.64,25.635,25.6362,937,0
2017-10-20,21:00:00,25.635,25.64,25.63,25.6335,2153,0
2017-10-20,22:00:00,25.64,25.7,25.63,25.7,22658,0
2017-10-23,16:00:00,25.61,25.61,25.61,25.61,1689,0
2017-10-23,17:00:00,25.68,25.68,25.622,25.63,3582,0
2017-10-23,18:00:00,25.63,25.63,25.6256,25.63,2801,0
2017-10-23,19:00:00,25.63,25.63,25.6239,25.6239,2899,0
2017-10-23,20:00:00,25.63,25.63,25.62,25.63,2740,0
2017-10-23,21:00:00,25.64,25.64,25.62,25.6202,2672,0
2017-10-23,22:00:00,25.64,25.64,25.61,25.61,11381,0
2017-10-24,16:00:00,25.61,25.61,25.61,25.61,2382,0
2017-10-24,17:00:00,25.61,25.6488,25.61,25.6488,3084,0
2017-10-24,18:00:00,25.61,25.6111,25.61,25.6111,3014,0
2017-10-24,19:00:00,25.6287,25.6287,25.59,25.5985,6778,0
2017-10-24,20:00:00,25.5846,25.5846,25.5846,25.5846,128,0
2017-10-24,21:00:00,25.6,25.6,25.5937,25.5937,481,0
2017-10-24,22:00:00,25.5998,25.63,25.5803,25.6,6724,0
2017-10-25,16:00:00,25.66,25.66,25.6351,25.6351,2128,0
2017-10-25,17:00:00,25.61,25.62,25.6,25.6,3055,0
2017-10-25,18:00:00,25.6,25.6,25.57,25.57,996,0
2017-10-25,19:00:00,25.5821,25.585,25.57,25.57,2389,0
2017-10-25,20:00:00,25.57,25.62,25.57,25.61,14431,0
2017-10-25,21:00:00,25.62,25.62,25.57,25.5722,6503,0
2017-10-25,22:00:00,25.5701,25.62,25.5701,25.6,28690,0
2017-10-26,16:00:00,25.6,25.6,25.5999,25.5999,1764,0
2017-10-26,17:00:00,25.6,25.62,25.59,25.59,1385,0
2017-10-26,18:00:00,25.591,25.6172,25.59,25.6,6190,0
2017-10-26,19:00:00,25.61,25.61,25.6,25.61,1909,0
2017-10-26,20:00:00,25.605,25.61,25.6001,25.6001,598,0
2017-10-26,21:00:00,25.6062,25.6062,25.52,25.52,22123,0
2017-10-26,22:00:00,25.53,25.5772,25.53,25.56,1507,0
2017-10-27,16:00:00,25.55,25.6,25.55,25.6,6198,0
2017-10-27,17:00:00,25.6,25.6031,25.55,25.6,6779,0
2017-10-27,18:00:00,25.6,25.62,25.6,25.6088,6350,0
2017-10-27,19:00:00,25.6,25.64,25.6,25.64,5030,0
2017-10-27,20:00:00,25.6189,25.6324,25.6189,25.6324,4020,0
2017-10-27,21:00:00,25.601,25.62,25.6,25.6,820,0
2017-10-27,22:00:00,25.64,25.64,25.6,25.605,2388,0
2017-10-30,15:00:00,25.6127,25.6127,25.6005,25.6005,1229,0
2017-10-30,16:00:00,25.6,25.617,25.6,25.617,5915,0
2017-10-30,17:00:00,25.619,25.619,25.619,25.619,500,0
2017-10-30,18:00:00,25.619,25.62,25.619,25.62,1491,0
2017-10-30,19:00:00,25.6109,25.62,25.61,25.61,723,0
2017-10-30,20:00:00,25.62,25.63,25.6,25.63,12732,0
2017-10-30,21:00:00,25.6,25.6192,25.6,25.6192,1631,0
2017-10-31,15:00:00,25.64,25.65,25.6399,25.6399,1413,0
2017-10-31,16:00:00,25.6178,25.62,25.612,25.612,1481,0
2017-10-31,17:00:00,25.62,25.62,25.62,25.62,100,0
2017-10-31,18:00:00,25.62,25.6288,25.61,25.6288,2179,0
2017-10-31,19:00:00,25.63,25.63,25.61,25.63,3086,0
2017-10-31,20:00:00,25.611,25.65,25.6,25.6,3570,0
2017-10-31,21:00:00,25.6158,25.65,25.6,25.65,2777,0
2017-11-01,15:00:00,25.65,25.65,25.65,25.65,864,0
2017-11-01,16:00:00,25.6349,25.6349,25.6,25.6,8700,0
2017-11-01,17:00:00,25.62,25.6299,25.62,25.625,1300,0
2017-11-01,18:00:00,25.6262,25.64,25.6175,25.6175,2989,0
2017-11-01,19:00:00,25.64,25.66,25.625,25.6464,4732,0
2017-11-01,20:00:00,25.65,25.66,25.6234,25.6234,3623,0
2017-11-01,21:00:00,25.64,25.6599,25.6233,25.6559,6056,0
2017-11-02,15:00:00,25.68,25.68,25.68,25.68,2000,0
2017-11-02,16:00:00,25.63,25.66,25.63,25.66,216,0
2017-11-02,17:00:00,25.6301,25.6301,25.6301,25.6301,200,0
2017-11-02,18:00:00,25.61,25.6257,25.61,25.6197,883,0
2017-11-02,19:00:00,25.62,25.6201,25.62,25.6201,604,0
2017-11-02,20:00:00,25.63,25.6322,25.63,25.6322,1601,0
2017-11-02,21:00:00,25.63,25.63,25.63,25.63,600,0
2017-11-03,17:00:00,25.638,25.638,25.638,25.638,500,0
2017-11-03,18:00:00,25.63,25.639,25.6076,25.6132,4443,0
2017-11-03,19:00:00,25.64,25.64,25.64,25.64,363,0
2017-11-03,20:00:00,25.63,25.6338,25.6126,25.6126,2067,0
2017-11-03,21:00:00,25.63,25.64,25.61,25.64,700,0
2017-11-06,16:00:00,25.61,25.6174,25.61,25.61,6200,0
2017-11-06,17:00:00,25.63,25.64,25.63,25.6359,3124,0
2017-11-06,18:00:00,25.64,25.64,25.62,25.6262,3299,0
2017-11-06,19:00:00,25.62,25.63,25.62,25.63,6000,0
2017-11-06,20:00:00,25.64,25.64,25.63,25.63,7832,0
2017-11-06,21:00:00,25.6362,25.6362,25.6362,25.6362,301,0
2017-11-06,22:00:00,25.64,25.65,25.63,25.63,5442,0
2017-11-07,16:00:00,25.68,25.68,25.63,25.63,2762,0
2017-11-07,17:00:00,25.63,25.68,25.6252,25.64,3028,0
2017-11-07,19:00:00,25.63,25.63,25.61,25.61,8476,0
2017-11-07,20:00:00,25.63,25.63,25.63,25.63,100,0
2017-11-07,21:00:00,25.63,25.64,25.6298,25.64,800,0
2017-11-07,22:00:00,25.6391,25.6391,25.61,25.63,1121,0
2017-11-08,17:00:00,25.6455,25.6455,25.62,25.622,13350,0
2017-11-08,18:00:00,25.63,25.63,25.61,25.61,1478,0
2017-11-08,19:00:00,25.61,25.62,25.61,25.62,1128,0
2017-11-08,20:00:00,25.62,25.62,25.62,25.62,11301,0
2017-11-08,21:00:00,25.62,25.62,25.6112,25.6162,33312,0
2017-11-08,22:00:00,25.61,25.62,25.61,25.62,2703,0
2017-11-09,16:00:00,25.6216,25.63,25.6216,25.63,1900,0
2017-11-09,17:00:00,25.6,25.619,25.6,25.6099,1500,0
2017-11-09,18:00:00,25.6077,25.6179,25.6077,25.6179,1134,0
2017-11-09,19:00:00,25.6,25.6089,25.6,25.6,2600,0
2017-11-09,20:00:00,25.6,25.61,25.6,25.6058,2570,0
2017-11-09,21:00:00,25.6012,25.6012,25.6012,25.6012,206,0
2017-11-09,22:00:00,25.605,25.61,25.6,25.61,5614,0
2017-11-10,16:00:00,25.67,25.67,25.6625,25.6625,2519,0
2017-11-10,17:00:00,25.645,25.65,25.645,25.65,898,0
2017-11-10,18:00:00,25.64,25.64,25.6236,25.6236,3136,0
2017-11-10,19:00:00,25.62,25.63,25.61,25.63,1100,0
2017-11-10,20:00:00,25.62,25.62,25.6,25.6063,774,0
2017-11-10,21:00:00,25.6,25.62,25.6,25.62,778,0
2017-11-10,22:00:00,25.602,25.62,25.6,25.62,649,0
2017-11-13,17:00:00,25.63,25.63,25.6,25.61,2987,0
2017-11-13,18:00:00,25.61,25.61,25.6,25.6038,2485,0
2017-11-13,19:00:00,25.61,25.61,25.6,25.6,2774,0
2017-11-13,20:00:00,25.61,25.61,25.6,25.6077,6267,0
2017-11-13,21:00:00,25.61,25.61,25.605,25.605,1577,0
2017-11-13,22:00:00,25.61,25.61,25.59,25.6,21041,0
2017-11-14,16:00:00,25.63,25.63,25.63,25.63,200,0
2017-11-14,17:00:00,25.6,25.62,25.57,25.61,9532,0
2017-11-14,18:00:00,25.61,25.62,25.61,25.61,11484,0
2017-11-14,19:00:00,25.61,25.62,25.61,25.62,5683,0
2017-11-14,20:00:00,25.61,25.61,25.59,25.61,20221,0
2017-11-14,21:00:00,25.61,25.61,25.6,25.61,17381,0
2017-11-14,22:00:00,25.61,25.61,25.58,25.58,11415,0
2017-11-15,16:00:00,25.69,25.69,25.6,25.61,7364,0
2017-11-15,17:00:00,25.62,25.62,25.6105,25.6105,2710,0
2017-11-15,18:00:00,25.62,25.62,25.62,25.62,2130,0
2017-11-15,19:00:00,25.62,25.62,25.61,25.62,12186,0
2017-11-15,20:00:00,25.62,25.62,25.6124,25.62,1084,0
2017-11-15,21:00:00,25.61,25.61,25.6,25.61,7000,0
2017-11-15,22:00:00,25.609,25.609,25.609,25.609,200,0
2017-11-16,16:00:00,25.6,25.65,25.6,25.65,500,0
2017-11-16,17:00:00,25.65,25.65,25.61,25.64,800,0
2017-11-16,18:00:00,25.64,25.65,25.61,25.61,3892,0
2017-11-16,19:00:00,25.61,25.6293,25.61,25.61,12200,0
2017-11-16,20:00:00,25.61,25.62,25.61,25.61,16900,0
2017-11-16,21:00:00,25.62,25.62,25.6,25.6,33463,0
2017-11-16,22:00:00,25.6,25.6,25.56,25.56,48234,0
2017-11-17,16:00:00,25.63,25.67,25.53,25.67,16417,0
2017-11-17,17:00:00,25.69,25.705,25.68,25.69,12295,0
2017-11-17,18:00:00,25.69,25.71,25.66,25.71,27039,0
2017-11-17,19:00:00,25.705,25.74,25.6701,25.69,3605,0
2017-11-17,20:00:00,25.69,25.7,25.67,25.7,4496,0
2017-11-17,21:00:00,25.6999,25.74,25.6801,25.74,13910,0
2017-11-17,22:00:00,25.72,25.79,25.7,25.79,10652,0
2017-11-20,16:00:00,25.79,25.79,25.731,25.7861,7870,0
2017-11-20,17:00:00,25.79,25.87,25.79,25.85,8492,0
2017-11-20,18:00:00,25.85,25.85,25.818,25.818,8979,0
2017-11-20,19:00:00,25.83,25.83,25.824,25.83,5005,0
2017-11-20,20:00:00,25.83,25.84,25.75,25.75,4150,0
2017-11-20,21:00:00,25.83,25.85,25.75,25.85,4303,0
2017-11-20,22:00:00,25.85,25.87,25.81,25.82,10708,0
2017-11-21,16:00:00,25.88,25.88,25.88,25.88,1200,0
2017-11-21,17:00:00,25.88,25.89,25.858,25.89,3600,0
2017-11-21,18:00:00,25.89,25.9,25.8891,25.8908,3617,0
2017-11-21,19:00:00,25.88,25.88,25.85,25.88,2902,0
2017-11-21,20:00:00,25.88,25.88,25.81,25.85,5965,0
2017-11-21,21:00:00,25.85,25.88,25.85,25.86,922,0
2017-11-21,22:00:00,25.86,25.86,25.82,25.86,1301,0
2017-11-22,16:00:00,25.87,25.87,25.87,25.87,100,0
2017-11-22,17:00:00,25.8,25.86,25.8,25.8,2437,0
2017-11-22,18:00:00,25.83,25.83,25.8,25.8,700,0
2017-11-22,19:00:00,25.8,25.87,25.783,25.783,3623,0
2017-11-22,20:00:00,25.87,25.89,25.8672,25.8672,1516,0
2017-11-22,21:00:00,25.89,25.89,25.89,25.89,1252,0
2017-11-22,22:00:00,25.89,25.91,25.875,25.91,3373,0
2017-11-24,16:00:00,25.91,25.91,25.91,25.91,600,0
2017-11-24,18:00:00,25.8585,25.86,25.83,25.83,1284,0
2017-11-24,19:00:00,25.85,25.86,25.7973,25.8372,2284,0
2017-11-27,16:00:00,25.81,25.81,25.81,25.81,400,0
2017-11-27,17:00:00,25.85,25.88,25.85,25.88,600,0
2017-11-27,18:00:00,25.8908,25.8908,25.81,25.81,5330,0
2017-11-27,19:00:00,25.825,25.84,25.81,25.828,1657,0
2017-11-27,20:00:00,25.84,25.84,25.8325,25.84,1862,0
2017-11-27,21:00:00,25.84,25.84,25.83,25.84,4360,0
2017-11-27,22:00:00,25.84,25.84,25.839,25.84,1225,0
2017-11-28,16:00:00,25.84,25.85,25.84,25.84,2461,0
2017-11-28,17:00:00,25.84,25.8626,25.84,25.8626,1200,0
2017-11-28,18:00:00,25.85,25.89,25.85,25.89,302,0
2017-11-28,19:00:00,25.89,25.9,25.8748,25.9,693,0
2017-11-28,20:00:00,25.8818,25.89,25.87,25.89,2156,0
2017-11-28,21:00:00,25.89,25.89,25.87,25.89,826,0
2017-11-28,22:00:00,25.89,25.89,25.87,25.89,1664,0
2017-11-29,16:00:00,25.87,25.87,25.87,25.87,555,0
2017-11-29,17:00:00,25.8476,25.8476,25.8476,25.8476,100,0
2017-11-29,18:00:00,25.87,25.87,25.87,25.87,100,0
2017-11-29,19:00:00,25.87,25.87,25.8555,25.8555,1169,0
2017-11-29,20:00:00,25.87,25.87,25.8669,25.87,1122,0
2017-11-29,21:00:00,25.86,25.89,25.86,25.8683,1694,0
2017-11-29,22:00:00,25.89,25.94,25.8801,25.94,2565,0
2017-11-30,16:00:00,25.94,25.94,25.94,25.94,1000,0
2017-11-30,17:00:00,25.95,25.97,25.95,25.97,1556,0
2017-11-30,18:00:00,25.97,25.97,25.96,25.97,5700,0
2017-11-30,19:00:00,25.95,25.95,25.82,25.85,5465,0
2017-11-30,20:00:00,25.89,25.94,25.85,25.92,1014,0
2017-11-30,21:00:00,25.92,25.93,25.91,25.93,2396,0
2017-11-30,22:00:00,25.93,25.93,25.86,25.86,9213,0
2017-12-01,19:00:00,25.9,25.9,25.8992,25.8992,510,0
2017-12-01,20:00:00,25.85,25.8883,25.85,25.8883,2120,0
2017-12-01,21:00:00,25.8883,25.8883,25.859,25.859,794,0
2017-12-01,22:00:00,25.889,25.89,25.8726,25.89,1477,0
2017-12-04,16:00:00,25.89,25.9002,25.89,25.9002,1545,0
2017-12-04,17:00:00,25.91,25.91,25.9099,25.9099,1600,0
2017-12-04,18:00:00,25.91,25.91,25.91,25.91,132,0
2017-12-04,19:00:00,25.9001,25.909,25.8655,25.9,1730,0
2017-12-04,20:00:00,25.87,25.91,25.8,25.8,2438,0
2017-12-04,21:00:00,25.77,25.8899,25.77,25.833,7324,0
2017-12-04,22:00:00,25.89,25.89,25.78,25.89,2073,0
2017-12-05,16:00:00,25.91,25.91,25.891,25.9,1301,0
2017-12-05,17:00:00,25.91,25.91,25.91,25.91,200,0
2017-12-05,18:00:00,25.91,25.93,25.9075,25.93,1405,0
2017-12-05,19:00:00,25.9287,25.9287,25.9287,25.9287,214,0
2017-12-05,20:00:00,25.91,25.91,25.91,25.91,400,0
2017-12-05,21:00:00,25.911,25.93,25.911,25.93,360,0
2017-12-05,22:00:00,25.9238,25.93,25.9111,25.9111,2385,0
2017-12-06,16:00:00,25.93,25.93,25.8553,25.8553,2673,0
2017-12-06,17:00:00,25.86,25.8875,25.76,25.8167,9320,0
2017-12-06,18:00:00,25.82,25.89,25.7851,25.81,2213,0
2017-12-06,19:00:00,25.81,25.8721,25.81,25.85,8800,0
2017-12-06,20:00:00,25.87,25.89,25.8652,25.8652,1400,0
2017-12-06,21:00:00,25.81,25.8855,25.81,25.8144,730,0
2017-12-06,22:00:00,25.8155,25.9,25.8155,25.9,1120,0
