Date,Time,Open,High,Low,Close,Volume,OpenInt
2017-05-16,16:00:00,137.87,137.87,136.97,136.97,1415,0
2017-05-16,17:00:00,137.32,137.32,135.72,136.22,4713,0
2017-05-16,18:00:00,136.02,137.17,136.02,136.17,4204,0
2017-05-16,19:00:00,136.42,136.87,136.27,136.67,9406,0
2017-05-16,20:00:00,136.67,136.72,136.42,136.57,2626,0
2017-05-16,21:00:00,136.72,136.72,136.47,136.52,4102,0
2017-05-16,22:00:00,136.62,137.12,136.52,137.07,26269,0
2017-05-17,16:00:00,135.62,135.77,134.57,134.57,594,0
2017-05-17,17:00:00,136.07,136.17,135.32,135.62,4802,0
2017-05-17,18:00:00,135.47,136.27,135.1,136.17,10529,0
2017-05-17,19:00:00,136.47,136.92,136.37,136.87,1764,0
2017-05-17,20:00:00,136.97,136.97,136.77,136.82,2002,0
2017-05-17,21:00:00,136.82,137.22,136.57,137.22,3608,0
2017-05-17,22:00:00,137.32,137.32,136.67,136.72,17292,0
2017-05-18,16:00:00,136.82,136.82,136.22,136.37,1757,0
2017-05-18,17:00:00,136.47,136.77,136,136.77,4315,0
2017-05-18,18:00:00,136.62,137.22,136.62,137.02,3397,0
2017-05-18,19:00:00,137.07,137.97,136.92,137.52,4902,0
2017-05-18,20:00:00,137.92,138.17,137.67,137.92,4819,0
2017-05-18,21:00:00,137.82,138.85,137.72,137.72,2833,0
2017-05-18,22:00:00,137.97,137.97,137.42,137.47,8282,0
2017-05-19,16:00:00,137.12,137.72,135.47,137.72,5624,0
2017-05-19,17:00:00,137.27,137.82,137.22,137.72,7640,0
2017-05-19,18:00:00,137.22,137.67,137.17,137.27,1709,0
2017-05-19,19:00:00,137.32,137.47,137.22,137.22,1700,0
2017-05-19,20:00:00,137.27,137.57,137.12,137.57,1406,0
2017-05-19,21:00:00,137.57,138.02,137.27,138.02,1457,0
2017-05-19,22:00:00,137.97,138.17,137.07,137.22,20669,0
2017-05-22,16:00:00,137.52,137.52,137.52,137.52,125,0
2017-05-22,17:00:00,137.97,137.97,136.42,137.07,2217,0
2017-05-22,18:00:00,137.27,137.27,137.07,137.07,200,0
2017-05-22,19:00:00,137.22,137.42,137.12,137.22,1448,0
2017-05-22,20:00:00,137.35,137.35,137.22,137.27,600,0
2017-05-22,21:00:00,137.17,137.67,137.17,137.52,2402,0
2017-05-22,22:00:00,137.8,137.87,137.62,137.87,16268,0
2017-05-23,16:00:00,138.42,138.42,138.42,138.42,227,0
2017-05-23,17:00:00,138.12,138.52,136.87,138.42,8685,0
2017-05-23,18:00:00,138.67,138.92,138.32,138.92,3334,0
2017-05-23,19:00:00,138.92,138.92,138.57,138.62,1633,0
2017-05-23,20:00:00,138.47,138.57,138.27,138.57,900,0
2017-05-23,21:00:00,138.62,138.72,138.37,138.72,900,0
2017-05-23,22:00:00,138.87,139.12,138.67,138.77,10873,0
2017-05-24,16:00:00,139.07,140.6,138.62,139.42,757,0
2017-05-24,17:00:00,139.07,141.82,139.07,141.62,8242,0
2017-05-24,18:00:00,141.62,141.72,140.07,140.07,5888,0
2017-05-24,19:00:00,140.15,140.15,139.82,139.82,4802,0
2017-05-24,20:00:00,139.87,140.22,139.82,140.1,4039,0
2017-05-24,21:00:00,140.22,140.67,139.97,140.52,6542,0
2017-05-24,22:00:00,140.62,140.82,140.42,140.57,18361,0
2017-05-25,16:00:00,141.07,141.72,141.07,141.47,433,0
2017-05-25,17:00:00,141.92,142.62,140.77,140.77,6387,0
2017-05-25,18:00:00,140.92,141.02,139.57,139.62,5002,0
2017-05-25,19:00:00,139.67,140.12,139.47,140.02,4002,0
2017-05-25,20:00:00,140.02,140.02,139.32,139.82,3677,0
2017-05-25,21:00:00,139.62,139.87,139.57,139.87,3202,0
2017-05-25,22:00:00,139.87,140.07,139.37,139.82,11582,0
2017-05-26,16:00:00,139.67,141.12,139.67,141.12,244,0
2017-05-26,17:00:00,140.37,141.67,140.17,140.17,1935,0
2017-05-26,18:00:00,140.52,140.52,139.87,139.92,1965,0
2017-05-26,19:00:00,139.92,140.57,139.92,140.12,1139,0
2017-05-26,20:00:00,139.92,140.02,139.82,139.82,300,0
2017-05-26,21:00:00,139.87,139.87,139.22,139.37,1902,0
2017-05-26,22:00:00,139.37,139.67,139.37,139.67,9521,0
2017-05-30,16:00:00,139.47,139.67,139.47,139.67,900,0
2017-05-30,17:00:00,140.67,140.77,139.92,140.77,3806,0
2017-05-30,18:00:00,140.77,140.87,140.72,140.87,2027,0
2017-05-30,19:00:00,140.87,141.12,140.82,140.92,1357,0
2017-05-30,20:00:00,141.12,141.27,140.97,141.27,1358,0
2017-05-30,21:00:00,141.22,141.27,141.02,141.07,810,0
2017-05-30,22:00:00,141.12,141.22,140.32,140.42,25035,0
2017-05-31,16:00:00,140.82,140.92,140.37,140.37,1516,0
2017-05-31,17:00:00,140.17,140.57,140.02,140.57,2201,0
2017-05-31,18:00:00,140.72,141.5,140.72,140.87,9192,0
2017-05-31,19:00:00,140.82,140.82,140.77,140.82,600,0
2017-05-31,20:00:00,140.82,140.85,140.72,140.72,700,0
2017-05-31,21:00:00,140.87,141.22,140.57,141.07,1284,0
2017-05-31,22:00:00,141.17,141.67,141.17,141.62,17318,0
2017-06-01,16:00:00,141.62,141.9,141.37,141.9,546,0
2017-06-01,17:00:00,141.77,141.77,141.22,141.22,1808,0
2017-06-01,18:00:00,141.02,141.42,140.82,141.42,1200,0
2017-06-01,19:00:00,141.47,141.47,140.82,140.82,2102,0
2017-06-01,20:00:00,140.92,141.02,140.57,140.57,1440,0
2017-06-01,21:00:00,140.42,141.57,140.42,141.32,2771,0
2017-06-01,22:00:00,141.37,142.72,141.27,142.62,14362,0
2017-06-02,16:00:00,143.12,144.77,142.02,144.77,10803,0
2017-06-02,17:00:00,142.72,146.37,142.72,146.25,3402,0
2017-06-02,18:00:00,146.22,146.32,143.97,146.32,14783,0
2017-06-02,19:00:00,146.22,146.42,145.22,145.42,6583,0
2017-06-02,20:00:00,145.67,145.67,145.42,145.42,2356,0
2017-06-02,21:00:00,145.42,145.72,145,145.02,2243,0
2017-06-02,22:00:00,145.02,145.32,144.62,144.72,13577,0
2017-06-05,16:00:00,144.52,145.07,142.67,144.15,1277,0
2017-06-05,17:00:00,144.52,144.77,143.42,143.42,2643,0
2017-06-05,18:00:00,143.57,143.57,142.92,142.92,890,0
2017-06-05,19:00:00,143.27,143.27,142.62,142.82,12715,0
2017-06-05,20:00:00,142.97,143.22,142.52,142.52,3305,0
2017-06-05,21:00:00,142.52,142.52,141.92,142.17,2808,0
2017-06-05,22:00:00,141.92,141.92,141.22,141.32,10485,0
2017-06-06,16:00:00,140.62,141.62,140.17,140.97,510,0
2017-06-06,17:00:00,141.22,141.77,140.57,140.57,2851,0
2017-06-06,18:00:00,140.52,140.62,140.27,140.42,1902,0
2017-06-06,19:00:00,140.42,140.52,140.27,140.27,5282,0
2017-06-06,20:00:00,140.12,140.12,139.52,139.85,2885,0
2017-06-06,21:00:00,139.92,140.57,139.92,140.57,4197,0
2017-06-06,22:00:00,140.47,140.72,139.92,140.07,12017,0
2017-06-07,16:00:00,139.71,140.26,138.21,138.81,847,0
2017-06-07,17:00:00,139.06,140.01,138.91,139.56,4344,0
2017-06-07,18:00:00,139.56,139.79,139.36,139.66,2047,0
2017-06-07,19:00:00,139.61,139.64,139.11,139.11,2097,0
2017-06-07,20:00:00,139.31,139.56,139.21,139.46,2503,0
2017-06-07,21:00:00,139.46,139.91,139.36,139.41,3823,0
2017-06-07,22:00:00,139.46,139.46,138.31,138.51,25210,0
2017-06-08,16:00:00,138.61,138.71,138.51,138.56,1009,0
2017-06-08,17:00:00,138.76,139.71,138.66,139.31,4420,0
2017-06-08,18:00:00,139.51,140.01,139.46,140,3867,0
2017-06-08,19:00:00,140.01,140.01,139.61,139.96,5086,0
2017-06-08,20:00:00,139.96,140.36,139.86,140.21,5467,0
2017-06-08,21:00:00,140.06,140.11,139.51,139.51,2601,0
2017-06-08,22:00:00,139.71,140.06,139.71,139.91,12388,0
2017-06-09,16:00:00,139.91,140.21,139.91,140.21,338,0
2017-06-09,17:00:00,140.01,140.61,139.71,139.96,5644,0
2017-06-09,18:00:00,139.96,140.86,139.41,140.61,4001,0
2017-06-09,19:00:00,140.66,141.64,140.61,141.31,2306,0
2017-06-09,20:00:00,141.51,141.76,141.44,141.76,721,0
2017-06-09,21:00:00,141.79,142.06,141.56,141.94,2018,0
2017-06-09,22:00:00,142.16,142.51,141.81,142.36,15937,0
2017-06-12,16:00:00,142.76,143.06,141.66,141.66,11372,0
2017-06-12,17:00:00,141.56,142.91,141.56,142.26,10744,0
2017-06-12,18:00:00,142.21,142.26,141.44,141.84,4257,0
2017-06-12,19:00:00,141.61,141.96,140.56,141.34,17819,0
2017-06-12,20:00:00,141.54,142.11,141.26,142.06,3301,0
2017-06-12,21:00:00,142.01,142.01,141.16,141.36,3977,0
2017-06-12,22:00:00,141.36,141.76,141.21,141.71,11709,0
2017-06-13,16:00:00,141.51,141.51,140.51,140.51,833,0
2017-06-13,17:00:00,140.51,142.01,140.51,141.76,4501,0
2017-06-13,18:00:00,141.56,142.16,141.31,141.31,3183,0
2017-06-13,19:00:00,141.36,141.61,141.36,141.61,2501,0
2017-06-13,20:00:00,141.71,142.06,141.56,141.76,3601,0
2017-06-13,21:00:00,141.71,141.86,141.41,141.41,3273,0
2017-06-13,22:00:00,141.36,141.99,141.26,141.96,7880,0
2017-06-14,16:00:00,141.96,142.04,141.41,141.91,900,0
2017-06-14,17:00:00,141.46,141.96,141.36,141.56,10888,0
2017-06-14,18:00:00,141.51,141.91,141.46,141.81,3324,0
2017-06-14,19:00:00,141.91,141.91,141.41,141.41,2651,0
2017-06-14,20:00:00,141.46,141.61,141.21,141.21,1798,0
2017-06-14,21:00:00,141.06,141.06,140.06,140.16,3111,0
2017-06-14,22:00:00,140.31,141.11,139.96,140.96,17587,0
2017-06-15,16:00:00,139.91,139.91,139.46,139.46,493,0
2017-06-15,17:00:00,140.41,140.81,138.96,139.89,5541,0
2017-06-15,18:00:00,140.15,140.76,139.89,140.31,4325,0
2017-06-15,19:00:00,140.16,140.31,139.91,140.21,2782,0
2017-06-15,20:00:00,140.26,140.91,140.26,140.51,5423,0
2017-06-15,21:00:00,140.51,140.51,140.11,140.26,1590,0
2017-06-15,22:00:00,140.16,140.91,140.16,140.71,28265,0
2017-06-16,16:00:00,138.91,139.76,138.26,138.76,27767,0
2017-06-16,17:00:00,139.36,140.25,138.96,140.21,3001,0
2017-06-16,18:00:00,140.26,140.66,140.26,140.56,2266,0
2017-06-16,19:00:00,140.64,140.84,140.56,140.74,3755,0
2017-06-16,20:00:00,140.51,140.59,140.01,140.36,4529,0
2017-06-16,21:00:00,140.31,140.66,140.06,140.59,3985,0
2017-06-16,22:00:00,140.56,141.31,140.56,141.16,36818,0
2017-06-19,16:00:00,141.51,141.81,140.16,141.81,1333,0
2017-06-19,17:00:00,141.76,141.86,141.04,141.85,4989,0
2017-06-19,18:00:00,141.66,141.66,141.41,141.41,900,0
2017-06-19,19:00:00,141.44,141.56,141.21,141.26,2901,0
2017-06-19,20:00:00,141.41,141.56,141.31,141.31,701,0
2017-06-19,21:00:00,141.31,141.31,140.56,141.21,2274,0
2017-06-19,22:00:00,141.56,141.86,141.26,141.86,13829,0
2017-06-20,16:00:00,140.66,141.16,140.16,140.91,3587,0
2017-06-20,17:00:00,140.76,140.96,139.61,140.26,11282,0
2017-06-20,18:00:00,140.06,140.71,140.06,140.56,3214,0
2017-06-20,19:00:00,140.51,140.51,139.81,139.81,786,0
2017-06-20,20:00:00,139.66,140.04,139.51,140.04,1895,0
2017-06-20,21:00:00,140.21,140.21,139.81,139.96,2423,0
2017-06-20,22:00:00,139.91,140.31,139.81,140.26,10293,0
2017-06-21,16:00:00,140.16,140.16,140.16,140.16,2033,0
2017-06-21,17:00:00,139.96,140.31,139.66,140.06,1144,0
2017-06-21,18:00:00,140.01,140.26,139.96,140.16,1306,0
2017-06-21,19:00:00,140.26,140.71,140.26,140.71,2701,0
2017-06-21,20:00:00,140.76,141.06,140.66,140.81,2636,0
2017-06-21,21:00:00,140.76,140.91,140.51,140.51,1000,0
2017-06-21,22:00:00,140.61,140.61,139.51,139.56,14617,0
2017-06-22,16:00:00,139.76,139.81,138.46,139.56,4326,0
2017-06-22,17:00:00,139.59,139.59,138.13,138.31,1937,0
2017-06-22,18:00:00,139.01,139.01,138.81,138.96,700,0
2017-06-22,19:00:00,139.76,140.01,139.76,139.76,1300,0
2017-06-22,20:00:00,139.76,140.36,139.76,140.16,745,0
2017-06-22,21:00:00,140.21,140.26,140.11,140.26,600,0
2017-06-22,22:00:00,140.56,140.56,140.16,140.16,6076,0
2017-06-23,16:00:00,140.41,141.86,139.71,140.21,1299,0
2017-06-23,17:00:00,140.36,141.16,140.31,140.96,16818,0
2017-06-23,18:00:00,140.84,141.51,140.84,141.26,4027,0
2017-06-23,19:00:00,141.26,141.26,140.91,141.16,800,0
2017-06-23,20:00:00,141.16,141.21,140.71,141.01,13615,0
2017-06-23,21:00:00,140.96,141.41,140.96,141.06,3907,0
2017-06-23,22:00:00,141.06,142.56,140.76,142.31,60381,0
2017-06-26,16:00:00,141.96,142.66,141.96,142.48,1697,0
2017-06-26,17:00:00,142.31,142.41,141.46,141.46,8701,0
2017-06-26,18:00:00,141.01,141.36,141.01,141.06,1855,0
2017-06-26,19:00:00,141.21,141.26,140.61,140.76,1260,0
2017-06-26,20:00:00,140.81,141.01,140.81,140.99,1203,0
2017-06-26,21:00:00,140.81,140.96,140.76,140.76,887,0
2017-06-26,22:00:00,140.71,140.81,140.01,140.26,7237,0
2017-06-27,16:00:00,139.76,141.76,138.56,141.36,4627,0
2017-06-27,17:00:00,140.71,140.86,140.36,140.56,1493,0
2017-06-27,18:00:00,140.71,140.96,140.56,140.76,3327,0
2017-06-27,19:00:00,141.06,141.21,140.69,141.21,3447,0
2017-06-27,20:00:00,141.01,141.09,140.26,140.56,9332,0
2017-06-27,21:00:00,140.36,140.46,139.86,139.86,4041,0
2017-06-27,22:00:00,139.81,140.11,138.96,139.01,18768,0
2017-06-28,16:00:00,139.01,141.21,139.01,139.71,7671,0
2017-06-28,17:00:00,139.91,141.51,139.41,140.54,10487,0
2017-06-28,18:00:00,140.46,142.36,140.21,141.41,8802,0
2017-06-28,19:00:00,141.51,142.36,141.26,142.36,4569,0
2017-06-28,20:00:00,142.26,142.26,141.06,141.06,3651,0
2017-06-28,21:00:00,141.54,141.86,141.06,141.66,5557,0
2017-06-28,22:00:00,141.51,141.96,140.76,141.66,28424,0
2017-06-29,16:00:00,144.91,144.91,142.66,143.11,9658,0
2017-06-29,17:00:00,142.81,143.06,140.86,141.26,9004,0
2017-06-29,18:00:00,141.46,141.51,140.56,140.76,8141,0
2017-06-29,19:00:00,140.54,140.71,139.21,139.81,5036,0
2017-06-29,20:00:00,139.66,139.66,138.31,139.61,5686,0
2017-06-29,21:00:00,139.36,139.71,138.96,139.61,9643,0
2017-06-29,22:00:00,139.46,140.36,138.96,140.21,25176,0
2017-06-30,16:00:00,140.81,142.04,140.76,141.61,1914,0
2017-06-30,17:00:00,141.34,141.96,141.06,141.26,8434,0
2017-06-30,18:00:00,141.31,142.06,141.21,141.21,6456,0
2017-06-30,19:00:00,141.36,141.61,141.16,141.16,1400,0
2017-06-30,20:00:00,141.26,141.91,141.26,141.74,2877,0
2017-06-30,21:00:00,141.61,141.61,141.31,141.44,2191,0
2017-06-30,22:00:00,141.21,141.61,140.56,140.66,17719,0
2017-07-03,16:00:00,141.31,142.96,141.31,141.36,1095,0
2017-07-03,17:00:00,142.51,142.51,142.06,142.51,4823,0
2017-07-03,18:00:00,142.61,144.81,142.61,144.31,9440,0
2017-07-03,19:00:00,144.26,144.26,143.06,143.06,5115,0
2017-07-03,20:00:00,143.11,143.16,143.11,143.16,1959,0
2017-07-05,16:00:00,143.41,143.41,142.11,142.16,2207,0
2017-07-05,17:00:00,141.66,142.36,141.56,142.36,9111,0
2017-07-05,18:00:00,142.26,142.26,141.39,141.66,1297,0
2017-07-05,19:00:00,141.46,142.86,141.31,142.66,27144,0
2017-07-05,20:00:00,142.46,142.61,142.11,142.31,6666,0
2017-07-05,21:00:00,142.36,142.36,141.51,141.51,2959,0
2017-07-05,22:00:00,141.46,141.46,141.06,141.21,16701,0
2017-07-06,16:00:00,140.41,140.41,139.46,139.46,2258,0
2017-07-06,17:00:00,139.11,139.41,138.81,139.21,3699,0
2017-07-06,18:00:00,139.26,139.86,139.26,139.86,1757,0
2017-07-06,19:00:00,139.91,140.06,139.86,139.86,971,0
2017-07-06,20:00:00,139.81,139.91,139.36,139.36,1719,0
2017-07-06,21:00:00,139.21,139.21,138.46,138.74,2101,0
2017-07-06,22:00:00,138.71,138.71,137.51,137.91,22105,0
2017-07-07,16:00:00,138.81,138.81,138.76,138.76,1953,0
2017-07-07,17:00:00,138.86,139.41,138.21,139.41,4151,0
2017-07-07,18:00:00,139.61,140.41,139.51,140.01,1855,0
2017-07-07,19:00:00,140.06,140.21,139.71,139.71,1901,0
2017-07-07,20:00:00,139.86,139.86,139.46,139.71,3601,0
2017-07-07,21:00:00,139.56,139.61,139.11,139.41,5126,0
2017-07-07,22:00:00,139.36,140.26,139.36,139.81,17431,0
2017-07-10,16:00:00,138.91,139.71,138.76,139.66,5578,0
2017-07-10,17:00:00,139.51,139.76,138.41,138.66,2814,0
2017-07-10,18:00:00,138.81,139.75,138.81,139.51,1310,0
2017-07-10,19:00:00,139.81,139.86,139.46,139.66,1835,0
2017-07-10,20:00:00,139.69,139.69,139.11,139.46,1646,0
2017-07-10,21:00:00,139.26,139.26,138.79,138.79,500,0
2017-07-10,22:00:00,138.81,138.86,137.66,137.76,13571,0
2017-07-11,16:00:00,138.06,138.06,137.11,137.36,2197,0
2017-07-11,17:00:00,137.36,137.36,136.79,137.11,2778,0
2017-07-11,18:00:00,137.11,137.11,135.91,136.56,4286,0
2017-07-11,19:00:00,136.86,136.91,136.61,136.79,1400,0
2017-07-11,20:00:00,136.56,136.81,136.26,136.36,2405,0
2017-07-11,21:00:00,136.56,136.78,136.26,136.64,4840,0
2017-07-11,22:00:00,136.61,137.51,136.61,137.41,29838,0
2017-07-12,16:00:00,138.26,139.36,138.26,138.66,1746,0
2017-07-12,17:00:00,138.56,138.81,138.36,138.66,2109,0
2017-07-12,18:00:00,138.16,138.31,138.16,138.16,701,0
2017-07-12,19:00:00,138.06,138.06,137.41,137.61,1500,0
2017-07-12,20:00:00,137.36,137.41,137.11,137.41,1354,0
2017-07-12,21:00:00,137.21,137.71,137.21,137.56,6113,0
2017-07-12,22:00:00,137.51,138.21,137.51,138.06,17482,0
2017-07-13,16:00:00,138.21,138.21,138.11,138.14,555,0
2017-07-13,17:00:00,137.81,137.81,136.71,136.71,1723,0
2017-07-13,18:00:00,136.81,137.06,136.71,136.81,3101,0
2017-07-13,19:00:00,136.96,137.96,136.96,137.96,3026,0
2017-07-13,20:00:00,138.06,138.16,137.86,138.16,1000,0
2017-07-13,21:00:00,138.31,138.51,138.26,138.46,1859,0
2017-07-13,22:00:00,138.31,138.31,137.71,138.06,27919,0
2017-07-14,16:00:00,137.81,139.96,137.81,138.11,914,0
2017-07-14,17:00:00,138.16,138.61,137.91,138.11,2035,0
2017-07-14,18:00:00,138.11,138.11,137.76,137.81,1920,0
2017-07-14,19:00:00,137.96,137.96,137.79,137.79,201,0
2017-07-14,20:00:00,137.91,138.11,137.76,137.76,600,0
2017-07-14,21:00:00,137.86,137.91,137.71,137.79,1515,0
2017-07-14,22:00:00,137.86,138.01,137.41,137.71,18264,0
2017-07-17,16:00:00,137.76,138.16,137.16,137.86,2114,0
2017-07-17,17:00:00,137.24,137.96,137.11,137.66,3757,0
2017-07-17,18:00:00,137.46,137.66,137.19,137.41,3301,0
2017-07-17,19:00:00,137.51,137.81,137.46,137.7,2201,0
2017-07-17,20:00:00,137.76,137.91,137.66,137.86,1217,0
2017-07-17,21:00:00,138.09,138.21,137.76,137.76,2769,0
2017-07-17,22:00:00,137.91,138.06,137.31,137.81,22725,0
2017-07-18,16:00:00,137.71,138.11,137.01,137.66,2359,0
2017-07-18,17:00:00,137.36,137.61,136.36,137.06,2793,0
2017-07-18,18:00:00,136.96,137.26,136.96,137.21,610,0
2017-07-18,19:00:00,137.26,137.76,137.06,137.06,1393,0
2017-07-18,20:00:00,136.96,137.16,136.61,136.76,6871,0
2017-07-18,21:00:00,136.56,136.71,136.46,136.61,1770,0
2017-07-18,22:00:00,136.71,137.21,136.71,137.06,10336,0
2017-07-19,16:00:00,137.46,139.29,137.41,137.41,2035,0
2017-07-19,17:00:00,137.46,137.71,137.16,137.26,3545,0
2017-07-19,18:00:00,136.91,137.31,136.91,137.26,1500,0
2017-07-19,19:00:00,137.21,137.36,137.16,137.29,2053,0
2017-07-19,20:00:00,137.21,138.56,137.21,138.31,18227,0
2017-07-19,21:00:00,138.66,138.71,138.66,138.71,200,0
2017-07-19,22:00:00,138.54,138.54,138.06,138.41,13622,0
2017-07-20,16:00:00,138.71,138.71,138.71,138.71,297,0
2017-07-20,17:00:00,138.71,139.11,138.31,138.91,7902,0
2017-07-20,18:00:00,138.81,139.61,138.66,138.96,18311,0
2017-07-20,19:00:00,138.96,138.96,138.61,138.71,1421,0
2017-07-20,20:00:00,138.61,138.86,138.61,138.86,700,0
2017-07-20,21:00:00,139.06,139.16,139.01,139.16,1100,0
2017-07-20,22:00:00,139.16,139.41,138.96,139.06,5483,0
2017-07-21,16:00:00,139.86,140.46,139.86,140.46,8948,0
2017-07-21,17:00:00,139.71,141.01,139.71,140.99,5406,0
2017-07-21,18:00:00,141.06,141.31,140.96,141.06,3120,0
2017-07-21,19:00:00,140.86,140.91,140.56,140.61,1400,0
2017-07-21,20:00:00,140.49,140.81,140.26,140.81,2660,0
2017-07-21,21:00:00,141.01,141.16,140.71,141.16,2560,0
2017-07-21,22:00:00,141.06,141.06,140.71,140.91,23519,0
2017-07-24,16:00:00,140.66,140.66,138.96,139.46,2747,0
2017-07-24,17:00:00,139.51,139.56,139.01,139.56,4351,0
2017-07-24,18:00:00,139.71,140.16,139.56,140.16,1700,0
2017-07-24,19:00:00,139.76,139.76,139.41,139.71,3509,0
2017-07-24,20:00:00,139.61,140.46,139.51,140.46,1430,0
2017-07-24,21:00:00,140.41,140.86,140.31,140.56,2301,0
2017-07-24,22:00:00,140.86,140.86,140.56,140.61,10695,0
2017-07-25,16:00:00,141.01,141.01,140.61,140.61,846,0
2017-07-25,17:00:00,141.09,141.51,140.76,141.01,10024,0
2017-07-25,18:00:00,141.11,142.16,141.11,142.16,2781,0
2017-07-25,19:00:00,142.31,142.41,141.51,141.56,2219,0
2017-07-25,20:00:00,141.26,141.46,141.11,141.21,2073,0
2017-07-25,21:00:00,141.71,141.76,141.46,141.56,3214,0
2017-07-25,22:00:00,141.61,141.71,141.41,141.56,14325,0
2017-07-26,16:00:00,141.71,142.16,141.46,142.16,1407,0
2017-07-26,17:00:00,141.71,141.96,141.66,141.71,1300,0
2017-07-26,18:00:00,141.86,142.16,141.46,141.46,16884,0
2017-07-26,19:00:00,141.66,141.76,141.36,141.36,3127,0
2017-07-26,20:00:00,141.41,142.16,141.36,141.91,1801,0
2017-07-26,21:00:00,142.01,142.01,141.46,141.46,1288,0
2017-07-26,22:00:00,141.54,141.56,141.06,141.31,25527,0
2017-07-27,16:00:00,141.76,142.76,140.61,140.61,468,0
2017-07-27,17:00:00,140.51,141.51,140.51,141.51,3001,0
2017-07-27,18:00:00,141.71,142.01,141.34,141.46,1305,0
2017-07-27,19:00:00,141.46,141.51,140.64,140.86,5309,0
2017-07-27,20:00:00,141.34,141.61,140.94,141.21,6316,0
2017-07-27,21:00:00,141.36,141.71,141.21,141.36,3343,0
2017-07-27,22:00:00,141.26,141.51,141.01,141.46,12453,0
2017-07-28,16:00:00,141.16,142.51,141.16,142.36,1418,0
2017-07-28,17:00:00,142.43,142.56,141.61,142.36,1703,0
2017-07-28,18:00:00,142.26,142.31,141.66,142.11,3490,0
2017-07-28,19:00:00,141.81,142.01,141.81,141.91,1300,0
2017-07-28,20:00:00,141.86,142.09,141.86,142.06,1295,0
2017-07-28,21:00:00,142.36,142.56,142.36,142.51,563,0
2017-07-28,22:00:00,142.66,143.01,142.16,142.71,13000,0
2017-07-31,16:00:00,143.26,143.26,143.26,143.26,242,0
2017-07-31,17:00:00,142.66,142.66,142.36,142.41,1605,0
2017-07-31,18:00:00,142.51,142.56,142.26,142.46,1400,0
2017-07-31,19:00:00,142.26,142.26,142.06,142.06,600,0
2017-07-31,20:00:00,141.91,142.51,141.91,142.51,1229,0
2017-07-31,21:00:00,142.46,142.56,142.31,142.46,1100,0
2017-07-31,22:00:00,142.41,142.41,141.96,142.21,24449,0
2017-08-01,16:00:00,142.71,142.71,141.51,142.16,1497,0
2017-08-01,18:00:00,142.16,142.61,141.16,142.46,3636,0
2017-08-01,19:00:00,142.41,142.46,142.16,142.16,1525,0
2017-08-01,20:00:00,142.21,142.56,142.11,142.46,1108,0
2017-08-01,21:00:00,142.51,143.21,142.36,143.21,2827,0
2017-08-01,22:00:00,142.96,143.41,142.86,143.41,8639,0
2017-08-02,16:00:00,143.46,143.46,143.1,143.1,289,0
2017-08-02,17:00:00,142.21,142.41,142.01,142.06,1557,0
2017-08-02,18:00:00,141.91,142.36,141.76,142.06,1802,0
2017-08-02,19:00:00,142.11,142.11,141.81,141.91,2301,0
2017-08-02,20:00:00,141.76,141.79,141.76,141.79,200,0
2017-08-02,21:00:00,142.31,142.56,142.31,142.46,400,0
2017-08-02,22:00:00,142.56,142.66,142,142.06,14039,0
2017-08-03,16:00:00,142.11,142.11,141.96,142.01,553,0
2017-08-03,17:00:00,142.41,142.61,141.91,142.46,4941,0
2017-08-03,18:00:00,142.61,142.76,142.51,142.71,3936,0
2017-08-03,19:00:00,142.56,142.91,142.46,142.86,1400,0
2017-08-03,20:00:00,142.91,142.91,142.51,142.56,700,0
2017-08-03,21:00:00,142.33,143.01,142.33,142.86,1948,0
2017-08-03,22:00:00,143.11,143.11,142.56,143.06,10933,0
2017-08-04,16:00:00,143.41,143.71,143.36,143.41,459,0
2017-08-04,17:00:00,142.96,143.56,142.96,143.26,1305,0
2017-08-04,18:00:00,143.06,144.01,143.06,143.46,2605,0
2017-08-04,19:00:00,143.26,143.36,143.21,143.31,1310,0
2017-08-04,20:00:00,143.16,143.21,142.93,143.11,2026,0
2017-08-04,21:00:00,143.21,143.31,143.11,143.11,4205,0
2017-08-04,22:00:00,143.01,143.31,142.98,143.31,10175,0
2017-08-07,16:00:00,143.36,143.36,142.56,142.61,717,0
2017-08-07,17:00:00,141.84,142.26,141.56,141.56,2154,0
2017-08-07,18:00:00,141.46,141.66,140.96,141.36,1817,0
2017-08-07,19:00:00,141.46,141.76,141.46,141.76,200,0
2017-08-07,20:00:00,141.76,141.96,141.31,141.31,1157,0
2017-08-07,21:00:00,141.36,141.46,141.06,141.06,739,0
2017-08-07,22:00:00,141.26,141.61,141.26,141.46,12871,0
2017-08-08,16:00:00,141.21,141.21,141.21,141.21,203,0
2017-08-08,17:00:00,141.86,142.91,141.86,142.41,2503,0
2017-08-08,18:00:00,142.61,142.91,142.51,142.51,2209,0
2017-08-08,19:00:00,142.11,142.11,141.56,141.66,1046,0
2017-08-08,20:00:00,141.51,141.61,140.69,141.16,4995,0
2017-08-08,21:00:00,141.16,141.46,140.86,141.11,2920,0
2017-08-08,22:00:00,141.16,141.16,140.51,140.61,12905,0
2017-08-09,16:00:00,140.41,140.41,139.21,139.46,1274,0
2017-08-09,17:00:00,140.01,140.46,139.31,139.51,1723,0
2017-08-09,18:00:00,139.36,139.46,138.71,139.41,2451,0
2017-08-09,19:00:00,139.51,139.81,139.01,139.06,1329,0
2017-08-09,20:00:00,139.06,139.36,138.31,138.31,2618,0
2017-08-09,21:00:00,138.61,138.76,138.01,138.21,1754,0
2017-08-09,22:00:00,138.19,138.41,137.71,138.31,19433,0
2017-08-10,16:00:00,137.91,137.91,137.91,137.91,330,0
2017-08-10,17:00:00,137.28,138.76,137.28,137.41,1401,0
2017-08-10,18:00:00,137.56,138.31,137.11,138.26,1791,0
2017-08-10,19:00:00,137.67,138.61,137.66,137.86,1826,0
2017-08-10,20:00:00,138.06,138.36,137.71,137.86,1893,0
2017-08-10,21:00:00,137.61,138.96,137.61,138.76,6772,0
2017-08-10,22:00:00,138.66,139.16,138.41,138.41,22411,0
2017-08-11,16:00:00,137.31,137.31,136.66,137.01,8561,0
2017-08-11,17:00:00,137.11,138.21,137.11,137.48,2925,0
2017-08-11,18:00:00,137.41,137.51,136.86,137.26,4509,0
2017-08-11,19:00:00,137.06,137.56,136.71,136.96,5077,0
2017-08-11,20:00:00,137.16,137.16,136.61,136.61,2101,0
2017-08-11,21:00:00,136.56,137.34,136.16,137.16,6337,0
2017-08-11,22:00:00,137.01,137.46,136.36,137.06,15914,0
2017-08-14,16:00:00,137.86,140.26,137.86,140.26,765,0
2017-08-14,17:00:00,137.61,139.66,137.61,139.66,200,0
2017-08-14,19:00:00,138.56,139.66,138.41,139.26,3419,0
2017-08-14,20:00:00,139.26,139.66,138.94,139.56,1528,0
2017-08-14,21:00:00,139.71,140.01,139.51,140.01,2150,0
2017-08-14,22:00:00,139.96,140.26,139.71,139.91,21303,0
2017-08-15,16:00:00,140.11,140.11,140.11,140.11,247,0
2017-08-15,17:00:00,139.06,139.46,138.66,139.46,1076,0
2017-08-15,18:00:00,139.31,139.31,138.31,138.31,1303,0
2017-08-15,19:00:00,138.21,138.51,138.21,138.31,1051,0
2017-08-15,20:00:00,138.31,138.36,138.01,138.01,500,0
2017-08-15,21:00:00,138.11,138.31,138.11,138.31,300,0
2017-08-15,22:00:00,138.16,138.66,138.11,138.16,11700,0
2017-08-16,16:00:00,138.61,139.96,138.61,139.96,363,0
2017-08-16,17:00:00,139.51,139.76,139.21,139.56,2597,0
2017-08-16,18:00:00,139.11,139.66,139.06,139.06,1609,0
2017-08-16,19:00:00,139.31,139.41,139.11,139.11,1205,0
2017-08-16,20:00:00,139.11,139.44,138.66,139.44,2548,0
2017-08-16,21:00:00,139.51,139.51,138.36,138.76,1875,0
2017-08-16,22:00:00,138.81,138.81,138.31,138.76,9645,0
2017-08-17,16:00:00,138.51,138.66,137.94,137.94,416,0
2017-08-17,17:00:00,137.86,138.51,137.86,138.21,900,0
2017-08-17,18:00:00,138.51,139.11,138.21,138.36,1527,0
2017-08-17,19:00:00,138.16,138.66,137.96,138.56,1601,0
2017-08-17,20:00:00,138.51,138.51,137.91,138.06,800,0
2017-08-17,21:00:00,138.21,138.21,137.71,137.96,1631,0
2017-08-17,22:00:00,137.91,137.91,136.76,137.11,12879,0
2017-08-18,16:00:00,135.91,136.81,135.91,136.11,7198,0
2017-08-18,17:00:00,136.11,137.01,136.11,136.76,1244,0
2017-08-18,18:00:00,136.61,136.86,136.41,136.76,2320,0
2017-08-18,19:00:00,136.76,136.81,136.71,136.81,861,0
2017-08-18,20:00:00,136.61,137.06,136.41,136.86,2353,0
2017-08-18,21:00:00,137.11,137.41,137.06,137.26,800,0
2017-08-18,22:00:00,137.26,137.31,136.56,136.71,14922,0
2017-08-21,16:00:00,136.36,136.36,136.36,136.36,249,0
2017-08-21,17:00:00,136.58,137.74,136.46,136.46,500,0
2017-08-21,18:00:00,137.06,137.31,136.76,137.31,485,0
2017-08-21,19:00:00,136.51,137.41,136.51,137.41,2133,0
2017-08-21,20:00:00,137.56,137.76,137.51,137.51,500,0
2017-08-21,21:00:00,137.51,137.71,137.26,137.71,1100,0
2017-08-21,22:00:00,137.41,137.71,137.06,137.46,12545,0
2017-08-22,16:00:00,138.06,138.06,138.06,138.06,457,0
2017-08-22,17:00:00,138.06,138.06,137.36,137.46,672,0
2017-08-22,18:00:00,137.71,137.81,137.66,137.66,636,0
2017-08-22,19:00:00,138.01,138.06,137.41,137.91,2328,0
2017-08-22,20:00:00,138.06,138.56,138.06,138.06,2001,0
2017-08-22,21:00:00,137.71,138.46,137.71,138.46,900,0
2017-08-22,22:00:00,138.41,138.81,138.21,138.56,8926,0
2017-08-23,16:00:00,137.91,137.91,137.91,137.91,242,0
2017-08-23,17:00:00,137.46,138.36,137.06,137.06,903,0
2017-08-23,18:00:00,137.31,138.29,137.26,137.41,1901,0
2017-08-23,19:00:00,138.06,138.06,137.51,137.61,500,0
2017-08-23,20:00:00,137.81,138.11,137.16,137.66,3837,0
2017-08-23,21:00:00,137.36,138.46,137.36,138.46,1120,0
2017-08-23,22:00:00,138.41,138.66,137.76,137.91,8315,0
2017-08-24,16:00:00,138.06,138.06,137.04,138.06,1060,0
2017-08-24,17:00:00,137.66,138.51,137.49,138.51,2801,0
2017-08-24,18:00:00,137.81,138.49,137.31,138.49,900,0
2017-08-24,19:00:00,138.36,138.61,137.89,138.61,1842,0
2017-08-24,20:00:00,138.51,138.86,137.96,138.61,2201,0
2017-08-24,21:00:00,138.56,139.29,138.46,138.76,9756,0
2017-08-24,22:00:00,138.86,139.46,138.61,139.11,8777,0
2017-08-25,16:00:00,139.81,139.81,138.16,138.86,800,0
2017-08-25,17:00:00,138.61,139.19,138.11,138.36,2852,0
2017-08-25,18:00:00,139.01,139.01,138.06,138.06,398,0
2017-08-25,19:00:00,137.41,137.86,136.66,137.86,2246,0
2017-08-25,20:00:00,137.86,138.81,137.43,138.61,12745,0
2017-08-25,21:00:00,138.41,138.61,138.11,138.36,1400,0
2017-08-25,22:00:00,138.36,138.57,138.01,138.01,6319,0
2017-08-28,16:00:00,138.61,138.69,137.16,138.69,495,0
2017-08-28,17:00:00,138.86,139.04,137.76,138.29,3161,0
2017-08-28,18:00:00,138.41,138.41,137.06,137.06,1301,0
2017-08-28,19:00:00,137.11,137.91,137.01,137.26,2801,0
2017-08-28,20:00:00,138.01,138.01,136.81,137.26,3551,0
2017-08-28,21:00:00,137.26,138.46,137.26,138.46,900,0
2017-08-28,22:00:00,138.16,138.66,137.66,138.11,18493,0
2017-08-29,16:00:00,137.51,137.51,136.51,136.51,302,0
2017-08-29,17:00:00,137.46,137.59,136.96,137.26,1200,0
2017-08-29,18:00:00,137.37,138.16,137.11,137.16,6051,0
2017-08-29,19:00:00,137.76,138.26,137.56,138.26,1700,0
2017-08-29,20:00:00,138.41,138.71,138.36,138.56,700,0
2017-08-29,21:00:00,138.51,138.66,138.46,138.59,1689,0
2017-08-29,22:00:00,138.71,139.16,138.26,138.26,9863,0
2017-08-30,16:00:00,138.11,139.76,137.31,139.41,557,0
2017-08-30,17:00:00,138.61,139.61,138.61,139.41,800,0
2017-08-30,18:00:00,139.14,139.14,137.91,138.41,2562,0
2017-08-30,19:00:00,138.26,138.26,138.11,138.26,700,0
2017-08-30,20:00:00,138.31,138.96,138.31,138.31,19376,0
2017-08-30,21:00:00,138.41,138.91,138.41,138.91,1000,0
2017-08-30,22:00:00,138.91,139.44,138.86,139.11,5654,0
2017-08-31,16:00:00,139.26,139.26,139.26,139.26,248,0
2017-08-31,17:00:00,140.32,141.31,140.11,141.31,5157,0
2017-08-31,18:00:00,141.31,143.81,141.31,143.26,4322,0
2017-08-31,19:00:00,143.71,143.71,143.31,143.56,2912,0
2017-08-31,20:00:00,143.36,143.61,143.06,143.61,2704,0
2017-08-31,21:00:00,143.36,143.46,142.91,143.46,2027,0
2017-08-31,22:00:00,143.36,143.98,143.26,143.56,17142,0
2017-09-01,16:00:00,144.11,144.11,142.86,143.76,833,0
2017-09-01,17:00:00,143.01,143.01,143.01,143.01,100,0
2017-09-01,18:00:00,143.06,143.76,143.06,143.76,915,0
2017-09-01,19:00:00,143.66,144.21,143.6,144.03,1700,0
2017-09-01,20:00:00,144.11,144.81,144.11,144.81,4107,0
2017-09-01,21:00:00,144.61,144.61,144.06,144.26,1877,0
2017-09-01,22:00:00,144.16,144.36,144.06,144.26,9544,0
2017-09-05,16:00:00,143.96,144.56,142.76,144.46,541,0
2017-09-05,17:00:00,144.31,144.31,142.91,143.06,3301,0
2017-09-05,18:00:00,143.11,143.56,143.01,143.06,2532,0
2017-09-05,19:00:00,143.26,143.31,142.56,142.56,2401,0
2017-09-05,20:00:00,142.41,142.61,142.31,142.61,3947,0
2017-09-05,21:00:00,142.66,142.66,142.16,142.21,1951,0
2017-09-05,22:00:00,142.16,142.76,141.96,142.61,11194,0
2017-09-06,16:00:00,142.96,142.96,142.36,142.36,283,0
2017-09-06,17:00:00,142.76,143.16,142.26,143.01,3394,0
2017-09-06,18:00:00,142.86,142.91,142.36,142.71,2929,0
2017-09-06,19:00:00,142.56,142.61,142.11,142.11,1500,0
2017-09-06,20:00:00,142.16,142.71,142.16,142.46,2117,0
2017-09-06,21:00:00,142.56,142.81,142.26,142.31,1670,0
2017-09-06,22:00:00,142.61,142.71,142.16,142.26,11185,0
2017-09-07,16:00:00,142.45,142.45,141.1,141.3,494,0
2017-09-07,17:00:00,141.25,142.1,140.45,141.9,3553,0
2017-09-07,18:00:00,141.75,141.75,141.1,141.1,700,0
2017-09-07,19:00:00,140.65,141.1,140.6,140.6,300,0
2017-09-07,20:00:00,141.05,141.05,140.5,140.65,1340,0
2017-09-07,21:00:00,140.65,140.865,140.55,140.75,3977,0
2017-09-07,22:00:00,140.85,141.25,140.7,141.25,8503,0
2017-09-08,16:00:00,140.95,140.95,140.35,140.35,249,0
2017-09-08,17:00:00,140.2,140.275,140.2,140.275,200,0
2017-09-08,18:00:00,140.65,141.95,140.65,141.825,2131,0
2017-09-08,19:00:00,142,142,141.2071,141.3,921,0
2017-09-08,20:00:00,141.35,141.75,141.3,141.35,1400,0
2017-09-08,21:00:00,141.4,142.475,141.4,142.15,4752,0
2017-09-08,22:00:00,142.05,142.125,141.3,141.7,6868,0
2017-09-11,16:00:00,142.6,143.2,141.85,141.85,1013,0
2017-09-11,17:00:00,142.5,142.6,141.75,142,4079,0
2017-09-11,18:00:00,142.1,142.25,141.75,142,1853,0
2017-09-11,19:00:00,142.35,142.8,142.35,142.8,300,0
2017-09-11,20:00:00,142.75,143.5,142.55,143.35,8218,0
2017-09-11,21:00:00,143.45,143.75,143.45,143.5,963,0
2017-09-11,22:00:00,143.5,143.85,143.35,143.6,7006,0
2017-09-12,16:00:00,143.95,143.95,143.25,143.25,515,0
2017-09-12,17:00:00,143.25,143.8,142.95,143.2001,1538,0
2017-09-12,18:00:00,142.9501,143.9,142.8501,143.825,3754,0
2017-09-12,19:00:00,143.95,144.35,143.95,144.35,1400,0
2017-09-12,20:00:00,144.0501,144.2,143.7001,144.1,1726,0
2017-09-12,21:00:00,144,144,143.3501,143.3501,2295,0
2017-09-12,22:00:00,143.65,144,143.35,143.8,8893,0
2017-09-13,16:00:00,143.8,143.8,143.7,143.7,266,0
2017-09-13,17:00:00,143.7,143.875,143.5,143.5,2817,0
2017-09-13,18:00:00,143.3,143.6,142.95,143.45,1079,0
2017-09-13,19:00:00,143.6,143.95,143.35,143.95,600,0
2017-09-13,20:00:00,143.55,143.95,143.55,143.85,2989,0
2017-09-13,21:00:00,144,144.9,144,144.9,2507,0
2017-09-13,22:00:00,144.8,144.85,144.35,144.55,19813,0
2017-09-14,16:00:00,144.45,144.45,142.55,143.2,390,0
2017-09-14,17:00:00,142.405,144.05,142.405,144,1506,0
2017-09-14,18:00:00,143.7,144.425,143.7,144.425,1500,0
2017-09-14,19:00:00,144.35,144.5,144.2,144.375,1096,0
2017-09-14,20:00:00,144.2,144.25,143.85,143.85,1600,0
2017-09-14,21:00:00,143.85,144.125,143.85,144.1,2318,0
2017-09-14,22:00:00,143.95,144.6,143.6,144.55,20952,0
2017-09-15,16:00:00,144.9,144.9,143.6,143.6,26776,0
2017-09-15,17:00:00,143.55,143.8,142.85,142.85,2500,0
2017-09-15,18:00:00,143.5,144.2,143.25,143.75,2106,0
2017-09-15,19:00:00,143.65,143.9,143.55,143.812,3339,0
2017-09-15,20:00:00,143.85,144,143.75,143.75,700,0
2017-09-15,21:00:00,143.35,144.675,143.35,144.3219,1800,0
2017-09-15,22:00:00,144.1,145.3,144.1,145.15,15959,0
2017-09-18,16:00:00,145.25,145.85,145.25,145.75,881,0
2017-09-18,17:00:00,145.1,145.1,144.3892,144.3892,200,0
2017-09-18,18:00:00,144.2,144.9,144.2,144.9,2202,0
2017-09-18,19:00:00,144.95,145.8,144.95,145.8,800,0
2017-09-18,20:00:00,145.6,145.95,145.5,145.75,3115,0
2017-09-18,21:00:00,145.8359,145.8359,145.1,145.5,2704,0
2017-09-18,22:00:00,145.4,145.8,145.4,145.7,8587,0
2017-09-19,16:00:00,145.7,146.75,145.7,146.625,1052,0
2017-09-19,17:00:00,146.15,146.8,145.45,146.3,3818,0
2017-09-19,18:00:00,146.2,146.2,145.55,146,1401,0
2017-09-19,19:00:00,145.8,145.8,145.6,145.6,2937,0
2017-09-19,20:00:00,145.75,145.8,145.4,145.45,1100,0
2017-09-19,21:00:00,145.6,145.8,145.5,145.65,1751,0
2017-09-19,22:00:00,145.6,145.9,145.4,145.9,14504,0
2017-09-20,16:00:00,146.2,146.8,146.2,146.8,476,0
2017-09-20,17:00:00,146.6,146.9,146,146.7,2550,0
2017-09-20,18:00:00,147,147.3,146.55,146.7,2809,0
2017-09-20,19:00:00,146.8,147.45,146.8,147.45,2009,0
2017-09-20,20:00:00,147.4,147.55,146.8,147.55,1803,0
2017-09-20,21:00:00,147.45,147.475,146.55,147.475,2367,0
2017-09-20,22:00:00,147.25,147.325,146,146.4,16959,0
2017-09-21,16:00:00,146.3,146.3,145.375,145.375,580,0
2017-09-21,17:00:00,145.1,145.7,145.1,145.6,1254,0
2017-09-21,18:00:00,145.6,146.05,145.6,145.7,1300,0
2017-09-21,19:00:00,145.75,145.75,145.025,145.05,2000,0
2017-09-21,20:00:00,144.85,145.2,144.75,144.8,1500,0
2017-09-21,21:00:00,144.775,145,144.35,144.8,3242,0
2017-09-21,22:00:00,144.55,145.1,144.55,144.75,9748,0
2017-09-22,16:00:00,144.8,146.4598,144.75,145.05,971,0
2017-09-22,17:00:00,145,145,143.8,143.8,4025,0
2017-09-22,18:00:00,144.1,144.4,143.65,144.2,2000,0
2017-09-22,19:00:00,143.75,144.45,143.75,144.25,3408,0
2017-09-22,20:00:00,144.225,144.75,144.05,144.7,3100,0
2017-09-22,21:00:00,144.65,144.8,144.25,144.35,3249,0
2017-09-22,22:00:00,144.4,144.55,143.9,144.15,33527,0
2017-09-25,16:00:00,144,145,144,145,587,0
2017-09-25,17:00:00,144.9,145.8,144.65,145.65,1405,0
2017-09-25,18:00:00,145.45,145.45,145.2,145.2,794,0
2017-09-25,19:00:00,145.35,145.35,144.8,145.25,1100,0
2017-09-25,20:00:00,145.35,145.7,145.35,145.7,1337,0
2017-09-25,21:00:00,145.75,146.05,145.75,145.85,2500,0
2017-09-25,22:00:00,145.8,146,145.45,146,17020,0
2017-09-26,16:00:00,146.2,146.95,146.2,146.95,465,0
2017-09-26,17:00:00,146.65,146.85,146.05,146.6,1900,0
2017-09-26,18:00:00,146.65,146.9,146.2,146.2,1608,0
2017-09-26,19:00:00,146.3001,146.75,146.2,146.75,1000,0
2017-09-26,20:00:00,146.7,147.65,146.45,147.65,2100,0
2017-09-26,21:00:00,147.9,147.9,147.45,147.7,1000,0
2017-09-26,22:00:00,147.6,148.25,147.5,147.8,13014,0
2017-09-27,16:00:00,147.8,148.75,147.7,148.75,2918,0
2017-09-27,17:00:00,148.9,148.95,147.35,147.35,4126,0
2017-09-27,18:00:00,147.75,148.5,147.6,147.6,3501,0
2017-09-27,19:00:00,147.75,149.7,147.75,149.65,4810,0
2017-09-27,20:00:00,149.85,151.95,149.75,151.325,3434,0
2017-09-27,21:00:00,151.45,152.65,151.15,152.6,6166,0
2017-09-27,22:00:00,152.65,152.95,151.35,151.55,23008,0
2017-09-28,16:00:00,151.25,151.6,151,151.15,700,0
2017-09-28,17:00:00,150.5052,150.75,149.35,149.35,2003,0
2017-09-28,18:00:00,149.35,150.05,149.35,149.825,2590,0
2017-09-28,19:00:00,149.825,151.3,149.825,151.25,3000,0
2017-09-28,20:00:00,151.75,151.75,150.5,150.55,6207,0
2017-09-28,21:00:00,150.6,150.85,150.2,150.55,2532,0
2017-09-28,22:00:00,150.6,150.7,149.95,150.45,9952,0
2017-09-29,16:00:00,150.45,150.45,150.45,150.45,173,0
2017-09-29,17:00:00,151.55,151.55,150.65,151.3,400,0
2017-09-29,18:00:00,151,151.05,150.85,151,900,0
2017-09-29,19:00:00,151.2,151.45,150.85,150.85,900,0
2017-09-29,20:00:00,151.2,151.3,151,151.3,1688,0
2017-09-29,21:00:00,151.05,151.55,151.05,151.55,2536,0
2017-09-29,22:00:00,151.6875,151.6875,151.15,151.5,29262,0
2017-10-02,16:00:00,151.2,151.2,149.9503,150.2345,2228,0
2017-10-02,17:00:00,151.6,152.3,151.5,151.65,1712,0
2017-10-02,18:00:00,151.15,152.3,151.1,151.7,1312,0
2017-10-02,19:00:00,151.8,153,151.8,153,2205,0
2017-10-02,20:00:00,153.8,153.9,153.275,153.9,1428,0
2017-10-02,21:00:00,153.9,154.2,153.05,153.25,7558,0
2017-10-02,22:00:00,153.3,154,153.25,153.9,13637,0
2017-10-03,16:00:00,153.85,154.25,152.96,153.85,1906,0
2017-10-03,17:00:00,153.8,154,153.475,153.95,3504,0
2017-10-03,18:00:00,153.9,154,153.5508,153.65,1600,0
2017-10-03,19:00:00,153.64,153.85,153.0511,153.3,1100,0
2017-10-03,20:00:00,153.4,154.6,153.3,154.6,3107,0
2017-10-03,21:00:00,154.6,154.9,154.47,154.9,2800,0
2017-10-03,22:00:00,154.9,155,154.6,154.8,13972,0
2017-10-04,16:00:00,154.9,154.9,154.85,154.85,505,0
2017-10-04,17:00:00,154.5,154.75,154.5,154.75,200,0
2017-10-04,18:00:00,154.45,155.1,154.1,154.9,2608,0
2017-10-04,19:00:00,155.1,155.25,154.8,154.8,724,0
2017-10-04,20:00:00,154.6,155.05,154.6,154.7858,894,0
2017-10-04,21:00:00,154.625,155.6,154.55,155.6,3486,0
2017-10-04,22:00:00,155.425,155.45,154.7,154.8,11192,0
2017-10-05,16:00:00,155,157.35,155,157.35,1463,0
2017-10-05,17:00:00,155.4,155.55,154.9,154.9,1950,0
2017-10-05,18:00:00,155.05,155.8,154.8,155.525,1900,0
2017-10-05,19:00:00,155.55,155.75,155.3,155.6,4557,0
2017-10-05,20:00:00,155.3,155.5,155.05,155.4,1800,0
2017-10-05,21:00:00,155.4,155.4,154.95,155.35,5524,0
2017-10-05,22:00:00,155.5,155.5,154.9,155.05,7135,0
2017-10-06,16:00:00,154.85,157.55,154.85,157.55,1305,0
2017-10-06,17:00:00,156.425,156.425,155.1,155.2,2613,0
2017-10-06,18:00:00,155.1,155.1,154.85,154.875,586,0
2017-10-06,19:00:00,154.9,155.6,154.55,155.6,2054,0
2017-10-06,20:00:00,155.4,155.4,155.15,155.15,698,0
2017-10-06,21:00:00,154.5,155.25,154.5,155.25,812,0
2017-10-06,22:00:00,154.8,156.35,154.8,156.2,12404,0
2017-10-09,17:00:00,155.7,156.1,155.7,156.1,900,0
2017-10-09,18:00:00,155.85,156,155.65,155.95,900,0
2017-10-09,19:00:00,155.85,155.85,155.4,155.45,900,0
2017-10-09,20:00:00,155.85,156,155.65,155.65,1700,0
2017-10-09,21:00:00,155.55,155.8,155.3,155.6,2328,0
2017-10-09,22:00:00,155.5,156.35,155.4,156.25,10414,0
2017-10-10,16:00:00,157.2,157.2,156.6,156.6,506,0
2017-10-10,17:00:00,156.3,156.35,155.55,155.6,1300,0
2017-10-10,18:00:00,155.75,156.25,155.65,156.25,3535,0
2017-10-10,19:00:00,156,156,155.6,155.6,1600,0
2017-10-10,20:00:00,155.725,155.85,155.55,155.65,600,0
2017-10-10,21:00:00,155.6,155.75,155.4,155.45,1400,0
2017-10-10,22:00:00,155.7,156.25,155.575,156.2,16172,0
2017-10-11,16:00:00,156.6,156.6,156.472,156.472,523,0
2017-10-11,17:00:00,156.35,156.7,156.15,156.4,2414,0
2017-10-11,18:00:00,156.4,156.55,156.3,156.3,503,0
2017-10-11,19:00:00,156.4,156.75,156.25,156.4,1100,0
2017-10-11,20:00:00,156.5,156.5,156.4,156.4,300,0
2017-10-11,21:00:00,156.65,157.125,156.2,157.1,3815,0
2017-10-11,22:00:00,156.85,157.05,156.3,156.5,17369,0
2017-10-12,16:00:00,156.85,157.075,156.4,157.075,778,0
2017-10-12,17:00:00,157.15,157.3,156.65,156.9,2477,0
2017-10-12,18:00:00,157,157.15,156.1,156.1,2700,0
2017-10-12,19:00:00,156.05,156.2,155.9,156.05,2000,0
2017-10-12,20:00:00,156,156.025,155.6,155.7,2700,0
2017-10-12,21:00:00,156,157.35,156,157.3,3734,0
2017-10-12,22:00:00,157.15,157.15,156.5,156.85,17002,0
2017-10-13,16:00:00,157.7,158,157.7,158,575,0
2017-10-13,17:00:00,157.875,158.05,157.4,157.4,1827,0
2017-10-13,18:00:00,157.075,157.55,156.9,156.9,895,0
2017-10-13,19:00:00,156.75,156.95,156.7,156.725,800,0
2017-10-13,20:00:00,156.6,156.85,156.6,156.85,500,0
2017-10-13,21:00:00,157,157.0975,156.5,156.95,3200,0
2017-10-13,22:00:00,157.05,157.4,156.8,157,30171,0
2017-10-16,16:00:00,157.45,158.4,157.45,158,1205,0
2017-10-16,17:00:00,158.15,158.7,156.65,157.05,2708,0
2017-10-16,18:00:00,156.65,156.75,156.5,156.65,1496,0
2017-10-16,19:00:00,156.7,157.4,156.15,156.9,6107,0
2017-10-16,20:00:00,156.85,157.55,156.85,157.2,2418,0
2017-10-16,21:00:00,157.1,157.15,156.5,156.975,1850,0
2017-10-16,22:00:00,157.05,157.35,157.05,157.1,12170,0
2017-10-17,16:00:00,157.3,157.9,157.3,157.9,568,0
2017-10-17,17:00:00,157.15,157.15,156.75,156.95,1901,0
2017-10-17,18:00:00,157,157.6,157,157.1,1846,0
2017-10-17,19:00:00,157.15,157.3,155.95,155.95,10587,0
2017-10-17,20:00:00,155.95,155.95,155.15,155.15,2134,0
2017-10-17,21:00:00,155.25,155.45,155.05,155.15,3228,0
2017-10-17,22:00:00,154.95,156.2,154.35,155.25,29040,0
2017-10-18,16:00:00,157.95,157.95,149.15,152.875,7759,0
2017-10-18,17:00:00,153.45,157.6,152.0483,157.525,5976,0
2017-10-18,18:00:00,157.95,160.05,157.95,159.45,2533,0
2017-10-18,19:00:00,159.425,159.9,159.2,159.625,5159,0
2017-10-18,20:00:00,159.9,160.625,159.7,160.5,5758,0
2017-10-18,21:00:00,160.5,160.6,158.75,159.15,5111,0
2017-10-18,22:00:00,159,159,156.9,157.3,15612,0
2017-10-19,16:00:00,156.45,156.45,156.15,156.3,2620,0
2017-10-19,17:00:00,156.4999,156.9741,155.81,156.45,4926,0
2017-10-19,18:00:00,156.7462,156.825,156.45,156.45,2418,0
2017-10-19,19:00:00,156.1,156.3,155.9,156.05,1222,0
2017-10-19,20:00:00,156.1,156.4499,155.95,156.3499,1415,0
2017-10-19,21:00:00,156.15,156.3,155.25,156.3,2703,0
2017-10-19,22:00:00,155.975,155.975,155.3,155.55,15892,0
2017-10-20,16:00:00,156.15,156.175,156.15,156.175,200,0
2017-10-20,17:00:00,156.125,157.05,156.125,156.6,5332,0
2017-10-20,18:00:00,156.75,156.75,156.1,156.55,2400,0
2017-10-20,19:00:00,156.65,156.65,156.1,156.65,2100,0
2017-10-20,20:00:00,156.5,157.075,156.5,156.65,1527,0
2017-10-20,21:00:00,156.7,156.9,156.35,156.35,1657,0
2017-10-20,22:00:00,156.6347,156.6347,155.65,155.95,9396,0
2017-10-23,16:00:00,155.8,155.8,154.6,154.6,1029,0
2017-10-23,17:00:00,155.8,157.45,153.95,157.45,1880,0
2017-10-23,18:00:00,156.7,156.7,155.625,156.6,1600,0
2017-10-23,19:00:00,156.8,156.95,156,156.75,1600,0
2017-10-23,20:00:00,157.05,157.05,156.6,156.7,1120,0
2017-10-23,21:00:00,156.4,156.8,156.3,156.5,1900,0
2017-10-23,22:00:00,156.35,156.35,155.75,156.05,18580,0
2017-10-24,16:00:00,156.55,157.45,156.3,157,1215,0
2017-10-24,17:00:00,157.55,157.75,156.6,157.5,4000,0
2017-10-24,18:00:00,157.35,157.35,156.55,156.7,1602,0
2017-10-24,19:00:00,156.85,157.397,156.85,157.1,2396,0
2017-10-24,20:00:00,157.05,157.4,157.05,157.275,1489,0
2017-10-24,21:00:00,157.0337,157.05,156.75,156.8,2114,0
2017-10-24,22:00:00,156.55,156.55,156,156.15,12453,0
2017-10-25,16:00:00,155.65,155.9,153.9175,155.6,2037,0
2017-10-25,17:00:00,154.6,155.9,154.6,155.69,1901,0
2017-10-25,18:00:00,155.9,155.9,155.35,155.6,1311,0
2017-10-25,19:00:00,155.05,155.75,155,155.75,1396,0
2017-10-25,20:00:00,155.8,156.45,155.75,156.45,2179,0
2017-10-25,21:00:00,156.4,157.15,156.4,156.65,1865,0
2017-10-25,22:00:00,156.75,157.2,156,157.2,19401,0
2017-10-26,16:00:00,156.9,160.7,156.9,160.4001,14505,0
2017-10-26,17:00:00,160.625,162.4,159.65,160.85,13339,0
2017-10-26,18:00:00,161.45,161.984,159.65,160.3,10048,0
2017-10-26,19:00:00,159.45,160.15,159.45,160,1380,0
2017-10-26,20:00:00,159.4,161.2,159.4,160.65,800,0
2017-10-26,21:00:00,161.75,162.25,161.2619,162.25,1000,0
2017-10-26,22:00:00,162.25,162.25,160.65,161.2,19486,0
2017-10-27,16:00:00,159.7,159.7,159.475,159.475,600,0
2017-10-27,17:00:00,158.975,159.3,158.5,159.05,3041,0
2017-10-27,18:00:00,159.35,159.95,158.8,159.95,5350,0
2017-10-27,19:00:00,160,161.75,160,160.65,8684,0
2017-10-27,20:00:00,159.8,161.275,159.6,160.95,2301,0
2017-10-27,21:00:00,160.8,160.9,160.65,160.75,700,0
2017-10-27,22:00:00,160.75,161.125,160.15,160.8,12461,0
2017-10-30,15:00:00,159.6,159.6,159.05,159.05,200,0
2017-10-30,16:00:00,158.9673,158.9673,158.6501,158.6501,423,0
2017-10-30,17:00:00,159.3,159.3,157.05,157.6,5281,0
2017-10-30,18:00:00,157.1,157.35,156.85,157,1780,0
2017-10-30,19:00:00,157.1,157.1,155.5,155.5,1689,0
2017-10-30,20:00:00,155.55,156.4,155.45,156.4,1458,0
2017-10-30,21:00:00,156.1,156.7,156,156.45,10806,0
2017-10-31,15:00:00,155.5,156.5,155.5,156.5,300,0
2017-10-31,16:00:00,157.75,158.55,157.45,157.7,17118,0
2017-10-31,17:00:00,157.9,158,157.8,157.85,1454,0
2017-10-31,18:00:00,157.75,158.05,157.7,158,3095,0
2017-10-31,19:00:00,158.025,158.75,157.55,158.75,2211,0
2017-10-31,20:00:00,158.55,158.55,158.05,158.325,2400,0
2017-10-31,21:00:00,158.35,158.8,157.5,157.5,28965,0
2017-11-01,15:00:00,158.3,158.4,157.925,158.1,2286,0
2017-11-01,16:00:00,158,158.9,157.55,157.55,2740,0
2017-11-01,17:00:00,157.5,157.5,155.85,156.5,3947,0
2017-11-01,18:00:00,156.55,156.55,155.3,155.3,1600,0
2017-11-01,19:00:00,155.35,155.85,154.95,155.15,2705,0
2017-11-01,20:00:00,155.425,156.45,155.425,156.2,4124,0
2017-11-01,21:00:00,155.95,156.1,155.45,155.5,14935,0
2017-11-02,15:00:00,155.3,155.3,155.3,155.3,300,0
2017-11-02,16:00:00,155.6,156.4,155.6,155.85,2924,0
2017-11-02,17:00:00,155.85,156.8,155.35,155.55,600,0
2017-11-02,18:00:00,155.55,157.25,155.55,156.7,1200,0
2017-11-02,19:00:00,156.2,156.95,156.2,156.85,1000,0
2017-11-02,20:00:00,156.55,157.75,156.55,157.75,1900,0
2017-11-02,21:00:00,157.35,157.8,157.25,157.45,7175,0
2017-11-03,15:00:00,157.3,157.3,157.3,157.3,417,0
2017-11-03,16:00:00,156.55,157.1,156.55,157.1,2396,0
2017-11-03,17:00:00,157.125,157.25,156.5,156.75,2150,0
2017-11-03,18:00:00,156.65,157.1,156.5,156.75,1377,0
2017-11-03,19:00:00,156.8,157.3,156.451,157.075,2700,0
2017-11-03,20:00:00,157.1,157.1,156.75,156.95,1100,0
2017-11-03,21:00:00,156.65,157,156.5,156.95,11769,0
2017-11-06,16:00:00,156.2,156.95,156.2,156.725,839,0
2017-11-06,17:00:00,156.75,157.15,156.75,157.15,800,0
2017-11-06,18:00:00,157.05,157.05,155.75,156.525,6237,0
2017-11-06,19:00:00,156.9,157.7,156.25,156.9,500,0
2017-11-06,20:00:00,157.1,157.1,155.5,155.5,545,0
2017-11-06,21:00:00,155.825,156.75,155.825,156,1600,0
2017-11-06,22:00:00,156.3,156.8,155.95,156.35,8178,0
2017-11-07,16:00:00,156.2,156.2,155.55,155.55,261,0
2017-11-07,17:00:00,156.1,156.875,155.65,156.875,1700,0
2017-11-07,19:00:00,154.3,154.775,154.05,154.413,1000,0
2017-11-07,20:00:00,154.6,155.85,154.25,155.6,18055,0
2017-11-07,21:00:00,155.6,155.65,154.45,154.8,1800,0
2017-11-07,22:00:00,154.85,155,154.25,155,8368,0
2017-11-08,16:00:00,154.25,155.45,154.25,155.45,1019,0
2017-11-08,17:00:00,155.45,155.45,152.7,152.7,500,0
2017-11-08,18:00:00,153.325,153.325,153.25,153.25,2456,0
2017-11-08,19:00:00,153.325,153.65,153.025,153.55,3200,0
2017-11-08,20:00:00,153.95,154.95,153.575,153.6,5532,0
2017-11-08,21:00:00,153.625,155.15,153.1,153.5,5618,0
2017-11-08,22:00:00,153.5,155.25,153.25,153.45,13902,0
2017-11-09,16:00:00,151.6,151.6,151.6,151.6,100,0
2017-11-09,17:00:00,151.775,153,151.02,151.75,13870,0
2017-11-09,18:00:00,151.95,152.05,150.6,150.6,2500,0
2017-11-09,19:00:00,151.4,151.4,150.15,150.65,2300,0
2017-11-09,20:00:00,150.45,151.4,150.3,151.3,3200,0
2017-11-09,21:00:00,151.1,151.3,150.85,150.85,1935,0
2017-11-09,22:00:00,150.975,151.25,150.6,151,14047,0
2017-11-10,16:00:00,150.25,150.4,149,149,2793,0
2017-11-10,17:00:00,150.05,150.45,149.85,150.15,2300,0
2017-11-10,18:00:00,149.9501,150.2,149.9,150,4497,0
2017-11-10,19:00:00,150,150.35,149.85,149.85,2400,0
2017-11-10,20:00:00,149.65,151.2,149.65,151.2,2000,0
2017-11-10,21:00:00,150.45,150.95,149.9,150.4,7829,0
2017-11-10,22:00:00,150.25,150.6,149.55,149.8,26001,0
2017-11-13,16:00:00,149.45,150.9,149.45,150.2,27200,0
2017-11-13,17:00:00,150.2,150.55,149.45,150,22316,0
2017-11-13,18:00:00,149.95,151.55,149.925,151.5,30994,0
2017-11-13,19:00:00,151.75,152.8,150.2,152.65,11761,0
2017-11-13,20:00:00,152.725,152.75,152.2,152.2,10335,0
2017-11-13,21:00:00,152.525,152.8,151.7,152.125,12243,0
2017-11-13,22:00:00,151.95,151.95,150.95,151,42829,0
2017-11-14,16:00:00,151,152.4,150.85,151.55,1579,0
2017-11-14,17:00:00,151.25,151.9,151,151.9,8114,0
2017-11-14,18:00:00,151.5,152.1,151.5,151.95,11105,0
2017-11-14,19:00:00,151.95,152.3,151.45,151.6,4304,0
2017-11-14,20:00:00,151.7,152.2,151.65,152,5627,0
2017-11-14,21:00:00,152.25,153.65,151.95,152.45,15131,0
2017-11-14,22:00:00,152.45,152.9,152.05,152.75,21003,0
2017-11-15,16:00:00,152.15,153.2,151.45,151.4504,5130,0
2017-11-15,17:00:00,152.4,153.6,152.35,153.25,9950,0
2017-11-15,18:00:00,153.35,153.575,152.7,152.9,1600,0
2017-11-15,19:00:00,153.025,153.025,152.85,152.85,200,0
2017-11-15,20:00:00,152.7,153.1,152.7,152.9,2275,0
2017-11-15,21:00:00,152.9,153.5,152.85,153.2,1585,0
2017-11-15,22:00:00,153,153.05,151.9,152.1,17870,0
2017-11-16,16:00:00,152.65,153.7,152.65,153.35,1835,0
2017-11-16,17:00:00,153.2,154.65,153.2,153.7,2900,0
2017-11-16,18:00:00,153.5,154.45,153.35,153.65,3529,0
2017-11-16,19:00:00,153.65,154.35,153.35,153.9,3500,0
2017-11-16,20:00:00,154.025,154.5,152.425,152.5,20491,0
2017-11-16,21:00:00,152.85,153.5,152.15,152.8,2500,0
2017-11-16,22:00:00,153,153.9,152.75,153.85,14473,0
2017-11-17,16:00:00,153.1,153.5,152.9,153.025,4420,0
2017-11-17,17:00:00,153.5,154.4,153.25,154.25,1800,0
2017-11-17,18:00:00,153.5,153.9,153.125,153.7,7611,0
2017-11-17,19:00:00,153.95,154.45,153.8,153.95,7600,0
2017-11-17,20:00:00,153.975,154.6,153.95,153.95,4739,0
2017-11-17,21:00:00,154,154.125,153.55,154,2201,0
2017-11-17,22:00:00,154,154.15,153.55,153.7,17311,0
2017-11-20,16:00:00,153.45,153.9,150.25,152.75,1366,0
2017-11-20,17:00:00,151.8,153.8,151.8,153.8,39094,0
2017-11-20,18:00:00,153.95,153.95,153.1,153.1,2300,0
2017-11-20,19:00:00,153.5,154.175,153.35,154.175,15463,0
2017-11-20,20:00:00,154.325,154.35,154,154.125,7712,0
2017-11-20,21:00:00,154.05,154.2,153.6,154,4000,0
2017-11-20,22:00:00,154.2,154.2,153.65,154.1,26743,0
2017-11-21,16:00:00,154.9,154.9,153.1,154,2884,0
2017-11-21,17:00:00,154.3,154.95,154,154.825,9696,0
2017-11-21,18:00:00,155.25,155.5,154.7,155.05,4600,0
2017-11-21,19:00:00,154.7501,155.15,154.65,154.675,5105,0
2017-11-21,20:00:00,155,155,154.5,154.65,7198,0
2017-11-21,21:00:00,154.55,155.1,154.55,155.1,4500,0
2017-11-21,22:00:00,155.1,155.3,154.1,155,31929,0
2017-11-22,16:00:00,155,155,151.95,153.55,1570,0
2017-11-22,17:00:00,152.7,154.45,152.7,154.2,4133,0
2017-11-22,18:00:00,154.325,154.8,153.95,154.65,3832,0
2017-11-22,19:00:00,155.3,155.85,155.05,155.75,2690,0
2017-11-22,20:00:00,155.85,156.15,155.6,155.675,2630,0
2017-11-22,21:00:00,155.85,157,155.775,156.55,5341,0
2017-11-22,22:00:00,156.55,157.1,156.15,156.5,16939,0
2017-11-24,16:00:00,157,157,156.85,156.85,1127,0
2017-11-24,17:00:00,157.05,157.05,156.2,156.525,1400,0
2017-11-24,18:00:00,156.45,156.8,155.95,156.2,3112,0
2017-11-24,19:00:00,156.7,157.7,156.65,157.55,5535,0
2017-11-24,20:00:00,157.55,157.55,157.55,157.55,3185,0
2017-11-27,16:00:00,157.15,157.15,157.15,157.15,249,0
2017-11-27,17:00:00,157.15,159.25,157.15,158,2978,0
2017-11-27,18:00:00,157.9,159.6,157.9,158.025,4677,0
2017-11-27,19:00:00,158,158.45,157.95,158.45,1500,0
2017-11-27,20:00:00,158.45,158.85,158.05,158.05,5026,0
2017-11-27,21:00:00,158.05,158.5,157.85,158.325,2652,0
2017-11-27,22:00:00,158.25,159.1,157.85,157.9,22208,0
2017-11-28,16:00:00,158.6,160.1247,158.6,159.9,673,0
2017-11-28,17:00:00,159.95,159.95,158.575,158.575,3845,0
2017-11-28,18:00:00,158.7,161.45,158.7,161.45,2732,0
2017-11-28,19:00:00,160.6,161.675,159.25,159.3,4703,0
2017-11-28,20:00:00,159.25,161.2,158.65,159.3,4202,0
2017-11-28,21:00:00,159.05,159.45,158,159.2,8297,0
2017-11-28,22:00:00,159.05,161.45,158.95,161.45,17924,0
2017-11-29,16:00:00,161.7,161.7,160.225,161.45,2068,0
2017-11-29,17:00:00,161.45,162.75,161.45,162.1,13270,0
2017-11-29,18:00:00,162,162.3,161.45,161.8,8347,0
2017-11-29,19:00:00,161.85,161.95,160.9,161.5,3500,0
2017-11-29,20:00:00,161.25,161.25,160.35,160.35,1077,0
2017-11-29,21:00:00,161.2,161.5,160,160,5954,0
2017-11-29,22:00:00,160.35,161.8,160.35,161.4,18212,0
2017-11-30,16:00:00,162.3,162.3,162.3,162.3,424,0
2017-11-30,17:00:00,163,163,162.05,162.05,2559,0
2017-11-30,18:00:00,162.55,163.05,162,162.3,1600,0
2017-11-30,19:00:00,162.35,163.65,162.05,163.65,2850,0
2017-11-30,20:00:00,163.8,163.9,162.5,162.5625,6613,0
2017-11-30,21:00:00,162.5,162.55,162.1,162.1,2700,0
2017-11-30,22:00:00,162,163.8,161.75,163.5,38181,0
2017-12-01,16:00:00,163.3,164.3,162,163.175,1310,0
2017-12-01,17:00:00,163.125,163.7,162.25,162.3,8072,0
2017-12-01,18:00:00,162.05,162.1,158.15,160.825,6016,0
2017-12-01,19:00:00,161.85,163.6,161.15,163.1,5445,0
2017-12-01,20:00:00,162.725,163.55,162.35,163.3,5462,0
2017-12-01,21:00:00,163.1,163.5,162.65,162.9,5120,0
2017-12-01,22:00:00,162.75,163.95,162.65,163.85,22630,0
2017-12-04,16:00:00,164.9,164.9,164.8801,164.8801,1089,0
2017-12-04,17:00:00,167.9,168.05,165.95,167.45,11775,0
2017-12-04,18:00:00,167.775,167.9,166.75,167.55,8600,0
2017-12-04,19:00:00,167.525,167.85,167.0011,167.65,3703,0
2017-12-04,20:00:00,167.25,167.95,166.8,167.75,12001,0
2017-12-04,21:00:00,167.4,167.9,166.75,167.15,10001,0
2017-12-04,22:00:00,167.125,167.2,165.9,166.05,14611,0
2017-12-05,16:00:00,166.05,166.05,165.025,165.65,2158,0
2017-12-05,17:00:00,165.45,165.6,164.75,164.95,1460,0
2017-12-05,18:00:00,165.2,165.45,164.275,164.275,3296,0
2017-12-05,19:00:00,164.275,164.65,163.6,164.65,4435,0
2017-12-05,20:00:00,164.9,165.4,164.3,164.775,2061,0
2017-12-05,21:00:00,165.2,165.25,164.4,164.65,3043,0
2017-12-05,22:00:00,164.45,165.35,164.25,164.5,21831,0
2017-12-06,16:00:00,164.35,165.75,164,165.15,2025,0
2017-12-06,17:00:00,165.3,165.55,164.2,164.75,4104,0
2017-12-06,18:00:00,164.85,164.85,164,164,6700,0
2017-12-06,19:00:00,164,165.7,163.975,165.65,5183,0
2017-12-06,20:00:00,165.1,165.35,165,165.1,700,0
2017-12-06,21:00:00,165.1,165.1,164.345,164.5,3600,0
2017-12-06,22:00:00,164.3,164.8,164,164,20883,0
