Date,Time,Open,High,Low,Close,Volume,OpenInt
2017-05-16,16:00:00,8.25,8.31,8.2,8.24,19336,0
2017-05-16,17:00:00,8.23,8.24,8.14,8.15,25902,0
2017-05-16,18:00:00,8.15,8.3,8.15,8.3,27004,0
2017-05-16,19:00:00,8.27,8.34,8.27,8.3,14859,0
2017-05-16,20:00:00,8.3,8.3,8.24,8.26,11496,0
2017-05-16,21:00:00,8.25,8.29,8.24,8.25,21074,0
2017-05-16,22:00:00,8.255,8.27,8.2,8.2,61932,0
2017-05-17,16:00:00,8.14,8.26,8.1,8.12,14577,0
2017-05-17,17:00:00,8.11,8.13,8.04,8.06,19942,0
2017-05-17,18:00:00,8.04,8.05,7.9758,8.02,15893,0
2017-05-17,19:00:00,8.02,8.04,7.95,7.97,10970,0
2017-05-17,20:00:00,7.97,8.03,7.97,7.99,25120,0
2017-05-17,21:00:00,7.99,8.03,7.96,8.03,18707,0
2017-05-17,22:00:00,8.03,8.11,8.03,8.03,32419,0
2017-05-18,16:00:00,7.97,8.15,7.88,7.88,19250,0
2017-05-18,17:00:00,7.89,7.99,7.88,7.93,37377,0
2017-05-18,18:00:00,7.94,8.03,7.94,8,30160,0
2017-05-18,19:00:00,8.02,8.03,7.9,7.9101,18082,0
2017-05-18,20:00:00,7.91,7.94,7.88,7.91,8837,0
2017-05-18,21:00:00,7.92,7.965,7.91,7.955,14165,0
2017-05-18,22:00:00,7.95,7.97,7.92,7.93,33101,0
2017-05-19,16:00:00,7.94,7.97,7.75,7.86,14380,0
2017-05-19,17:00:00,7.85,7.96,7.82,7.9,21185,0
2017-05-19,18:00:00,7.9134,7.9134,7.86,7.88,10013,0
2017-05-19,19:00:00,7.88,7.92,7.86,7.885,4750,0
2017-05-19,20:00:00,7.8905,7.93,7.87,7.88,34872,0
2017-05-19,21:00:00,7.89,7.9,7.845,7.88,9197,0
2017-05-19,22:00:00,7.88,7.88,7.72,7.74,74609,0
2017-05-22,16:00:00,7.74,7.97,7.7001,7.88,26132,0
2017-05-22,17:00:00,7.9,7.9,7.86,7.88,44346,0
2017-05-22,18:00:00,7.875,7.97,7.86,7.95,47771,0
2017-05-22,19:00:00,7.94,7.965,7.89,7.895,18302,0
2017-05-22,20:00:00,7.9,7.91,7.87,7.9,13999,0
2017-05-22,21:00:00,7.91,7.91,7.86,7.9,25008,0
2017-05-22,22:00:00,7.9,7.93,7.85,7.89,64891,0
2017-05-23,16:00:00,7.91,8,7.86,7.9,10811,0
2017-05-23,17:00:00,7.89,7.89,7.7,7.8,39918,0
2017-05-23,18:00:00,7.79,7.83,7.77,7.8,14623,0
2017-05-23,19:00:00,7.8,7.89,7.8,7.87,19515,0
2017-05-23,20:00:00,7.87,7.87,7.83,7.835,6792,0
2017-05-23,21:00:00,7.83,7.84,7.77,7.78,12800,0
2017-05-23,22:00:00,7.79,7.88,7.7725,7.87,91960,0
2017-05-24,16:00:00,7.87,8,7.86,7.94,24128,0
2017-05-24,17:00:00,7.94,8.175,7.93,8.1,35538,0
2017-05-24,18:00:00,8.11,8.13,7.98,8.03,23833,0
2017-05-24,19:00:00,8.03,8.03,7.98,8,22146,0
2017-05-24,20:00:00,8,8.07,8,8.05,36486,0
2017-05-24,21:00:00,8.05,8.07,7.96,8.04,36885,0
2017-05-24,22:00:00,8.04,8.04,8,8.01,69669,0
2017-05-25,16:00:00,8.1,8.28,8.05,8.28,36263,0
2017-05-25,17:00:00,8.26,8.27,8.19,8.2,20854,0
2017-05-25,18:00:00,8.2,8.23,8.19,8.19,18013,0
2017-05-25,19:00:00,8.19,8.25,8.19,8.24,18500,0
2017-05-25,20:00:00,8.23,8.29,8.19,8.23,123608,0
2017-05-25,21:00:00,8.225,8.34,8.22,8.28,50566,0
2017-05-25,22:00:00,8.29,8.31,8.25,8.25,58484,0
2017-05-26,16:00:00,8.23,8.35,7.78,8.21,14359,0
2017-05-26,17:00:00,8.19,8.31,8.15,8.27,33059,0
2017-05-26,18:00:00,8.25,8.36,8.23,8.25,30172,0
2017-05-26,19:00:00,8.245,8.32,8.24,8.305,18957,0
2017-05-26,20:00:00,8.295,8.32,8.245,8.25,24784,0
2017-05-26,21:00:00,8.25,8.26,8.15,8.21,14173,0
2017-05-26,22:00:00,8.2,8.26,8.2,8.25,82657,0
2017-05-30,16:00:00,8.25,8.34,8.2275,8.27,22341,0
2017-05-30,17:00:00,8.27,8.36,8.26,8.31,41609,0
2017-05-30,18:00:00,8.3,8.37,8.29,8.34,80016,0
2017-05-30,19:00:00,8.32,8.37,8.32,8.36,71677,0
2017-05-30,20:00:00,8.345,8.48,8.33,8.435,76317,0
2017-05-30,21:00:00,8.43,8.49,8.4,8.44,105168,0
2017-05-30,22:00:00,8.45,8.52,8.36,8.5,493938,0
2017-05-31,16:00:00,8.5,8.97,8.5,8.71,144580,0
2017-05-31,17:00:00,8.73,9.25,8.68,9.12,281212,0
2017-05-31,18:00:00,9.12,9.2,9.02,9.15,165296,0
2017-05-31,19:00:00,9.17,9.4,9.15,9.39,184408,0
2017-05-31,20:00:00,9.39,9.53,9.29,9.51,155163,0
2017-05-31,21:00:00,9.52,9.74,9.21,9.26,271982,0
2017-05-31,22:00:00,9.25,9.47,9.09,9.41,496531,0
2017-06-01,16:00:00,9.23,9.4,8.53,8.7599,111787,0
2017-06-01,17:00:00,8.8,8.92,8.74,8.78,147675,0
2017-06-01,18:00:00,8.78,8.86,8.76,8.85,64569,0
2017-06-01,19:00:00,8.85,8.87,8.76,8.775,65335,0
2017-06-01,20:00:00,8.78,8.84,8.75,8.77,89524,0
2017-06-01,21:00:00,8.765,8.83,8.76,8.77,69668,0
2017-06-01,22:00:00,8.775,8.78,8.485,8.74,382551,0
2017-06-02,16:00:00,8.73,8.748,8.5,8.54,53258,0
2017-06-02,17:00:00,8.54,8.82,8.54,8.73,66747,0
2017-06-02,18:00:00,8.73,8.78,8.6895,8.77,34610,0
2017-06-02,19:00:00,8.76,8.81,8.715,8.79,66115,0
2017-06-02,20:00:00,8.79,8.83,8.76,8.81,65651,0
2017-06-02,21:00:00,8.8,8.83,8.76,8.76,69418,0
2017-06-02,22:00:00,8.76,8.92,8.76,8.88,359949,0
2017-06-05,16:00:00,8.85,8.95,8.75,8.81,118593,0
2017-06-05,17:00:00,8.8,8.83,8.68,8.695,56581,0
2017-06-05,18:00:00,8.7,8.84,8.68,8.8,36746,0
2017-06-05,19:00:00,8.8,8.84,8.71,8.77,32143,0
2017-06-05,20:00:00,8.78,8.815,8.72,8.73,26572,0
2017-06-05,21:00:00,8.73,8.75,8.67,8.67,56572,0
2017-06-05,22:00:00,8.67,8.71,8.595,8.62,91212,0
2017-06-06,16:00:00,8.6,8.63,8.41,8.63,26444,0
2017-06-06,17:00:00,8.62,8.68,8.39,8.4,135258,0
2017-06-06,18:00:00,8.39,8.46,8.28,8.38,59766,0
2017-06-06,19:00:00,8.37,8.45,8.36,8.38,65512,0
2017-06-06,20:00:00,8.37,8.39,8.35,8.36,21051,0
2017-06-06,21:00:00,8.3581,8.43,8.34,8.39,31836,0
2017-06-06,22:00:00,8.39,8.39,8.3,8.33,99663,0
2017-06-07,16:00:00,8.39,8.43,8.26,8.38,41781,0
2017-06-07,17:00:00,8.4,8.44,8.31,8.34,15175,0
2017-06-07,18:00:00,8.3411,8.43,8.31,8.38,9598,0
2017-06-07,19:00:00,8.36,8.4,8.33,8.33,11338,0
2017-06-07,20:00:00,8.36,8.38,8.3,8.3325,28770,0
2017-06-07,21:00:00,8.32,8.38,8.32,8.345,30304,0
2017-06-07,22:00:00,8.34,8.36,8.32,8.35,155352,0
2017-06-08,16:00:00,8.4,8.59,8.34,8.54,31047,0
2017-06-08,17:00:00,8.55,8.63,8.54,8.62,33306,0
2017-06-08,18:00:00,8.63,8.66,8.59,8.59,20819,0
2017-06-08,19:00:00,8.595,8.6,8.54,8.58,25092,0
2017-06-08,20:00:00,8.58,8.59,8.554,8.59,13207,0
2017-06-08,21:00:00,8.58,8.59,8.49,8.49,25382,0
2017-06-08,22:00:00,8.5,8.5,8.42,8.43,67439,0
2017-06-09,16:00:00,8.43,8.54,8.37,8.48,17854,0
2017-06-09,17:00:00,8.46,8.65,8.4581,8.65,73285,0
2017-06-09,18:00:00,8.65,8.77,8.645,8.75,30854,0
2017-06-09,19:00:00,8.75,8.88,8.75,8.86,36541,0
2017-06-09,20:00:00,8.86,8.92,8.825,8.87,34410,0
2017-06-09,21:00:00,8.87,8.92,8.81,8.87,44714,0
2017-06-09,22:00:00,8.865,9,8.78,9,333882,0
2017-06-12,16:00:00,9.02,9.42,9.02,9.1,35311,0
2017-06-12,17:00:00,9.11,9.32,9.07,9.23,47336,0
2017-06-12,18:00:00,9.23,9.23,8.96,9.135,48615,0
2017-06-12,19:00:00,9.1375,9.15,9.03,9.03,37387,0
2017-06-12,20:00:00,9.04,9.1,9.04,9.085,21588,0
2017-06-12,21:00:00,9.08,9.09,8.94,8.97,27899,0
2017-06-12,22:00:00,8.97,9.015,8.87,8.92,127570,0
2017-06-13,16:00:00,8.92,8.92,8.75,8.87,54229,0
2017-06-13,17:00:00,8.87,8.97,8.85,8.95,23248,0
2017-06-13,18:00:00,8.95,8.96,8.81,8.82,36086,0
2017-06-13,19:00:00,8.81,8.9,8.77,8.88,38650,0
2017-06-13,20:00:00,8.87,8.88,8.77,8.81,16598,0
2017-06-13,21:00:00,8.8,8.84,8.78,8.81,12989,0
2017-06-13,22:00:00,8.82,8.96,8.81,8.94,160158,0
2017-06-14,16:00:00,8.95,8.96,8.81,8.84,8102,0
2017-06-14,17:00:00,8.8,8.89,8.77,8.85,16418,0
2017-06-14,18:00:00,8.85,8.89,8.82,8.86,17339,0
2017-06-14,19:00:00,8.86,8.871,8.765,8.79,14674,0
2017-06-14,20:00:00,8.8,8.84,8.77,8.81,17610,0
2017-06-14,21:00:00,8.8,8.88,8.78,8.88,26583,0
2017-06-14,22:00:00,8.87,8.95,8.85,8.91,93117,0
2017-06-15,16:00:00,8.81,8.92,8.76,8.85,7912,0
2017-06-15,17:00:00,8.88,8.8801,8.7,8.7222,19385,0
2017-06-15,18:00:00,8.7,8.735,8.54,8.65,32508,0
2017-06-15,19:00:00,8.65,8.67,8.62,8.63,9604,0
2017-06-15,20:00:00,8.65,8.66,8.59,8.66,10424,0
2017-06-15,21:00:00,8.63,8.69,8.63,8.68,14262,0
2017-06-15,22:00:00,8.69,8.72,8.655,8.67,51646,0
2017-06-16,16:00:00,8.63,8.63,8.41,8.47,51202,0
2017-06-16,17:00:00,8.48,8.55,8.43,8.49,14564,0
2017-06-16,18:00:00,8.51,8.52,8.44,8.475,17483,0
2017-06-16,19:00:00,8.47,8.51,8.43,8.47,12900,0
2017-06-16,20:00:00,8.47,8.53,8.46,8.53,12006,0
2017-06-16,21:00:00,8.53,8.61,8.5,8.58,45107,0
2017-06-16,22:00:00,8.57,8.64,8.57,8.61,556996,0
2017-06-19,16:00:00,8.65,8.67,8.5,8.54,20403,0
2017-06-19,17:00:00,8.54,8.7,8.495,8.62,52533,0
2017-06-19,18:00:00,8.61,8.64,8.54,8.57,19733,0
2017-06-19,19:00:00,8.575,8.9,8.57,8.86,89238,0
2017-06-19,20:00:00,8.86,8.88,8.74,8.8,26313,0
2017-06-19,21:00:00,8.79,8.825,8.74,8.78,48007,0
2017-06-19,22:00:00,8.77,8.84,8.75,8.77,127148,0
2017-06-20,16:00:00,8.77,8.77,8.56,8.6,12303,0
2017-06-20,17:00:00,8.59,8.59,8.49,8.5801,143327,0
2017-06-20,18:00:00,8.58,8.59,8.4,8.44,33599,0
2017-06-20,19:00:00,8.44,8.45,8.35,8.45,249202,0
2017-06-20,20:00:00,8.45,8.48,8.42,8.46,12641,0
2017-06-20,21:00:00,8.46,8.47,8.42,8.42,14328,0
2017-06-20,22:00:00,8.42,8.54,8.4,8.5,260036,0
2017-06-21,16:00:00,8.52,8.54,8.4901,8.4901,4636,0
2017-06-21,17:00:00,8.49,8.49,8.33,8.42,16286,0
2017-06-21,18:00:00,8.4,8.42,8.37,8.37,15939,0
2017-06-21,19:00:00,8.36,8.36,8.29,8.3,14037,0
2017-06-21,20:00:00,8.31,8.37,8.27,8.33,23711,0
2017-06-21,21:00:00,8.34,8.47,8.33,8.39,40421,0
2017-06-21,22:00:00,8.4,8.43,8.34,8.35,49154,0
2017-06-22,16:00:00,8.33,8.51,8.33,8.475,9542,0
2017-06-22,17:00:00,8.48,8.48,8.34,8.4,16694,0
2017-06-22,18:00:00,8.42,8.45,8.38,8.43,9123,0
2017-06-22,19:00:00,8.44,8.53,8.44,8.453,15742,0
2017-06-22,20:00:00,8.46,8.51,8.45,8.51,11261,0
2017-06-22,21:00:00,8.49,8.56,8.49,8.54,7793,0
2017-06-22,22:00:00,8.54,8.57,8.47,8.49,175214,0
2017-06-23,16:00:00,8.45,8.6,8.35,8.55,7344,0
2017-06-23,17:00:00,8.5,8.57,8.5,8.56,8390,0
2017-06-23,18:00:00,8.56,8.57,8.5,8.53,6077,0
2017-06-23,19:00:00,8.54,8.59,8.535,8.57,6400,0
2017-06-23,20:00:00,8.56,8.56,8.5,8.56,7295,0
2017-06-23,21:00:00,8.57,8.62,8.56,8.62,8400,0
2017-06-23,22:00:00,8.61,8.785,8.6,8.73,239110,0
2017-06-26,16:00:00,8.79,8.95,8.6425,8.95,9425,0
2017-06-26,17:00:00,8.93,9.01,8.9101,8.96,32848,0
2017-06-26,18:00:00,8.96,9.06,8.94,8.95,20304,0
2017-06-26,19:00:00,8.94,8.99,8.93,8.985,7864,0
2017-06-26,20:00:00,8.98,9.01,8.96,8.99,14477,0
2017-06-26,21:00:00,9,9.02,8.97,9,13894,0
2017-06-26,22:00:00,9.01,9.01,8.96,8.96,43647,0
2017-06-27,16:00:00,8.95,9.11,8.95,9.09,11732,0
2017-06-27,17:00:00,9.06,9.1,9.01,9.05,16358,0
2017-06-27,18:00:00,9.05,9.07,9,9.04,6467,0
2017-06-27,19:00:00,9.03,9.09,9,9.07,22037,0
2017-06-27,20:00:00,9.06,9.1,9.03,9.09,38654,0
2017-06-27,21:00:00,9.09,9.13,9.045,9.12,20928,0
2017-06-27,22:00:00,9.12,9.12,8.94,8.97,121607,0
2017-06-28,16:00:00,9.03,9.29,9,9.15,18767,0
2017-06-28,17:00:00,9.155,9.29,9.15,9.245,43213,0
2017-06-28,18:00:00,9.245,9.29,9.13,9.1801,39256,0
2017-06-28,19:00:00,9.21,9.24,9.11,9.15,16578,0
2017-06-28,20:00:00,9.1401,9.16,9.11,9.14,17834,0
2017-06-28,21:00:00,9.14,9.15,9.04,9.04,50477,0
2017-06-28,22:00:00,9.04,9.11,9,9.07,119994,0
2017-06-29,16:00:00,9.06,9.28,9.01,9.25,16491,0
2017-06-29,17:00:00,9.28,9.4718,9.25,9.43,80057,0
2017-06-29,18:00:00,9.43,9.46,9.32,9.35,32006,0
2017-06-29,19:00:00,9.34,9.39,9.29,9.34,17327,0
2017-06-29,20:00:00,9.34,9.36,9.32,9.35,14275,0
2017-06-29,21:00:00,9.35,9.47,9.34,9.38,33533,0
2017-06-29,22:00:00,9.37,9.46,9.35,9.38,113479,0
2017-06-30,16:00:00,9.43,9.78,9.43,9.73,34873,0
2017-06-30,17:00:00,9.74,9.82,9.66,9.82,62869,0
2017-06-30,18:00:00,9.82,9.91,9.77,9.77,52208,0
2017-06-30,19:00:00,9.79,9.8,9.685,9.76,51216,0
2017-06-30,20:00:00,9.75,9.83,9.75,9.76,25084,0
2017-06-30,21:00:00,9.765,9.81,9.75,9.755,31234,0
2017-06-30,22:00:00,9.76,9.88,9.75,9.78,215658,0
2017-07-03,16:00:00,9.78,10.01,9.78,9.83,39387,0
2017-07-03,17:00:00,9.84,9.92,9.76,9.82,88855,0
2017-07-03,18:00:00,9.82,9.9,9.78,9.86,40369,0
2017-07-03,19:00:00,9.86,10.1,9.855,10,111803,0
2017-07-03,20:00:00,10.01,10.02,10,10,11675,0
2017-07-05,16:00:00,9.95,9.95,9.68,9.74,244696,0
2017-07-05,17:00:00,9.84,9.91,9.74,9.79,30978,0
2017-07-05,18:00:00,9.8,9.87,9.74,9.78,29391,0
2017-07-05,19:00:00,9.755,9.835,9.7475,9.82,24461,0
2017-07-05,20:00:00,9.83,9.83,9.79,9.79,28256,0
2017-07-05,21:00:00,9.8,9.85,9.77,9.79,52664,0
2017-07-05,22:00:00,9.8,9.89,9.79,9.85,70702,0
2017-07-06,16:00:00,9.99,10.24,9.88,10.11,111944,0
2017-07-06,17:00:00,10.09,10.09,9.71,9.77,48502,0
2017-07-06,18:00:00,9.77,9.86,9.72,9.7772,59378,0
2017-07-06,19:00:00,9.77,9.8,9.71,9.795,64892,0
2017-07-06,20:00:00,9.79,9.8,9.7199,9.74,27684,0
2017-07-06,21:00:00,9.745,9.75,9.67,9.69,39913,0
2017-07-06,22:00:00,9.7,9.75,9.56,9.66,166178,0
2017-07-07,16:00:00,9.69,9.74,9.54,9.68,23819,0
2017-07-07,17:00:00,9.68,9.7,9.58,9.6,15539,0
2017-07-07,18:00:00,9.61,9.66,9.56,9.56,12372,0
2017-07-07,19:00:00,9.5758,9.59,9.5,9.505,18217,0
2017-07-07,20:00:00,9.5,9.68,9.47,9.59,43112,0
2017-07-07,21:00:00,9.59,9.64,9.57,9.6,49901,0
2017-07-07,22:00:00,9.61,9.71,9.605,9.67,137937,0
2017-07-10,16:00:00,9.68,9.68,9.33,9.39,21923,0
2017-07-10,17:00:00,9.37,9.37,9.24,9.35,36886,0
2017-07-10,18:00:00,9.36,9.425,9.35,9.39,15579,0
2017-07-10,19:00:00,9.38,9.429,9.38,9.425,17163,0
2017-07-10,20:00:00,9.43,9.44,9.37,9.395,16512,0
2017-07-10,21:00:00,9.4,9.4,9.355,9.37,10694,0
2017-07-10,22:00:00,9.36,9.37,9.3,9.35,111247,0
2017-07-11,16:00:00,9.35,9.35,9.15,9.175,27138,0
2017-07-11,17:00:00,9.17,9.18,8.99,9.06,22976,0
2017-07-11,18:00:00,9.08,9.08,8.935,9.02,19220,0
2017-07-11,19:00:00,9.015,9.16,8.99,8.99,72083,0
2017-07-11,20:00:00,8.985,8.985,8.9,8.93,19594,0
2017-07-11,21:00:00,8.93,9,8.88,9,55773,0
2017-07-11,22:00:00,9.01,9.15,9,9.09,185155,0
2017-07-12,16:00:00,9.21,9.4,9.03,9.2,39400,0
2017-07-12,17:00:00,9.2,9.32,9.2,9.21,26397,0
2017-07-12,18:00:00,9.2,9.24,9.14,9.24,22085,0
2017-07-12,19:00:00,9.25,9.27,9.15,9.18,35245,0
2017-07-12,20:00:00,9.18,9.24,9.14,9.21,88069,0
2017-07-12,21:00:00,9.22,9.23,9.18,9.2,33377,0
2017-07-12,22:00:00,9.2,9.35,9.19,9.28,122925,0
2017-07-13,16:00:00,9.35,9.44,9.29,9.3,20155,0
2017-07-13,17:00:00,9.31,9.505,9.29,9.45,32590,0
2017-07-13,18:00:00,9.44,9.54,9.44,9.53,37234,0
2017-07-13,19:00:00,9.52,9.61,9.47,9.57,39866,0
2017-07-13,20:00:00,9.575,9.7,9.575,9.69,50732,0
2017-07-13,21:00:00,9.7,9.73,9.665,9.695,38605,0
2017-07-13,22:00:00,9.695,9.695,9.56,9.62,246407,0
2017-07-14,16:00:00,9.65,9.74,9.51,9.56,9503,0
2017-07-14,17:00:00,9.54,9.57,9.48,9.54,22499,0
2017-07-14,18:00:00,9.54,9.54,9.475,9.53,16085,0
2017-07-14,19:00:00,9.53,9.53,9.48,9.51,15133,0
2017-07-14,20:00:00,9.52,9.57,9.51,9.53,8400,0
2017-07-14,21:00:00,9.53,9.54,9.5,9.53,10067,0
2017-07-14,22:00:00,9.53,9.53,9.48,9.48,63471,0
2017-07-17,16:00:00,9.52,9.67,9.49,9.67,8703,0
2017-07-17,17:00:00,9.68,9.751,9.65,9.685,24387,0
2017-07-17,18:00:00,9.68,9.68,9.5,9.57,17170,0
2017-07-17,19:00:00,9.57,9.58,9.53,9.535,7326,0
2017-07-17,20:00:00,9.55,9.55,9.48,9.525,26567,0
2017-07-17,21:00:00,9.535,9.54,9.5,9.52,27659,0
2017-07-17,22:00:00,9.515,9.52,9.45,9.5,69663,0
2017-07-18,16:00:00,9.44,9.44,9.18,9.3803,19520,0
2017-07-18,17:00:00,9.39,9.4,9.25,9.33,26865,0
2017-07-18,18:00:00,9.32,9.33,9.28,9.315,18123,0
2017-07-18,19:00:00,9.31,9.38,9.29,9.33,20108,0
2017-07-18,20:00:00,9.31,9.31,9.24,9.265,14614,0
2017-07-18,21:00:00,9.25,9.3,9.25,9.26,11523,0
2017-07-18,22:00:00,9.265,9.335,9.255,9.33,38345,0
2017-07-19,16:00:00,9.34,9.42,9.205,9.39,17521,0
2017-07-19,17:00:00,9.405,9.5,9.405,9.48,23148,0
2017-07-19,18:00:00,9.48,9.54,9.48,9.53,20465,0
2017-07-19,19:00:00,9.53,9.59,9.53,9.56,11240,0
2017-07-19,20:00:00,9.58,9.62,9.58,9.61,7642,0
2017-07-19,21:00:00,9.61,9.62,9.55,9.555,9266,0
2017-07-19,22:00:00,9.55,9.58,9.53,9.56,42396,0
2017-07-20,16:00:00,9.58,9.705,9.53,9.65,10285,0
2017-07-20,17:00:00,9.67,9.74,9.64,9.71,10766,0
2017-07-20,18:00:00,9.68,9.69,9.59,9.62,9053,0
2017-07-20,19:00:00,9.62,9.68,9.6,9.64,8622,0
2017-07-20,20:00:00,9.66,9.71,9.655,9.67,7600,0
2017-07-20,21:00:00,9.67,9.68,9.63,9.64,10224,0
2017-07-20,22:00:00,9.635,9.645,9.62,9.64,55834,0
2017-07-21,16:00:00,9.68,9.68,9.49,9.5,21703,0
2017-07-21,17:00:00,9.49,9.53,9.41,9.53,21916,0
2017-07-21,18:00:00,9.53,9.56,9.49,9.54,171600,0
2017-07-21,19:00:00,9.56,9.57,9.49,9.49,8738,0
2017-07-21,20:00:00,9.49,9.52,9.47,9.5,8946,0
2017-07-21,21:00:00,9.5,9.5156,9.48,9.5,8499,0
2017-07-21,22:00:00,9.51,9.565,9.51,9.55,55711,0
2017-07-24,16:00:00,9.51,9.53,9.37,9.5,16382,0
2017-07-24,17:00:00,9.5,9.54,9.46,9.46,14046,0
2017-07-24,18:00:00,9.46,9.49,9.405,9.43,12349,0
2017-07-24,19:00:00,9.43,9.43,9.31,9.32,17081,0
2017-07-24,20:00:00,9.32,9.42,9.3,9.4,18723,0
2017-07-24,21:00:00,9.4,9.45,9.37,9.44,23054,0
2017-07-24,22:00:00,9.44,9.48,9.37,9.45,97120,0
2017-07-25,16:00:00,9.49,9.69,9.49,9.62,6935,0
2017-07-25,17:00:00,9.64,9.84,9.64,9.83,20290,0
2017-07-25,18:00:00,9.84,9.97,9.8,9.87,23923,0
2017-07-25,19:00:00,9.87,9.915,9.77,9.78,30462,0
2017-07-25,20:00:00,9.78,9.79,9.73,9.77,16423,0
2017-07-25,21:00:00,9.78,9.8,9.75,9.795,18836,0
2017-07-25,22:00:00,9.79,9.79,9.7,9.7,83606,0
2017-07-26,16:00:00,9.7,9.74,9.56,9.64,11514,0
2017-07-26,17:00:00,9.63,9.75,9.57,9.74,11211,0
2017-07-26,18:00:00,9.74,9.74,9.69,9.71,8058,0
2017-07-26,19:00:00,9.7,9.74,9.7,9.7,6014,0
2017-07-26,20:00:00,9.7,9.73,9.66,9.71,16808,0
2017-07-26,21:00:00,9.7,9.7,9.63,9.65,9232,0
2017-07-26,22:00:00,9.64,9.69,9.59,9.65,27851,0
2017-07-27,16:00:00,9.66,9.72,9.58,9.66,6478,0
2017-07-27,17:00:00,9.69,9.79,9.61,9.78,7700,0
2017-07-27,18:00:00,9.78,9.9199,9.78,9.9199,7118,0
2017-07-27,19:00:00,9.92,9.94,9.863,9.9,10683,0
2017-07-27,20:00:00,9.91,9.92,9.78,9.82,16981,0
2017-07-27,21:00:00,9.813,9.92,9.813,9.9,9222,0
2017-07-27,22:00:00,9.89,9.99,9.89,9.95,42199,0
2017-07-28,16:00:00,9.95,9.95,9.82,9.9,6140,0
2017-07-28,17:00:00,9.88,10.13,9.88,10.1,31459,0
2017-07-28,18:00:00,10.11,10.18,10.1,10.14,17685,0
2017-07-28,19:00:00,10.12,10.15,10.08,10.09,34838,0
2017-07-28,20:00:00,10.1,10.1604,10.09,10.155,16889,0
2017-07-28,21:00:00,10.15,10.17,10.13,10.14,8812,0
2017-07-28,22:00:00,10.16,10.16,10.0714,10.09,71176,0
2017-07-31,16:00:00,10.12,10.17,10.03,10.09,9798,0
2017-07-31,17:00:00,10.08,10.11,9.93,9.98,15465,0
2017-07-31,18:00:00,10,10.06,10,10.05,4773,0
2017-07-31,19:00:00,10.06,10.065,10.04,10.06,5535,0
2017-07-31,20:00:00,10.06,10.09,10.04,10.075,5500,0
2017-07-31,21:00:00,10.07,10.15,10.07,10.15,9200,0
2017-07-31,22:00:00,10.13,10.13,10.03,10.08,82839,0
2017-08-01,16:00:00,10.08,10.24,10.03,10.21,17135,0
2017-08-01,17:00:00,10.2,10.42,10.2,10.38,12091,0
2017-08-01,18:00:00,10.38,10.41,10.3,10.31,11030,0
2017-08-01,19:00:00,10.32,10.32,10.22,10.23,4000,0
2017-08-01,20:00:00,10.26,10.31,10.2393,10.295,6600,0
2017-08-01,21:00:00,10.31,10.39,10.3,10.33,7333,0
2017-08-01,22:00:00,10.3,10.37,10.22,10.32,137335,0
2017-08-02,16:00:00,10.34,10.37,10.1443,10.28,7024,0
2017-08-02,17:00:00,10.27,10.29,10.105,10.115,9595,0
2017-08-02,18:00:00,10.13,10.14,10.02,10.11,10444,0
2017-08-02,19:00:00,10.1,10.14,9.99,10,11100,0
2017-08-02,20:00:00,10,10.06,10,10.01,8787,0
2017-08-02,21:00:00,10.01,10.05,10,10.025,12800,0
2017-08-02,22:00:00,10.02,10.04,9.95,9.975,45167,0
2017-08-03,16:00:00,9.97,10.11,9.91,10.09,12255,0
2017-08-03,17:00:00,10.08,10.23,10.045,10.15,51952,0
2017-08-03,18:00:00,10.175,10.19,10.02,10.02,13301,0
2017-08-03,19:00:00,10.01,10.02,9.93,9.95,8998,0
2017-08-03,20:00:00,9.97,9.97,9.84,9.91,10689,0
2017-08-03,21:00:00,9.9,9.93,9.85,9.87,10187,0
2017-08-03,22:00:00,9.87,9.89,9.78,9.88,67409,0
2017-08-04,16:00:00,9.89,10.1,9.78,10.08,14204,0
2017-08-04,17:00:00,10.06,10.12,10.03,10.11,22040,0
2017-08-04,18:00:00,10.11,10.17,9.98,10.12,36488,0
2017-08-04,19:00:00,10.12,10.23,10.11,10.2,12552,0
2017-08-04,20:00:00,10.2,10.21,10.025,10.12,39610,0
2017-08-04,21:00:00,10.13,10.14,10.04,10.05,18718,0
2017-08-04,22:00:00,10.04,10.06,10.01,10.01,30709,0
2017-08-07,16:00:00,10.05,10.23,9.86,10.0479,16459,0
2017-08-07,17:00:00,10.055,10.06,9.87,9.97,46267,0
2017-08-07,18:00:00,9.966,10.13,9.95,10.1,25473,0
2017-08-07,19:00:00,10.11,10.15,10.01,10.01,42708,0
2017-08-07,20:00:00,10.02,10.07,10.01,10.01,5628,0
2017-08-07,21:00:00,10,10.04,9.98,10.02,4700,0
2017-08-07,22:00:00,10.02,10.04,9.96,9.98,49588,0
2017-08-08,16:00:00,10.03,10.18,10.03,10.16,5414,0
2017-08-08,17:00:00,10.1748,10.39,10.1748,10.32,32433,0
2017-08-08,18:00:00,10.345,10.39,10.32,10.355,9600,0
2017-08-08,19:00:00,10.38,10.38,10.2,10.2,9353,0
2017-08-08,20:00:00,10.215,10.29,10.19,10.19,13001,0
2017-08-08,21:00:00,10.21,10.29,10.2,10.24,10952,0
2017-08-08,22:00:00,10.255,10.27,10.13,10.2,35720,0
2017-08-09,16:00:00,10.07,10.11,9.87,10.08,85406,0
2017-08-09,17:00:00,10.125,10.17,10.02,10.09,19564,0
2017-08-09,18:00:00,10.11,10.22,10.07,10.22,11969,0
2017-08-09,19:00:00,10.2,10.21,10.09,10.16,58530,0
2017-08-09,20:00:00,10.15,10.15,10.1,10.1,17900,0
2017-08-09,21:00:00,10.11,10.12,10.04,10.05,39687,0
2017-08-09,22:00:00,10.05,10.1,9.99,10.09,127827,0
2017-08-10,16:00:00,10,10.18,9.9,10.1,51251,0
2017-08-10,17:00:00,10.1,10.12,10,10.1,215463,0
2017-08-10,18:00:00,10.1,10.11,10.035,10.06,27770,0
2017-08-10,19:00:00,10.05,10.1,10,10.01,27671,0
2017-08-10,20:00:00,10.01,10.05,9.99,10.01,24265,0
2017-08-10,21:00:00,10.02,10.06,10,10.03,23183,0
2017-08-10,22:00:00,10.04,10.06,9.99,10.01,135797,0
2017-08-11,16:00:00,10.01,10.11,9.68,10.07,14781,0
2017-08-11,17:00:00,10.03,10.07,10,10.05,25611,0
2017-08-11,18:00:00,10.03,10.07,10,10.0325,17760,0
2017-08-11,19:00:00,10.03,10.07,10.02,10.025,27099,0
2017-08-11,20:00:00,10.02,10.12,10.02,10.045,25500,0
2017-08-11,21:00:00,10.045,10.07,10.02,10.03,38419,0
2017-08-11,22:00:00,10.04,10.09,10.02,10.02,54235,0
2017-08-14,16:00:00,10.08,10.09,9.79,10,15970,0
2017-08-14,17:00:00,10.02,10.03,9.93,10.025,35492,0
2017-08-14,18:00:00,10.025,10.09,10.02,10.05,25466,0
2017-08-14,19:00:00,10.04,10.07,10.03,10.05,16498,0
2017-08-14,20:00:00,10.05,10.05,10.03,10.05,21642,0
2017-08-14,21:00:00,10.05,10.06,10.03,10.04,30383,0
2017-08-14,22:00:00,10.04,10.15,10.035,10.07,182585,0
2017-08-15,16:00:00,10.08,10.08,9.67,9.68,30329,0
2017-08-15,17:00:00,9.67,9.71,9.59,9.71,45415,0
2017-08-15,18:00:00,9.69,9.81,9.65,9.75,66770,0
2017-08-15,19:00:00,9.76,9.875,9.75,9.8699,21248,0
2017-08-15,20:00:00,9.85,9.89,9.81,9.82,23053,0
2017-08-15,21:00:00,9.805,9.89,9.79,9.88,44683,0
2017-08-15,22:00:00,9.8636,9.89,9.76,9.8,99228,0
2017-08-16,16:00:00,9.87,9.96,9.74,9.77,14151,0
2017-08-16,17:00:00,9.78,9.83,9.715,9.715,25888,0
2017-08-16,18:00:00,9.7,9.79,9.65,9.765,19378,0
2017-08-16,19:00:00,9.77,9.77,9.65,9.67,19310,0
2017-08-16,20:00:00,9.68,9.71,9.665,9.69,28839,0
2017-08-16,21:00:00,9.68,9.71,9.56,9.6,38991,0
2017-08-16,22:00:00,9.61,9.615,9.51,9.55,86733,0
2017-08-17,16:00:00,9.51,9.55,9.3,9.51,8985,0
2017-08-17,17:00:00,9.54,9.5896,9.43,9.51,12548,0
2017-08-17,18:00:00,9.48,9.49,9.33,9.35,17235,0
2017-08-17,19:00:00,9.35,9.4,9.32,9.32,11586,0
2017-08-17,20:00:00,9.34,9.34,9.25,9.31,22440,0
2017-08-17,21:00:00,9.32,9.32,9.255,9.26,16453,0
2017-08-17,22:00:00,9.26,9.36,9.22,9.3,100992,0
2017-08-18,16:00:00,9.22,9.2705,9.1,9.1,28876,0
2017-08-18,17:00:00,9.12,9.21,9.1,9.14,16556,0
2017-08-18,18:00:00,9.14,9.24,9.14,9.22,26505,0
2017-08-18,19:00:00,9.225,9.23,9.17,9.195,26730,0
2017-08-18,20:00:00,9.195,9.24,9.18,9.22,12443,0
2017-08-18,21:00:00,9.23,9.23,9.19,9.215,19003,0
2017-08-18,22:00:00,9.21,9.26,9.2,9.24,101951,0
2017-08-21,16:00:00,9.21,9.33,9.15,9.21,150810,0
2017-08-21,17:00:00,9.19,9.28,9.09,9.24,386392,0
2017-08-21,18:00:00,9.23,9.28,9.215,9.26,45433,0
2017-08-21,19:00:00,9.27,9.28,9.22,9.26,17839,0
2017-08-21,20:00:00,9.27,9.28,9.2,9.22,62200,0
2017-08-21,21:00:00,9.23,9.26,9.2,9.23,22865,0
2017-08-21,22:00:00,9.23,9.25,9.13,9.14,86646,0
2017-08-22,16:00:00,9.14,9.31,9.14,9.31,6903,0
2017-08-22,17:00:00,9.31,9.31,9.22,9.26,33983,0
2017-08-22,18:00:00,9.28,9.38,9.25,9.37,46565,0
2017-08-22,19:00:00,9.37,9.42,9.36,9.4,7716,0
2017-08-22,20:00:00,9.39,9.44,9.38,9.4,11254,0
2017-08-22,21:00:00,9.39,9.43,9.38,9.42,8646,0
2017-08-22,22:00:00,9.42,9.44,9.34,9.38,55831,0
2017-08-23,16:00:00,9.35,9.51,9.27,9.49,14335,0
2017-08-23,17:00:00,9.49,9.57,9.47,9.5408,15484,0
2017-08-23,18:00:00,9.54,9.5425,9.49,9.51,11892,0
2017-08-23,19:00:00,9.51,9.555,9.51,9.53,10200,0
2017-08-23,20:00:00,9.52,9.53,9.4,9.44,23539,0
2017-08-23,21:00:00,9.46,9.46,9.39,9.45,17696,0
2017-08-23,22:00:00,9.45,9.46,9.39,9.4,45717,0
2017-08-24,16:00:00,9.5,10.08,9.5,9.61,11860,0
2017-08-24,17:00:00,9.6,9.8,9.595,9.66,38155,0
2017-08-24,18:00:00,9.67,9.79,9.67,9.79,31989,0
2017-08-24,19:00:00,9.79,9.81,9.725,9.76,24903,0
2017-08-24,20:00:00,9.75,9.76,9.705,9.705,16395,0
2017-08-24,21:00:00,9.71,9.72,9.66,9.69,11550,0
2017-08-24,22:00:00,9.69,9.74,9.66,9.72,74184,0
2017-08-25,16:00:00,9.72,9.93,9.71,9.84,14589,0
2017-08-25,17:00:00,9.86,9.89,9.77,9.85,29122,0
2017-08-25,18:00:00,9.84,9.93,9.82,9.89,13362,0
2017-08-25,19:00:00,9.89,9.96,9.89,9.94,9892,0
2017-08-25,20:00:00,9.95,10.01,9.95,10.01,10398,0
2017-08-25,21:00:00,10.015,10.07,10,10.055,29532,0
2017-08-25,22:00:00,10.05,10.05,10,10.04,57834,0
2017-08-28,16:00:00,10.05,10.22,10.02,10.065,23585,0
2017-08-28,17:00:00,10.085,10.125,10.07,10.115,47978,0
2017-08-28,18:00:00,10.12,10.145,10.07,10.08,25586,0
2017-08-28,19:00:00,10.08,10.15,10.06,10.1,41164,0
2017-08-28,20:00:00,10.1,10.12,10.04,10.06,10321,0
2017-08-28,21:00:00,10.07,10.15,10.06,10.15,29769,0
2017-08-28,22:00:00,10.145,10.175,10.12,10.13,95207,0
2017-08-29,16:00:00,9.94,10.05,9.92,9.97,39966,0
2017-08-29,17:00:00,9.96,10.02,9.8951,9.96,36817,0
2017-08-29,18:00:00,9.97,10.01,9.8578,9.88,26805,0
2017-08-29,19:00:00,9.88,9.92,9.865,9.9,30236,0
2017-08-29,20:00:00,9.9,9.91,9.83,9.85,28904,0
2017-08-29,21:00:00,9.85,9.86,9.82,9.85,19329,0
2017-08-29,22:00:00,9.85,10.08,9.78,10.07,202081,0
2017-08-30,16:00:00,10.76,11.4,9.91,10.0968,480975,0
2017-08-30,17:00:00,10.09,10.21,9.08,9.21,476488,0
2017-08-30,18:00:00,9.22,9.3401,9.04,9.2,267646,0
2017-08-30,19:00:00,9.195,9.195,8.84,9.13,258738,0
2017-08-30,20:00:00,9.1201,9.2,9.03,9.06,106432,0
2017-08-30,21:00:00,9.06,9.19,8.92,9.135,358627,0
2017-08-30,22:00:00,9.13,9.14,8.95,9.14,455792,0
2017-08-31,16:00:00,9.28,9.28,8.91,8.96,109037,0
2017-08-31,17:00:00,8.955,9.18,8.94,9.155,72057,0
2017-08-31,18:00:00,9.16,9.18,9,9.055,79739,0
2017-08-31,19:00:00,9.055,9.105,9.045,9.1,106117,0
2017-08-31,20:00:00,9.0942,9.13,9.0501,9.07,59325,0
2017-08-31,21:00:00,9.07,9.08,8.98,9.02,56014,0
2017-08-31,22:00:00,9.02,9.04,8.9701,9.04,251060,0
2017-09-01,16:00:00,9.01,9.39,9,9.39,61203,0
2017-09-01,17:00:00,9.44,9.46,9.28,9.28,44394,0
2017-09-01,18:00:00,9.28,9.365,9.25,9.28,30900,0
2017-09-01,19:00:00,9.28,9.28,9.19,9.2565,44951,0
2017-09-01,20:00:00,9.26,9.27,9.205,9.205,29817,0
2017-09-01,21:00:00,9.2,9.22,9.15,9.15,29251,0
2017-09-01,22:00:00,9.15,9.16,9.08,9.09,93842,0
2017-09-05,16:00:00,9.16,9.24,9.07,9.18,27073,0
2017-09-05,17:00:00,9.2,9.2,9.1,9.14,26762,0
2017-09-05,18:00:00,9.15,9.28,9.15,9.2,45595,0
2017-09-05,19:00:00,9.19,9.19,8.96,8.99,45777,0
2017-09-05,20:00:00,8.99,9.01,8.94,8.98,48190,0
2017-09-05,21:00:00,8.99,9,8.94,8.95,28889,0
2017-09-05,22:00:00,8.95,8.95,8.87,8.89,152589,0
2017-09-06,16:00:00,8.5,8.57,8.265,8.54,469821,0
2017-09-06,17:00:00,8.53,8.825,8.51,8.6913,338679,0
2017-09-06,18:00:00,8.7,8.745,8.64,8.71,62303,0
2017-09-06,19:00:00,8.71,8.73,8.65,8.72,56894,0
2017-09-06,20:00:00,8.72,8.74,8.67,8.68,90355,0
2017-09-06,21:00:00,8.68,8.75,8.68,8.705,57379,0
2017-09-06,22:00:00,8.7,8.84,8.7,8.76,261206,0
2017-09-07,16:00:00,8.8,8.95,8.79,8.86,21285,0
2017-09-07,17:00:00,8.86,8.86,8.8,8.8176,16923,0
2017-09-07,18:00:00,8.82,8.83,8.72,8.76,52571,0
2017-09-07,19:00:00,8.74,8.76,8.71,8.75,37325,0
2017-09-07,20:00:00,8.75,8.75,8.7,8.71,18214,0
2017-09-07,21:00:00,8.715,8.79,8.71,8.79,35171,0
2017-09-07,22:00:00,8.8,8.81,8.77,8.8,76335,0
2017-09-08,16:00:00,8.78,8.79,8.62,8.675,22904,0
2017-09-08,17:00:00,8.6601,8.725,8.49,8.51,34248,0
2017-09-08,18:00:00,8.51,8.535,8.49,8.49,20260,0
2017-09-08,19:00:00,8.47,8.47,8.4,8.47,28649,0
2017-09-08,20:00:00,8.47,8.5,8.45,8.46,16806,0
2017-09-08,21:00:00,8.46,8.48,8.45,8.47,29257,0
2017-09-08,22:00:00,8.47,8.48,8.42,8.46,88015,0
2017-09-11,16:00:00,8.55,8.65,8.4,8.41,39914,0
2017-09-11,17:00:00,8.41,8.56,8.39,8.55,54913,0
2017-09-11,18:00:00,8.55,8.65,8.54,8.62,18852,0
2017-09-11,19:00:00,8.61,8.62,8.56,8.57,10858,0
2017-09-11,20:00:00,8.57,8.58,8.52,8.52,11856,0
2017-09-11,21:00:00,8.52,8.52,8.45,8.45,25514,0
2017-09-11,22:00:00,8.45,8.46,8.42,8.42,100641,0
2017-09-12,16:00:00,8.43,8.56,8.43,8.54,61176,0
2017-09-12,17:00:00,8.5372,8.63,8.53,8.54,28186,0
2017-09-12,18:00:00,8.54,8.61,8.5301,8.57,15358,0
2017-09-12,19:00:00,8.57,8.6,8.53,8.57,23828,0
2017-09-12,20:00:00,8.57,8.59,8.53,8.56,20028,0
2017-09-12,21:00:00,8.57,8.62,8.49,8.49,32667,0
2017-09-12,22:00:00,8.49,8.51,8.44,8.47,101434,0
2017-09-13,16:00:00,8.5,8.63,8.4,8.62,14217,0
2017-09-13,17:00:00,8.59,8.62,8.53,8.54,11778,0
2017-09-13,18:00:00,8.56,8.58,8.53,8.56,7589,0
2017-09-13,19:00:00,8.56,8.61,8.54,8.57,9528,0
2017-09-13,20:00:00,8.57,8.58,8.47,8.48,16820,0
2017-09-13,21:00:00,8.47,8.5,8.43,8.49,24697,0
2017-09-13,22:00:00,8.49,8.57,8.49,8.53,72322,0
2017-09-14,16:00:00,8.52,8.56,8.46,8.46,7972,0
2017-09-14,17:00:00,8.48,8.55,8.48,8.52,4278,0
2017-09-14,18:00:00,8.53,8.58,8.49,8.53,69166,0
2017-09-14,19:00:00,8.52,8.54,8.5,8.53,10916,0
2017-09-14,20:00:00,8.55,8.55,8.5,8.51,9344,0
2017-09-14,21:00:00,8.52,8.53,8.45,8.46,16859,0
2017-09-14,22:00:00,8.465,8.5,8.415,8.49,87086,0
2017-09-15,16:00:00,8.48,8.56,8.42,8.55,50739,0
2017-09-15,17:00:00,8.55,8.56,8.48,8.505,19977,0
2017-09-15,18:00:00,8.5,8.53,8.47,8.515,24979,0
2017-09-15,19:00:00,8.51,8.515,8.48,8.5,8270,0
2017-09-15,20:00:00,8.49,8.525,8.46,8.47,55694,0
2017-09-15,21:00:00,8.47,8.49,8.43,8.48,11463,0
2017-09-15,22:00:00,8.48,8.68,8.48,8.61,610690,0
2017-09-18,16:00:00,8.61,8.66,8.58,8.6,24824,0
2017-09-18,17:00:00,8.58,8.61,8.52,8.53,17561,0
2017-09-18,18:00:00,8.54,8.54,8.48,8.49,11554,0
2017-09-18,19:00:00,8.48,8.5358,8.475,8.53,8460,0
2017-09-18,20:00:00,8.535,8.57,8.53,8.53,12683,0
2017-09-18,21:00:00,8.53,8.55,8.48,8.51,20180,0
2017-09-18,22:00:00,8.51,8.53,8.47,8.52,52285,0
2017-09-19,16:00:00,8.5,8.55,8.49,8.53,7458,0
2017-09-19,17:00:00,8.53,8.56,8.5,8.51,6799,0
2017-09-19,18:00:00,8.515,8.515,8.45,8.5,19141,0
2017-09-19,19:00:00,8.51,8.52,8.46,8.47,7400,0
2017-09-19,20:00:00,8.46,8.49,8.45,8.45,3302,0
2017-09-19,21:00:00,8.45,8.465,8.4,8.45,22896,0
2017-09-19,22:00:00,8.45,8.46,8.39,8.43,132523,0
2017-09-20,16:00:00,8.41,8.41,8.2894,8.2894,13528,0
2017-09-20,17:00:00,8.28,8.41,8.27,8.39,50780,0
2017-09-20,18:00:00,8.4,8.48,8.4,8.48,19971,0
2017-09-20,19:00:00,8.47,8.47,8.43,8.44,12079,0
2017-09-20,20:00:00,8.43,8.47,8.42,8.45,37674,0
2017-09-20,21:00:00,8.45,8.49,8.41,8.49,24079,0
2017-09-20,22:00:00,8.49,8.49,8.39,8.46,107066,0
2017-09-21,16:00:00,8.49,8.55,8.44,8.45,16849,0
2017-09-21,17:00:00,8.44,8.46,8.34,8.35,30636,0
2017-09-21,18:00:00,8.35,8.37,8.32,8.37,8630,0
2017-09-21,19:00:00,8.38,8.42,8.365,8.41,9058,0
2017-09-21,20:00:00,8.41,8.42,8.36,8.36,12613,0
2017-09-21,21:00:00,8.36,8.375,8.34,8.35,8025,0
2017-09-21,22:00:00,8.35,8.37,8.26,8.3,73498,0
2017-09-22,16:00:00,8.26,8.3,8.21,8.3,10680,0
2017-09-22,17:00:00,8.3,8.32,8.26,8.3,13422,0
2017-09-22,18:00:00,8.3,8.31,8.19,8.19,33762,0
2017-09-22,19:00:00,8.19,8.19,8.12,8.13,26811,0
2017-09-22,20:00:00,8.13,8.165,8.125,8.15,21217,0
2017-09-22,21:00:00,8.16,8.17,8.15,8.16,18647,0
2017-09-22,22:00:00,8.165,8.21,8.16,8.18,38673,0
2017-09-25,16:00:00,8.17,8.58,8.17,8.53,27574,0
2017-09-25,17:00:00,8.565,8.57,8.48,8.54,28017,0
2017-09-25,18:00:00,8.53,8.53,8.39,8.39,20477,0
2017-09-25,19:00:00,8.39,8.39,8.33,8.36,17249,0
2017-09-25,20:00:00,8.35,8.355,8.33,8.33,10720,0
2017-09-25,21:00:00,8.335,8.35,8.315,8.35,15946,0
2017-09-25,22:00:00,8.34,8.36,8.31,8.34,69247,0
2017-09-26,16:00:00,8.36,8.48,8.34,8.37,7537,0
2017-09-26,17:00:00,8.37,8.41,8.35,8.4,9458,0
2017-09-26,18:00:00,8.4,8.43,8.38,8.4,11628,0
2017-09-26,19:00:00,8.4,8.44,8.4,8.42,7976,0
2017-09-26,20:00:00,8.42,8.48,8.42,8.47,10217,0
2017-09-26,21:00:00,8.47,8.49,8.42,8.43,11079,0
2017-09-26,22:00:00,8.43,8.5,8.42,8.47,94975,0
2017-09-27,16:00:00,8.46,8.56,8.46,8.54,12391,0
2017-09-27,17:00:00,8.535,8.68,8.49,8.57,22764,0
2017-09-27,18:00:00,8.57,8.59,8.55,8.57,10586,0
2017-09-27,19:00:00,8.56,8.64,8.54,8.635,14569,0
2017-09-27,20:00:00,8.64,8.73,8.62,8.73,32005,0
2017-09-27,21:00:00,8.72,8.72,8.675,8.695,44057,0
2017-09-27,22:00:00,8.7,8.7,8.64,8.65,88936,0
2017-09-28,16:00:00,8.68,8.795,8.67,8.705,12166,0
2017-09-28,17:00:00,8.73,8.73,8.57,8.62,27632,0
2017-09-28,18:00:00,8.62,8.645,8.58,8.64,18283,0
2017-09-28,19:00:00,8.64,8.71,8.62,8.7,9407,0
2017-09-28,20:00:00,8.7,8.7,8.66,8.69,6700,0
2017-09-28,21:00:00,8.69,8.695,8.625,8.65,27850,0
2017-09-28,22:00:00,8.65,8.685,8.63,8.655,46697,0
2017-09-29,16:00:00,8.69,8.74,8.595,8.72,12180,0
2017-09-29,17:00:00,8.735,8.78,8.7,8.78,17831,0
2017-09-29,18:00:00,8.78,8.84,8.74,8.84,14130,0
2017-09-29,19:00:00,8.84,8.9,8.82,8.87,35371,0
2017-09-29,20:00:00,8.86,8.87,8.78,8.8,29815,0
2017-09-29,21:00:00,8.79,8.83,8.78,8.825,22419,0
2017-09-29,22:00:00,8.825,8.83,8.8,8.81,102634,0
2017-10-02,16:00:00,8.78,8.87,8.6694,8.78,16372,0
2017-10-02,17:00:00,8.77,8.85,8.695,8.695,40157,0
2017-10-02,18:00:00,8.71,8.77,8.64,8.75,15358,0
2017-10-02,19:00:00,8.72,8.77,8.72,8.74,17760,0
2017-10-02,20:00:00,8.735,8.7501,8.7,8.745,34678,0
2017-10-02,21:00:00,8.74,8.75,8.71,8.72,18362,0
2017-10-02,22:00:00,8.7272,8.78,8.69,8.78,84516,0
2017-10-03,16:00:00,8.78,8.88,8.58,8.67,16998,0
2017-10-03,17:00:00,8.67,8.67,8.56,8.56,18729,0
2017-10-03,18:00:00,8.57,8.58,8.46,8.48,31005,0
2017-10-03,19:00:00,8.485,8.56,8.47,8.5,18703,0
2017-10-03,20:00:00,8.51,8.52,8.47,8.48,11331,0
2017-10-03,21:00:00,8.48,8.5,8.45,8.46,28639,0
2017-10-03,22:00:00,8.46,8.46,8.4,8.42,169066,0
2017-10-04,16:00:00,8.44,8.55,8.41,8.45,10736,0
2017-10-04,17:00:00,8.45,8.45,8.37,8.38,21781,0
2017-10-04,18:00:00,8.36,8.39,8.33,8.335,15866,0
2017-10-04,19:00:00,8.335,8.35,8.26,8.31,21308,0
2017-10-04,20:00:00,8.31,8.3378,8.27,8.28,13300,0
2017-10-04,21:00:00,8.28,8.28,8.25,8.265,10986,0
2017-10-04,22:00:00,8.26,8.32,8.235,8.32,70890,0
2017-10-05,16:00:00,8.33,8.53,8.29,8.515,41338,0
2017-10-05,17:00:00,8.52,8.59,8.45,8.57,48183,0
2017-10-05,18:00:00,8.57,8.76,8.56,8.76,45429,0
2017-10-05,19:00:00,8.77,8.82,8.68,8.81,59124,0
2017-10-05,20:00:00,8.82,8.83,8.715,8.75,21943,0
2017-10-05,21:00:00,8.745,8.77,8.67,8.7,37525,0
2017-10-05,22:00:00,8.69,8.71,8.6,8.61,129807,0
2017-10-06,16:00:00,8.6,8.61,8.49,8.5,14289,0
2017-10-06,17:00:00,8.5,8.59,8.5,8.5,10700,0
2017-10-06,18:00:00,8.5,8.5,8.41,8.42,15096,0
2017-10-06,19:00:00,8.42,8.46,8.42,8.45,9642,0
2017-10-06,20:00:00,8.44,8.46,8.41,8.44,9548,0
2017-10-06,21:00:00,8.44,8.47,8.43,8.43,22199,0
2017-10-06,22:00:00,8.44,8.48,8.42,8.45,59424,0
2017-10-09,16:00:00,8.44,8.49,8.41,8.46,9092,0
2017-10-09,17:00:00,8.45,8.45,8.28,8.31,36313,0
2017-10-09,18:00:00,8.31,8.34,8.27,8.27,37010,0
2017-10-09,19:00:00,8.27,8.275,8.11,8.14,28833,0
2017-10-09,20:00:00,8.15,8.167,8.11,8.1485,22075,0
2017-10-09,21:00:00,8.14,8.14,8.08,8.11,26029,0
2017-10-09,22:00:00,8.11,8.14,8,8.02,144617,0
2017-10-10,16:00:00,8.06,8.19,8.059,8.14,8653,0
2017-10-10,17:00:00,8.12,8.27,8.12,8.27,22781,0
2017-10-10,18:00:00,8.26,8.26,8.19,8.22,25669,0
2017-10-10,19:00:00,8.22,8.28,8.21,8.22,17117,0
2017-10-10,20:00:00,8.22,8.23,8.18,8.22,18868,0
2017-10-10,21:00:00,8.22,8.22,8.19,8.2,15607,0
2017-10-10,22:00:00,8.2,8.24,8.17,8.2,72647,0
2017-10-11,16:00:00,8.2,8.27,8.15,8.15,27527,0
2017-10-11,17:00:00,8.16,8.16,8.02,8.09,58944,0
2017-10-11,18:00:00,8.08,8.115,8.05,8.05,15427,0
2017-10-11,19:00:00,8.05,8.05,7.965,7.98,15310,0
2017-10-11,20:00:00,7.98,8.1,7.98,8.08,39237,0
2017-10-11,21:00:00,8.08,8.13,8.05,8.07,22661,0
2017-10-11,22:00:00,8.065,8.07,8.01,8.02,76040,0
2017-10-12,16:00:00,7.95,7.98,7.71,7.76,28912,0
2017-10-12,17:00:00,7.765,7.9,7.765,7.89,40019,0
2017-10-12,18:00:00,7.89,7.94,7.89,7.915,24403,0
2017-10-12,19:00:00,7.915,7.92,7.86,7.9,22412,0
2017-10-12,20:00:00,7.9,7.94,7.89,7.93,17222,0
2017-10-12,21:00:00,7.94,7.98,7.94,7.97,22740,0
2017-10-12,22:00:00,7.975,7.98,7.92,7.92,59689,0
2017-10-13,16:00:00,7.93,7.97,7.88,7.9,11977,0
2017-10-13,17:00:00,7.905,7.94,7.88,7.9,24422,0
2017-10-13,18:00:00,7.91,7.975,7.88,7.89,12490,0
2017-10-13,19:00:00,7.87,7.885,7.84,7.84,12988,0
2017-10-13,20:00:00,7.84,7.85,7.795,7.81,13195,0
2017-10-13,21:00:00,7.82,7.8399,7.81,7.81,12463,0
2017-10-13,22:00:00,7.82,7.84,7.78,7.81,165896,0
2017-10-16,16:00:00,7.82,8.215,7.77,7.85,15176,0
2017-10-16,17:00:00,7.86,7.9,7.72,7.75,20490,0
2017-10-16,18:00:00,7.76,7.78,7.71,7.73,11240,0
2017-10-16,19:00:00,7.74,7.789,7.72,7.73,13605,0
2017-10-16,20:00:00,7.72,7.73,7.7,7.7,14747,0
2017-10-16,21:00:00,7.71,7.71,7.625,7.66,36931,0
2017-10-16,22:00:00,7.66,7.685,7.64,7.64,73352,0
2017-10-17,16:00:00,7.67,7.755,7.51,7.7,9069,0
2017-10-17,17:00:00,7.69,7.73,7.64,7.64,27264,0
2017-10-17,18:00:00,7.63,7.74,7.62,7.73,23061,0
2017-10-17,19:00:00,7.7397,7.79,7.72,7.74,15453,0
2017-10-17,20:00:00,7.75,7.75,7.69,7.705,7490,0
2017-10-17,21:00:00,7.7,7.74,7.69,7.74,10826,0
2017-10-17,22:00:00,7.745,7.745,7.67,7.69,58860,0
2017-10-18,16:00:00,7.72,7.93,7.72,7.9,22783,0
2017-10-18,17:00:00,7.89,7.89,7.75,7.76,12070,0
2017-10-18,18:00:00,7.77,7.8,7.765,7.79,12303,0
2017-10-18,19:00:00,7.8,7.87,7.79,7.845,15226,0
2017-10-18,20:00:00,7.85,7.86,7.795,7.82,20899,0
2017-10-18,21:00:00,7.82,7.835,7.8,7.83,17336,0
2017-10-18,22:00:00,7.82,7.82,7.77,7.77,45569,0
2017-10-19,16:00:00,7.71,7.82,7.51,7.73,16018,0
2017-10-19,17:00:00,7.73,7.78,7.695,7.77,9669,0
2017-10-19,18:00:00,7.78,7.78,7.68,7.695,10627,0
2017-10-19,19:00:00,7.7,7.73,7.69,7.71,7550,0
2017-10-19,20:00:00,7.72,7.73,7.7,7.71,16602,0
2017-10-19,21:00:00,7.72,7.74,7.7,7.715,14104,0
2017-10-19,22:00:00,7.72,7.72,7.65,7.68,48488,0
2017-10-20,16:00:00,7.66,7.81,7.66,7.72,47899,0
2017-10-20,17:00:00,7.72,7.825,7.71,7.75,19155,0
2017-10-20,18:00:00,7.76,7.77,7.72,7.73,15376,0
2017-10-20,19:00:00,7.74,7.76,7.69,7.7208,19477,0
2017-10-20,20:00:00,7.72,7.74,7.68,7.69,29056,0
2017-10-20,21:00:00,7.69,7.7,7.63,7.65,29851,0
2017-10-20,22:00:00,7.65,7.68,7.64,7.67,105194,0
2017-10-23,16:00:00,7.68,7.93,7.68,7.93,28264,0
2017-10-23,17:00:00,7.95,8.11,7.95,8.05,42146,0
2017-10-23,18:00:00,8.05,8.09,8.03,8.03,34672,0
2017-10-23,19:00:00,8.02,8.035,7.99,7.99,15150,0
2017-10-23,20:00:00,7.995,7.995,7.92,7.965,30386,0
2017-10-23,21:00:00,7.96,8.03,7.92,7.99,32620,0
2017-10-23,22:00:00,8,8,7.94,7.98,85218,0
2017-10-24,16:00:00,7.97,8.08,7.93,7.96,14797,0
2017-10-24,17:00:00,7.96,7.97,7.85,7.85,79022,0
2017-10-24,18:00:00,7.84,7.88,7.8,7.87,12755,0
2017-10-24,19:00:00,7.87,7.87,7.81,7.8398,7417,0
2017-10-24,20:00:00,7.82,7.84,7.81,7.81,11703,0
2017-10-24,21:00:00,7.81,7.81,7.72,7.73,22381,0
2017-10-24,22:00:00,7.72,7.79,7.7,7.77,120627,0
2017-10-25,16:00:00,7.75,7.84,7.68,7.7,17796,0
2017-10-25,17:00:00,7.69,7.71,7.63,7.68,15636,0
2017-10-25,18:00:00,7.68,7.74,7.6599,7.71,19137,0
2017-10-25,19:00:00,7.72,7.77,7.68,7.71,21396,0
2017-10-25,20:00:00,7.72,7.75,7.71,7.75,76450,0
2017-10-25,21:00:00,7.74,7.79,7.73,7.75,24019,0
2017-10-25,22:00:00,7.74,7.74,7.68,7.68,90369,0
2017-10-26,16:00:00,7.7,7.78,7.7,7.7,9998,0
2017-10-26,17:00:00,7.7,7.71,7.62,7.65,18110,0
2017-10-26,18:00:00,7.64,7.72,7.64,7.68,57859,0
2017-10-26,19:00:00,7.7,7.72,7.69,7.7,43104,0
2017-10-26,20:00:00,7.7,7.72,7.66,7.685,41866,0
2017-10-26,21:00:00,7.68,7.7,7.595,7.62,24299,0
2017-10-26,22:00:00,7.62,7.69,7.62,7.67,44773,0
2017-10-27,16:00:00,7.65,7.66,7.47,7.54,34741,0
2017-10-27,17:00:00,7.52,7.53,7.4599,7.505,69005,0
2017-10-27,18:00:00,7.5,7.515,7.36,7.365,47856,0
2017-10-27,19:00:00,7.37,7.38,7.32,7.32,27846,0
2017-10-27,20:00:00,7.32,7.34,7.25,7.28,32849,0
2017-10-27,21:00:00,7.28,7.34,7.28,7.34,25181,0
2017-10-27,22:00:00,7.34,7.41,7.32,7.4,69351,0
2017-10-30,15:00:00,7.33,7.36,7.25,7.33,60272,0
2017-10-30,16:00:00,7.32,7.35,7.15,7.23,50135,0
2017-10-30,17:00:00,7.22,7.245,7.13,7.14,31863,0
2017-10-30,18:00:00,7.16,7.21,7.13,7.13,14685,0
2017-10-30,19:00:00,7.13,7.21,7.115,7.15,15549,0
2017-10-30,20:00:00,7.15,7.23,7.15,7.15,14840,0
2017-10-30,21:00:00,7.17,7.21,7.17,7.21,111723,0
2017-10-31,15:00:00,7.22,7.44,7.18,7.24,17830,0
2017-10-31,16:00:00,7.23,7.32,7.23,7.25,19301,0
2017-10-31,17:00:00,7.26,7.26,7.21,7.22,16998,0
2017-10-31,18:00:00,7.22,7.23,7.2,7.21,13488,0
2017-10-31,19:00:00,7.2,7.23,7.19,7.23,11173,0
2017-10-31,20:00:00,7.23,7.24,7.2,7.24,18510,0
2017-10-31,21:00:00,7.24,7.25,7.2,7.2,91048,0
2017-11-01,15:00:00,7.23,7.23,7.13,7.16,30567,0
2017-11-01,16:00:00,7.16,7.17,7.05,7.09,61794,0
2017-11-01,17:00:00,7.09,7.14,7.03,7.06,39234,0
2017-11-01,18:00:00,7.05,7.11,7.04,7.09,27130,0
2017-11-01,19:00:00,7.09,7.12,7.05,7.07,15720,0
2017-11-01,20:00:00,7.08,7.14,7.07,7.13,23968,0
2017-11-01,21:00:00,7.14,7.14,7.07,7.1,82012,0
2017-11-02,15:00:00,7.09,7.155,7.01,7.11,7401,0
2017-11-02,16:00:00,7.11,7.14,7.03,7.09,22126,0
2017-11-02,17:00:00,7.1,7.11,7.08,7.1,34663,0
2017-11-02,18:00:00,7.08,7.11,7.04,7.05,26999,0
2017-11-02,19:00:00,7.04,7.08,7.01,7.07,43572,0
2017-11-02,20:00:00,7.06,7.08,7.03,7.05,18078,0
2017-11-02,21:00:00,7.05,7.11,7.03,7.08,72347,0
2017-11-03,15:00:00,7.08,7.162,7.01,7.02,17548,0
2017-11-03,16:00:00,7.03,7.11,7.02,7.08,16362,0
2017-11-03,17:00:00,7.08,7.13,7.075,7.095,13280,0
2017-11-03,18:00:00,7.1,7.1,7.01,7.01,37440,0
2017-11-03,19:00:00,7.02,7.03,6.99,7.03,22199,0
2017-11-03,20:00:00,7.03,7.06,7.01,7.06,16112,0
2017-11-03,21:00:00,7.06,7.1,7.04,7.08,79682,0
2017-11-06,16:00:00,7.08,7.3,7.08,7.235,44522,0
2017-11-06,17:00:00,7.22,7.24,7.16,7.18,25236,0
2017-11-06,18:00:00,7.17,7.21,7.15,7.18,17160,0
2017-11-06,19:00:00,7.18,7.2009,7.17,7.19,15715,0
2017-11-06,20:00:00,7.19,7.205,7.16,7.16,24093,0
2017-11-06,21:00:00,7.16,7.17,7.15,7.155,9800,0
2017-11-06,22:00:00,7.16,7.2,7.15,7.18,119538,0
2017-11-07,16:00:00,7.18,7.32,7.14,7.18,11123,0
2017-11-07,17:00:00,7.18,7.26,7.16,7.24,36226,0
2017-11-07,18:00:00,7.23,7.25,7.19,7.205,45876,0
2017-11-07,19:00:00,7.2,7.24,7.19,7.21,23886,0
2017-11-07,20:00:00,7.2,7.23,7.2,7.215,19173,0
2017-11-07,21:00:00,7.22,7.22,7.18,7.2,32267,0
2017-11-07,22:00:00,7.19,7.19,7.15,7.18,65412,0
2017-11-08,16:00:00,7.17,7.17,7.04,7.1,12773,0
2017-11-08,17:00:00,7.09,7.11,7.05,7.07,55060,0
2017-11-08,18:00:00,7.06,7.14,7.06,7.12,20695,0
2017-11-08,19:00:00,7.12,7.195,7.11,7.1801,17218,0
2017-11-08,20:00:00,7.19,7.22,7.16,7.2,24036,0
2017-11-08,21:00:00,7.2,7.24,7.19,7.24,45271,0
2017-11-08,22:00:00,7.23,7.26,7.215,7.25,82054,0
2017-11-09,16:00:00,7.21,7.36,7.21,7.3,11285,0
2017-11-09,17:00:00,7.32,7.34,7.255,7.28,22545,0
2017-11-09,18:00:00,7.27,7.28,7.24,7.26,26399,0
2017-11-09,19:00:00,7.25,7.29,7.25,7.29,10094,0
2017-11-09,20:00:00,7.29,7.39,7.29,7.37,11682,0
2017-11-09,21:00:00,7.39,7.39,7.31,7.32,10685,0
2017-11-09,22:00:00,7.32,7.33,7.29,7.33,22603,0
2017-11-10,16:00:00,7.3,7.54,7.3,7.37,14122,0
2017-11-10,17:00:00,7.375,7.44,7.29,7.425,66902,0
2017-11-10,18:00:00,7.42,7.54,7.39,7.5,21533,0
2017-11-10,19:00:00,7.52,7.56,7.48,7.48,16599,0
2017-11-10,20:00:00,7.49,7.555,7.43,7.53,19611,0
2017-11-10,21:00:00,7.55,7.59,7.51,7.545,226925,0
2017-11-10,22:00:00,7.54,7.55,7.43,7.49,87357,0
2017-11-13,16:00:00,7.49,7.629,7.44,7.55,15472,0
2017-11-13,17:00:00,7.52,7.6,7.51,7.53,13800,0
2017-11-13,18:00:00,7.52,7.57,7.52,7.55,17624,0
2017-11-13,19:00:00,7.56,7.56,7.45,7.5,52224,0
2017-11-13,20:00:00,7.51,7.5999,7.49,7.57,26726,0
2017-11-13,21:00:00,7.59,7.59,7.53,7.54,13000,0
2017-11-13,22:00:00,7.545,7.58,7.515,7.53,51773,0
2017-11-14,16:00:00,7.44,7.51,7.39,7.5,30271,0
2017-11-14,17:00:00,7.49,7.535,7.41,7.535,39927,0
2017-11-14,18:00:00,7.53,7.58,7.47,7.5,40343,0
2017-11-14,19:00:00,7.49,7.55,7.49,7.5,20242,0
2017-11-14,20:00:00,7.5,7.52,7.49,7.5,21927,0
2017-11-14,21:00:00,7.5,7.53,7.49,7.5,28971,0
2017-11-14,22:00:00,7.49,7.54,7.48,7.52,75795,0
2017-11-15,16:00:00,7.46,7.57,7.4,7.55,15380,0
2017-11-15,17:00:00,7.5393,7.59,7.5,7.53,29444,0
2017-11-15,18:00:00,7.52,7.53,7.48,7.53,15737,0
2017-11-15,19:00:00,7.525,7.545,7.49,7.51,27866,0
2017-11-15,20:00:00,7.5,7.53,7.48,7.505,23929,0
2017-11-15,21:00:00,7.505,7.53,7.485,7.525,20140,0
2017-11-15,22:00:00,7.525,7.535,7.485,7.49,123096,0
2017-11-16,16:00:00,7.5,7.52,7.44,7.49,20410,0
2017-11-16,17:00:00,7.52,7.62,7.52,7.54,25357,0
2017-11-16,18:00:00,7.54,7.61,7.52,7.61,52799,0
2017-11-16,19:00:00,7.6,7.65,7.575,7.65,36403,0
2017-11-16,20:00:00,7.64,7.66,7.63,7.655,11060,0
2017-11-16,21:00:00,7.66,7.67,7.625,7.625,12306,0
2017-11-16,22:00:00,7.625,7.625,7.55,7.57,54668,0
2017-11-17,16:00:00,7.73,8.1,7.7,8,173310,0
2017-11-17,17:00:00,8.02,8.32,8.02,8.26,372151,0
2017-11-17,18:00:00,8.28,8.36,8.23,8.255,294869,0
2017-11-17,19:00:00,8.255,8.49,8.21,8.484,135404,0
2017-11-17,20:00:00,8.49,8.49,8.35,8.35,25255,0
2017-11-17,21:00:00,8.34,8.36,8.29,8.33,21181,0
2017-11-17,22:00:00,8.33,8.41,8.29,8.29,88566,0
2017-11-20,16:00:00,8.29,8.29,8.1,8.19,19163,0
2017-11-20,17:00:00,8.19,8.335,8.18,8.3,77729,0
2017-11-20,18:00:00,8.3,8.34,8.29,8.31,35985,0
2017-11-20,19:00:00,8.31,8.32,8.28,8.31,52690,0
2017-11-20,20:00:00,8.31,8.42,8.245,8.4,55274,0
2017-11-20,21:00:00,8.4,8.42,8.29,8.37,57673,0
2017-11-20,22:00:00,8.37,8.425,8.36,8.39,56747,0
2017-11-21,16:00:00,8.38,8.38,8.16,8.19,20176,0
2017-11-21,17:00:00,8.19,8.36,8.19,8.26,22897,0
2017-11-21,18:00:00,8.26,8.26,8.14,8.23,47393,0
2017-11-21,19:00:00,8.22,8.235,8.19,8.22,30931,0
2017-11-21,20:00:00,8.2,8.22,8.17,8.21,40880,0
2017-11-21,21:00:00,8.21,8.24,8.2,8.22,12770,0
2017-11-21,22:00:00,8.225,8.28,8.21,8.25,85004,0
2017-11-22,16:00:00,8.25,8.28,8.1,8.23,18060,0
2017-11-22,17:00:00,8.17,8.195,8.12,8.175,25672,0
2017-11-22,18:00:00,8.17,8.23,8.15,8.23,20427,0
2017-11-22,19:00:00,8.23,8.255,8.21,8.21,10600,0
2017-11-22,20:00:00,8.21,8.26,8.18,8.26,25317,0
2017-11-22,21:00:00,8.27,8.33,8.23,8.26,19737,0
2017-11-22,22:00:00,8.26,8.3,8.22,8.23,53607,0
2017-11-24,16:00:00,8.27,8.35,8.24,8.24,12649,0
2017-11-24,17:00:00,8.26,8.26,8.17,8.18,12000,0
2017-11-24,18:00:00,8.19,8.23,8.185,8.19,12100,0
2017-11-24,19:00:00,8.19,8.22,8.16,8.18,37570,0
2017-11-24,20:00:00,8.19,8.19,8.19,8.19,2897,0
2017-11-27,16:00:00,8.21,8.42,8.21,8.3,16413,0
2017-11-27,17:00:00,8.28,8.31,8.18,8.2,18200,0
2017-11-27,18:00:00,8.2,8.31,8.18,8.31,43546,0
2017-11-27,19:00:00,8.29,8.29,8.18,8.22,13400,0
2017-11-27,20:00:00,8.215,8.26,8.21,8.245,17856,0
2017-11-27,21:00:00,8.25,8.25,8.16,8.225,16590,0
2017-11-27,22:00:00,8.225,8.23,8.17,8.17,52531,0
2017-11-28,16:00:00,8.2,8.3,8.18,8.28,10665,0
2017-11-28,17:00:00,8.28,8.3,8.22,8.265,17240,0
2017-11-28,18:00:00,8.26,8.275,8.17,8.235,23130,0
2017-11-28,19:00:00,8.23,8.275,8.18,8.27,19785,0
2017-11-28,20:00:00,8.27,8.3,8.22,8.275,20490,0
2017-11-28,21:00:00,8.28,8.315,8.23,8.31,25336,0
2017-11-28,22:00:00,8.3,8.385,8.285,8.35,172906,0
2017-11-29,16:00:00,8.36,8.66,8.36,8.63,32004,0
2017-11-29,17:00:00,8.65,8.68,8.55,8.61,35033,0
2017-11-29,18:00:00,8.6,8.76,8.59,8.75,24256,0
2017-11-29,19:00:00,8.75,8.78,8.67,8.76,13977,0
2017-11-29,20:00:00,8.75,8.77,8.7,8.77,15938,0
2017-11-29,21:00:00,8.77,8.93,8.77,8.89,41677,0
2017-11-29,22:00:00,8.9,8.95,8.87,8.95,114495,0
2017-11-30,16:00:00,8.99,9.21,8.91,9,35927,0
2017-11-30,17:00:00,8.97,9.04,8.83,8.97,59400,0
2017-11-30,18:00:00,8.97,9.01,8.875,8.89,25216,0
2017-11-30,19:00:00,8.89,8.96,8.87,8.935,22600,0
2017-11-30,20:00:00,8.935,8.95,8.88,8.9,39155,0
2017-11-30,21:00:00,8.9,8.96,8.885,8.885,66580,0
2017-11-30,22:00:00,8.89,8.95,8.84,8.85,164526,0
2017-12-01,16:00:00,8.87,8.88,8.62,8.71,45986,0
2017-12-01,17:00:00,8.72,8.73,8.4,8.46,57210,0
2017-12-01,18:00:00,8.47,8.49,8.2811,8.43,57389,0
2017-12-01,19:00:00,8.46,8.48,8.38,8.44,29739,0
2017-12-01,20:00:00,8.445,8.54,8.41,8.46,39138,0
2017-12-01,21:00:00,8.47,8.475,8.42,8.47,25422,0
2017-12-01,22:00:00,8.47,8.53,8.45,8.5,77467,0
2017-12-04,16:00:00,8.58,8.695,8.54,8.63,30419,0
2017-12-04,17:00:00,8.65,8.78,8.64,8.76,40243,0
2017-12-04,18:00:00,8.76,8.76,8.63,8.64,16550,0
2017-12-04,19:00:00,8.63,8.64,8.56,8.56,14251,0
2017-12-04,20:00:00,8.57,8.59,8.5,8.53,20505,0
2017-12-04,21:00:00,8.545,8.64,8.5,8.64,43291,0
2017-12-04,22:00:00,8.64,8.67,8.59,8.6,53217,0
2017-12-05,16:00:00,8.64,8.79,8.36,8.4499,43461,0
2017-12-05,17:00:00,8.435,8.55,8.41,8.485,52301,0
2017-12-05,18:00:00,8.49,8.56,8.45,8.55,25861,0
2017-12-05,19:00:00,8.54,8.54,8.46,8.54,43185,0
2017-12-05,20:00:00,8.54,8.58,8.49,8.53,47661,0
2017-12-05,21:00:00,8.511,8.58,8.48,8.54,33032,0
2017-12-05,22:00:00,8.535,8.69,8.495,8.63,192797,0
2017-12-06,16:00:00,9.15,9.92,9.15,9.8675,400687,0
2017-12-06,17:00:00,9.86,10.78,9.8,10.5008,776382,0
2017-12-06,18:00:00,10.52,11.2699,10.5,11.02,856362,0
2017-12-06,19:00:00,11.02,11.27,10.9,11.21,421286,0
2017-12-06,20:00:00,11.21,11.7299,11.1,11.5927,500222,0
2017-12-06,21:00:00,11.58,11.75,11.11,11.245,738900,0
2017-12-06,22:00:00,11.225,11.57,10.87,11.03,923558,0
