Date,Time,Open,High,Low,Close,Volume,OpenInt
2017-02-22,16:00:00,17.257,17.257,17.257,17.257,103,0
2017-02-22,17:00:00,17.354,17.354,17.354,17.354,206,0
2017-02-22,18:00:00,17.307,17.307,17.307,17.307,103,0
2017-02-22,19:00:00,17.307,17.403,17.307,17.307,1340,0
2017-02-22,21:00:00,17.403,17.403,17.354,17.354,310,0
2017-02-22,22:00:00,17.354,17.354,17.307,17.307,412,0
2017-02-23,17:00:00,17.354,17.354,17.354,17.354,928,0
2017-02-23,18:00:00,17.354,17.403,17.354,17.354,1320,0
2017-02-23,19:00:00,17.403,17.403,17.403,17.403,1288,0
2017-02-23,20:00:00,17.354,17.354,17.354,17.354,103,0
2017-02-23,22:00:00,17.381,17.408,17.112,17.307,46268,0
2017-02-24,16:00:00,17.16,17.257,17.16,17.257,986,0
2017-02-24,17:00:00,17.257,17.307,16.967,17.064,36261,0
2017-02-24,20:00:00,17.257,17.257,17.257,17.257,103,0
2017-02-24,22:00:00,17.148,17.148,16.967,16.967,1755,0
2017-02-27,16:00:00,17.16,17.257,17.16,17.16,721,0
2017-02-27,17:00:00,17.302,17.307,17.226,17.307,2341,0
2017-02-27,19:00:00,17.21,17.257,17.209,17.209,626,0
2017-02-27,20:00:00,17.209,17.209,17.209,17.209,206,0
2017-02-27,21:00:00,17.112,17.209,17.112,17.209,412,0
2017-02-27,22:00:00,17.209,17.307,17.209,17.209,5962,0
2017-02-28,16:00:00,17.257,17.257,17.112,17.122,746,0
2017-02-28,17:00:00,17.224,17.307,17.209,17.307,2820,0
2017-02-28,18:00:00,17.307,17.307,17.209,17.307,866,0
2017-02-28,19:00:00,17.307,17.354,17.209,17.354,1135,0
2017-02-28,20:00:00,17.349,17.354,17.165,17.209,2994,0
2017-02-28,21:00:00,17.257,17.257,17.16,17.233,1135,0
2017-02-28,22:00:00,17.233,17.354,17.233,17.257,949,0
2017-03-01,17:00:00,17.354,17.354,17.112,17.354,7177,0
2017-03-01,18:00:00,17.354,17.5,17.257,17.451,16778,0
2017-03-01,19:00:00,17.694,17.694,17.431,17.431,1177,0
2017-03-01,20:00:00,17.451,17.451,17.451,17.451,495,0
2017-03-01,21:00:00,17.451,17.451,17.354,17.354,753,0
2017-03-01,22:00:00,17.421,17.451,17.307,17.307,2006,0
2017-03-02,18:00:00,16.967,17.015,16.967,17.015,206,0
2017-03-02,19:00:00,17.112,17.791,17.112,17.791,5549,0
2017-03-02,20:00:00,17.525,17.936,17.403,17.403,5047,0
2017-03-02,21:00:00,17.451,17.451,17.451,17.451,206,0
2017-03-02,22:00:00,17.451,17.451,17.354,17.403,1443,0
2017-03-03,19:00:00,17.307,17.307,17.307,17.307,103,0
2017-03-03,20:00:00,17.307,17.403,17.307,17.354,412,0
2017-03-03,21:00:00,17.354,17.742,17.354,17.742,4036,0
2017-03-03,22:00:00,17.742,17.887,17.451,17.742,4353,0
2017-03-06,16:00:00,17.858,17.858,17.451,17.694,2682,0
2017-03-06,17:00:00,17.694,17.694,17.645,17.645,2373,0
2017-03-06,18:00:00,17.597,17.597,17.451,17.451,877,0
2017-03-06,19:00:00,17.451,17.451,17.451,17.451,103,0
2017-03-06,20:00:00,17.548,17.597,17.548,17.597,310,0
2017-03-06,22:00:00,17.451,17.597,17.451,17.5,1193,0
2017-03-07,16:00:00,17.112,17.209,17.112,17.209,310,0
2017-03-07,17:00:00,17.411,17.791,17.411,17.791,5729,0
2017-03-07,18:00:00,17.791,17.791,17.791,17.791,206,0
2017-03-07,19:00:00,17.791,17.791,17.451,17.451,903,0
2017-03-07,21:00:00,17.597,17.694,17.597,17.694,206,0
2017-03-07,22:00:00,17.791,17.791,17.742,17.791,1961,0
2017-03-08,16:00:00,17.597,17.597,17.597,17.597,103,0
2017-03-08,17:00:00,17.839,17.839,17.839,17.839,206,0
2017-03-08,18:00:00,18.179,18.179,17.742,17.742,2579,0
2017-03-08,19:00:00,18.033,18.033,17.887,18.033,310,0
2017-03-08,20:00:00,17.985,18.13,17.985,18.13,310,0
2017-03-08,21:00:00,17.977,18.033,17.977,18.033,825,0
2017-03-08,22:00:00,18.004,18.276,17.991,18.226,4181,0
2017-03-09,16:00:00,18.179,18.373,17.887,18.323,2890,0
2017-03-09,17:00:00,18.276,18.518,18.276,18.421,4332,0
2017-03-09,18:00:00,18.421,18.518,18.421,18.474,1928,0
2017-03-09,20:00:00,18.499,18.499,18.179,18.179,3005,0
2017-03-09,22:00:00,18.218,18.218,17.694,17.694,1906,0
2017-03-10,16:00:00,17.742,17.742,17.015,17.015,413,0
2017-03-10,17:00:00,18.033,18.323,17.985,18.179,4947,0
2017-03-10,18:00:00,18.13,18.226,18.13,18.226,206,0
2017-03-10,19:00:00,17.977,17.977,17.977,17.977,378,0
2017-03-10,21:00:00,18.033,18.226,18.033,18.226,520,0
2017-03-10,22:00:00,18.13,18.226,17.985,17.985,452,0
2017-03-13,16:00:00,18.13,18.469,17.307,17.5,7899,0
2017-03-13,17:00:00,17.839,17.839,17.645,17.694,310,0
2017-03-13,19:00:00,17.645,17.645,17.645,17.645,103,0
2017-03-13,21:00:00,17.905,17.905,17.694,17.742,1999,0
2017-03-14,15:00:00,17.5,17.5,17.5,17.5,103,0
2017-03-14,16:00:00,17.645,18.13,17.645,17.936,3919,0
2017-03-14,17:00:00,18.033,18.033,18.033,18.033,103,0
2017-03-14,18:00:00,17.719,17.719,17.719,17.719,330,0
2017-03-14,19:00:00,17.887,17.936,17.839,17.936,1961,0
2017-03-14,20:00:00,18.082,18.082,18.082,18.082,103,0
2017-03-14,21:00:00,18.082,18.13,17.791,17.791,1582,0
2017-03-15,16:00:00,18.179,18.179,17.742,17.887,1482,0
2017-03-15,17:00:00,17.887,18.226,17.887,18.082,7935,0
2017-03-15,18:00:00,17.936,17.936,17.936,17.936,310,0
2017-03-15,19:00:00,17.985,18.033,17.887,17.887,2785,0
2017-03-15,20:00:00,17.887,18.13,17.887,17.887,2801,0
2017-03-15,21:00:00,18.13,18.13,18.13,18.13,412,0
2017-03-16,15:00:00,17.839,17.839,17.839,17.839,103,0
2017-03-16,16:00:00,18.036,18.036,18.036,18.036,258,0
2017-03-16,17:00:00,18.13,18.226,18.082,18.082,3603,0
2017-03-16,18:00:00,17.936,17.961,17.791,17.791,1210,0
2017-03-16,19:00:00,17.887,17.985,17.887,17.985,1547,0
2017-03-16,21:00:00,17.985,18.033,17.936,17.985,1443,0
2017-03-17,15:00:00,18.033,18.033,18.033,18.033,206,0
2017-03-17,16:00:00,18.082,18.082,17.694,17.694,2785,0
2017-03-17,17:00:00,17.936,17.936,17.936,17.936,103,0
2017-03-17,18:00:00,18.082,18.082,18.082,18.082,103,0
2017-03-17,19:00:00,17.985,18.033,17.985,17.985,1135,0
2017-03-17,20:00:00,18.009,18.13,18.009,18.13,1103,0
2017-03-17,21:00:00,18.033,18.179,18.033,18.179,4938,0
2017-03-20,16:00:00,17.937,17.937,17.937,17.937,2063,0
2017-03-20,17:00:00,17.936,17.936,17.791,17.791,492,0
2017-03-20,18:00:00,17.936,18.13,17.839,17.887,2682,0
2017-03-20,19:00:00,17.985,18.13,17.985,18.082,1145,0
2017-03-20,20:00:00,17.936,18.13,17.936,18.13,206,0
2017-03-20,21:00:00,18.033,18.033,17.936,17.936,4196,0
2017-03-21,17:00:00,17.694,17.839,17.694,17.839,515,0
2017-03-21,18:00:00,18.033,18.179,18.033,18.179,2792,0
2017-03-21,19:00:00,18.033,18.033,17.742,17.936,412,0
2017-03-21,21:00:00,17.985,17.985,17.791,17.791,1444,0
2017-03-22,16:00:00,17.791,17.791,17.791,17.791,103,0
2017-03-22,17:00:00,17.887,17.887,17.887,17.887,103,0
2017-03-22,18:00:00,18.179,18.179,17.791,17.791,2888,0
2017-03-22,20:00:00,18.13,18.373,17.791,18.373,446,0
2017-03-22,21:00:00,18.13,18.179,17.839,17.839,774,0
2017-03-23,15:00:00,18.513,18.513,18.178,18.179,928,0
2017-03-23,16:00:00,17.985,17.985,17.985,17.985,144,0
2017-03-23,17:00:00,17.844,17.844,17.844,17.844,406,0
2017-03-23,19:00:00,18.075,18.075,18.075,18.075,103,0
2017-03-23,21:00:00,17.985,17.985,17.936,17.936,206,0
2017-03-24,15:00:00,18.033,18.033,18.033,18.033,103,0
2017-03-24,16:00:00,18.033,18.276,18.033,18.13,1857,0
2017-03-24,17:00:00,18.13,18.323,18.13,18.226,3816,0
2017-03-24,19:00:00,18.226,18.226,18.179,18.179,619,0
2017-03-24,20:00:00,18.203,18.203,18.203,18.203,103,0
2017-03-24,21:00:00,18.179,18.276,18.13,18.276,3300,0
2017-03-27,16:00:00,18.082,18.082,18.082,18.082,520,0
2017-03-27,17:00:00,18.179,18.226,18.082,18.226,1007,0
2017-03-27,18:00:00,18.226,18.226,18.13,18.13,2991,0
2017-03-27,19:00:00,18.13,18.13,18.13,18.13,412,0
2017-03-27,22:00:00,18.226,18.226,18.13,18.13,615,0
2017-03-28,16:00:00,18.226,18.226,18.226,18.226,103,0
2017-03-28,18:00:00,17.791,17.791,17.791,17.791,308,0
2017-03-28,19:00:00,17.985,17.985,17.985,17.985,206,0
2017-03-28,21:00:00,18.129,18.129,18.129,18.129,258,0
2017-03-28,22:00:00,18.196,18.196,18.13,18.13,234,0
2017-03-29,16:00:00,18.13,18.13,18.033,18.082,3149,0
2017-03-29,17:00:00,17.936,17.985,17.936,17.936,465,0
2017-03-29,18:00:00,17.985,18.033,17.887,17.887,1857,0
2017-03-29,20:00:00,17.982,17.982,17.982,17.982,310,0
2017-03-30,18:00:00,18.028,18.033,17.936,17.936,3905,0
2017-03-30,19:00:00,17.936,17.936,17.936,17.936,345,0
2017-03-30,20:00:00,18.033,18.106,18.033,18.106,206,0
2017-03-30,21:00:00,18.082,18.106,18.082,18.106,206,0
2017-03-30,22:00:00,18.033,18.179,18.033,18.179,207,0
2017-03-31,16:00:00,18.13,18.13,18.13,18.13,103,0
2017-03-31,20:00:00,18.033,18.033,17.887,18.033,2160,0
2017-03-31,22:00:00,18.082,18.226,18.082,18.226,1795,0
2017-04-03,16:00:00,18.082,18.324,18.082,18.324,206,0
2017-04-03,21:00:00,18.226,18.276,18.13,18.13,3223,0
2017-04-03,22:00:00,18.13,18.13,17.887,17.936,722,0
2017-04-04,21:00:00,17.887,18.276,17.791,18.276,36608,0
2017-04-04,22:00:00,18.226,18.518,18.179,18.518,5879,0
2017-04-05,16:00:00,18.615,19.1,18.421,18.421,26394,0
2017-04-05,17:00:00,18.421,18.663,18.082,18.323,13784,0
2017-04-05,18:00:00,18.323,18.421,18.226,18.226,1650,0
2017-04-05,19:00:00,18.082,18.082,17.985,18.033,4847,0
2017-04-05,20:00:00,17.985,17.985,17.791,17.791,1701,0
2017-04-05,21:00:00,17.742,17.839,17.742,17.791,4959,0
2017-04-05,22:00:00,17.887,18.082,17.645,17.694,8921,0
2017-04-06,16:00:00,17.742,17.742,17.742,17.742,155,0
2017-04-06,18:00:00,17.645,17.887,17.597,17.791,2589,0
2017-04-06,20:00:00,17.622,17.652,17.622,17.652,2579,0
2017-04-06,21:00:00,17.791,17.791,17.694,17.694,237,0
2017-04-06,22:00:00,17.742,17.769,17.694,17.721,1857,0
2017-04-07,17:00:00,17.709,17.936,17.709,17.936,310,0
2017-04-07,18:00:00,17.936,18.13,17.839,17.887,3919,0
2017-04-07,19:00:00,17.839,17.839,17.839,17.839,310,0
2017-04-07,20:00:00,17.936,17.985,17.936,17.985,515,0
2017-04-07,21:00:00,17.985,17.985,17.985,17.985,103,0
2017-04-07,22:00:00,17.985,17.985,17.936,17.936,412,0
2017-04-10,17:00:00,17.694,18.421,17.622,18.421,8871,0
2017-04-10,18:00:00,18.368,18.368,17.742,18.13,5350,0
2017-04-10,19:00:00,18.179,18.179,18.179,18.179,412,0
2017-04-10,21:00:00,18.13,18.204,18.13,18.204,206,0
2017-04-10,22:00:00,18.082,18.179,18.082,18.179,1088,0
2017-04-11,17:00:00,17.936,17.936,17.936,17.936,206,0
2017-04-11,20:00:00,18.319,18.319,18.083,18.083,1273,0
2017-04-11,21:00:00,18.323,18.323,18.226,18.323,4165,0
2017-04-11,22:00:00,18.323,18.373,18.276,18.276,3979,0
2017-04-12,17:00:00,17.677,18.091,17.677,18.091,1289,0
2017-04-12,18:00:00,18.421,18.421,18.226,18.323,2373,0
2017-04-12,19:00:00,18.323,18.323,18.293,18.293,310,0
2017-04-12,21:00:00,18.323,18.323,18.226,18.226,310,0
2017-04-12,22:00:00,18.226,18.276,18.179,18.276,1186,0
2017-04-13,16:00:00,18.421,18.421,18.421,18.421,155,0
2017-04-13,17:00:00,17.936,17.936,17.936,17.936,412,0
2017-04-13,20:00:00,18.033,18.323,17.985,18.323,19523,0
2017-04-13,21:00:00,18.323,18.518,18.179,18.179,23188,0
2017-04-13,22:00:00,18.179,18.179,17.839,18.13,2309,0
2017-04-17,17:00:00,18.323,18.323,17.887,18.179,6194,0
2017-04-17,18:00:00,18.179,18.207,18.179,18.179,722,0
2017-04-17,19:00:00,18.251,18.323,18.226,18.226,3419,0
2017-04-17,20:00:00,18.082,18.172,17.988,18.172,2674,0
2017-04-17,21:00:00,18.106,18.13,17.936,17.936,1408,0
2017-04-17,22:00:00,18.009,18.033,18.009,18.033,209,0
2017-04-18,16:00:00,17.887,17.887,17.887,17.887,105,0
2017-04-18,17:00:00,18.819,18.955,17.5,17.5,980,0
2017-04-18,18:00:00,17.864,17.936,17.864,17.936,206,0
2017-04-18,19:00:00,18.082,18.13,17.912,17.936,4198,0
2017-04-18,20:00:00,17.936,17.936,17.936,17.936,103,0
2017-04-18,21:00:00,17.936,17.985,17.887,17.985,310,0
2017-04-18,22:00:00,17.985,18.082,17.985,17.985,1044,0
2017-04-19,16:00:00,17.887,17.887,17.887,17.887,232,0
2017-04-19,18:00:00,18.663,18.663,18.663,18.663,103,0
2017-04-19,19:00:00,18.421,18.421,18.421,18.421,103,0
2017-04-19,21:00:00,18.13,18.226,17.975,18.179,6694,0
2017-04-19,22:00:00,18.179,18.373,18.179,18.323,1033,0
2017-04-20,17:00:00,18.226,18.566,18.226,18.421,3296,0
2017-04-20,18:00:00,18.663,18.663,18.663,18.663,310,0
2017-04-20,19:00:00,18.421,18.421,18.276,18.276,1031,0
2017-04-20,21:00:00,18.373,18.373,18.149,18.358,4740,0
2017-04-20,22:00:00,18.373,18.373,18.323,18.373,618,0
2017-04-21,16:00:00,18.323,18.323,18.323,18.323,188,0
2017-04-21,17:00:00,18.518,18.518,18.469,18.469,206,0
2017-04-21,18:00:00,18.518,18.588,18.491,18.588,1547,0
2017-04-21,19:00:00,18.421,18.421,18.421,18.421,1799,0
2017-04-21,21:00:00,18.469,18.539,18.373,18.373,548,0
2017-04-21,22:00:00,18.469,18.469,18.276,18.323,1429,0
2017-04-24,16:00:00,18.323,18.323,18.323,18.323,169,0
2017-04-24,17:00:00,18.615,18.615,18.373,18.373,800,0
2017-04-24,19:00:00,18.421,18.808,18.421,18.808,24200,0
2017-04-24,20:00:00,18.663,18.663,18.426,18.426,722,0
2017-04-24,21:00:00,18.481,18.481,18.45,18.45,361,0
2017-04-24,22:00:00,18.663,18.663,18.663,18.663,777,0
2017-04-25,18:00:00,18.583,18.583,18.583,18.583,172,0
2017-04-25,19:00:00,18.663,18.663,18.663,18.663,206,0
2017-04-25,20:00:00,18.663,18.663,18.663,18.663,206,0
2017-04-25,21:00:00,18.663,18.663,18.561,18.561,1135,0
2017-04-25,22:00:00,18.615,18.615,18.615,18.615,310,0
2017-04-26,17:00:00,18.663,18.711,18.518,18.711,1233,0
2017-04-26,18:00:00,18.518,18.663,18.323,18.663,20619,0
2017-04-26,19:00:00,18.566,18.663,18.566,18.615,36435,0
2017-04-26,20:00:00,18.566,18.615,18.226,18.518,11133,0
2017-04-26,21:00:00,18.421,18.566,18.421,18.566,28020,0
2017-04-26,22:00:00,18.566,18.955,18.566,18.955,5256,0
2017-04-27,16:00:00,19.002,19.002,18.858,18.858,3878,0
2017-04-27,17:00:00,18.905,18.955,18.751,18.858,2735,0
2017-04-27,18:00:00,18.858,18.858,18.711,18.858,3281,0
2017-04-27,21:00:00,18.955,18.955,18.808,18.858,3507,0
2017-04-27,22:00:00,18.808,19.051,18.808,19.051,2819,0
2017-04-28,16:00:00,19.39,20.494,19.342,19.924,8512,0
2017-04-28,17:00:00,19.954,20.263,19.954,20.221,2465,0
2017-04-28,18:00:00,20.166,20.236,19.875,20.158,2883,0
2017-04-28,19:00:00,20.263,20.263,20.263,20.263,103,0
2017-04-28,21:00:00,20.263,20.263,20.166,20.166,755,0
2017-04-28,22:00:00,20.189,20.359,20.189,20.312,2154,0
2017-05-01,16:00:00,20.359,20.359,20.359,20.359,326,0
2017-05-01,17:00:00,20.409,21.088,20.287,20.602,4506,0
2017-05-01,18:00:00,20.546,20.748,20.215,20.215,4020,0
2017-05-01,21:00:00,20.215,20.312,20.069,20.263,2682,0
2017-05-01,22:00:00,20.312,20.359,20.248,20.248,4246,0
2017-05-02,16:00:00,19.536,20.117,19.39,20.117,3404,0
2017-05-02,17:00:00,20.215,20.312,19.924,20.263,6256,0
2017-05-02,18:00:00,20.215,20.215,19.977,19.977,1769,0
2017-05-02,19:00:00,20.263,20.263,19.73,19.73,1961,0
2017-05-02,20:00:00,19.875,20.409,19.827,19.827,1932,0
2017-05-02,21:00:00,19.73,20.166,19.681,20.166,599,0
2017-05-02,22:00:00,20.117,20.117,19.633,19.633,618,0
2017-05-03,17:00:00,19.58,19.58,19.58,19.58,530,0
2017-05-03,18:00:00,19.293,19.293,19.148,19.148,528,0
2017-05-03,19:00:00,19.385,19.39,19.385,19.39,206,0
2017-05-03,22:00:00,19.245,19.245,19.22,19.22,206,0
2017-05-04,17:00:00,18.955,19.1,18.955,19.1,206,0
2017-05-04,19:00:00,18.955,18.955,18.761,18.808,2089,0
2017-05-04,20:00:00,18.663,18.663,18.663,18.663,206,0
2017-05-04,22:00:00,19.051,19.051,19.051,19.051,206,0
2017-05-05,18:00:00,19.163,19.163,19.163,19.163,1289,0
2017-05-05,21:00:00,19.051,19.051,19.051,19.051,151,0
2017-05-08,16:00:00,19.071,19.071,19.071,19.071,205,0
2017-05-08,17:00:00,18.973,19.487,18.924,19.365,3496,0
2017-05-08,18:00:00,19.34,19.34,19.34,19.34,278,0
2017-05-08,19:00:00,19.267,19.267,19.169,19.169,1526,0
2017-05-08,20:00:00,19.315,19.365,19.242,19.315,1636,0
2017-05-08,21:00:00,19.365,19.56,19.365,19.56,1774,0
2017-05-08,22:00:00,19.413,19.56,19.272,19.56,6395,0
2017-05-09,16:00:00,19.511,19.511,19.511,19.511,102,0
2017-05-09,17:00:00,19.56,19.56,19.365,19.462,2375,0
2017-05-09,18:00:00,19.511,19.511,19.511,19.511,102,0
2017-05-09,19:00:00,19.315,19.511,19.315,19.459,4493,0
2017-05-09,20:00:00,19.365,19.365,19.365,19.365,204,0
2017-05-09,21:00:00,19.511,19.511,19.462,19.511,476,0
2017-05-09,22:00:00,19.511,19.56,19.462,19.56,2659,0
2017-05-10,16:00:00,19.56,19.56,19.56,19.56,715,0
2017-05-10,18:00:00,19.756,19.951,19.756,19.951,802,0
2017-05-10,19:00:00,19.756,19.804,19.756,19.804,1022,0
2017-05-10,20:00:00,19.741,19.741,19.741,19.741,198,0
2017-05-10,22:00:00,19.804,19.897,19.609,19.609,4090,0
2017-05-11,17:00:00,19.535,19.535,19.535,19.535,10225,0
2017-05-11,18:00:00,19.462,19.462,19.462,19.462,1329,0
2017-05-11,19:00:00,19.462,19.506,19.462,19.506,487,0
2017-05-11,20:00:00,19.511,19.511,19.511,19.511,102,0
2017-05-11,21:00:00,19.511,19.511,19.462,19.462,16774,0
2017-05-11,22:00:00,19.462,19.854,19.413,19.854,3365,0
2017-05-12,17:00:00,19.511,19.511,19.511,19.511,307,0
2017-05-12,18:00:00,19.584,19.682,19.584,19.663,307,0
2017-05-12,19:00:00,19.854,19.854,19.854,19.854,102,0
2017-05-12,21:00:00,19.643,19.804,19.643,19.658,593,0
2017-05-12,22:00:00,19.902,19.902,19.902,19.902,199,0
2017-05-15,17:00:00,19.706,19.706,19.609,19.609,493,0
2017-05-15,19:00:00,19.804,19.834,19.804,19.804,818,0
2017-05-15,21:00:00,19.86,19.902,19.86,19.877,409,0
2017-05-15,22:00:00,19.951,19.951,19.951,19.951,136,0
2017-05-16,16:00:00,19.99,19.99,19.99,19.99,154,0
2017-05-16,17:00:00,19.902,19.902,19.902,19.902,286,0
2017-05-16,22:00:00,20,20.049,19.951,19.951,5059,0
2017-05-17,16:00:00,20.049,20.049,19.79,19.79,730,0
2017-05-17,17:00:00,19.804,19.854,19.804,19.854,307,0
2017-05-17,18:00:00,19.756,19.853,19.756,19.853,466,0
2017-05-17,19:00:00,19.804,19.804,19.804,19.804,297,0
2017-05-17,21:00:00,19.756,19.902,19.756,19.804,2775,0
2017-05-18,17:00:00,19.971,20.098,19.804,19.804,1588,0
2017-05-18,19:00:00,19.804,20.098,19.804,20.098,1181,0
2017-05-18,21:00:00,19.902,19.902,19.902,19.902,102,0
2017-05-18,22:00:00,20.098,20.098,20.098,20.098,102,0
2017-05-19,16:00:00,20.049,20.049,19.91,19.91,706,0
2017-05-19,17:00:00,19.965,19.995,19.965,19.97,1022,0
2017-05-19,18:00:00,19.756,20.049,19.756,19.902,1391,0
2017-05-19,19:00:00,19.902,20.049,19.79,20.049,1227,0
2017-05-19,22:00:00,19.951,19.951,19.951,19.951,204,0
2017-05-22,17:00:00,19.986,19.986,19.986,19.986,123,0
2017-05-22,18:00:00,20.019,20.049,20.019,20.049,920,0
2017-05-22,19:00:00,20.049,20.049,20.049,20.049,102,0
2017-05-22,20:00:00,19.951,19.951,19.951,19.951,102,0
2017-05-22,21:00:00,20,20,20,20,472,0
2017-05-22,22:00:00,20,20.049,20,20.049,409,0
2017-05-23,16:00:00,20.049,20.049,20.049,20.049,184,0
2017-05-23,17:00:00,19.951,19.951,19.804,19.804,539,0
2017-05-23,18:00:00,19.829,19.829,19.829,19.829,102,0
2017-05-23,19:00:00,19.902,19.902,19.854,19.854,613,0
2017-05-23,22:00:00,19.854,19.854,19.854,19.854,917,0
2017-05-24,17:00:00,19.995,20,19.995,20,307,0
2017-05-25,16:00:00,19.761,19.761,19.761,19.761,317,0
2017-05-25,17:00:00,19.902,19.902,19.902,19.902,102,0
2017-05-25,20:00:00,19.809,19.862,19.756,19.785,2045,0
2017-05-25,21:00:00,19.877,19.877,19.877,19.877,511,0
2017-05-25,22:00:00,19.951,19.951,19.854,19.854,307,0
2017-05-26,16:00:00,19.951,19.951,19.951,19.951,102,0
2017-05-26,22:00:00,19.854,19.902,19.854,19.902,818,0
2017-05-30,16:00:00,20.142,20.142,20,20,204,0
2017-05-30,17:00:00,20.049,20.049,20.049,20.049,613,0
2017-05-30,20:00:00,20.032,20.032,20.032,20.032,102,0
2017-05-30,21:00:00,20.114,20.114,20.114,20.114,511,0
2017-05-30,22:00:00,20.147,20.147,20.147,20.147,384,0
2017-05-31,16:00:00,20.049,20.049,20.034,20.034,476,0
2017-05-31,20:00:00,20.024,20.049,20,20,2141,0
2017-05-31,21:00:00,20,20.049,20,20.049,818,0
2017-05-31,22:00:00,20.098,20.098,20.098,20.098,102,0
2017-06-01,17:00:00,20.049,20.049,20.049,20.049,1022,0
2017-06-01,20:00:00,20.049,20.049,20.049,20.049,1533,0
2017-06-01,21:00:00,20.049,20.049,20.049,20.049,1227,0
2017-06-01,22:00:00,20.049,20.098,20.049,20.049,739,0
2017-06-02,17:00:00,20.049,20.049,19.89,20,1213,0
2017-06-02,18:00:00,19.951,19.951,19.951,19.951,102,0
2017-06-02,20:00:00,19.951,19.951,19.951,19.951,102,0
2017-06-02,22:00:00,20,20,20,20,102,0
2017-06-05,16:00:00,20,20,20,20,164,0
2017-06-05,17:00:00,19.854,19.854,19.854,19.854,102,0
2017-06-05,19:00:00,19.852,19.852,19.852,19.852,112,0
2017-06-05,21:00:00,19.902,19.995,19.902,19.995,409,0
2017-06-05,22:00:00,19.951,19.951,19.902,19.902,613,0
2017-06-06,21:00:00,19.902,19.902,19.902,19.902,204,0
2017-06-06,22:00:00,19.804,19.804,19.804,19.804,204,0
2017-06-07,17:00:00,19.854,19.854,19.854,19.854,102,0
2017-06-07,19:00:00,19.804,19.804,19.804,19.804,102,0
2017-06-07,21:00:00,19.854,19.854,19.854,19.854,102,0
2017-06-07,22:00:00,19.829,19.854,19.804,19.854,1022,0
2017-06-08,17:00:00,19.756,19.756,19.756,19.756,204,0
2017-06-09,16:00:00,19.756,19.756,19.756,19.756,869,0
2017-06-09,17:00:00,19.854,19.854,19.854,19.854,102,0
2017-06-09,20:00:00,19.804,19.902,19.804,19.902,859,0
2017-06-09,21:00:00,19.877,19.877,19.877,19.877,245,0
2017-06-09,22:00:00,20,20,20,20,204,0
2017-06-12,16:00:00,19.804,19.804,19.804,19.804,102,0
2017-06-12,17:00:00,19.854,19.854,19.854,19.854,102,0
2017-06-12,19:00:00,19.804,19.854,19.804,19.854,219,0
2017-06-12,20:00:00,19.902,19.902,19.804,19.804,383,0
2017-06-12,22:00:00,19.78,19.78,19.78,19.78,613,0
2017-06-13,16:00:00,19.902,19.902,19.658,19.658,2377,0
2017-06-13,19:00:00,19.56,19.56,19.56,19.56,121,0
2017-06-13,21:00:00,19.706,19.706,19.706,19.706,307,0
2017-06-13,22:00:00,19.706,19.706,19.706,19.706,613,0
2017-06-14,17:00:00,19.12,19.148,19.071,19.071,1227,0
2017-06-14,18:00:00,19.071,19.071,19.071,19.071,154,0
2017-06-14,20:00:00,19.124,19.124,19.124,19.124,716,0
2017-06-14,22:00:00,19.267,19.267,19.267,19.267,102,0
2017-06-15,16:00:00,19.071,19.071,19.071,19.071,511,0
2017-06-15,17:00:00,18.484,18.484,18.141,18.141,379,0
2017-06-15,18:00:00,18.381,18.381,18.381,18.381,1022,0
2017-06-15,19:00:00,18.19,18.19,18.19,18.19,204,0
2017-06-15,20:00:00,18.386,18.68,18.289,18.68,409,0
2017-06-15,21:00:00,18.728,18.734,18.582,18.734,1125,0
2017-06-15,22:00:00,18.973,18.973,18.582,18.582,311,0
2017-06-16,16:00:00,18.577,18.577,18.577,18.577,102,0
2017-06-16,18:00:00,18.411,18.411,18.386,18.386,204,0
2017-06-16,19:00:00,18.606,18.606,18.606,18.606,511,0
2017-06-16,21:00:00,18.728,18.728,18.582,18.728,3341,0
2017-06-16,22:00:00,18.973,19.267,18.875,19.267,4789,0
2017-06-19,16:00:00,19.071,19.071,19.071,19.071,234,0
2017-06-19,17:00:00,19.315,19.462,19.267,19.267,511,0
2017-06-19,18:00:00,19.267,19.365,19.267,19.315,895,0
2017-06-19,19:00:00,19.365,19.462,19.365,19.462,1840,0
2017-06-19,20:00:00,19.388,19.388,19.365,19.365,204,0
2017-06-19,22:00:00,19.365,19.511,19.365,19.511,1840,0
2017-06-20,16:00:00,19.511,19.511,19.511,19.511,207,0
2017-06-20,18:00:00,19.071,19.071,19.071,19.071,399,0
2017-06-20,19:00:00,19.071,19.071,19.071,19.071,102,0
2017-06-20,20:00:00,19.071,19.071,19.071,19.071,710,0
2017-06-20,21:00:00,19.242,19.242,19.242,19.242,204,0
2017-06-20,22:00:00,19.169,19.169,19.169,19.169,102,0
2017-06-21,17:00:00,18.973,18.973,18.973,18.973,102,0
2017-06-21,19:00:00,18.973,18.973,18.924,18.924,716,0
2017-06-21,20:00:00,19.022,19.022,19.022,19.022,565,0
2017-06-21,22:00:00,19.071,19.071,19.071,19.071,433,0
2017-06-22,17:00:00,19.071,19.071,19.071,19.071,511,0
2017-06-22,22:00:00,19.022,19.267,19.022,19.267,307,0
2017-06-23,21:00:00,19.12,19.12,19.12,19.12,409,0
2017-06-23,22:00:00,19.365,19.56,19.365,19.56,3027,0
2017-06-26,16:00:00,19.56,19.56,19.56,19.56,308,0
2017-06-26,20:00:00,18.973,19.158,18.973,19.022,2147,0
2017-06-26,21:00:00,19.071,19.071,18.973,18.973,511,0
2017-06-26,22:00:00,18.973,19.315,18.973,18.973,1840,0
2017-06-27,16:00:00,18.924,18.924,18.924,18.924,102,0
2017-06-27,17:00:00,18.391,18.484,18.386,18.484,511,0
2017-06-27,19:00:00,18.386,18.435,18.337,18.337,920,0
2017-06-27,20:00:00,18.289,18.289,18.289,18.289,716,0
2017-06-27,21:00:00,18.728,18.728,18.728,18.728,164,0
2017-06-27,22:00:00,18.894,18.894,18.894,18.894,159,0
2017-06-28,16:00:00,18.582,18.582,18.582,18.582,410,0
2017-06-28,18:00:00,18.484,18.484,18.484,18.484,245,0
2017-06-28,19:00:00,18.582,18.826,18.582,18.826,916,0
2017-06-28,20:00:00,18.63,18.63,18.616,18.616,307,0
2017-06-28,22:00:00,18.778,18.875,18.68,18.875,975,0
2017-06-29,19:00:00,18.766,18.766,18.766,18.766,256,0
2017-06-29,21:00:00,18.582,18.653,18.582,18.653,490,0
2017-06-29,22:00:00,18.875,18.924,18.826,18.875,3999,0
2017-06-30,19:00:00,18.63,18.731,18.63,18.731,461,0
2017-06-30,20:00:00,18.692,18.875,18.692,18.875,511,0
2017-06-30,22:00:00,18.924,18.924,18.924,18.924,102,0
2017-07-03,16:00:00,18.919,18.919,18.919,18.919,196,0
2017-07-05,16:00:00,18.924,18.924,18.924,18.924,245,0
2017-07-05,17:00:00,18.728,18.728,18.728,18.728,102,0
2017-07-05,20:00:00,18.704,18.704,18.704,18.704,307,0
2017-07-05,21:00:00,18.68,18.704,18.68,18.704,204,0
2017-07-05,22:00:00,18.709,18.709,18.709,18.709,204,0
2017-07-06,17:00:00,18.289,18.386,18.289,18.386,540,0
2017-07-06,22:00:00,18.337,18.337,18.337,18.337,102,0
2017-07-07,17:00:00,18.337,18.337,18.337,18.337,102,0
2017-07-07,18:00:00,18.23,18.23,18.23,18.23,102,0
2017-07-07,20:00:00,18.191,18.191,18.191,18.191,204,0
2017-07-07,22:00:00,18.337,18.337,18.289,18.289,818,0
2017-07-10,19:00:00,18.289,18.289,18.289,18.289,215,0
2017-07-10,22:00:00,18.191,18.191,17.065,17.261,19719,0
2017-07-11,16:00:00,17.163,17.335,17.163,17.335,372,0
2017-07-11,17:00:00,17.359,17.359,17.311,17.311,738,0
2017-07-11,18:00:00,17.359,17.359,17.359,17.359,511,0
2017-07-11,19:00:00,17.359,17.408,17.359,17.408,439,0
2017-07-11,20:00:00,17.408,17.408,17.408,17.408,511,0
2017-07-11,22:00:00,17.432,17.432,17.359,17.359,679,0
2017-07-12,16:00:00,17.163,17.163,16.845,16.968,2273,0
2017-07-12,17:00:00,16.968,17.359,16.919,17.359,4240,0
2017-07-12,18:00:00,17.359,17.359,17.359,17.359,1022,0
2017-07-12,22:00:00,17.237,17.359,17.23,17.359,585,0
2017-07-13,16:00:00,17.408,17.408,17.408,17.408,102,0
2017-07-13,17:00:00,17.07,17.07,17.07,17.07,102,0
2017-07-13,18:00:00,17.457,17.702,17.306,17.306,1999,0
2017-07-13,21:00:00,16.777,17.163,16.777,17.163,276,0
2017-07-14,16:00:00,17.017,17.017,17.017,17.017,185,0
2017-07-14,18:00:00,17.024,17.024,16.98,16.98,221,0
2017-07-14,21:00:00,17.285,17.285,17.285,17.285,204,0
2017-07-14,22:00:00,17.311,17.311,17.311,17.311,204,0
2017-07-17,16:00:00,17.017,17.017,17.017,17.017,613,0
2017-07-17,20:00:00,17.302,17.302,17.302,17.302,307,0
2017-07-18,16:00:00,17.213,17.213,17.115,17.115,6503,0
2017-07-18,17:00:00,17.158,17.158,17.158,17.158,102,0
2017-07-18,18:00:00,17.163,17.311,17.108,17.311,1431,0
2017-07-18,19:00:00,17.311,17.311,17.311,17.311,148,0
2017-07-18,20:00:00,17.311,17.311,17.311,17.311,409,0
2017-07-18,21:00:00,17.311,17.359,17.311,17.359,2761,0
2017-07-18,22:00:00,17.359,17.408,17.261,17.261,613,0
2017-07-19,16:00:00,17.261,17.604,17.261,17.604,205,0
2017-07-19,19:00:00,17.604,17.604,17.604,17.604,920,0
2017-07-19,20:00:00,17.604,17.995,17.604,17.604,3142,0
2017-07-19,21:00:00,17.652,17.702,17.652,17.702,204,0
2017-07-20,17:00:00,17.796,17.851,17.795,17.851,563,0
2017-07-20,20:00:00,17.76,17.8,17.76,17.8,1386,0
2017-07-21,16:00:00,17.555,17.555,17.555,17.555,358,0
2017-07-21,22:00:00,17.604,17.604,17.555,17.555,613,0
2017-07-24,16:00:00,17.408,17.408,17.408,17.408,192,0
2017-07-24,17:00:00,17.506,17.506,17.506,17.506,102,0
2017-07-24,21:00:00,17.408,17.408,17.408,17.408,102,0
2017-07-24,22:00:00,17.506,17.506,17.408,17.408,920,0
2017-07-25,18:00:00,17.506,17.506,17.506,17.506,307,0
2017-07-25,19:00:00,17.555,17.555,17.555,17.555,303,0
2017-07-25,20:00:00,17.75,17.75,17.75,17.75,102,0
2017-07-25,21:00:00,17.657,17.75,17.657,17.75,204,0
2017-07-25,22:00:00,17.8,17.8,17.604,17.604,2653,0
2017-07-26,21:00:00,17.7,17.7,17.434,17.434,1738,0
2017-07-26,22:00:00,17.555,17.652,17.555,17.652,1391,0
2017-07-27,17:00:00,17.848,17.848,17.848,17.848,102,0
2017-07-27,19:00:00,17.873,18.093,17.873,18.044,2181,0
2017-07-27,20:00:00,17.946,17.946,17.946,17.946,102,0
2017-07-27,22:00:00,17.848,17.848,17.848,17.848,102,0
2017-07-28,16:00:00,17.604,17.604,17.115,17.115,7520,0
2017-07-28,17:00:00,17.163,17.332,16.919,17.332,3893,0
2017-07-28,18:00:00,17.261,17.261,16.919,17.065,10938,0
2017-07-28,19:00:00,16.968,17.12,16.968,17.065,12097,0
2017-07-28,22:00:00,17.082,17.261,17.082,17.261,635,0
2017-07-31,16:00:00,17.115,17.115,17.115,17.115,307,0
2017-07-31,17:00:00,17.163,17.163,17.163,17.163,102,0
2017-07-31,20:00:00,17.213,17.213,17.065,17.065,12721,0
2017-07-31,21:00:00,17.065,17.115,17.042,17.065,2557,0
2017-07-31,22:00:00,17.065,17.115,16.674,16.821,4970,0
2017-08-01,16:00:00,16.919,16.919,16.821,16.821,716,0
2017-08-01,17:00:00,16.674,16.691,16.674,16.691,307,0
2017-08-01,19:00:00,16.87,16.87,16.821,16.821,307,0
2017-08-01,20:00:00,16.821,16.821,16.626,16.626,2034,0
2017-08-01,21:00:00,16.726,16.726,16.528,16.528,4021,0
2017-08-01,22:00:00,16.528,16.576,16.479,16.576,409,0
2017-08-02,16:00:00,16.479,16.479,16.479,16.479,102,0
2017-08-02,17:00:00,16.479,16.479,16.332,16.332,2454,0
2017-08-02,18:00:00,16.479,16.626,16.43,16.43,1064,0
2017-08-02,19:00:00,16.43,16.621,16.43,16.455,2160,0
2017-08-02,20:00:00,16.43,16.626,16.43,16.528,2761,0
2017-08-02,21:00:00,16.43,16.572,16.43,16.479,1513,0
2017-08-02,22:00:00,16.43,16.43,16.332,16.332,1543,0
2017-08-03,16:00:00,16.382,16.817,16.382,16.817,3083,0
2017-08-03,17:00:00,16.255,16.255,16.255,16.255,204,0
2017-08-04,20:00:00,16.479,16.479,16.479,16.479,204,0
2017-08-04,21:00:00,16.43,16.43,16.43,16.43,248,0
2017-08-04,22:00:00,16.528,16.772,16.43,16.772,2812,0
2017-08-07,17:00:00,16.821,16.821,16.576,16.576,1329,0
2017-08-07,20:00:00,16.528,16.576,16.528,16.576,409,0
2017-08-07,21:00:00,16.528,16.528,16.528,16.528,325,0
2017-08-07,22:00:00,16.626,16.626,16.626,16.626,3150,0
2017-08-08,16:00:00,16.382,16.382,16.382,16.382,102,0
2017-08-08,17:00:00,16.382,16.576,16.382,16.576,1125,0
2017-08-08,18:00:00,16.576,16.626,16.576,16.576,2449,0
2017-08-08,19:00:00,16.576,16.576,16.5,16.576,665,0
2017-08-08,20:00:00,16.576,16.576,16.576,16.576,307,0
2017-08-08,21:00:00,16.479,16.479,16.479,16.479,307,0
2017-08-08,22:00:00,16.626,16.626,16.43,16.43,920,0
2017-08-09,16:00:00,16.401,16.401,16.401,16.401,377,0
2017-08-09,17:00:00,16.45,16.699,16.45,16.648,1421,0
2017-08-09,18:00:00,16.549,16.697,16.45,16.697,919,0
2017-08-09,19:00:00,16.549,16.549,16.549,16.549,101,0
2017-08-09,20:00:00,16.657,16.657,16.598,16.648,759,0
2017-08-09,21:00:00,16.549,16.598,16.549,16.598,202,0
2017-08-09,22:00:00,16.351,16.351,16.351,16.351,698,0
2017-08-10,16:00:00,16.401,16.746,16.401,16.746,1048,0
2017-08-10,17:00:00,16.746,16.796,16.509,16.796,2277,0
2017-08-10,18:00:00,16.351,16.401,16.351,16.351,2632,0
2017-08-10,19:00:00,16.252,16.252,15.857,16.045,2764,0
2017-08-10,21:00:00,16.005,16.005,15.808,15.808,405,0
2017-08-10,22:00:00,16.127,16.127,16.055,16.055,216,0
2017-08-11,16:00:00,16.043,16.203,15.907,16.154,2328,0
2017-08-11,17:00:00,16.203,16.203,16.129,16.203,2530,0
2017-08-11,18:00:00,16.203,16.203,16.203,16.203,101,0
2017-08-11,21:00:00,16.059,16.302,16.005,16.252,1765,0
2017-08-11,22:00:00,15.956,16.055,15.907,15.956,1012,0
2017-08-14,16:00:00,15.907,16.252,15.907,16.252,921,0
2017-08-14,17:00:00,16.252,16.252,15.956,16.079,1113,0
2017-08-14,18:00:00,16.079,16.154,16.079,16.104,1619,0
2017-08-14,19:00:00,16.055,16.055,16.055,16.055,172,0
2017-08-14,22:00:00,16.005,16.005,16.005,16.005,101,0
2017-08-15,16:00:00,15.907,15.907,15.907,15.907,1188,0
2017-08-15,17:00:00,16.131,16.131,16.131,16.131,506,0
2017-08-15,18:00:00,16.055,16.055,16.03,16.055,4257,0
2017-08-15,19:00:00,16.055,16.055,16.034,16.034,202,0
2017-08-15,20:00:00,16.057,16.057,16.055,16.055,500,0
2017-08-15,21:00:00,16.055,16.055,16.055,16.055,202,0
2017-08-15,22:00:00,16.104,16.104,16.104,16.104,202,0
2017-08-16,17:00:00,16.005,16.005,16.005,16.005,101,0
2017-08-16,20:00:00,16.108,16.108,16.108,16.108,101,0
2017-08-16,21:00:00,16.005,16.005,16.005,16.005,1113,0
2017-08-17,17:00:00,15.956,15.956,15.956,15.956,114,0
2017-08-17,18:00:00,15.956,15.956,15.956,15.956,202,0
2017-08-17,19:00:00,16.005,16.005,15.907,15.907,228,0
2017-08-17,20:00:00,15.907,15.907,15.907,15.907,101,0
2017-08-17,21:00:00,15.857,15.886,15.665,15.886,3540,0
2017-08-17,22:00:00,15.788,15.788,15.709,15.709,405,0
2017-08-18,16:00:00,15.808,15.808,15.808,15.808,691,0
2017-08-18,17:00:00,15.66,15.66,15.613,15.613,202,0
2017-08-18,18:00:00,15.808,15.813,15.66,15.66,4049,0
2017-08-18,19:00:00,15.808,15.808,15.808,15.808,101,0
2017-08-18,21:00:00,15.808,15.808,15.61,15.709,2176,0
2017-08-18,22:00:00,15.808,15.808,15.808,15.808,212,0
2017-08-21,17:00:00,15.729,15.73,15.729,15.73,480,0
2017-08-21,19:00:00,15.66,15.709,15.66,15.709,469,0
2017-08-21,20:00:00,15.73,15.73,15.73,15.73,506,0
2017-08-21,22:00:00,15.758,15.808,15.758,15.808,1162,0
2017-08-22,18:00:00,15.808,15.808,15.66,15.66,405,0
2017-08-22,19:00:00,15.66,15.758,15.61,15.758,918,0
2017-08-22,20:00:00,15.66,15.66,15.66,15.66,101,0
2017-08-22,22:00:00,15.66,15.66,15.66,15.66,709,0
2017-08-23,16:00:00,15.61,15.61,15.61,15.61,342,0
2017-08-23,17:00:00,15.679,15.679,15.61,15.61,1964,0
2017-08-23,18:00:00,15.61,15.61,15.61,15.61,202,0
2017-08-23,19:00:00,15.561,15.561,15.561,15.561,101,0
2017-08-23,20:00:00,15.561,15.61,14.973,15.385,5131,0
2017-08-23,22:00:00,15.363,15.363,15.363,15.363,506,0
2017-08-24,16:00:00,15.363,15.363,15.363,15.363,506,0
2017-08-24,17:00:00,15.363,15.363,15.215,15.215,1113,0
2017-08-24,18:00:00,15.413,15.413,15.413,15.413,101,0
2017-08-24,21:00:00,15.314,15.457,15.314,15.457,1923,0
2017-08-24,22:00:00,15.215,15.264,15.215,15.264,1113,0
2017-08-25,19:00:00,15.116,15.116,15.067,15.116,1012,0
2017-08-25,20:00:00,15.314,15.314,15.215,15.215,521,0
2017-08-25,21:00:00,15.215,15.215,15.213,15.213,202,0
2017-08-25,22:00:00,15.215,15.264,15.215,15.264,759,0
2017-08-28,18:00:00,15.264,15.314,15.264,15.314,202,0
2017-08-28,19:00:00,15.215,15.215,15.215,15.215,607,0
2017-08-28,20:00:00,15.215,15.215,15.215,15.215,405,0
2017-08-28,21:00:00,15.215,15.215,15.067,15.067,304,0
2017-08-28,22:00:00,15.067,15.067,15.067,15.067,339,0
2017-08-29,17:00:00,15.065,15.067,15.065,15.067,506,0
2017-08-29,21:00:00,15.336,15.336,15.336,15.336,202,0
2017-08-30,18:00:00,15.314,15.314,15.264,15.264,506,0
2017-08-30,19:00:00,15.166,15.166,15.166,15.166,101,0
2017-08-30,22:00:00,15.215,15.264,15.166,15.264,405,0
2017-08-31,16:00:00,15.166,15.166,15.166,15.166,359,0
2017-08-31,17:00:00,15.363,15.363,15.166,15.166,304,0
2017-08-31,19:00:00,15.66,15.66,15.314,15.314,1152,0
2017-08-31,22:00:00,15.314,15.314,15.116,15.116,1094,0
2017-09-01,16:00:00,15.166,15.171,15.116,15.166,908,0
2017-09-01,17:00:00,15.067,15.166,14.919,14.919,4101,0
2017-09-01,18:00:00,14.968,15.017,14.919,14.919,1113,0
2017-09-01,19:00:00,14.968,15.017,14.766,14.869,3800,0
2017-09-01,20:00:00,14.869,14.943,14.869,14.869,860,0
2017-09-01,21:00:00,14.968,15.062,14.77,14.77,2611,0
2017-09-01,22:00:00,14.795,15.017,14.474,14.474,4830,0
2017-09-05,16:00:00,14.474,14.474,14.227,14.375,1240,0
2017-09-05,17:00:00,13.931,13.98,13.549,13.549,3644,0
2017-09-05,18:00:00,13.665,13.832,13.442,13.585,4856,0
2017-09-05,20:00:00,13.708,13.733,13.708,13.733,911,0
2017-09-05,21:00:00,13.782,13.782,13.585,13.585,1592,0
2017-09-05,22:00:00,13.585,13.733,13.585,13.733,5311,0
2017-09-06,16:00:00,13.585,13.684,13.585,13.684,1248,0
2017-09-06,17:00:00,13.634,13.634,13.387,13.535,1923,0
2017-09-06,18:00:00,13.437,13.437,12.893,13.14,10624,0
2017-09-06,19:00:00,13.091,13.338,13.091,13.14,27134,0
2017-09-06,20:00:00,13.17,13.288,12.992,13.19,14446,0
2017-09-06,21:00:00,13.14,13.239,13.091,13.19,3298,0
2017-09-06,22:00:00,13.288,13.288,13.14,13.19,32063,0
2017-09-07,16:00:00,13.185,13.185,13.185,13.185,378,0
2017-09-07,17:00:00,13.239,13.476,13.239,13.288,10138,0
2017-09-07,18:00:00,13.437,13.437,13.288,13.288,753,0
2017-09-07,19:00:00,13.437,13.437,13.24,13.437,476,0
2017-09-07,20:00:00,13.293,13.437,13.293,13.338,2345,0
2017-09-07,21:00:00,13.386,13.387,13.338,13.363,1280,0
2017-09-07,22:00:00,13.363,13.416,13.288,13.293,5440,0
2017-09-08,16:00:00,13.288,13.293,13.239,13.293,508,0
2017-09-08,17:00:00,13.288,13.288,13.239,13.288,1063,0
2017-09-08,18:00:00,13.387,13.437,13.338,13.338,2428,0
2017-09-08,19:00:00,13.338,13.535,13.338,13.535,709,0
2017-09-08,20:00:00,13.486,13.486,13.486,13.486,230,0
2017-09-08,21:00:00,13.43,13.43,13.338,13.338,1807,0
2017-09-08,22:00:00,13.338,13.338,13.285,13.338,5559,0
2017-09-11,17:00:00,13.535,13.535,13.239,13.239,1676,0
2017-09-11,18:00:00,13.437,13.437,13.387,13.387,506,0
2017-09-11,19:00:00,13.387,13.412,13.288,13.288,1114,0
2017-09-11,20:00:00,13.288,13.338,13.288,13.288,304,0
2017-09-11,21:00:00,13.322,13.322,13.322,13.322,1012,0
2017-09-11,22:00:00,13.239,13.239,13.239,13.239,1215,0
2017-09-12,16:00:00,13.288,13.288,13.14,13.239,2137,0
2017-09-12,17:00:00,13.239,13.288,13.239,13.288,3947,0
2017-09-12,18:00:00,13.239,13.239,13.239,13.239,3279,0
2017-09-12,19:00:00,13.239,13.288,13.239,13.288,1200,0
2017-09-12,20:00:00,13.288,13.338,13.288,13.288,4899,0
2017-09-12,21:00:00,13.252,13.288,13.239,13.239,3745,0
2017-09-12,22:00:00,13.239,13.239,13.19,13.19,1862,0
2017-09-13,16:00:00,13.19,13.19,13.19,13.19,2000,0
2017-09-13,17:00:00,13.19,13.19,13.14,13.14,1022,0
2017-09-13,18:00:00,13.14,13.14,13.14,13.14,4150,0
2017-09-13,19:00:00,13.19,13.239,13.14,13.239,6300,0
2017-09-13,20:00:00,13.19,13.239,13.19,13.19,3897,0
2017-09-13,21:00:00,13.19,13.19,13.14,13.19,7899,0
2017-09-13,22:00:00,13.19,13.333,13.19,13.239,1883,0
2017-09-14,16:00:00,13.239,13.239,13.214,13.214,207,0
2017-09-14,17:00:00,13.338,13.338,13.149,13.224,5972,0
2017-09-14,18:00:00,13.239,13.288,13.239,13.239,5907,0
2017-09-14,19:00:00,13.239,13.239,13.239,13.239,10059,0
2017-09-14,20:00:00,13.288,13.288,13.268,13.268,328,0
2017-09-14,21:00:00,13.288,13.288,13.288,13.288,1012,0
2017-09-14,22:00:00,13.338,13.338,13.288,13.338,9355,0
2017-09-15,16:00:00,13.338,13.338,13.338,13.338,101,0
2017-09-15,17:00:00,13.634,13.98,13.634,13.782,3026,0
2017-09-15,18:00:00,13.787,13.787,13.634,13.634,684,0
2017-09-15,19:00:00,13.684,13.753,13.585,13.733,2708,0
2017-09-15,20:00:00,13.733,13.758,13.634,13.634,2439,0
2017-09-15,21:00:00,13.634,13.634,13.634,13.634,238,0
2017-09-15,22:00:00,13.684,13.733,13.684,13.733,1776,0
2017-09-18,16:00:00,13.733,13.832,13.733,13.832,2585,0
2017-09-18,17:00:00,13.782,13.786,13.782,13.782,1215,0
2017-09-18,18:00:00,13.782,14.079,13.782,14.029,3042,0
2017-09-18,20:00:00,13.832,13.832,13.782,13.782,1215,0
2017-09-18,21:00:00,13.832,13.832,13.804,13.804,2429,0
2017-09-18,22:00:00,13.733,13.832,13.634,13.782,6350,0
2017-09-19,16:00:00,13.832,13.832,13.832,13.832,202,0
2017-09-19,17:00:00,13.832,13.832,13.832,13.832,101,0
2017-09-19,18:00:00,13.755,13.782,13.755,13.782,1164,0
2017-09-19,19:00:00,14.128,14.128,14.128,14.128,101,0
2017-09-19,20:00:00,14.178,14.178,14.178,14.178,101,0
2017-09-19,21:00:00,13.931,13.931,13.931,13.931,101,0
2017-09-19,22:00:00,14.029,14.029,14.029,14.029,101,0
2017-09-20,17:00:00,14.079,14.079,14.029,14.034,1316,0
2017-09-20,18:00:00,14.046,14.046,14.029,14.029,693,0
2017-09-20,19:00:00,14.029,14.029,13.733,13.738,2274,0
2017-09-20,20:00:00,13.832,13.832,13.832,13.832,503,0
2017-09-20,21:00:00,13.931,13.931,13.931,13.931,810,0
2017-09-20,22:00:00,13.918,13.918,13.832,13.832,1190,0
2017-09-21,18:00:00,13.733,13.733,13.535,13.733,820,0
2017-09-21,19:00:00,13.585,13.585,13.585,13.585,202,0
2017-09-21,20:00:00,13.486,13.486,13.486,13.486,101,0
2017-09-21,21:00:00,13.64,13.832,13.634,13.832,738,0
2017-09-21,22:00:00,13.684,13.733,13.684,13.733,430,0
2017-09-22,17:00:00,13.931,13.931,13.931,13.931,236,0
2017-09-22,20:00:00,13.733,13.733,13.733,13.733,101,0
2017-09-22,21:00:00,13.634,13.634,13.634,13.634,253,0
2017-09-22,22:00:00,13.684,13.832,13.684,13.832,3230,0
2017-09-25,20:00:00,13.338,13.634,13.338,13.634,607,0
2017-09-25,21:00:00,13.686,13.737,13.686,13.733,977,0
2017-09-25,22:00:00,13.585,13.733,13.585,13.585,514,0
2017-09-26,18:00:00,13.437,13.535,13.437,13.535,303,0
2017-09-26,21:00:00,13.486,13.486,13.486,13.486,204,0
2017-09-26,22:00:00,13.486,13.585,13.486,13.585,354,0
2017-09-27,16:00:00,13.486,13.535,13.486,13.535,327,0
2017-09-27,19:00:00,13.535,13.535,13.535,13.535,1059,0
2017-09-27,20:00:00,13.524,13.535,13.524,13.535,2783,0
2017-09-27,22:00:00,13.535,13.535,13.468,13.486,2277,0
2017-09-28,17:00:00,13.585,13.634,13.558,13.585,1518,0
2017-09-28,18:00:00,13.535,13.535,13.486,13.486,945,0
2017-09-28,19:00:00,13.486,13.486,13.437,13.437,545,0
2017-09-28,20:00:00,13.486,13.535,13.486,13.535,5948,0
2017-09-28,21:00:00,13.535,13.634,13.412,13.506,16877,0
2017-09-28,22:00:00,13.486,13.535,13.437,13.437,2743,0
2017-09-29,21:00:00,13.492,13.492,13.437,13.437,405,0
2017-09-29,22:00:00,13.437,13.437,13.407,13.407,860,0
2017-10-02,16:00:00,13.437,13.437,13.437,13.437,418,0
2017-10-02,17:00:00,13.486,13.486,13.437,13.437,304,0
2017-10-02,18:00:00,13.486,13.486,13.486,13.486,101,0
2017-10-02,19:00:00,13.486,13.486,13.338,13.387,3447,0
2017-10-02,22:00:00,13.338,13.338,13.288,13.288,423,0
2017-10-03,17:00:00,13.239,13.239,13.239,13.239,304,0
2017-10-03,18:00:00,13.283,13.338,13.19,13.288,3346,0
2017-10-03,19:00:00,13.239,13.239,13.239,13.239,3563,0
2017-10-03,20:00:00,13.239,13.338,13.239,13.338,23506,0
2017-10-03,21:00:00,13.338,13.338,13.239,13.239,5574,0
2017-10-03,22:00:00,13.239,13.288,13.239,13.239,2005,0
2017-10-04,17:00:00,13.239,13.338,13.046,13.338,1209,0
2017-10-04,18:00:00,13.041,13.19,13.041,13.19,313,0
2017-10-04,19:00:00,13.307,13.307,13.307,13.307,759,0
2017-10-04,21:00:00,13.333,13.338,13.288,13.338,1092,0
2017-10-05,18:00:00,13.203,13.264,13.203,13.264,810,0
2017-10-05,19:00:00,13.327,13.327,13.327,13.327,1012,0
2017-10-05,20:00:00,13.308,13.308,13.308,13.308,142,0
2017-10-05,21:00:00,13.338,13.338,13.338,13.338,1721,0
2017-10-05,22:00:00,13.288,13.338,13.288,13.338,202,0
2017-10-06,17:00:00,13.338,13.338,13.19,13.316,2429,0
2017-10-06,18:00:00,13.338,13.437,13.338,13.437,1516,0
2017-10-06,19:00:00,13.53,13.53,13.53,13.53,1417,0
2017-10-06,21:00:00,13.486,13.535,13.486,13.535,759,0
2017-10-06,22:00:00,13.585,13.585,13.535,13.535,1139,0
2017-10-09,16:00:00,13.486,13.486,13.486,13.486,658,0
2017-10-09,17:00:00,13.486,13.535,13.486,13.499,698,0
2017-10-09,19:00:00,13.535,13.535,13.486,13.511,1470,0
2017-10-09,20:00:00,13.535,13.634,13.53,13.634,1805,0
2017-10-09,21:00:00,13.631,13.684,13.585,13.684,1341,0
2017-10-09,22:00:00,13.761,13.832,13.733,13.832,3138,0
2017-10-10,19:00:00,13.733,13.733,13.733,13.733,10019,0
2017-10-10,21:00:00,13.733,13.733,13.733,13.733,304,0
2017-10-10,22:00:00,13.684,13.733,13.684,13.733,202,0
2017-10-11,20:00:00,13.634,13.634,13.634,13.634,101,0
2017-10-11,21:00:00,13.684,13.684,13.684,13.684,304,0
2017-10-11,22:00:00,13.684,13.832,13.684,13.733,2779,0
2017-10-12,19:00:00,13.634,13.634,13.634,13.634,889,0
2017-10-12,20:00:00,13.733,13.733,13.733,13.733,1012,0
2017-10-12,21:00:00,13.684,13.684,13.684,13.684,101,0
2017-10-12,22:00:00,13.684,13.684,13.684,13.684,244,0
2017-10-13,16:00:00,13.689,13.689,13.689,13.689,101,0
2017-10-13,17:00:00,13.684,13.684,13.684,13.684,304,0
2017-10-13,18:00:00,13.437,13.684,13.437,13.684,304,0
2017-10-13,20:00:00,13.634,13.634,13.535,13.634,9472,0
2017-10-13,22:00:00,13.634,13.634,13.634,13.634,101,0
2017-10-16,17:00:00,13.682,13.682,13.634,13.634,703,0
2017-10-16,18:00:00,13.486,13.486,13.486,13.486,108,0
2017-10-16,19:00:00,13.558,13.558,13.558,13.558,101,0
2017-10-16,20:00:00,13.634,13.634,13.535,13.585,6457,0
2017-10-16,21:00:00,13.585,13.634,13.585,13.634,3239,0
2017-10-16,22:00:00,13.585,13.585,13.535,13.585,3030,0
2017-10-17,16:00:00,13.684,13.684,13.585,13.585,456,0
2017-10-17,21:00:00,13.684,13.684,13.629,13.634,3477,0
2017-10-17,22:00:00,13.599,13.733,13.599,13.684,1829,0
2017-10-18,16:00:00,13.442,13.733,13.442,13.684,911,0
2017-10-18,18:00:00,13.684,13.684,13.684,13.684,101,0
2017-10-18,19:00:00,13.733,13.733,13.733,13.733,101,0
2017-10-18,20:00:00,13.832,13.832,13.832,13.832,202,0
2017-10-18,21:00:00,13.832,13.832,13.832,13.832,709,0
2017-10-18,22:00:00,13.733,13.733,13.733,13.733,1784,0
2017-10-19,16:00:00,13.684,13.684,13.684,13.684,101,0
2017-10-19,17:00:00,13.634,13.634,13.486,13.486,4251,0
2017-10-19,18:00:00,13.58,13.58,13.535,13.535,1001,0
2017-10-19,21:00:00,13.486,13.486,13.486,13.486,101,0
2017-10-19,22:00:00,13.654,13.801,13.654,13.801,3963,0
2017-10-20,17:00:00,13.684,13.684,13.684,13.684,101,0
2017-10-20,18:00:00,13.782,13.782,13.782,13.782,101,0
2017-10-20,21:00:00,13.733,13.733,13.684,13.716,3401,0
2017-10-20,22:00:00,13.733,13.733,13.706,13.733,1417,0
2017-10-23,17:00:00,13.832,13.832,13.804,13.832,2690,0
2017-10-23,19:00:00,13.98,13.98,13.98,13.98,506,0
2017-10-23,22:00:00,13.832,13.931,13.782,13.931,810,0
2017-10-24,16:00:00,13.931,13.931,13.931,13.931,101,0
2017-10-24,17:00:00,13.881,13.931,13.861,13.861,1974,0
2017-10-24,19:00:00,13.832,13.832,13.832,13.832,304,0
2017-10-24,21:00:00,13.832,13.832,13.832,13.832,101,0
2017-10-24,22:00:00,13.832,14.079,13.832,13.931,3340,0
2017-10-25,16:00:00,13.832,13.832,13.832,13.832,718,0
2017-10-25,17:00:00,13.782,13.832,13.782,13.832,1619,0
2017-10-25,18:00:00,13.832,13.832,13.684,13.73,607,0
2017-10-25,19:00:00,13.758,13.783,13.733,13.733,2652,0
2017-10-25,21:00:00,13.782,13.832,13.782,13.832,4428,0
2017-10-25,22:00:00,13.782,14.128,13.782,14.128,1274,0
2017-10-26,16:00:00,13.98,13.98,13.98,13.98,276,0
2017-10-26,17:00:00,13.938,13.938,13.938,13.938,101,0
2017-10-26,18:00:00,13.98,13.98,13.881,13.881,1923,0
2017-10-26,22:00:00,13.98,13.98,13.931,13.931,554,0
2017-10-27,16:00:00,14.227,14.227,14.227,14.227,1518,0
2017-10-27,17:00:00,13.684,13.684,13.585,13.585,1018,0
2017-10-27,18:00:00,13.585,13.585,13.585,13.585,1139,0
2017-10-27,22:00:00,13.712,13.712,13.712,13.712,147,0
2017-10-30,16:00:00,13.535,13.535,13.535,13.535,202,0
2017-10-30,17:00:00,13.486,13.679,13.486,13.679,2530,0
2017-10-30,18:00:00,13.728,13.728,13.72,13.72,936,0
2017-10-30,19:00:00,13.634,13.702,13.634,13.702,2332,0
2017-10-30,20:00:00,13.634,13.634,13.486,13.634,5282,0
2017-10-30,21:00:00,13.585,13.619,13.585,13.619,1687,0
2017-10-31,16:00:00,13.733,13.733,13.733,13.733,101,0
2017-10-31,17:00:00,13.634,13.634,13.634,13.634,609,0
2017-10-31,18:00:00,13.695,13.695,13.695,13.695,202,0
2017-10-31,19:00:00,13.634,13.634,13.634,13.634,101,0
2017-10-31,20:00:00,13.634,13.634,13.634,13.634,405,0
2017-10-31,21:00:00,13.585,13.763,13.585,13.684,6528,0
2017-11-01,15:00:00,13.782,14.227,13.782,13.832,4909,0
2017-11-01,16:00:00,13.782,14.178,13.782,14.029,4085,0
2017-11-01,17:00:00,14.128,14.326,14.128,14.276,759,0
2017-11-01,18:00:00,14.059,14.425,14.059,14.425,2358,0
2017-11-01,19:00:00,14.425,14.474,14.326,14.474,2429,0
2017-11-02,16:00:00,14.079,14.079,14.079,14.079,101,0
2017-11-02,17:00:00,14.079,14.079,14.079,14.079,398,0
2017-11-02,18:00:00,14.079,14.326,14.079,14.326,3320,0
2017-11-02,19:00:00,14.326,14.474,14.276,14.474,1518,0
2017-11-02,20:00:00,14.474,14.474,14.375,14.375,1822,0
2017-11-02,21:00:00,14.128,14.672,14.128,14.573,2154,0
2017-11-03,17:00:00,14.227,14.227,14.227,14.227,653,0
2017-11-03,18:00:00,14.178,14.227,14.128,14.227,2758,0
2017-11-03,20:00:00,14.372,14.372,14.372,14.372,202,0
2017-11-03,21:00:00,14.276,14.276,14.079,14.079,1316,0
2017-11-06,16:00:00,13.931,13.998,13.61,13.684,2201,0
2017-11-06,17:00:00,13.782,13.782,13.782,13.782,2126,0
2017-11-06,18:00:00,13.921,13.975,13.881,13.881,1640,0
2017-11-06,19:00:00,13.98,13.98,13.881,13.881,1314,0
2017-11-06,22:00:00,13.931,13.931,13.881,13.881,1906,0
2017-11-07,17:00:00,13.832,13.881,13.832,13.881,1371,0
2017-11-07,19:00:00,13.832,13.832,13.782,13.807,1625,0
2017-11-07,20:00:00,13.832,13.832,13.782,13.8,455,0
2017-11-07,21:00:00,13.881,13.98,13.689,13.98,8370,0
2017-11-07,22:00:00,13.98,14.029,13.98,14.029,202,0
2017-11-08,17:00:00,14.024,14.024,14.024,14.024,911,0
2017-11-08,18:00:00,13.931,13.98,13.787,13.98,2592,0
2017-11-08,19:00:00,13.832,13.832,13.832,13.832,202,0
2017-11-08,20:00:00,13.782,13.832,13.782,13.832,3340,0
2017-11-08,21:00:00,13.822,13.832,13.822,13.832,506,0
2017-11-08,22:00:00,13.931,13.98,13.931,13.98,1468,0
2017-11-09,16:00:00,13.933,13.933,13.8,13.8,1475,0
2017-11-09,17:00:00,14,14,13.95,14,3600,0
2017-11-09,18:00:00,13.95,13.95,13.95,13.95,100,0
2017-11-09,19:00:00,13.95,14.05,13.95,14.05,2457,0
2017-11-09,20:00:00,13.9328,14.05,13.9328,14.05,4347,0
2017-11-09,21:00:00,14.05,14.05,14,14,2140,0
2017-11-09,22:00:00,14,14.005,13.994,14,5295,0
2017-11-10,16:00:00,14.2,14.2,14.195,14.195,559,0
2017-11-10,17:00:00,14.05,14.1,14.05,14.1,940,0
2017-11-10,18:00:00,14.1,14.8,14.1,14.75,5757,0
2017-11-10,19:00:00,14.35,14.4,14.25,14.25,2000,0
2017-11-10,20:00:00,14.25,14.25,14.2334,14.2334,1500,0
2017-11-10,21:00:00,14.2334,14.2334,14.2334,14.2334,152,0
2017-11-10,22:00:00,14.35,14.35,14.25,14.35,1146,0
2017-11-13,16:00:00,14.35,14.35,14.35,14.35,185,0
2017-11-13,17:00:00,14.55,14.55,14.3715,14.3715,741,0
2017-11-13,18:00:00,14.3,14.5,14.29,14.29,1360,0
2017-11-13,19:00:00,14.25,14.25,13.65,13.75,3814,0
2017-11-13,20:00:00,14,14,13.95,13.95,550,0
2017-11-13,21:00:00,14.05,14.05,14,14.05,1300,0
2017-11-13,22:00:00,14,14.1,14,14.04,7088,0
2017-11-14,17:00:00,14.05,14.05,14.05,14.05,100,0
2017-11-14,18:00:00,14.05,14.05,14.05,14.05,200,0
2017-11-14,19:00:00,14.05,14.05,14.05,14.05,100,0
2017-11-14,20:00:00,14,14,14,14,600,0
2017-11-14,21:00:00,14.0185,14.0185,13.95,13.95,2810,0
2017-11-14,22:00:00,14,14.1,14,14.1,2168,0
2017-11-15,16:00:00,14.15,14.15,14.1,14.1,1260,0
2017-11-15,17:00:00,14.1,14.1,14.1,14.1,100,0
2017-11-15,18:00:00,14.15,14.15,14.15,14.15,1016,0
2017-11-15,19:00:00,14.15,14.15,14.15,14.15,100,0
2017-11-15,20:00:00,14.1,14.15,14.1,14.15,1100,0
2017-11-15,21:00:00,14.125,14.2,14.125,14.2,3562,0
2017-11-15,22:00:00,14.15,14.25,14.15,14.25,1290,0
2017-11-16,16:00:00,14.35,14.35,14.2,14.2,1021,0
2017-11-16,17:00:00,14.25,14.25,14.25,14.25,100,0
2017-11-16,18:00:00,14.2,14.25,14.2,14.25,846,0
2017-11-16,19:00:00,14.55,14.55,14.55,14.55,745,0
2017-11-16,20:00:00,14.3765,14.3765,14.3765,14.3765,1500,0
2017-11-16,21:00:00,14.6,14.85,14.6,14.8,900,0
2017-11-16,22:00:00,14.75,14.75,14.75,14.75,100,0
2017-11-17,16:00:00,14.65,14.9,14.65,14.75,2984,0
2017-11-17,17:00:00,14.75,15.5,14.675,15.45,4568,0
2017-11-17,18:00:00,15.2,15.3,15.2,15.2,1143,0
2017-11-17,19:00:00,15.055,15.055,15.055,15.055,146,0
2017-11-17,21:00:00,15.32,15.32,15.32,15.32,200,0
2017-11-17,22:00:00,15.35,15.35,15.35,15.35,267,0
2017-11-20,16:00:00,15.3,15.3,15.1,15.1,792,0
2017-11-20,17:00:00,15.395,15.395,15.1,15.255,891,0
2017-11-20,18:00:00,15.25,15.25,15.25,15.25,1100,0
2017-11-20,19:00:00,15.4,15.4,15.4,15.4,100,0
2017-11-20,20:00:00,15.25,15.25,15.25,15.25,100,0
2017-11-20,21:00:00,15.325,15.325,15.325,15.325,2000,0
2017-11-20,22:00:00,15.325,15.325,15.3,15.325,700,0
2017-11-21,16:00:00,15.35,15.35,15.35,15.35,670,0
2017-11-21,17:00:00,15.3,15.3994,15.3,15.3994,700,0
2017-11-21,18:00:00,15.5,15.5235,15.45,15.45,1564,0
2017-11-21,19:00:00,15.45,15.45,15.45,15.45,659,0
2017-11-21,20:00:00,15.4357,15.7,15.4357,15.45,2489,0
2017-11-21,21:00:00,15.5,15.5,15.5,15.5,600,0
2017-11-21,22:00:00,15.5,15.55,15.46,15.55,1850,0
2017-11-22,16:00:00,15.5273,15.5273,15.5273,15.5273,445,0
2017-11-22,17:00:00,15.65,15.65,15.6,15.6,200,0
2017-11-22,18:00:00,15.6,15.6,15.5691,15.6,545,0
2017-11-22,19:00:00,15.6,15.6695,15.6,15.6695,800,0
2017-11-22,20:00:00,15.6362,15.6362,15.6,15.6,445,0
2017-11-22,21:00:00,15.6,15.65,15.6,15.6,2030,0
2017-11-24,17:00:00,15.45,15.45,15.45,15.45,200,0
2017-11-24,18:00:00,15.45,15.6,15.45,15.55,2427,0
2017-11-24,19:00:00,15.5825,15.5825,15.5,15.5,200,0
2017-11-27,16:00:00,15.6,15.6,15.6,15.6,517,0
2017-11-27,17:00:00,15.5,15.5,15.5,15.5,300,0
2017-11-27,18:00:00,15.35,15.35,15.35,15.35,100,0
2017-11-27,19:00:00,15.45,15.45,15.35,15.35,400,0
2017-11-27,20:00:00,15.5,15.5,15.5,15.5,2100,0
2017-11-27,21:00:00,15.35,15.5,15.35,15.4,400,0
2017-11-27,22:00:00,15.5,15.5,15.5,15.5,600,0
2017-11-28,17:00:00,15.4,15.4,15.4,15.4,300,0
2017-11-28,19:00:00,15.45,15.45,15.45,15.45,103,0
2017-11-28,20:00:00,15.45,15.45,15.45,15.45,100,0
2017-11-28,21:00:00,15.4,15.4,15.4,15.4,300,0
2017-11-28,22:00:00,15.45,15.5,15.45,15.5,1500,0
2017-11-29,17:00:00,15.35,15.35,15.35,15.35,100,0
2017-11-29,18:00:00,15.4,15.4,15.4,15.4,300,0
2017-11-29,21:00:00,15.4,15.4,15.4,15.4,1000,0
2017-11-30,17:00:00,15.55,15.6565,15.55,15.6565,2541,0
2017-11-30,18:00:00,15.6,15.6,15.6,15.6,800,0
2017-11-30,19:00:00,15.6261,15.6261,15.6261,15.6261,410,0
2017-11-30,20:00:00,15.6,15.75,15.6,15.75,1547,0
2017-11-30,21:00:00,15.75,15.75,15.7,15.7,500,0
2017-11-30,22:00:00,15.6,15.65,15.6,15.65,1906,0
2017-12-01,16:00:00,15.4,15.4,15.4,15.4,4000,0
2017-12-01,17:00:00,15.5,15.5,15.5,15.5,100,0
2017-12-01,18:00:00,15.5,15.55,15.5,15.55,1310,0
2017-12-01,19:00:00,15.65,15.65,15.65,15.65,200,0
2017-12-01,20:00:00,15.65,15.65,15.65,15.65,2185,0
2017-12-01,21:00:00,15.7,15.7,15.6,15.7,1500,0
2017-12-01,22:00:00,15.6,15.7,15.6,15.65,710,0
2017-12-04,16:00:00,15.55,15.55,15.55,15.55,250,0
2017-12-04,17:00:00,15.85,15.85,15.6,15.6,200,0
2017-12-04,18:00:00,15.7,15.7,15.7,15.7,1600,0
2017-12-04,21:00:00,15.6881,15.6881,15.6881,15.6881,345,0
2017-12-04,22:00:00,15.65,15.75,15.65,15.75,1947,0
2017-12-05,16:00:00,15.7,15.7,15.7,15.7,325,0
2017-12-05,17:00:00,15.65,15.65,15.65,15.65,482,0
2017-12-05,18:00:00,15.6813,15.6813,15.65,15.65,2306,0
2017-12-05,19:00:00,15.65,15.75,15.65,15.75,200,0
2017-12-05,20:00:00,15.6,15.6,15.6,15.6,523,0
2017-12-05,21:00:00,15.6,15.75,15.6,15.75,3120,0
2017-12-05,22:00:00,15.7,15.725,15.65,15.7,775,0
2017-12-06,16:00:00,15.75,15.75,15.75,15.75,100,0
2017-12-06,17:00:00,15.5,15.5,15.5,15.5,100,0
2017-12-06,18:00:00,15.5861,15.5861,15.5861,15.5861,300,0
2017-12-06,19:00:00,15.625,15.7,15.625,15.7,300,0
2017-12-06,20:00:00,15.7,15.7,15.65,15.7,2865,0
2017-12-06,21:00:00,15.6,15.7,15.5014,15.5014,700,0
2017-12-06,22:00:00,15.6,15.75,15.6,15.65,1800,0
