Date,Time,Open,High,Low,Close,Volume,OpenInt
2017-05-16,16:00:00,18.089,18.398,17.694,17.941,45715,0
2017-05-16,17:00:00,18.049,18.089,17.781,17.99,30154,0
2017-05-16,18:00:00,17.99,18.179,17.821,17.931,33201,0
2017-05-16,19:00:00,17.921,18.01,17.611,17.891,23034,0
2017-05-16,20:00:00,17.881,17.99,17.741,17.99,7209,0
2017-05-16,21:00:00,17.981,18.388,17.961,18.278,54474,0
2017-05-16,22:00:00,18.298,18.358,18.049,18.099,60874,0
2017-05-17,16:00:00,17.681,18.198,17.381,17.711,37828,0
2017-05-17,17:00:00,17.601,17.651,17.054,17.134,24801,0
2017-05-17,18:00:00,17.123,17.152,16.874,16.944,13725,0
2017-05-17,19:00:00,17.003,17.084,16.924,17.084,14875,0
2017-05-17,20:00:00,17.044,17.172,16.984,17.104,30567,0
2017-05-17,21:00:00,17.143,17.271,17.104,17.168,24463,0
2017-05-17,22:00:00,17.182,17.331,17.114,17.202,45841,0
2017-05-18,16:00:00,16.954,17.301,16.459,17.064,58455,0
2017-05-18,17:00:00,17.104,17.321,16.854,16.914,65057,0
2017-05-18,18:00:00,16.874,17.054,16.804,17.054,14949,0
2017-05-18,19:00:00,17.109,17.311,16.984,17.094,27492,0
2017-05-18,20:00:00,17.152,17.152,16.834,16.944,15447,0
2017-05-18,21:00:00,16.974,17.114,16.872,16.894,27875,0
2017-05-18,22:00:00,16.904,17.172,16.884,16.954,51808,0
2017-05-19,16:00:00,17.321,17.761,16.844,17.581,63390,0
2017-05-19,17:00:00,17.591,17.751,17.211,17.379,53279,0
2017-05-19,18:00:00,17.331,17.333,17.044,17.321,63955,0
2017-05-19,19:00:00,17.321,17.511,17.182,17.221,16662,0
2017-05-19,20:00:00,17.192,17.351,17.162,17.346,12138,0
2017-05-19,21:00:00,17.321,17.451,17.251,17.446,17392,0
2017-05-19,22:00:00,17.461,17.471,17.271,17.391,61975,0
2017-05-22,16:00:00,17.461,17.861,17.461,17.601,12020,0
2017-05-22,17:00:00,17.601,17.611,17.157,17.251,13750,0
2017-05-22,18:00:00,17.221,17.371,17.148,17.336,19784,0
2017-05-22,19:00:00,17.336,17.421,17.241,17.251,12572,0
2017-05-22,20:00:00,17.261,17.341,17.162,17.241,22616,0
2017-05-22,21:00:00,17.202,17.321,17.202,17.221,12542,0
2017-05-22,22:00:00,17.226,17.391,17.202,17.301,60946,0
2017-05-23,16:00:00,17.401,17.541,17.004,17.094,43513,0
2017-05-23,17:00:00,17.046,17.871,17.024,17.871,72370,0
2017-05-23,18:00:00,17.846,18.159,17.681,18,68216,0
2017-05-23,19:00:00,17.981,18.02,17.731,17.861,23025,0
2017-05-23,20:00:00,17.852,18.049,17.801,17.971,26217,0
2017-05-23,21:00:00,17.941,18.288,17.901,18.119,19963,0
2017-05-23,22:00:00,18.119,18.238,18.029,18.059,36222,0
2017-05-24,16:00:00,18.109,18.628,17.801,18.368,66446,0
2017-05-24,17:00:00,18.398,18.398,17.941,18.039,37943,0
2017-05-24,18:00:00,18.049,18.079,17.431,17.521,52601,0
2017-05-24,19:00:00,17.501,17.661,17.311,17.611,67638,0
2017-05-24,20:00:00,17.651,17.771,17.391,17.426,44267,0
2017-05-24,21:00:00,17.461,17.521,17.381,17.381,22879,0
2017-05-24,22:00:00,17.401,17.541,17.361,17.391,53605,0
2017-05-25,16:00:00,17.481,18,17.143,17.741,47093,0
2017-05-25,17:00:00,17.731,17.881,17.261,17.331,62280,0
2017-05-25,18:00:00,17.311,17.421,17.024,17.044,29583,0
2017-05-25,19:00:00,17.094,17.192,17.054,17.124,10590,0
2017-05-25,20:00:00,17.104,17.271,16.944,17.152,31212,0
2017-05-25,21:00:00,17.202,17.341,17.152,17.261,23068,0
2017-05-25,22:00:00,17.211,17.261,17.069,17.162,32682,0
2017-05-26,16:00:00,17.241,17.281,16.844,16.884,34226,0
2017-05-26,17:00:00,16.918,17.241,16.794,16.984,43287,0
2017-05-26,18:00:00,16.984,17.124,16.644,16.674,19624,0
2017-05-26,19:00:00,16.714,16.824,16.694,16.724,12376,0
2017-05-26,20:00:00,16.734,16.774,16.644,16.684,10243,0
2017-05-26,21:00:00,16.694,16.764,16.614,16.704,17345,0
2017-05-26,22:00:00,16.714,16.884,16.664,16.734,56703,0
2017-05-30,16:00:00,16.604,16.954,16.096,16.284,74731,0
2017-05-30,17:00:00,16.314,16.764,16.274,16.734,27120,0
2017-05-30,18:00:00,16.764,16.964,16.704,16.704,26968,0
2017-05-30,19:00:00,16.734,16.774,16.604,16.694,10372,0
2017-05-30,20:00:00,16.654,16.814,16.634,16.634,10653,0
2017-05-30,21:00:00,16.624,16.724,16.514,16.534,8819,0
2017-05-30,22:00:00,16.544,16.694,16.474,16.674,44091,0
2017-05-31,16:00:00,16.754,16.884,16.006,16.006,42942,0
2017-05-31,17:00:00,16.071,16.226,15.796,16.096,59456,0
2017-05-31,18:00:00,16.145,16.704,16.111,16.704,54389,0
2017-05-31,19:00:00,16.684,16.834,16.574,16.662,15834,0
2017-05-31,20:00:00,16.594,16.654,16.314,16.444,32288,0
2017-05-31,21:00:00,16.444,16.514,16.324,16.334,26680,0
2017-05-31,22:00:00,16.314,16.594,16.186,16.434,60246,0
2017-06-01,16:00:00,16.474,16.724,16.216,16.514,28140,0
2017-06-01,17:00:00,16.494,17.203,16.494,17.163,60396,0
2017-06-01,18:00:00,17.153,17.212,16.844,17.044,33709,0
2017-06-01,19:00:00,17.014,17.064,16.824,16.934,13140,0
2017-06-01,20:00:00,16.924,17.183,16.924,17.134,8161,0
2017-06-01,21:00:00,17.124,17.272,17.044,17.272,15874,0
2017-06-01,22:00:00,17.232,17.332,17.173,17.232,45351,0
2017-06-02,16:00:00,17.262,17.642,16.944,17.439,33783,0
2017-06-02,17:00:00,17.412,17.412,16.604,17.094,31121,0
2017-06-02,18:00:00,17.124,17.422,16.834,17.283,57325,0
2017-06-02,19:00:00,17.272,17.273,17.024,17.104,11888,0
2017-06-02,20:00:00,17.054,17.054,16.834,16.834,3236,0
2017-06-02,21:00:00,16.784,17.203,16.764,17.203,20849,0
2017-06-02,22:00:00,17.163,17.232,16.984,17.094,44038,0
2017-06-05,16:00:00,17.064,17.342,16.974,17.322,9934,0
2017-06-05,17:00:00,17.392,17.505,17.262,17.392,23038,0
2017-06-05,18:00:00,17.402,17.792,17.322,17.622,82727,0
2017-06-05,19:00:00,17.622,17.952,17.542,17.842,19842,0
2017-06-05,20:00:00,17.872,18.041,17.707,17.757,30110,0
2017-06-05,21:00:00,17.822,17.822,17.662,17.745,10199,0
2017-06-05,22:00:00,17.772,17.782,17.482,17.542,60191,0
2017-06-06,16:00:00,17.432,17.862,17.183,17.183,18179,0
2017-06-06,17:00:00,17.203,17.312,16.974,17.143,28145,0
2017-06-06,18:00:00,17.124,17.342,17.124,17.327,5353,0
2017-06-06,19:00:00,17.307,17.392,17.307,17.378,2906,0
2017-06-06,20:00:00,17.342,17.457,17.318,17.422,4207,0
2017-06-06,21:00:00,17.442,17.712,17.372,17.642,12755,0
2017-06-06,22:00:00,17.632,17.832,17.529,17.702,59763,0
2017-06-07,16:00:00,17.742,17.972,17.502,17.902,17243,0
2017-06-07,17:00:00,17.902,18.007,17.532,17.652,19488,0
2017-06-07,18:00:00,17.642,17.712,17.203,17.252,11318,0
2017-06-07,19:00:00,17.222,17.332,17.014,17.063,10141,0
2017-06-07,20:00:00,17.046,17.392,16.934,17.332,90213,0
2017-06-07,21:00:00,17.322,17.452,17.183,17.382,28373,0
2017-06-07,22:00:00,17.382,17.392,17.114,17.163,85319,0
2017-06-08,16:00:00,17.094,17.712,16.824,17.562,39771,0
2017-06-08,17:00:00,17.572,18.151,17.572,17.982,34980,0
2017-06-08,18:00:00,18.061,18.385,18.061,18.372,30240,0
2017-06-08,19:00:00,18.32,18.914,18.3,18.85,39400,0
2017-06-08,20:00:00,18.79,18.9,18.65,18.885,18717,0
2017-06-08,21:00:00,18.86,18.87,18.44,18.65,45411,0
2017-06-08,22:00:00,18.7,18.77,18.47,18.51,36400,0
2017-06-09,16:00:00,18.56,19.329,18.26,18.909,61477,0
2017-06-09,17:00:00,18.909,18.909,18.21,18.28,28212,0
2017-06-09,18:00:00,18.291,18.81,18.23,18.81,22674,0
2017-06-09,19:00:00,18.73,18.939,18.5,18.7,35625,0
2017-06-09,20:00:00,18.71,18.909,18.7,18.83,9120,0
2017-06-09,21:00:00,18.83,18.89,18.68,18.68,8761,0
2017-06-09,22:00:00,18.67,18.77,18.57,18.59,39668,0
2017-06-12,16:00:00,18.56,19.228,18.42,19.139,37415,0
2017-06-12,17:00:00,19.159,19.433,18.959,19.368,22450,0
2017-06-12,18:00:00,19.338,19.348,18.605,18.62,19081,0
2017-06-12,19:00:00,18.61,19.238,18.5,19.149,51719,0
2017-06-12,20:00:00,19.129,19.169,18.999,19.059,15535,0
2017-06-12,21:00:00,19.079,19.079,18.79,18.86,12559,0
2017-06-12,22:00:00,18.929,19.009,18.82,18.86,25423,0
2017-06-13,16:00:00,18.939,19.298,18.73,18.77,30308,0
2017-06-13,17:00:00,18.88,19.198,18.69,19.099,57845,0
2017-06-13,18:00:00,19.089,19.159,19.049,19.069,34027,0
2017-06-13,19:00:00,19.039,19.188,18.9,19.099,14536,0
2017-06-13,20:00:00,19.059,19.079,18.929,19.009,6438,0
2017-06-13,21:00:00,19.039,19.119,18.87,18.87,11625,0
2017-06-13,22:00:00,18.86,18.9,18.66,18.86,36045,0
2017-06-14,16:00:00,18.84,18.86,17.932,17.957,29826,0
2017-06-14,17:00:00,17.982,18.191,17.702,17.812,79042,0
2017-06-14,18:00:00,17.812,17.812,17.482,17.482,19249,0
2017-06-14,19:00:00,17.462,17.512,17.119,17.332,39703,0
2017-06-14,20:00:00,17.312,17.342,17.124,17.124,14091,0
2017-06-14,21:00:00,17.153,17.322,17.074,17.134,22209,0
2017-06-14,22:00:00,17.124,17.492,17.114,17.462,45477,0
2017-06-15,16:00:00,17.094,17.229,16.544,16.914,65105,0
2017-06-15,17:00:00,16.954,16.984,16.664,16.754,46403,0
2017-06-15,18:00:00,16.777,17.074,16.654,16.874,21856,0
2017-06-15,19:00:00,16.864,17.024,16.764,17.024,5525,0
2017-06-15,20:00:00,16.944,17.322,16.924,17.322,61009,0
2017-06-15,21:00:00,17.312,17.442,17.04,17.054,34571,0
2017-06-15,22:00:00,17.064,17.292,17.064,17.143,74621,0
2017-06-16,16:00:00,16.964,17.153,16.394,17.044,71637,0
2017-06-16,17:00:00,17.044,17.193,16.784,16.984,24091,0
2017-06-16,18:00:00,16.984,17.034,16.714,16.714,42862,0
2017-06-16,19:00:00,16.774,16.774,16.624,16.659,9867,0
2017-06-16,20:00:00,16.614,16.624,16.544,16.604,18199,0
2017-06-16,21:00:00,16.564,16.574,16.404,16.524,17763,0
2017-06-16,22:00:00,16.544,16.864,16.494,16.754,70745,0
2017-06-19,16:00:00,16.914,18.012,16.774,17.822,64344,0
2017-06-19,17:00:00,17.812,17.952,17.492,17.632,60754,0
2017-06-19,18:00:00,17.642,17.742,17.044,17.114,17638,0
2017-06-19,19:00:00,17.163,17.322,17.104,17.292,9707,0
2017-06-19,20:00:00,17.372,17.542,17.242,17.302,13241,0
2017-06-19,21:00:00,17.302,17.361,17.163,17.292,14570,0
2017-06-19,22:00:00,17.292,17.512,17.232,17.262,39605,0
2017-06-20,16:00:00,17.163,17.222,16.604,16.879,40479,0
2017-06-20,17:00:00,16.814,17.272,16.744,17.178,43694,0
2017-06-20,18:00:00,17.198,17.292,17.163,17.252,12452,0
2017-06-20,19:00:00,17.217,17.262,17.094,17.134,6955,0
2017-06-20,20:00:00,17.114,17.203,17.054,17.114,4501,0
2017-06-20,21:00:00,17.183,17.452,17.183,17.362,12283,0
2017-06-20,22:00:00,17.362,17.502,17.362,17.452,22311,0
2017-06-21,16:00:00,17.532,18.012,16.994,17.552,27765,0
2017-06-21,17:00:00,17.462,17.862,17.412,17.662,9867,0
2017-06-21,18:00:00,17.672,17.672,17.402,17.432,5111,0
2017-06-21,19:00:00,17.572,17.662,17.302,17.372,7675,0
2017-06-21,20:00:00,17.392,17.632,17.372,17.522,7194,0
2017-06-21,21:00:00,17.562,17.602,17.472,17.552,15418,0
2017-06-21,22:00:00,17.562,17.572,17.362,17.402,29883,0
2017-06-22,16:00:00,17.462,17.682,17.282,17.562,6640,0
2017-06-22,17:00:00,17.642,17.694,17.482,17.633,6524,0
2017-06-22,18:00:00,17.562,17.662,17.462,17.462,4050,0
2017-06-22,19:00:00,17.497,17.682,17.452,17.682,13629,0
2017-06-22,20:00:00,17.702,17.852,17.622,17.782,48140,0
2017-06-22,21:00:00,17.792,17.852,17.752,17.812,15417,0
2017-06-22,22:00:00,17.812,17.881,17.782,17.782,32065,0
2017-06-23,16:00:00,17.942,18.131,17.452,18.131,17938,0
2017-06-23,17:00:00,18.071,18.44,18.071,18.22,20861,0
2017-06-23,18:00:00,18.22,18.22,18.022,18.141,12727,0
2017-06-23,19:00:00,18.116,18.55,18.116,18.4,13264,0
2017-06-23,20:00:00,18.39,18.39,18.081,18.308,11725,0
2017-06-23,21:00:00,18.31,18.44,18.29,18.41,14732,0
2017-06-23,22:00:00,18.41,18.65,18.35,18.61,120361,0
2017-06-26,16:00:00,18.63,19.038,18.37,18.75,31165,0
2017-06-26,17:00:00,18.52,18.52,17.952,18.022,44152,0
2017-06-26,18:00:00,17.972,17.994,17.822,17.952,10561,0
2017-06-26,19:00:00,18.002,18.2,18.002,18.022,10715,0
2017-06-26,20:00:00,18.061,18.25,18.041,18.041,9019,0
2017-06-26,21:00:00,18.041,18.21,18.012,18.21,7752,0
2017-06-26,22:00:00,18.22,18.26,18.081,18.111,63601,0
2017-06-27,16:00:00,18.23,18.7,18.061,18.68,56960,0
2017-06-27,17:00:00,18.74,19.278,18.69,18.979,66011,0
2017-06-27,18:00:00,18.979,19.009,18.65,18.86,49432,0
2017-06-27,19:00:00,18.86,18.904,18.69,18.82,14694,0
2017-06-27,20:00:00,18.81,18.81,18.44,18.44,10305,0
2017-06-27,21:00:00,18.44,18.5,18.24,18.43,42978,0
2017-06-27,22:00:00,18.43,18.54,18.081,18.111,74360,0
2017-06-28,16:00:00,18.35,18.66,18.151,18.39,23508,0
2017-06-28,17:00:00,18.43,18.969,18.43,18.969,12342,0
2017-06-28,18:00:00,18.989,19.099,18.979,19.082,15646,0
2017-06-28,19:00:00,19.098,19.378,19.098,19.288,12835,0
2017-06-28,20:00:00,19.318,19.478,19.208,19.428,8482,0
2017-06-28,21:00:00,19.478,19.658,19.328,19.368,17163,0
2017-06-28,22:00:00,19.348,19.358,19.169,19.248,36833,0
2017-06-29,16:00:00,19.268,19.957,19.084,19.548,37466,0
2017-06-29,17:00:00,19.538,20.166,19.498,20.097,29509,0
2017-06-29,18:00:00,20.027,20.107,19.308,19.458,51075,0
2017-06-29,19:00:00,19.418,19.488,19.169,19.398,9521,0
2017-06-29,20:00:00,19.416,19.558,19.318,19.558,26045,0
2017-06-29,21:00:00,19.499,19.767,19.368,19.568,17485,0
2017-06-29,22:00:00,19.658,19.847,19.578,19.678,59560,0
2017-06-30,16:00:00,19.728,19.927,18.718,19.608,21895,0
2017-06-30,17:00:00,19.528,19.528,19.268,19.328,7662,0
2017-06-30,18:00:00,19.338,19.763,19.338,19.608,12367,0
2017-06-30,19:00:00,19.658,19.708,19.388,19.498,5801,0
2017-06-30,20:00:00,19.488,19.698,19.488,19.548,18290,0
2017-06-30,21:00:00,19.508,19.628,19.268,19.348,14761,0
2017-06-30,22:00:00,19.318,19.523,19.268,19.438,57279,0
2017-07-03,16:00:00,19.458,19.947,18.67,19.518,20287,0
2017-07-03,17:00:00,19.438,19.498,19.218,19.288,7338,0
2017-07-03,18:00:00,19.288,19.358,19.079,19.278,8760,0
2017-07-03,19:00:00,19.318,19.618,19.258,19.418,14131,0
2017-07-05,16:00:00,19.238,19.797,19.069,19.308,44328,0
2017-07-05,17:00:00,19.313,19.313,18.77,18.77,20437,0
2017-07-05,18:00:00,18.81,18.989,18.81,18.88,8414,0
2017-07-05,19:00:00,18.81,19.029,18.74,19.009,7566,0
2017-07-05,20:00:00,18.919,19.149,18.54,19.089,68608,0
2017-07-05,21:00:00,19.169,19.278,18.9,18.959,23952,0
2017-07-05,22:00:00,18.995,19.099,18.939,18.959,36911,0
2017-07-06,16:00:00,18.939,19.318,18.81,19.119,16772,0
2017-07-06,17:00:00,19.159,19.198,19.059,19.129,4510,0
2017-07-06,18:00:00,19.149,19.458,19.149,19.358,5201,0
2017-07-06,19:00:00,19.408,19.548,19.398,19.438,5958,0
2017-07-06,20:00:00,19.418,19.418,19.049,19.049,5744,0
2017-07-06,21:00:00,19.039,19.099,18.919,18.919,10988,0
2017-07-06,22:00:00,18.979,19.069,18.63,18.75,33755,0
2017-07-07,16:00:00,18.52,18.61,17.622,17.802,42361,0
2017-07-07,17:00:00,17.812,17.922,17.512,17.862,54975,0
2017-07-07,18:00:00,17.892,18.44,17.892,18.31,24782,0
2017-07-07,19:00:00,18.37,18.37,18.091,18.151,32141,0
2017-07-07,20:00:00,18.171,18.38,18.141,18.31,51001,0
2017-07-07,21:00:00,18.301,18.5,18.141,18.191,32112,0
2017-07-07,22:00:00,18.191,18.61,18.191,18.58,57260,0
2017-07-10,16:00:00,18.51,18.53,18.24,18.42,9715,0
2017-07-10,17:00:00,18.41,18.8,18.28,18.7,19670,0
2017-07-10,18:00:00,18.77,18.79,18.52,18.69,17012,0
2017-07-10,19:00:00,18.71,18.85,18.66,18.74,13907,0
2017-07-10,20:00:00,18.71,18.81,18.55,18.63,17183,0
2017-07-10,21:00:00,18.67,18.75,18.45,18.45,15834,0
2017-07-10,22:00:00,18.54,18.63,18.31,18.36,45529,0
2017-07-11,16:00:00,18.62,18.81,18.35,18.43,11787,0
2017-07-11,17:00:00,18.44,18.49,18.2,18.46,35895,0
2017-07-11,18:00:00,18.46,18.57,18.21,18.54,35378,0
2017-07-11,19:00:00,18.55,18.72,18.55,18.64,8090,0
2017-07-11,20:00:00,18.64,18.73,18.56,18.71,16286,0
2017-07-11,21:00:00,18.68,18.81,18.48,18.65,19264,0
2017-07-11,22:00:00,18.64,18.86,18.59,18.79,39621,0
2017-07-12,16:00:00,19.059,19.338,18.64,18.969,10778,0
2017-07-12,17:00:00,19.004,19.029,18.41,18.41,10535,0
2017-07-12,18:00:00,18.42,18.58,18.171,18.45,28754,0
2017-07-12,19:00:00,18.48,18.74,18.27,18.61,63687,0
2017-07-12,20:00:00,18.61,18.635,18.4,18.41,25290,0
2017-07-12,21:00:00,18.42,18.42,18.28,18.38,11018,0
2017-07-12,22:00:00,18.37,18.39,18.26,18.28,43347,0
2017-07-13,16:00:00,18.36,18.8,18.36,18.565,18584,0
2017-07-13,17:00:00,18.63,18.85,18.47,18.51,17989,0
2017-07-13,18:00:00,18.49,18.53,18.161,18.31,21201,0
2017-07-13,19:00:00,18.31,18.325,18.141,18.156,7617,0
2017-07-13,20:00:00,18.151,18.38,18.151,18.365,12101,0
2017-07-13,21:00:00,18.39,18.68,18.34,18.68,22122,0
2017-07-13,22:00:00,18.68,18.929,18.66,18.89,51899,0
2017-07-14,16:00:00,18.87,19.119,18.6,18.919,13177,0
2017-07-14,17:00:00,18.77,18.84,18.42,18.65,26772,0
2017-07-14,18:00:00,18.76,18.949,18.68,18.84,5201,0
2017-07-14,19:00:00,18.82,19.218,18.63,19.129,65431,0
2017-07-14,20:00:00,19.109,19.119,18.909,18.979,25259,0
2017-07-14,21:00:00,18.949,19.059,18.87,18.919,12622,0
2017-07-14,22:00:00,18.904,19.119,18.83,19.009,40073,0
2017-07-17,16:00:00,19.059,19.358,19.018,19.318,14274,0
2017-07-17,17:00:00,19.298,19.708,19.238,19.618,28574,0
2017-07-17,18:00:00,19.668,19.887,19.578,19.578,21346,0
2017-07-17,19:00:00,19.618,19.758,19.578,19.698,7135,0
2017-07-17,20:00:00,19.688,19.797,19.648,19.768,10121,0
2017-07-17,21:00:00,19.797,19.797,19.623,19.623,9344,0
2017-07-17,22:00:00,19.618,19.618,19.458,19.498,26091,0
2017-07-18,16:00:00,19.468,19.468,19.303,19.448,3209,0
2017-07-18,17:00:00,19.388,19.448,18.77,18.86,38559,0
2017-07-18,18:00:00,18.84,18.9,18.69,18.84,18148,0
2017-07-18,19:00:00,18.89,19.079,18.66,18.75,15762,0
2017-07-18,20:00:00,18.72,18.83,18.7,18.76,11176,0
2017-07-18,21:00:00,18.785,18.89,18.67,18.84,14299,0
2017-07-18,22:00:00,18.78,19.009,18.7,18.74,35508,0
2017-07-19,16:00:00,18.43,18.6,17.782,17.902,36271,0
2017-07-19,17:00:00,17.892,18.071,17.892,17.962,29916,0
2017-07-19,18:00:00,17.962,18.012,17.638,17.662,57732,0
2017-07-19,19:00:00,17.671,17.823,17.582,17.812,11071,0
2017-07-19,20:00:00,17.882,18.42,17.882,18.41,14646,0
2017-07-19,21:00:00,18.4,18.43,18.28,18.31,23250,0
2017-07-19,22:00:00,18.359,18.44,18.3,18.38,35917,0
2017-07-20,16:00:00,18.141,18.141,17.812,17.972,8701,0
2017-07-20,17:00:00,18.061,18.25,17.892,18.2,21805,0
2017-07-20,18:00:00,18.131,18.131,17.852,17.992,13353,0
2017-07-20,19:00:00,18.002,18.25,17.942,18.151,7764,0
2017-07-20,20:00:00,18.161,18.21,18.051,18.181,7614,0
2017-07-20,21:00:00,18.181,18.4,18.181,18.239,8847,0
2017-07-20,22:00:00,18.21,18.21,18.031,18.101,31829,0
2017-07-21,16:00:00,18.191,18.191,17.872,17.872,19961,0
2017-07-21,17:00:00,17.822,17.882,17.632,17.712,23577,0
2017-07-21,18:00:00,17.712,17.792,17.642,17.682,14445,0
2017-07-21,19:00:00,17.668,17.742,17.632,17.634,8268,0
2017-07-21,20:00:00,17.634,17.702,17.502,17.512,15988,0
2017-07-21,21:00:00,17.552,17.552,17.342,17.432,15306,0
2017-07-21,22:00:00,17.402,17.592,17.392,17.522,65113,0
2017-07-24,16:00:00,17.412,17.572,17.412,17.512,7396,0
2017-07-24,17:00:00,17.482,17.512,17.362,17.4,14668,0
2017-07-24,18:00:00,17.384,17.452,17.173,17.342,9222,0
2017-07-24,19:00:00,17.322,17.402,17.173,17.332,48961,0
2017-07-24,20:00:00,17.332,17.422,17.242,17.412,37223,0
2017-07-24,21:00:00,17.452,17.452,17.322,17.332,6361,0
2017-07-24,22:00:00,17.342,17.762,17.242,17.742,85431,0
2017-07-25,16:00:00,17.982,18.44,17.87,18.4,17405,0
2017-07-25,17:00:00,18.42,18.46,18.21,18.38,45161,0
2017-07-25,18:00:00,18.42,18.49,18.24,18.36,18102,0
2017-07-25,19:00:00,18.45,18.59,18.36,18.36,9019,0
2017-07-25,20:00:00,18.38,18.43,18.25,18.34,11009,0
2017-07-25,21:00:00,18.29,18.41,18.171,18.171,8419,0
2017-07-25,22:00:00,18.171,18.22,17.922,18.031,45929,0
2017-07-26,16:00:00,18.081,18.412,17.981,17.981,21924,0
2017-07-26,17:00:00,17.982,18.086,17.342,17.342,21632,0
2017-07-26,18:00:00,17.412,17.762,17.332,17.732,22381,0
2017-07-26,19:00:00,17.682,17.832,17.542,17.562,8560,0
2017-07-26,20:00:00,17.527,17.602,17.402,17.442,8931,0
2017-07-26,21:00:00,17.487,17.612,17.422,17.572,17668,0
2017-07-26,22:00:00,17.572,17.682,17.502,17.592,45354,0
2017-07-27,16:00:00,17.812,17.812,17.342,17.512,7013,0
2017-07-27,17:00:00,17.452,17.752,17.432,17.752,12376,0
2017-07-27,18:00:00,17.752,17.842,17.652,17.702,11453,0
2017-07-27,19:00:00,17.7,17.762,17.472,17.472,8669,0
2017-07-27,20:00:00,17.482,17.536,17.222,17.442,15005,0
2017-07-27,21:00:00,17.442,17.467,17.332,17.392,10357,0
2017-07-27,22:00:00,17.368,17.632,17.282,17.632,47905,0
2017-07-28,16:00:00,17.452,17.452,17.131,17.131,8458,0
2017-07-28,17:00:00,17.074,17.252,16.974,17.031,14617,0
2017-07-28,18:00:00,17.063,17.084,16.934,17.004,22903,0
2017-07-28,19:00:00,16.994,17.054,16.894,16.994,14780,0
2017-07-28,20:00:00,16.974,17.064,16.764,16.814,11117,0
2017-07-28,21:00:00,16.804,17.054,16.774,17.014,21009,0
2017-07-28,22:00:00,16.994,17.143,16.964,17.114,59130,0
2017-07-31,16:00:00,17.193,17.472,17.089,17.222,12011,0
2017-07-31,17:00:00,17.302,17.302,16.964,17.034,9304,0
2017-07-31,18:00:00,16.984,17.074,16.874,16.934,9761,0
2017-07-31,19:00:00,16.949,17.019,16.854,17.004,8441,0
2017-07-31,20:00:00,16.964,17.014,16.874,16.924,4617,0
2017-07-31,21:00:00,16.924,17.084,16.909,17.074,24585,0
2017-07-31,22:00:00,17.089,17.094,16.894,17.054,57964,0
2017-08-01,16:00:00,17.193,17.302,16.824,17.134,23194,0
2017-08-01,17:00:00,17.212,17.462,17.212,17.462,23017,0
2017-08-01,18:00:00,17.462,17.514,16.994,17.104,9904,0
2017-08-01,19:00:00,17.084,17.232,17.039,17.084,12347,0
2017-08-01,20:00:00,17.084,17.151,17.034,17.044,11244,0
2017-08-01,21:00:00,17.064,17.203,17.034,17.153,8695,0
2017-08-01,22:00:00,17.203,17.322,17.193,17.232,40174,0
2017-08-02,16:00:00,17.153,17.502,17.153,17.272,8464,0
2017-08-02,17:00:00,17.282,17.282,16.984,17.104,14308,0
2017-08-02,18:00:00,17.114,17.472,17.094,17.183,23372,0
2017-08-02,19:00:00,17.212,17.342,17.064,17.302,15560,0
2017-08-02,20:00:00,17.272,17.342,17.153,17.212,9746,0
2017-08-02,21:00:00,17.212,17.342,17.183,17.252,10113,0
2017-08-02,22:00:00,17.332,17.532,17.242,17.492,51013,0
2017-08-03,16:00:00,17.094,17.662,16.884,17.098,22618,0
2017-08-03,17:00:00,16.969,17.752,16.866,17.752,45801,0
2017-08-03,18:00:00,17.742,18.071,17.662,17.792,52929,0
2017-08-03,19:00:00,17.812,17.812,17.352,17.662,23012,0
2017-08-03,20:00:00,17.662,17.742,17.492,17.492,10056,0
2017-08-03,21:00:00,17.452,17.612,17.322,17.578,23609,0
2017-08-03,22:00:00,17.582,17.772,17.532,17.662,49518,0
2017-08-04,16:00:00,17.522,17.562,17.312,17.552,6083,0
2017-08-04,17:00:00,17.512,17.622,17.302,17.302,17258,0
2017-08-04,18:00:00,17.352,17.492,17.307,17.452,8469,0
2017-08-04,19:00:00,17.452,17.652,17.432,17.482,4209,0
2017-08-04,20:00:00,17.492,17.632,17.412,17.472,14993,0
2017-08-04,21:00:00,17.462,17.712,17.422,17.532,31233,0
2017-08-04,22:00:00,17.552,17.872,17.522,17.842,38989,0
2017-08-07,16:00:00,18.171,18.171,17.692,17.942,16560,0
2017-08-07,17:00:00,17.952,17.962,17.712,17.942,17210,0
2017-08-07,18:00:00,17.949,18.41,17.949,18.36,30020,0
2017-08-07,19:00:00,18.32,18.4,18.191,18.37,10801,0
2017-08-07,20:00:00,18.34,18.34,17.912,17.912,6145,0
2017-08-07,21:00:00,17.927,18.28,17.927,18.28,7679,0
2017-08-07,22:00:00,18.2,18.22,18.022,18.061,42003,0
2017-08-08,16:00:00,18.061,18.111,17.562,17.992,17223,0
2017-08-08,17:00:00,18.002,18.62,18.002,18.62,31728,0
2017-08-08,18:00:00,18.63,18.89,18.57,18.77,32990,0
2017-08-08,19:00:00,18.82,18.82,18.42,18.43,9580,0
2017-08-08,20:00:00,18.46,18.57,18.41,18.468,7616,0
2017-08-08,21:00:00,18.48,18.57,18.31,18.535,6013,0
2017-08-08,22:00:00,18.54,18.54,18.012,18.041,47806,0
2017-08-09,16:00:00,18.25,18.25,17.962,18.012,7696,0
2017-08-09,17:00:00,18.041,18.171,17.872,17.952,7997,0
2017-08-09,18:00:00,17.922,18.091,17.922,18.041,4760,0
2017-08-09,19:00:00,18.022,18.041,17.892,18.012,9066,0
2017-08-09,20:00:00,17.992,18.111,17.972,18.091,4911,0
2017-08-09,21:00:00,18.121,18.121,17.982,18.031,5426,0
2017-08-09,22:00:00,18.031,18.091,17.952,18.061,21772,0
2017-08-10,16:00:00,17.912,17.982,17.602,17.962,14740,0
2017-08-10,17:00:00,17.942,18.002,17.802,17.952,25426,0
2017-08-10,18:00:00,17.902,17.942,17.693,17.772,13941,0
2017-08-10,19:00:00,17.742,17.812,17.582,17.632,6430,0
2017-08-10,20:00:00,17.682,17.802,17.642,17.802,4775,0
2017-08-10,21:00:00,17.782,18.002,17.722,18.002,44776,0
2017-08-10,22:00:00,18.002,18.07,17.762,17.832,54421,0
2017-08-11,16:00:00,17.872,17.912,17.422,17.462,9243,0
2017-08-11,17:00:00,17.512,17.622,17.296,17.362,26330,0
2017-08-11,18:00:00,17.382,17.502,17.342,17.432,20150,0
2017-08-11,19:00:00,17.382,17.512,17.312,17.342,8534,0
2017-08-11,20:00:00,17.342,17.414,17.312,17.414,8150,0
2017-08-11,21:00:00,17.332,17.362,17.222,17.222,8944,0
2017-08-11,22:00:00,17.198,17.272,17.044,17.094,45537,0
2017-08-14,16:00:00,17.352,17.442,17.114,17.387,7747,0
2017-08-14,17:00:00,17.372,17.402,17.134,17.134,15984,0
2017-08-14,18:00:00,17.134,17.222,17.044,17.134,12511,0
2017-08-14,19:00:00,17.124,17.173,17.054,17.114,6225,0
2017-08-14,20:00:00,17.074,17.074,16.974,17.034,7599,0
2017-08-14,21:00:00,17.094,17.193,17.044,17.134,8668,0
2017-08-14,22:00:00,17.114,17.163,16.994,17.104,26145,0
2017-08-15,16:00:00,17.084,17.173,17.074,17.104,2966,0
2017-08-15,17:00:00,17.173,17.472,17.074,17.282,46172,0
2017-08-15,18:00:00,17.262,17.362,17.094,17.104,10250,0
2017-08-15,19:00:00,17.124,17.153,16.764,16.924,22916,0
2017-08-15,20:00:00,16.904,16.994,16.724,16.844,11051,0
2017-08-15,21:00:00,16.814,16.844,16.774,16.814,4610,0
2017-08-15,22:00:00,16.817,16.944,16.764,16.874,25333,0
2017-08-16,16:00:00,17.054,17.562,17.054,17.562,17336,0
2017-08-16,17:00:00,17.562,17.892,17.402,17.442,48699,0
2017-08-16,18:00:00,17.362,17.652,17.297,17.602,18287,0
2017-08-16,19:00:00,17.662,17.662,17.532,17.642,18371,0
2017-08-16,20:00:00,17.672,18.081,17.652,17.932,43106,0
2017-08-16,21:00:00,17.932,18.031,17.872,17.917,20482,0
2017-08-16,22:00:00,17.922,17.922,17.583,17.732,70341,0
2017-08-17,16:00:00,17.512,17.762,17.462,17.712,6574,0
2017-08-17,17:00:00,17.682,17.702,17.143,17.361,12014,0
2017-08-17,18:00:00,17.337,17.512,17.337,17.422,16946,0
2017-08-17,19:00:00,17.422,17.422,16.894,17.074,19111,0
2017-08-17,20:00:00,17.064,17.173,17.004,17.094,16788,0
2017-08-17,21:00:00,17.064,17.212,17.054,17.094,16720,0
2017-08-17,22:00:00,17.094,17.094,16.814,16.924,51880,0
2017-08-18,16:00:00,16.804,17.004,16.624,16.884,18561,0
2017-08-18,17:00:00,16.714,16.814,16.554,16.814,11353,0
2017-08-18,18:00:00,16.854,17.024,16.854,16.974,3608,0
2017-08-18,19:00:00,17.044,17.047,16.794,16.794,13137,0
2017-08-18,20:00:00,16.754,16.833,16.674,16.674,4250,0
2017-08-18,21:00:00,16.734,16.884,16.674,16.764,20087,0
2017-08-18,22:00:00,16.774,17.044,16.754,17.024,49309,0
2017-08-21,16:00:00,17.183,17.392,16.829,16.924,2667,0
2017-08-21,17:00:00,16.854,17.002,16.742,16.742,10348,0
2017-08-21,18:00:00,16.714,17.044,16.714,16.804,21343,0
2017-08-21,19:00:00,16.829,16.829,16.684,16.754,4310,0
2017-08-21,20:00:00,16.724,16.774,16.684,16.694,5902,0
2017-08-21,21:00:00,16.724,16.794,16.704,16.714,7168,0
2017-08-21,22:00:00,16.704,16.724,16.584,16.694,47599,0
2017-08-22,16:00:00,16.804,16.944,16.684,16.934,3950,0
2017-08-22,17:00:00,16.934,16.994,16.864,16.994,14940,0
2017-08-22,18:00:00,17.004,17.074,16.964,17.074,3908,0
2017-08-22,19:00:00,17.084,17.292,17.054,17.292,13119,0
2017-08-22,20:00:00,17.267,17.312,17.203,17.252,8186,0
2017-08-22,21:00:00,17.272,17.272,17.173,17.216,7617,0
2017-08-22,22:00:00,17.252,17.332,17.153,17.222,28172,0
2017-08-23,16:00:00,17.044,17.104,16.909,17.104,3768,0
2017-08-23,17:00:00,17.134,17.442,17.094,17.422,9148,0
2017-08-23,18:00:00,17.432,17.648,17.412,17.602,8839,0
2017-08-23,19:00:00,17.612,17.612,17.402,17.402,8557,0
2017-08-23,20:00:00,17.437,17.535,17.352,17.462,12260,0
2017-08-23,21:00:00,17.432,17.563,17.392,17.482,17945,0
2017-08-23,22:00:00,17.472,17.512,17.252,17.272,69613,0
2017-08-24,16:00:00,17.382,17.412,17.134,17.134,8342,0
2017-08-24,17:00:00,17.173,17.742,17.173,17.507,55126,0
2017-08-24,18:00:00,17.527,17.652,17.472,17.522,14136,0
2017-08-24,19:00:00,17.542,17.552,17.292,17.342,6564,0
2017-08-24,20:00:00,17.332,17.332,17.193,17.262,12110,0
2017-08-24,21:00:00,17.242,17.242,17.034,17.232,13439,0
2017-08-24,22:00:00,17.232,17.232,17.094,17.134,28089,0
2017-08-25,16:00:00,17.292,17.312,17.034,17.034,6349,0
2017-08-25,17:00:00,17.069,17.074,16.544,16.724,81534,0
2017-08-25,18:00:00,16.764,17.188,16.764,17.014,16856,0
2017-08-25,19:00:00,17.014,17.054,16.894,16.984,9578,0
2017-08-25,20:00:00,17.024,17.114,16.954,17.034,5533,0
2017-08-25,21:00:00,17.061,17.183,16.984,17.014,14574,0
2017-08-25,22:00:00,17.014,17.242,16.994,17.124,39101,0
2017-08-28,16:00:00,17.262,17.602,17.203,17.282,10372,0
2017-08-28,17:00:00,17.292,17.552,17.173,17.542,10162,0
2017-08-28,18:00:00,17.552,17.632,17.456,17.562,11726,0
2017-08-28,19:00:00,17.612,17.622,17.392,17.392,9301,0
2017-08-28,20:00:00,17.442,17.512,17.392,17.392,4109,0
2017-08-28,21:00:00,17.427,17.472,17.322,17.322,5913,0
2017-08-28,22:00:00,17.302,17.392,17.193,17.302,34111,0
2017-08-29,16:00:00,17.163,17.407,17.163,17.232,4225,0
2017-08-29,17:00:00,17.272,17.272,16.974,17.242,14591,0
2017-08-29,18:00:00,17.232,17.292,17.094,17.292,17767,0
2017-08-29,19:00:00,17.292,17.662,17.22,17.652,14461,0
2017-08-29,20:00:00,17.632,17.862,17.632,17.772,17710,0
2017-08-29,21:00:00,17.702,17.822,17.682,17.722,1904,0
2017-08-29,22:00:00,17.692,17.727,17.562,17.582,21908,0
2017-08-30,16:00:00,17.612,17.752,17.612,17.752,1007,0
2017-08-30,17:00:00,17.762,17.852,17.702,17.843,3392,0
2017-08-30,18:00:00,17.762,18.122,17.752,17.992,12394,0
2017-08-30,19:00:00,18.032,18.142,17.992,18.032,20380,0
2017-08-30,20:00:00,18.072,18.092,17.852,17.902,63118,0
2017-08-30,21:00:00,17.852,17.982,17.822,17.982,8033,0
2017-08-30,22:00:00,17.982,18.162,17.952,18.072,47816,0
2017-08-31,16:00:00,18.221,18.431,17.882,17.992,15302,0
2017-08-31,17:00:00,18.022,18.022,17.712,17.854,10473,0
2017-08-31,18:00:00,17.822,18.162,17.782,18.132,10175,0
2017-08-31,19:00:00,18.137,18.371,18.137,18.321,9274,0
2017-08-31,20:00:00,18.321,18.381,18.261,18.271,9276,0
2017-08-31,21:00:00,18.331,18.331,18.291,18.311,5027,0
2017-08-31,22:00:00,18.261,18.331,18.211,18.231,35561,0
2017-09-01,16:00:00,18.291,18.421,18.231,18.241,2309,0
2017-09-01,17:00:00,18.162,18.221,18.032,18.072,5245,0
2017-09-01,18:00:00,18.032,18.281,18.012,18.281,40687,0
2017-09-01,19:00:00,18.281,18.391,18.241,18.331,4634,0
2017-09-01,20:00:00,18.371,18.371,18.192,18.192,6707,0
2017-09-01,21:00:00,18.216,18.231,18.122,18.192,3604,0
2017-09-01,22:00:00,18.182,18.241,18.092,18.241,61649,0
2017-09-05,16:00:00,18.261,18.531,18.241,18.291,11076,0
2017-09-05,17:00:00,18.281,18.281,18.132,18.192,4905,0
2017-09-05,18:00:00,18.172,18.251,17.862,17.892,8152,0
2017-09-05,19:00:00,17.822,17.842,17.582,17.605,9885,0
2017-09-05,20:00:00,17.622,17.862,17.552,17.862,7170,0
2017-09-05,21:00:00,17.842,17.882,17.622,17.692,12454,0
2017-09-05,22:00:00,17.712,17.782,17.592,17.772,23052,0
2017-09-06,16:00:00,17.852,18.132,17.852,18.102,4528,0
2017-09-06,17:00:00,18.112,18.361,18.072,18.122,12064,0
2017-09-06,18:00:00,18.102,18.102,17.982,18.002,3828,0
2017-09-06,19:00:00,18.062,18.201,18.022,18.112,6507,0
2017-09-06,20:00:00,18.112,18.251,18.062,18.112,3954,0
2017-09-06,21:00:00,18.112,18.182,18.042,18.172,3690,0
2017-09-06,22:00:00,18.092,18.112,17.982,18.012,17118,0
2017-09-07,16:00:00,18.062,18.062,17.887,17.942,1769,0
2017-09-07,17:00:00,17.992,18.321,17.872,18.321,7007,0
2017-09-07,18:00:00,18.321,18.381,18.122,18.281,13967,0
2017-09-07,19:00:00,18.321,18.601,18.311,18.601,8486,0
2017-09-07,20:00:00,18.581,18.911,18.481,18.671,39254,0
2017-09-07,21:00:00,18.641,18.891,18.601,18.891,23079,0
2017-09-07,22:00:00,18.911,19.27,18.811,19.27,61191,0
2017-09-08,16:00:00,19.27,19.27,18.701,19.131,12106,0
2017-09-08,17:00:00,19.071,19.071,18.641,18.801,12481,0
2017-09-08,18:00:00,18.811,18.951,18.162,18.182,21107,0
2017-09-08,19:00:00,18.112,18.371,18.112,18.281,6601,0
2017-09-08,20:00:00,18.241,18.291,18.092,18.231,7613,0
2017-09-08,21:00:00,18.226,18.251,18.112,18.196,4905,0
2017-09-08,22:00:00,18.221,18.271,18.052,18.271,67323,0
2017-09-11,16:00:00,18.381,18.516,18.036,18.231,9817,0
2017-09-11,17:00:00,18.296,18.401,18.182,18.251,4805,0
2017-09-11,18:00:00,18.202,18.241,18.162,18.192,1301,0
2017-09-11,19:00:00,18.201,18.261,18.192,18.232,2052,0
2017-09-11,20:00:00,18.291,18.291,18.099,18.099,1894,0
2017-09-11,21:00:00,18.092,18.132,18.052,18.052,4304,0
2017-09-11,22:00:00,18.082,18.281,17.962,18.231,56766,0
2017-09-12,16:00:00,18.122,18.209,17.922,17.972,21373,0
2017-09-12,17:00:00,18.052,18.142,17.922,18.142,4000,0
2017-09-12,18:00:00,18.132,18.751,18.132,18.751,8950,0
2017-09-12,19:00:00,18.751,18.751,18.511,18.691,6727,0
2017-09-12,20:00:00,18.681,18.701,18.566,18.681,7394,0
2017-09-12,21:00:00,18.611,18.701,18.561,18.581,7499,0
2017-09-12,22:00:00,18.571,18.571,18.411,18.471,12064,0
2017-09-13,16:00:00,18.341,18.661,18.281,18.461,8079,0
2017-09-13,17:00:00,18.401,18.751,18.368,18.731,7658,0
2017-09-13,18:00:00,18.731,18.781,18.691,18.711,6514,0
2017-09-13,19:00:00,18.701,18.751,18.641,18.701,2692,0
2017-09-13,20:00:00,18.721,18.731,18.666,18.721,3770,0
2017-09-13,21:00:00,18.701,18.721,18.501,18.621,11764,0
2017-09-13,22:00:00,18.621,18.631,18.531,18.611,13688,0
2017-09-14,16:00:00,18.521,18.561,18.266,18.551,5375,0
2017-09-14,17:00:00,18.531,18.571,18.361,18.361,5610,0
2017-09-14,18:00:00,18.361,18.411,18.341,18.371,7157,0
2017-09-14,19:00:00,18.381,18.431,18.347,18.366,2638,0
2017-09-14,20:00:00,18.366,18.571,18.281,18.531,15497,0
2017-09-14,21:00:00,18.521,18.598,18.471,18.531,7672,0
2017-09-14,22:00:00,18.541,18.551,18.351,18.371,18486,0
2017-09-15,16:00:00,18.331,18.491,18.331,18.481,16025,0
2017-09-15,17:00:00,18.481,18.691,18.376,18.381,10798,0
2017-09-15,18:00:00,18.401,18.651,18.401,18.631,7386,0
2017-09-15,19:00:00,18.631,18.651,18.501,18.631,5328,0
2017-09-15,20:00:00,18.636,18.701,18.636,18.691,2819,0
2017-09-15,21:00:00,18.741,18.791,18.671,18.781,11304,0
2017-09-15,22:00:00,18.781,19.081,18.651,19.001,136284,0
2017-09-18,16:00:00,18.871,19.4,18.801,19.32,10491,0
2017-09-18,17:00:00,19.29,19.45,19.101,19.29,12125,0
2017-09-18,18:00:00,19.29,19.67,19.29,19.54,27991,0
2017-09-18,19:00:00,19.56,19.79,19.52,19.79,8995,0
2017-09-18,20:00:00,19.81,19.91,19.7,19.71,37395,0
2017-09-18,21:00:00,19.73,19.8,19.62,19.63,16514,0
2017-09-18,22:00:00,19.59,19.8,19.495,19.68,26433,0
2017-09-19,16:00:00,19.57,19.72,19.25,19.72,10807,0
2017-09-19,17:00:00,19.64,20.04,19.58,20.04,17075,0
2017-09-19,18:00:00,20.01,20.519,20.01,20.519,14057,0
2017-09-19,19:00:00,20.496,20.529,20.359,20.439,5718,0
2017-09-19,20:00:00,20.439,20.729,20.349,20.364,17821,0
2017-09-19,21:00:00,20.349,20.439,20.204,20.204,9465,0
2017-09-19,22:00:00,20.209,20.319,20.135,20.269,23723,0
2017-09-20,16:00:00,20.269,20.829,19.96,20.699,42352,0
2017-09-20,17:00:00,20.799,20.909,20.709,20.879,13542,0
2017-09-20,18:00:00,20.959,21.139,20.899,21.009,21926,0
2017-09-20,19:00:00,20.939,21.178,20.899,21.129,25427,0
2017-09-20,20:00:00,21.099,21.178,21.049,21.109,7579,0
2017-09-20,21:00:00,21.139,21.139,20.749,20.909,6116,0
2017-09-20,22:00:00,20.879,20.879,20.619,20.729,23844,0
2017-09-21,16:00:00,20.579,20.949,19.311,20.13,54681,0
2017-09-21,17:00:00,20.149,20.179,19.43,19.83,33967,0
2017-09-21,18:00:00,19.72,19.74,19.58,19.74,7458,0
2017-09-21,19:00:00,19.7,19.77,19.63,19.63,4805,0
2017-09-21,20:00:00,19.67,19.68,19.52,19.6,12836,0
2017-09-21,21:00:00,19.57,19.69,19.5,19.55,18553,0
2017-09-21,22:00:00,19.56,19.6,19.33,19.43,27153,0
2017-09-22,16:00:00,19.33,19.425,19.161,19.26,9181,0
2017-09-22,17:00:00,19.29,19.66,19.29,19.61,3877,0
2017-09-22,18:00:00,19.58,19.69,19.58,19.66,2102,0
2017-09-22,19:00:00,19.7,19.77,19.67,19.67,2703,0
2017-09-22,20:00:00,19.65,19.82,19.62,19.74,12169,0
2017-09-22,21:00:00,19.74,19.78,19.68,19.78,31735,0
2017-09-22,22:00:00,19.77,19.77,19.62,19.63,17040,0
2017-09-25,16:00:00,19.64,19.97,19.59,19.885,10611,0
2017-09-25,17:00:00,19.93,20.409,19.93,20.189,16373,0
2017-09-25,18:00:00,20.06,20.06,19.91,19.935,5101,0
2017-09-25,19:00:00,19.94,19.94,19.73,19.81,2102,0
2017-09-25,20:00:00,19.78,19.9,19.68,19.755,19048,0
2017-09-25,21:00:00,19.78,19.8,19.73,19.76,11975,0
2017-09-25,22:00:00,19.76,19.79,19.72,19.76,18271,0
2017-09-26,16:00:00,19.78,19.815,19.54,19.81,7572,0
2017-09-26,17:00:00,19.75,19.79,19.7,19.72,4524,0
2017-09-26,18:00:00,19.76,19.78,19.73,19.73,3531,0
2017-09-26,19:00:00,19.76,19.79,19.7,19.74,6735,0
2017-09-26,20:00:00,19.64,19.79,19.64,19.73,7798,0
2017-09-26,21:00:00,19.71,19.71,19.58,19.63,2603,0
2017-09-26,22:00:00,19.65,19.65,19.56,19.61,9750,0
2017-09-27,16:00:00,19.76,19.855,19.65,19.68,7426,0
2017-09-27,17:00:00,19.68,19.68,19.49,19.51,4505,0
2017-09-27,18:00:00,19.53,19.562,19.44,19.562,1902,0
2017-09-27,19:00:00,19.575,19.775,19.51,19.775,5620,0
2017-09-27,20:00:00,19.775,20.169,19.76,20.169,13407,0
2017-09-27,21:00:00,20.269,20.469,20.249,20.439,6108,0
2017-09-27,22:00:00,20.469,20.509,20.249,20.294,16866,0
2017-09-28,16:00:00,20.399,20.639,20.219,20.229,11165,0
2017-09-28,17:00:00,20.189,20.819,20.189,20.739,20459,0
2017-09-28,18:00:00,20.719,20.939,20.719,20.749,14492,0
2017-09-28,19:00:00,20.779,21.188,20.709,21.079,16103,0
2017-09-28,20:00:00,21.071,21.258,21.071,21.218,15513,0
2017-09-28,21:00:00,21.258,21.598,21.258,21.573,11069,0
2017-09-28,22:00:00,21.598,21.868,21.559,21.758,46143,0
2017-09-29,16:00:00,21.898,22.157,21.518,21.878,18160,0
2017-09-29,17:00:00,21.928,22.407,21.928,22.31,11872,0
2017-09-29,18:00:00,22.407,22.417,22.068,22.108,9070,0
2017-09-29,19:00:00,22.088,22.177,22.069,22.118,8409,0
2017-09-29,20:00:00,22.177,22.177,22.103,22.177,2500,0
2017-09-29,21:00:00,22.197,22.247,22.147,22.177,10746,0
2017-09-29,22:00:00,22.187,22.257,21.949,21.988,37280,0
2017-10-02,16:00:00,21.968,22.282,21.928,22.202,8911,0
2017-10-02,17:00:00,22.347,22.527,22.177,22.177,7107,0
2017-10-02,18:00:00,22.128,22.157,21.898,22.157,7996,0
2017-10-02,19:00:00,22.118,22.447,22.068,22.447,12285,0
2017-10-02,20:00:00,22.447,22.447,22.177,22.327,8709,0
2017-10-02,21:00:00,22.417,22.482,22.307,22.377,5966,0
2017-10-02,22:00:00,22.387,22.427,22.177,22.427,38258,0
2017-10-03,16:00:00,22.647,22.647,22.108,22.108,7221,0
2017-10-03,17:00:00,22.118,22.167,21.938,22.018,16797,0
2017-10-03,18:00:00,22.028,22.048,21.538,21.538,26200,0
2017-10-03,19:00:00,21.618,21.758,21.563,21.611,7266,0
2017-10-03,20:00:00,21.578,21.603,21.361,21.548,10745,0
2017-10-03,21:00:00,21.608,21.718,21.548,21.708,11067,0
2017-10-03,22:00:00,21.688,21.788,21.598,21.763,37810,0
2017-10-04,16:00:00,21.758,22.058,21.688,21.828,6799,0
2017-10-04,17:00:00,21.858,22.167,21.848,22.068,7608,0
2017-10-04,18:00:00,22.038,22.058,21.848,21.908,7158,0
2017-10-04,19:00:00,21.828,21.828,21.468,21.558,4805,0
2017-10-04,20:00:00,21.558,21.588,21.382,21.478,3629,0
2017-10-04,21:00:00,21.468,21.508,21.428,21.468,2402,0
2017-10-04,22:00:00,21.518,21.528,21.368,21.418,18666,0
2017-10-05,16:00:00,21.528,21.753,21.358,21.418,7825,0
2017-10-05,17:00:00,21.428,21.548,21.318,21.418,8353,0
2017-10-05,18:00:00,21.468,21.803,21.388,21.649,10302,0
2017-10-05,19:00:00,21.648,21.678,21.468,21.528,3504,0
2017-10-05,20:00:00,21.498,21.598,21.438,21.538,4905,0
2017-10-05,21:00:00,21.588,21.588,21.258,21.328,12158,0
2017-10-05,22:00:00,21.328,21.458,21.188,21.398,29483,0
2017-10-06,16:00:00,21.228,21.278,20.62,21.069,3908,0
2017-10-06,17:00:00,21.08,21.198,21.039,21.089,3604,0
2017-10-06,18:00:00,21.049,21.119,20.966,20.989,3328,0
2017-10-06,19:00:00,20.969,21.013,20.899,20.969,3617,0
2017-10-06,20:00:00,20.979,20.999,20.87,20.972,2640,0
2017-10-06,21:00:00,20.94,21.009,20.829,20.899,10859,0
2017-10-06,22:00:00,20.884,21.039,20.819,21.019,13860,0
2017-10-09,16:00:00,21.049,21.124,20.849,20.859,1294,0
2017-10-09,17:00:00,20.899,21.029,20.809,20.889,4608,0
2017-10-09,18:00:00,20.889,20.889,20.504,20.709,8862,0
2017-10-09,19:00:00,20.729,20.729,20.369,20.489,8639,0
2017-10-09,20:00:00,20.469,20.529,20.379,20.499,4409,0
2017-10-09,21:00:00,20.469,20.469,20.229,20.329,18110,0
2017-10-09,22:00:00,20.379,20.759,20.269,20.719,34539,0
2017-10-10,16:00:00,20.779,21.268,20.449,20.539,20714,0
2017-10-10,17:00:00,20.479,20.519,20.04,20.369,17100,0
2017-10-10,18:00:00,20.419,20.679,20.419,20.609,3718,0
2017-10-10,19:00:00,20.599,20.719,20.559,20.599,2365,0
2017-10-10,20:00:00,20.529,20.579,20.459,20.499,1502,0
2017-10-10,21:00:00,20.499,20.529,20.399,20.419,2102,0
2017-10-10,22:00:00,20.459,20.609,20.429,20.579,17768,0
2017-10-11,16:00:00,20.609,20.989,20.559,20.964,14477,0
2017-10-11,17:00:00,20.989,21.278,20.869,20.909,32947,0
2017-10-11,18:00:00,20.809,21.188,20.729,21.188,28351,0
2017-10-11,19:00:00,21.188,21.208,20.919,20.919,1978,0
2017-10-11,20:00:00,20.889,20.979,20.859,20.899,1502,0
2017-10-11,21:00:00,20.874,20.919,20.739,20.764,1702,0
2017-10-11,22:00:00,20.764,20.929,20.764,20.779,8104,0
2017-10-12,16:00:00,20.759,21.198,20.529,20.709,16071,0
2017-10-12,17:00:00,20.619,20.859,20.559,20.789,5098,0
2017-10-12,18:00:00,20.879,20.889,20.629,20.769,8208,0
2017-10-12,19:00:00,20.749,20.839,20.749,20.839,11111,0
2017-10-12,20:00:00,20.799,20.859,20.779,20.789,12413,0
2017-10-12,21:00:00,20.819,20.819,20.589,20.649,5481,0
2017-10-12,22:00:00,20.719,20.779,20.509,20.539,46217,0
2017-10-13,16:00:00,21.095,21.218,20.569,21.029,9860,0
2017-10-13,17:00:00,21.009,21.029,20.799,20.799,16971,0
2017-10-13,18:00:00,20.829,20.869,20.789,20.839,4805,0
2017-10-13,19:00:00,20.877,21.039,20.859,20.989,6402,0
2017-10-13,20:00:00,20.979,20.979,20.899,20.919,2117,0
2017-10-13,21:00:00,20.909,21.029,20.884,21.009,3333,0
2017-10-13,22:00:00,21.004,21.029,20.909,20.929,14101,0
2017-10-16,16:00:00,21.009,21.119,20.969,21.019,5893,0
2017-10-16,17:00:00,21.036,21.036,20.589,20.599,11051,0
2017-10-16,18:00:00,20.579,20.719,20.479,20.679,13002,0
2017-10-16,19:00:00,20.572,20.613,20.449,20.449,4191,0
2017-10-16,20:00:00,20.449,20.639,20.379,20.629,4461,0
2017-10-16,21:00:00,20.569,20.569,20.529,20.569,984,0
2017-10-16,22:00:00,20.589,20.749,20.459,20.569,22705,0
2017-10-17,16:00:00,20.579,20.794,20.579,20.794,1747,0
2017-10-17,17:00:00,20.959,20.979,20.679,20.819,5005,0
2017-10-17,18:00:00,20.839,20.979,20.399,20.899,35772,0
2017-10-17,19:00:00,20.889,20.929,20.819,20.819,2703,0
2017-10-17,20:00:00,20.829,20.829,20.549,20.569,2879,0
2017-10-17,21:00:00,20.609,20.699,20.529,20.579,2342,0
2017-10-17,22:00:00,20.519,20.519,20.05,20.12,50816,0
2017-10-18,16:00:00,20.14,20.269,19.64,20.269,13366,0
2017-10-18,17:00:00,20.329,20.449,20.179,20.289,6573,0
2017-10-18,18:00:00,20.189,20.189,19.94,20.08,3028,0
2017-10-18,19:00:00,20.06,20.11,20.02,20.03,2292,0
2017-10-18,20:00:00,20.02,20.09,20.01,20.03,3711,0
2017-10-18,21:00:00,20.06,20.1,20.02,20.1,3314,0
2017-10-18,22:00:00,20.06,20.08,19.88,19.91,26632,0
2017-10-19,16:00:00,19.78,19.79,19.26,19.36,11450,0
2017-10-19,17:00:00,19.416,19.72,19.161,19.59,16392,0
2017-10-19,18:00:00,19.58,19.7,19.58,19.6,4505,0
2017-10-19,19:00:00,19.55,19.73,19.54,19.71,2613,0
2017-10-19,20:00:00,19.74,19.84,19.69,19.75,2202,0
2017-10-19,21:00:00,19.76,19.88,19.75,19.87,3978,0
2017-10-19,22:00:00,19.88,19.88,19.64,19.75,35277,0
2017-10-20,16:00:00,19.98,20.274,19.88,20.149,6219,0
2017-10-20,17:00:00,20.09,20.168,19.78,19.905,7257,0
2017-10-20,18:00:00,19.99,19.99,19.82,19.82,1101,0
2017-10-20,19:00:00,19.8,19.84,19.69,19.84,5104,0
2017-10-20,20:00:00,19.83,19.92,19.79,19.86,5556,0
2017-10-20,21:00:00,19.92,20.03,19.89,19.95,5837,0
2017-10-20,22:00:00,19.98,19.98,19.67,19.74,21185,0
2017-10-23,16:00:00,19.74,19.74,19.42,19.64,2793,0
2017-10-23,17:00:00,19.64,19.735,19.3,19.3,7229,0
2017-10-23,18:00:00,19.375,19.67,19.32,19.55,8609,0
2017-10-23,19:00:00,19.54,19.638,19.49,19.58,3227,0
2017-10-23,20:00:00,19.56,19.64,19.46,19.64,3901,0
2017-10-23,21:00:00,19.58,19.58,19.44,19.47,2402,0
2017-10-23,22:00:00,19.44,19.54,19.34,19.47,14811,0
2017-10-24,16:00:00,19.47,19.97,19.42,19.81,7755,0
2017-10-24,17:00:00,19.76,20.519,19.76,20.519,17993,0
2017-10-24,18:00:00,20.519,20.659,20.239,20.239,20718,0
2017-10-24,19:00:00,20.16,20.294,20.08,20.229,12350,0
2017-10-24,20:00:00,20.189,20.294,20.13,20.169,8599,0
2017-10-24,21:00:00,20.189,20.239,20.08,20.08,11515,0
2017-10-24,22:00:00,20.12,20.13,19.96,20,31639,0
2017-10-25,16:00:00,19.98,19.98,19.61,19.692,5968,0
2017-10-25,17:00:00,19.65,19.694,19.27,19.47,11589,0
2017-10-25,18:00:00,19.37,19.37,18.971,19.22,10223,0
2017-10-25,19:00:00,19.193,19.375,19.111,19.37,6106,0
2017-10-25,20:00:00,19.37,19.638,19.32,19.62,9527,0
2017-10-25,21:00:00,19.6,19.6,19.42,19.45,4354,0
2017-10-25,22:00:00,19.46,19.59,19.45,19.56,11946,0
2017-10-26,16:00:00,19.65,19.65,19.44,19.54,1891,0
2017-10-26,17:00:00,19.61,19.69,19.57,19.69,3985,0
2017-10-26,18:00:00,19.8,19.8,19.435,19.435,5005,0
2017-10-26,19:00:00,19.47,19.47,19.23,19.23,4246,0
2017-10-26,20:00:00,19.31,19.47,19.3,19.4,2503,0
2017-10-26,21:00:00,19.411,19.411,19.23,19.23,2002,0
2017-10-26,22:00:00,19.28,19.37,19.22,19.29,15196,0
2017-10-27,16:00:00,19.23,19.23,19.051,19.081,1702,0
2017-10-27,17:00:00,19.071,19.38,19.061,19.38,6757,0
2017-10-27,18:00:00,19.29,19.62,19.29,19.51,6126,0
2017-10-27,19:00:00,19.49,19.59,19.49,19.52,3403,0
2017-10-27,20:00:00,19.55,19.72,19.51,19.64,4602,0
2017-10-27,21:00:00,19.61,19.669,19.54,19.54,4873,0
2017-10-27,22:00:00,19.56,19.66,19.52,19.55,21585,0
2017-10-30,15:00:00,19.52,19.97,19.23,19.42,5521,0
2017-10-30,16:00:00,19.41,19.555,19.33,19.36,5255,0
2017-10-30,17:00:00,19.38,19.5,19.25,19.43,12806,0
2017-10-30,18:00:00,19.44,19.44,19.26,19.27,4705,0
2017-10-30,19:00:00,19.25,19.57,19.141,19.29,11497,0
2017-10-30,20:00:00,19.23,19.52,19.23,19.47,4021,0
2017-10-30,21:00:00,19.47,19.59,19.33,19.47,22743,0
2017-10-31,15:00:00,19.48,19.6,19.34,19.34,3821,0
2017-10-31,16:00:00,19.39,19.702,19.22,19.28,22407,0
2017-10-31,17:00:00,19.33,19.37,19.131,19.23,4404,0
2017-10-31,18:00:00,19.23,19.34,19.051,19.28,7502,0
2017-10-31,19:00:00,19.24,19.39,19.24,19.29,2803,0
2017-10-31,20:00:00,19.28,19.35,19.121,19.22,56449,0
2017-10-31,21:00:00,19.26,19.31,18.831,18.861,89388,0
2017-11-01,15:00:00,19.18,20.209,18.971,20.022,52077,0
2017-11-01,16:00:00,20.03,20.384,19.71,19.88,19539,0
2017-11-01,17:00:00,19.84,19.84,19.38,19.42,3504,0
2017-11-01,18:00:00,19.414,19.414,19.28,19.28,4381,0
2017-11-01,19:00:00,19.2,19.36,19.101,19.36,5461,0
2017-11-01,20:00:00,19.32,19.46,19.285,19.33,3247,0
2017-11-01,21:00:00,19.305,19.46,19.28,19.33,18219,0
2017-11-02,15:00:00,19.32,19.555,19.131,19.555,48424,0
2017-11-02,16:00:00,19.54,19.94,19.43,19.68,17002,0
2017-11-02,17:00:00,19.69,19.74,19.51,19.57,9259,0
2017-11-02,18:00:00,19.5,19.63,19.45,19.45,1902,0
2017-11-02,19:00:00,19.45,19.49,19.348,19.42,10886,0
2017-11-02,20:00:00,19.42,19.76,19.41,19.71,25425,0
2017-11-02,21:00:00,19.73,19.76,19.58,19.59,33332,0
2017-11-03,15:00:00,19.57,19.57,19.23,19.325,21336,0
2017-11-03,16:00:00,19.32,19.41,19.18,19.389,19309,0
2017-11-03,17:00:00,19.36,19.4,19.27,19.32,3103,0
2017-11-03,18:00:00,19.3,19.35,19.19,19.29,5183,0
2017-11-03,19:00:00,19.29,19.34,19.21,19.26,3240,0
2017-11-03,20:00:00,19.28,19.35,19.18,19.3,8731,0
2017-11-03,21:00:00,19.3,19.49,19.22,19.45,26629,0
2017-11-06,16:00:00,19.53,19.55,19.36,19.38,3342,0
2017-11-06,17:00:00,19.42,19.476,18.841,18.841,14191,0
2017-11-06,18:00:00,18.857,19.061,18.771,19.061,11521,0
2017-11-06,19:00:00,19.111,19.26,19.111,19.18,1802,0
2017-11-06,20:00:00,19.164,19.445,19.111,19.121,5961,0
2017-11-06,21:00:00,19.071,19.081,18.956,18.956,6945,0
2017-11-06,22:00:00,18.961,19.061,18.821,18.841,18588,0
2017-11-07,16:00:00,18.931,19.293,18.481,18.697,8735,0
2017-11-07,17:00:00,18.701,18.811,18.411,18.431,9733,0
2017-11-07,19:00:00,18.561,18.591,18.331,18.331,9339,0
2017-11-07,20:00:00,18.331,18.531,18.281,18.381,10066,0
2017-11-07,21:00:00,18.401,18.753,18.331,18.501,18974,0
2017-11-07,22:00:00,18.481,18.551,18.381,18.431,72114,0
2017-11-08,16:00:00,19.98,20.819,19.051,19.071,22229,0
2017-11-08,17:00:00,19.031,20.289,18.861,20.174,23803,0
2017-11-08,18:00:00,20.294,20.294,19.38,19.48,18538,0
2017-11-08,19:00:00,19.37,19.75,19.33,19.75,13636,0
2017-11-08,20:00:00,19.81,19.81,19.62,19.67,6212,0
2017-11-08,21:00:00,19.66,19.74,19.37,19.63,4418,0
2017-11-08,22:00:00,19.649,20,19.63,19.89,29734,0
2017-11-09,16:00:00,19.49,19.72,18.551,19.24,13393,0
2017-11-09,17:00:00,19.375,19.695,19.375,19.58,6056,0
2017-11-09,18:00:00,19.59,19.605,19.21,19.31,8774,0
2017-11-09,19:00:00,19.35,19.4,18.986,19.4,6717,0
2017-11-09,20:00:00,19.4,19.55,19.22,19.27,4515,0
2017-11-09,21:00:00,19.25,19.6,19.161,19.31,5361,0
2017-11-09,22:00:00,19.34,19.41,19.2,19.39,11908,0
2017-11-10,16:00:00,19.35,19.81,19.35,19.81,1450,0
2017-11-10,17:00:00,19.9,19.94,19.5,19.7,5976,0
2017-11-10,18:00:00,19.69,19.7,19.37,19.46,3203,0
2017-11-10,19:00:00,19.42,19.42,19.2,19.24,2102,0
2017-11-10,20:00:00,19.225,19.49,19.126,19.49,2903,0
2017-11-10,21:00:00,19.48,19.48,19.23,19.32,3003,0
2017-11-10,22:00:00,19.35,19.54,19.32,19.38,21641,0
2017-11-13,16:00:00,19.32,19.62,19.26,19.6,4905,0
2017-11-13,17:00:00,19.64,19.91,19.31,19.31,18620,0
2017-11-13,18:00:00,19.29,19.32,19.071,19.101,15124,0
2017-11-13,19:00:00,19.13,19.339,19.123,19.27,13750,0
2017-11-13,20:00:00,19.22,19.26,19.101,19.2,4713,0
2017-11-13,21:00:00,19.24,19.45,19.131,19.28,20390,0
2017-11-13,22:00:00,19.28,19.28,19.131,19.21,11233,0
2017-11-14,16:00:00,19.061,19.36,18.731,18.831,20363,0
2017-11-14,17:00:00,18.751,18.821,18.571,18.699,19171,0
2017-11-14,18:00:00,18.691,18.691,18.403,18.431,6609,0
2017-11-14,19:00:00,18.439,18.439,18.25,18.261,16286,0
2017-11-14,20:00:00,18.291,18.451,18.291,18.411,4825,0
2017-11-14,21:00:00,18.411,18.681,18.371,18.621,9313,0
2017-11-14,22:00:00,18.646,18.891,18.641,18.791,31038,0
2017-11-15,16:00:00,18.561,18.731,18.082,18.391,19781,0
2017-11-15,17:00:00,18.431,18.981,18.426,18.981,17612,0
2017-11-15,18:00:00,18.974,19.121,18.831,18.921,13558,0
2017-11-15,19:00:00,18.921,19.101,18.551,19.101,9910,0
2017-11-15,20:00:00,19.101,19.111,18.881,18.931,5806,0
2017-11-15,21:00:00,18.936,19.161,18.936,19.111,5954,0
2017-11-15,22:00:00,19.14,19.36,19.081,19.23,25414,0
2017-11-16,16:00:00,19.33,19.33,18.963,19.061,2595,0
2017-11-16,17:00:00,19.081,19.51,19.051,19.31,6799,0
2017-11-16,18:00:00,19.38,19.49,19.171,19.18,3644,0
2017-11-16,19:00:00,19.23,19.34,19.19,19.33,5450,0
2017-11-16,20:00:00,19.33,19.33,19.21,19.21,1315,0
2017-11-16,21:00:00,19.131,19.2,18.981,18.991,4500,0
2017-11-16,22:00:00,19.001,19.22,19.001,19.121,14291,0
2017-11-17,16:00:00,19.041,19.465,18.981,19.19,8889,0
2017-11-17,17:00:00,19.32,19.4,19.151,19.21,9909,0
2017-11-17,18:00:00,19.19,19.37,19.19,19.37,9350,0
2017-11-17,19:00:00,19.34,19.43,19.23,19.28,7917,0
2017-11-17,20:00:00,19.3,19.43,19.25,19.25,5525,0
2017-11-17,21:00:00,19.22,19.35,19.011,19.28,20380,0
2017-11-17,22:00:00,19.29,19.43,19.22,19.31,25132,0
2017-11-20,16:00:00,19.32,19.52,19.264,19.52,4454,0
2017-11-20,17:00:00,19.56,19.72,19.56,19.58,10046,0
2017-11-20,18:00:00,19.6,19.6,19.23,19.33,8659,0
2017-11-20,19:00:00,19.4,19.606,19.4,19.57,6066,0
2017-11-20,20:00:00,19.61,19.68,19.54,19.55,4104,0
2017-11-20,21:00:00,19.59,19.59,19.43,19.54,2202,0
2017-11-20,22:00:00,19.5,19.68,19.5,19.68,8459,0
2017-11-21,16:00:00,19.71,20.14,19.71,20.14,18401,0
2017-11-21,17:00:00,20.1,20.449,20.1,20.199,14147,0
2017-11-21,18:00:00,20.179,20.179,19.85,19.91,14555,0
2017-11-21,19:00:00,19.93,19.98,19.81,19.87,8586,0
2017-11-21,20:00:00,19.9,19.9,19.747,19.747,2852,0
2017-11-21,21:00:00,19.75,19.81,19.67,19.81,3918,0
2017-11-21,22:00:00,19.76,19.87,19.65,19.69,15751,0
2017-11-22,16:00:00,19.74,20.329,19.72,20.01,43812,0
2017-11-22,17:00:00,20,20.299,20,20.199,17114,0
2017-11-22,18:00:00,20.249,20.459,19.925,20.07,11970,0
2017-11-22,19:00:00,20.045,20.14,19.96,20.14,6265,0
2017-11-22,20:00:00,20.14,20.14,19.91,19.91,3232,0
2017-11-22,21:00:00,19.93,20.14,19.89,20.11,12601,0
2017-11-22,22:00:00,20.14,20.15,19.82,19.91,35862,0
2017-11-24,16:00:00,19.97,20.07,19.35,19.98,12242,0
2017-11-24,17:00:00,20.044,20.229,19.91,19.91,6653,0
2017-11-24,18:00:00,19.94,19.99,19.46,19.709,25068,0
2017-11-24,19:00:00,19.72,19.78,19.24,19.39,29108,0
2017-11-24,20:00:00,19.45,19.45,19.45,19.45,1378,0
2017-11-27,16:00:00,19.331,19.7,19.31,19.7,8833,0
2017-11-27,17:00:00,19.71,19.71,19.32,19.33,5180,0
2017-11-27,18:00:00,19.32,19.447,19.22,19.32,5719,0
2017-11-27,19:00:00,19.4,19.42,19.2,19.21,2803,0
2017-11-27,20:00:00,19.27,19.33,19.24,19.31,1882,0
2017-11-27,21:00:00,19.24,19.43,19.21,19.42,4705,0
2017-11-27,22:00:00,19.47,19.49,19.32,19.35,7890,0
2017-11-28,16:00:00,19.39,19.48,19.021,19.48,2303,0
2017-11-28,17:00:00,19.5,19.5,19.29,19.46,8469,0
2017-11-28,18:00:00,19.47,19.47,19.031,19.171,6435,0
2017-11-28,19:00:00,19.18,19.23,19.051,19.071,4404,0
2017-11-28,20:00:00,19.141,19.151,19.071,19.141,4663,0
2017-11-28,21:00:00,19.041,19.24,19.031,19.24,4304,0
2017-11-28,22:00:00,19.19,19.4,19.19,19.32,25135,0
2017-11-29,16:00:00,19.33,19.825,19.156,19.68,5921,0
2017-11-29,17:00:00,19.83,20.249,19.756,19.97,34049,0
2017-11-29,18:00:00,19.94,19.94,19.49,19.49,8707,0
2017-11-29,19:00:00,19.555,19.85,19.55,19.84,3103,0
2017-11-29,20:00:00,19.88,19.92,19.79,19.87,1201,0
2017-11-29,21:00:00,19.93,19.99,19.77,19.84,9181,0
2017-11-29,22:00:00,19.82,19.82,19.67,19.67,14627,0
2017-11-30,16:00:00,19.78,20,19.56,20,43521,0
2017-11-30,17:00:00,20,20.3,19.92,20.09,10469,0
2017-11-30,18:00:00,20.12,20.31,19.721,19.9,6403,0
2017-11-30,19:00:00,19.79,19.96,19.72,19.93,19718,0
2017-11-30,20:00:00,19.9,19.9,19.75,19.85,1100,0
2017-11-30,21:00:00,19.95,19.95,19.78,19.9,4638,0
2017-11-30,22:00:00,19.9,20.03,19.797,19.92,14641,0
2017-12-01,16:00:00,21,21,20.17,20.49,59005,0
2017-12-01,17:00:00,20.53,21,20.48,20.81,36660,0
2017-12-01,18:00:00,20.825,20.934,20.08,20.3,37747,0
2017-12-01,19:00:00,20.35,20.72,20.26,20.64,12572,0
2017-12-01,20:00:00,20.69,20.914,20.42,20.63,17403,0
2017-12-01,21:00:00,20.6031,20.67,20.5,20.6,11384,0
2017-12-01,22:00:00,20.5669,20.75,20.55,20.75,43175,0
2017-12-04,16:00:00,21.25,21.65,21.1,21.46,34839,0
2017-12-04,17:00:00,21.516,21.516,20.92,21.25,26118,0
2017-12-04,18:00:00,21.21,21.43,20.98,20.98,11602,0
2017-12-04,19:00:00,21.02,21.3875,20.97,21.1879,11916,0
2017-12-04,20:00:00,21.18,21.3464,21.1,21.1,16361,0
2017-12-04,21:00:00,21.11,21.28,21.07,21.13,17082,0
2017-12-04,22:00:00,21.08,21.11,20.905,20.99,30784,0
2017-12-05,16:00:00,21,22.08,20.55,20.62,10823,0
2017-12-05,17:00:00,20.54,20.74,20.435,20.5,12989,0
2017-12-05,18:00:00,20.49,20.765,20.49,20.64,12849,0
2017-12-05,19:00:00,20.65,20.73,20.58,20.62,8370,0
2017-12-05,20:00:00,20.62,20.89,20.6,20.66,4900,0
2017-12-05,21:00:00,20.7098,20.73,20.6,20.64,7520,0
2017-12-05,22:00:00,20.66,20.79,20.54,20.55,22543,0
2017-12-06,16:00:00,20.55,21.06,20.4,20.52,20948,0
2017-12-06,17:00:00,20.54,20.96,20.41,20.68,28486,0
2017-12-06,18:00:00,20.6247,20.6594,20.25,20.31,12863,0
2017-12-06,19:00:00,20.28,20.37,20.12,20.2942,14694,0
2017-12-06,20:00:00,20.26,20.28,20.15,20.2572,7038,0
2017-12-06,21:00:00,20.24,20.38,20.23,20.25,6102,0
2017-12-06,22:00:00,20.2361,20.31,20.1,20.18,33219,0
