Date,Time,Open,High,Low,Close,Volume,OpenInt
2017-05-11,16:00:00,13.71,13.8,13.6,13.61,91440,0
2017-05-11,17:00:00,13.61,13.64,13.59,13.625,28450,0
2017-05-11,18:00:00,13.625,13.64,13.62,13.632,28800,0
2017-05-11,19:00:00,13.64,13.6447,13.63,13.63,16700,0
2017-05-11,20:00:00,13.64,13.65,13.63,13.645,25670,0
2017-05-11,21:00:00,13.645,13.65,13.605,13.605,31174,0
2017-05-11,22:00:00,13.605,13.686,13.6,13.67,36860,0
2017-05-12,16:00:00,13.7,13.7,13.7,13.7,351,0
2017-05-12,19:00:00,13.83,13.83,13.81,13.81,309,0
2017-05-12,21:00:00,13.81,13.8135,13.81,13.8135,570,0
2017-05-12,22:00:00,13.8212,13.8212,13.8212,13.8212,200,0
2017-05-15,16:00:00,13.84,13.84,13.71,13.8,9230,0
2017-05-15,17:00:00,13.792,13.82,13.76,13.78,2900,0
2017-05-15,18:00:00,13.7993,13.7993,13.79,13.79,800,0
2017-05-15,19:00:00,13.79,13.79,13.78,13.79,4500,0
2017-05-15,20:00:00,13.79,13.79,13.79,13.79,100,0
2017-05-15,21:00:00,13.792,13.792,13.79,13.79,200,0
2017-05-15,22:00:00,13.8399,13.84,13.79,13.82,3039,0
2017-05-16,16:00:00,13.82,13.86,13.82,13.86,1350,0
2017-05-16,17:00:00,13.92,13.92,13.88,13.88,2615,0
2017-05-16,18:00:00,13.88,13.9,13.88,13.9,1100,0
2017-05-16,19:00:00,13.92,13.93,13.9199,13.93,400,0
2017-05-16,20:00:00,13.93,13.94,13.92,13.92,2754,0
2017-05-16,21:00:00,13.92,13.92,13.88,13.88,2900,0
2017-05-16,22:00:00,13.9022,13.9022,13.88,13.88,408,0
2017-05-17,16:00:00,13.85,13.85,13.85,13.85,597,0
2017-05-17,17:00:00,13.8207,13.8207,13.8,13.8,3597,0
2017-05-17,18:00:00,13.8058,13.8099,13.78,13.79,2045,0
2017-05-17,19:00:00,13.8222,13.8222,13.8222,13.8222,100,0
2017-05-17,20:00:00,13.79,13.79,13.75,13.75,1100,0
2017-05-17,21:00:00,13.7501,13.7652,13.72,13.72,1720,0
2017-05-17,22:00:00,13.71,13.71,13.71,13.71,300,0
2017-05-18,16:00:00,13.62,13.62,13.62,13.62,400,0
2017-05-18,17:00:00,13.61,13.68,13.6,13.66,19270,0
2017-05-18,19:00:00,13.654,13.654,13.61,13.64,350,0
2017-05-18,20:00:00,13.6706,13.6706,13.65,13.65,1240,0
2017-05-18,21:00:00,13.69,13.74,13.69,13.71,8513,0
2017-05-18,22:00:00,13.76,13.761,13.69,13.75,3546,0
2017-05-19,16:00:00,13.78,13.78,13.78,13.78,1000,0
2017-05-19,17:00:00,13.86,13.86,13.86,13.86,135,0
2017-05-19,18:00:00,13.8897,13.893,13.87,13.87,603,0
2017-05-19,19:00:00,13.89,13.89,13.88,13.88,1292,0
2017-05-19,20:00:00,13.9004,13.9146,13.87,13.87,830,0
2017-05-19,21:00:00,13.9199,13.9199,13.87,13.88,1803,0
2017-05-19,22:00:00,13.9099,13.9099,13.86,13.87,1340,0
2017-05-22,16:00:00,13.97,13.97,13.97,13.97,1146,0
2017-05-22,17:00:00,13.98,13.98,13.98,13.98,400,0
2017-05-22,18:00:00,13.9889,13.99,13.97,13.98,400,0
2017-05-22,19:00:00,13.9832,13.99,13.979,13.98,855,0
2017-05-22,21:00:00,13.9899,14.0116,13.98,14.0116,1643,0
2017-05-22,22:00:00,14.02,14.02,13.99,14.01,2768,0
2017-05-23,16:00:00,14.03,14.03,14.03,14.03,360,0
2017-05-23,17:00:00,13.9299,13.94,13.9299,13.94,618,0
2017-05-23,18:00:00,13.95,13.95,13.95,13.95,100,0
2017-05-23,19:00:00,13.94,13.94,13.94,13.94,300,0
2017-05-23,20:00:00,13.9081,13.9196,13.9081,13.9196,800,0
2017-05-23,21:00:00,13.9098,13.9098,13.9098,13.9098,186,0
2017-05-23,22:00:00,13.94,13.9499,13.91,13.93,885,0
2017-05-24,16:00:00,13.95,13.95,13.9,13.9,600,0
2017-05-24,17:00:00,13.9119,13.9499,13.9,13.9,1501,0
2017-05-24,18:00:00,13.915,13.915,13.9,13.9,200,0
2017-05-24,21:00:00,13.92,13.924,13.91,13.91,2225,0
2017-05-24,22:00:00,13.9236,13.93,13.91,13.93,3603,0
2017-05-25,16:00:00,14.04,14.04,14.04,14.04,415,0
2017-05-25,17:00:00,14.0501,14.0501,14.0501,14.0501,100,0
2017-05-25,18:00:00,14.05,14.06,14.04,14.04,1100,0
2017-05-25,19:00:00,14.0101,14.0499,14.0101,14.0201,8000,0
2017-05-25,22:00:00,14.067,14.067,14.04,14.04,900,0
2017-05-26,16:00:00,14.08,14.08,14.027,14.06,2600,0
2017-05-26,17:00:00,14.06,14.085,14.06,14.06,8171,0
2017-05-26,18:00:00,14.0614,14.0614,14.05,14.06,6900,0
2017-05-26,20:00:00,14.07,14.07,14.07,14.07,200,0
2017-05-26,22:00:00,14.07,14.08,14.07,14.08,700,0
2017-05-30,16:00:00,14.1,14.12,14.1,14.1189,718,0
2017-05-30,17:00:00,14.08,14.0801,14.08,14.0801,200,0
2017-05-30,18:00:00,14.09,14.09,14.09,14.09,400,0
2017-05-30,20:00:00,14.093,14.093,14.093,14.093,176,0
2017-05-30,22:00:00,14.091,14.1,14.08,14.08,3184,0
2017-05-31,16:00:00,14.19,14.25,14.19,14.2149,1050,0
2017-05-31,17:00:00,14.1401,14.188,14.1401,14.188,2006,0
2017-05-31,19:00:00,14.156,14.2,14.156,14.2,400,0
2017-05-31,21:00:00,14.15,14.1699,14.15,14.1677,4230,0
2017-05-31,22:00:00,14.1869,14.25,14.16,14.21,108982,0
2017-06-01,16:00:00,14.23,14.32,14.23,14.32,3875,0
2017-06-01,17:00:00,14.27,14.29,14.27,14.29,517,0
2017-06-01,18:00:00,14.3055,14.33,14.28,14.28,106692,0
2017-06-01,19:00:00,14.295,14.36,14.28,14.36,5324,0
2017-06-01,20:00:00,14.36,14.4,14.35,14.3837,9525,0
2017-06-01,21:00:00,14.375,14.435,14.375,14.405,5665,0
2017-06-01,22:00:00,14.405,14.459,14.37,14.42,43348,0
2017-06-02,16:00:00,14.5,14.5,14.5,14.5,1550,0
2017-06-02,17:00:00,14.499,14.499,14.4865,14.4905,450,0
2017-06-02,18:00:00,14.4805,14.5,14.44,14.4999,3911,0
2017-06-02,19:00:00,14.5,14.52,14.5,14.52,210,0
2017-06-02,20:00:00,14.494,14.494,14.494,14.494,200,0
2017-06-02,21:00:00,14.47,14.52,14.47,14.495,1428,0
2017-06-02,22:00:00,14.48,14.51,14.48,14.49,3400,0
2017-06-05,16:00:00,14.53,14.53,14.53,14.53,735,0
2017-06-05,17:00:00,14.53,14.53,14.47,14.53,4744,0
2017-06-05,18:00:00,14.513,14.513,14.485,14.4864,1533,0
2017-06-05,19:00:00,14.5052,14.5052,14.48,14.48,276,0
2017-06-05,21:00:00,14.515,14.52,14.49,14.52,4700,0
2017-06-05,22:00:00,14.4955,14.54,14.4955,14.51,1906,0
2017-06-06,16:00:00,14.4685,14.4685,14.4685,14.4685,500,0
2017-06-06,17:00:00,14.4896,14.4896,14.46,14.46,400,0
2017-06-06,18:00:00,14.4928,14.51,14.4928,14.4934,300,0
2017-06-06,19:00:00,14.53,14.53,14.5086,14.5086,700,0
2017-06-06,20:00:00,14.52,14.53,14.49,14.5066,14515,0
2017-06-06,21:00:00,14.5144,14.5144,14.49,14.49,200,0
2017-06-06,22:00:00,14.493,14.493,14.46,14.49,1150,0
2017-06-07,16:00:00,14.46,14.528,14.46,14.5,4651,0
2017-06-07,17:00:00,14.52,14.59,14.51,14.57,54909,0
2017-06-07,18:00:00,14.57,14.57,14.5464,14.56,700,0
2017-06-07,19:00:00,14.59,14.59,14.5508,14.5508,3350,0
2017-06-07,20:00:00,14.5856,14.61,14.571,14.59,5986,0
2017-06-07,21:00:00,14.58,14.63,14.58,14.63,39300,0
2017-06-07,22:00:00,14.6164,14.63,14.59,14.63,2405,0
2017-06-08,16:00:00,14.96,14.96,14.8633,14.8633,18022,0
2017-06-08,17:00:00,14.85,14.865,14.74,14.74,11750,0
2017-06-08,18:00:00,14.74,14.82,14.74,14.82,6761,0
2017-06-08,19:00:00,14.84,14.85,14.8312,14.8314,2100,0
2017-06-08,20:00:00,14.8111,14.83,14.795,14.819,2520,0
2017-06-08,21:00:00,14.83,14.86,14.7911,14.7949,3400,0
2017-06-08,22:00:00,14.83,14.83,14.83,14.83,100,0
2017-06-09,16:00:00,14.97,14.98,14.9233,14.9233,735,0
2017-06-09,17:00:00,14.8951,14.8951,14.86,14.86,6790,0
2017-06-09,18:00:00,14.87,14.87,14.869,14.869,350,0
2017-06-09,19:00:00,14.84,14.84,14.77,14.79,4868,0
2017-06-09,20:00:00,14.78,14.78,14.65,14.651,2283,0
2017-06-09,21:00:00,14.69,14.69,14.6822,14.6822,300,0
2017-06-09,22:00:00,14.65,14.7,14.65,14.69,1526,0
2017-06-12,16:00:00,14.63,14.63,14.6195,14.6195,1592,0
2017-06-12,17:00:00,14.5806,14.5806,14.5729,14.5729,1960,0
2017-06-12,18:00:00,14.6001,14.689,14.6001,14.675,2290,0
2017-06-12,19:00:00,14.67,14.67,14.63,14.63,1525,0
2017-06-12,20:00:00,14.6124,14.6124,14.6124,14.6124,130,0
2017-06-12,21:00:00,14.61,14.64,14.58,14.58,1838,0
2017-06-12,22:00:00,14.6199,14.66,14.6,14.6,3975,0
2017-06-13,16:00:00,14.77,14.8,14.76,14.76,6721,0
2017-06-13,17:00:00,14.77,14.7842,14.74,14.782,7900,0
2017-06-13,18:00:00,14.7657,14.7827,14.7657,14.7827,1355,0
2017-06-13,19:00:00,14.7852,14.7852,14.7852,14.7852,800,0
2017-06-13,20:00:00,14.76,14.789,14.72,14.72,4855,0
2017-06-13,21:00:00,14.77,14.77,14.765,14.767,4300,0
2017-06-13,22:00:00,14.77,14.77,14.72,14.72,1800,0
2017-06-14,16:00:00,14.75,14.75,14.72,14.7299,2490,0
2017-06-14,17:00:00,14.7399,14.7399,14.69,14.705,6080,0
2017-06-14,18:00:00,14.69,14.72,14.69,14.72,3000,0
2017-06-14,19:00:00,14.71,14.72,14.7,14.72,11855,0
2017-06-14,20:00:00,14.7,14.72,14.67,14.68,11204,0
2017-06-14,21:00:00,14.71,14.72,14.61,14.61,7000,0
2017-06-14,22:00:00,14.62,14.62,14.58,14.61,8014,0
2017-06-15,16:00:00,14.48,14.48,14.45,14.4799,6457,0
2017-06-15,17:00:00,14.46,14.46,14.4262,14.46,2150,0
2017-06-15,18:00:00,14.46,14.49,14.46,14.4899,1059,0
2017-06-15,19:00:00,14.475,14.48,14.4479,14.4479,700,0
2017-06-15,20:00:00,14.4603,14.4603,14.4603,14.4603,100,0
2017-06-15,21:00:00,14.5,14.5,14.482,14.482,474,0
2017-06-15,22:00:00,14.4838,14.55,14.46,14.54,200731,0
2017-06-16,16:00:00,14.4933,14.4933,14.4933,14.4933,150,0
2017-06-16,17:00:00,14.545,14.5499,14.5399,14.54,3638,0
2017-06-16,18:00:00,14.53,14.53,14.53,14.53,200,0
2017-06-16,19:00:00,14.5292,14.535,14.513,14.5248,1235,0
2017-06-16,20:00:00,14.53,14.535,14.53,14.535,3608,0
2017-06-16,21:00:00,14.5298,14.5298,14.5223,14.5292,439,0
2017-06-16,22:00:00,14.53,14.53,14.53,14.53,200,0
2017-06-19,16:00:00,14.71,14.8,14.71,14.8,5397,0
2017-06-19,17:00:00,14.8099,14.82,14.78,14.82,3370,0
2017-06-19,18:00:00,14.829,14.829,14.76,14.82,9895,0
2017-06-19,19:00:00,14.8044,14.8044,14.74,14.758,3617,0
2017-06-19,20:00:00,14.76,14.805,14.76,14.7942,1101,0
2017-06-19,21:00:00,14.78,14.7899,14.7301,14.7558,1090,0
2017-06-19,22:00:00,14.7774,14.8,14.77,14.77,1455,0
2017-06-20,16:00:00,14.65,14.78,14.65,14.75,2350,0
2017-06-20,17:00:00,14.7,14.74,14.67,14.72,6832,0
2017-06-20,18:00:00,14.72,14.74,14.69,14.715,2800,0
2017-06-20,19:00:00,14.715,14.72,14.67,14.69,5150,0
2017-06-20,20:00:00,14.685,14.71,14.67,14.67,12300,0
2017-06-20,21:00:00,14.67,14.698,14.6421,14.67,4100,0
2017-06-20,22:00:00,14.67,14.68,14.6563,14.66,3093,0
2017-06-21,16:00:00,14.74,14.7499,14.74,14.7499,3830,0
2017-06-21,17:00:00,14.7179,14.7674,14.7179,14.7674,4553,0
2017-06-21,18:00:00,14.76,14.81,14.76,14.808,13610,0
2017-06-21,19:00:00,14.79,14.805,14.7701,14.7701,1062,0
2017-06-21,20:00:00,14.75,14.805,14.75,14.805,550,0
2017-06-21,21:00:00,14.7928,14.8,14.77,14.8,500,0
2017-06-21,22:00:00,14.7786,14.8,14.77,14.77,8770,0
2017-06-22,16:00:00,14.91,14.91,14.83,14.84,34242,0
2017-06-22,17:00:00,14.7874,14.86,14.7874,14.86,2440,0
2017-06-22,18:00:00,14.8451,14.8755,14.8451,14.85,2977,0
2017-06-22,19:00:00,14.845,14.879,14.83,14.87,6510,0
2017-06-22,20:00:00,14.875,14.875,14.85,14.86,1200,0
2017-06-22,21:00:00,14.86,14.87,14.8401,14.87,1138,0
2017-06-22,22:00:00,14.86,14.87,14.8216,14.83,4065,0
2017-06-23,17:00:00,14.7512,14.8,14.7512,14.78,3150,0
2017-06-23,18:00:00,14.79,14.81,14.7715,14.81,11741,0
2017-06-23,19:00:00,14.81,14.83,14.8008,14.83,4427,0
2017-06-23,20:00:00,14.82,14.84,14.82,14.84,1300,0
2017-06-23,21:00:00,14.8185,14.835,14.8185,14.82,3776,0
2017-06-23,22:00:00,14.82,14.86,14.81,14.81,6767,0
2017-06-26,16:00:00,14.96,14.999,14.9278,14.9514,4070,0
2017-06-26,17:00:00,14.92,14.92,14.87,14.87,1300,0
2017-06-26,18:00:00,14.875,14.88,14.84,14.87,1600,0
2017-06-26,19:00:00,14.88,14.909,14.88,14.909,900,0
2017-06-26,20:00:00,14.908,14.908,14.861,14.863,7577,0
2017-06-26,21:00:00,14.885,14.89,14.84,14.89,30496,0
2017-06-26,22:00:00,14.9,14.91,14.83,14.87,60611,0
2017-06-27,16:00:00,14.84,14.84,14.83,14.8382,701,0
2017-06-27,17:00:00,14.85,14.9,14.85,14.9,5549,0
2017-06-27,18:00:00,14.9,14.9,14.89,14.89,4945,0
2017-06-27,19:00:00,14.89,14.89,14.855,14.855,2150,0
2017-06-27,20:00:00,14.845,14.845,14.76,14.7693,2960,0
2017-06-27,21:00:00,14.7796,14.81,14.7782,14.81,8213,0
2017-06-27,22:00:00,14.7955,14.7955,14.75,14.78,2127,0
2017-06-28,16:00:00,14.83,14.84,14.8232,14.8399,5507,0
2017-06-28,17:00:00,14.83,14.87,14.82,14.87,4850,0
2017-06-28,18:00:00,14.8578,14.8578,14.8578,14.8578,130,0
2017-06-28,20:00:00,14.9,14.91,14.8883,14.9,1800,0
2017-06-28,21:00:00,14.9033,14.91,14.86,14.9032,1131,0
2017-06-28,22:00:00,14.9033,14.94,14.9033,14.92,500,0
2017-06-29,16:00:00,14.96,14.96,14.84,14.8768,6455,0
2017-06-29,17:00:00,14.88,14.88,14.842,14.87,1700,0
2017-06-29,18:00:00,14.8381,14.86,14.7878,14.8,4261,0
2017-06-29,19:00:00,14.75,14.79,14.7247,14.7247,6209,0
2017-06-29,20:00:00,14.725,14.73,14.675,14.6801,5110,0
2017-06-29,21:00:00,14.71,14.72,14.71,14.72,800,0
2017-06-29,22:00:00,14.72,14.78,14.72,14.76,3690,0
2017-06-30,16:00:00,14.83,14.83,14.77,14.77,3100,0
2017-06-30,17:00:00,14.74,14.74,14.74,14.74,100,0
2017-06-30,18:00:00,14.78,14.78,14.78,14.78,100,0
2017-06-30,19:00:00,14.79,14.7943,14.79,14.79,1300,0
2017-06-30,20:00:00,14.8295,14.8295,14.78,14.78,2528,0
2017-06-30,21:00:00,14.78,14.8022,14.78,14.79,2274,0
2017-06-30,22:00:00,14.8205,14.8205,14.6,14.6,190210,0
2017-07-03,17:00:00,14.78,14.8,14.7466,14.76,21000,0
2017-07-03,18:00:00,14.76,14.76,14.76,14.76,600,0
2017-07-03,19:00:00,14.7357,14.7608,14.7357,14.76,1150,0
2017-07-03,20:00:00,14.76,14.76,14.76,14.76,200,0
2017-07-03,22:00:00,14.76,14.76,14.76,14.76,0,0
2017-07-05,16:00:00,14.66,14.69,14.64,14.64,3300,0
2017-07-05,17:00:00,14.6369,14.68,14.58,14.68,4737,0
2017-07-05,18:00:00,14.68,14.695,14.68,14.68,2467,0
2017-07-05,19:00:00,14.69,14.739,14.69,14.73,651,0
2017-07-05,20:00:00,14.73,14.738,14.73,14.73,1200,0
2017-07-05,21:00:00,14.74,14.74,14.74,14.74,800,0
2017-07-05,22:00:00,14.76,14.76,14.7464,14.75,2398,0
2017-07-06,16:00:00,14.87,14.87,14.8393,14.8393,1226,0
2017-07-06,17:00:00,14.7989,14.7989,14.792,14.792,655,0
2017-07-06,18:00:00,14.8,14.82,14.7947,14.8023,5300,0
2017-07-06,19:00:00,14.81,14.81,14.81,14.81,6600,0
2017-07-06,20:00:00,14.82,14.82,14.8005,14.8005,3600,0
2017-07-06,21:00:00,14.8164,14.8164,14.78,14.78,1300,0
2017-07-06,22:00:00,14.7538,14.78,14.7494,14.78,1861,0
2017-07-07,16:00:00,14.83,14.83,14.8128,14.8128,502,0
2017-07-07,17:00:00,14.84,14.84,14.8,14.8,6786,0
2017-07-07,18:00:00,14.7982,14.806,14.7982,14.806,700,0
2017-07-07,19:00:00,14.8299,14.88,14.8272,14.87,1300,0
2017-07-07,20:00:00,14.8272,14.8331,14.8272,14.8331,400,0
2017-07-07,21:00:00,14.78,14.825,14.78,14.825,286,0
2017-07-07,22:00:00,14.83,14.86,14.83,14.86,387,0
2017-07-10,16:00:00,14.77,14.81,14.77,14.78,5133,0
2017-07-10,17:00:00,14.78,14.82,14.7601,14.81,8750,0
2017-07-10,18:00:00,14.81,14.86,14.797,14.86,12475,0
2017-07-10,19:00:00,14.86,14.88,14.85,14.88,11000,0
2017-07-10,20:00:00,14.88,14.93,14.88,14.93,5563,0
2017-07-10,21:00:00,14.92,14.93,14.8977,14.92,8540,0
2017-07-10,22:00:00,14.92,14.94,14.8891,14.9,18745,0
2017-07-11,16:00:00,15.04,15.1,15.02,15.1,2309,0
2017-07-11,17:00:00,15.0992,15.0992,15.07,15.09,6350,0
2017-07-11,18:00:00,15.07,15.07,15.035,15.035,2200,0
2017-07-11,19:00:00,15.05,15.0555,15.05,15.0555,3200,0
2017-07-11,20:00:00,15.068,15.07,15.0562,15.07,1300,0
2017-07-11,21:00:00,15.0524,15.09,15.0524,15.09,680,0
2017-07-11,22:00:00,15.09,15.14,15.09,15.09,1930,0
2017-07-12,16:00:00,15.11,15.2,15.11,15.2,3439,0
2017-07-12,17:00:00,15.2,15.23,15.19,15.21,29018,0
2017-07-12,18:00:00,15.201,15.24,15.2,15.228,10300,0
2017-07-12,19:00:00,15.2568,15.27,15.254,15.26,6328,0
2017-07-12,20:00:00,15.26,15.27,15.26,15.27,1500,0
2017-07-12,21:00:00,15.26,15.28,15.26,15.28,2550,0
2017-07-12,22:00:00,15.28,15.289,15.26,15.26,3675,0
2017-07-13,16:00:00,15.27,15.27,15.27,15.27,816,0
2017-07-13,17:00:00,15.3083,15.3083,15.26,15.27,5951,0
2017-07-13,18:00:00,15.27,15.28,15.25,15.28,12500,0
2017-07-13,19:00:00,15.28,15.33,15.2605,15.33,3145,0
2017-07-13,20:00:00,15.33,15.33,15.31,15.32,2102,0
2017-07-13,21:00:00,15.31,15.32,15.28,15.32,2700,0
2017-07-13,22:00:00,15.34,15.35,15.31,15.32,5724,0
2017-07-14,16:00:00,15.37,15.402,15.37,15.3984,2840,0
2017-07-14,17:00:00,15.383,15.41,15.36,15.3901,11737,0
2017-07-14,18:00:00,15.37,15.42,15.36,15.36,500,0
2017-07-14,19:00:00,15.418,15.46,15.39,15.39,1664,0
2017-07-14,20:00:00,15.4,15.488,15.39,15.488,751,0
2017-07-14,21:00:00,15.4319,15.455,15.4319,15.455,1150,0
2017-07-14,22:00:00,15.476,15.476,15.43,15.44,5384,0
2017-07-17,16:00:00,15.33,15.354,15.31,15.31,3231,0
2017-07-17,17:00:00,15.344,15.4,15.34,15.3401,3922,0
2017-07-17,18:00:00,15.28,15.336,15.28,15.28,1100,0
2017-07-17,19:00:00,15.28,15.3147,15.28,15.29,22580,0
2017-07-17,20:00:00,15.3337,15.35,15.32,15.33,1616,0
2017-07-17,21:00:00,15.2838,15.307,15.27,15.2701,3348,0
2017-07-17,22:00:00,15.31,15.31,15.3,15.3,757,0
2017-07-18,16:00:00,15.28,15.28,15.25,15.28,1311,0
2017-07-18,17:00:00,15.287,15.3099,15.287,15.3099,733,0
2017-07-18,18:00:00,15.329,15.374,15.3232,15.3646,3755,0
2017-07-18,19:00:00,15.3659,15.3725,15.36,15.36,1033,0
2017-07-18,20:00:00,15.35,15.3713,15.35,15.3713,962,0
2017-07-18,21:00:00,15.384,15.3955,15.3834,15.3955,1220,0
2017-07-18,22:00:00,15.4025,15.41,15.4,15.41,840,0
2017-07-19,16:00:00,15.5,15.57,15.5,15.5327,1055,0
2017-07-19,17:00:00,15.54,15.54,15.53,15.53,7637,0
2017-07-19,18:00:00,15.53,15.53,15.4911,15.5235,750,0
2017-07-19,19:00:00,15.528,15.539,15.52,15.52,1864,0
2017-07-19,20:00:00,15.52,15.53,15.52,15.53,2324,0
2017-07-19,21:00:00,15.528,15.56,15.528,15.558,10163,0
2017-07-19,22:00:00,15.5368,15.549,15.52,15.52,3686,0
2017-07-20,16:00:00,15.5,15.5,15.47,15.47,1051,0
2017-07-20,17:00:00,15.4308,15.438,15.4,15.43,10050,0
2017-07-20,18:00:00,15.4,15.4,15.4,15.4,135,0
2017-07-20,19:00:00,15.411,15.4597,15.41,15.4597,5500,0
2017-07-20,20:00:00,15.47,15.47,15.445,15.445,820,0
2017-07-20,21:00:00,15.435,15.4499,15.4068,15.415,2250,0
2017-07-20,22:00:00,15.41,15.43,15.4,15.4,2517,0
2017-07-21,16:00:00,15.38,15.38,15.3408,15.3696,2044,0
2017-07-21,17:00:00,15.3831,15.3831,15.3816,15.3816,2050,0
2017-07-21,18:00:00,15.3,15.3201,15.3,15.3201,2700,0
2017-07-21,19:00:00,15.32,15.32,15.32,15.32,200,0
2017-07-21,20:00:00,15.35,15.365,15.35,15.365,403,0
2017-07-21,21:00:00,15.3586,15.362,15.3586,15.362,1796,0
2017-07-21,22:00:00,15.35,15.39,15.35,15.37,300,0
2017-07-24,16:00:00,15.55,15.6,15.54,15.54,4222,0
2017-07-24,17:00:00,15.56,15.57,15.54,15.542,2522,0
2017-07-24,18:00:00,15.54,15.54,15.5,15.5,10554,0
2017-07-24,19:00:00,15.5344,15.5344,15.5344,15.5344,362,0
2017-07-24,20:00:00,15.5265,15.549,15.52,15.54,1003,0
2017-07-24,21:00:00,15.548,15.548,15.5394,15.5394,433,0
2017-07-24,22:00:00,15.5451,15.5757,15.53,15.53,5265,0
2017-07-25,16:00:00,15.53,15.55,15.5,15.5,823,0
2017-07-25,17:00:00,15.4642,15.4796,15.4642,15.4642,4794,0
2017-07-25,18:00:00,15.47,15.491,15.47,15.491,2600,0
2017-07-25,19:00:00,15.5,15.5,15.4901,15.5,431,0
2017-07-25,20:00:00,15.509,15.515,15.509,15.5116,750,0
2017-07-25,22:00:00,15.4955,15.52,15.49,15.52,2600,0
2017-07-26,16:00:00,15.43,15.49,15.43,15.49,498,0
2017-07-26,17:00:00,15.47,15.5199,15.47,15.51,9855,0
2017-07-26,18:00:00,15.5199,15.52,15.5199,15.52,550,0
2017-07-26,19:00:00,15.5301,15.5464,15.5301,15.5464,1146,0
2017-07-26,20:00:00,15.52,15.525,15.52,15.525,1150,0
2017-07-26,21:00:00,15.53,15.59,15.53,15.59,2273,0
2017-07-26,22:00:00,15.591,15.6,15.55,15.59,557,0
2017-07-27,16:00:00,15.63,15.65,15.568,15.6225,5022,0
2017-07-27,17:00:00,15.62,15.63,15.62,15.62,300,0
2017-07-27,18:00:00,15.63,15.65,15.6,15.6,11106,0
2017-07-27,19:00:00,15.62,15.62,15.48,15.48,2324,0
2017-07-27,20:00:00,15.475,15.5099,15.35,15.37,1696,0
2017-07-27,21:00:00,15.4,15.45,15.4,15.4,1675,0
2017-07-27,22:00:00,15.4109,15.48,15.41,15.48,2571,0
2017-07-28,16:00:00,15.42,15.4726,15.42,15.4726,2678,0
2017-07-28,17:00:00,15.48,15.48,15.45,15.46,800,0
2017-07-28,18:00:00,15.47,15.47,15.46,15.47,14800,0
2017-07-28,19:00:00,15.5,15.53,15.5,15.53,600,0
2017-07-28,21:00:00,15.52,15.52,15.5,15.5133,1000,0
2017-07-28,22:00:00,15.53,15.54,15.5,15.54,10157,0
2017-07-31,16:00:00,15.54,15.54,15.4701,15.4701,6767,0
2017-07-31,17:00:00,15.4858,15.4858,15.41,15.432,3321,0
2017-07-31,18:00:00,15.436,15.44,15.41,15.41,1365,0
2017-07-31,19:00:00,15.4268,15.44,15.42,15.42,2143,0
2017-07-31,20:00:00,15.42,15.42,15.42,15.42,200,0
2017-07-31,22:00:00,15.4579,15.475,15.42,15.47,94384,0
2017-08-01,16:00:00,15.44,15.44,15.33,15.3501,20924,0
2017-08-01,17:00:00,15.35,15.38,15.34,15.38,25959,0
2017-08-01,18:00:00,15.36,15.36,15.3301,15.3301,2026,0
2017-08-01,19:00:00,15.35,15.35,15.3354,15.35,750,0
2017-08-01,20:00:00,15.36,15.36,15.36,15.36,200,0
2017-08-01,21:00:00,15.38,15.38,15.3641,15.38,600,0
2017-08-01,22:00:00,15.379,15.38,15.32,15.37,2485,0
2017-08-02,16:00:00,15.38,15.38,15.3,15.3,18146,0
2017-08-02,17:00:00,15.31,15.31,15.275,15.2799,4290,0
2017-08-02,18:00:00,15.21,15.21,15.16,15.19,2432,0
2017-08-02,19:00:00,15.19,15.1999,15.1852,15.19,3150,0
2017-08-02,20:00:00,15.175,15.24,15.165,15.24,2001,0
2017-08-02,21:00:00,15.24,15.24,15.2,15.2138,1287,0
2017-08-02,22:00:00,15.24,15.24,15.2,15.2,553,0
2017-08-03,16:00:00,15.24,15.25,15.14,15.14,9100,0
2017-08-03,17:00:00,15.14,15.1928,15.14,15.1928,1160,0
2017-08-03,18:00:00,15.22,15.22,15.22,15.22,400,0
2017-08-03,19:00:00,15.22,15.22,15.1977,15.22,600,0
2017-08-03,20:00:00,15.22,15.22,15.172,15.22,500,0
2017-08-03,21:00:00,15.22,15.22,15.2062,15.2062,650,0
2017-08-03,22:00:00,15.22,15.23,15.18,15.23,3981,0
2017-08-04,16:00:00,15.39,15.39,15.39,15.39,221,0
2017-08-04,17:00:00,15.3509,15.37,15.3509,15.3572,750,0
2017-08-04,18:00:00,15.37,15.39,15.37,15.39,1001,0
2017-08-04,19:00:00,15.39,15.394,15.39,15.39,400,0
2017-08-04,20:00:00,15.39,15.4,15.39,15.4,300,0
2017-08-04,21:00:00,15.4,15.4,15.38,15.3999,850,0
2017-08-04,22:00:00,15.3925,15.4,15.3925,15.4,1100,0
2017-08-07,16:00:00,15.411,15.4992,15.411,15.4992,662,0
2017-08-07,17:00:00,15.53,15.53,15.52,15.53,300,0
2017-08-07,18:00:00,15.54,15.54,15.53,15.54,400,0
2017-08-07,19:00:00,15.54,15.55,15.52,15.55,8244,0
2017-08-07,20:00:00,15.56,15.56,15.55,15.55,500,0
2017-08-07,21:00:00,15.55,15.55,15.54,15.55,1300,0
2017-08-07,22:00:00,15.56,15.57,15.56,15.57,503,0
2017-08-08,16:00:00,15.65,15.65,15.64,15.64,8497,0
2017-08-08,17:00:00,15.65,15.6785,15.6401,15.67,4165,0
2017-08-08,18:00:00,15.68,15.75,15.68,15.75,65480,0
2017-08-08,19:00:00,15.77,15.78,15.74,15.75,7150,0
2017-08-08,20:00:00,15.76,15.8,15.73,15.78,58251,0
2017-08-08,21:00:00,15.79,15.8,15.75,15.78,6156,0
2017-08-08,22:00:00,15.78,15.79,15.72,15.73,6397,0
2017-08-09,16:00:00,15.68,15.7,15.6173,15.68,13693,0
2017-08-09,17:00:00,15.68,15.72,15.6222,15.6818,15425,0
2017-08-09,18:00:00,15.6764,15.7,15.63,15.6999,1900,0
2017-08-09,19:00:00,15.6999,15.71,15.66,15.6799,3600,0
2017-08-09,20:00:00,15.6799,15.71,15.6753,15.71,3700,0
2017-08-09,21:00:00,15.71,15.71,15.68,15.6899,9200,0
2017-08-09,22:00:00,15.6899,15.75,15.68,15.75,14809,0
2017-08-10,16:00:00,15.6,15.65,15.57,15.57,28242,0
2017-08-10,17:00:00,15.55,15.55,15.51,15.535,3800,0
2017-08-10,18:00:00,15.52,15.5399,15.47,15.5199,10916,0
2017-08-10,19:00:00,15.47,15.47,15.37,15.3941,5730,0
2017-08-10,20:00:00,15.3902,15.4193,15.3902,15.41,2750,0
2017-08-10,21:00:00,15.415,15.43,15.415,15.43,400,0
2017-08-10,22:00:00,15.42,15.42,15.35,15.35,3773,0
2017-08-11,16:00:00,15.34,15.34,15.2916,15.3226,2223,0
2017-08-11,17:00:00,15.28,15.35,15.2784,15.3055,9230,0
2017-08-11,18:00:00,15.29,15.3,15.25,15.25,1700,0
2017-08-11,19:00:00,15.26,15.32,15.26,15.32,1635,0
2017-08-11,20:00:00,15.33,15.37,15.32,15.33,2084,0
2017-08-11,21:00:00,15.32,15.33,15.3,15.3,1100,0
2017-08-11,22:00:00,15.3,15.3302,15.3,15.3,1816,0
2017-08-14,16:00:00,15.4839,15.4839,15.44,15.4486,401,0
2017-08-14,17:00:00,15.4682,15.5,15.4682,15.4946,4450,0
2017-08-14,18:00:00,15.48,15.519,15.48,15.49,2600,0
2017-08-14,19:00:00,15.54,15.55,15.5,15.5,12970,0
2017-08-14,20:00:00,15.53,15.53,15.5,15.5,1601,0
2017-08-14,21:00:00,15.52,15.5296,15.52,15.5255,900,0
2017-08-14,22:00:00,15.53,15.56,15.52,15.52,1493,0
2017-08-15,16:00:00,15.5,15.52,15.5,15.5,1200,0
2017-08-15,17:00:00,15.48,15.5,15.441,15.441,2093,0
2017-08-15,18:00:00,15.49,15.53,15.46,15.46,26200,0
2017-08-15,19:00:00,15.49,15.5404,15.46,15.5404,2412,0
2017-08-15,20:00:00,15.51,15.51,15.48,15.48,300,0
2017-08-15,21:00:00,15.5,15.5145,15.5,15.505,1995,0
2017-08-15,22:00:00,15.52,15.58,15.516,15.55,93941,0
2017-08-16,16:00:00,15.83,15.8307,15.7963,15.82,23912,0
2017-08-16,17:00:00,15.83,15.8499,15.81,15.8266,25949,0
2017-08-16,18:00:00,15.79,15.8047,15.79,15.8,1732,0
2017-08-16,19:00:00,15.8,15.81,15.8,15.8,68025,0
2017-08-16,20:00:00,15.79,15.79,15.7862,15.79,1300,0
2017-08-16,21:00:00,15.83,15.87,15.77,15.8,9022,0
2017-08-16,22:00:00,15.8,15.81,15.7741,15.8,17972,0
2017-08-17,16:00:00,15.78,15.83,15.78,15.83,2856,0
2017-08-17,17:00:00,15.75,15.76,15.72,15.76,4644,0
2017-08-17,18:00:00,15.77,15.77,15.77,15.77,1200,0
2017-08-17,19:00:00,15.8,15.8,15.74,15.74,2000,0
2017-08-17,20:00:00,15.75,15.75,15.722,15.74,2396,0
2017-08-17,21:00:00,15.7499,15.7499,15.71,15.7162,1775,0
2017-08-17,22:00:00,15.71,15.71,15.64,15.65,18827,0
2017-08-18,16:00:00,15.66,15.67,15.531,15.61,5471,0
2017-08-18,17:00:00,15.61,15.61,15.54,15.56,6336,0
2017-08-18,18:00:00,15.63,15.72,15.63,15.703,5300,0
2017-08-18,19:00:00,15.72,15.72,15.69,15.72,700,0
2017-08-18,20:00:00,15.68,15.68,15.68,15.68,400,0
2017-08-18,21:00:00,15.68,15.68,15.6536,15.6536,900,0
2017-08-18,22:00:00,15.663,15.7,15.652,15.67,4325,0
2017-08-21,16:00:00,15.62,15.67,15.6,15.6,2480,0
2017-08-21,17:00:00,15.64,15.64,15.55,15.62,4500,0
2017-08-21,18:00:00,15.63,15.68,15.6268,15.6778,4818,0
2017-08-21,19:00:00,15.67,15.68,15.65,15.68,3125,0
2017-08-21,20:00:00,15.67,15.67,15.6338,15.6338,520,0
2017-08-21,22:00:00,15.67,15.68,15.6592,15.66,1347,0
2017-08-22,16:00:00,15.78,15.8599,15.78,15.8599,3384,0
2017-08-22,17:00:00,15.82,15.85,15.82,15.85,1265,0
2017-08-22,18:00:00,15.85,15.87,15.85,15.87,22019,0
2017-08-22,19:00:00,15.9,15.9,15.87,15.87,4550,0
2017-08-22,20:00:00,15.878,15.88,15.8693,15.8744,3059,0
2017-08-22,21:00:00,15.87,15.87,15.86,15.861,1450,0
2017-08-22,22:00:00,15.8748,15.8748,15.8748,15.8748,2000,0
2017-08-23,16:00:00,15.82,15.95,15.82,15.95,1331,0
2017-08-23,17:00:00,15.92,15.96,15.92,15.955,1516,0
2017-08-23,18:00:00,15.955,15.96,15.93,15.9389,3500,0
2017-08-23,19:00:00,15.94,15.94,15.9256,15.9256,906,0
2017-08-23,20:00:00,15.94,15.94,15.92,15.937,2594,0
2017-08-23,21:00:00,15.94,15.96,15.93,15.9377,3843,0
2017-08-23,22:00:00,15.93,15.95,15.93,15.93,3454,0
2017-08-24,16:00:00,16.09,16.1,16,16.03,8542,0
2017-08-24,17:00:00,16.03,16.03,16,16,12331,0
2017-08-24,18:00:00,16.02,16.02,15.96,15.96,7389,0
2017-08-24,19:00:00,15.999,16.02,15.975,15.996,4311,0
2017-08-24,20:00:00,16.02,16.065,15.97,16,14929,0
2017-08-24,21:00:00,15.99,15.99,15.97,15.98,6600,0
2017-08-24,22:00:00,15.98,16,15.97,15.98,4550,0
2017-08-25,16:00:00,16.1,16.1,16.02,16.03,5394,0
2017-08-25,17:00:00,16.0299,16.04,16.006,16.02,2974,0
2017-08-25,18:00:00,15.99,15.99,15.9341,15.9341,5706,0
2017-08-25,19:00:00,15.96,15.96,15.94,15.95,1300,0
2017-08-25,20:00:00,15.94,15.9434,15.9236,15.93,2992,0
2017-08-25,21:00:00,15.9418,15.95,15.9418,15.95,1181,0
2017-08-25,22:00:00,15.925,15.944,15.925,15.93,2395,0
2017-08-28,16:00:00,15.87,15.87,15.7999,15.7999,3377,0
2017-08-28,17:00:00,15.75,15.76,15.7376,15.748,1291,0
2017-08-28,18:00:00,15.762,15.77,15.7546,15.765,1000,0
2017-08-28,19:00:00,15.77,15.77,15.75,15.75,600,0
2017-08-28,20:00:00,15.75,15.75,15.74,15.7454,850,0
2017-08-28,21:00:00,15.741,15.741,15.74,15.74,621,0
2017-08-28,22:00:00,15.7407,15.7446,15.71,15.74,1335,0
2017-08-29,16:00:00,15.68,15.71,15.672,15.672,533,0
2017-08-29,17:00:00,15.6702,15.745,15.6702,15.74,4556,0
2017-08-29,18:00:00,15.736,15.8,15.7341,15.78,1640,0
2017-08-29,19:00:00,15.8104,15.8104,15.8,15.8,1051,0
2017-08-29,20:00:00,15.8121,15.8121,15.8121,15.8121,300,0
2017-08-29,21:00:00,15.81,15.83,15.81,15.83,1800,0
2017-08-29,22:00:00,15.81,15.82,15.81,15.82,900,0
2017-08-30,16:00:00,15.82,15.896,15.82,15.896,3025,0
2017-08-30,17:00:00,15.85,15.862,15.85,15.862,350,0
2017-08-30,18:00:00,15.8821,15.8821,15.8821,15.8821,110,0
2017-08-30,19:00:00,15.87,15.92,15.87,15.92,2400,0
2017-08-30,20:00:00,15.8956,15.9146,15.89,15.9146,887,0
2017-08-30,21:00:00,15.9199,15.92,15.9,15.9175,2100,0
2017-08-30,22:00:00,15.93,15.93,15.92,15.92,200,0
2017-08-31,16:00:00,15.9,15.92,15.9,15.92,12098,0
2017-08-31,17:00:00,15.9,15.9132,15.88,15.88,4699,0
2017-08-31,18:00:00,15.8852,15.89,15.88,15.89,66550,0
2017-08-31,19:00:00,15.9,15.99,15.9,15.98,802042,0
2017-08-31,20:00:00,15.945,15.98,15.945,15.9675,3363,0
2017-08-31,21:00:00,15.96,15.99,15.96,15.98,8447,0
2017-08-31,22:00:00,15.9736,16.01,15.95,15.98,91869,0
2017-09-01,16:00:00,16.08,16.0999,16.0775,16.0999,1273,0
2017-09-01,17:00:00,16.1,16.14,16.05,16.12,4824,0
2017-09-01,18:00:00,16.167,16.21,16.1,16.19,826844,0
2017-09-01,19:00:00,16.19,16.2,16.15,16.16,11800,0
2017-09-01,20:00:00,16.16,16.2047,16.15,16.19,2400,0
2017-09-01,21:00:00,16.21,16.2186,16.14,16.2,3694,0
2017-09-01,22:00:00,16.2,16.21,16.15,16.19,9961,0
2017-09-05,16:00:00,16.12,16.1234,16.09,16.12,7998,0
2017-09-05,17:00:00,16.1358,16.16,16.1358,16.15,10802,0
2017-09-05,18:00:00,16.126,16.13,16.09,16.11,4670,0
2017-09-05,19:00:00,16.08,16.08,15.99,16,6855,0
2017-09-05,20:00:00,15.99,15.99,15.99,15.99,200,0
2017-09-05,21:00:00,16,16.02,15.991,15.991,1500,0
2017-09-05,22:00:00,16,16.04,15.99,16.016,1906,0
2017-09-06,16:00:00,16.12,16.12,16.021,16.021,4952,0
2017-09-06,17:00:00,16.11,16.11,16.11,16.11,787,0
2017-09-06,18:00:00,16.08,16.1011,16.0772,16.1011,449,0
2017-09-06,19:00:00,16.12,16.14,16.12,16.14,300,0
2017-09-06,20:00:00,16.1399,16.1599,16.125,16.1567,3500,0
2017-09-06,21:00:00,16.15,16.16,16.15,16.16,3025,0
2017-09-06,22:00:00,16.16,16.2,16.15,16.18,653735,0
2017-09-07,16:00:00,16.27,16.3,16.26,16.27,3487,0
2017-09-07,17:00:00,16.26,16.3101,16.26,16.3101,4738,0
2017-09-07,18:00:00,16.3101,16.36,16.3101,16.3525,3283,0
2017-09-07,19:00:00,16.3846,16.3846,16.31,16.32,3400,0
2017-09-07,20:00:00,16.3367,16.369,16.3367,16.369,1311,0
2017-09-07,21:00:00,16.3577,16.3682,16.3448,16.3448,1396,0
2017-09-07,22:00:00,16.359,16.3784,16.3445,16.37,1616,0
2017-09-08,16:00:00,16.41,16.41,16.3363,16.37,23172,0
2017-09-08,17:00:00,16.37,16.37,16.33,16.34,4390,0
2017-09-08,18:00:00,16.338,16.34,16.31,16.32,1612,0
2017-09-08,19:00:00,16.281,16.31,16.281,16.31,3900,0
2017-09-08,20:00:00,16.3,16.31,16.3,16.31,300,0
2017-09-08,21:00:00,16.3,16.31,16.2874,16.31,8400,0
2017-09-08,22:00:00,16.319,16.319,16.3,16.3,12565,0
2017-09-11,16:00:00,16.47,16.53,16.4,16.53,7841,0
2017-09-11,17:00:00,16.54,16.545,16.53,16.53,8500,0
2017-09-11,18:00:00,16.52,16.5315,16.51,16.5315,13550,0
2017-09-11,19:00:00,16.5399,16.5399,16.53,16.53,12655,0
2017-09-11,20:00:00,16.53,16.5472,16.53,16.5472,200,0
2017-09-11,21:00:00,16.545,16.55,16.54,16.5432,3601,0
2017-09-11,22:00:00,16.55,16.55,16.53,16.55,3406,0
2017-09-12,16:00:00,16.64,16.67,16.64,16.65,9207,0
2017-09-12,17:00:00,16.6357,16.67,16.6357,16.65,22651,0
2017-09-12,18:00:00,16.65,16.6999,16.65,16.69,19937,0
2017-09-12,19:00:00,16.68,16.6932,16.65,16.68,10540,0
2017-09-12,20:00:00,16.68,16.6999,16.68,16.69,1400,0
2017-09-12,21:00:00,16.699,16.699,16.6777,16.6777,5426,0
2017-09-12,22:00:00,16.66,16.7,16.66,16.6989,2831,0
2017-09-13,16:00:00,16.79,16.9,16.79,16.86,9470,0
2017-09-13,17:00:00,16.8792,16.92,16.8792,16.8998,5714,0
2017-09-13,18:00:00,16.903,16.903,16.8538,16.87,9699,0
2017-09-13,19:00:00,16.8804,16.9,16.8752,16.9,2411,0
2017-09-13,20:00:00,16.929,16.94,16.929,16.93,12948,0
2017-09-13,21:00:00,16.93,16.93,16.93,16.93,500,0
2017-09-13,22:00:00,16.92,16.92,16.88,16.88,7940,0
2017-09-14,16:00:00,16.86,16.8653,16.801,16.8653,6432,0
2017-09-14,17:00:00,16.8707,16.89,16.84,16.8563,3609,0
2017-09-14,18:00:00,16.8501,16.87,16.8501,16.87,601,0
2017-09-14,19:00:00,16.8747,16.88,16.8531,16.88,879,0
2017-09-14,20:00:00,16.87,16.87,16.87,16.87,320,0
2017-09-14,21:00:00,16.865,16.8699,16.86,16.86,1219,0
2017-09-14,22:00:00,16.841,16.88,16.84,16.84,4562,0
2017-09-15,16:00:00,16.9,16.9,16.84,16.84,1789,0
2017-09-15,17:00:00,16.8428,16.86,16.81,16.86,5375,0
2017-09-15,18:00:00,16.8899,16.91,16.8652,16.91,2853,0
2017-09-15,19:00:00,16.9099,16.9099,16.9,16.9,691,0
2017-09-15,20:00:00,16.9318,16.9318,16.92,16.92,4042,0
2017-09-15,21:00:00,16.9174,16.92,16.9,16.91,1791,0
2017-09-15,22:00:00,16.91,16.97,16.91,16.93,85032,0
2017-09-18,16:00:00,17.19,17.26,17.06,17.26,9115,0
2017-09-18,17:00:00,17.3,17.3,17.2134,17.2171,11941,0
2017-09-18,18:00:00,17.215,17.2158,17.2,17.2156,5260,0
2017-09-18,19:00:00,17.2261,17.2283,17.21,17.2273,8631,0
2017-09-18,20:00:00,17.2111,17.239,17.2111,17.239,2445,0
2017-09-18,21:00:00,17.239,17.239,17.16,17.2032,3140,0
2017-09-18,22:00:00,17.22,17.23,17.19,17.21,3880,0
2017-09-19,16:00:00,17.23,17.2735,17.1881,17.21,9882,0
2017-09-19,17:00:00,17.2232,17.2232,17.19,17.19,4466,0
2017-09-19,18:00:00,17.2042,17.2042,17.1999,17.1999,450,0
2017-09-19,19:00:00,17.19,17.19,17.18,17.18,300,0
2017-09-19,20:00:00,17.2,17.219,17.2,17.215,405,0
2017-09-19,21:00:00,17.2211,17.231,17.2211,17.2301,1020,0
2017-09-19,22:00:00,17.247,17.247,17.22,17.23,3735,0
2017-09-20,16:00:00,17.47,17.56,17.46,17.53,6721,0
2017-09-20,17:00:00,17.55,17.55,17.37,17.44,67414,0
2017-09-20,18:00:00,17.43,17.4572,17.39,17.4572,14040,0
2017-09-20,19:00:00,17.4555,17.4599,17.453,17.4563,2300,0
2017-09-20,20:00:00,17.46,17.46,17.42,17.44,6909,0
2017-09-20,21:00:00,17.37,17.4,17.251,17.332,2819,0
2017-09-20,22:00:00,17.2935,17.46,17.2901,17.46,32761,0
2017-09-21,16:00:00,17.57,17.57,17.46,17.47,12863,0
2017-09-21,17:00:00,17.46,17.46,17.4001,17.45,6399,0
2017-09-21,18:00:00,17.455,17.455,17.44,17.44,400,0
2017-09-21,19:00:00,17.45,17.488,17.442,17.4768,2624,0
2017-09-21,20:00:00,17.4834,17.4852,17.461,17.48,2117,0
2017-09-21,21:00:00,17.4701,17.4701,17.46,17.46,1601,0
2017-09-21,22:00:00,17.455,17.457,17.43,17.43,10606,0
2017-09-22,16:00:00,17.27,17.28,17.2562,17.2608,5445,0
2017-09-22,17:00:00,17.27,17.29,17.25,17.2699,4914,0
2017-09-22,18:00:00,17.25,17.25,17.2,17.2,2170,0
2017-09-22,19:00:00,17.2,17.217,17.2,17.201,12000,0
2017-09-22,20:00:00,17.2,17.245,17.17,17.19,2775,0
2017-09-22,21:00:00,17.18,17.21,17.17,17.21,18489,0
2017-09-22,22:00:00,17.21,17.26,17.21,17.22,9178,0
2017-09-25,16:00:00,16.89,16.89,16.7,16.7478,19267,0
2017-09-25,17:00:00,16.7465,16.79,16.6601,16.686,33207,0
2017-09-25,18:00:00,16.67,16.681,16.62,16.66,14798,0
2017-09-25,19:00:00,16.64,16.64,16.6,16.634,2535,0
2017-09-25,20:00:00,16.6489,16.67,16.64,16.67,5054,0
2017-09-25,21:00:00,16.6434,16.66,16.6,16.6271,32010,0
2017-09-25,22:00:00,16.619,16.66,16.619,16.66,7781,0
2017-09-26,16:00:00,16.84,16.9299,16.84,16.861,7752,0
2017-09-26,17:00:00,16.8747,16.8799,16.83,16.84,42484,0
2017-09-26,18:00:00,16.85,16.85,16.7962,16.7962,2620,0
2017-09-26,19:00:00,16.799,16.799,16.7522,16.7522,7452,0
2017-09-26,20:00:00,16.828,16.8294,16.828,16.8294,694,0
2017-09-26,21:00:00,16.82,16.82,16.82,16.82,210,0
2017-09-26,22:00:00,16.8166,16.8289,16.77,16.77,6887,0
2017-09-27,16:00:00,17,17.04,16.94,17.04,3700,0
2017-09-27,17:00:00,17.0125,17.0125,16.99,16.99,2400,0
2017-09-27,18:00:00,16.9825,16.9982,16.96,16.9852,2607,0
2017-09-27,19:00:00,16.97,16.97,16.94,16.94,3150,0
2017-09-27,20:00:00,17,17,16.9843,16.9843,400,0
2017-09-27,21:00:00,17.015,17.0299,17.014,17.0299,1650,0
2017-09-27,22:00:00,17.0356,17.065,17.0356,17.04,10763,0
2017-09-28,16:00:00,16.83,16.8647,16.83,16.8647,28564,0
2017-09-28,17:00:00,16.93,16.97,16.8974,16.96,17218,0
2017-09-28,18:00:00,16.96,16.97,16.93,16.96,17685,0
2017-09-28,19:00:00,16.96,16.97,16.95,16.968,2352,0
2017-09-28,20:00:00,16.96,16.97,16.96,16.97,600,0
2017-09-28,21:00:00,16.97,16.98,16.9328,16.97,13480,0
2017-09-28,22:00:00,16.98,16.98,16.95,16.95,4231,0
2017-09-29,16:00:00,17.07,17.085,17.07,17.085,5564,0
2017-09-29,17:00:00,17.1,17.12,17.0827,17.12,8509,0
2017-09-29,18:00:00,17.12,17.1534,17.12,17.13,15400,0
2017-09-29,19:00:00,17.14,17.17,17.13,17.17,3100,0
2017-09-29,20:00:00,17.169,17.17,17.1447,17.17,1194,0
2017-09-29,21:00:00,17.17,17.2154,17.17,17.2154,2150,0
2017-09-29,22:00:00,17.2399,17.2399,17.17,17.17,22535,0
2017-10-02,16:00:00,17.2,17.32,17.2,17.32,199640,0
2017-10-02,17:00:00,17.32,17.37,17.32,17.37,8611,0
2017-10-02,18:00:00,17.38,17.39,17.3,17.31,9559,0
2017-10-02,19:00:00,17.3,17.34,17.3,17.33,10178,0
2017-10-02,20:00:00,17.33,17.34,17.31,17.3399,5276,0
2017-10-02,21:00:00,17.34,17.36,17.33,17.34,3317,0
2017-10-02,22:00:00,17.35,17.355,17.33,17.33,5305,0
2017-10-03,16:00:00,17.63,17.6433,17.6,17.64,6105,0
2017-10-03,17:00:00,17.675,17.69,17.66,17.68,10720,0
2017-10-03,18:00:00,17.68,17.71,17.67,17.7,5859,0
2017-10-03,19:00:00,17.6911,17.745,17.67,17.7,18734,0
2017-10-03,20:00:00,17.723,17.723,17.6928,17.72,3576,0
2017-10-03,21:00:00,17.7001,17.725,17.7,17.72,8323,0
2017-10-03,22:00:00,17.72,17.73,17.72,17.73,9105,0
2017-10-04,16:00:00,17.77,17.77,17.66,17.77,4611,0
2017-10-04,18:00:00,17.77,17.7841,17.75,17.78,11010,0
2017-10-04,19:00:00,17.7745,17.785,17.7745,17.7825,3200,0
2017-10-04,20:00:00,17.79,17.79,17.77,17.77,2583,0
2017-10-04,21:00:00,17.76,17.7699,17.7101,17.7399,13886,0
2017-10-04,22:00:00,17.7453,17.78,17.73,17.76,24499,0
2017-10-05,16:00:00,17.8,17.9399,17.7612,17.915,124078,0
2017-10-05,17:00:00,17.92,17.97,17.915,17.9608,16178,0
2017-10-05,18:00:00,17.955,17.9868,17.921,17.9868,26202,0
2017-10-05,19:00:00,17.97,18.045,17.97,18,5039,0
2017-10-05,20:00:00,18,18.049,18,18.01,4446,0
2017-10-05,21:00:00,18.0318,18.0499,18,18.02,10838,0
2017-10-05,22:00:00,18,18.0471,17.97,18.04,9087,0
2017-10-06,16:00:00,17.93,17.97,17.75,17.97,14841,0
2017-10-06,17:00:00,17.9476,17.975,17.94,17.95,5312,0
2017-10-06,18:00:00,17.95,17.95,17.9201,17.93,1121,0
2017-10-06,19:00:00,17.92,17.93,17.92,17.9268,1798,0
2017-10-06,20:00:00,17.92,17.945,17.92,17.94,4270,0
2017-10-06,21:00:00,17.94,17.94,17.9142,17.9142,606,0
2017-10-06,22:00:00,17.95,18.019,17.9488,18.01,6160,0
2017-10-09,16:00:00,18.04,18.04,17.937,17.96,4608,0
2017-10-09,17:00:00,17.97,18,17.97,17.99,8036,0
2017-10-09,18:00:00,18,18.0337,17.96,18.0337,9469,0
2017-10-09,19:00:00,18.03,18.0399,17.99,18,10708,0
2017-10-09,20:00:00,18,18.06,17.99,18.06,20843,0
2017-10-09,21:00:00,18.05,18.051,18,18.01,17834,0
2017-10-09,22:00:00,18.01,18.026,17.97,17.99,21961,0
2017-10-10,16:00:00,18.08,18.1,18.0501,18.1,4065,0
2017-10-10,17:00:00,18.06,18.0841,18.05,18.06,12524,0
2017-10-10,18:00:00,18.07,18.1,18.05,18.1,3019,0
2017-10-10,19:00:00,18.1004,18.1004,18.07,18.09,10548,0
2017-10-10,20:00:00,18.0894,18.09,18.0889,18.0889,500,0
2017-10-10,21:00:00,18.09,18.12,18.0828,18.0828,2300,0
2017-10-10,22:00:00,18.1054,18.15,18.1054,18.11,12604,0
2017-10-11,16:00:00,17.97,17.97,17.9288,17.95,7325,0
2017-10-11,17:00:00,17.955,17.98,17.9,17.97,4979,0
2017-10-11,18:00:00,17.951,17.98,17.951,17.9598,5988,0
2017-10-11,19:00:00,17.96,17.97,17.9588,17.97,2844,0
2017-10-11,20:00:00,17.97,17.98,17.9684,17.9684,10416,0
2017-10-11,21:00:00,17.97,17.97,17.95,17.962,16862,0
2017-10-11,22:00:00,17.9781,17.99,17.96,17.96,8083,0
2017-10-12,16:00:00,17.9,17.94,17.76,17.92,13803,0
2017-10-12,17:00:00,17.9032,17.95,17.89,17.8901,20717,0
2017-10-12,18:00:00,17.9,17.91,17.87,17.9,23020,0
2017-10-12,19:00:00,17.89,17.89,17.84,17.84,2600,0
2017-10-12,20:00:00,17.84,17.8549,17.81,17.82,4661,0
2017-10-12,21:00:00,17.825,17.9,17.8001,17.8001,8203,0
2017-10-12,22:00:00,17.8001,17.88,17.761,17.85,14277,0
2017-10-13,16:00:00,17.83,17.94,17.83,17.88,8607,0
2017-10-13,17:00:00,17.94,17.9499,17.9,17.9499,1640,0
2017-10-13,18:00:00,17.94,17.9521,17.9398,17.9431,1900,0
2017-10-13,19:00:00,17.9599,17.9599,17.92,17.93,4493,0
2017-10-13,20:00:00,17.9253,17.9253,17.92,17.92,987,0
2017-10-13,21:00:00,17.9201,17.9464,17.9201,17.9354,2580,0
2017-10-13,22:00:00,17.9223,17.95,17.83,17.86,196684,0
2017-10-16,16:00:00,17.93,17.95,17.8684,17.93,16539,0
2017-10-16,17:00:00,17.93,17.9399,17.885,17.89,7240,0
2017-10-16,18:00:00,17.8972,17.9201,17.8972,17.9161,5071,0
2017-10-16,19:00:00,17.9198,17.92,17.89,17.9176,4668,0
2017-10-16,20:00:00,17.9124,17.9245,17.9,17.9234,1653,0
2017-10-16,21:00:00,17.9231,17.96,17.9231,17.9466,6748,0
2017-10-16,22:00:00,17.9467,17.9599,17.93,17.94,11361,0
2017-10-17,16:00:00,17.98,17.98,17.93,17.95,13291,0
2017-10-17,17:00:00,17.94,17.94,17.841,17.87,16070,0
2017-10-17,18:00:00,17.87,17.91,17.83,17.85,27529,0
2017-10-17,19:00:00,17.85,17.89,17.85,17.86,5047,0
2017-10-17,20:00:00,17.86,17.88,17.83,17.86,37782,0
2017-10-17,21:00:00,17.87,17.87,17.84,17.87,826,0
2017-10-17,22:00:00,17.874,17.8792,17.79,17.83,4806,0
2017-10-18,16:00:00,17.87,17.88,17.83,17.84,4783,0
2017-10-18,17:00:00,17.833,17.8589,17.79,17.8589,18361,0
2017-10-18,18:00:00,17.83,17.85,17.82,17.82,2900,0
2017-10-18,19:00:00,17.82,17.88,17.82,17.875,7829,0
2017-10-18,20:00:00,17.86,17.88,17.8263,17.83,32850,0
2017-10-18,21:00:00,17.8399,17.88,17.81,17.84,24702,0
2017-10-18,22:00:00,17.84,17.87,17.83,17.84,29676,0
2017-10-19,16:00:00,17.51,17.52,17.32,17.4,39650,0
2017-10-19,17:00:00,17.412,17.44,17.32,17.4152,85700,0
2017-10-19,18:00:00,17.42,17.4516,17.42,17.4268,4562,0
2017-10-19,19:00:00,17.44,17.45,17.39,17.43,3738,0
2017-10-19,20:00:00,17.43,17.45,17.4,17.42,5827,0
2017-10-19,21:00:00,17.4,17.44,17.4,17.43,1814,0
2017-10-19,22:00:00,17.46,17.48,17.4204,17.43,2591,0
2017-10-20,16:00:00,17.68,17.7175,17.67,17.68,2978,0
2017-10-20,17:00:00,17.71,17.72,17.67,17.67,8400,0
2017-10-20,18:00:00,17.67,17.7011,17.67,17.6966,5496,0
2017-10-20,19:00:00,17.69,17.73,17.67,17.68,28674,0
2017-10-20,20:00:00,17.68,17.719,17.68,17.709,1260,0
2017-10-20,21:00:00,17.709,17.72,17.6825,17.71,8863,0
2017-10-20,22:00:00,17.68,17.71,17.68,17.69,6197,0
2017-10-23,16:00:00,17.73,17.74,17.64,17.68,38904,0
2017-10-23,17:00:00,17.7,17.7,17.6422,17.66,8510,0
2017-10-23,18:00:00,17.6636,17.679,17.66,17.665,5366,0
2017-10-23,19:00:00,17.67,17.67,17.66,17.66,1536,0
2017-10-23,20:00:00,17.6601,17.67,17.6601,17.67,1882,0
2017-10-23,21:00:00,17.6676,17.6676,17.61,17.63,19602,0
2017-10-23,22:00:00,17.64,17.64,17.6,17.6,4579,0
2017-10-24,16:00:00,17.54,17.55,17.46,17.47,37124,0
2017-10-24,17:00:00,17.46,17.52,17.411,17.51,28012,0
2017-10-24,18:00:00,17.511,17.549,17.49,17.549,16390,0
2017-10-24,19:00:00,17.5211,17.5211,17.48,17.4975,2267,0
2017-10-24,20:00:00,17.502,17.5066,17.5,17.5,2379,0
2017-10-24,21:00:00,17.5001,17.5053,17.5,17.505,6980,0
2017-10-24,22:00:00,17.51,17.51,17.44,17.51,10098,0
2017-10-25,16:00:00,17.5929,17.649,17.52,17.56,4840,0
2017-10-25,17:00:00,17.551,17.57,17.47,17.48,26462,0
2017-10-25,18:00:00,17.46,17.46,17.33,17.3409,18535,0
2017-10-25,19:00:00,17.35,17.3855,17.3,17.3855,15799,0
2017-10-25,20:00:00,17.4,17.4,17.3999,17.4,700,0
2017-10-25,21:00:00,17.39,17.419,17.39,17.4,1050,0
2017-10-25,22:00:00,17.4418,17.4418,17.3979,17.4,3099,0
2017-10-26,16:00:00,17.42,17.4792,17.32,17.37,15884,0
2017-10-26,17:00:00,17.375,17.4542,17.375,17.4542,3884,0
2017-10-26,18:00:00,17.4474,17.4474,17.37,17.4369,10800,0
2017-10-26,19:00:00,17.4212,17.4212,17.38,17.4,5500,0
2017-10-26,20:00:00,17.4,17.439,17.37,17.439,7464,0
2017-10-26,21:00:00,17.4236,17.4236,17.3901,17.3901,1240,0
2017-10-26,22:00:00,17.3971,17.3971,17.3584,17.36,1433,0
2017-10-27,16:00:00,17.23,17.2608,17.14,17.205,28339,0
2017-10-27,17:00:00,17.2,17.31,17.17,17.23,57977,0
2017-10-27,18:00:00,17.2289,17.27,17.2289,17.27,3492,0
2017-10-27,19:00:00,17.28,17.28,17.2601,17.27,4683,0
2017-10-27,20:00:00,17.3,17.3,17.2601,17.3,1793,0
2017-10-27,21:00:00,17.2917,17.3,17.2701,17.2861,3369,0
2017-10-27,22:00:00,17.3,17.35,17.29,17.3,10108,0
2017-10-30,15:00:00,17.15,17.22,17.15,17.21,7272,0
2017-10-30,16:00:00,17.21,17.21,17.14,17.148,7172,0
2017-10-30,17:00:00,17.16,17.189,17.05,17.06,32125,0
2017-10-30,18:00:00,17.06,17.11,17.01,17.0602,13917,0
2017-10-30,19:00:00,17.04,17.1,17.03,17.03,2675,0
2017-10-30,20:00:00,17.0427,17.05,17.03,17.04,4814,0
2017-10-30,21:00:00,17.04,17.0728,17.03,17.06,8818,0
2017-10-31,15:00:00,17.32,17.3605,17.32,17.3605,3417,0
2017-10-31,16:00:00,17.4,17.4068,17.39,17.39,1720,0
2017-10-31,17:00:00,17.3804,17.4231,17.37,17.41,8464,0
2017-10-31,18:00:00,17.39,17.4346,17.39,17.401,4504,0
2017-10-31,19:00:00,17.4,17.439,17.4,17.4248,4867,0
2017-10-31,20:00:00,17.43,17.4507,17.4289,17.436,4250,0
2017-10-31,21:00:00,17.44,17.47,17.4,17.46,89541,0
2017-11-01,15:00:00,17.62,17.66,17.61,17.63,10161,0
2017-11-01,16:00:00,17.63,17.6566,17.57,17.63,27474,0
2017-11-01,17:00:00,17.63,17.6353,17.6085,17.61,13551,0
2017-11-01,18:00:00,17.61,17.6189,17.595,17.595,1120,0
2017-11-01,19:00:00,17.59,17.59,17.51,17.51,1389,0
2017-11-01,20:00:00,17.57,17.57,17.57,17.57,400,0
2017-11-01,21:00:00,17.54,17.6,17.54,17.56,16741,0
2017-11-02,15:00:00,17.53,17.57,17.4,17.509,9607,0
2017-11-02,16:00:00,17.4943,17.52,17.44,17.52,10782,0
2017-11-02,17:00:00,17.51,17.52,17.47,17.49,15318,0
2017-11-02,18:00:00,17.48,17.54,17.43,17.47,45211,0
2017-11-02,19:00:00,17.52,17.54,17.49,17.51,7000,0
2017-11-02,20:00:00,17.48,17.52,17.48,17.5068,1290,0
2017-11-02,21:00:00,17.5812,17.629,17.56,17.56,4265,0
2017-11-03,15:00:00,17.47,17.4847,17.45,17.458,7774,0
2017-11-03,16:00:00,17.4611,17.4916,17.45,17.45,3432,0
2017-11-03,17:00:00,17.42,17.475,17.42,17.45,9310,0
2017-11-03,18:00:00,17.49,17.49,17.4873,17.4873,410,0
2017-11-03,19:00:00,17.5,17.5,17.485,17.4895,1275,0
2017-11-03,20:00:00,17.4894,17.52,17.4894,17.506,4070,0
2017-11-03,21:00:00,17.51,17.51,17.44,17.48,9683,0
2017-11-06,16:00:00,17.53,17.629,17.53,17.629,4761,0
2017-11-06,17:00:00,17.6246,17.67,17.6246,17.641,3961,0
2017-11-06,18:00:00,17.66,17.66,17.61,17.645,4514,0
2017-11-06,19:00:00,17.6301,17.677,17.6301,17.6553,3361,0
2017-11-06,20:00:00,17.66,17.6705,17.5957,17.6705,23233,0
2017-11-06,21:00:00,17.6804,17.6804,17.652,17.652,6749,0
2017-11-06,22:00:00,17.689,17.69,17.654,17.68,13396,0
2017-11-07,16:00:00,17.86,17.94,17.82,17.925,36743,0
2017-11-07,17:00:00,17.91,17.9299,17.82,17.82,23862,0
2017-11-07,18:00:00,17.82,17.88,17.8,17.8,13334,0
2017-11-07,19:00:00,17.8,17.836,17.7903,17.8,7553,0
2017-11-07,20:00:00,17.8,17.845,17.78,17.8108,22447,0
2017-11-07,21:00:00,17.78,17.829,17.78,17.78,26251,0
2017-11-07,22:00:00,17.8099,17.82,17.77,17.78,6672,0
2017-11-08,16:00:00,17.94,18,17.8963,18,3412,0
2017-11-08,17:00:00,17.98,17.98,17.92,17.9409,10261,0
2017-11-08,18:00:00,17.9499,17.97,17.9,17.9455,12050,0
2017-11-08,19:00:00,17.949,17.979,17.91,17.97,2090,0
2017-11-08,20:00:00,17.976,17.98,17.9742,17.98,4797,0
2017-11-08,21:00:00,17.9431,17.9756,17.9431,17.9756,1500,0
2017-11-08,22:00:00,17.975,17.98,17.95,17.95,7237,0
2017-11-09,16:00:00,18,18,17.88,17.96,18586,0
2017-11-09,17:00:00,17.86,17.9899,17.86,17.96,5797,0
2017-11-09,18:00:00,17.8991,17.91,17.84,17.88,10300,0
2017-11-09,19:00:00,17.88,17.88,17.7701,17.8376,9705,0
2017-11-09,20:00:00,17.82,17.89,17.8,17.86,22413,0
2017-11-09,21:00:00,17.86,17.8833,17.82,17.88,13000,0
2017-11-09,22:00:00,17.929,17.93,17.9,17.9,3160,0
2017-11-10,16:00:00,17.96,17.96,17.781,17.89,8330,0
2017-11-10,17:00:00,17.88,17.89,17.88,17.89,300,0
2017-11-10,18:00:00,17.89,17.9,17.86,17.86,2000,0
2017-11-10,19:00:00,17.881,17.9,17.881,17.9,462,0
2017-11-10,20:00:00,17.88,17.895,17.88,17.89,8275,0
2017-11-10,21:00:00,17.93,17.93,17.8953,17.912,7970,0
2017-11-10,22:00:00,17.92,17.92,17.89,17.89,8996,0
2017-11-13,16:00:00,17.95,17.95,17.91,17.9195,12381,0
2017-11-13,17:00:00,17.9365,17.95,17.89,17.938,18258,0
2017-11-13,18:00:00,17.949,17.95,17.92,17.95,4050,0
2017-11-13,19:00:00,17.95,17.95,17.9201,17.95,4310,0
2017-11-13,20:00:00,17.9489,17.978,17.945,17.97,3428,0
2017-11-13,21:00:00,17.97,17.98,17.965,17.97,2055,0
2017-11-13,22:00:00,17.98,17.9808,17.95,17.96,7650,0
2017-11-14,16:00:00,17.97,18.0014,17.9383,17.9383,7886,0
2017-11-14,17:00:00,17.89,17.9,17.83,17.8999,10913,0
2017-11-14,18:00:00,17.871,17.871,17.86,17.86,749,0
2017-11-14,19:00:00,17.85,17.85,17.79,17.81,3692,0
2017-11-14,20:00:00,17.81,17.85,17.796,17.836,7819,0
2017-11-14,21:00:00,17.8399,17.86,17.828,17.86,13827,0
2017-11-14,22:00:00,17.8499,17.8799,17.84,17.87,16974,0
2017-11-15,16:00:00,17.76,17.76,17.6063,17.68,17738,0
2017-11-15,17:00:00,17.6372,17.77,17.6372,17.77,5654,0
2017-11-15,18:00:00,17.74,17.81,17.7301,17.8099,10972,0
2017-11-15,19:00:00,17.79,17.7999,17.77,17.7999,10101,0
2017-11-15,20:00:00,17.7999,17.7999,17.78,17.79,4585,0
2017-11-15,21:00:00,17.79,17.8,17.77,17.8,8944,0
2017-11-15,22:00:00,17.8,17.8,17.77,17.78,99037,0
2017-11-16,16:00:00,17.94,17.97,17.9043,17.91,6076,0
2017-11-16,17:00:00,17.9648,18.06,17.9648,18.03,2156,0
2017-11-16,18:00:00,18.09,18.1199,18.04,18.1199,52195,0
2017-11-16,19:00:00,18.1,18.1199,18.07,18.07,2585,0
2017-11-16,20:00:00,18.075,18.1257,18.075,18.12,4640,0
2017-11-16,21:00:00,18.1,18.14,18.1,18.13,5999,0
2017-11-16,22:00:00,18.14,18.14,18.06,18.1,6937,0
2017-11-17,16:00:00,18.04,18.04,17.8101,18.02,23600,0
2017-11-17,17:00:00,17.9933,18.03,17.9933,18.02,18700,0
2017-11-17,18:00:00,18.04,18.04,18.02,18.0318,9910,0
2017-11-17,19:00:00,18.04,18.05,18.035,18.05,1650,0
2017-11-17,20:00:00,18.05,18.05,18.03,18.03,2350,0
2017-11-17,21:00:00,18.03,18.0399,18.02,18.03,5184,0
2017-11-17,22:00:00,18.0226,18.036,18.0055,18.023,5098,0
2017-11-20,16:00:00,18.25,18.25,18.14,18.165,287589,0
2017-11-20,17:00:00,18.165,18.21,18.157,18.2,141372,0
2017-11-20,18:00:00,18.205,18.26,18.2,18.25,86806,0
2017-11-20,19:00:00,18.25,18.27,18.2,18.22,88221,0
2017-11-20,20:00:00,18.22,18.24,18.22,18.23,43006,0
2017-11-20,21:00:00,18.237,18.245,18.22,18.2389,75518,0
2017-11-20,22:00:00,18.235,18.2497,18.2,18.2,83490,0
2017-11-21,16:00:00,18.37,18.41,18.335,18.36,149859,0
2017-11-21,17:00:00,18.3608,18.37,18.34,18.345,68015,0
2017-11-21,18:00:00,18.345,18.3799,18.3137,18.365,59296,0
2017-11-21,19:00:00,18.365,18.38,18.35,18.35,51714,0
2017-11-21,20:00:00,18.3595,18.37,18.35,18.3699,26326,0
2017-11-21,21:00:00,18.365,18.3763,18.34,18.3712,39469,0
2017-11-21,22:00:00,18.3725,18.38,18.32,18.32,124461,0
2017-11-22,16:00:00,18.35,18.3827,18.34,18.34,58781,0
2017-11-22,17:00:00,18.34,18.3524,18.33,18.34,39412,0
2017-11-22,18:00:00,18.34,18.35,18.27,18.35,44432,0
2017-11-22,19:00:00,18.34,18.34,18.28,18.295,24611,0
2017-11-22,20:00:00,18.299,18.33,18.27,18.32,15954,0
2017-11-22,21:00:00,18.34,18.35,18.32,18.3474,12790,0
2017-11-22,22:00:00,18.3405,18.35,18.3,18.3,31089,0
2017-11-24,16:00:00,18.23,18.24,18.13,18.14,71737,0
2017-11-24,17:00:00,18.14,18.1499,18.13,18.138,15365,0
2017-11-24,18:00:00,18.14,18.17,18.14,18.17,22136,0
2017-11-24,19:00:00,18.169,18.2076,18.14,18.16,28710,0
2017-11-24,20:00:00,18.21,18.21,18.21,18.21,275,0
2017-11-24,22:00:00,18.21,18.21,18.21,18.21,0,0
2017-11-27,16:00:00,18.1,18.1,17.9869,17.999,142590,0
2017-11-27,17:00:00,18.0008,18.04,17.98,18.015,30081,0
2017-11-27,18:00:00,18.02,18.0232,17.9506,17.97,25838,0
2017-11-27,19:00:00,17.97,17.98,17.93,17.9556,20542,0
2017-11-27,20:00:00,17.96,17.99,17.96,17.98,8761,0
2017-11-27,21:00:00,17.98,17.9899,17.95,17.9501,15203,0
2017-11-27,22:00:00,17.97,17.98,17.92,17.93,97227,0
2017-11-28,16:00:00,18.02,18.0413,17.9733,17.99,38023,0
2017-11-28,17:00:00,17.98,18.06,17.9795,18.0392,27918,0
2017-11-28,18:00:00,18.04,18.099,18.04,18.06,41682,0
2017-11-28,19:00:00,18.07,18.12,18.07,18.11,38884,0
2017-11-28,20:00:00,18.12,18.129,18.07,18.0796,33956,0
2017-11-28,21:00:00,18.08,18.1,18.05,18.08,35169,0
2017-11-28,22:00:00,18.09,18.11,18.075,18.09,33260,0
2017-11-29,16:00:00,17.95,17.965,17.8517,17.86,44511,0
2017-11-29,17:00:00,17.8511,17.89,17.79,17.81,36658,0
2017-11-29,18:00:00,17.805,17.82,17.65,17.6599,46192,0
2017-11-29,19:00:00,17.6624,17.7792,17.61,17.7587,19113,0
2017-11-29,20:00:00,17.74,17.775,17.7132,17.7318,22883,0
2017-11-29,21:00:00,17.7289,17.7499,17.7,17.7186,10125,0
2017-11-29,22:00:00,17.71,17.7299,17.67,17.69,27916,0
2017-11-30,16:00:00,17.59,17.59,17.51,17.5245,23713,0
2017-11-30,17:00:00,17.5264,17.6,17.51,17.5753,17514,0
2017-11-30,18:00:00,17.592,17.6124,17.55,17.5712,11518,0
2017-11-30,19:00:00,17.57,17.5916,17.51,17.51,22671,0
2017-11-30,20:00:00,17.52,17.56,17.52,17.5413,19391,0
2017-11-30,21:00:00,17.55,17.55,17.53,17.54,2935,0
2017-11-30,22:00:00,17.54,17.56,17.47,17.52,105146,0
2017-12-01,16:00:00,17.52,17.57,17.5,17.525,21445,0
2017-12-01,17:00:00,17.59,17.679,17.59,17.63,11805,0
2017-12-01,18:00:00,17.64,17.649,17.43,17.49,28914,0
2017-12-01,19:00:00,17.49,17.599,17.49,17.5845,22782,0
2017-12-01,20:00:00,17.5634,17.6,17.56,17.5775,1650,0
2017-12-01,21:00:00,17.575,17.5875,17.535,17.55,12138,0
2017-12-01,22:00:00,17.545,17.569,17.53,17.5523,25348,0
2017-12-04,16:00:00,17.74,17.8299,17.62,17.62,48672,0
2017-12-04,17:00:00,17.61,17.61,17.51,17.51,26361,0
2017-12-04,18:00:00,17.51,17.589,17.5,17.56,11406,0
2017-12-04,19:00:00,17.57,17.6172,17.56,17.6172,8646,0
2017-12-04,20:00:00,17.61,17.64,17.61,17.625,5667,0
2017-12-04,21:00:00,17.6256,17.6256,17.58,17.5999,3471,0
2017-12-04,22:00:00,17.56,17.56,17.5,17.51,19586,0
2017-12-05,16:00:00,17.48,17.49,17.35,17.41,22018,0
2017-12-05,17:00:00,17.4291,17.51,17.3894,17.43,106843,0
2017-12-05,18:00:00,17.4,17.43,17.36,17.36,297500,0
2017-12-05,19:00:00,17.35,17.36,17.32,17.3229,15109,0
2017-12-05,20:00:00,17.34,17.34,17.31,17.32,42670,0
2017-12-05,21:00:00,17.32,17.3499,17.31,17.31,10457,0
2017-12-05,22:00:00,17.338,17.35,17.31,17.31,8585,0
2017-12-06,16:00:00,17.03,17.03,16.9,16.98,45206,0
2017-12-06,17:00:00,17.05,17.09,17,17.07,42329,0
2017-12-06,18:00:00,17.051,17.09,17.05,17.07,10768,0
2017-12-06,19:00:00,17.0553,17.08,16.9956,17.0101,13987,0
2017-12-06,20:00:00,17.0268,17.05,17.01,17.015,9014,0
2017-12-06,21:00:00,17.0799,17.1,17.05,17.1,11296,0
2017-12-06,22:00:00,17.1,17.12,17.05,17.08,14185,0
