Date,Time,Open,High,Low,Close,Volume,OpenInt
2017-01-19,16:00:00,42.409,42.409,42.123,42.132,2428,0
2017-01-19,17:00:00,42.266,42.266,42.14,42.14,272,0
2017-01-19,18:00:00,42.214,42.214,42.214,42.214,247,0
2017-01-19,19:00:00,42.034,42.034,42.034,42.034,202,0
2017-01-19,20:00:00,42.192,42.192,42.192,42.192,124,0
2017-01-19,21:00:00,42.281,42.281,41.994,41.994,329,0
2017-01-19,22:00:00,42.013,42.013,42.013,42.013,279,0
2017-01-20,16:00:00,42.106,42.106,42.106,42.106,232,0
2017-01-20,17:00:00,42.103,42.103,42.103,42.103,395,0
2017-01-20,18:00:00,42.182,42.331,42.167,42.281,54539,0
2017-01-20,19:00:00,42.232,42.242,42.232,42.242,1214,0
2017-01-20,20:00:00,42.427,42.427,42.427,42.427,177,0
2017-01-20,21:00:00,42.475,42.475,42.475,42.475,303,0
2017-01-23,16:00:00,42.331,42.331,42.331,42.331,101,0
2017-01-23,17:00:00,42.479,42.479,42.459,42.479,683,0
2017-01-23,18:00:00,42.236,42.236,42.236,42.236,493,0
2017-01-23,19:00:00,42.48,42.48,42.48,42.48,128,0
2017-01-23,20:00:00,42.247,42.315,42.247,42.315,229,0
2017-01-23,21:00:00,42.499,42.607,42.499,42.519,2022,0
2017-01-23,22:00:00,42.587,42.633,42.492,42.633,1143,0
2017-01-24,16:00:00,42.726,42.726,42.726,42.726,405,0
2017-01-24,18:00:00,42.454,42.454,42.454,42.454,369,0
2017-01-24,19:00:00,42.482,42.482,42.482,42.482,112,0
2017-01-24,21:00:00,42.554,42.554,42.554,42.554,622,0
2017-01-24,22:00:00,42.726,42.726,42.726,42.726,202,0
2017-01-25,16:00:00,42.208,42.286,42.208,42.286,529,0
2017-01-25,17:00:00,42.598,42.714,42.598,42.673,966,0
2017-01-25,18:00:00,42.517,42.517,42.517,42.517,354,0
2017-01-25,19:00:00,42.423,42.423,42.423,42.423,1003,0
2017-01-25,20:00:00,42.432,42.442,42.432,42.442,1516,0
2017-01-25,21:00:00,42.726,42.726,42.648,42.648,851,0
2017-01-25,22:00:00,42.37,42.37,42.37,42.37,287,0
2017-01-26,17:00:00,42.725,42.726,42.478,42.726,13806,0
2017-01-26,18:00:00,42.509,42.662,42.469,42.469,1174,0
2017-01-26,19:00:00,42.301,42.301,42.301,42.301,271,0
2017-01-26,21:00:00,42.627,42.627,42.627,42.627,123,0
2017-01-26,22:00:00,42.603,42.603,42.603,42.603,202,0
2017-01-27,16:00:00,42.539,42.539,42.409,42.419,607,0
2017-01-27,17:00:00,42.38,42.38,42.247,42.37,2123,0
2017-01-27,19:00:00,42.298,42.298,42.298,42.298,542,0
2017-01-27,20:00:00,42.192,42.192,42.192,42.192,101,0
2017-01-27,21:00:00,42.139,42.139,42.139,42.139,910,0
2017-01-27,22:00:00,42.216,42.216,42.072,42.112,419,0
2017-01-30,16:00:00,42.113,42.113,42.113,42.113,101,0
2017-01-30,17:00:00,42.034,42.054,42.034,42.054,303,0
2017-01-30,18:00:00,42.012,42.012,42.012,42.012,292,0
2017-01-30,19:00:00,41.994,42.014,41.854,42.004,2395,0
2017-01-30,20:00:00,42.014,42.064,41.964,41.964,1011,0
2017-01-30,21:00:00,42.064,42.281,41.878,42.281,1632,0
2017-01-30,22:00:00,42.064,42.281,41.899,42.094,3467,0
2017-01-31,17:00:00,42.37,42.38,42.119,42.147,1287,0
2017-01-31,18:00:00,42.37,42.449,42.37,42.449,809,0
2017-01-31,20:00:00,42.466,42.466,42.466,42.466,203,0
2017-01-31,22:00:00,42.469,42.469,42.469,42.469,202,0
2017-02-01,18:00:00,42.956,42.956,42.499,42.499,617,0
2017-02-01,19:00:00,42.683,42.683,42.556,42.556,663,0
2017-02-01,21:00:00,41.969,42.291,41.969,42.212,430,0
2017-02-01,22:00:00,42.273,42.278,42.273,42.278,311,0
2017-02-02,16:00:00,42.054,42.054,42.054,42.054,355,0
2017-02-02,17:00:00,42.409,42.845,42.4,42.644,7313,0
2017-02-02,18:00:00,42.482,42.482,42.321,42.35,2022,0
2017-02-02,20:00:00,42.324,42.479,42.324,42.479,1011,0
2017-02-02,21:00:00,42.331,42.394,42.126,42.271,1381,0
2017-02-02,22:00:00,42.385,42.385,42.372,42.372,355,0
2017-02-03,16:00:00,43.949,43.949,43.949,43.949,599,0
2017-02-03,17:00:00,42.567,42.567,42.567,42.567,124,0
2017-02-03,18:00:00,42.365,42.637,42.365,42.637,514,0
2017-02-03,19:00:00,42.438,42.717,42.438,42.717,538,0
2017-02-03,20:00:00,42.481,42.529,42.481,42.529,1102,0
2017-02-03,22:00:00,42.587,42.587,42.587,42.587,405,0
2017-02-07,16:00:00,42.519,42.519,42.519,42.519,405,0
2017-02-07,18:00:00,42.651,42.651,42.651,42.651,379,0
2017-02-07,21:00:00,42.706,42.706,42.706,42.706,906,0
2017-02-07,22:00:00,42.647,42.647,42.647,42.647,395,0
2017-02-08,16:00:00,42.647,42.647,42.647,42.647,101,0
2017-02-08,18:00:00,42.493,42.493,42.493,42.493,278,0
2017-02-08,19:00:00,42.766,42.914,42.726,42.736,1820,0
2017-02-08,21:00:00,42.914,42.914,42.914,42.914,396,0
2017-02-09,17:00:00,43.171,43.171,43.171,43.171,1017,0
2017-02-09,22:00:00,42.971,42.971,42.971,42.971,104,0
2017-02-10,16:00:00,43.122,43.122,43.122,43.122,121,0
2017-02-10,17:00:00,42.663,42.663,42.663,42.663,113,0
2017-02-10,20:00:00,43.201,43.201,43.192,43.192,226,0
2017-02-10,21:00:00,43.022,43.022,43.022,43.022,101,0
2017-02-10,22:00:00,43.241,43.241,43.241,43.241,101,0
2017-02-13,18:00:00,42.914,42.914,42.914,42.914,127,0
2017-02-13,20:00:00,42.937,42.993,42.937,42.993,232,0
2017-02-13,21:00:00,43.013,43.132,42.949,43.003,1215,0
2017-02-13,22:00:00,43.003,43.112,42.984,43.023,13953,0
2017-02-14,16:00:00,42.682,42.682,42.682,42.682,278,0
2017-02-14,17:00:00,42.998,42.998,42.998,42.998,177,0
2017-02-14,20:00:00,42.793,42.815,42.793,42.815,302,0
2017-02-14,21:00:00,42.99,42.99,42.99,42.99,464,0
2017-02-14,22:00:00,42.791,42.791,42.791,42.791,1041,0
2017-02-15,16:00:00,42.647,42.647,42.647,42.647,203,0
2017-02-15,17:00:00,42.806,42.806,42.529,42.529,851,0
2017-02-15,18:00:00,42.617,42.783,42.617,42.783,340,0
2017-02-15,19:00:00,42.746,42.746,42.736,42.736,202,0
2017-02-15,20:00:00,42.689,42.756,42.689,42.756,366,0
2017-02-15,21:00:00,42.679,42.845,42.679,42.845,1152,0
2017-02-16,16:00:00,42.964,42.964,42.964,42.964,178,0
2017-02-16,17:00:00,43.232,43.232,43.232,43.232,149,0
2017-02-16,19:00:00,43.084,43.084,43.084,43.084,163,0
2017-02-16,20:00:00,43.023,43.023,42.944,42.944,335,0
2017-02-16,21:00:00,43.04,43.107,43.04,43.107,793,0
2017-02-16,22:00:00,43.138,43.138,43.125,43.125,2012,0
2017-02-17,16:00:00,43.032,43.042,43.023,43.023,505,0
2017-02-17,17:00:00,43.057,43.069,43.057,43.069,519,0
2017-02-17,20:00:00,42.903,43.028,42.903,43.003,6696,0
2017-02-17,21:00:00,43.121,43.121,43.091,43.091,342,0
2017-02-21,16:00:00,43.092,43.092,43.092,43.092,101,0
2017-02-21,18:00:00,43.438,43.517,43.438,43.517,522,0
2017-02-21,19:00:00,43.497,43.497,43.497,43.497,158,0
2017-02-21,20:00:00,43.276,43.276,43.276,43.276,455,0
2017-02-21,22:00:00,43.504,43.504,43.504,43.504,328,0
2017-02-22,17:00:00,43.507,43.507,43.3,43.3,3766,0
2017-02-22,18:00:00,43.467,43.467,43.409,43.418,343,0
2017-02-22,19:00:00,43.529,43.529,43.366,43.366,311,0
2017-02-22,20:00:00,43.495,43.495,43.495,43.495,122,0
2017-02-22,21:00:00,43.295,43.295,43.295,43.295,153,0
2017-02-23,19:00:00,43.56,43.56,43.56,43.56,132,0
2017-02-23,21:00:00,44.007,44.007,43.745,43.764,2354,0
2017-02-23,22:00:00,43.755,44.012,43.574,43.775,6100,0
2017-02-24,16:00:00,43.655,43.655,43.655,43.655,112,0
2017-02-24,17:00:00,43.692,43.775,43.692,43.715,2873,0
2017-02-24,18:00:00,43.749,43.749,43.749,43.749,555,0
2017-02-24,19:00:00,43.627,43.627,43.627,43.627,506,0
2017-02-24,21:00:00,43.663,43.663,43.61,43.61,444,0
2017-02-27,16:00:00,43.853,43.853,43.853,43.853,101,0
2017-02-27,17:00:00,43.933,43.933,43.933,43.933,202,0
2017-02-27,19:00:00,44.272,44.272,43.883,44.182,2288,0
2017-02-27,22:00:00,44.288,44.288,43.853,43.853,3943,0
2017-02-28,17:00:00,43.933,43.962,43.804,43.804,1112,0
2017-02-28,18:00:00,43.795,43.795,43.795,43.795,101,0
2017-02-28,19:00:00,43.795,43.804,43.795,43.804,303,0
2017-02-28,20:00:00,43.795,43.795,43.795,43.795,101,0
2017-03-01,17:00:00,43.636,43.636,43.636,43.636,101,0
2017-03-01,18:00:00,43.559,43.559,43.559,43.559,101,0
2017-03-01,19:00:00,43.705,43.705,43.68,43.68,405,0
2017-03-01,20:00:00,43.74,43.74,43.74,43.74,303,0
2017-03-01,21:00:00,43.74,43.745,43.725,43.725,1156,0
2017-03-01,22:00:00,43.636,43.636,43.636,43.636,101,0
2017-03-02,21:00:00,43.132,43.132,43.132,43.132,214,0
2017-03-02,22:00:00,43.323,43.64,43.323,43.64,1531,0
2017-03-03,16:00:00,43.28,43.636,43.28,43.636,809,0
2017-03-03,17:00:00,43.075,43.075,43.075,43.075,970,0
2017-03-03,18:00:00,43.082,43.551,42.904,42.904,1031,0
2017-03-03,19:00:00,43.154,43.154,43.154,43.154,607,0
2017-03-03,21:00:00,43.077,43.077,43.077,43.077,202,0
2017-03-03,22:00:00,43.14,43.225,43.112,43.112,384,0
2017-03-06,16:00:00,42.825,42.825,42.825,42.825,202,0
2017-03-06,17:00:00,42.828,43.002,42.828,43.002,287,0
2017-03-06,18:00:00,42.86,42.86,42.86,42.86,177,0
2017-03-06,20:00:00,43.008,43.008,43.008,43.008,131,0
2017-03-06,21:00:00,43.082,43.082,43.082,43.082,438,0
2017-03-06,22:00:00,42.926,42.926,42.926,42.926,318,0
2017-03-07,17:00:00,42.891,42.891,42.891,42.891,1605,0
2017-03-07,19:00:00,43.244,43.244,43.244,43.244,590,0
2017-03-07,21:00:00,43.091,43.241,42.567,42.879,3440,0
2017-03-07,22:00:00,42.722,42.722,42.722,42.722,152,0
2017-03-08,18:00:00,42.505,42.505,42.35,42.449,1719,0
2017-03-08,19:00:00,42.37,42.479,42.37,42.479,303,0
2017-03-08,20:00:00,42.434,42.434,42.434,42.434,203,0
2017-03-08,21:00:00,42.567,42.597,42.37,42.37,4515,0
2017-03-09,17:00:00,42.382,42.382,42.382,42.382,111,0
2017-03-09,20:00:00,41.948,41.948,41.948,41.948,107,0
2017-03-09,22:00:00,42.226,42.403,41.961,42.103,4727,0
2017-03-10,18:00:00,42.318,42.318,41.611,42.077,647,0
2017-03-10,21:00:00,41.816,41.816,41.816,41.816,296,0
2017-03-13,15:00:00,42.775,42.775,42.132,42.152,9869,0
2017-03-13,16:00:00,42.064,42.182,42.064,42.182,607,0
2017-03-13,17:00:00,42.044,42.044,42.014,42.014,995,0
2017-03-13,18:00:00,42.014,42.014,41.876,41.876,1011,0
2017-03-13,20:00:00,41.82,41.886,41.732,41.732,7089,0
2017-03-13,21:00:00,41.964,41.964,41.964,41.964,202,0
2017-03-14,15:00:00,41.757,41.757,41.757,41.757,101,0
2017-03-14,16:00:00,42.004,42.084,41.971,41.971,3548,0
2017-03-14,18:00:00,41.727,41.727,41.648,41.648,749,0
2017-03-14,19:00:00,41.717,41.717,41.717,41.717,197,0
2017-03-15,15:00:00,42.191,42.395,42.191,42.395,767,0
2017-03-15,17:00:00,42.236,42.247,42.184,42.184,586,0
2017-03-15,18:00:00,42.166,42.166,42.166,42.166,245,0
2017-03-15,21:00:00,42.529,42.529,42.448,42.448,593,0
2017-03-16,15:00:00,42.637,43.172,42.637,43.108,1011,0
2017-03-16,16:00:00,43.114,43.114,42.597,42.775,2278,0
2017-03-16,17:00:00,42.647,42.684,42.509,42.522,4883,0
2017-03-16,18:00:00,42.577,42.627,42.515,42.515,1312,0
2017-03-16,19:00:00,42.587,42.736,42.516,42.726,5908,0
2017-03-16,20:00:00,42.671,42.864,42.671,42.864,1768,0
2017-03-16,21:00:00,42.637,42.815,42.637,42.688,707,0
2017-03-17,15:00:00,43.027,43.027,43.027,43.027,1422,0
2017-03-17,16:00:00,43.26,43.26,42.954,43.053,1959,0
2017-03-17,17:00:00,42.771,43.215,42.771,43.088,2514,0
2017-03-17,18:00:00,43.191,43.201,43.191,43.201,202,0
2017-03-17,19:00:00,43.201,43.201,43.201,43.201,405,0
2017-03-17,20:00:00,43.201,43.201,42.924,42.954,1576,0
2017-03-17,21:00:00,43.013,43.013,42.914,42.984,2326,0
2017-03-20,21:00:00,43.052,43.052,43.052,43.052,256,0
2017-03-21,15:00:00,43.023,43.023,43.023,43.023,101,0
2017-03-21,17:00:00,42.621,42.993,42.587,42.993,1704,0
2017-03-21,18:00:00,42.989,42.989,42.989,42.989,101,0
2017-03-21,21:00:00,42.929,42.929,42.642,42.642,407,0
2017-03-22,15:00:00,42.815,42.815,42.815,42.815,101,0
2017-03-22,17:00:00,42.86,42.924,42.86,42.924,719,0
2017-03-22,18:00:00,42.762,42.762,42.698,42.698,224,0
2017-03-22,21:00:00,42.587,42.587,42.587,42.587,101,0
2017-03-23,15:00:00,42.974,42.974,42.91,42.91,202,0
2017-03-23,16:00:00,42.808,42.808,42.808,42.808,1063,0
2017-03-23,18:00:00,43.003,43.003,43.003,43.003,202,0
2017-03-23,19:00:00,42.993,43.012,42.993,43.012,222,0
2017-03-23,20:00:00,43,43,43,43,284,0
2017-03-23,21:00:00,42.993,42.993,42.993,42.993,284,0
2017-03-24,15:00:00,42.756,42.756,42.756,42.756,155,0
2017-03-24,16:00:00,42.914,42.95,42.914,42.95,379,0
2017-03-24,17:00:00,42.97,42.97,42.915,42.922,1352,0
2017-03-24,19:00:00,43.013,43.013,42.974,42.974,202,0
2017-03-24,20:00:00,42.894,42.894,42.894,42.894,101,0
2017-03-24,21:00:00,42.865,42.912,42.865,42.894,405,0
2017-03-27,17:00:00,42.949,42.949,42.949,42.949,101,0
2017-03-27,18:00:00,42.789,42.789,42.749,42.749,4191,0
2017-03-27,19:00:00,42.742,42.742,42.684,42.684,219,0
2017-03-27,20:00:00,42.707,42.752,42.707,42.714,778,0
2017-03-27,21:00:00,42.657,42.657,42.651,42.657,450,0
2017-03-27,22:00:00,42.667,42.667,42.627,42.657,647,0
2017-03-28,16:00:00,42.612,42.612,42.612,42.612,145,0
2017-03-28,17:00:00,42.585,42.672,42.585,42.592,462,0
2017-03-28,18:00:00,42.508,42.508,42.508,42.508,267,0
2017-03-28,21:00:00,42.626,42.626,42.587,42.587,1460,0
2017-03-28,22:00:00,42.707,42.707,42.647,42.667,1011,0
2017-03-29,16:00:00,42.607,42.776,42.607,42.722,1042,0
2017-03-29,17:00:00,42.785,42.785,42.681,42.681,1334,0
2017-03-29,19:00:00,42.874,42.874,42.828,42.828,430,0
2017-03-29,21:00:00,42.794,42.794,42.717,42.717,776,0
2017-03-29,22:00:00,42.873,42.873,42.865,42.865,227,0
2017-03-30,16:00:00,42.4,42.549,42.4,42.549,269,0
2017-03-30,20:00:00,42.546,42.546,42.546,42.546,110,0
2017-03-30,21:00:00,42.835,42.835,42.504,42.524,1035,0
2017-03-30,22:00:00,42.795,42.847,42.795,42.847,2549,0
2017-03-31,18:00:00,42.747,43.023,42.747,42.959,884,0
2017-03-31,19:00:00,43.092,43.092,43.092,43.092,101,0
2017-03-31,20:00:00,42.894,42.954,42.845,42.845,6369,0
2017-03-31,21:00:00,43.023,43.023,42.964,42.964,202,0
2017-03-31,22:00:00,42.984,43.042,42.944,43.013,5359,0
2017-04-03,16:00:00,43.032,43.032,42.707,42.707,202,0
2017-04-03,17:00:00,43.197,43.197,43.197,43.197,118,0
2017-04-03,18:00:00,43.085,43.147,43.085,43.147,219,0
2017-04-03,21:00:00,42.873,42.873,42.873,42.873,2412,0
2017-04-04,16:00:00,43.082,43.082,43.082,43.082,101,0
2017-04-04,17:00:00,43.019,43.223,43.019,43.191,822,0
2017-04-04,21:00:00,43.171,43.215,43.171,43.215,1078,0
2017-04-05,16:00:00,43.21,43.289,43.182,43.289,957,0
2017-04-05,18:00:00,43.277,43.366,43.275,43.366,451,0
2017-04-05,19:00:00,43.371,43.371,43.275,43.275,3438,0
2017-04-05,21:00:00,43.477,43.477,43.256,43.256,1070,0
2017-04-05,22:00:00,43.21,43.21,43.21,43.21,101,0
2017-04-06,16:00:00,43.162,43.162,43.162,43.162,352,0
2017-04-06,18:00:00,43.428,43.497,43.428,43.428,809,0
2017-04-06,19:00:00,43.354,43.354,43.294,43.294,1269,0
2017-04-06,20:00:00,43.34,43.34,43.34,43.34,263,0
2017-04-06,21:00:00,43.354,43.517,43.354,43.429,1334,0
2017-04-06,22:00:00,43.387,43.387,43.359,43.359,702,0
2017-04-07,16:00:00,43.23,43.23,43.23,43.23,476,0
2017-04-07,20:00:00,43.488,43.488,43.3,43.3,1112,0
2017-04-07,21:00:00,43.379,43.379,43.33,43.33,910,0
2017-04-07,22:00:00,43.366,43.7,43.366,43.7,1320,0
2017-04-10,16:00:00,43.448,43.739,43.448,43.739,398,0
2017-04-10,18:00:00,43.587,43.587,43.505,43.554,699,0
2017-04-10,21:00:00,43.537,43.557,43.517,43.517,1719,0
2017-04-11,16:00:00,43.745,43.745,43.745,43.745,177,0
2017-04-11,17:00:00,43.795,43.804,43.795,43.804,2291,0
2017-04-11,18:00:00,43.804,43.923,43.804,43.923,6027,0
2017-04-11,19:00:00,43.824,44.051,43.824,43.992,515,0
2017-04-11,20:00:00,43.844,43.943,43.824,43.943,3236,0
2017-04-11,21:00:00,43.953,44.102,43.884,44.102,3533,0
2017-04-12,16:00:00,43.903,44.081,43.903,44.062,2224,0
2017-04-12,17:00:00,44.052,44.06,44.032,44.06,3923,0
2017-04-12,18:00:00,44.15,44.16,44.15,44.16,1638,0
2017-04-12,19:00:00,44.12,44.125,44.016,44.016,3549,0
2017-04-12,21:00:00,43.824,43.824,43.824,43.824,592,0
2017-04-12,22:00:00,43.943,43.943,43.943,43.943,207,0
2017-04-13,21:00:00,43.847,43.847,43.847,43.847,176,0
2017-04-13,22:00:00,44.13,44.13,43.875,43.923,754,0
2017-04-17,16:00:00,44.032,44.032,44.032,44.032,329,0
2017-04-17,19:00:00,44.123,44.123,44.123,44.123,262,0
2017-04-17,20:00:00,44.147,44.147,44.147,44.147,287,0
2017-04-17,22:00:00,44.288,44.288,44.288,44.288,106,0
2017-04-18,16:00:00,44.487,44.487,44.421,44.441,326,0
2017-04-18,17:00:00,44.288,44.288,44.288,44.288,140,0
2017-04-18,19:00:00,44.236,44.236,44.236,44.236,111,0
2017-04-18,20:00:00,44.378,44.378,44.378,44.378,101,0
2017-04-18,21:00:00,44.506,44.506,44.506,44.506,176,0
2017-04-18,22:00:00,44.408,44.408,44.408,44.408,101,0
2017-04-19,18:00:00,44.298,44.57,44.111,44.57,6065,0
2017-04-19,19:00:00,44.26,44.26,44.26,44.26,333,0
2017-04-19,21:00:00,44.358,44.358,44.177,44.31,2476,0
2017-04-20,17:00:00,44.314,44.378,44.314,44.378,317,0
2017-04-20,19:00:00,44.368,44.378,44.333,44.333,1352,0
2017-04-20,20:00:00,44.278,44.278,44.278,44.278,232,0
2017-04-20,21:00:00,44.24,44.24,44.24,44.24,202,0
2017-04-21,21:00:00,44.208,44.208,44.132,44.132,243,0
2017-04-21,22:00:00,44.122,44.122,44.122,44.122,101,0
2017-04-24,16:00:00,44.26,44.26,44.26,44.26,258,0
2017-04-25,16:00:00,44.081,44.111,44.081,44.111,718,0
2017-04-25,17:00:00,44.054,44.054,44.054,44.054,586,0
2017-04-25,19:00:00,44.071,44.086,44.071,44.086,582,0
2017-04-25,21:00:00,44.118,44.118,44.118,44.118,242,0
2017-04-25,22:00:00,44.288,44.368,44.288,44.298,7395,0
2017-04-26,18:00:00,44.032,44.279,43.962,44.057,36307,0
2017-04-26,21:00:00,44.124,44.124,44.124,44.124,151,0
2017-04-26,22:00:00,44.198,44.267,44.002,44.002,1359,0
2017-04-27,16:00:00,43.923,43.923,43.675,43.675,2933,0
2017-04-27,17:00:00,44.062,44.12,43.857,44.12,1837,0
2017-04-27,18:00:00,44.248,44.248,44.248,44.248,455,0
2017-04-27,19:00:00,43.933,43.933,43.933,43.933,182,0
2017-04-27,22:00:00,43.995,43.995,43.913,43.927,2885,0
2017-04-28,17:00:00,43.715,43.715,43.448,43.448,607,0
2017-04-28,18:00:00,43.382,43.497,43.382,43.488,675,0
2017-04-28,21:00:00,43.488,43.488,43.438,43.438,1109,0
2017-04-28,22:00:00,43.408,43.418,43.369,43.369,538,0
2017-05-01,16:00:00,43.102,43.102,43.102,43.102,237,0
2017-05-01,17:00:00,43.488,43.517,43.488,43.517,329,0
2017-05-02,16:00:00,43.972,43.972,43.972,43.972,1011,0
2017-05-02,17:00:00,43.893,43.903,43.741,43.903,631,0
2017-05-02,18:00:00,43.923,43.923,43.923,43.923,101,0
2017-05-02,20:00:00,43.921,43.927,43.921,43.927,575,0
2017-05-02,22:00:00,43.745,43.775,43.745,43.775,503,0
2017-05-03,17:00:00,43.614,43.614,43.425,43.425,413,0
2017-05-03,18:00:00,43.428,43.428,43.424,43.424,1092,0
2017-05-03,19:00:00,43.428,43.48,43.428,43.48,369,0
2017-05-04,16:00:00,43.023,43.023,43.023,43.023,505,0
2017-05-04,17:00:00,42.984,43.171,42.984,43.171,277,0
2017-05-04,19:00:00,42.984,43.115,42.984,43.115,405,0
2017-05-04,20:00:00,43.142,43.142,43.122,43.122,405,0
2017-05-04,21:00:00,43.122,43.245,43.121,43.121,2283,0
2017-05-04,22:00:00,43.32,43.349,43.27,43.349,1552,0
2017-05-05,17:00:00,43.438,43.497,43.438,43.464,1035,0
2017-05-05,22:00:00,43.507,43.577,43.249,43.249,1593,0
2017-05-08,18:00:00,43.22,43.26,43.22,43.26,405,0
2017-05-08,21:00:00,43.383,43.383,43.383,43.383,122,0
2017-05-08,22:00:00,43.435,43.448,43.405,43.44,7574,0
2017-05-09,17:00:00,43.389,43.389,43.324,43.324,202,0
2017-05-09,18:00:00,43.369,43.374,43.369,43.374,202,0
2017-05-09,20:00:00,43.215,43.215,43.185,43.185,955,0
2017-05-09,21:00:00,43.264,43.264,43.264,43.264,172,0
2017-05-10,16:00:00,43.154,43.154,43.154,43.154,355,0
2017-05-10,19:00:00,43.422,43.422,43.422,43.422,476,0
2017-05-10,21:00:00,43.608,43.608,43.608,43.608,468,0
2017-05-10,22:00:00,43.339,43.339,43.339,43.339,225,0
2017-05-11,18:00:00,43.13,43.13,43.13,43.13,134,0
2017-05-11,19:00:00,43.107,43.107,43.107,43.107,283,0
2017-05-11,21:00:00,43.28,43.28,43.277,43.277,533,0
2017-05-12,21:00:00,43.215,43.22,43.215,43.22,1308,0
2017-05-12,22:00:00,43.27,43.27,43.24,43.24,202,0
2017-05-15,21:00:00,44.012,44.012,44.012,44.012,315,0
2017-05-15,22:00:00,43.814,43.814,43.814,43.814,101,0
2017-05-16,16:00:00,43.468,43.468,42.974,42.974,213,0
2017-05-16,17:00:00,43.23,43.295,42.989,43.23,7096,0
2017-05-16,19:00:00,43.23,43.23,43.23,43.23,160,0
2017-05-16,21:00:00,42.993,43.08,42.993,43.08,332,0
2017-05-16,22:00:00,43.237,43.237,43.237,43.237,159,0
2017-05-17,16:00:00,42.831,43.343,42.831,43.343,1069,0
2017-05-17,18:00:00,43.224,43.224,43.224,43.224,480,0
2017-05-17,20:00:00,43.31,43.31,43.31,43.31,5460,0
2017-05-17,21:00:00,43.31,43.359,43.26,43.27,1982,0
2017-05-18,16:00:00,43.062,43.552,42.326,42.326,1594,0
2017-05-18,17:00:00,43.414,43.426,43.271,43.426,1449,0
2017-05-18,18:00:00,43.562,43.562,43.23,43.23,452,0
2017-05-18,20:00:00,43.369,43.369,43.369,43.369,662,0
2017-05-18,21:00:00,43.187,43.409,43.187,43.307,1849,0
2017-05-18,22:00:00,43.302,43.317,43.302,43.317,453,0
2017-05-19,16:00:00,43.27,43.27,43.27,43.27,101,0
2017-05-19,17:00:00,43.488,43.597,43.413,43.413,7801,0
2017-05-19,18:00:00,43.482,43.543,43.448,43.543,1638,0
2017-05-19,20:00:00,43.567,43.567,43.567,43.567,101,0
2017-05-22,18:00:00,43.716,43.716,43.716,43.716,226,0
2017-05-22,20:00:00,43.705,43.705,43.675,43.675,62351,0
2017-05-22,21:00:00,43.707,43.707,43.707,43.707,371,0
2017-05-23,16:00:00,43.844,43.859,43.844,43.859,429,0
2017-05-23,19:00:00,43.863,43.863,43.77,43.77,1092,0
2017-05-23,20:00:00,43.75,43.843,43.75,43.843,4928,0
2017-05-23,21:00:00,43.783,43.783,43.783,43.783,214,0
2017-05-23,22:00:00,43.755,43.755,43.755,43.755,138,0
2017-05-24,17:00:00,43.925,43.925,43.925,43.925,139,0
2017-05-24,19:00:00,43.836,43.836,43.836,43.836,1255,0
2017-05-24,22:00:00,44.135,44.135,44.135,44.135,165,0
2017-05-25,19:00:00,43.959,44.173,43.959,44.173,434,0
2017-05-25,21:00:00,44.133,44.133,44.133,44.133,523,0
2017-05-26,16:00:00,43.943,44.23,43.863,43.863,988,0
2017-05-26,18:00:00,43.795,43.803,43.795,43.803,615,0
2017-05-26,21:00:00,43.727,43.727,43.727,43.727,759,0
2017-05-26,22:00:00,43.795,43.943,43.735,43.735,3832,0
2017-05-30,16:00:00,43.735,43.735,43.735,43.735,117,0
2017-05-30,17:00:00,43.765,43.765,43.765,43.765,202,0
2017-05-30,18:00:00,43.844,43.844,43.844,43.844,405,0
2017-05-31,16:00:00,43.913,44.042,43.804,43.804,604,0
2017-05-31,17:00:00,43.834,43.834,43.684,43.684,320,0
2017-05-31,18:00:00,43.719,43.719,43.719,43.719,438,0
2017-05-31,20:00:00,43.863,43.863,43.765,43.765,779,0
2017-05-31,21:00:00,43.886,43.886,43.755,43.883,887,0
2017-05-31,22:00:00,43.824,43.824,43.752,43.804,627,0
2017-06-01,20:00:00,43.788,44.348,43.788,44.348,12507,0
2017-06-01,21:00:00,43.851,44.042,43.851,43.851,1054,0
2017-06-01,22:00:00,43.804,43.853,43.804,43.853,202,0
2017-06-02,16:00:00,44.318,44.477,44.318,44.477,2337,0
2017-06-02,17:00:00,44.496,44.496,44.496,44.496,112,0
2017-06-02,18:00:00,44.566,44.625,44.566,44.625,303,0
2017-06-02,19:00:00,44.744,44.744,44.685,44.685,10179,0
2017-06-02,21:00:00,44.546,44.546,44.546,44.546,639,0
2017-06-02,22:00:00,44.429,44.586,44.429,44.496,5140,0
2017-06-05,16:00:00,44.308,44.308,44.23,44.23,391,0
2017-06-05,18:00:00,44.25,44.25,44.25,44.25,303,0
2017-06-05,21:00:00,44.328,44.328,44.328,44.328,142,0
2017-06-06,16:00:00,44.466,44.466,44.06,44.06,247,0
2017-06-06,19:00:00,44.315,44.326,44.315,44.326,1158,0
2017-06-06,20:00:00,44.333,44.333,44.329,44.329,624,0
2017-06-06,21:00:00,44.286,44.446,44.286,44.446,994,0
2017-06-07,17:00:00,44.398,44.398,44.398,44.398,340,0
2017-06-07,18:00:00,44.462,44.462,44.462,44.462,1227,0
2017-06-07,19:00:00,44.427,44.427,44.427,44.427,101,0
2017-06-07,21:00:00,44.467,44.477,44.467,44.477,357,0
2017-06-07,22:00:00,44.478,44.478,44.478,44.478,119,0
2017-06-08,16:00:00,44.101,44.101,44.101,44.101,101,0
2017-06-08,19:00:00,44.288,44.348,44.268,44.315,836,0
2017-06-08,20:00:00,44.308,44.318,44.308,44.318,303,0
2017-06-08,21:00:00,44.316,44.316,44.316,44.316,213,0
2017-06-08,22:00:00,44.306,44.306,44.306,44.306,598,0
2017-06-09,16:00:00,44.418,44.418,44.418,44.418,202,0
2017-06-09,17:00:00,44.408,44.408,44.408,44.408,101,0
2017-06-09,18:00:00,44.398,44.457,44.397,44.457,401,0
2017-06-09,19:00:00,44.526,44.526,44.496,44.496,202,0
2017-06-09,20:00:00,44.467,44.467,44.467,44.467,101,0
2017-06-09,21:00:00,44.566,44.566,44.566,44.566,101,0
2017-06-09,22:00:00,44.487,44.496,44.44,44.496,958,0
2017-06-12,16:00:00,44.457,44.457,44.457,44.457,1037,0
2017-06-12,17:00:00,44.546,44.546,44.546,44.546,101,0
2017-06-12,18:00:00,44.546,44.546,44.467,44.467,207,0
2017-06-12,19:00:00,44.506,44.638,44.482,44.482,462,0
2017-06-12,20:00:00,44.645,44.645,44.566,44.566,202,0
2017-06-12,21:00:00,44.675,44.675,44.585,44.585,303,0
2017-06-12,22:00:00,44.585,44.655,44.585,44.655,202,0
2017-06-13,17:00:00,44.753,44.753,44.743,44.743,202,0
2017-06-13,19:00:00,44.783,44.817,44.783,44.817,982,0
2017-06-13,20:00:00,44.956,44.956,44.803,44.905,868,0
2017-06-13,21:00:00,44.858,44.858,44.833,44.843,607,0
2017-06-13,22:00:00,44.873,44.883,44.853,44.853,1338,0
2017-06-14,17:00:00,45.256,45.256,45.097,45.211,707,0
2017-06-14,18:00:00,44.962,44.962,44.962,44.962,132,0
2017-06-14,21:00:00,45.539,45.539,45.539,45.539,1011,0
2017-06-15,16:00:00,44.74,44.74,44.74,44.74,142,0
2017-06-15,18:00:00,45.082,45.082,44.912,44.912,341,0
2017-06-15,19:00:00,44.986,44.986,44.918,44.918,547,0
2017-06-15,22:00:00,45.095,45.095,45.095,45.095,121,0
2017-06-16,22:00:00,44.991,45.081,44.991,45.081,531,0
2017-06-19,17:00:00,44.842,44.842,44.842,44.842,111,0
2017-06-19,19:00:00,44.997,44.997,44.997,44.997,314,0
2017-06-20,16:00:00,44.833,44.833,44.833,44.833,101,0
2017-06-20,18:00:00,44.595,44.595,44.595,44.595,101,0
2017-06-20,19:00:00,44.576,44.645,44.576,44.58,2842,0
2017-06-20,21:00:00,44.576,44.576,44.576,44.576,707,0
2017-06-20,22:00:00,44.576,44.595,44.576,44.595,3236,0
2017-06-21,22:00:00,44.54,44.54,44.376,44.376,443,0
2017-06-22,19:00:00,44.341,44.341,44.279,44.279,554,0
2017-06-22,21:00:00,44.474,44.474,44.364,44.364,402,0
2017-06-22,22:00:00,44.419,44.513,44.404,44.464,3114,0
2017-06-23,16:00:00,44.872,44.872,44.872,44.872,132,0
2017-06-23,18:00:00,44.769,44.769,44.769,44.769,151,0
2017-06-23,22:00:00,44.812,44.812,44.812,44.812,100,0
2017-06-26,16:00:00,44.712,44.712,44.712,44.712,196,0
2017-06-26,17:00:00,44.663,44.73,44.663,44.7,703,0
2017-06-26,19:00:00,44.785,45.044,44.785,45.044,537,0
2017-06-26,20:00:00,45.11,45.11,44.954,44.954,402,0
2017-06-26,22:00:00,44.75,44.75,44.75,44.75,335,0
2017-06-27,18:00:00,44.792,44.792,44.792,44.792,603,0
2017-06-27,19:00:00,44.79,44.79,44.742,44.742,502,0
2017-06-27,21:00:00,44.751,44.751,44.751,44.751,100,0
2017-06-28,16:00:00,44.683,44.683,44.504,44.597,1039,0
2017-06-28,18:00:00,44.727,44.727,44.354,44.354,3631,0
2017-06-28,19:00:00,44.845,44.887,44.583,44.887,668,0
2017-06-28,20:00:00,44.792,44.792,44.792,44.792,426,0
2017-06-28,22:00:00,44.563,44.795,44.563,44.706,311,0
2017-06-29,16:00:00,44.146,44.146,44.146,44.146,2813,0
2017-06-29,18:00:00,44.435,44.435,44.357,44.357,281,0
2017-06-29,19:00:00,44.354,44.354,44.2,44.2,275,0
2017-06-29,20:00:00,44.169,44.169,44.169,44.169,840,0
2017-06-29,21:00:00,44.225,44.225,44.215,44.225,538,0
2017-06-29,22:00:00,44.193,44.255,44.193,44.255,623,0
2017-06-30,16:00:00,44.294,44.294,44.294,44.294,112,0
2017-06-30,17:00:00,44.188,44.242,44.188,44.242,481,0
2017-06-30,18:00:00,44.241,44.241,44.241,44.241,144,0
2017-06-30,19:00:00,44.185,44.185,44.185,44.185,100,0
2017-06-30,21:00:00,43.991,44.027,43.991,44.027,1155,0
2017-06-30,22:00:00,44.078,44.215,44.056,44.095,3284,0
2017-07-03,16:00:00,43.946,44.11,43.946,44.105,3717,0
2017-07-03,17:00:00,44.105,44.14,43.956,44.095,6028,0
2017-07-03,18:00:00,44.095,44.334,44.095,44.334,6530,0
2017-07-03,19:00:00,44.275,44.394,44.205,44.394,7422,0
2017-07-05,16:00:00,44.006,44.006,43.976,43.976,201,0
2017-07-05,17:00:00,44.041,44.041,44.041,44.041,140,0
2017-07-05,18:00:00,43.986,44.018,43.976,43.978,1085,0
2017-07-05,19:00:00,43.946,44.014,43.946,43.956,890,0
2017-07-05,20:00:00,44.135,44.135,43.976,43.976,8909,0
2017-07-05,21:00:00,44.036,44.036,43.896,43.896,369,0
2017-07-05,22:00:00,43.916,43.966,43.916,43.966,4746,0
2017-07-06,17:00:00,43.892,43.892,43.892,43.892,181,0
2017-07-06,18:00:00,43.768,43.768,43.768,43.768,238,0
2017-07-06,20:00:00,43.586,43.586,43.586,43.586,238,0
2017-07-06,21:00:00,43.827,43.827,43.827,43.827,204,0
2017-07-07,18:00:00,43.428,43.428,43.428,43.428,296,0
2017-07-07,19:00:00,43.384,43.384,43.384,43.384,121,0
2017-07-07,21:00:00,43.369,43.472,43.369,43.459,1281,0
2017-07-07,22:00:00,43.454,43.602,43.454,43.543,728,0
2017-07-10,16:00:00,43.598,43.598,43.598,43.598,100,0
2017-07-10,18:00:00,43.46,43.46,43.46,43.46,100,0
2017-07-10,19:00:00,43.588,43.588,43.588,43.588,100,0
2017-07-10,21:00:00,43.677,43.677,43.369,43.369,432,0
2017-07-10,22:00:00,43.239,43.239,43.239,43.239,201,0
2017-07-11,17:00:00,43.007,43.007,43.007,43.007,100,0
2017-07-11,21:00:00,43.048,43.048,43.048,43.048,126,0
2017-07-11,22:00:00,43.299,43.299,43.299,43.299,30687,0
2017-07-12,17:00:00,43.606,43.606,43.606,43.606,207,0
2017-07-12,18:00:00,43.647,43.647,43.588,43.618,4923,0
2017-07-12,19:00:00,43.647,43.647,43.642,43.647,4320,0
2017-07-12,20:00:00,43.647,43.647,43.608,43.618,4119,0
2017-07-12,21:00:00,43.605,43.657,43.605,43.657,958,0
2017-07-12,22:00:00,43.647,43.647,43.608,43.608,502,0
2017-07-13,18:00:00,43.747,43.747,43.747,43.747,157,0
2017-07-14,16:00:00,44.026,44.026,44.026,44.026,648,0
2017-07-14,17:00:00,44.085,44.085,44.085,44.085,397,0
2017-07-14,18:00:00,44.195,44.195,44.051,44.051,372,0
2017-07-14,20:00:00,44.153,44.215,44.11,44.175,1277,0
2017-07-14,22:00:00,44.225,44.225,44.222,44.222,907,0
2017-07-17,16:00:00,44.185,44.185,44.185,44.185,357,0
2017-07-17,17:00:00,44.338,44.338,44.338,44.338,100,0
2017-07-17,20:00:00,44.354,44.374,44.354,44.374,603,0
2017-07-17,21:00:00,44.384,44.384,44.384,44.384,256,0
2017-07-17,22:00:00,44.354,44.354,44.354,44.354,201,0
2017-07-18,16:00:00,44.563,44.563,44.563,44.563,402,0
2017-07-18,17:00:00,44.444,44.444,44.444,44.444,113,0
2017-07-18,19:00:00,44.357,44.463,44.344,44.344,1431,0
2017-07-18,20:00:00,44.504,44.504,44.504,44.504,113,0
2017-07-18,21:00:00,44.374,44.405,44.374,44.405,307,0
2017-07-18,22:00:00,44.439,44.45,44.408,44.424,1057,0
2017-07-19,17:00:00,44.63,44.712,44.523,44.533,2555,0
2017-07-19,18:00:00,44.543,44.742,44.543,44.742,703,0
2017-07-19,20:00:00,44.722,44.772,44.722,44.737,11266,0
2017-07-19,21:00:00,44.762,44.772,44.75,44.772,502,0
2017-07-19,22:00:00,44.782,44.971,44.782,44.971,626,0
2017-07-20,16:00:00,44.802,44.802,44.802,44.802,100,0
2017-07-20,20:00:00,44.78,44.78,44.78,44.78,228,0
2017-07-20,21:00:00,44.693,44.802,44.693,44.802,515,0
2017-07-20,22:00:00,44.765,44.802,44.765,44.802,504,0
2017-07-21,16:00:00,44.772,44.772,44.772,44.772,402,0
2017-07-21,17:00:00,44.795,44.795,44.795,44.795,117,0
2017-07-21,18:00:00,44.533,44.533,44.533,44.533,201,0
2017-07-21,20:00:00,44.523,44.523,44.523,44.523,299,0
2017-07-21,21:00:00,44.581,44.602,44.549,44.549,1834,0
2017-07-24,18:00:00,44.517,44.517,44.517,44.517,1196,0
2017-07-25,17:00:00,44.832,44.832,44.832,44.832,260,0
2017-07-25,18:00:00,44.832,44.832,44.832,44.832,100,0
2017-07-25,21:00:00,44.822,44.822,44.653,44.751,633,0
2017-07-25,22:00:00,44.673,44.722,44.673,44.722,201,0
2017-07-26,16:00:00,44.673,44.673,44.673,44.673,402,0
2017-07-26,17:00:00,44.688,44.688,44.673,44.673,735,0
2017-07-26,18:00:00,44.802,44.802,44.802,44.802,100,0
2017-07-26,19:00:00,44.78,44.792,44.745,44.758,909,0
2017-07-26,20:00:00,44.772,44.772,44.772,44.772,201,0
2017-07-26,21:00:00,45.041,45.041,45.041,45.041,100,0
2017-07-26,22:00:00,44.937,44.991,44.918,44.918,780,0
2017-07-27,16:00:00,45.051,45.051,45.051,45.051,100,0
2017-07-27,22:00:00,44.956,45.044,44.956,45.044,840,0
2017-07-28,16:00:00,45.827,45.827,45.827,45.827,123,0
2017-07-28,18:00:00,44.893,44.893,44.893,44.893,121,0
2017-07-28,19:00:00,45.311,45.311,45.25,45.25,598,0
2017-07-28,21:00:00,44.869,44.879,44.869,44.879,668,0
2017-07-31,16:00:00,45.081,45.081,45.081,45.081,804,0
2017-07-31,18:00:00,44.792,44.8,44.792,44.8,301,0
2017-07-31,19:00:00,44.802,44.802,44.802,44.802,100,0
2017-07-31,20:00:00,44.802,44.802,44.802,44.802,100,0
2017-07-31,21:00:00,44.77,44.812,44.77,44.812,408,0
2017-07-31,22:00:00,44.879,45.021,44.879,45.021,317,0
2017-08-01,16:00:00,45.26,45.26,45.26,45.26,402,0
2017-08-01,18:00:00,44.981,44.981,44.981,44.981,100,0
2017-08-01,19:00:00,45.061,45.061,45.061,45.061,100,0
2017-08-01,21:00:00,45.131,45.331,45.13,45.13,589,0
2017-08-02,17:00:00,45.031,45.031,45.021,45.031,1005,0
2017-08-03,16:00:00,45.141,45.141,45.141,45.141,402,0
2017-08-03,17:00:00,45.17,45.21,45.004,45.004,3502,0
2017-08-03,19:00:00,45.061,45.061,45.061,45.061,100,0
2017-08-03,20:00:00,45.127,45.35,45.001,45.001,302,0
2017-08-03,21:00:00,45.34,45.34,45.207,45.34,962,0
2017-08-03,22:00:00,45.34,45.34,44.991,45.101,603,0
2017-08-04,16:00:00,45.569,45.788,45.35,45.35,3361,0
2017-08-04,18:00:00,45.142,45.548,45.142,45.548,680,0
2017-08-04,19:00:00,45.101,45.101,45.101,45.101,201,0
2017-08-04,21:00:00,45.251,45.554,45.121,45.146,6381,0
2017-08-04,22:00:00,45.101,45.554,45.101,45.22,447,0
2017-08-07,16:00:00,45.071,45.081,45.071,45.081,703,0
2017-08-07,19:00:00,45.006,45.011,45.006,45.011,301,0
2017-08-07,22:00:00,45.001,45.011,45.001,45.011,201,0
2017-08-08,16:00:00,45.061,45.081,45.061,45.081,603,0
2017-08-08,18:00:00,44.892,45.13,44.852,44.852,235109,0
2017-08-08,19:00:00,45.111,45.111,45.001,45.001,363,0
2017-08-08,20:00:00,44.956,44.956,44.852,44.852,201,0
2017-08-08,21:00:00,45.041,45.041,44.916,45.021,395,0
2017-08-08,22:00:00,45.011,45.011,44.892,44.971,708,0
2017-08-09,16:00:00,44.981,44.981,44.981,44.981,665,0
2017-08-09,19:00:00,44.665,44.665,44.665,44.665,201,0
2017-08-09,21:00:00,45.041,45.041,45.041,45.041,100,0
2017-08-09,22:00:00,44.663,44.663,44.663,44.663,201,0
2017-08-10,16:00:00,44.653,44.653,44.653,44.653,693,0
2017-08-10,18:00:00,44.765,44.765,44.765,44.765,121,0
2017-08-10,20:00:00,44.545,44.574,44.424,44.574,2223,0
2017-08-10,21:00:00,44.496,44.496,44.496,44.496,337,0
2017-08-10,22:00:00,44.644,44.644,44.644,44.644,145,0
2017-08-11,16:00:00,44.494,44.494,44.494,44.494,402,0
2017-08-11,17:00:00,44.195,44.195,44.095,44.095,452,0
2017-08-11,18:00:00,44.185,44.185,44.185,44.185,201,0
2017-08-11,19:00:00,44.766,44.766,44.766,44.766,553,0
2017-08-11,20:00:00,44.175,44.175,44.175,44.175,201,0
2017-08-11,21:00:00,44.115,44.115,44.115,44.115,141,0
2017-08-11,22:00:00,44.205,44.205,44.205,44.205,100,0
2017-08-14,16:00:00,44.484,44.725,44.414,44.725,31199,0
2017-08-14,17:00:00,44.651,44.752,44.651,44.752,1044,0
2017-08-14,18:00:00,44.673,44.673,44.673,44.673,100,0
2017-08-14,20:00:00,44.683,44.683,44.683,44.683,100,0
2017-08-14,21:00:00,44.795,44.795,44.795,44.795,100,0
2017-08-15,17:00:00,44.752,44.752,44.752,44.752,121,0
2017-08-15,18:00:00,44.374,44.374,44.374,44.374,201,0
2017-08-15,19:00:00,44.641,44.641,44.603,44.603,412,0
2017-08-15,20:00:00,44.493,44.493,44.493,44.493,529,0
2017-08-15,21:00:00,44.394,44.394,44.394,44.394,167,0
2017-08-15,22:00:00,44.403,44.43,44.403,44.43,1364,0
2017-08-16,16:00:00,44.752,44.752,44.752,44.752,402,0
2017-08-16,17:00:00,44.925,44.925,44.925,44.925,210,0
2017-08-16,18:00:00,44.778,44.778,44.716,44.716,291,0
2017-08-16,19:00:00,44.72,44.722,44.72,44.722,475,0
2017-08-16,21:00:00,44.742,44.922,44.742,44.863,2130,0
2017-08-17,18:00:00,44.722,44.722,44.722,44.722,201,0
2017-08-17,19:00:00,44.634,44.634,44.634,44.634,504,0
2017-08-17,20:00:00,44.65,44.65,44.613,44.613,581,0
2017-08-17,22:00:00,44.553,44.634,44.448,44.454,2373,0
2017-08-18,16:00:00,44.593,44.593,44.593,44.593,249,0
2017-08-18,18:00:00,44.431,44.431,44.431,44.431,251,0
2017-08-18,19:00:00,44.347,44.347,44.251,44.251,456,0
2017-08-18,20:00:00,44.294,44.535,44.294,44.535,879,0
2017-08-18,21:00:00,44.534,44.534,44.534,44.534,502,0
2017-08-18,22:00:00,44.603,44.603,44.523,44.523,25812,0
2017-08-21,16:00:00,44.454,44.454,44.125,44.235,1471,0
2017-08-21,17:00:00,44.553,44.553,44.553,44.553,100,0
2017-08-21,18:00:00,44.494,44.494,44.494,44.494,201,0
2017-08-21,19:00:00,44.583,44.583,44.583,44.583,100,0
2017-08-21,20:00:00,44.483,44.712,44.483,44.712,1322,0
2017-08-21,21:00:00,44.459,44.459,44.459,44.459,100,0
2017-08-21,22:00:00,44.712,44.712,44.712,44.712,201,0
2017-08-22,16:00:00,44.782,44.782,44.782,44.782,400,0
2017-08-22,19:00:00,44.685,44.685,44.533,44.543,1207,0
2017-08-22,20:00:00,44.716,44.775,44.716,44.775,819,0
2017-08-22,22:00:00,44.63,44.63,44.538,44.583,1306,0
2017-08-23,16:00:00,44.583,44.663,44.583,44.663,502,0
2017-08-23,17:00:00,44.683,44.683,44.683,44.683,100,0
2017-08-23,18:00:00,44.762,44.812,44.762,44.812,301,0
2017-08-23,20:00:00,44.762,44.817,44.762,44.817,603,0
2017-08-23,22:00:00,44.833,44.833,44.833,44.833,177,0
2017-08-24,16:00:00,45.26,45.26,45.26,45.26,100,0
2017-08-24,17:00:00,45.119,45.119,45.119,45.119,452,0
2017-08-24,18:00:00,45.011,45.061,44.842,44.871,755,0
2017-08-24,20:00:00,44.971,44.971,44.971,44.971,100,0
2017-08-24,21:00:00,44.992,44.992,44.931,44.931,330,0
2017-08-24,22:00:00,44.667,44.973,44.667,44.742,853,0
2017-08-25,16:00:00,44.772,44.772,44.732,44.762,601,0
2017-08-25,17:00:00,44.757,44.757,44.663,44.663,452,0
2017-08-25,18:00:00,44.703,44.703,44.681,44.681,1196,0
2017-08-25,19:00:00,44.781,44.781,44.703,44.703,244,0
2017-08-25,20:00:00,44.842,44.842,44.842,44.842,100,0
2017-08-25,21:00:00,44.742,44.764,44.705,44.705,753,0
2017-08-25,22:00:00,44.802,44.991,44.802,44.991,201,0
2017-08-28,16:00:00,44.842,44.892,44.842,44.892,2197,0
2017-08-28,17:00:00,44.872,44.911,44.832,44.832,703,0
2017-08-28,18:00:00,44.712,44.832,44.712,44.832,201,0
2017-08-28,19:00:00,44.643,44.643,44.643,44.643,100,0
2017-08-28,21:00:00,44.852,44.852,44.852,44.852,206,0
2017-08-28,22:00:00,44.653,44.653,44.653,44.653,100,0
2017-08-29,19:00:00,44.501,44.824,44.501,44.824,562,0
2017-08-29,21:00:00,44.892,44.892,44.48,44.741,1252,0
2017-08-29,22:00:00,44.533,44.742,44.533,44.658,576,0
2017-08-30,16:00:00,44.593,44.636,44.533,44.533,722,0
2017-08-30,17:00:00,44.603,44.693,44.593,44.693,402,0
2017-08-30,18:00:00,44.613,44.613,44.553,44.553,201,0
2017-08-30,20:00:00,44.603,44.603,44.603,44.603,201,0
2017-08-30,21:00:00,44.637,44.732,44.637,44.732,509,0
2017-08-30,22:00:00,44.812,44.812,44.812,44.812,100,0
2017-08-31,16:00:00,45.001,45.001,45.001,45.001,402,0
2017-08-31,17:00:00,45.041,45.041,45.001,45.001,484,0
2017-08-31,18:00:00,45.001,45.001,44.991,44.991,201,0
2017-08-31,20:00:00,45.041,45.041,44.991,44.991,201,0
2017-08-31,21:00:00,45.091,45.091,45.091,45.091,100,0
2017-08-31,22:00:00,45.2,45.245,45.131,45.16,1185,0
2017-09-01,16:00:00,47.206,47.206,47.206,47.206,201,0
2017-09-01,17:00:00,45.21,45.325,45.21,45.325,1406,0
2017-09-01,18:00:00,45.334,45.334,45.334,45.334,502,0
2017-09-01,19:00:00,45.374,45.379,45.25,45.25,1410,0
2017-09-01,20:00:00,45.311,45.389,45.311,45.389,484,0
2017-09-01,21:00:00,45.25,45.359,45.25,45.292,540,0
2017-09-01,22:00:00,45.33,45.34,45.235,45.235,402,0
2017-09-05,18:00:00,45.041,45.062,45.041,45.062,1485,0
2017-09-05,19:00:00,45.041,45.2,44.903,44.903,1095,0
2017-09-05,20:00:00,44.872,45.041,44.782,44.842,502,0
2017-09-05,21:00:00,44.936,44.981,44.936,44.981,914,0
2017-09-05,22:00:00,44.991,44.991,44.991,44.991,100,0
2017-09-06,18:00:00,45.19,45.19,45.16,45.16,201,0
2017-09-06,20:00:00,45.18,45.29,45.18,45.29,201,0
2017-09-06,21:00:00,45.24,45.24,45.091,45.091,231,0
2017-09-06,22:00:00,45.21,45.22,45.2,45.22,402,0
2017-09-07,16:00:00,45.369,45.429,45.369,45.429,502,0
2017-09-07,17:00:00,45.449,45.529,45.449,45.529,201,0
2017-09-07,18:00:00,45.3,45.3,45.3,45.3,301,0
2017-09-07,20:00:00,45.369,45.459,45.369,45.423,2582,0
2017-09-07,22:00:00,45.424,45.424,45.424,45.424,205,0
2017-09-08,16:00:00,45.539,45.598,45.539,45.598,1005,0
2017-09-08,17:00:00,45.598,45.638,45.598,45.638,804,0
2017-09-08,18:00:00,45.778,45.778,45.778,45.778,11747,0
2017-09-08,19:00:00,45.638,45.638,45.638,45.638,201,0
2017-09-08,20:00:00,45.638,45.887,45.638,45.887,301,0
2017-09-08,21:00:00,45.625,45.625,45.625,45.625,343,0
2017-09-08,22:00:00,45.698,45.708,45.559,45.708,718,0
2017-09-11,16:00:00,45.698,45.937,45.698,45.937,470,0
2017-09-11,17:00:00,45.957,45.957,45.937,45.937,201,0
2017-09-11,18:00:00,45.758,45.758,45.735,45.735,201,0
2017-09-11,19:00:00,45.847,45.957,45.783,45.947,1835,0
2017-09-11,20:00:00,45.957,45.957,45.957,45.957,169,0
2017-09-11,21:00:00,45.862,45.94,45.862,45.94,629,0
2017-09-11,22:00:00,45.957,46.006,45.957,46.006,6932,0
2017-09-12,16:00:00,46.016,46.016,46.016,46.016,100,0
2017-09-12,17:00:00,45.907,45.907,45.768,45.768,201,0
2017-09-12,18:00:00,45.607,45.758,45.575,45.575,470,0
2017-09-12,19:00:00,45.668,45.668,45.668,45.668,100,0
2017-09-12,20:00:00,45.638,45.638,45.638,45.638,100,0
2017-09-12,21:00:00,45.588,45.678,45.588,45.588,301,0
2017-09-12,22:00:00,45.499,45.628,45.449,45.628,301,0
2017-09-13,16:00:00,45.469,45.578,45.469,45.578,524,0
2017-09-13,17:00:00,45.499,45.499,45.409,45.409,201,0
2017-09-13,18:00:00,45.33,45.429,45.33,45.357,3225,0
2017-09-13,19:00:00,45.34,45.34,45.34,45.34,100,0
2017-09-13,22:00:00,45.3,45.3,45.17,45.18,638,0
2017-09-14,20:00:00,45.504,45.504,45.399,45.399,414,0
2017-09-14,22:00:00,45.569,45.569,45.569,45.569,100,0
2017-09-15,21:00:00,45.434,45.434,45.434,45.434,100,0
2017-09-15,22:00:00,45.69,45.738,45.648,45.728,3180,0
2017-09-18,16:00:00,46.056,46.056,46.056,46.056,100,0
2017-09-18,17:00:00,45.797,45.835,45.668,45.817,502,0
2017-09-18,18:00:00,45.618,45.618,45.618,45.618,100,0
2017-09-18,19:00:00,45.488,45.688,45.462,45.462,450,0
2017-09-18,20:00:00,45.569,45.658,45.559,45.658,853,0
2017-09-18,22:00:00,45.598,45.598,45.598,45.598,107,0
2017-09-19,16:00:00,45.569,45.569,45.569,45.569,402,0
2017-09-19,17:00:00,45.36,45.368,45.36,45.368,271,0
2017-09-19,18:00:00,45.359,45.439,45.268,45.439,8348,0
2017-09-19,20:00:00,45.34,45.439,45.34,45.439,201,0
2017-09-19,21:00:00,45.346,45.439,45.24,45.369,1450,0
2017-09-19,22:00:00,45.357,45.383,45.32,45.32,435,0
2017-09-20,17:00:00,45.25,45.25,45.15,45.15,3416,0
2017-09-20,19:00:00,45.409,45.459,45.26,45.459,402,0
2017-09-20,20:00:00,45.34,45.43,45.18,45.31,4886,0
2017-09-20,21:00:00,45.17,45.17,45.17,45.17,201,0
2017-09-20,22:00:00,45.061,45.25,45.061,45.25,8439,0
2017-09-21,16:00:00,45.07,46.57,45.07,46.57,505,0
2017-09-21,17:00:00,45.81,45.81,45.12,45.25,700,0
2017-09-21,19:00:00,45.2189,45.2189,45.2189,45.2189,143,0
2017-09-21,20:00:00,45.13,45.1524,45.13,45.1524,200,0
2017-09-21,21:00:00,45,45,45,45,100,0
2017-09-22,19:00:00,44.93,44.93,44.93,44.93,100,0
2017-09-22,20:00:00,45.153,45.153,45.153,45.153,111,0
2017-09-22,21:00:00,44.82,44.82,44.82,44.82,100,0
2017-09-25,16:00:00,44.79,44.94,44.79,44.94,440,0
2017-09-25,17:00:00,45.05,45.05,45.05,45.05,200,0
2017-09-25,18:00:00,44.97,44.97,44.852,44.852,288,0
2017-09-25,19:00:00,44.891,44.891,44.891,44.891,100,0
2017-09-25,21:00:00,44.914,44.914,44.914,44.914,450,0
2017-09-25,22:00:00,44.92,44.92,44.895,44.895,1171,0
2017-09-26,16:00:00,45.21,45.21,45.21,45.21,100,0
2017-09-26,17:00:00,45.07,45.07,45.07,45.07,100,0
2017-09-26,18:00:00,45.01,45.09,44.8671,45.09,1237,0
2017-09-26,19:00:00,44.9994,44.9994,44.9994,44.9994,106,0
2017-09-26,20:00:00,45.01,45.01,45.01,45.01,100,0
2017-09-26,21:00:00,45.05,45.05,45.05,45.05,100,0
2017-09-26,22:00:00,45.05,45.058,44.98,44.98,796,0
2017-09-27,16:00:00,44.81,44.81,44.81,44.81,100,0
2017-09-27,20:00:00,44.5667,44.5667,44.5,44.5,240,0
2017-09-27,22:00:00,44.6284,44.6284,44.6284,44.6284,120,0
2017-09-28,16:00:00,44.45,44.67,44.45,44.67,330,0
2017-09-28,17:00:00,44.61,44.61,44.61,44.61,100,0
2017-09-28,19:00:00,44.759,44.759,44.759,44.759,117,0
2017-09-28,22:00:00,44.62,44.73,44.62,44.73,240,0
2017-09-29,16:00:00,44.81,45,44.81,45,451,0
2017-09-29,17:00:00,44.87,44.8989,44.8601,44.8989,322,0
2017-09-29,18:00:00,44.8814,44.9764,44.8814,44.9764,1044,0
2017-09-29,19:00:00,44.9486,44.9486,44.9486,44.9486,156,0
2017-09-29,20:00:00,44.96,44.96,44.96,44.96,100,0
2017-09-29,21:00:00,44.82,44.82,44.82,44.82,100,0
2017-09-29,22:00:00,44.87,45.112,44.87,45.112,657,0
2017-10-02,16:00:00,46.865,47.19,45.03,45.03,300,0
2017-10-02,17:00:00,45.12,45.17,45.05,45.17,15200,0
2017-10-02,18:00:00,45.07,45.07,45.065,45.065,700,0
2017-10-02,19:00:00,45.065,45.07,44.85,45.07,1675,0
2017-10-02,20:00:00,45.07,45.07,45.065,45.07,1200,0
2017-10-02,21:00:00,45.07,45.07,44.76,44.84,26097,0
2017-10-02,22:00:00,44.84,45.04,44.83,44.88,8228,0
2017-10-03,16:00:00,45.08,45.08,45.08,45.08,100,0
2017-10-03,17:00:00,44.9604,44.97,44.9604,44.97,1489,0
2017-10-03,20:00:00,44.975,44.975,44.91,44.91,400,0
2017-10-03,21:00:00,45.021,45.021,44.869,44.869,907,0
2017-10-03,22:00:00,44.88,44.975,44.81,44.85,46700,0
2017-10-04,18:00:00,44.671,44.671,44.671,44.671,101,0
2017-10-04,22:00:00,44.89,45.14,44.89,45.0279,4207,0
2017-10-05,16:00:00,45.1579,45.1891,45.1579,45.1891,287,0
2017-10-05,17:00:00,45.1612,45.236,44.93,45,3398,0
2017-10-05,18:00:00,45.23,45.26,45.17,45.18,2044,0
2017-10-05,19:00:00,45.18,45.23,45.0899,45.18,2335,0
2017-10-05,21:00:00,45.11,45.11,45.01,45.01,429,0
2017-10-05,22:00:00,45.1,45.119,45.09,45.09,527,0
2017-10-06,16:00:00,44.89,44.89,44.78,44.86,1010,0
2017-10-06,17:00:00,44.82,44.88,44.69,44.818,6332,0
2017-10-06,18:00:00,44.869,45,44.818,44.99,1669,0
2017-10-06,19:00:00,44.929,44.929,44.929,44.929,353,0
2017-10-06,21:00:00,44.99,44.992,44.92,44.92,2370,0
2017-10-06,22:00:00,44.92,44.95,44.92,44.95,9100,0
2017-10-09,17:00:00,44.9369,45.15,44.93,45.0433,6449,0
2017-10-09,18:00:00,45.1,45.1,45.03,45.07,1942,0
2017-10-09,19:00:00,45.07,45.08,45.07,45.08,200,0
2017-10-09,20:00:00,45.0392,45.24,45.0091,45.1506,5136,0
2017-10-09,21:00:00,45.18,45.18,45.1174,45.16,322,0
2017-10-09,22:00:00,45.15,45.15,45.0399,45.095,3744,0
2017-10-10,16:00:00,45.16,45.44,45.16,45.44,907,0
2017-10-10,17:00:00,45.42,45.43,45.42,45.43,300,0
2017-10-10,18:00:00,45.34,45.34,45.31,45.31,200,0
2017-10-10,19:00:00,45.3176,45.3176,45.3176,45.3176,150,0
2017-10-10,21:00:00,45.28,45.28,45.17,45.25,2000,0
2017-10-10,22:00:00,45.22,45.26,45.22,45.26,757,0
2017-10-11,16:00:00,45.53,45.53,45.416,45.416,696,0
2017-10-11,17:00:00,45.336,45.336,45.336,45.336,159,0
2017-10-11,20:00:00,45.48,45.5,45.4593,45.4593,1785,0
2017-10-11,22:00:00,45.53,45.54,45.5056,45.5057,1350,0
2017-10-12,18:00:00,45.5497,45.5497,45.5497,45.5497,115,0
2017-10-12,19:00:00,45.595,45.595,45.595,45.595,200,0
2017-10-12,20:00:00,45.595,45.598,45.54,45.54,17324,0
2017-10-12,22:00:00,45.55,45.55,45.55,45.55,100,0
2017-10-13,18:00:00,45.85,45.85,45.85,45.85,100,0
2017-10-13,19:00:00,45.83,45.83,45.81,45.81,1700,0
2017-10-13,20:00:00,45.765,45.84,45.765,45.83,600,0
2017-10-13,21:00:00,45.83,45.84,45.83,45.84,800,0
2017-10-13,22:00:00,45.85,45.86,45.7058,45.8,4843,0
2017-10-16,16:00:00,45.77,45.77,45.77,45.77,801,0
2017-10-16,17:00:00,45.66,45.66,45.66,45.66,100,0
2017-10-16,19:00:00,45.65,45.65,45.65,45.65,100,0
2017-10-16,20:00:00,45.73,45.73,45.6621,45.6621,574,0
2017-10-16,21:00:00,45.63,45.63,45.63,45.63,100,0
2017-10-16,22:00:00,45.64,45.64,45.64,45.64,100,0
2017-10-17,16:00:00,45.54,45.54,45.54,45.54,1200,0
2017-10-17,18:00:00,45.6322,45.6322,45.6322,45.6322,183,0
2017-10-17,19:00:00,45.6473,45.6473,45.6473,45.6473,438,0
2017-10-17,20:00:00,45.649,45.649,45.55,45.578,2137,0
2017-10-18,19:00:00,45.765,45.765,45.765,45.765,100,0
2017-10-18,20:00:00,45.76,45.76,45.7412,45.7412,920,0
2017-10-18,21:00:00,45.74,45.74,45.74,45.74,100,0
2017-10-18,22:00:00,45.7467,45.7467,45.74,45.74,296,0
2017-10-19,17:00:00,45.43,45.43,45.43,45.43,643,0
2017-10-19,19:00:00,45.549,45.62,45.5,45.62,5469,0
2017-10-19,20:00:00,45.52,45.52,45.52,45.52,100,0
2017-10-19,21:00:00,45.63,45.63,45.5301,45.5301,300,0
2017-10-19,22:00:00,45.5001,45.5201,45.5001,45.5201,400,0
2017-10-20,16:00:00,45.44,45.44,45.44,45.44,450,0
2017-10-20,20:00:00,45.251,45.251,45.24,45.24,697,0
2017-10-20,21:00:00,45.275,45.32,45.23,45.32,10893,0
2017-10-20,22:00:00,45.31,45.31,45.283,45.283,267,0
2017-10-23,16:00:00,45.22,45.22,45.22,45.22,500,0
2017-10-23,19:00:00,45.03,45.03,45.03,45.03,100,0
2017-10-23,21:00:00,45.0368,45.0368,45.0124,45.0366,1689,0
2017-10-23,22:00:00,45.0116,45.0116,44.99,45.01,653,0
2017-10-24,18:00:00,44.9318,44.9318,44.82,44.82,440,0
2017-10-24,20:00:00,44.78,44.78,44.78,44.78,100,0
2017-10-24,21:00:00,44.9005,44.9005,44.9005,44.9005,293,0
2017-10-24,22:00:00,44.89,44.89,44.85,44.88,300,0
2017-10-25,16:00:00,44.7,44.85,44.7,44.85,329,0
2017-10-25,17:00:00,44.5945,44.5945,44.5945,44.5945,330,0
2017-10-25,18:00:00,44.555,44.555,44.555,44.555,141,0
2017-10-25,19:00:00,44.5347,44.585,44.5347,44.585,400,0
2017-10-25,21:00:00,44.61,44.62,44.61,44.62,214,0
2017-10-26,17:00:00,44.64,44.64,44.54,44.54,200,0
2017-10-26,18:00:00,44.53,44.53,44.53,44.53,100,0
2017-10-26,19:00:00,44.4794,44.53,44.441,44.487,2156,0
2017-10-26,20:00:00,44.505,44.51,44.443,44.443,310,0
2017-10-26,21:00:00,44.61,44.61,44.61,44.61,100,0
2017-10-27,16:00:00,44.45,44.45,44.43,44.43,437,0
2017-10-27,19:00:00,44.67,44.67,44.67,44.67,400,0
2017-10-27,20:00:00,44.59,44.67,44.59,44.67,200,0
2017-10-27,21:00:00,44.67,44.67,44.67,44.67,100,0
2017-10-27,22:00:00,44.68,44.7,44.68,44.69,444,0
2017-10-30,20:00:00,44.5984,44.5984,44.5984,44.5984,697,0
2017-10-30,21:00:00,44.645,44.645,44.55,44.55,1500,0
2017-10-31,15:00:00,44.59,44.6487,44.55,44.611,1907,0
2017-10-31,20:00:00,44.65,44.65,44.65,44.65,400,0
2017-10-31,21:00:00,44.6837,44.6837,44.675,44.675,3237,0
2017-11-01,18:00:00,44.7572,44.769,44.7572,44.769,252,0
2017-11-01,20:00:00,44.8347,44.8576,44.8347,44.8576,277,0
2017-11-02,16:00:00,44.97,44.9965,44.97,44.9965,1573,0
2017-11-02,17:00:00,45.0047,45.02,45.0047,45.02,212,0
2017-11-02,18:00:00,45.11,45.11,45.1,45.1,21332,0
2017-11-02,20:00:00,45.089,45.089,45.076,45.076,530,0
2017-11-03,18:00:00,45.05,45.115,45.05,45.115,11657,0
2017-11-03,19:00:00,45.0402,45.07,45.007,45.007,2185,0
2017-11-06,20:00:00,45.17,45.17,45.17,45.17,100,0
2017-11-06,21:00:00,45.1882,45.1882,45.1882,45.1882,107,0
2017-11-06,22:00:00,45.16,45.1773,45.16,45.1773,380,0
2017-11-07,16:00:00,45.22,45.275,45.1211,45.215,4583,0
2017-11-07,17:00:00,45.38,45.38,45.33,45.33,566,0
2017-11-07,18:00:00,45.2954,45.2954,45.2954,45.2954,308,0
2017-11-07,21:00:00,45.275,45.275,45.275,45.275,168,0
2017-11-07,22:00:00,45.365,45.44,45.33,45.44,2900,0
2017-11-08,19:00:00,45.5985,45.6075,45.585,45.6075,2444,0
2017-11-08,20:00:00,45.63,45.68,45.63,45.68,200,0
2017-11-09,18:00:00,45.56,45.624,45.56,45.624,3308,0
2017-11-09,19:00:00,45.591,45.591,45.57,45.57,299,0
2017-11-09,20:00:00,45.61,45.61,45.61,45.61,228,0
2017-11-09,21:00:00,45.666,45.666,45.666,45.666,177,0
2017-11-09,22:00:00,45.6737,45.7,45.673,45.673,774,0
2017-11-10,16:00:00,45.62,45.62,45.62,45.62,318,0
2017-11-10,18:00:00,45.7275,45.74,45.715,45.74,1900,0
2017-11-10,19:00:00,45.79,45.79,45.79,45.79,1077,0
2017-11-10,20:00:00,45.829,45.829,45.7,45.765,762,0
2017-11-10,22:00:00,45.83,45.83,45.83,45.83,100,0
2017-11-13,18:00:00,45.689,45.689,45.689,45.689,106,0
2017-11-13,19:00:00,45.63,45.63,45.63,45.63,471,0
2017-11-13,22:00:00,45.72,45.82,45.72,45.82,400,0
2017-11-14,16:00:00,45.74,45.84,45.74,45.84,1820,0
2017-11-14,17:00:00,45.7744,45.83,45.7,45.7,1854,0
2017-11-14,18:00:00,45.7188,45.7188,45.7188,45.7188,147,0
2017-11-14,20:00:00,45.7706,45.7706,45.7706,45.7706,105,0
2017-11-14,21:00:00,45.782,45.782,45.782,45.782,124,0
2017-11-15,16:00:00,45.65,45.65,45.65,45.65,200,0
2017-11-15,20:00:00,45.6,45.625,45.6,45.625,517,0
2017-11-15,21:00:00,45.555,45.555,45.555,45.555,368,0
2017-11-15,22:00:00,45.56,45.56,45.56,45.56,100,0
2017-11-16,16:00:00,45.46,45.475,45.46,45.475,1101,0
2017-11-16,17:00:00,45.48,45.62,45.48,45.62,6550,0
2017-11-16,18:00:00,45.67,45.69,45.67,45.69,488,0
2017-11-16,19:00:00,45.845,45.845,45.845,45.845,400,0
2017-11-16,21:00:00,45.8,45.825,45.8,45.825,800,0
2017-11-16,22:00:00,45.915,45.915,45.915,45.915,100,0
2017-11-17,16:00:00,45.67,45.89,45.67,45.88,2125,0
2017-11-17,19:00:00,45.737,45.737,45.737,45.737,295,0
2017-11-17,22:00:00,45.71,45.71,45.71,45.71,200,0
2017-11-20,16:00:00,45.71,45.71,45.71,45.71,220,0
2017-11-20,18:00:00,45.605,45.605,45.56,45.56,600,0
2017-11-20,19:00:00,45.56,45.56,45.56,45.56,258,0
2017-11-20,21:00:00,45.57,45.57,45.551,45.551,400,0
2017-11-21,20:00:00,45.85,45.85,45.85,45.85,300,0
2017-11-21,22:00:00,45.86,45.86,45.86,45.86,500,0
2017-11-22,16:00:00,45.93,45.93,45.93,45.93,324,0
2017-11-22,17:00:00,45.86,45.935,45.85,45.85,796,0
2017-11-22,18:00:00,45.82,45.82,45.77,45.77,534,0
2017-11-22,19:00:00,45.81,45.82,45.81,45.82,200,0
2017-11-22,21:00:00,45.9122,45.9122,45.9122,45.9122,445,0
2017-11-22,22:00:00,45.8214,45.8214,45.8214,45.8214,359,0
2017-11-24,16:00:00,46.01,46.01,46.01,46.01,656,0
2017-11-24,19:00:00,46.0148,46.09,46.0148,46.09,756,0
2017-11-27,16:00:00,46.01,46.01,46.01,46.01,100,0
2017-11-27,20:00:00,45.89,45.9183,45.89,45.9182,436,0
2017-11-28,17:00:00,45.84,45.84,45.56,45.6511,1407,0
2017-11-28,18:00:00,45.7103,45.7103,45.7103,45.7103,150,0
2017-11-28,19:00:00,45.6904,45.74,45.6904,45.74,515,0
2017-11-28,20:00:00,45.74,45.74,45.74,45.74,100,0
2017-11-28,22:00:00,45.7,45.7375,45.7,45.7,2420,0
2017-11-29,16:00:00,45.72,45.72,45.72,45.72,1130,0
2017-11-29,17:00:00,45.56,45.56,45.56,45.56,173,0
2017-11-29,18:00:00,45.58,45.58,45.58,45.58,100,0
2017-11-29,19:00:00,45.6,45.61,45.6,45.61,300,0
2017-11-29,20:00:00,45.605,45.605,45.605,45.605,200,0
2017-11-29,22:00:00,45.641,45.641,45.641,45.641,255,0
2017-11-30,16:00:00,45.988,45.988,45.988,45.988,850,0
2017-11-30,18:00:00,45.8727,45.8727,45.8727,45.8727,100,0
2017-11-30,20:00:00,45.8401,45.8401,45.8401,45.8401,1762,0
2017-11-30,21:00:00,45.81,45.81,45.74,45.74,697,0
2017-11-30,22:00:00,45.784,45.81,45.75,45.81,1288,0
2017-12-01,16:00:00,45.855,45.855,45.855,45.855,336,0
2017-12-01,17:00:00,45.85,45.8687,45.84,45.8687,1114,0
2017-12-01,18:00:00,45.756,45.7999,45.65,45.65,425,0
2017-12-01,19:00:00,45.62,45.65,45.62,45.65,300,0
2017-12-01,20:00:00,45.7765,45.9199,45.7765,45.9199,244,0
2017-12-01,22:00:00,45.9999,45.9999,45.9999,45.9999,100,0
2017-12-04,17:00:00,46,46,46,46,400,0
2017-12-04,18:00:00,45.8899,45.8899,45.8899,45.8899,372,0
2017-12-05,19:00:00,45.69,45.69,45.68,45.69,500,0
2017-12-05,22:00:00,45.65,45.67,45.65,45.67,218,0
2017-12-06,16:00:00,45.61,45.69,45.53,45.56,3838,0
2017-12-06,17:00:00,45.44,45.4991,45.43,45.43,542,0
2017-12-06,20:00:00,45.401,45.401,45.401,45.401,230,0
2017-12-06,22:00:00,45.4315,45.46,45.4315,45.46,883,0
