Date,Time,Open,High,Low,Close,Volume,OpenInt
2017-05-16,16:00:00,44.461,44.604,44.372,44.441,8057,0
2017-05-16,17:00:00,44.431,44.517,44.154,44.203,34090,0
2017-05-16,18:00:00,44.175,44.441,44.154,44.428,26568,0
2017-05-16,19:00:00,44.367,44.461,44.367,44.421,12251,0
2017-05-16,20:00:00,44.411,44.461,44.398,44.441,231882,0
2017-05-16,21:00:00,44.441,44.521,44.441,44.511,118210,0
2017-05-16,22:00:00,44.541,44.63,44.501,44.61,27948,0
2017-05-17,16:00:00,43.619,43.797,43.45,43.46,33550,0
2017-05-17,17:00:00,43.452,43.47,42.984,43.014,118294,0
2017-05-17,18:00:00,43.063,43.156,42.964,43.083,58815,0
2017-05-17,19:00:00,43.054,43.054,42.786,42.969,63413,0
2017-05-17,20:00:00,42.984,42.984,42.696,42.696,35343,0
2017-05-17,21:00:00,42.686,42.776,42.448,42.747,36959,0
2017-05-17,22:00:00,42.726,42.984,42.706,42.736,64339,0
2017-05-18,16:00:00,42.666,43.034,42.666,42.666,22004,0
2017-05-18,17:00:00,42.608,43.178,42.608,43.014,23716,0
2017-05-18,18:00:00,43.064,43.096,42.666,42.756,18812,0
2017-05-18,19:00:00,42.746,42.954,42.657,42.875,22937,0
2017-05-18,20:00:00,42.954,43.004,42.806,42.964,26377,0
2017-05-18,21:00:00,42.984,43.21,42.984,43.103,35919,0
2017-05-18,22:00:00,43.113,43.152,42.954,42.964,27529,0
2017-05-19,16:00:00,43.034,43.4,43.034,43.341,4849,0
2017-05-19,17:00:00,43.371,43.427,43.301,43.381,6723,0
2017-05-19,18:00:00,43.331,43.41,43.311,43.351,11066,0
2017-05-19,19:00:00,43.371,43.51,43.318,43.5,4761,0
2017-05-19,20:00:00,43.39,43.436,43.351,43.413,5651,0
2017-05-19,21:00:00,43.44,43.549,43.412,43.51,5270,0
2017-05-19,22:00:00,43.48,43.48,43.142,43.192,34243,0
2017-05-22,16:00:00,43.371,43.409,43.21,43.301,7212,0
2017-05-22,17:00:00,43.292,43.42,42.994,43.064,7764,0
2017-05-22,18:00:00,43.034,43.303,43.034,43.282,9786,0
2017-05-22,19:00:00,43.371,43.526,43.33,43.331,8806,0
2017-05-22,20:00:00,43.311,43.391,43.311,43.341,4606,0
2017-05-22,21:00:00,43.292,43.41,43.292,43.41,7018,0
2017-05-22,22:00:00,43.341,43.45,43.341,43.4,8291,0
2017-05-23,16:00:00,43.47,43.51,43.311,43.334,39845,0
2017-05-23,17:00:00,43.319,43.589,43.282,43.579,7819,0
2017-05-23,18:00:00,43.587,43.906,43.569,43.857,21988,0
2017-05-23,19:00:00,43.866,43.956,43.777,43.777,58329,0
2017-05-23,20:00:00,43.776,43.92,43.769,43.895,9647,0
2017-05-23,21:00:00,43.926,44.23,43.906,44.183,10106,0
2017-05-23,22:00:00,44.134,44.203,44.025,44.035,29677,0
2017-05-24,16:00:00,44.114,44.114,43.995,44.005,6865,0
2017-05-24,17:00:00,43.916,43.975,43.835,43.847,10591,0
2017-05-24,18:00:00,43.847,43.896,43.728,43.764,13196,0
2017-05-24,19:00:00,43.769,43.874,43.769,43.777,4728,0
2017-05-24,20:00:00,43.738,43.757,43.678,43.757,9358,0
2017-05-24,21:00:00,43.757,43.797,43.619,43.757,17588,0
2017-05-24,22:00:00,43.759,43.866,43.619,43.807,16423,0
2017-05-25,16:00:00,43.916,44.045,43.777,44.045,7667,0
2017-05-25,17:00:00,43.956,44.174,43.956,44.005,9912,0
2017-05-25,18:00:00,43.965,44.085,43.728,43.728,21875,0
2017-05-25,19:00:00,43.731,43.867,43.731,43.857,11528,0
2017-05-25,20:00:00,43.817,43.817,43.728,43.817,7514,0
2017-05-25,21:00:00,43.827,43.87,43.767,43.827,9119,0
2017-05-25,22:00:00,43.837,43.926,43.787,43.847,23124,0
2017-05-26,16:00:00,43.757,43.926,43.638,43.797,21101,0
2017-05-26,17:00:00,43.857,43.857,43.619,43.656,27386,0
2017-05-26,18:00:00,43.648,43.837,43.62,43.688,12403,0
2017-05-26,19:00:00,43.688,43.847,43.678,43.837,10022,0
2017-05-26,20:00:00,43.797,43.883,43.747,43.776,4389,0
2017-05-26,21:00:00,43.747,43.799,43.668,43.708,4640,0
2017-05-26,22:00:00,43.708,43.738,43.609,43.648,23637,0
2017-05-30,16:00:00,43.46,43.51,43.26,43.262,11225,0
2017-05-30,17:00:00,43.272,43.282,42.875,43.064,395748,0
2017-05-30,18:00:00,43.083,43.182,43.044,43.093,92143,0
2017-05-30,19:00:00,43.093,43.192,43.083,43.152,26344,0
2017-05-30,20:00:00,43.142,43.228,43.123,43.183,9528,0
2017-05-30,21:00:00,43.182,43.182,43.044,43.123,23142,0
2017-05-30,22:00:00,43.132,43.222,43.132,43.212,19303,0
2017-05-31,16:00:00,43.272,43.361,42.608,42.608,74965,0
2017-05-31,17:00:00,42.558,42.736,42.34,42.736,203069,0
2017-05-31,18:00:00,42.716,42.759,42.528,42.638,37281,0
2017-05-31,19:00:00,42.647,42.736,42.568,42.67,18235,0
2017-05-31,20:00:00,42.68,42.756,42.628,42.696,17615,0
2017-05-31,21:00:00,42.714,42.82,42.618,42.696,19319,0
2017-05-31,22:00:00,42.666,42.954,42.666,42.914,56709,0
2017-06-01,16:00:00,43.182,43.182,42.776,42.796,15355,0
2017-06-01,17:00:00,42.771,43.054,42.647,42.865,21068,0
2017-06-01,18:00:00,42.895,43.054,42.836,43.054,12917,0
2017-06-01,19:00:00,43.152,43.243,43.133,43.243,16838,0
2017-06-01,20:00:00,43.269,43.47,43.252,43.435,7492,0
2017-06-01,21:00:00,43.38,43.52,43.361,43.44,29047,0
2017-06-01,22:00:00,43.412,43.539,43.311,43.539,56535,0
2017-06-02,16:00:00,43.123,43.242,42.864,43.004,27963,0
2017-06-02,17:00:00,43.054,43.351,43.014,43.321,22541,0
2017-06-02,18:00:00,43.284,43.39,43.077,43.371,16057,0
2017-06-02,19:00:00,43.361,43.47,43.321,43.371,45278,0
2017-06-02,20:00:00,43.371,43.47,43.351,43.445,16243,0
2017-06-02,21:00:00,43.433,43.5,43.292,43.371,24106,0
2017-06-02,22:00:00,43.371,43.4,43.093,43.142,47783,0
2017-06-05,16:00:00,43.202,43.4,43.172,43.38,7213,0
2017-06-05,17:00:00,43.361,43.549,43.361,43.549,12072,0
2017-06-05,18:00:00,43.529,43.628,43.413,43.52,32849,0
2017-06-05,19:00:00,43.559,43.628,43.44,43.562,14145,0
2017-06-05,20:00:00,43.559,43.569,43.41,43.456,10046,0
2017-06-05,21:00:00,43.47,43.549,43.422,43.48,7474,0
2017-06-05,22:00:00,43.46,43.46,43.182,43.182,32601,0
2017-06-06,16:00:00,42.826,42.846,42.558,42.698,18584,0
2017-06-06,17:00:00,42.816,42.984,42.766,42.816,24448,0
2017-06-06,18:00:00,42.786,42.895,42.706,42.796,23823,0
2017-06-06,19:00:00,42.806,42.914,42.806,42.846,18764,0
2017-06-06,20:00:00,42.826,42.846,42.776,42.836,13212,0
2017-06-06,21:00:00,42.856,43.133,42.856,43.044,29217,0
2017-06-06,22:00:00,43.044,43.072,42.895,42.895,99576,0
2017-06-07,16:00:00,43.103,43.232,42.944,43.192,11306,0
2017-06-07,17:00:00,43.242,43.383,43.113,43.371,29163,0
2017-06-07,18:00:00,43.331,43.4,43.222,43.4,26110,0
2017-06-07,19:00:00,43.38,43.471,43.222,43.255,17322,0
2017-06-07,20:00:00,43.244,43.351,43.212,43.351,15093,0
2017-06-07,21:00:00,43.341,43.46,43.291,43.44,20895,0
2017-06-07,22:00:00,43.4,43.46,43.321,43.341,22261,0
2017-06-08,16:00:00,43.38,44.055,43.212,43.983,26069,0
2017-06-08,17:00:00,44.035,44.293,43.985,44.183,46826,0
2017-06-08,18:00:00,44.223,44.561,44.213,44.399,12673,0
2017-06-08,19:00:00,44.431,44.649,44.424,44.629,18100,0
2017-06-08,20:00:00,44.749,44.769,44.61,44.673,14680,0
2017-06-08,21:00:00,44.736,44.769,44.342,44.431,31719,0
2017-06-08,22:00:00,44.471,44.531,44.283,44.323,73551,0
2017-06-09,16:00:00,44.59,45.284,44.59,45.225,50655,0
2017-06-09,17:00:00,45.235,45.502,45.135,45.423,65687,0
2017-06-09,18:00:00,45.423,45.522,45.323,45.333,51893,0
2017-06-09,19:00:00,45.343,45.541,45.284,45.541,32494,0
2017-06-09,20:00:00,45.581,45.631,45.272,45.272,41070,0
2017-06-09,21:00:00,45.284,45.413,45.017,45.056,83465,0
2017-06-09,22:00:00,45.047,45.492,45.047,45.453,66466,0
2017-06-12,16:00:00,45.463,45.998,45.463,45.611,25328,0
2017-06-12,17:00:00,45.641,45.859,45.541,45.671,20324,0
2017-06-12,18:00:00,45.832,45.845,45.085,45.353,53720,0
2017-06-12,19:00:00,45.383,45.413,45.265,45.265,36514,0
2017-06-12,20:00:00,45.274,45.36,45.248,45.265,16655,0
2017-06-12,21:00:00,45.274,45.389,45.205,45.389,25513,0
2017-06-12,22:00:00,45.385,45.478,45.333,45.443,38630,0
2017-06-13,16:00:00,45.631,45.879,45.483,45.681,11194,0
2017-06-13,17:00:00,45.631,45.72,45.552,45.601,35976,0
2017-06-13,18:00:00,45.641,45.768,45.571,45.691,37084,0
2017-06-13,19:00:00,45.681,45.71,45.591,45.656,26837,0
2017-06-13,20:00:00,45.651,45.651,45.541,45.601,37818,0
2017-06-13,21:00:00,45.571,45.591,45.453,45.492,27078,0
2017-06-13,22:00:00,45.483,45.581,45.443,45.581,44177,0
2017-06-14,16:00:00,45.115,45.307,44.857,45.303,7998,0
2017-06-14,17:00:00,45.185,45.313,45.017,45.037,13638,0
2017-06-14,18:00:00,45.042,45.047,44.729,44.789,40220,0
2017-06-14,19:00:00,44.759,44.907,44.619,44.887,29825,0
2017-06-14,20:00:00,44.999,45.056,44.873,45.027,22351,0
2017-06-14,21:00:00,45.085,45.363,45.017,45.333,62020,0
2017-06-14,22:00:00,45.265,45.581,45.235,45.581,43606,0
2017-06-15,16:00:00,45.284,45.73,45.284,45.73,5860,0
2017-06-15,17:00:00,45.71,45.783,45.135,45.205,86816,0
2017-06-15,18:00:00,45.215,45.466,45.215,45.413,54458,0
2017-06-15,19:00:00,45.414,45.414,45.225,45.353,24714,0
2017-06-15,20:00:00,45.343,45.453,45.333,45.343,20817,0
2017-06-15,21:00:00,45.333,45.373,45.294,45.343,16965,0
2017-06-15,22:00:00,45.348,45.433,45.195,45.274,50313,0
2017-06-16,16:00:00,45.303,45.303,44.987,44.987,15889,0
2017-06-16,17:00:00,45.007,45.255,44.967,45.195,24692,0
2017-06-16,18:00:00,45.175,45.235,45.093,45.225,12014,0
2017-06-16,19:00:00,45.225,45.294,45.115,45.115,9743,0
2017-06-16,20:00:00,45.125,45.145,45.051,45.105,6347,0
2017-06-16,21:00:00,45.085,45.105,44.957,45.037,14813,0
2017-06-16,22:00:00,45.125,45.155,44.997,45.155,13920,0
2017-06-19,16:00:00,45.433,45.661,45.363,45.561,9564,0
2017-06-19,17:00:00,45.551,45.671,45.443,45.443,19592,0
2017-06-19,18:00:00,45.413,45.443,45.245,45.373,17105,0
2017-06-19,19:00:00,45.384,45.516,45.353,45.512,20968,0
2017-06-19,20:00:00,45.532,45.535,45.443,45.483,16331,0
2017-06-19,21:00:00,45.483,45.483,45.225,45.303,17391,0
2017-06-19,22:00:00,45.323,45.353,45.255,45.303,34069,0
2017-06-20,16:00:00,45.205,45.205,44.917,44.997,11484,0
2017-06-20,17:00:00,45.037,45.185,45.007,45.075,11656,0
2017-06-20,18:00:00,45.064,45.125,44.967,45.085,10741,0
2017-06-20,19:00:00,45.065,45.095,44.967,45.085,25753,0
2017-06-20,20:00:00,45.135,45.145,45.075,45.131,11232,0
2017-06-20,21:00:00,45.095,45.095,44.927,44.927,7254,0
2017-06-20,22:00:00,44.917,44.947,44.847,44.857,70993,0
2017-06-21,16:00:00,44.977,44.977,44.552,44.689,9271,0
2017-06-21,17:00:00,44.679,44.867,44.61,44.719,18673,0
2017-06-21,18:00:00,44.711,44.719,44.46,44.677,19525,0
2017-06-21,19:00:00,44.749,44.749,44.551,44.551,23462,0
2017-06-21,20:00:00,44.561,44.571,44.392,44.433,16262,0
2017-06-21,21:00:00,44.421,44.451,44.352,44.441,17107,0
2017-06-21,22:00:00,44.451,44.471,44.342,44.431,32050,0
2017-06-22,16:00:00,44.303,44.342,44.114,44.243,50310,0
2017-06-22,17:00:00,44.223,44.223,43.777,44.005,54517,0
2017-06-22,18:00:00,43.987,44.065,43.936,43.944,28688,0
2017-06-22,19:00:00,43.96,43.96,43.837,43.896,14274,0
2017-06-22,20:00:00,43.857,43.985,43.847,43.936,14440,0
2017-06-22,21:00:00,43.956,44.045,43.896,44.045,10481,0
2017-06-22,22:00:00,44.045,44.101,43.946,44.005,29030,0
2017-06-23,16:00:00,44.183,44.193,43.926,43.926,11110,0
2017-06-23,17:00:00,44.005,44.075,43.866,43.916,16839,0
2017-06-23,18:00:00,43.916,43.926,43.831,43.831,10320,0
2017-06-23,19:00:00,43.807,43.807,43.668,43.678,8369,0
2017-06-23,20:00:00,43.638,43.728,43.557,43.678,9815,0
2017-06-23,21:00:00,43.68,43.767,43.668,43.668,13675,0
2017-06-23,22:00:00,43.674,43.674,43.46,43.569,10998,0
2017-06-26,16:00:00,43.698,44.13,43.609,44.124,10126,0
2017-06-26,17:00:00,44.095,44.203,43.759,43.759,12210,0
2017-06-26,18:00:00,43.718,43.92,43.559,43.855,21275,0
2017-06-26,19:00:00,43.854,43.906,43.777,43.777,45868,0
2017-06-26,20:00:00,43.807,43.862,43.745,43.747,41214,0
2017-06-26,21:00:00,43.787,43.995,43.787,43.946,18583,0
2017-06-26,22:00:00,44.005,44.064,43.895,43.895,21752,0
2017-06-27,16:00:00,44.158,44.317,44.068,44.287,10256,0
2017-06-27,17:00:00,44.33,44.33,44.058,44.217,53477,0
2017-06-27,18:00:00,44.261,44.645,44.261,44.645,24827,0
2017-06-27,19:00:00,44.635,44.645,44.481,44.576,18739,0
2017-06-27,20:00:00,44.586,44.596,44.416,44.476,25420,0
2017-06-27,21:00:00,44.496,44.496,44.26,44.297,9955,0
2017-06-27,22:00:00,44.267,44.337,44.168,44.187,34656,0
2017-06-28,16:00:00,44.436,44.934,44.436,44.934,23638,0
2017-06-28,17:00:00,44.954,44.954,44.665,44.725,18768,0
2017-06-28,18:00:00,44.735,44.944,44.715,44.835,18256,0
2017-06-28,19:00:00,44.825,44.994,44.825,44.904,9195,0
2017-06-28,20:00:00,44.934,45.004,44.904,44.959,13620,0
2017-06-28,21:00:00,44.944,44.974,44.834,44.834,10169,0
2017-06-28,22:00:00,44.854,44.952,44.825,44.854,24428,0
2017-06-29,16:00:00,45.959,46.178,45.8,45.825,23791,0
2017-06-29,17:00:00,45.79,45.79,45.567,45.602,52624,0
2017-06-29,18:00:00,45.621,45.71,45.101,45.101,45603,0
2017-06-29,19:00:00,45.093,45.228,44.994,45.163,91539,0
2017-06-29,20:00:00,45.223,45.372,45.026,45.372,127012,0
2017-06-29,21:00:00,45.342,45.501,45.332,45.412,42131,0
2017-06-29,22:00:00,45.422,45.531,45.412,45.442,62350,0
2017-06-30,16:00:00,45.681,45.969,45.263,45.352,25313,0
2017-06-30,17:00:00,45.322,45.377,45.133,45.193,29082,0
2017-06-30,18:00:00,45.153,45.352,45.153,45.352,25945,0
2017-06-30,19:00:00,45.332,45.352,45.187,45.193,19254,0
2017-06-30,20:00:00,45.172,45.346,45.172,45.263,10249,0
2017-06-30,21:00:00,45.253,45.462,45.193,45.462,18026,0
2017-06-30,22:00:00,45.472,45.551,45.332,45.342,127155,0
2017-07-03,16:00:00,45.551,45.824,45.551,45.75,11248,0
2017-07-03,17:00:00,45.75,46.208,45.72,46.198,28840,0
2017-07-03,18:00:00,46.208,46.398,46.138,46.263,45083,0
2017-07-03,19:00:00,46.178,46.248,45.968,46.138,22009,0
2017-07-03,20:00:00,46.079,46.079,46.079,46.079,173,0
2017-07-03,22:00:00,46.079,46.079,46.079,46.079,0,0
2017-07-05,16:00:00,46.168,46.168,45.76,45.84,20141,0
2017-07-05,17:00:00,45.87,46.168,45.701,46.168,39580,0
2017-07-05,18:00:00,46.208,46.228,45.939,46.009,26112,0
2017-07-05,19:00:00,45.979,46.099,45.9,46.069,23297,0
2017-07-05,20:00:00,46.079,46.148,46.039,46.119,31345,0
2017-07-05,21:00:00,46.119,46.268,46.079,46.079,132462,0
2017-07-05,22:00:00,46.079,46.178,46.039,46.129,24073,0
2017-07-06,16:00:00,46.089,46.218,45.87,45.9,22921,0
2017-07-06,17:00:00,45.959,46.228,45.84,46.009,49843,0
2017-07-06,18:00:00,46.089,46.248,46.089,46.228,38141,0
2017-07-06,19:00:00,46.258,46.308,46.223,46.278,7568,0
2017-07-06,20:00:00,46.268,46.328,46.119,46.119,5524,0
2017-07-06,21:00:00,46.069,46.099,45.91,46.009,78955,0
2017-07-06,22:00:00,45.992,46.007,45.661,45.71,28273,0
2017-07-07,16:00:00,45.929,45.929,45.71,45.74,65090,0
2017-07-07,17:00:00,45.691,45.75,45.491,45.561,31472,0
2017-07-07,18:00:00,45.601,45.946,45.541,45.9,8323,0
2017-07-07,19:00:00,45.939,46.009,45.929,45.999,11245,0
2017-07-07,20:00:00,45.979,45.989,45.919,45.939,4270,0
2017-07-07,21:00:00,45.919,45.979,45.87,45.88,20677,0
2017-07-07,22:00:00,45.849,45.999,45.805,45.949,13742,0
2017-07-10,16:00:00,45.85,45.969,45.641,45.929,27302,0
2017-07-10,17:00:00,45.94,45.999,45.73,45.74,29887,0
2017-07-10,18:00:00,45.75,45.85,45.691,45.773,16706,0
2017-07-10,19:00:00,45.79,46.009,45.79,45.959,9471,0
2017-07-10,20:00:00,45.999,46.029,45.9,46.009,9350,0
2017-07-10,21:00:00,45.999,46.059,45.969,45.969,15166,0
2017-07-10,22:00:00,45.969,46.029,45.83,45.84,22326,0
2017-07-11,16:00:00,45.82,45.86,45.631,45.713,14967,0
2017-07-11,17:00:00,45.72,45.87,45.581,45.87,13296,0
2017-07-11,18:00:00,45.919,45.919,45.511,45.82,77888,0
2017-07-11,19:00:00,45.83,45.85,45.71,45.746,10240,0
2017-07-11,20:00:00,45.79,45.8,45.611,45.79,6853,0
2017-07-11,21:00:00,45.78,45.78,45.651,45.777,13244,0
2017-07-11,22:00:00,45.78,45.78,45.691,45.73,35491,0
2017-07-12,16:00:00,45.571,45.74,45.531,45.74,19219,0
2017-07-12,17:00:00,45.78,45.83,45.541,45.541,22077,0
2017-07-12,18:00:00,45.521,45.621,45.491,45.601,15630,0
2017-07-12,19:00:00,45.583,45.621,45.452,45.541,15816,0
2017-07-12,20:00:00,45.581,45.591,45.491,45.501,7612,0
2017-07-12,21:00:00,45.509,45.571,45.491,45.535,14963,0
2017-07-12,22:00:00,45.521,45.681,45.521,45.661,46603,0
2017-07-13,16:00:00,45.71,45.87,45.611,45.73,12466,0
2017-07-13,17:00:00,45.73,45.9,45.641,45.74,10670,0
2017-07-13,18:00:00,45.701,45.79,45.641,45.77,11956,0
2017-07-13,19:00:00,45.79,45.84,45.74,45.818,5941,0
2017-07-13,20:00:00,45.82,45.84,45.78,45.81,18979,0
2017-07-13,21:00:00,45.83,45.859,45.78,45.835,11063,0
2017-07-13,22:00:00,45.84,45.959,45.82,45.959,28869,0
2017-07-14,16:00:00,45.372,45.442,45.073,45.352,13072,0
2017-07-14,17:00:00,45.292,45.452,45.155,45.432,15120,0
2017-07-14,18:00:00,45.412,45.521,45.412,45.422,9630,0
2017-07-14,19:00:00,45.392,45.432,45.322,45.412,13098,0
2017-07-14,20:00:00,45.423,45.561,45.423,45.521,10497,0
2017-07-14,21:00:00,45.581,45.656,45.551,45.656,19846,0
2017-07-14,22:00:00,45.631,45.82,45.612,45.631,18283,0
2017-07-17,16:00:00,45.521,45.521,45.347,45.482,4813,0
2017-07-17,17:00:00,45.462,45.641,45.362,45.631,15725,0
2017-07-17,18:00:00,45.621,45.71,45.561,45.561,9868,0
2017-07-17,19:00:00,45.631,45.643,45.601,45.623,4536,0
2017-07-17,20:00:00,45.621,45.682,45.608,45.644,7667,0
2017-07-17,21:00:00,45.65,45.742,45.618,45.666,6150,0
2017-07-17,22:00:00,45.641,45.661,45.541,45.631,12643,0
2017-07-18,16:00:00,45.263,45.491,45.263,45.28,6397,0
2017-07-18,17:00:00,45.342,45.432,45.063,45.184,10365,0
2017-07-18,18:00:00,45.141,45.193,45.093,45.133,9615,0
2017-07-18,19:00:00,45.133,45.263,45.133,45.223,4157,0
2017-07-18,20:00:00,45.193,45.392,45.186,45.372,7105,0
2017-07-18,21:00:00,45.333,45.357,45.292,45.303,25045,0
2017-07-18,22:00:00,45.292,45.362,45.272,45.302,7693,0
2017-07-19,16:00:00,45.452,45.541,45.405,45.442,8355,0
2017-07-19,17:00:00,45.482,45.541,45.292,45.292,16541,0
2017-07-19,18:00:00,45.265,45.332,45.166,45.253,7551,0
2017-07-19,19:00:00,45.203,45.205,44.984,44.984,26955,0
2017-07-19,20:00:00,44.994,45.195,44.994,45.195,5921,0
2017-07-19,21:00:00,45.183,45.275,45.183,45.223,11732,0
2017-07-19,22:00:00,45.197,45.312,45.193,45.312,25689,0
2017-07-20,16:00:00,45.362,45.501,45.255,45.461,9412,0
2017-07-20,17:00:00,45.462,45.621,45.312,45.452,14074,0
2017-07-20,18:00:00,45.432,45.452,45.083,45.177,20887,0
2017-07-20,19:00:00,45.15,45.322,45.143,45.25,8201,0
2017-07-20,20:00:00,45.243,45.374,45.213,45.349,8455,0
2017-07-20,21:00:00,45.342,45.422,45.317,45.332,17552,0
2017-07-20,22:00:00,45.342,45.415,45.312,45.322,27669,0
2017-07-21,16:00:00,45.243,45.495,45.243,45.292,5432,0
2017-07-21,17:00:00,45.123,45.163,44.964,44.974,18478,0
2017-07-21,18:00:00,45.034,45.197,45.034,45.059,8461,0
2017-07-21,19:00:00,45.093,45.163,45.083,45.132,12922,0
2017-07-21,20:00:00,45.154,45.203,45.123,45.154,10055,0
2017-07-21,21:00:00,45.103,45.133,45.014,45.063,5415,0
2017-07-21,22:00:00,45.063,45.064,44.894,44.994,14259,0
2017-07-24,16:00:00,45.014,45.422,44.921,45.422,6023,0
2017-07-24,17:00:00,45.442,45.462,45.372,45.372,7681,0
2017-07-24,18:00:00,45.302,45.412,45.292,45.362,11117,0
2017-07-24,19:00:00,45.422,45.436,45.322,45.342,12654,0
2017-07-24,20:00:00,45.422,45.521,45.392,45.521,15057,0
2017-07-24,21:00:00,45.521,45.562,45.501,45.501,10358,0
2017-07-24,22:00:00,45.501,45.551,45.452,45.531,11811,0
2017-07-25,16:00:00,46.168,46.437,46.168,46.208,57331,0
2017-07-25,17:00:00,46.218,46.308,46.059,46.308,186594,0
2017-07-25,18:00:00,46.318,46.417,46.218,46.397,29300,0
2017-07-25,19:00:00,46.377,46.457,46.268,46.268,11232,0
2017-07-25,20:00:00,46.316,46.316,46.109,46.124,16696,0
2017-07-25,21:00:00,46.12,46.225,46.089,46.118,19440,0
2017-07-25,22:00:00,46.148,46.208,46.089,46.138,21962,0
2017-07-26,16:00:00,46.188,46.188,46.039,46.079,14965,0
2017-07-26,17:00:00,46.109,46.178,45.679,45.71,22123,0
2017-07-26,18:00:00,45.691,45.789,45.641,45.735,6766,0
2017-07-26,19:00:00,45.72,45.84,45.72,45.77,11207,0
2017-07-26,20:00:00,45.73,45.761,45.641,45.651,8373,0
2017-07-26,21:00:00,45.691,45.76,45.531,45.532,27772,0
2017-07-26,22:00:00,45.521,45.531,45.194,45.332,31329,0
2017-07-27,16:00:00,45.412,45.412,45.183,45.322,9693,0
2017-07-27,17:00:00,45.332,45.577,45.322,45.537,37712,0
2017-07-27,18:00:00,45.551,45.571,45.282,45.432,9839,0
2017-07-27,19:00:00,45.442,45.451,45.322,45.362,15612,0
2017-07-27,20:00:00,45.332,45.452,45.173,45.249,16841,0
2017-07-27,21:00:00,45.213,45.282,45.073,45.183,25667,0
2017-07-27,22:00:00,45.183,45.362,45.132,45.362,16656,0
2017-07-28,16:00:00,45.203,45.352,45.073,45.073,4609,0
2017-07-28,17:00:00,45.093,45.123,44.924,45.093,18872,0
2017-07-28,18:00:00,45.153,45.183,45.053,45.083,25461,0
2017-07-28,19:00:00,45.083,45.233,45.083,45.213,5398,0
2017-07-28,20:00:00,45.203,45.203,45.113,45.183,20847,0
2017-07-28,21:00:00,45.233,45.292,45.213,45.263,5776,0
2017-07-28,22:00:00,45.263,45.282,45.208,45.223,14026,0
2017-07-31,16:00:00,45.332,45.452,45.312,45.392,20135,0
2017-07-31,17:00:00,45.422,45.541,45.422,45.472,16531,0
2017-07-31,18:00:00,45.491,45.601,45.452,45.511,12422,0
2017-07-31,19:00:00,45.52,45.591,45.511,45.591,7800,0
2017-07-31,20:00:00,45.611,45.81,45.611,45.767,11157,0
2017-07-31,21:00:00,45.724,45.736,45.591,45.591,13046,0
2017-07-31,22:00:00,45.581,45.691,45.561,45.561,11854,0
2017-08-01,16:00:00,45.86,45.87,45.611,45.84,7296,0
2017-08-01,17:00:00,45.83,45.9,45.637,45.75,16669,0
2017-08-01,18:00:00,45.76,45.83,45.621,45.77,14045,0
2017-08-01,19:00:00,45.74,45.8,45.74,45.78,10527,0
2017-08-01,20:00:00,45.77,45.81,45.73,45.78,21422,0
2017-08-01,21:00:00,45.824,45.85,45.79,45.826,13918,0
2017-08-01,22:00:00,45.82,45.88,45.77,45.88,18375,0
2017-08-02,16:00:00,45.88,46.009,45.82,45.929,5866,0
2017-08-02,17:00:00,45.917,45.949,45.621,45.74,28915,0
2017-08-02,18:00:00,45.76,45.883,45.72,45.8,21549,0
2017-08-02,19:00:00,45.78,45.79,45.661,45.76,18936,0
2017-08-02,20:00:00,45.77,45.815,45.77,45.81,4116,0
2017-08-02,21:00:00,45.828,45.891,45.79,45.876,7862,0
2017-08-02,22:00:00,45.87,45.949,45.869,45.949,14766,0
2017-08-03,16:00:00,45.88,45.91,45.781,45.91,4325,0
2017-08-03,17:00:00,45.81,45.88,45.73,45.73,14166,0
2017-08-03,18:00:00,45.728,45.73,45.661,45.729,13315,0
2017-08-03,19:00:00,45.723,45.82,45.661,45.8,8458,0
2017-08-03,20:00:00,45.8,45.84,45.8,45.82,23492,0
2017-08-03,21:00:00,45.791,45.791,45.661,45.681,16136,0
2017-08-03,22:00:00,45.691,45.77,45.631,45.71,22456,0
2017-08-04,16:00:00,46.119,46.228,45.969,46.148,61662,0
2017-08-04,17:00:00,46.178,46.497,46.178,46.467,16459,0
2017-08-04,18:00:00,46.407,46.407,46.328,46.375,14818,0
2017-08-04,19:00:00,46.377,46.422,46.364,46.406,14315,0
2017-08-04,20:00:00,46.387,46.387,46.318,46.344,6045,0
2017-08-04,21:00:00,46.357,46.387,46.079,46.168,19400,0
2017-08-04,22:00:00,46.158,46.178,46.094,46.138,27694,0
2017-08-07,16:00:00,46.138,46.138,45.939,45.949,6875,0
2017-08-07,17:00:00,45.92,45.989,45.86,45.949,16149,0
2017-08-07,18:00:00,45.919,45.969,45.838,45.949,14575,0
2017-08-07,19:00:00,45.949,46.009,45.949,46.009,6030,0
2017-08-07,20:00:00,45.986,46.005,45.929,45.929,3797,0
2017-08-07,21:00:00,45.936,46.059,45.919,46.008,9871,0
2017-08-07,22:00:00,45.999,46.009,45.89,45.91,8614,0
2017-08-08,16:00:00,45.82,45.929,45.79,45.929,7052,0
2017-08-08,17:00:00,45.929,46.367,45.929,46.367,12686,0
2017-08-08,18:00:00,46.397,46.636,46.397,46.596,16098,0
2017-08-08,19:00:00,46.616,46.626,46.178,46.178,12627,0
2017-08-08,20:00:00,46.158,46.262,46.101,46.198,6060,0
2017-08-08,21:00:00,46.208,46.295,46.188,46.193,5861,0
2017-08-08,22:00:00,46.178,46.218,45.999,46.029,26667,0
2017-08-09,16:00:00,45.631,45.85,45.412,45.671,23301,0
2017-08-09,17:00:00,45.661,45.76,45.561,45.701,19327,0
2017-08-09,18:00:00,45.681,45.71,45.541,45.681,10320,0
2017-08-09,19:00:00,45.691,45.691,45.581,45.591,15268,0
2017-08-09,20:00:00,45.621,45.647,45.541,45.541,8680,0
2017-08-09,21:00:00,45.561,45.561,45.482,45.531,21956,0
2017-08-09,22:00:00,45.511,45.651,45.482,45.651,22416,0
2017-08-10,16:00:00,45.332,45.362,45.153,45.243,23013,0
2017-08-10,17:00:00,45.173,45.176,44.884,44.974,21656,0
2017-08-10,18:00:00,44.961,44.964,44.725,44.89,30510,0
2017-08-10,19:00:00,44.864,44.914,44.811,44.914,22767,0
2017-08-10,20:00:00,44.943,45.034,44.884,44.914,40882,0
2017-08-10,21:00:00,44.914,44.974,44.854,44.854,52147,0
2017-08-10,22:00:00,44.854,44.874,44.516,44.556,37968,0
2017-08-11,16:00:00,44.606,44.755,44.367,44.367,12977,0
2017-08-11,17:00:00,44.377,44.546,44.347,44.367,19145,0
2017-08-11,18:00:00,44.315,44.357,44.118,44.118,12699,0
2017-08-11,19:00:00,44.128,44.187,44.078,44.138,11192,0
2017-08-11,20:00:00,44.118,44.26,44.098,44.138,20076,0
2017-08-11,21:00:00,44.148,44.197,44.058,44.108,31371,0
2017-08-11,22:00:00,44.098,44.277,44.068,44.217,30597,0
2017-08-14,16:00:00,44.596,44.984,44.596,44.984,42986,0
2017-08-14,17:00:00,45.014,45.044,44.854,45.034,13090,0
2017-08-14,18:00:00,45.014,45.173,44.984,45.139,18443,0
2017-08-14,19:00:00,45.177,45.183,44.964,44.964,7353,0
2017-08-14,20:00:00,44.974,45.113,44.964,45.113,9769,0
2017-08-14,21:00:00,45.133,45.159,45.03,45.053,14577,0
2017-08-14,22:00:00,45.053,45.133,45.045,45.083,39404,0
2017-08-15,16:00:00,45.521,45.591,45.392,45.452,59974,0
2017-08-15,17:00:00,45.441,45.441,45.272,45.282,9147,0
2017-08-15,18:00:00,45.272,45.292,45.153,45.153,11916,0
2017-08-15,19:00:00,45.156,45.233,45.133,45.153,8545,0
2017-08-15,20:00:00,45.123,45.143,45.091,45.103,8942,0
2017-08-15,21:00:00,45.133,45.153,45.093,45.153,8385,0
2017-08-15,22:00:00,45.146,45.183,45.044,45.063,18273,0
2017-08-16,16:00:00,45.223,45.302,45.223,45.253,7637,0
2017-08-16,17:00:00,45.285,45.305,45.163,45.173,4102,0
2017-08-16,18:00:00,45.213,45.233,45.063,45.223,9957,0
2017-08-16,19:00:00,45.223,45.263,45.083,45.083,6841,0
2017-08-16,20:00:00,45.133,45.133,45.014,45.024,10525,0
2017-08-16,21:00:00,45.024,45.044,44.825,44.914,20637,0
2017-08-16,22:00:00,44.924,44.944,44.854,44.924,20184,0
2017-08-17,16:00:00,44.805,44.914,44.745,44.752,14672,0
2017-08-17,17:00:00,44.745,44.844,44.466,44.635,21111,0
2017-08-17,18:00:00,44.655,44.785,44.546,44.596,13396,0
2017-08-17,19:00:00,44.615,44.655,44.247,44.277,17817,0
2017-08-17,20:00:00,44.277,44.367,44.237,44.307,10844,0
2017-08-17,21:00:00,44.31,44.317,44.128,44.217,17929,0
2017-08-17,22:00:00,44.217,44.217,43.809,43.879,48288,0
2017-08-18,16:00:00,43.64,43.799,43.52,43.68,31149,0
2017-08-18,17:00:00,43.7,43.968,43.7,43.73,24304,0
2017-08-18,18:00:00,43.739,44.018,43.711,44.018,33575,0
2017-08-18,19:00:00,44.033,44.158,43.97,44.088,11852,0
2017-08-18,20:00:00,44.078,44.128,43.949,43.968,12202,0
2017-08-18,21:00:00,43.949,43.978,43.889,43.889,13259,0
2017-08-18,22:00:00,43.889,43.968,43.849,43.859,14304,0
2017-08-21,16:00:00,43.809,43.809,43.63,43.64,6821,0
2017-08-21,17:00:00,43.63,43.69,43.567,43.59,13853,0
2017-08-21,18:00:00,43.62,43.746,43.58,43.746,7363,0
2017-08-21,19:00:00,43.749,43.839,43.73,43.759,10249,0
2017-08-21,20:00:00,43.73,43.73,43.55,43.586,33677,0
2017-08-21,21:00:00,43.59,43.71,43.59,43.68,20206,0
2017-08-21,22:00:00,43.69,43.769,43.65,43.71,14164,0
2017-08-22,16:00:00,43.819,44.028,43.819,44.008,12136,0
2017-08-22,17:00:00,44.008,44.058,43.912,43.968,7592,0
2017-08-22,18:00:00,43.988,44.034,43.919,44.028,6206,0
2017-08-22,19:00:00,44.038,44.078,43.978,44.068,8338,0
2017-08-22,20:00:00,44.058,44.108,44.01,44.028,6232,0
2017-08-22,21:00:00,44.018,44.078,43.968,44.048,5030,0
2017-08-22,22:00:00,44.038,44.167,44.028,44.118,13999,0
2017-08-23,16:00:00,43.759,44.098,43.53,44.098,7035,0
2017-08-23,17:00:00,44.108,44.207,44.038,44.197,13764,0
2017-08-23,18:00:00,44.177,44.337,44.161,44.327,7274,0
2017-08-23,19:00:00,44.327,44.376,44.307,44.307,8015,0
2017-08-23,20:00:00,44.302,44.302,44.168,44.227,5203,0
2017-08-23,21:00:00,44.204,44.247,44.168,44.197,12943,0
2017-08-23,22:00:00,44.197,44.227,44.108,44.108,9237,0
2017-08-24,16:00:00,44.307,44.307,44.048,44.068,24754,0
2017-08-24,17:00:00,44.088,44.307,44.078,44.29,6408,0
2017-08-24,18:00:00,44.313,44.347,44.187,44.217,10261,0
2017-08-24,19:00:00,44.257,44.307,44.168,44.17,7499,0
2017-08-24,20:00:00,44.158,44.217,44.149,44.168,3717,0
2017-08-24,21:00:00,44.169,44.247,44.148,44.247,1713,0
2017-08-24,22:00:00,44.207,44.257,44.2,44.257,6986,0
2017-08-25,16:00:00,44.357,44.615,44.357,44.566,7692,0
2017-08-25,17:00:00,44.546,44.546,44.396,44.466,20824,0
2017-08-25,18:00:00,44.466,44.476,44.347,44.387,7504,0
2017-08-25,19:00:00,44.377,44.446,44.377,44.397,6348,0
2017-08-25,20:00:00,44.428,44.466,44.428,44.466,2108,0
2017-08-25,21:00:00,44.466,44.566,44.462,44.49,6307,0
2017-08-25,22:00:00,44.496,44.536,44.387,44.406,8165,0
2017-08-28,16:00:00,44.486,44.516,44.416,44.445,6562,0
2017-08-28,17:00:00,44.456,44.456,44.207,44.317,4771,0
2017-08-28,18:00:00,44.297,44.307,44.148,44.187,8961,0
2017-08-28,19:00:00,44.187,44.207,44.088,44.108,5243,0
2017-08-28,20:00:00,44.098,44.148,44.048,44.078,34367,0
2017-08-28,21:00:00,44.077,44.078,43.998,43.998,29150,0
2017-08-28,22:00:00,44.018,44.138,44.018,44.138,15727,0
2017-08-29,16:00:00,43.57,43.67,43.451,43.52,15037,0
2017-08-29,17:00:00,43.491,43.749,43.431,43.73,10654,0
2017-08-29,18:00:00,43.733,43.789,43.62,43.69,6635,0
2017-08-29,19:00:00,43.667,43.792,43.61,43.792,10110,0
2017-08-29,20:00:00,43.799,43.829,43.739,43.779,9468,0
2017-08-29,21:00:00,43.789,43.869,43.78,43.849,16382,0
2017-08-29,22:00:00,43.849,43.899,43.775,43.799,13718,0
2017-08-30,16:00:00,43.829,43.998,43.799,43.998,9988,0
2017-08-30,17:00:00,43.998,44.068,43.93,44.038,8028,0
2017-08-30,18:00:00,44.018,44.078,43.988,43.988,7767,0
2017-08-30,19:00:00,43.978,44.028,43.938,44.028,2556,0
2017-08-30,20:00:00,44.018,44.078,44.008,44.016,7863,0
2017-08-30,21:00:00,43.998,43.998,43.909,43.988,8641,0
2017-08-30,22:00:00,43.988,43.988,43.899,43.919,12177,0
2017-08-31,16:00:00,44.068,44.108,43.939,44.028,5406,0
2017-08-31,17:00:00,44.009,44.078,43.869,43.939,7586,0
2017-08-31,18:00:00,43.919,44.018,43.879,43.899,12717,0
2017-08-31,19:00:00,43.879,43.915,43.809,43.809,12359,0
2017-08-31,20:00:00,43.795,43.819,43.73,43.789,20104,0
2017-08-31,21:00:00,43.789,43.819,43.774,43.819,3018,0
2017-08-31,22:00:00,43.829,43.849,43.73,43.749,13685,0
2017-09-01,16:00:00,43.829,44.138,43.829,44.138,7859,0
2017-09-01,17:00:00,44.207,44.297,44.197,44.257,8091,0
2017-09-01,18:00:00,44.267,44.297,44.158,44.197,6729,0
2017-09-01,19:00:00,44.214,44.271,44.159,44.271,5513,0
2017-09-01,20:00:00,44.267,44.317,44.257,44.277,8713,0
2017-09-01,21:00:00,44.23,44.23,44.152,44.152,10297,0
2017-09-01,22:00:00,44.148,44.187,44.108,44.108,5548,0
2017-09-05,16:00:00,43.839,43.839,43.53,43.55,7170,0
2017-09-05,17:00:00,43.61,43.63,43.401,43.421,25816,0
2017-09-05,18:00:00,43.411,43.491,43.351,43.448,11950,0
2017-09-05,19:00:00,43.381,43.381,43.073,43.092,14912,0
2017-09-05,20:00:00,43.063,43.073,42.943,43.063,10194,0
2017-09-05,21:00:00,43.053,43.092,42.953,42.963,33847,0
2017-09-05,22:00:00,42.963,43.013,42.893,42.953,23044,0
2017-09-06,16:00:00,43.172,43.301,43.132,43.192,4036,0
2017-09-06,17:00:00,43.212,43.311,43.138,43.152,14725,0
2017-09-06,18:00:00,43.166,43.192,42.844,42.873,85264,0
2017-09-06,19:00:00,42.864,43.043,42.844,43.043,8961,0
2017-09-06,20:00:00,43.073,43.182,43.073,43.114,9898,0
2017-09-06,21:00:00,43.142,43.202,43.092,43.112,11874,0
2017-09-06,22:00:00,43.102,43.152,42.959,42.977,20095,0
2017-09-07,16:00:00,42.953,42.953,42.535,42.546,12605,0
2017-09-07,17:00:00,42.545,42.545,41.958,42.117,46880,0
2017-09-07,18:00:00,42.126,42.177,41.639,41.699,26153,0
2017-09-07,19:00:00,41.729,41.958,41.729,41.958,18034,0
2017-09-07,20:00:00,41.923,41.928,41.746,41.838,46601,0
2017-09-07,21:00:00,41.828,41.948,41.788,41.918,20647,0
2017-09-07,22:00:00,41.934,41.948,41.828,41.918,28795,0
2017-09-08,16:00:00,41.709,42.177,41.709,42.127,20429,0
2017-09-08,17:00:00,42.157,42.485,42.157,42.414,33116,0
2017-09-08,18:00:00,42.416,42.495,42.207,42.236,13085,0
2017-09-08,19:00:00,42.207,42.296,42.147,42.286,14336,0
2017-09-08,20:00:00,42.266,42.266,42.127,42.236,16233,0
2017-09-08,21:00:00,42.256,42.485,42.256,42.356,22494,0
2017-09-08,22:00:00,42.356,42.356,42.192,42.256,23343,0
2017-09-11,16:00:00,42.784,43.122,42.784,42.933,17083,0
2017-09-11,17:00:00,42.933,43.083,42.913,43.028,11744,0
2017-09-11,18:00:00,43.059,43.262,43.003,43.252,30142,0
2017-09-11,19:00:00,43.212,43.391,43.182,43.232,8928,0
2017-09-11,20:00:00,43.222,43.317,43.222,43.252,13495,0
2017-09-11,21:00:00,43.232,43.232,43.142,43.142,14422,0
2017-09-11,22:00:00,43.152,43.222,43.152,43.192,13762,0
2017-09-12,16:00:00,43.292,43.839,43.292,43.769,21963,0
2017-09-12,17:00:00,43.749,43.919,43.739,43.889,14591,0
2017-09-12,18:00:00,43.889,44.048,43.829,44.028,23541,0
2017-09-12,19:00:00,44.038,44.158,44.038,44.158,9873,0
2017-09-12,20:00:00,44.148,44.227,44.148,44.168,11622,0
2017-09-12,21:00:00,44.148,44.159,44.018,44.158,14049,0
2017-09-12,22:00:00,44.177,44.183,44.019,44.028,41372,0
2017-09-13,16:00:00,43.939,44.018,43.899,43.939,4563,0
2017-09-13,17:00:00,43.949,44.207,43.949,44.168,10273,0
2017-09-13,18:00:00,44.158,44.197,44.128,44.144,12699,0
2017-09-13,19:00:00,44.158,44.217,44.148,44.197,5911,0
2017-09-13,20:00:00,44.177,44.187,44.084,44.128,8399,0
2017-09-13,21:00:00,44.148,44.29,44.138,44.29,8396,0
2017-09-13,22:00:00,44.277,44.287,44.217,44.287,12476,0
2017-09-14,16:00:00,44.307,44.396,44.217,44.297,20274,0
2017-09-14,17:00:00,44.277,44.357,44.237,44.297,5952,0
2017-09-14,18:00:00,44.277,44.325,44.158,44.197,19119,0
2017-09-14,19:00:00,44.168,44.23,44.167,44.168,6850,0
2017-09-14,20:00:00,44.138,44.138,43.909,43.909,11687,0
2017-09-14,21:00:00,43.919,43.989,43.919,43.929,4580,0
2017-09-14,22:00:00,43.929,44.002,43.899,43.909,11519,0
2017-09-15,16:00:00,43.839,43.968,43.759,43.809,4855,0
2017-09-15,17:00:00,43.809,43.971,43.809,43.879,9546,0
2017-09-15,18:00:00,43.879,43.929,43.859,43.882,6486,0
2017-09-15,19:00:00,43.879,43.935,43.839,43.935,3569,0
2017-09-15,20:00:00,43.929,44.023,43.929,44.018,5515,0
2017-09-15,21:00:00,44.008,44.071,44.008,44.048,4184,0
2017-09-15,22:00:00,44.028,44.148,44.028,44.128,12086,0
2017-09-18,16:00:00,44.277,44.406,44.277,44.336,8848,0
2017-09-18,17:00:00,44.367,44.456,44.351,44.436,7316,0
2017-09-18,18:00:00,44.425,44.606,44.425,44.576,6789,0
2017-09-18,19:00:00,44.596,44.68,44.576,44.645,6105,0
2017-09-18,20:00:00,44.655,44.695,44.625,44.695,4595,0
2017-09-18,21:00:00,44.755,44.795,44.705,44.715,19489,0
2017-09-18,22:00:00,44.745,44.745,44.665,44.685,10258,0
2017-09-19,16:00:00,44.705,44.914,44.66,44.914,7195,0
2017-09-19,17:00:00,44.934,45.053,44.924,44.954,17572,0
2017-09-19,18:00:00,44.894,44.979,44.874,44.974,7851,0
2017-09-19,19:00:00,44.97,45.175,44.964,45.143,6802,0
2017-09-19,20:00:00,45.113,45.143,45.044,45.133,4041,0
2017-09-19,21:00:00,45.143,45.173,45.093,45.093,3888,0
2017-09-19,22:00:00,45.093,45.133,45.034,45.073,13265,0
2017-09-20,16:00:00,45.014,45.044,44.745,44.755,7597,0
2017-09-20,17:00:00,44.735,44.964,44.685,44.964,8241,0
2017-09-20,18:00:00,45.024,45.103,44.974,45.063,6780,0
2017-09-20,19:00:00,45.083,45.099,44.99,45.024,3081,0
2017-09-20,20:00:00,45.024,45.073,45.004,45.033,6234,0
2017-09-20,21:00:00,45.034,45.641,45.034,45.611,18698,0
2017-09-20,22:00:00,45.621,45.631,45.432,45.551,8606,0
2017-09-21,16:00:00,45.491,45.84,45.491,45.661,5102,0
2017-09-21,17:00:00,45.621,45.714,45.511,45.641,8622,0
2017-09-21,18:00:00,45.661,45.78,45.641,45.71,5220,0
2017-09-21,19:00:00,45.71,45.71,45.652,45.701,3846,0
2017-09-21,20:00:00,45.701,45.754,45.681,45.754,2510,0
2017-09-21,21:00:00,45.82,45.83,45.75,45.83,4590,0
2017-09-21,22:00:00,45.82,45.85,45.75,45.76,5632,0
2017-09-22,16:00:00,45.531,45.611,45.174,45.591,5687,0
2017-09-22,17:00:00,45.581,45.71,45.571,45.651,3940,0
2017-09-22,18:00:00,45.651,45.74,45.561,45.74,5580,0
2017-09-22,19:00:00,45.73,45.77,45.691,45.73,5519,0
2017-09-22,20:00:00,45.74,45.76,45.661,45.681,4474,0
2017-09-22,21:00:00,45.701,45.74,45.681,45.73,4161,0
2017-09-22,22:00:00,45.717,45.79,45.712,45.775,5795,0
2017-09-25,16:00:00,45.691,45.9,45.661,45.9,3724,0
2017-09-25,17:00:00,45.89,46.077,45.8,45.8,10194,0
2017-09-25,18:00:00,45.74,45.77,45.581,45.592,12442,0
2017-09-25,19:00:00,45.581,45.73,45.502,45.73,5579,0
2017-09-25,20:00:00,45.74,45.74,45.712,45.73,2481,0
2017-09-25,21:00:00,45.752,45.753,45.681,45.753,5142,0
2017-09-25,22:00:00,45.78,45.865,45.779,45.81,8654,0
2017-09-26,16:00:00,45.93,45.96,45.76,45.862,1692,0
2017-09-26,17:00:00,45.8636,45.95,45.8636,45.917,3506,0
2017-09-26,18:00:00,45.9,45.95,45.83,45.91,6802,0
2017-09-26,19:00:00,45.917,46.1156,45.88,46,6731,0
2017-09-26,20:00:00,45.98,46.02,45.93,46.02,4231,0
2017-09-26,21:00:00,46.04,46.05,45.95,46.02,7467,0
2017-09-26,22:00:00,46.04,46.0899,45.9745,45.99,11688,0
2017-09-27,16:00:00,46.69,46.69,46.4301,46.63,12131,0
2017-09-27,17:00:00,46.6,46.6,46.38,46.46,5924,0
2017-09-27,18:00:00,46.479,46.54,46.45,46.5134,5324,0
2017-09-27,19:00:00,46.5,46.76,46.47,46.76,7729,0
2017-09-27,20:00:00,46.77,47.0776,46.77,47.0776,13234,0
2017-09-27,21:00:00,47.09,47.13,46.8638,46.9,11731,0
2017-09-27,22:00:00,46.92,46.9436,46.76,46.8089,12195,0
2017-09-28,16:00:00,46.86,46.94,46.57,46.63,4164,0
2017-09-28,17:00:00,46.6671,46.7,46.39,46.5,6882,0
2017-09-28,18:00:00,46.5021,46.64,46.49,46.63,5887,0
2017-09-28,19:00:00,46.6802,46.81,46.6802,46.81,2110,0
2017-09-28,20:00:00,46.8296,46.84,46.78,46.82,4751,0
2017-09-28,21:00:00,46.81,46.83,46.75,46.82,11381,0
2017-09-28,22:00:00,46.84,46.9243,46.84,46.915,12887,0
2017-09-29,16:00:00,46.88,47.35,46.88,47.3396,11728,0
2017-09-29,17:00:00,47.35,47.56,47.24,47.27,64263,0
2017-09-29,18:00:00,47.27,47.33,47.21,47.2862,7298,0
2017-09-29,19:00:00,47.29,47.35,47.24,47.2875,5730,0
2017-09-29,20:00:00,47.27,47.27,47.219,47.219,6216,0
2017-09-29,21:00:00,47.24,47.27,47.1889,47.2475,11522,0
2017-09-29,22:00:00,47.25,47.27,47.19,47.21,16713,0
2017-10-02,16:00:00,47.14,47.14,46.92,47.08,6528,0
2017-10-02,17:00:00,47.12,47.26,46.9,46.9,8497,0
2017-10-02,18:00:00,46.94,47.21,46.92,47.2,17927,0
2017-10-02,19:00:00,47.1847,47.21,47.12,47.13,9112,0
2017-10-02,20:00:00,47.145,47.2501,47.145,47.2494,4717,0
2017-10-02,21:00:00,47.29,47.35,47.2306,47.2856,6581,0
2017-10-02,22:00:00,47.251,47.36,47.222,47.35,31584,0
2017-10-03,16:00:00,47.4,47.6,47.17,47.17,11901,0
2017-10-03,17:00:00,47.23,47.23,46.91,47.07,8934,0
2017-10-03,18:00:00,47.1,47.11,46.93,47.059,12148,0
2017-10-03,19:00:00,47.05,47.05,46.86,46.9125,5379,0
2017-10-03,20:00:00,46.95,46.9823,46.93,46.95,8366,0
2017-10-03,21:00:00,46.95,47.0638,46.95,47.0077,35802,0
2017-10-03,22:00:00,47.02,47.15,47,47.15,10852,0
2017-10-04,16:00:00,47.11,47.11,46.9056,46.93,4891,0
2017-10-04,17:00:00,47.04,47.15,46.98,47.06,7389,0
2017-10-04,18:00:00,47.09,47.09,46.91,47.03,14807,0
2017-10-04,19:00:00,47.05,47.08,46.8801,46.8901,11971,0
2017-10-04,20:00:00,46.8901,46.95,46.791,46.84,6513,0
2017-10-04,21:00:00,46.82,46.89,46.8001,46.851,13248,0
2017-10-04,22:00:00,46.867,46.8707,46.72,46.75,10030,0
2017-10-05,16:00:00,46.88,47.08,46.57,47.08,4157,0
2017-10-05,17:00:00,47.02,47.16,47.02,47.1432,4843,0
2017-10-05,18:00:00,47.1385,47.33,47.1385,47.33,17681,0
2017-10-05,19:00:00,47.3108,47.4589,47.3108,47.42,3587,0
2017-10-05,20:00:00,47.41,47.47,47.41,47.4266,7004,0
2017-10-05,21:00:00,47.43,47.44,47.35,47.35,2654,0
2017-10-05,22:00:00,47.38,47.38,47.33,47.37,12595,0
2017-10-06,16:00:00,47.59,47.79,47.57,47.64,21713,0
2017-10-06,17:00:00,47.64,47.66,47.47,47.47,12219,0
2017-10-06,18:00:00,47.459,47.459,47.22,47.22,5865,0
2017-10-06,19:00:00,47.21,47.41,47.21,47.4,7700,0
2017-10-06,20:00:00,47.38,47.4208,47.32,47.42,3262,0
2017-10-06,21:00:00,47.41,47.54,47.4084,47.54,2401,0
2017-10-06,22:00:00,47.53,47.5569,47.39,47.46,10279,0
2017-10-09,16:00:00,47.59,47.59,47.258,47.32,10702,0
2017-10-09,17:00:00,47.3405,47.43,47.23,47.25,17178,0
2017-10-09,18:00:00,47.31,47.31,47.2564,47.2666,4697,0
2017-10-09,19:00:00,47.2709,47.28,47.2191,47.25,6684,0
2017-10-09,20:00:00,47.23,47.31,47.2268,47.3,13599,0
2017-10-09,21:00:00,47.27,47.29,47.207,47.23,15480,0
2017-10-09,22:00:00,47.2399,47.26,47.17,47.26,14118,0
2017-10-10,16:00:00,47.36,47.51,47.29,47.4141,8619,0
2017-10-10,17:00:00,47.42,47.43,47.2898,47.3,22907,0
2017-10-10,18:00:00,47.3,47.4,47.3,47.3776,29748,0
2017-10-10,19:00:00,47.39,47.48,47.38,47.46,16387,0
2017-10-10,20:00:00,47.46,47.6,47.44,47.59,19736,0
2017-10-10,21:00:00,47.59,47.67,47.58,47.5812,17934,0
2017-10-10,22:00:00,47.59,47.63,47.55,47.62,33332,0
2017-10-11,16:00:00,47.54,47.54,47.18,47.23,6118,0
2017-10-11,17:00:00,47.2122,47.468,47.1789,47.468,12448,0
2017-10-11,18:00:00,47.49,47.49,47.44,47.44,4937,0
2017-10-11,19:00:00,47.4317,47.5503,47.4317,47.4709,7455,0
2017-10-11,20:00:00,47.46,47.46,47.359,47.359,10382,0
2017-10-11,21:00:00,47.35,47.35,47.26,47.3345,16139,0
2017-10-11,22:00:00,47.33,47.36,47.3012,47.35,11516,0
2017-10-12,16:00:00,47.52,47.52,47.17,47.23,12373,0
2017-10-12,17:00:00,47.21,47.36,47.2,47.22,21599,0
2017-10-12,18:00:00,47.26,47.31,47.24,47.3,12080,0
2017-10-12,19:00:00,47.29,47.29,47.17,47.2,21051,0
2017-10-12,20:00:00,47.1801,47.2,47.13,47.15,8763,0
2017-10-12,21:00:00,47.1377,47.15,46.96,47.03,12540,0
2017-10-12,22:00:00,47.02,47.07,46.98,47.03,12998,0
2017-10-13,16:00:00,46.79,46.82,46.37,46.56,47385,0
2017-10-13,17:00:00,46.72,47,46.71,47,20829,0
2017-10-13,18:00:00,47.02,47.1,46.95,46.9928,14901,0
2017-10-13,19:00:00,47,47.08,46.9593,46.9593,31003,0
2017-10-13,20:00:00,46.97,46.9946,46.8277,46.85,3270,0
2017-10-13,21:00:00,46.85,46.88,46.72,46.82,10388,0
2017-10-13,22:00:00,46.81,46.85,46.72,46.73,14517,0
2017-10-16,16:00:00,46.77,47.0608,46.77,47.0608,10147,0
2017-10-16,17:00:00,47.06,47.15,46.91,46.91,10876,0
2017-10-16,18:00:00,46.9017,47.0106,46.9017,46.94,3654,0
2017-10-16,19:00:00,46.9611,47.01,46.93,46.95,4543,0
2017-10-16,20:00:00,46.9414,47.0312,46.931,46.978,5253,0
2017-10-16,21:00:00,47.0032,47.0032,46.97,46.99,2441,0
2017-10-16,22:00:00,46.99,47.12,46.99,47.09,21990,0
2017-10-17,16:00:00,47.22,47.22,46.82,46.95,12487,0
2017-10-17,17:00:00,46.95,47.04,46.812,46.9032,14999,0
2017-10-17,18:00:00,46.99,47.05,46.89,46.96,8301,0
2017-10-17,19:00:00,46.9354,46.9354,46.8655,46.87,9490,0
2017-10-17,20:00:00,46.8636,46.89,46.71,46.71,8034,0
2017-10-17,21:00:00,46.68,46.72,46.64,46.7,11303,0
2017-10-17,22:00:00,46.67,46.6836,46.59,46.6336,12169,0
2017-10-18,16:00:00,46.67,46.76,46.5,46.69,21853,0
2017-10-18,17:00:00,46.7324,46.7324,46.5687,46.71,5860,0
2017-10-18,18:00:00,46.7245,46.82,46.71,46.803,3585,0
2017-10-18,19:00:00,46.8,46.87,46.8,46.81,7307,0
2017-10-18,20:00:00,46.83,46.88,46.83,46.8401,716,0
2017-10-18,21:00:00,46.86,46.86,46.797,46.8001,5263,0
2017-10-18,22:00:00,46.84,46.89,46.78,46.79,11082,0
2017-10-19,16:00:00,46.39,46.79,46.36,46.79,21374,0
2017-10-19,17:00:00,46.81,46.82,46.56,46.74,21487,0
2017-10-19,18:00:00,46.7,46.71,46.615,46.63,11346,0
2017-10-19,19:00:00,46.65,46.7988,46.65,46.78,8962,0
2017-10-19,20:00:00,46.89,47.0623,46.84,47.03,12991,0
2017-10-19,21:00:00,47.02,47.18,47.02,47.1,13841,0
2017-10-19,22:00:00,47.12,47.12,46.97,47.03,24333,0
2017-10-20,16:00:00,47.65,47.78,47.5,47.77,11117,0
2017-10-20,17:00:00,47.75,47.8,47.5,47.58,11983,0
2017-10-20,18:00:00,47.58,47.64,47.5511,47.6335,17765,0
2017-10-20,19:00:00,47.6611,47.68,47.598,47.6,15007,0
2017-10-20,20:00:00,47.5911,47.7116,47.5871,47.6668,7067,0
2017-10-20,21:00:00,47.67,47.6867,47.56,47.62,13057,0
2017-10-20,22:00:00,47.61,47.7,47.61,47.7,16159,0
2017-10-23,16:00:00,47.76,47.96,47.51,47.73,20863,0
2017-10-23,17:00:00,47.7,47.7,47.56,47.63,26105,0
2017-10-23,18:00:00,47.66,47.68,47.58,47.61,22427,0
2017-10-23,19:00:00,47.63,47.648,47.58,47.59,14982,0
2017-10-23,20:00:00,47.58,47.5932,47.5024,47.51,13496,0
2017-10-23,21:00:00,47.5,47.54,47.471,47.53,22963,0
2017-10-23,22:00:00,47.54,47.5461,47.38,47.44,39124,0
2017-10-24,16:00:00,47.67,47.9798,47.67,47.9683,7425,0
2017-10-24,17:00:00,47.83,47.93,47.62,47.7266,20625,0
2017-10-24,18:00:00,47.72,47.8232,47.68,47.79,131318,0
2017-10-24,19:00:00,47.78,47.8424,47.75,47.84,44326,0
2017-10-24,20:00:00,47.8,47.879,47.787,47.791,10067,0
2017-10-24,21:00:00,47.8,47.9,47.8,47.81,15180,0
2017-10-24,22:00:00,47.83,47.84,47.69,47.76,17446,0
2017-10-25,16:00:00,47.99,47.99,47.6401,47.77,5507,0
2017-10-25,17:00:00,47.84,47.84,47.45,47.54,12364,0
2017-10-25,18:00:00,47.38,47.59,47.33,47.37,10009,0
2017-10-25,19:00:00,47.39,47.3928,47.21,47.39,6528,0
2017-10-25,20:00:00,47.3233,47.64,47.32,47.6,5211,0
2017-10-25,21:00:00,47.63,47.72,47.52,47.5723,6441,0
2017-10-25,22:00:00,47.595,47.689,47.53,47.57,16415,0
2017-10-26,16:00:00,47.73,47.91,47.34,47.9,8122,0
2017-10-26,17:00:00,47.86,47.93,47.69,47.93,15294,0
2017-10-26,18:00:00,47.94,48.13,47.94,48.02,14547,0
2017-10-26,19:00:00,48.01,48.07,47.89,47.96,6901,0
2017-10-26,20:00:00,47.94,48.084,47.94,48.02,9154,0
2017-10-26,21:00:00,47.9855,48.06,47.98,48.0521,5687,0
2017-10-26,22:00:00,48.04,48.09,48,48.04,20169,0
2017-10-27,16:00:00,47.88,48.19,47.88,48.08,13796,0
2017-10-27,17:00:00,48.08,48.19,47.86,48.18,30833,0
2017-10-27,18:00:00,48.1522,48.27,48.12,48.16,19442,0
2017-10-27,19:00:00,48.1902,48.259,48.12,48.19,6645,0
2017-10-27,20:00:00,48.22,48.2431,48.15,48.15,10727,0
2017-10-27,21:00:00,48.17,48.249,48.14,48.16,13710,0
2017-10-27,22:00:00,48.15,48.21,48.1,48.21,15797,0
2017-10-30,15:00:00,47.93,48.0209,47.7611,47.78,11671,0
2017-10-30,16:00:00,47.93,48.11,47.86,47.99,11247,0
2017-10-30,17:00:00,48.01,48.14,47.8,47.8499,9362,0
2017-10-30,18:00:00,47.89,47.89,47.7143,47.81,15434,0
2017-10-30,19:00:00,47.83,47.84,47.66,47.66,5439,0
2017-10-30,20:00:00,47.64,47.81,47.64,47.7588,14142,0
2017-10-30,21:00:00,47.76,47.83,47.72,47.77,20068,0
2017-10-31,15:00:00,47.78,47.94,47.75,47.82,3438,0
2017-10-31,16:00:00,47.89,48.12,47.888,48.12,7850,0
2017-10-31,17:00:00,48.1,48.17,48.01,48.06,9667,0
2017-10-31,18:00:00,48.05,48.05,47.921,47.921,4071,0
2017-10-31,19:00:00,47.85,47.99,47.83,47.99,4939,0
2017-10-31,20:00:00,47.98,47.99,47.92,47.99,4053,0
2017-10-31,21:00:00,48.02,48.03,47.8,47.825,7244,0
2017-11-01,15:00:00,48.01,48.26,48.01,48.26,3920,0
2017-11-01,16:00:00,48.21,48.23,47.96,48.042,12863,0
2017-11-01,17:00:00,48.02,48.033,47.83,47.85,13338,0
2017-11-01,18:00:00,47.8749,47.8749,47.68,47.7351,6677,0
2017-11-01,19:00:00,47.7224,47.8132,47.66,47.8132,14189,0
2017-11-01,20:00:00,47.84,47.93,47.7,47.88,11278,0
2017-11-01,21:00:00,47.86,47.88,47.74,47.77,19272,0
2017-11-02,15:00:00,47.69,47.8982,47.65,47.86,43937,0
2017-11-02,16:00:00,47.78,47.78,47.3903,47.73,11940,0
2017-11-02,17:00:00,47.74,47.79,47.73,47.784,4930,0
2017-11-02,18:00:00,47.74,48.13,47.74,48.07,21519,0
2017-11-02,19:00:00,48.01,48.01,47.82,47.87,8250,0
2017-11-02,20:00:00,47.8681,47.96,47.85,47.88,6139,0
2017-11-02,21:00:00,47.88,48.17,47.8464,48.1,21910,0
2017-11-03,15:00:00,48.02,48.02,47.74,47.8,14907,0
2017-11-03,16:00:00,47.83,47.91,47.69,47.9,18088,0
2017-11-03,17:00:00,47.92,48.05,47.9,47.9,18728,0
2017-11-03,18:00:00,47.9,48.08,47.8974,48.08,6260,0
2017-11-03,19:00:00,48.06,48.06,47.99,48.02,13034,0
2017-11-03,20:00:00,48.035,48.0706,47.98,48.05,7277,0
2017-11-03,21:00:00,48.03,48.09,47.98,48.05,24343,0
2017-11-06,16:00:00,47.89,47.94,47.81,47.94,5324,0
2017-11-06,17:00:00,47.9935,48.05,47.89,47.9801,10244,0
2017-11-06,18:00:00,47.91,47.937,47.84,47.87,5556,0
2017-11-06,19:00:00,47.84,47.98,47.84,47.98,5438,0
2017-11-06,20:00:00,47.97,48.01,47.8889,47.8889,5281,0
2017-11-06,21:00:00,47.89,48.0013,47.89,47.9903,7755,0
2017-11-06,22:00:00,48.02,48.08,47.98,47.98,14670,0
2017-11-07,16:00:00,48.04,48.11,47.92,47.98,4999,0
2017-11-07,17:00:00,47.857,47.86,47.47,47.47,104242,0
2017-11-07,19:00:00,47.07,47.07,46.84,46.87,51213,0
2017-11-07,20:00:00,46.88,47,46.88,46.901,6887,0
2017-11-07,21:00:00,46.99,47.078,46.74,46.74,11933,0
2017-11-07,22:00:00,46.74,46.77,46.63,46.65,23558,0
2017-11-08,16:00:00,46.61,46.61,46.11,46.28,24720,0
2017-11-08,17:00:00,46.31,46.34,46.05,46.2,39231,0
2017-11-08,18:00:00,46.24,46.26,46.06,46.25,23430,0
2017-11-08,19:00:00,46.26,46.39,46.24,46.39,20433,0
2017-11-08,20:00:00,46.39,46.45,46.31,46.38,10728,0
2017-11-08,21:00:00,46.34,46.34,46.21,46.23,28268,0
2017-11-08,22:00:00,46.21,46.3,46.17,46.23,18010,0
2017-11-09,16:00:00,45.96,46.03,45.82,45.86,33503,0
2017-11-09,17:00:00,45.93,46.3,45.93,46.28,14670,0
2017-11-09,18:00:00,46.27,46.28,45.67,45.69,14998,0
2017-11-09,19:00:00,45.73,45.77,45.41,45.66,13934,0
2017-11-09,20:00:00,45.63,45.76,45.54,45.74,19624,0
2017-11-09,21:00:00,45.7167,45.7762,45.57,45.62,11885,0
2017-11-09,22:00:00,45.5912,45.81,45.57,45.8,12526,0
2017-11-10,16:00:00,45.88,46.11,45.84,45.85,31107,0
2017-11-10,17:00:00,45.82,45.8699,45.705,45.8134,23199,0
2017-11-10,18:00:00,45.9003,46.02,45.9003,45.96,22357,0
2017-11-10,19:00:00,45.99,45.99,45.83,45.86,23916,0
2017-11-10,20:00:00,45.84,45.87,45.78,45.81,2383,0
2017-11-10,21:00:00,45.7851,45.8035,45.71,45.73,25339,0
2017-11-10,22:00:00,45.72,45.72,45.59,45.61,34184,0
2017-11-13,16:00:00,45.36,45.5,45.2,45.489,22409,0
2017-11-13,17:00:00,45.5,45.57,45.43,45.49,12453,0
2017-11-13,18:00:00,45.4339,45.6026,45.4339,45.6026,10913,0
2017-11-13,19:00:00,45.62,45.756,45.61,45.756,11390,0
2017-11-13,20:00:00,45.797,46.04,45.79,46.04,2500,0
2017-11-13,21:00:00,46.03,46.08,46,46.07,11188,0
2017-11-13,22:00:00,46.0501,46.15,46.0501,46.08,20953,0
2017-11-14,16:00:00,45.79,46.24,45.79,46.23,3216,0
2017-11-14,17:00:00,46.16,46.41,46.0642,46.401,65466,0
2017-11-14,18:00:00,46.38,46.38,46.19,46.26,13931,0
2017-11-14,19:00:00,46.3,46.3129,46.17,46.17,13014,0
2017-11-14,20:00:00,46.17,46.25,46.16,46.2,7476,0
2017-11-14,21:00:00,46.212,46.32,46.2,46.27,38574,0
2017-11-14,22:00:00,46.29,46.41,46.2865,46.4,46418,0
2017-11-15,16:00:00,45.89,46.35,45.8,46.1,20374,0
2017-11-15,17:00:00,46.03,46.53,46.03,46.53,30973,0
2017-11-15,18:00:00,46.56,46.75,46.54,46.611,16758,0
2017-11-15,19:00:00,46.56,46.6134,46.53,46.5915,4166,0
2017-11-15,20:00:00,46.588,46.63,46.46,46.46,9876,0
2017-11-15,21:00:00,46.48,46.56,46.4309,46.55,15379,0
2017-11-15,22:00:00,46.51,46.59,46.38,46.47,8385,0
2017-11-16,16:00:00,46.75,46.81,46.54,46.62,20238,0
2017-11-16,17:00:00,46.61,46.7,46.47,46.63,25894,0
2017-11-16,18:00:00,46.6529,46.6599,46.4761,46.5532,36935,0
2017-11-16,19:00:00,46.59,46.68,46.58,46.67,19675,0
2017-11-16,20:00:00,46.68,46.73,46.55,46.58,27805,0
2017-11-16,21:00:00,46.58,46.66,46.48,46.48,19791,0
2017-11-16,22:00:00,46.465,46.465,46.33,46.35,54559,0
2017-11-17,16:00:00,46.2,46.23,45.86,46.16,12657,0
2017-11-17,17:00:00,46.09,46.44,46.09,46.4,13299,0
2017-11-17,18:00:00,46.34,46.6,46.34,46.59,23799,0
2017-11-17,19:00:00,46.58,46.66,46.53,46.63,15116,0
2017-11-17,20:00:00,46.63,46.69,46.59,46.63,10827,0
2017-11-17,21:00:00,46.63,46.68,46.61,46.6247,16703,0
2017-11-17,22:00:00,46.59,46.6059,46.54,46.58,25407,0
2017-11-20,16:00:00,46.72,46.72,46.55,46.6,7751,0
2017-11-20,17:00:00,46.6,46.79,46.6,46.743,4358,0
2017-11-20,18:00:00,46.73,46.74,46.67,46.69,18251,0
2017-11-20,19:00:00,46.73,46.74,46.649,46.69,8738,0
2017-11-20,20:00:00,46.7001,46.82,46.7,46.82,4369,0
2017-11-20,21:00:00,46.83,46.83,46.74,46.81,11224,0
2017-11-20,22:00:00,46.81,46.86,46.741,46.85,28525,0
2017-11-21,16:00:00,47.04,47.04,46.7,46.719,6853,0
2017-11-21,17:00:00,46.68,46.77,46.62,46.75,9881,0
2017-11-21,18:00:00,46.75,46.7605,46.6128,46.62,9675,0
2017-11-21,19:00:00,46.61,46.69,46.6,46.67,7335,0
2017-11-21,20:00:00,46.6622,46.7295,46.6622,46.71,3137,0
2017-11-21,21:00:00,46.7248,46.7505,46.68,46.75,9264,0
2017-11-21,22:00:00,46.77,46.77,46.69,46.71,12100,0
2017-11-22,16:00:00,46.72,46.9145,46.71,46.78,7166,0
2017-11-22,17:00:00,46.82,46.8632,46.79,46.842,4010,0
2017-11-22,18:00:00,46.86,46.86,46.6,46.6,3922,0
2017-11-22,19:00:00,46.67,46.71,46.63,46.71,7507,0
2017-11-22,20:00:00,46.71,46.71,46.66,46.7055,4752,0
2017-11-22,21:00:00,46.69,46.7151,46.662,46.677,23138,0
2017-11-22,22:00:00,46.6732,46.7098,46.61,46.61,11726,0
2017-11-24,16:00:00,46.78,46.78,46.62,46.72,3279,0
2017-11-24,17:00:00,46.65,46.65,46.39,46.44,8320,0
2017-11-24,18:00:00,46.45,46.53,46.4374,46.53,5450,0
2017-11-24,19:00:00,46.52,46.521,46.39,46.4,16534,0
2017-11-24,20:00:00,46.4,46.4,46.4,46.4,141,0
2017-11-24,22:00:00,46.4,46.4,46.4,46.4,0,0
2017-11-27,16:00:00,46.43,46.629,46.37,46.58,21755,0
2017-11-27,17:00:00,46.58,46.62,46.53,46.57,11792,0
2017-11-27,18:00:00,46.56,46.56,46.3988,46.46,11325,0
2017-11-27,19:00:00,46.43,46.481,46.43,46.481,5117,0
2017-11-27,20:00:00,46.53,46.5832,46.53,46.56,7270,0
2017-11-27,21:00:00,46.53,46.55,46.46,46.46,9737,0
2017-11-27,22:00:00,46.4538,46.5,46.43,46.43,64311,0
2017-11-28,16:00:00,46.59,46.73,46.59,46.73,3098,0
2017-11-28,17:00:00,46.7301,46.77,46.65,46.76,6894,0
2017-11-28,18:00:00,46.78,46.88,46.73,46.88,4724,0
2017-11-28,19:00:00,46.92,47.24,46.92,47.24,36679,0
2017-11-28,20:00:00,47.39,47.41,47.2099,47.27,3560,0
2017-11-28,21:00:00,47.21,47.67,47.2,47.67,8369,0
2017-11-28,22:00:00,47.62,47.88,47.61,47.84,59499,0
2017-11-29,16:00:00,48.32,49.23,48.32,49.23,28249,0
2017-11-29,17:00:00,49.1968,49.6,49.05,49.5599,16400,0
2017-11-29,18:00:00,49.55,49.6301,49.2508,49.2508,33658,0
2017-11-29,19:00:00,49.29,49.35,49.14,49.32,16153,0
2017-11-29,20:00:00,49.28,49.28,48.82,48.87,12557,0
2017-11-29,21:00:00,48.89,49.35,48.8899,49.31,26955,0
2017-11-29,22:00:00,49.37,49.5,49.34,49.42,22207,0
2017-11-30,16:00:00,49.8,49.84,49.46,49.5474,25455,0
2017-11-30,17:00:00,49.48,49.81,49.43,49.81,17427,0
2017-11-30,18:00:00,49.8422,50.0529,49.82,49.8905,19035,0
2017-11-30,19:00:00,49.91,50.2599,49.91,50.24,10919,0
2017-11-30,20:00:00,50.21,50.3,49.74,49.74,18650,0
2017-11-30,21:00:00,49.73,49.78,49.51,49.54,30197,0
2017-11-30,22:00:00,49.4453,49.55,49.25,49.38,41031,0
2017-12-01,16:00:00,49.4,49.57,48.971,49.0058,31477,0
2017-12-01,17:00:00,48.92,49.66,48.82,49.63,28293,0
2017-12-01,18:00:00,49.6209,49.63,47.88,48.82,100455,0
2017-12-01,19:00:00,48.7956,49.06,48.73,49.049,25106,0
2017-12-01,20:00:00,49.0462,49.42,49.0462,49.22,16203,0
2017-12-01,21:00:00,49.2092,49.2998,49.11,49.12,14685,0
2017-12-01,22:00:00,49.12,49.44,49.05,49.41,35899,0
2017-12-04,16:00:00,50.54,50.77,50.38,50.62,116409,0
2017-12-04,17:00:00,50.56,50.93,50.52,50.84,36688,0
2017-12-04,18:00:00,50.82,50.83,50.58,50.68,36024,0
2017-12-04,19:00:00,50.68,50.76,50.47,50.65,20047,0
2017-12-04,20:00:00,50.64,50.7,50.51,50.69,17072,0
2017-12-04,21:00:00,50.6905,50.6905,50.27,50.29,38093,0
2017-12-04,22:00:00,50.29,50.46,50.26,50.26,72534,0
2017-12-05,16:00:00,50.45,50.76,49.886,50,34185,0
2017-12-05,17:00:00,50,50.24,49.96,50.24,17445,0
2017-12-05,18:00:00,50.3024,50.3932,50.19,50.21,22765,0
2017-12-05,19:00:00,50.1876,50.2,50.05,50.0786,8257,0
2017-12-05,20:00:00,50.06,50.179,49.98,50.01,10598,0
2017-12-05,21:00:00,50.01,50.0706,49.69,49.73,38034,0
2017-12-05,22:00:00,49.72,49.73,49.43,49.52,31108,0
2017-12-06,16:00:00,49.38,49.389,49.1,49.2632,17237,0
2017-12-06,17:00:00,49.34,49.73,49.33,49.73,20358,0
2017-12-06,18:00:00,49.75,49.77,49.61,49.63,8803,0
2017-12-06,19:00:00,49.579,49.7445,49.51,49.71,64246,0
2017-12-06,20:00:00,49.7,49.7835,49.6735,49.69,10726,0
2017-12-06,21:00:00,49.679,49.7,49.55,49.5799,12237,0
2017-12-06,22:00:00,49.5662,49.6023,49.3,49.32,23556,0
