Date,Time,Open,High,Low,Close,Volume,OpenInt
2017-05-16,16:00:00,98.087,98.47,97.947,98.427,225060,0
2017-05-16,17:00:00,98.437,98.47,97.707,97.907,281751,0
2017-05-16,18:00:00,97.957,98.267,97.87,98.227,164772,0
2017-05-16,19:00:00,98.193,98.363,98.173,98.267,57408,0
2017-05-16,20:00:00,98.243,98.283,98.053,98.103,140748,0
2017-05-16,21:00:00,98.01,98.093,97.83,97.963,98694,0
2017-05-16,22:00:00,97.96,98.363,97.96,98.343,266022,0
2017-05-17,16:00:00,97.31,97.587,96.963,97.01,270270,0
2017-05-17,17:00:00,97.033,97.34,96.677,96.683,411576,0
2017-05-17,18:00:00,96.71,97.243,96.51,97.22,392130,0
2017-05-17,19:00:00,97.197,97.207,96.847,96.943,238773,0
2017-05-17,20:00:00,96.943,96.97,96.677,96.727,126369,0
2017-05-17,21:00:00,96.8,96.903,96.12,96.487,696564,0
2017-05-17,22:00:00,96.423,96.737,96.03,96.107,668904,0
2017-05-18,16:00:00,96.253,97.3,96.213,96.96,370275,0
2017-05-18,17:00:00,97.01,97.75,97.01,97.313,209412,0
2017-05-18,18:00:00,97.363,97.52,96.63,96.63,211767,0
2017-05-18,19:00:00,96.667,97.033,96.547,96.86,94155,0
2017-05-18,20:00:00,96.893,97.383,96.75,97.337,70860,0
2017-05-18,21:00:00,97.357,97.577,97.023,97.023,286008,0
2017-05-18,22:00:00,97.13,97.637,97.13,97.41,529668,0
2017-05-19,16:00:00,97.65,98.157,97.157,98.067,326670,0
2017-05-19,17:00:00,98.067,98.067,97.113,97.217,148413,0
2017-05-19,18:00:00,97.22,97.553,97.183,97.543,160557,0
2017-05-19,19:00:00,97.533,97.627,97.47,97.577,127383,0
2017-05-19,20:00:00,97.593,97.593,97.14,97.167,126663,0
2017-05-19,21:00:00,97.13,97.183,97,97.017,166245,0
2017-05-19,22:00:00,97.04,97.067,96.617,96.727,668667,0
2017-05-22,16:00:00,96.75,96.867,96.387,96.7,398634,0
2017-05-22,17:00:00,96.75,96.967,96.443,96.5,482403,0
2017-05-22,18:00:00,96.49,96.58,96.197,96.577,234297,0
2017-05-22,19:00:00,96.587,96.893,96.52,96.72,306195,0
2017-05-22,20:00:00,96.783,96.843,96.543,96.647,257304,0
2017-05-22,21:00:00,96.643,96.953,96.563,96.777,117450,0
2017-05-22,22:00:00,96.777,97.067,96.667,97.017,435228,0
2017-05-23,16:00:00,97.077,97.14,96.797,97.027,234936,0
2017-05-23,17:00:00,97.027,97.157,96.473,96.76,429747,0
2017-05-23,18:00:00,96.797,97.087,96.78,97.017,188568,0
2017-05-23,19:00:00,96.977,97.013,96.593,96.643,156144,0
2017-05-23,20:00:00,96.69,96.787,96.603,96.703,147867,0
2017-05-23,21:00:00,96.697,97.01,96.59,96.953,173082,0
2017-05-23,22:00:00,96.953,97.023,96.717,96.897,343623,0
2017-05-24,16:00:00,96.9,97.007,96.08,96.237,274848,0
2017-05-24,17:00:00,96.23,96.703,96.01,96.68,245778,0
2017-05-24,18:00:00,96.72,96.983,96.603,96.907,308784,0
2017-05-24,19:00:00,96.86,97.16,96.86,96.97,284046,0
2017-05-24,20:00:00,96.977,97.09,96.757,97,257655,0
2017-05-24,21:00:00,96.947,97.023,96.747,96.96,119472,0
2017-05-24,22:00:00,97.003,97.133,96.88,96.963,349455,0
2017-05-25,16:00:00,97.577,97.577,97.097,97.113,164448,0
2017-05-25,17:00:00,97.133,97.277,96.77,96.963,589113,0
2017-05-25,18:00:00,96.993,97.147,96.843,96.86,142449,0
2017-05-25,19:00:00,96.853,97.027,96.78,96.857,144054,0
2017-05-25,20:00:00,96.85,96.947,96.803,96.947,95538,0
2017-05-25,21:00:00,96.963,96.98,96.803,96.887,350712,0
2017-05-25,22:00:00,96.867,96.92,96.737,96.75,472110,0
2017-05-26,16:00:00,96.49,96.923,96.49,96.65,133419,0
2017-05-26,17:00:00,96.65,96.72,96.413,96.55,108069,0
2017-05-26,18:00:00,96.533,96.747,96.41,96.423,166611,0
2017-05-26,19:00:00,96.337,96.477,96.177,96.35,204693,0
2017-05-26,20:00:00,96.323,96.4,96.17,96.19,202515,0
2017-05-26,21:00:00,96.19,96.217,95.933,96.08,148965,0
2017-05-26,22:00:00,96.07,96.183,95.977,95.987,519168,0
2017-05-30,16:00:00,95.913,96.14,95.64,95.683,255003,0
2017-05-30,17:00:00,95.71,95.863,95.48,95.48,284616,0
2017-05-30,18:00:00,95.487,95.54,94.743,94.873,536154,0
2017-05-30,19:00:00,94.873,95.207,94.823,94.873,169809,0
2017-05-30,20:00:00,94.873,94.993,94.66,94.663,242412,0
2017-05-30,21:00:00,94.657,94.7,94.48,94.567,325446,0
2017-05-30,22:00:00,94.577,94.89,94.55,94.68,613812,0
2017-05-31,16:00:00,94.913,95.17,94.177,94.26,351918,0
2017-05-31,17:00:00,94.187,94.873,94.113,94.837,611106,0
2017-05-31,18:00:00,94.827,95.09,94.533,94.75,655614,0
2017-05-31,19:00:00,94.763,94.877,94.58,94.617,526545,0
2017-05-31,20:00:00,94.63,94.773,94.537,94.593,241998,0
2017-05-31,21:00:00,94.593,94.767,94.41,94.687,363087,0
2017-05-31,22:00:00,94.72,95.37,94.71,95.163,1064454,0
2017-06-01,16:00:00,95.413,96.387,95.27,96.03,438621,0
2017-06-01,17:00:00,96.033,96.29,95.907,96.1,256527,0
2017-06-01,18:00:00,96.107,96.627,96.103,96.59,261558,0
2017-06-01,19:00:00,96.62,96.81,96.463,96.667,328428,0
2017-06-01,20:00:00,96.717,96.917,96.66,96.743,241695,0
2017-06-01,21:00:00,96.77,97.05,96.743,96.87,328125,0
2017-06-01,22:00:00,96.85,97.067,96.673,96.903,997839,0
2017-06-02,16:00:00,97.243,97.747,97.197,97.407,326496,0
2017-06-02,17:00:00,97.34,98.043,97.147,97.937,433698,0
2017-06-02,18:00:00,97.97,98.303,97.787,98.107,334044,0
2017-06-02,19:00:00,98.127,98.24,98,98.203,142821,0
2017-06-02,20:00:00,98.243,98.487,98.167,98.393,289023,0
2017-06-02,21:00:00,98.407,98.527,98.307,98.503,183579,0
2017-06-02,22:00:00,98.52,98.793,98.31,98.507,1310871,0
2017-06-05,16:00:00,98.76,98.937,97.96,98.39,524490,0
2017-06-05,17:00:00,98.373,98.38,97.5,97.53,307722,0
2017-06-05,18:00:00,97.53,97.72,97.16,97.71,250926,0
2017-06-05,19:00:00,97.657,98.077,97.62,98.05,237060,0
2017-06-05,20:00:00,98.057,98.49,98.04,98.207,569613,0
2017-06-05,21:00:00,98.173,98.173,97.823,97.867,144942,0
2017-06-05,22:00:00,97.823,98.06,97.793,97.96,314151,0
2017-06-06,16:00:00,97.6,98.14,97.33,98.097,209904,0
2017-06-06,17:00:00,98.133,98.24,97.337,97.35,317868,0
2017-06-06,18:00:00,97.373,97.71,97.277,97.537,87018,0
2017-06-06,19:00:00,97.503,97.557,97.387,97.51,92085,0
2017-06-06,20:00:00,97.51,97.667,97.433,97.62,59703,0
2017-06-06,21:00:00,97.607,97.923,97.607,97.857,69027,0
2017-06-06,22:00:00,97.863,97.917,97.353,97.51,335637,0
2017-06-07,16:00:00,97.66,98.05,97.55,97.743,118116,0
2017-06-07,17:00:00,97.793,97.953,97.507,97.773,146136,0
2017-06-07,18:00:00,97.81,98.033,97.77,97.777,127398,0
2017-06-07,19:00:00,97.723,97.76,97.093,97.223,139302,0
2017-06-07,20:00:00,97.2,97.373,97.097,97.247,95070,0
2017-06-07,21:00:00,97.263,97.54,97.167,97.483,141081,0
2017-06-07,22:00:00,97.497,97.737,97.307,97.57,393039,0
2017-06-08,16:00:00,97.517,97.813,97.417,97.647,117279,0
2017-06-08,17:00:00,97.663,98.187,97.48,98.093,189774,0
2017-06-08,18:00:00,98.18,98.4,97.987,98.213,279519,0
2017-06-08,19:00:00,98.203,98.513,98.027,98.203,99684,0
2017-06-08,20:00:00,98.163,98.227,97.867,98.117,62247,0
2017-06-08,21:00:00,98.157,98.157,97.753,97.8,129381,0
2017-06-08,22:00:00,97.803,98.247,97.78,98.16,560937,0
2017-06-09,16:00:00,98.223,98.397,97.807,98.253,119046,0
2017-06-09,17:00:00,98.317,98.99,98.197,98.99,475599,0
2017-06-09,18:00:00,98.99,99.28,98.857,99.107,686166,0
2017-06-09,19:00:00,99.11,99.347,98.903,99.267,409491,0
2017-06-09,20:00:00,99.227,99.423,98.66,98.747,505470,0
2017-06-09,21:00:00,98.69,98.77,97.457,97.957,364383,0
2017-06-09,22:00:00,97.967,98.4,97.717,97.947,661638,0
2017-06-12,16:00:00,97.46,98.54,96.93,97.183,820932,0
2017-06-12,17:00:00,97.23,97.58,97.043,97.293,840690,0
2017-06-12,18:00:00,97.38,97.823,97.053,97.593,194064,0
2017-06-12,19:00:00,97.593,97.703,97.387,97.423,171249,0
2017-06-12,20:00:00,97.407,97.553,97.283,97.373,206070,0
2017-06-12,21:00:00,97.38,97.79,97.373,97.6,236439,0
2017-06-12,22:00:00,97.6,97.823,97.317,97.653,818910,0
2017-06-13,16:00:00,98.02,98.02,97.243,97.563,109362,0
2017-06-13,17:00:00,97.607,97.81,97.34,97.593,130629,0
2017-06-13,18:00:00,97.49,98.007,97.38,97.94,230799,0
2017-06-13,19:00:00,97.937,98.077,97.69,97.897,114930,0
2017-06-13,20:00:00,97.897,98.063,97.713,98.033,89775,0
2017-06-13,21:00:00,98.027,98.147,97.963,98.147,106041,0
2017-06-13,22:00:00,98.117,98.157,97.923,98.053,890418,0
2017-06-14,16:00:00,98.3,98.47,97.997,98.333,158400,0
2017-06-14,17:00:00,98.377,98.443,97.85,98.247,95778,0
2017-06-14,18:00:00,98.23,98.91,98.16,98.89,269850,0
2017-06-14,19:00:00,98.89,99.103,98.773,98.983,197715,0
2017-06-14,20:00:00,98.983,99.227,98.963,99.053,184914,0
2017-06-14,21:00:00,99.003,99.253,98.373,98.55,399135,0
2017-06-14,22:00:00,98.51,98.69,98.2,98.607,990483,0
2017-06-15,16:00:00,98.18,98.227,97.283,97.617,366168,0
2017-06-15,17:00:00,97.623,98.197,97.527,97.937,862503,0
2017-06-15,18:00:00,97.917,98.04,97.65,97.71,303294,0
2017-06-15,19:00:00,97.633,97.887,97.58,97.867,51105,0
2017-06-15,20:00:00,97.803,97.883,96.977,97.143,1998639,0
2017-06-15,21:00:00,97.1,97.743,97.043,97.483,490620,0
2017-06-15,22:00:00,97.483,98.1,97.433,97.843,704325,0
2017-06-16,16:00:00,97.663,97.823,97.143,97.52,189411,0
2017-06-16,17:00:00,97.52,97.747,96.743,96.917,208827,0
2017-06-16,18:00:00,96.883,97.267,96.827,97.157,151320,0
2017-06-16,19:00:00,97.213,97.473,97.183,97.313,199713,0
2017-06-16,20:00:00,97.383,97.497,97.25,97.4,94995,0
2017-06-16,21:00:00,97.39,97.573,97.337,97.487,229038,0
2017-06-16,22:00:00,97.537,97.7,97.133,97.487,780246,0
2017-06-19,16:00:00,98.15,98.343,97.807,98.257,171879,0
2017-06-19,17:00:00,98.297,99.09,98.24,98.813,387006,0
2017-06-19,18:00:00,98.767,99.54,98.75,99.477,333144,0
2017-06-19,19:00:00,99.483,100.07,99.477,99.99,504510,0
2017-06-19,20:00:00,99.99,100.24,99.81,99.87,363792,0
2017-06-19,21:00:00,99.87,100.07,99.76,99.87,185406,0
2017-06-19,22:00:00,99.9,100.05,99.48,99.84,1058286,0
2017-06-20,16:00:00,100.05,100.91,99.84,100.91,1051080,0
2017-06-20,17:00:00,100.81,102.44,100.6,102.36,2630262,0
2017-06-20,18:00:00,102.35,102.61,102.06,102.07,1774521,0
2017-06-20,19:00:00,102.08,102.14,101.83,101.97,853611,0
2017-06-20,20:00:00,102,102.25,101.97,102.2,544689,0
2017-06-20,21:00:00,102.19,102.41,101.68,101.71,673680,0
2017-06-20,22:00:00,101.71,101.79,100.87,101.1,2325810,0
2017-06-21,16:00:00,102.14,103.41,101.79,103.35,1858680,0
2017-06-21,17:00:00,103.37,104.3,103.34,104.12,2845752,0
2017-06-21,18:00:00,104.12,104.15,103.39,104.13,903849,0
2017-06-21,19:00:00,104.41,104.79,104.38,104.41,1062027,0
2017-06-21,20:00:00,104.41,104.87,104.27,104.85,1123977,0
2017-06-21,21:00:00,104.83,105.06,104.68,104.89,868719,0
2017-06-21,22:00:00,104.87,105.35,104.69,105.27,4168461,0
2017-06-22,16:00:00,105.91,106.95,105.59,106.53,2392329,0
2017-06-22,17:00:00,106.5,107.12,106.1,106.71,2041410,0
2017-06-22,18:00:00,106.71,107.17,106.54,106.99,964293,0
2017-06-22,19:00:00,107,107.72,106.89,107.52,1086789,0
2017-06-22,20:00:00,107.51,107.61,106.97,106.97,717972,0
2017-06-22,21:00:00,107,107.05,106.33,106.75,1053096,0
2017-06-22,22:00:00,106.73,106.9,106.49,106.6,1274460,0
2017-06-23,16:00:00,106.45,106.73,105.28,105.65,1407102,0
2017-06-23,17:00:00,105.73,106.41,105.58,106.16,794949,0
2017-06-23,18:00:00,106.23,106.3,105.35,105.79,732231,0
2017-06-23,19:00:00,105.76,106.3,105.68,106.21,404163,0
2017-06-23,20:00:00,106.24,106.65,106.07,106.37,522930,0
2017-06-23,21:00:00,106.39,106.48,106.08,106.21,513321,0
2017-06-23,22:00:00,106.21,106.99,105.93,106.81,2388252,0
2017-06-26,16:00:00,107.03,107.19,106.1,106.7,788925,0
2017-06-26,17:00:00,106.7,106.97,105.9,106.23,684801,0
2017-06-26,18:00:00,106.22,106.37,105.75,106.34,537798,0
2017-06-26,19:00:00,106.36,107.14,106.3,106.98,511275,0
2017-06-26,20:00:00,106.96,106.98,106.61,106.74,319797,0
2017-06-26,21:00:00,106.75,106.76,106.4,106.53,315069,0
2017-06-26,22:00:00,106.58,106.78,106.4,106.47,580830,0
2017-06-27,16:00:00,106.25,106.46,105.85,106.02,273807,0
2017-06-27,17:00:00,106.03,106.33,105.7,105.75,988113,0
2017-06-27,18:00:00,105.86,106.33,105.8,105.97,272700,0
2017-06-27,19:00:00,105.99,106.06,105.3,105.44,262689,0
2017-06-27,20:00:00,105.41,105.58,104.54,104.66,470925,0
2017-06-27,21:00:00,104.68,104.87,104.27,104.49,795105,0
2017-06-27,22:00:00,104.46,104.59,103.46,103.59,1728618,0
2017-06-28,16:00:00,104,104.38,103.46,103.56,1009092,0
2017-06-28,17:00:00,103.51,104.77,103.47,104.64,662553,0
2017-06-28,18:00:00,104.6,105.02,104.45,104.68,429846,0
2017-06-28,19:00:00,104.7,105.3,104.51,105.15,209151,0
2017-06-28,20:00:00,105.2,105.59,105.03,105.49,295692,0
2017-06-28,21:00:00,105.57,105.75,105.23,105.71,365745,0
2017-06-28,22:00:00,105.73,105.85,105.47,105.59,912957,0
2017-06-29,16:00:00,105.63,105.65,104.46,104.6,353922,0
2017-06-29,17:00:00,104.55,104.7,104.03,104.43,624987,0
2017-06-29,18:00:00,104.47,104.56,103.63,103.72,641649,0
2017-06-29,19:00:00,103.73,104.01,103.5,103.5,242685,0
2017-06-29,20:00:00,103.48,103.69,102.87,103.37,388032,0
2017-06-29,21:00:00,103.37,104,103.19,103.5,251073,0
2017-06-29,22:00:00,103.5,104.29,103.5,104.08,1086438,0
2017-06-30,16:00:00,104.36,104.55,103.4,103.52,255099,0
2017-06-30,17:00:00,103.46,103.91,103.08,103.63,208494,0
2017-06-30,18:00:00,103.63,103.64,103.28,103.47,118023,0
2017-06-30,19:00:00,103.36,103.47,103.26,103.4,163239,0
2017-06-30,20:00:00,103.4,103.5,103.25,103.42,136482,0
2017-06-30,21:00:00,103.37,103.67,103.33,103.67,168600,0
2017-06-30,22:00:00,103.67,103.72,103.29,103.32,577893,0
2017-07-03,16:00:00,103.93,104.49,103.65,104.2,482856,0
2017-07-03,17:00:00,104.21,104.43,103.47,103.47,258216,0
2017-07-03,18:00:00,103.46,104.03,103.31,103.75,240984,0
2017-07-03,19:00:00,103.74,103.92,103.37,103.67,248901,0
2017-07-03,20:00:00,103.69,103.72,102.82,103.61,23253,0
2017-07-05,16:00:00,104.04,104.17,103.62,103.81,198168,0
2017-07-05,17:00:00,103.68,105.05,103.43,104.82,859233,0
2017-07-05,18:00:00,104.85,105.36,104.39,104.5,1144047,0
2017-07-05,19:00:00,104.54,104.96,104.51,104.96,188205,0
2017-07-05,20:00:00,104.96,105.25,104.64,104.8,223677,0
2017-07-05,21:00:00,104.86,105.34,104.71,104.89,290538,0
2017-07-05,22:00:00,104.95,105.24,104.07,105.06,881967,0
2017-07-06,16:00:00,104.38,104.82,103.87,104.05,346239,0
2017-07-06,17:00:00,104,104.07,103.24,103.9,442800,0
2017-07-06,18:00:00,103.93,104.19,103.56,103.97,288774,0
2017-07-06,19:00:00,104.02,104.08,103.6,103.9,156645,0
2017-07-06,20:00:00,103.87,104.27,103.74,103.79,165246,0
2017-07-06,21:00:00,103.8,103.8,103.34,103.6,276213,0
2017-07-06,22:00:00,103.61,103.61,102.92,103.45,999945,0
2017-07-07,16:00:00,104.27,104.28,103.64,103.89,320601,0
2017-07-07,17:00:00,103.94,104.11,103.57,104.08,277692,0
2017-07-07,18:00:00,104.05,104.21,103.85,104.03,226191,0
2017-07-07,19:00:00,104.04,104.5,104.04,104.3,156249,0
2017-07-07,20:00:00,104.31,104.38,103.83,103.91,267168,0
2017-07-07,21:00:00,103.96,104.23,103.95,104.04,112419,0
2017-07-07,22:00:00,104.04,104.18,103.83,104.12,481587,0
2017-07-10,16:00:00,104.28,104.33,103.02,103.07,294561,0
2017-07-10,17:00:00,103.14,103.41,102.79,103.05,243657,0
2017-07-10,18:00:00,103.11,103.27,102.9,103.23,199626,0
2017-07-10,19:00:00,103.27,103.56,103.14,103.48,181392,0
2017-07-10,20:00:00,103.46,103.6,103.22,103.29,127335,0
2017-07-10,21:00:00,103.3,103.39,103.02,103.2,127551,0
2017-07-10,22:00:00,103.15,103.5,103.14,103.28,369297,0
2017-07-11,16:00:00,103.75,103.84,103.31,103.46,168561,0
2017-07-11,17:00:00,103.54,104.14,103.54,104.02,331437,0
2017-07-11,18:00:00,104.02,104.15,103.06,103.62,478080,0
2017-07-11,19:00:00,103.63,103.86,103.25,103.72,345798,0
2017-07-11,20:00:00,103.72,103.83,103.45,103.65,297438,0
2017-07-11,21:00:00,103.65,103.95,103.56,103.88,301968,0
2017-07-11,22:00:00,103.86,104.18,103.63,103.97,704097,0
2017-07-12,16:00:00,104.83,104.84,104.09,104.45,447795,0
2017-07-12,17:00:00,104.46,104.82,104.23,104.5,255333,0
2017-07-12,18:00:00,104.53,104.78,104.4,104.47,351996,0
2017-07-12,19:00:00,104.47,104.72,104.36,104.53,225600,0
2017-07-12,20:00:00,104.54,104.64,104.25,104.5,286065,0
2017-07-12,21:00:00,104.48,104.65,104.29,104.47,380064,0
2017-07-12,22:00:00,104.46,104.78,104.46,104.63,852276,0
2017-07-13,16:00:00,104.87,104.93,103.79,104.07,303189,0
2017-07-13,17:00:00,104.11,104.15,103.49,103.77,426564,0
2017-07-13,18:00:00,103.8,104.45,103.8,104.15,309027,0
2017-07-13,19:00:00,104.14,104.25,104.04,104.25,106974,0
2017-07-13,20:00:00,104.31,104.67,104.24,104.45,210507,0
2017-07-13,21:00:00,104.46,106,104.16,105.52,1973979,0
2017-07-13,22:00:00,105.52,105.99,105.24,105.38,1907319,0
2017-07-14,16:00:00,105.57,106.05,105.2,105.8,383991,0
2017-07-14,17:00:00,105.83,105.87,105.24,105.62,269481,0
2017-07-14,18:00:00,105.6,105.85,105.54,105.79,187212,0
2017-07-14,19:00:00,105.77,105.77,105.52,105.54,108930,0
2017-07-14,20:00:00,105.52,105.73,105.4,105.69,106296,0
2017-07-14,21:00:00,105.71,105.88,105.34,105.36,314835,0
2017-07-14,22:00:00,105.36,105.7,105.35,105.39,533385,0
2017-07-17,16:00:00,105.66,106.15,105.31,105.88,258906,0
2017-07-17,17:00:00,105.92,106.07,105.62,105.92,275097,0
2017-07-17,18:00:00,105.9,106.13,105.8,105.92,287610,0
2017-07-17,19:00:00,105.93,105.96,105.73,105.82,93672,0
2017-07-17,20:00:00,105.78,105.82,105.19,105.3,223491,0
2017-07-17,21:00:00,105.3,105.31,104.94,105.26,363486,0
2017-07-17,22:00:00,105.27,105.3,104.95,104.99,457020,0
2017-07-18,16:00:00,104.98,105.1,104.19,104.54,236634,0
2017-07-18,17:00:00,104.57,104.86,104.2,104.83,444159,0
2017-07-18,18:00:00,104.8,105.01,104.54,104.98,179340,0
2017-07-18,19:00:00,104.95,105.07,104.57,104.65,161517,0
2017-07-18,20:00:00,104.6,104.86,104.41,104.8,170931,0
2017-07-18,21:00:00,104.76,105,104.68,104.99,115857,0
2017-07-18,22:00:00,104.97,105.09,104.85,105.01,423573,0
2017-07-19,16:00:00,106.31,107.29,106.12,106.67,782055,0
2017-07-19,17:00:00,106.62,106.88,106.3,106.47,438039,0
2017-07-19,18:00:00,106.45,106.98,106.44,106.76,234960,0
2017-07-19,19:00:00,106.76,106.88,106.26,106.33,236655,0
2017-07-19,20:00:00,106.37,106.48,106.22,106.23,165816,0
2017-07-19,21:00:00,106.21,106.46,106.2,106.43,145254,0
2017-07-19,22:00:00,106.45,106.6,106.3,106.5,541041,0
2017-07-20,16:00:00,106.95,107.39,106.7,107.07,277011,0
2017-07-20,17:00:00,107.12,107.27,106.82,107.12,603249,0
2017-07-20,18:00:00,107.08,107.39,106.88,107.33,387672,0
2017-07-20,19:00:00,107.32,108.04,107.22,107.86,700206,0
2017-07-20,20:00:00,107.83,108.07,107.7,108.05,317673,0
2017-07-20,21:00:00,108.07,108.16,107.59,107.75,357369,0
2017-07-20,22:00:00,107.76,107.79,107.49,107.6,727875,0
2017-07-21,16:00:00,107.56,108.13,107.34,108.1,498126,0
2017-07-21,17:00:00,108.12,108.29,107.73,107.77,572643,0
2017-07-21,18:00:00,107.77,108.24,107.7,108.13,284688,0
2017-07-21,19:00:00,108.14,108.32,108.13,108.31,378234,0
2017-07-21,20:00:00,108.29,108.39,108.12,108.21,237525,0
2017-07-21,21:00:00,108.22,108.24,107.99,108.05,287880,0
2017-07-21,22:00:00,108.02,108.25,107.9,108.25,936699,0
2017-07-24,16:00:00,108.29,108.34,107.68,108.04,378702,0
2017-07-24,17:00:00,108.04,108.25,107.65,108.06,610968,0
2017-07-24,18:00:00,108.11,108.49,107.9,108.45,288657,0
2017-07-24,19:00:00,108.45,108.96,108.35,108.76,198735,0
2017-07-24,20:00:00,108.76,108.76,108.53,108.64,161976,0
2017-07-24,21:00:00,108.64,108.96,108.58,108.75,187491,0
2017-07-24,22:00:00,108.76,109.14,108.71,109.04,643329,0
2017-07-25,16:00:00,109.9,109.93,108.57,108.64,630726,0
2017-07-25,17:00:00,108.6,109.19,107.85,107.95,845205,0
2017-07-25,18:00:00,107.94,108.17,107.56,107.94,565440,0
2017-07-25,19:00:00,107.92,108.11,107.75,108.06,190209,0
2017-07-25,20:00:00,108.07,108.52,108.01,108.47,453483,0
2017-07-25,21:00:00,108.46,108.5,108.2,108.28,326019,0
2017-07-25,22:00:00,108.29,108.4,107.81,107.9,975093,0
2017-07-26,16:00:00,108.16,108.55,107.66,108.48,297159,0
2017-07-26,17:00:00,108.48,108.55,108.19,108.38,229542,0
2017-07-26,18:00:00,108.34,108.71,108.3,108.64,128355,0
2017-07-26,19:00:00,108.61,108.84,108.59,108.77,141912,0
2017-07-26,20:00:00,108.73,108.73,108.5,108.53,226983,0
2017-07-26,21:00:00,108.58,108.68,108.32,108.45,180258,0
2017-07-26,22:00:00,108.41,108.73,108.41,108.59,645180,0
2017-07-27,16:00:00,109.55,109.58,107.84,108.04,604695,0
2017-07-27,17:00:00,108.18,108.35,107.69,108.1,404286,0
2017-07-27,18:00:00,108.13,108.33,108.02,108.22,126327,0
2017-07-27,19:00:00,108.23,108.25,106.99,107.08,405387,0
2017-07-27,20:00:00,107.14,107.14,105.77,106.2,1010550,0
2017-07-27,21:00:00,106.22,106.74,105.96,106.36,544713,0
2017-07-27,22:00:00,106.28,106.57,106.05,106.56,1077246,0
2017-07-28,16:00:00,106.07,107.07,105.98,106.23,446256,0
2017-07-28,17:00:00,106.29,106.73,105.91,106.57,175944,0
2017-07-28,18:00:00,106.66,107.11,106.61,107.07,212103,0
2017-07-28,19:00:00,107.08,107.18,106.83,107.12,190386,0
2017-07-28,20:00:00,107.09,107.19,106.95,107.1,102099,0
2017-07-28,21:00:00,107.1,107.31,107.02,107.29,111750,0
2017-07-28,22:00:00,107.31,107.5,107.09,107.23,576003,0
2017-07-31,16:00:00,107.11,107.47,106.81,107.25,182709,0
2017-07-31,17:00:00,107.21,107.28,106.59,106.87,156531,0
2017-07-31,18:00:00,106.86,107.12,106.83,107.11,167070,0
2017-07-31,19:00:00,107.13,107.19,106.77,106.82,183465,0
2017-07-31,20:00:00,106.8,106.8,106.44,106.6,170625,0
2017-07-31,21:00:00,106.55,106.65,106.36,106.37,178095,0
2017-07-31,22:00:00,106.36,106.54,106.23,106.32,444207,0
2017-08-01,16:00:00,106.76,106.76,105.18,105.25,211746,0
2017-08-01,17:00:00,105.19,105.74,105.05,105.46,431088,0
2017-08-01,18:00:00,105.48,105.55,105.05,105.22,278598,0
2017-08-01,19:00:00,105.23,105.23,104.82,105.1,256287,0
2017-08-01,20:00:00,105.08,105.48,104.94,105.47,238647,0
2017-08-01,21:00:00,105.51,105.73,105.27,105.33,348813,0
2017-08-01,22:00:00,105.35,105.58,105.18,105.22,517056,0
2017-08-02,16:00:00,105.6,105.95,105.49,105.73,224781,0
2017-08-02,17:00:00,105.77,105.82,104.48,104.6,277893,0
2017-08-02,18:00:00,104.64,104.93,104.43,104.76,343818,0
2017-08-02,19:00:00,104.75,105.2,104.71,105.04,128742,0
2017-08-02,20:00:00,105.01,105.59,104.91,105.56,151794,0
2017-08-02,21:00:00,105.56,105.91,105.41,105.62,114069,0
2017-08-02,22:00:00,105.6,105.73,105.33,105.64,419631,0
2017-08-03,16:00:00,105.88,105.96,104.93,104.97,261759,0
2017-08-03,17:00:00,105.04,105.51,104.63,105.27,219336,0
2017-08-03,18:00:00,105.22,105.26,104.68,104.96,144450,0
2017-08-03,19:00:00,104.96,105.07,104.73,104.9,131769,0
2017-08-03,20:00:00,104.97,105.26,104.81,105.25,91389,0
2017-08-03,21:00:00,105.24,105.41,105.05,105.14,234090,0
2017-08-03,22:00:00,105.19,105.23,104.64,104.81,797709,0
2017-08-04,16:00:00,105.24,105.25,104.33,104.54,238896,0
2017-08-04,17:00:00,104.54,105.18,104.23,105.08,301806,0
2017-08-04,18:00:00,105.08,105.22,104.98,105.12,113250,0
2017-08-04,19:00:00,105.1,105.15,104.88,105.07,127395,0
2017-08-04,20:00:00,104.99,105.22,104.97,105.11,143640,0
2017-08-04,21:00:00,105.09,105.16,104.92,105.02,141462,0
2017-08-04,22:00:00,105,105.21,104.94,105.16,487107,0
2017-08-07,16:00:00,105.17,105.5,104.77,105.4,288147,0
2017-08-07,17:00:00,105.43,105.63,105.15,105.54,183102,0
2017-08-07,18:00:00,105.5,105.63,105.36,105.59,95439,0
2017-08-07,19:00:00,105.56,105.72,105.48,105.71,204111,0
2017-08-07,20:00:00,105.73,105.81,105.53,105.72,44748,0
2017-08-07,21:00:00,105.69,105.92,105.69,105.8,89835,0
2017-08-07,22:00:00,105.78,105.83,105.68,105.7,329616,0
2017-08-08,16:00:00,105.52,105.8,105.16,105.23,160815,0
2017-08-08,17:00:00,105.3,105.49,105.14,105.35,166695,0
2017-08-08,18:00:00,105.35,106.01,105.32,106.01,181311,0
2017-08-08,19:00:00,105.94,106.04,105.47,105.54,166122,0
2017-08-08,20:00:00,105.59,105.75,105.49,105.62,87870,0
2017-08-08,21:00:00,105.6,105.62,105.26,105.31,102261,0
2017-08-08,22:00:00,105.32,105.32,104.41,104.73,652242,0
2017-08-09,16:00:00,103.92,104.42,103.74,104.21,410055,0
2017-08-09,17:00:00,104.18,104.95,104.13,104.74,467025,0
2017-08-09,18:00:00,104.72,105.03,104.55,104.95,121275,0
2017-08-09,19:00:00,104.92,104.98,104.67,104.68,95820,0
2017-08-09,20:00:00,104.7,104.74,104.34,104.6,183024,0
2017-08-09,21:00:00,104.58,104.62,104.04,104.21,183189,0
2017-08-09,22:00:00,104.19,104.46,104.04,104.4,626817,0
2017-08-10,16:00:00,103.97,104.04,103.23,103.49,320262,0
2017-08-10,17:00:00,103.49,103.52,102.71,102.86,706719,0
2017-08-10,18:00:00,102.84,102.88,102.32,102.32,299688,0
2017-08-10,19:00:00,102.35,102.37,101.47,101.59,902733,0
2017-08-10,20:00:00,101.62,102.13,101.62,101.76,429084,0
2017-08-10,21:00:00,101.75,102.15,101.64,101.86,339909,0
2017-08-10,22:00:00,101.86,101.94,101.34,101.45,1127181,0
2017-08-11,16:00:00,101.52,102.17,101.31,102.02,577449,0
2017-08-11,17:00:00,102.03,102.54,101.96,102.38,356826,0
2017-08-11,18:00:00,102.42,102.47,101.37,101.43,632190,0
2017-08-11,19:00:00,101.5,101.99,101.47,101.78,281862,0
2017-08-11,20:00:00,101.77,101.98,101.68,101.93,316884,0
2017-08-11,21:00:00,101.87,102.07,101.76,101.78,146478,0
2017-08-11,22:00:00,101.84,102.25,101.84,102.1,509061,0
2017-08-14,16:00:00,102.71,103.38,102.66,103.06,267324,0
2017-08-14,17:00:00,103.06,103.28,102.91,103.05,122613,0
2017-08-14,18:00:00,103,103.17,102.85,103.17,122391,0
2017-08-14,19:00:00,103.19,103.36,102.93,103.32,205170,0
2017-08-14,20:00:00,103.34,103.38,103.09,103.19,49749,0
2017-08-14,21:00:00,103.2,103.39,103.1,103.11,98043,0
2017-08-14,22:00:00,103.14,103.36,103.01,103.16,346797,0
2017-08-15,16:00:00,103.3,103.74,103.02,103.3,140484,0
2017-08-15,17:00:00,103.28,103.55,102.86,103.36,313518,0
2017-08-15,18:00:00,103.37,103.46,103.13,103.25,117861,0
2017-08-15,19:00:00,103.22,103.36,103.13,103.23,85752,0
2017-08-15,20:00:00,103.23,103.23,103.01,103.11,130359,0
2017-08-15,21:00:00,103.13,103.35,103.11,103.22,167940,0
2017-08-15,22:00:00,103.21,103.37,103.05,103.07,394473,0
2017-08-16,16:00:00,103.6,103.75,103.33,103.33,168906,0
2017-08-16,17:00:00,103.33,103.84,103.31,103.75,196182,0
2017-08-16,18:00:00,103.76,103.99,103.75,103.83,176292,0
2017-08-16,19:00:00,103.84,104.04,103.58,103.58,143946,0
2017-08-16,20:00:00,103.63,103.67,103.18,103.27,119970,0
2017-08-16,21:00:00,103.25,103.51,103.02,103.42,257136,0
2017-08-16,22:00:00,103.39,103.49,103.22,103.32,389955,0
2017-08-17,16:00:00,103.42,103.71,103.08,103.46,214344,0
2017-08-17,17:00:00,103.37,103.39,102.32,102.91,238068,0
2017-08-17,18:00:00,103.01,103.25,102.61,102.8,172470,0
2017-08-17,19:00:00,102.82,102.91,102.13,102.26,138423,0
2017-08-17,20:00:00,102.28,102.34,101.7,102,666831,0
2017-08-17,21:00:00,102.02,102.25,101.84,101.99,130557,0
2017-08-17,22:00:00,101.93,101.93,101.53,101.57,945657,0
2017-08-18,16:00:00,101.29,101.55,100.86,100.91,283881,0
2017-08-18,17:00:00,100.87,101.47,100.86,101.28,157590,0
2017-08-18,18:00:00,101.3,101.91,101.06,101.85,159645,0
2017-08-18,19:00:00,101.74,102.07,101.58,101.86,339507,0
2017-08-18,20:00:00,101.87,101.93,101.28,101.33,228084,0
2017-08-18,21:00:00,101.35,101.66,101.35,101.54,208182,0
2017-08-18,22:00:00,101.51,101.65,101.27,101.32,961992,0
2017-08-21,16:00:00,101.48,101.9,101.03,101.14,225066,0
2017-08-21,17:00:00,101.11,101.36,100.82,101.34,247977,0
2017-08-21,18:00:00,101.4,101.46,101.09,101.46,134775,0
2017-08-21,19:00:00,101.49,101.71,101.42,101.44,147141,0
2017-08-21,20:00:00,101.46,101.46,101.15,101.16,134964,0
2017-08-21,21:00:00,101.17,101.48,101.13,101.45,151635,0
2017-08-21,22:00:00,101.45,101.58,101.27,101.52,318159,0
2017-08-22,16:00:00,102.09,102.6,101.9,102.29,226056,0
2017-08-22,17:00:00,102.38,102.63,102.22,102.56,296550,0
2017-08-22,18:00:00,102.57,103.26,102.43,103.13,305865,0
2017-08-22,19:00:00,103.18,103.48,103.1,103.18,173421,0
2017-08-22,20:00:00,103.26,103.37,103.17,103.26,148608,0
2017-08-22,21:00:00,103.32,103.54,103.2,103.48,178431,0
2017-08-22,22:00:00,103.45,103.66,103.34,103.47,934488,0
2017-08-23,16:00:00,103.12,103.47,102.82,103.43,190968,0
2017-08-23,17:00:00,103.43,103.43,102.85,102.93,253266,0
2017-08-23,18:00:00,102.95,103.58,102.95,103.29,117522,0
2017-08-23,19:00:00,103.27,103.44,103.12,103.28,151677,0
2017-08-23,20:00:00,103.28,103.32,102.91,103.07,98262,0
2017-08-23,21:00:00,103.13,103.3,103.07,103.17,82722,0
2017-08-23,22:00:00,103.13,103.4,103.02,103.02,232629,0
2017-08-24,16:00:00,103.23,103.7,103.05,103.05,184236,0
2017-08-24,17:00:00,103.15,103.7,102.88,103.62,306120,0
2017-08-24,18:00:00,103.67,103.74,103.03,103.45,280659,0
2017-08-24,19:00:00,103.45,103.74,103.28,103.65,96408,0
2017-08-24,20:00:00,103.65,103.88,103.55,103.73,74400,0
2017-08-24,21:00:00,103.69,104.11,103.6,104.09,134028,0
2017-08-24,22:00:00,104.04,104.47,103.97,104.25,508980,0
2017-08-25,16:00:00,104.6,104.88,104.33,104.73,380043,0
2017-08-25,17:00:00,104.73,104.89,103.82,103.94,432597,0
2017-08-25,18:00:00,103.93,103.96,103.45,103.89,278661,0
2017-08-25,19:00:00,103.83,103.92,103.64,103.68,82536,0
2017-08-25,20:00:00,103.71,103.94,103.67,103.75,86982,0
2017-08-25,21:00:00,103.76,103.9,103.69,103.81,109743,0
2017-08-25,22:00:00,103.81,103.96,103.56,103.65,498234,0
2017-08-28,16:00:00,104.69,105.35,104.57,105,453753,0
2017-08-28,17:00:00,105,105.81,104.92,105.69,350394,0
2017-08-28,18:00:00,105.67,105.8,105.49,105.75,252807,0
2017-08-28,19:00:00,105.76,105.93,105.41,105.59,168969,0
2017-08-28,20:00:00,105.62,105.7,105.35,105.55,218691,0
2017-08-28,21:00:00,105.58,105.61,105.19,105.54,342783,0
2017-08-28,22:00:00,105.5,105.63,105.4,105.59,665481,0
2017-08-29,16:00:00,104.71,105.41,104.47,104.96,200022,0
2017-08-29,17:00:00,105.08,105.46,104.67,105.38,211485,0
2017-08-29,18:00:00,105.38,106.09,105.35,105.81,209046,0
2017-08-29,19:00:00,105.78,106.06,105.76,105.88,82884,0
2017-08-29,20:00:00,105.91,105.97,105.7,105.74,103107,0
2017-08-29,21:00:00,105.74,106,105.69,105.98,207942,0
2017-08-29,22:00:00,105.98,106.12,105.8,105.9,638478,0
2017-08-30,16:00:00,106.02,106.58,105.73,106.5,298395,0
2017-08-30,17:00:00,106.45,107.32,106.32,107.31,635634,0
2017-08-30,18:00:00,107.33,107.62,107.21,107.55,477942,0
2017-08-30,19:00:00,107.58,108.21,107.51,108.21,470586,0
2017-08-30,20:00:00,108.28,108.42,108.01,108.34,252462,0
2017-08-30,21:00:00,108.31,108.5,108.19,108.26,448734,0
2017-08-30,22:00:00,108.26,108.37,107.88,107.88,1150731,0
2017-08-31,16:00:00,108.26,109.27,108.26,109.03,461511,0
2017-08-31,17:00:00,109,109.78,108.77,109.67,923706,0
2017-08-31,18:00:00,109.7,110.32,109.49,110.25,556182,0
2017-08-31,19:00:00,110.28,111.06,110.28,110.96,880641,0
2017-08-31,20:00:00,110.94,111,110.39,110.54,425406,0
2017-08-31,21:00:00,110.57,110.94,110.53,110.84,306378,0
2017-08-31,22:00:00,110.87,111.19,110.71,111.08,1179651,0
2017-09-01,16:00:00,111.3,111.93,110.43,110.93,703815,0
2017-09-01,17:00:00,110.88,111.57,110.58,111.53,342393,0
2017-09-01,18:00:00,111.55,111.82,111.13,111.78,460848,0
2017-09-01,19:00:00,111.82,112.17,111.72,112.12,316848,0
2017-09-01,20:00:00,112.14,112.2,111.46,111.67,286932,0
2017-09-01,21:00:00,111.68,111.84,111.58,111.75,173754,0
2017-09-01,22:00:00,111.79,112.06,111.72,111.91,752790,0
2017-09-05,16:00:00,111.59,112.04,111.06,111.92,666729,0
2017-09-05,17:00:00,111.88,112.02,111.05,111.54,545151,0
2017-09-05,18:00:00,111.48,111.55,110.84,111.01,244377,0
2017-09-05,19:00:00,111.06,111.06,110,110.23,300762,0
2017-09-05,20:00:00,110.23,110.67,109.82,110.62,242916,0
2017-09-05,21:00:00,110.62,110.92,110.54,110.76,276963,0
2017-09-05,22:00:00,110.75,111.13,110.73,110.97,637620,0
2017-09-06,16:00:00,111.49,112.01,111.29,111.51,214602,0
2017-09-06,17:00:00,111.39,111.58,110.56,111.05,294966,0
2017-09-06,18:00:00,111.11,111.19,110.6,111.19,98487,0
2017-09-06,19:00:00,111.21,111.49,111.14,111.35,154833,0
2017-09-06,20:00:00,111.35,111.72,111.32,111.65,368313,0
2017-09-06,21:00:00,111.63,111.78,111.61,111.76,203505,0
2017-09-06,22:00:00,111.79,111.83,111.32,111.41,587727,0
2017-09-07,16:00:00,110.96,111.36,110.31,111.34,158760,0
2017-09-07,17:00:00,111.15,111.45,110.49,111.21,220263,0
2017-09-07,18:00:00,111.21,111.79,111.21,111.69,133941,0
2017-09-07,19:00:00,111.67,112.08,111.64,111.87,204405,0
2017-09-07,20:00:00,111.88,112.04,111.56,111.61,145752,0
2017-09-07,21:00:00,111.62,111.72,111.46,111.64,145692,0
2017-09-07,22:00:00,111.64,111.74,111.51,111.7,430542,0
2017-09-08,16:00:00,111.89,112.16,111.29,111.83,349266,0
2017-09-08,17:00:00,111.87,111.94,111.33,111.57,297690,0
2017-09-08,18:00:00,111.56,111.72,111.19,111.36,228474,0
2017-09-08,19:00:00,111.38,111.59,111.17,111.44,120138,0
2017-09-08,20:00:00,111.42,111.62,111.33,111.38,181581,0
2017-09-08,21:00:00,111.37,111.41,111.02,111.38,167997,0
2017-09-08,22:00:00,111.31,111.46,111.09,111.32,357150,0
2017-09-11,16:00:00,112.08,112.14,111.29,111.79,238752,0
2017-09-11,17:00:00,111.82,111.89,110.77,110.81,247269,0
2017-09-11,18:00:00,110.78,111.27,110.77,111.17,206898,0
2017-09-11,19:00:00,111.25,111.37,111.14,111.17,145881,0
2017-09-11,20:00:00,111.16,111.31,111.06,111.26,124518,0
2017-09-11,21:00:00,111.31,111.44,111.06,111.1,173037,0
2017-09-11,22:00:00,111.09,111.43,111.09,111.43,1010097,0
2017-09-12,16:00:00,111.08,111.46,110.78,110.78,292788,0
2017-09-12,17:00:00,110.78,111.06,110.59,110.87,158628,0
2017-09-12,18:00:00,110.91,111.14,110.89,111.03,82698,0
2017-09-12,19:00:00,111.1,111.35,110.98,111.21,113952,0
2017-09-12,20:00:00,111.21,111.25,110.88,110.92,150054,0
2017-09-12,21:00:00,110.93,111.38,110.93,111.33,232746,0
2017-09-12,22:00:00,111.36,111.72,111.27,111.68,530793,0
2017-09-13,16:00:00,111.3,111.68,111.26,111.44,183087,0
2017-09-13,17:00:00,111.42,111.69,111.22,111.32,251373,0
2017-09-13,18:00:00,111.27,111.58,111.27,111.46,144204,0
2017-09-13,19:00:00,111.51,111.62,111.1,111.29,132540,0
2017-09-13,20:00:00,111.3,111.44,111.21,111.39,68280,0
2017-09-13,21:00:00,111.41,111.41,111.16,111.17,48897,0
2017-09-13,22:00:00,111.16,111.33,110.97,111.3,297825,0
2017-09-14,16:00:00,111.16,111.16,110,110.51,614943,0
2017-09-14,17:00:00,110.54,110.81,110.22,110.81,786231,0
2017-09-14,18:00:00,110.9,111.61,110.82,111.4,196272,0
2017-09-14,19:00:00,111.4,111.4,110.8,110.87,108843,0
2017-09-14,20:00:00,110.83,110.89,110.59,110.59,64086,0
2017-09-14,21:00:00,110.65,110.77,110.56,110.72,107886,0
2017-09-14,22:00:00,110.68,110.71,110.48,110.65,998244,0
2017-09-15,16:00:00,110.63,110.96,110.05,110.48,188346,0
2017-09-15,17:00:00,110.4,111.27,110.37,111.05,286203,0
2017-09-15,18:00:00,110.99,111.07,110.45,110.78,254208,0
2017-09-15,19:00:00,110.79,110.81,110.46,110.47,77088,0
2017-09-15,20:00:00,110.49,110.64,110.38,110.43,67122,0
2017-09-15,21:00:00,110.44,110.6,110.42,110.55,449574,0
2017-09-15,22:00:00,110.56,111.04,110.41,110.57,1208493,0
2017-09-18,16:00:00,110.82,111.17,110.28,110.82,297312,0
2017-09-18,17:00:00,110.84,111.32,110.74,111.11,218409,0
2017-09-18,18:00:00,111.1,111.28,110.84,111.01,205608,0
2017-09-18,19:00:00,111.01,111.28,110.97,111.28,171867,0
2017-09-18,20:00:00,111.25,111.29,110.91,110.95,119985,0
2017-09-18,21:00:00,110.92,110.94,110.27,110.62,236496,0
2017-09-18,22:00:00,110.64,110.74,110.51,110.68,452550,0
2017-09-19,16:00:00,110.63,110.79,110.29,110.39,107253,0
2017-09-19,17:00:00,110.33,110.43,110.02,110.06,80253,0
2017-09-19,18:00:00,110.05,110.15,109.73,109.96,150045,0
2017-09-19,19:00:00,109.99,110.38,109.83,109.86,63894,0
2017-09-19,20:00:00,109.78,110.02,109.71,109.83,76065,0
2017-09-19,21:00:00,109.87,109.97,109.75,109.82,92670,0
2017-09-19,22:00:00,109.88,110.07,109.79,109.95,369003,0
2017-09-20,16:00:00,110.17,110.73,110.17,110.55,187017,0
2017-09-20,17:00:00,110.53,111.22,110.52,110.53,396264,0
2017-09-20,18:00:00,110.56,110.83,110.53,110.78,88347,0
2017-09-20,19:00:00,110.85,111.09,110.71,111.05,106482,0
2017-09-20,20:00:00,111.08,111.08,110.62,110.77,224373,0
2017-09-20,21:00:00,110.7,110.7,109.9,110.65,296973,0
2017-09-20,22:00:00,110.61,110.98,110.44,110.88,493686,0
2017-09-21,16:00:00,110.87,110.9,110.22,110.41,116238,0
2017-09-21,17:00:00,110.52,110.74,110.19,110.54,154578,0
2017-09-21,18:00:00,110.53,110.83,110.43,110.73,98946,0
2017-09-21,19:00:00,110.78,111.16,110.73,111.11,121164,0
2017-09-21,20:00:00,111.08,111.09,110.88,110.92,110064,0
2017-09-21,21:00:00,110.88,110.88,110.52,110.61,90732,0
2017-09-21,22:00:00,110.55,110.68,110.31,110.38,146055,0
2017-09-22,16:00:00,110,110.12,109.51,109.53,208047,0
2017-09-22,17:00:00,109.54,109.85,109.2,109.2,323817,0
2017-09-22,18:00:00,109.25,109.88,109.23,109.88,341871,0
2017-09-22,19:00:00,109.87,109.87,109.53,109.59,455970,0
2017-09-22,20:00:00,109.59,109.98,109.59,109.94,159348,0
2017-09-22,21:00:00,109.96,110.06,109.85,110.02,163365,0
2017-09-22,22:00:00,110.05,110.14,109.84,109.94,288372,0
2017-09-25,16:00:00,109.79,110.57,109.79,110.5,208914,0
2017-09-25,17:00:00,110.47,111.02,109.98,110.16,403059,0
2017-09-25,18:00:00,110.21,110.65,109.8,110.53,281640,0
2017-09-25,19:00:00,110.59,110.9,110.37,110.72,338571,0
2017-09-25,20:00:00,110.73,110.91,110.64,110.72,231045,0
2017-09-25,21:00:00,110.69,110.78,110.14,110.29,224898,0
2017-09-25,22:00:00,110.26,110.43,109.98,110.43,424887,0
2017-09-26,16:00:00,110.76,110.95,109.97,110.17,283314,0
2017-09-26,17:00:00,110.2,110.23,109.67,109.74,206637,0
2017-09-26,18:00:00,109.69,109.8,109.53,109.68,188625,0
2017-09-26,19:00:00,109.73,109.88,109.24,109.53,147594,0
2017-09-26,20:00:00,109.54,109.78,109.45,109.69,196245,0
2017-09-26,21:00:00,109.7,109.76,109.43,109.51,211131,0
2017-09-26,22:00:00,109.5,109.59,109.31,109.4,648585,0
2017-09-27,16:00:00,109.44,110.15,109.44,109.83,321234,0
2017-09-27,17:00:00,109.83,110.11,109.51,109.63,559614,0
2017-09-27,18:00:00,109.73,110.07,109.61,109.84,91677,0
2017-09-27,19:00:00,109.88,110.08,109.77,110.05,65922,0
2017-09-27,20:00:00,110.06,110.15,109.94,110.14,66240,0
2017-09-27,21:00:00,110.15,110.43,110.02,110.37,178932,0
2017-09-27,22:00:00,110.33,110.37,109.9,110.03,471387,0
2017-09-28,16:00:00,109.99,110.17,109.27,110.11,191019,0
2017-09-28,17:00:00,110.15,110.64,110.09,110.41,373842,0
2017-09-28,18:00:00,110.27,110.4,110.02,110.26,163995,0
2017-09-28,19:00:00,110.27,110.54,110.18,110.23,314424,0
2017-09-28,20:00:00,110.23,110.54,110.08,110.48,192564,0
2017-09-28,21:00:00,110.47,110.62,110.04,110.05,439182,0
2017-09-28,22:00:00,110.06,110.27,109.8,110.18,899406,0
2017-09-29,16:00:00,110.46,110.8,109.79,109.79,346539,0
2017-09-29,17:00:00,109.77,110.34,109.68,110.09,208629,0
2017-09-29,18:00:00,110.11,110.58,110.08,110.54,239088,0
2017-09-29,19:00:00,110.52,111.16,110.47,111.16,233058,0
2017-09-29,20:00:00,111.13,111.14,110.86,110.99,132375,0
2017-09-29,21:00:00,111,111.19,110.87,111.03,145254,0
2017-09-29,22:00:00,111.05,111.31,111.02,111.2,869940,0
2017-10-02,16:00:00,111.65,112.54,111.37,112.47,619605,0
2017-10-02,17:00:00,112.46,112.93,112.1,112.23,1113663,0
2017-10-02,18:00:00,112.22,112.8,111.89,111.95,566178,0
2017-10-02,19:00:00,111.92,112.4,111.72,112.36,440793,0
2017-10-02,20:00:00,112.36,112.5,112.06,112.15,369957,0
2017-10-02,21:00:00,112.16,112.28,111.94,112.27,235908,0
2017-10-02,22:00:00,112.29,112.89,112.2,112.88,874773,0
2017-10-03,16:00:00,113.01,113.13,112.51,112.58,389382,0
2017-10-03,17:00:00,112.59,112.6,111.59,111.79,360183,0
2017-10-03,18:00:00,111.8,112.27,111.53,112.24,199353,0
2017-10-03,19:00:00,112.25,112.61,112.17,112.45,259617,0
2017-10-03,20:00:00,112.44,112.55,112.2,112.25,192732,0
2017-10-03,21:00:00,112.24,112.44,112.2,112.43,136743,0
2017-10-03,22:00:00,112.43,112.63,112.37,112.62,452745,0
2017-10-04,16:00:00,113,113.18,112.48,113.06,239511,0
2017-10-04,17:00:00,113.03,113.42,113,113.41,443001,0
2017-10-04,18:00:00,113.4,113.53,113.1,113.39,190116,0
2017-10-04,19:00:00,113.39,113.64,113.29,113.57,445080,0
2017-10-04,20:00:00,113.6,113.62,113.2,113.34,229941,0
2017-10-04,21:00:00,113.36,113.58,113.29,113.33,285117,0
2017-10-04,22:00:00,113.34,113.5,113.19,113.49,844875,0
2017-10-05,16:00:00,113.5,113.98,113.16,113.39,250566,0
2017-10-05,17:00:00,113.35,113.46,112.9,113.13,260709,0
2017-10-05,18:00:00,113.11,113.56,113.02,113.25,143082,0
2017-10-05,19:00:00,113.29,113.4,113.08,113.29,283017,0
2017-10-05,20:00:00,113.31,113.55,113.31,113.44,139260,0
2017-10-05,21:00:00,113.44,113.62,113.34,113.57,214239,0
2017-10-05,22:00:00,113.6,113.7,113.43,113.62,400947,0
2017-10-06,16:00:00,113.44,114.11,113.24,114.03,202125,0
2017-10-06,17:00:00,114.11,114.17,113.26,113.41,215433,0
2017-10-06,18:00:00,113.36,113.44,113.18,113.35,151140,0
2017-10-06,19:00:00,113.35,113.35,112.94,113,104046,0
2017-10-06,20:00:00,113,113.3,112.95,113.28,159336,0
2017-10-06,21:00:00,113.3,113.5,113.25,113.48,85551,0
2017-10-06,22:00:00,113.48,113.52,113.33,113.49,278697,0
2017-10-09,16:00:00,113.59,113.91,113.24,113.42,137397,0
2017-10-09,17:00:00,113.41,113.41,112.92,113.22,257451,0
2017-10-09,18:00:00,113.24,113.49,113.18,113.36,234858,0
2017-10-09,19:00:00,113.33,113.35,113.08,113.19,131931,0
2017-10-09,20:00:00,113.18,113.41,113.05,113.32,81759,0
2017-10-09,21:00:00,113.33,113.47,113.28,113.34,122262,0
2017-10-09,22:00:00,113.33,113.33,113.03,113.16,308280,0
2017-10-10,16:00:00,113.06,113.57,113,113.06,154431,0
2017-10-10,17:00:00,113.02,113.18,112.71,112.99,141684,0
2017-10-10,18:00:00,112.98,113.07,112.82,112.91,62388,0
2017-10-10,19:00:00,112.87,112.89,112.63,112.82,104355,0
2017-10-10,20:00:00,112.87,113.1,112.84,113.01,87465,0
2017-10-10,21:00:00,113.03,113.25,112.97,113.12,76752,0
2017-10-10,22:00:00,113.14,113.26,113.09,113.2,259236,0
2017-10-11,16:00:00,113.2,113.2,112.8,112.98,40224,0
2017-10-11,17:00:00,113.09,113.12,112.53,112.73,86403,0
2017-10-11,18:00:00,112.76,113.13,112.76,112.9,74532,0
2017-10-11,19:00:00,112.88,112.93,112.61,112.79,70005,0
2017-10-11,20:00:00,112.82,113.03,112.78,112.82,64068,0
2017-10-11,21:00:00,112.83,112.91,112.7,112.91,48975,0
2017-10-11,22:00:00,112.9,113.1,112.79,112.96,282675,0
2017-10-12,16:00:00,112.9,113.13,112.6,112.6,109044,0
2017-10-12,17:00:00,112.59,112.76,112.39,112.47,211302,0
2017-10-12,18:00:00,112.44,112.71,112.36,112.66,102468,0
2017-10-12,19:00:00,112.63,112.81,112.42,112.46,99972,0
2017-10-12,20:00:00,112.39,112.41,112.11,112.27,122334,0
2017-10-12,21:00:00,112.26,112.26,111.96,112.15,151377,0
2017-10-12,22:00:00,112.24,112.52,112.18,112.38,517476,0
2017-10-13,16:00:00,112.76,112.76,112.12,112.2,102687,0
2017-10-13,17:00:00,112.2,112.36,111.86,111.99,282927,0
2017-10-13,18:00:00,112.04,112.33,111.96,112.16,120939,0
2017-10-13,19:00:00,112.16,112.27,111.95,112.15,119982,0
2017-10-13,20:00:00,112.2,112.37,112.02,112.22,67515,0
2017-10-13,21:00:00,112.22,112.28,112.06,112.21,84765,0
2017-10-13,22:00:00,112.21,112.28,112.01,112.13,734424,0
2017-10-16,16:00:00,112.26,113.65,112.15,113.63,438912,0
2017-10-16,17:00:00,113.62,113.9,113.19,113.37,437799,0
2017-10-16,18:00:00,113.45,113.49,112.69,112.7,709968,0
2017-10-16,19:00:00,112.7,112.75,111.84,112.3,821994,0
2017-10-16,20:00:00,112.27,112.32,111.87,112.1,348528,0
2017-10-16,21:00:00,112.1,112.2,111.87,111.89,382398,0
2017-10-16,22:00:00,111.88,112.31,111.87,112.28,439836,0
2017-10-17,16:00:00,112.33,112.71,112.14,112.5,142875,0
2017-10-17,17:00:00,112.51,112.88,112.51,112.88,199308,0
2017-10-17,18:00:00,112.87,112.94,112.75,112.9,85632,0
2017-10-17,19:00:00,112.84,112.98,112.73,112.92,91695,0
2017-10-17,20:00:00,112.92,113.12,112.71,112.81,224253,0
2017-10-17,21:00:00,112.81,113.03,112.73,113.01,259095,0
2017-10-17,22:00:00,113,113.12,112.68,112.71,468576,0
2017-10-18,16:00:00,113.06,113.46,113,113.05,243732,0
2017-10-18,17:00:00,113,113.09,112.27,112.37,148761,0
2017-10-18,18:00:00,112.37,112.39,112.02,112.07,310881,0
2017-10-18,19:00:00,112.07,112.32,112.01,112.15,76140,0
2017-10-18,20:00:00,112.17,112.33,111.93,112.05,148431,0
2017-10-18,21:00:00,112.07,112.18,111.82,111.87,188679,0
2017-10-18,22:00:00,111.9,112.12,111.84,111.99,405828,0
2017-10-19,16:00:00,111.67,112.36,111.22,111.26,338415,0
2017-10-19,17:00:00,111.3,111.51,111.01,111.38,191229,0
2017-10-19,18:00:00,111.39,111.43,110.85,110.96,247650,0
2017-10-19,19:00:00,110.99,111.25,110.83,111.19,162357,0
2017-10-19,20:00:00,111.23,111.52,111.22,111.47,189012,0
2017-10-19,21:00:00,111.47,111.53,111.32,111.46,159645,0
2017-10-19,22:00:00,111.48,111.78,111.42,111.7,539016,0
2017-10-20,16:00:00,111.17,111.18,110.11,110.14,282960,0
2017-10-20,17:00:00,110.21,110.48,109.81,110.08,481674,0
2017-10-20,18:00:00,110.08,110.55,110.08,110.43,440988,0
2017-10-20,19:00:00,110.4,110.52,110.19,110.48,241578,0
2017-10-20,20:00:00,110.47,110.57,110.37,110.57,309069,0
2017-10-20,21:00:00,110.55,110.67,110.4,110.4,182625,0
2017-10-20,22:00:00,110.43,110.67,110.33,110.6,509925,0
2017-10-23,16:00:00,110.37,110.64,109.87,109.92,168573,0
2017-10-23,17:00:00,109.9,110.31,109.67,110.15,324960,0
2017-10-23,18:00:00,110.17,110.17,109.51,109.68,320697,0
2017-10-23,19:00:00,109.7,110.01,109.68,109.99,236628,0
2017-10-23,20:00:00,109.98,110.03,109.75,109.75,269136,0
2017-10-23,21:00:00,109.76,109.97,109.63,109.87,161181,0
2017-10-23,22:00:00,109.85,109.93,109.14,109.25,642411,0
2017-10-24,16:00:00,109.3,109.3,107.46,107.52,326232,0
2017-10-24,17:00:00,107.52,108.36,107.29,108.27,477708,0
2017-10-24,18:00:00,108.24,109,108.23,108.75,382725,0
2017-10-24,19:00:00,108.78,109.04,108.67,108.79,206853,0
2017-10-24,20:00:00,108.77,109.09,108.61,109.01,315066,0
2017-10-24,21:00:00,109.02,109.07,108.64,108.71,166017,0
2017-10-24,22:00:00,108.74,108.8,108.17,108.39,745146,0
2017-10-25,16:00:00,108.39,108.56,107.92,107.92,222465,0
2017-10-25,17:00:00,108.01,108.24,107.31,107.53,379506,0
2017-10-25,18:00:00,107.52,107.59,106.6,106.7,914742,0
2017-10-25,19:00:00,106.65,107.3,106.43,107.2,350133,0
2017-10-25,20:00:00,107.23,107.41,107.08,107.33,307950,0
2017-10-25,21:00:00,107.35,107.38,106.95,107.04,208944,0
2017-10-25,22:00:00,107,107.41,106.96,107.15,724818,0
2017-10-26,16:00:00,104.87,105.47,104.04,104.82,1411911,0
2017-10-26,17:00:00,104.76,105.71,104.33,105.68,971235,0
2017-10-26,18:00:00,105.7,105.77,104.97,105.29,519711,0
2017-10-26,19:00:00,105.31,105.41,104.7,104.7,370734,0
2017-10-26,20:00:00,104.7,104.83,104.4,104.64,456681,0
2017-10-26,21:00:00,104.64,104.8,104.21,104.22,370743,0
2017-10-26,22:00:00,104.24,104.96,104.01,104.66,1666782,0
2017-10-27,16:00:00,104.6,104.76,103.75,104.55,463818,0
2017-10-27,17:00:00,104.5,104.79,103.99,104.5,421923,0
2017-10-27,18:00:00,104.46,104.62,104.18,104.33,251511,0
2017-10-27,19:00:00,104.33,104.63,104.13,104.51,231966,0
2017-10-27,20:00:00,104.53,105.07,104.42,104.95,308070,0
2017-10-27,21:00:00,104.93,105.28,104.84,105.19,471363,0
2017-10-27,22:00:00,105.17,105.63,105.15,105.37,947454,0
2017-10-30,15:00:00,105.22,106.62,105.22,106.07,502494,0
2017-10-30,16:00:00,106.09,106.59,105.86,106.3,458847,0
2017-10-30,17:00:00,106.3,106.31,105.58,105.72,363837,0
2017-10-30,18:00:00,105.74,105.77,105.25,105.45,268080,0
2017-10-30,19:00:00,105.47,105.71,104.99,105.01,344037,0
2017-10-30,20:00:00,105.01,105.42,104.8,105.18,381351,0
2017-10-30,21:00:00,105.19,105.62,104.93,105.55,713787,0
2017-10-31,15:00:00,105.67,106.2,105.57,105.68,229752,0
2017-10-31,16:00:00,105.66,105.69,104.56,104.64,482979,0
2017-10-31,17:00:00,104.64,104.92,104.31,104.66,412071,0
2017-10-31,18:00:00,104.7,104.8,104.29,104.66,241383,0
2017-10-31,19:00:00,104.64,104.69,104.47,104.6,155895,0
2017-10-31,20:00:00,104.59,105,104.57,104.87,212331,0
2017-10-31,21:00:00,104.86,104.91,104.65,104.73,530103,0
2017-11-01,15:00:00,105.1,105.67,105,105.29,313824,0
2017-11-01,16:00:00,105.29,105.52,104.74,104.75,323757,0
2017-11-01,17:00:00,104.81,105.29,104.52,104.59,401394,0
2017-11-01,18:00:00,104.6,104.96,104.23,104.25,242331,0
2017-11-01,19:00:00,104.22,104.22,103.84,104.2,211212,0
2017-11-01,20:00:00,104.23,104.33,103.84,104.06,475083,0
2017-11-01,21:00:00,104.1,104.32,104.01,104.06,764685,0
2017-11-02,15:00:00,104.07,104.3,103.62,103.95,347718,0
2017-11-02,16:00:00,104.03,104.94,103.56,104.53,475137,0
2017-11-02,17:00:00,104.66,104.82,104.25,104.37,290121,0
2017-11-02,18:00:00,104.38,104.78,104.18,104.23,396450,0
2017-11-02,19:00:00,104.28,104.33,103.88,103.88,207321,0
2017-11-02,20:00:00,103.9,104.09,103.73,103.74,221523,0
2017-11-02,21:00:00,103.82,104.19,103.64,104.02,564108,0
2017-11-03,15:00:00,103.84,104.98,103.84,104.94,240666,0
2017-11-03,16:00:00,104.99,105.2,104.58,104.96,575202,0
2017-11-03,17:00:00,105,105.25,104.75,105.21,394584,0
2017-11-03,18:00:00,105.24,105.49,105.15,105.24,383229,0
2017-11-03,19:00:00,105.27,105.53,105.22,105.36,183915,0
2017-11-03,20:00:00,105.36,105.74,105.23,105.58,253341,0
2017-11-03,21:00:00,105.55,105.67,105.33,105.62,629199,0
2017-11-06,16:00:00,105.98,106.19,105.23,105.37,367143,0
2017-11-06,17:00:00,105.36,105.68,105.26,105.39,568092,0
2017-11-06,18:00:00,105.36,105.65,105.14,105.25,315624,0
2017-11-06,19:00:00,105.29,105.56,105.19,105.33,95484,0
2017-11-06,20:00:00,105.32,105.52,105.24,105.44,49032,0
2017-11-06,21:00:00,105.38,105.55,105.27,105.36,98301,0
2017-11-06,22:00:00,105.35,105.49,105.15,105.2,441828,0
2017-11-07,16:00:00,105.64,105.64,105,105.23,149574,0
2017-11-07,17:00:00,105.13,105.17,104.47,104.56,446136,0
2017-11-07,19:00:00,104.53,104.8,104.45,104.59,74856,0
2017-11-07,20:00:00,104.63,104.77,104.49,104.61,168183,0
2017-11-07,21:00:00,104.62,104.68,104.44,104.53,179808,0
2017-11-07,22:00:00,104.5,104.7,104.3,104.65,557157,0
2017-11-08,16:00:00,105.13,105.57,104.57,104.57,205638,0
2017-11-08,17:00:00,104.61,104.81,104.36,104.5,158643,0
2017-11-08,18:00:00,104.51,104.66,104.06,104.26,121785,0
2017-11-08,19:00:00,104.28,104.5,104.08,104.24,112260,0
2017-11-08,20:00:00,104.24,104.37,103.95,104.04,196476,0
2017-11-08,21:00:00,104.03,104.34,103.99,104.28,199206,0
2017-11-08,22:00:00,104.28,104.46,104.19,104.27,430653,0
2017-11-09,16:00:00,103.67,103.87,102.88,103.34,480198,0
2017-11-09,17:00:00,103.36,103.95,103.26,103.72,258096,0
2017-11-09,18:00:00,103.61,103.76,103.12,103.23,263484,0
2017-11-09,19:00:00,103.18,103.26,102.62,103.05,422775,0
2017-11-09,20:00:00,103.04,103.44,102.86,103.35,120798,0
2017-11-09,21:00:00,103.38,103.45,103.16,103.26,151254,0
2017-11-09,22:00:00,103.32,103.78,103.25,103.69,402372,0
2017-11-10,16:00:00,103.67,103.68,103.04,103.36,293904,0
2017-11-10,17:00:00,103.42,103.5,102.89,103.29,443301,0
2017-11-10,18:00:00,103.32,103.79,103.25,103.59,289443,0
2017-11-10,19:00:00,103.58,103.93,103.43,103.47,337167,0
2017-11-10,20:00:00,103.43,103.9,103.4,103.67,197937,0
2017-11-10,21:00:00,103.67,104,103.56,103.97,353760,0
2017-11-10,22:00:00,103.96,104.22,103.95,104.06,730698,0
2017-11-13,16:00:00,103.93,103.93,103.02,103.26,316071,0
2017-11-13,17:00:00,103.39,103.88,103.27,103.69,238293,0
2017-11-13,18:00:00,103.73,103.73,103.34,103.43,214605,0
2017-11-13,19:00:00,103.46,103.46,103.17,103.29,154923,0
2017-11-13,20:00:00,103.28,103.3,103.06,103.24,140769,0
2017-11-13,21:00:00,103.25,103.42,103.17,103.35,181005,0
2017-11-13,22:00:00,103.35,103.57,103.27,103.36,338664,0
2017-11-14,16:00:00,103.31,103.31,102.23,102.46,373374,0
2017-11-14,17:00:00,102.51,102.55,101.83,102,563073,0
2017-11-14,18:00:00,102.03,102.15,101.6,101.7,441618,0
2017-11-14,19:00:00,101.66,101.9,100.89,101.05,506538,0
2017-11-14,20:00:00,101.05,101.32,100.68,100.74,861705,0
2017-11-14,21:00:00,100.72,101.41,100.72,101.36,990636,0
2017-11-14,22:00:00,101.37,101.99,101.36,101.68,1161108,0
2017-11-15,16:00:00,101.11,101.33,100.67,100.94,590742,0
2017-11-15,17:00:00,100.97,102.27,100.91,102.22,693462,0
2017-11-15,18:00:00,102.19,102.61,102.05,102.19,419070,0
2017-11-15,19:00:00,102.16,102.25,101.96,102.09,128877,0
2017-11-15,20:00:00,102.1,102.12,101.76,101.99,269478,0
2017-11-15,21:00:00,102.02,102.43,101.98,102.41,198726,0
2017-11-15,22:00:00,102.41,102.52,101.93,102.08,1142976,0
2017-11-16,16:00:00,102.85,102.86,102.2,102.68,217410,0
2017-11-16,17:00:00,102.67,103.57,102.63,103.48,393516,0
2017-11-16,18:00:00,103.51,103.68,103.26,103.41,340233,0
2017-11-16,19:00:00,103.4,103.55,103.17,103.42,175962,0
2017-11-16,20:00:00,103.48,103.62,103.35,103.42,136791,0
2017-11-16,21:00:00,103.42,103.67,103.42,103.61,155010,0
2017-11-16,22:00:00,103.63,103.78,103.45,103.6,760470,0
2017-11-17,16:00:00,103.6,103.9,103.23,103.31,261993,0
2017-11-17,17:00:00,103.27,103.61,103.03,103.41,250323,0
2017-11-17,18:00:00,103.41,103.76,103.21,103.68,142548,0
2017-11-17,19:00:00,103.66,103.8,103.53,103.67,184878,0
2017-11-17,20:00:00,103.68,103.95,103.67,103.86,116451,0
2017-11-17,21:00:00,103.88,103.89,103.51,103.64,177012,0
2017-11-17,22:00:00,103.66,103.84,103.47,103.74,588213,0
2017-11-20,16:00:00,103.78,103.98,103.03,103.31,278421,0
2017-11-20,17:00:00,103.33,103.52,102.67,102.9,383505,0
2017-11-20,18:00:00,102.91,102.97,102.7,102.9,234915,0
2017-11-20,19:00:00,102.92,102.95,102.64,102.76,206265,0
2017-11-20,20:00:00,102.79,102.96,102.69,102.93,165234,0
2017-11-20,21:00:00,102.93,103.14,102.83,102.89,177639,0
2017-11-20,22:00:00,102.94,102.96,102.67,102.78,677412,0
2017-11-21,16:00:00,103.4,103.63,103.1,103.49,315141,0
2017-11-21,17:00:00,103.5,103.54,103.26,103.47,322287,0
2017-11-21,18:00:00,103.47,103.82,103.42,103.77,345342,0
2017-11-21,19:00:00,103.77,103.82,103.4,103.48,167025,0
2017-11-21,20:00:00,103.49,103.74,103.44,103.53,184392,0
2017-11-21,21:00:00,103.55,103.64,103.5,103.57,158799,0
2017-11-21,22:00:00,103.56,103.61,103.38,103.57,397725,0
2017-11-22,16:00:00,103.98,104.1,103.67,103.74,178353,0
2017-11-22,17:00:00,103.79,104.2,103.73,104,196797,0
2017-11-22,18:00:00,104.05,104.14,103.83,104.02,123735,0
2017-11-22,19:00:00,104,104.04,103.76,104.01,130947,0
2017-11-22,20:00:00,103.96,104.05,103.84,103.97,56589,0
2017-11-22,21:00:00,103.99,104.24,103.88,104.19,165918,0
2017-11-22,22:00:00,104.17,104.27,104.08,104.17,369135,0
2017-11-24,16:00:00,104.32,104.54,103.93,104.23,184872,0
2017-11-24,17:00:00,104.2,104.46,103.99,104.41,208410,0
2017-11-24,18:00:00,104.38,104.51,104.22,104.26,187497,0
2017-11-24,19:00:00,104.22,104.36,104.05,104.16,208713,0
2017-11-24,20:00:00,104.16,104.21,104.16,104.21,24642,0
2017-11-27,16:00:00,104.25,104.62,104.07,104.14,155370,0
2017-11-27,17:00:00,104.1,104.18,103.64,103.7,167790,0
2017-11-27,18:00:00,103.71,103.74,103.37,103.56,154902,0
2017-11-27,19:00:00,103.59,103.64,103.29,103.53,260046,0
2017-11-27,20:00:00,103.6,103.74,103.41,103.48,154263,0
2017-11-27,21:00:00,103.52,103.56,103.34,103.45,181218,0
2017-11-27,22:00:00,103.44,103.71,103.4,103.48,1063764,0
2017-11-28,16:00:00,103.65,103.65,102.88,103,434448,0
2017-11-28,17:00:00,103.01,103.29,102.8,103.23,329910,0
2017-11-28,18:00:00,103.21,103.68,103.21,103.54,224805,0
2017-11-28,19:00:00,103.56,103.57,103.2,103.36,72756,0
2017-11-28,20:00:00,103.36,103.59,103.26,103.28,119181,0
2017-11-28,21:00:00,103.29,103.79,103.18,103.73,183084,0
2017-11-28,22:00:00,103.71,103.93,103.56,103.76,519465,0
2017-11-29,16:00:00,103.77,104.53,103.66,104.4,173373,0
2017-11-29,17:00:00,104.41,105,103.86,104,511314,0
2017-11-29,18:00:00,104.01,104.49,103.9,104.02,316497,0
2017-11-29,19:00:00,104.01,104.28,103.87,104.01,118116,0
2017-11-29,20:00:00,104.03,104.23,103.87,103.95,473550,0
2017-11-29,21:00:00,103.9,103.91,103.31,103.31,203661,0
2017-11-29,22:00:00,103.29,103.81,103.15,103.76,376320,0
2017-11-30,16:00:00,103.87,104.82,103.87,104.4,214995,0
2017-11-30,17:00:00,104.36,104.71,104.2,104.66,205140,0
2017-11-30,18:00:00,104.72,104.99,104.62,104.93,345603,0
2017-11-30,19:00:00,104.99,105.37,104.96,105.09,476484,0
2017-11-30,20:00:00,105.13,105.37,105.07,105.25,234288,0
2017-11-30,21:00:00,105.25,105.4,105.18,105.31,223680,0
2017-11-30,22:00:00,105.27,105.41,104.97,105.25,693888,0
2017-12-01,16:00:00,105.36,106.162,104.84,106.162,264114,0
2017-12-01,17:00:00,106.09,106.33,105.61,106.0601,407059,0
2017-12-01,18:00:00,106.14,106.28,103.35,104.74,624333,0
2017-12-01,19:00:00,104.73,105.4,104.43,105.235,182908,0
2017-12-01,20:00:00,105.26,106.05,104.98,105.59,226479,0
2017-12-01,21:00:00,105.6,105.65,105.22,105.36,157853,0
2017-12-01,22:00:00,105.36,105.72,105.2,105.63,582913,0
2017-12-04,16:00:00,106.6,107,106.1,106.26,263599,0
2017-12-04,17:00:00,106.16,106.2,105.2668,105.38,293882,0
2017-12-04,18:00:00,105.43,105.78,105.09,105.3,247849,0
2017-12-04,19:00:00,105.3,105.6,105.25,105.39,136723,0
2017-12-04,20:00:00,105.365,105.79,105.28,105.3,202873,0
2017-12-04,21:00:00,105.28,105.33,104.5,104.57,248591,0
2017-12-04,22:00:00,104.55,104.62,103.76,104.03,695711,0
2017-12-05,16:00:00,104.27,105.07,103.7,104.75,178880,0
2017-12-05,17:00:00,104.75,104.99,103.8,104.185,299355,0
2017-12-05,18:00:00,104.21,104.68,104.205,104.48,192830,0
2017-12-05,19:00:00,104.56,104.62,104.24,104.37,148561,0
2017-12-05,20:00:00,104.3363,104.61,104.3,104.47,68416,0
2017-12-05,21:00:00,104.48,104.51,103.7607,103.8042,95801,0
2017-12-05,22:00:00,103.78,103.83,103.15,103.33,1569563,0
2017-12-06,16:00:00,103.03,103.68,102.58,102.79,184757,0
2017-12-06,17:00:00,102.835,103.18,102.06,102.58,273688,0
2017-12-06,18:00:00,102.62,102.7,101.91,102.14,380075,0
2017-12-06,19:00:00,102.15,102.15,101.55,101.742,397087,0
2017-12-06,20:00:00,101.74,102.38,101.47,102.2101,316326,0
2017-12-06,21:00:00,102.21,102.65,102.21,102.56,193759,0
2017-12-06,22:00:00,102.51,102.82,102.4173,102.58,1087767,0
