Date,Time,Open,High,Low,Close,Volume,OpenInt
2017-05-16,16:00:00,37.27,37.5,37.13,37.15,7603,0
2017-05-16,17:00:00,37.21,37.26,36.92,36.97,7313,0
2017-05-16,18:00:00,37.07,37.1236,37.07,37.1236,1245,0
2017-05-16,19:00:00,37.145,37.19,37.14,37.16,2000,0
2017-05-16,20:00:00,37.24,37.4,37.22,37.4,4069,0
2017-05-16,21:00:00,37.4183,37.47,37.38,37.43,6904,0
2017-05-16,22:00:00,37.4509,37.47,37.35,37.39,5166,0
2017-05-17,16:00:00,37.13,37.21,36.8,36.8,17094,0
2017-05-17,17:00:00,36.84,36.84,36.6,36.6,22572,0
2017-05-17,18:00:00,36.6058,36.72,36.59,36.7,31405,0
2017-05-17,19:00:00,36.7656,36.82,36.73,36.78,4831,0
2017-05-17,20:00:00,36.8149,36.8149,36.74,36.74,1104,0
2017-05-17,21:00:00,36.7273,36.7273,36.44,36.51,6468,0
2017-05-17,22:00:00,36.55,36.6977,36.46,36.47,15217,0
2017-05-18,16:00:00,35.48,36,35.03,35.25,32039,0
2017-05-18,17:00:00,35.26,35.65,35.245,35.63,27112,0
2017-05-18,18:00:00,35.63,35.79,35.53,35.57,107524,0
2017-05-18,19:00:00,35.55,35.69,35.52,35.6007,12265,0
2017-05-18,20:00:00,35.6,35.65,35.46,35.6,4853,0
2017-05-18,21:00:00,35.637,35.88,35.637,35.76,1500,0
2017-05-18,22:00:00,35.73,35.75,35.53,35.54,6438,0
2017-05-19,16:00:00,36.07,36.4055,35.8,36.36,5135,0
2017-05-19,17:00:00,36.47,36.71,36.44,36.71,12859,0
2017-05-19,18:00:00,36.695,36.79,36.65,36.78,8192,0
2017-05-19,19:00:00,36.77,36.77,36.72,36.75,2523,0
2017-05-19,20:00:00,36.72,36.77,36.66,36.7308,4416,0
2017-05-19,21:00:00,36.73,36.87,36.71,36.81,4793,0
2017-05-19,22:00:00,36.88,36.88,36.57,36.65,6920,0
2017-05-22,16:00:00,36.9,36.9,36.87,36.9,4905,0
2017-05-22,17:00:00,36.7911,36.7911,36.49,36.56,4486,0
2017-05-22,18:00:00,36.525,36.55,36.44,36.51,3350,0
2017-05-22,19:00:00,36.62,36.74,36.6,36.65,800,0
2017-05-22,20:00:00,36.61,36.74,36.61,36.69,3250,0
2017-05-22,21:00:00,36.64,36.79,36.64,36.72,1044,0
2017-05-22,22:00:00,36.77,36.8,36.69,36.74,3559,0
2017-05-23,16:00:00,36.76,36.88,36.76,36.77,2793,0
2017-05-23,17:00:00,36.9,37.1343,36.8121,37.1343,3698,0
2017-05-23,18:00:00,37.19,37.47,37.19,37.41,25598,0
2017-05-23,19:00:00,37.41,37.41,37.2,37.33,122383,0
2017-05-23,20:00:00,37.36,37.4195,37.26,37.26,46342,0
2017-05-23,21:00:00,37.31,37.63,37.31,37.6265,16717,0
2017-05-23,22:00:00,37.61,37.719,37.52,37.55,41193,0
2017-05-24,16:00:00,37.44,37.7499,37.4296,37.7499,20946,0
2017-05-24,17:00:00,37.7287,37.77,37.6,37.6,15246,0
2017-05-24,18:00:00,37.42,37.42,36.99,36.9989,8212,0
2017-05-24,19:00:00,37.0874,37.1651,37.08,37.08,1505,0
2017-05-24,20:00:00,37.0862,37.0862,37.05,37.05,600,0
2017-05-24,21:00:00,36.9954,37.12,36.92,36.93,5511,0
2017-05-24,22:00:00,36.987,37.05,36.94,36.96,69793,0
2017-05-25,16:00:00,37.08,37.6,37.08,37.58,5680,0
2017-05-25,17:00:00,37.42,37.42,37.12,37.12,13471,0
2017-05-25,18:00:00,37.17,37.25,36.8301,36.85,16451,0
2017-05-25,19:00:00,36.97,36.99,36.82,36.8289,6200,0
2017-05-25,20:00:00,36.7672,36.81,36.7505,36.7923,1067,0
2017-05-25,21:00:00,36.94,36.94,36.81,36.81,10040,0
2017-05-25,22:00:00,36.858,36.93,36.8001,36.9,11678,0
2017-05-26,16:00:00,37.04,37.04,36.9,36.955,6100,0
2017-05-26,17:00:00,37.05,37.0766,36.97,37.0766,8400,0
2017-05-26,18:00:00,36.9499,37,36.83,36.86,1574,0
2017-05-26,19:00:00,36.9164,36.95,36.8899,36.95,1095,0
2017-05-26,20:00:00,36.9064,36.94,36.9,36.92,934,0
2017-05-26,21:00:00,36.92,36.92,36.8811,36.8994,900,0
2017-05-26,22:00:00,36.8407,36.91,36.84,36.87,2652,0
2017-05-30,16:00:00,36.92,36.97,36.621,36.95,3578,0
2017-05-30,17:00:00,36.94,37.12,36.7852,37.0999,7370,0
2017-05-30,18:00:00,37.1,37.175,37.03,37.1008,2103,0
2017-05-30,19:00:00,37.13,37.13,37.04,37.11,7010,0
2017-05-30,20:00:00,37.0913,37.165,37.0913,37.14,3011,0
2017-05-30,21:00:00,37.22,37.22,37.1501,37.2,1630,0
2017-05-30,22:00:00,37.25,37.25,37.11,37.13,4725,0
2017-05-31,16:00:00,36.95,36.95,36.34,36.34,12995,0
2017-05-31,17:00:00,36.34,36.4,36.23,36.4,6300,0
2017-05-31,18:00:00,36.47,36.52,36.33,36.52,11584,0
2017-05-31,19:00:00,36.6098,36.72,36.59,36.64,2300,0
2017-05-31,20:00:00,36.65,36.65,36.49,36.54,3212,0
2017-05-31,21:00:00,36.55,36.65,36.5,36.58,1400,0
2017-05-31,22:00:00,36.59,36.7,36.55,36.59,22830,0
2017-06-01,16:00:00,36.5,36.8,36.5,36.8,3795,0
2017-06-01,17:00:00,36.6262,36.6262,36.53,36.58,3170,0
2017-06-01,18:00:00,36.69,36.71,36.55,36.63,43089,0
2017-06-01,19:00:00,36.5709,36.6064,36.5709,36.6058,1976,0
2017-06-01,20:00:00,36.657,36.74,36.657,36.6986,571,0
2017-06-01,21:00:00,36.6236,36.64,36.55,36.64,20164,0
2017-06-01,22:00:00,36.56,36.65,36.51,36.65,17021,0
2017-06-02,16:00:00,36.69,36.69,36.34,36.47,7344,0
2017-06-02,17:00:00,36.34,36.5248,36.25,36.5248,13455,0
2017-06-02,18:00:00,36.49,36.565,36.4,36.565,1365,0
2017-06-02,19:00:00,36.5108,36.5108,36.39,36.39,877,0
2017-06-02,20:00:00,36.3401,36.3994,36.2962,36.3599,38887,0
2017-06-02,21:00:00,36.32,36.4022,36.3098,36.4022,29501,0
2017-06-02,22:00:00,36.4539,36.4539,36.31,36.37,3447,0
2017-06-05,16:00:00,36.25,36.35,36.25,36.35,5207,0
2017-06-05,17:00:00,36.4301,36.54,36.4,36.4,2671,0
2017-06-05,18:00:00,36.39,36.399,36.33,36.35,6362,0
2017-06-05,19:00:00,36.37,36.53,36.35,36.5237,15183,0
2017-06-05,20:00:00,36.521,36.58,36.5,36.576,12938,0
2017-06-05,21:00:00,36.59,36.606,36.47,36.56,10633,0
2017-06-05,22:00:00,36.6,36.6,36.47,36.5,14142,0
2017-06-06,16:00:00,36.43,36.43,36.22,36.3567,4713,0
2017-06-06,17:00:00,36.3084,36.38,36.206,36.206,1500,0
2017-06-06,18:00:00,36.26,36.2844,36.1778,36.27,1450,0
2017-06-06,19:00:00,36.26,36.34,36.26,36.34,335,0
2017-06-06,20:00:00,36.27,36.31,36.18,36.21,1000,0
2017-06-06,21:00:00,36.25,36.47,36.25,36.47,3850,0
2017-06-06,22:00:00,36.46,36.47,36.31,36.35,4841,0
2017-06-07,16:00:00,36.53,36.65,36.45,36.65,3972,0
2017-06-07,17:00:00,36.65,36.66,36.21,36.25,3436,0
2017-06-07,18:00:00,36.265,36.28,36.07,36.14,1850,0
2017-06-07,19:00:00,36.12,36.1251,35.96,35.96,2031,0
2017-06-07,20:00:00,35.91,36.03,35.85,36.02,1269,0
2017-06-07,21:00:00,36.0313,36.22,35.9804,36.1693,6631,0
2017-06-07,22:00:00,36.15,36.2,36.09,36.2,2850,0
2017-06-08,16:00:00,36.08,36.44,36.08,36.4,10772,0
2017-06-08,17:00:00,36.39,36.7539,36.38,36.75,2687,0
2017-06-08,18:00:00,36.75,36.95,36.72,36.9,17675,0
2017-06-08,19:00:00,36.9,37.19,36.9,37.19,4819,0
2017-06-08,20:00:00,37.1808,37.2,37.1808,37.2,700,0
2017-06-08,21:00:00,37.15,37.1521,37.1,37.1405,525,0
2017-06-08,22:00:00,37.183,37.2889,37.136,37.25,6610,0
2017-06-09,16:00:00,37.38,37.61,37.34,37.36,7466,0
2017-06-09,17:00:00,37.33,37.4,37.14,37.26,11792,0
2017-06-09,18:00:00,37.23,37.55,37.22,37.52,10994,0
2017-06-09,19:00:00,37.5006,37.51,37.4,37.47,4653,0
2017-06-09,20:00:00,37.6,37.6,37.52,37.5365,1398,0
2017-06-09,21:00:00,37.47,37.48,37.21,37.22,12714,0
2017-06-09,22:00:00,37.23,37.48,37.23,37.34,13375,0
2017-06-12,16:00:00,37.31,37.7,37.31,37.33,11243,0
2017-06-12,17:00:00,37.2816,37.75,37.24,37.69,16377,0
2017-06-12,18:00:00,37.7,37.74,37.12,37.21,17869,0
2017-06-12,19:00:00,37.2,37.25,37.16,37.21,16200,0
2017-06-12,20:00:00,37.2,37.23,37.1101,37.16,1750,0
2017-06-12,21:00:00,37.18,37.26,37.137,37.137,500,0
2017-06-12,22:00:00,37.17,37.28,37.17,37.26,1198,0
2017-06-13,16:00:00,37.37,37.37,37.15,37.3,14600,0
2017-06-13,17:00:00,37.3,37.39,37.2,37.34,19279,0
2017-06-13,18:00:00,37.26,37.35,37.2,37.29,54227,0
2017-06-13,19:00:00,37.28,37.31,37.2,37.24,11420,0
2017-06-13,20:00:00,37.21,37.24,37.19,37.2,22056,0
2017-06-13,21:00:00,37.2,37.22,37.18,37.2,9128,0
2017-06-13,22:00:00,37.2,37.25,37.16,37.21,37858,0
2017-06-14,16:00:00,37.38,37.38,37.04,37.0648,1457,0
2017-06-14,17:00:00,37.08,37.23,36.678,36.72,43736,0
2017-06-14,18:00:00,36.68,36.7102,36.54,36.54,5872,0
2017-06-14,19:00:00,36.49,36.51,36.4398,36.46,4690,0
2017-06-14,20:00:00,36.4992,36.52,36.3691,36.41,6422,0
2017-06-14,21:00:00,36.44,36.44,36.15,36.2,9000,0
2017-06-14,22:00:00,36.19,36.42,36.18,36.41,12831,0
2017-06-15,16:00:00,35.87,35.93,35.51,35.78,2694,0
2017-06-15,17:00:00,35.8695,35.8695,35.19,35.2393,34349,0
2017-06-15,18:00:00,35.25,35.59,35.24,35.53,3328,0
2017-06-15,19:00:00,35.51,35.64,35.44,35.64,1700,0
2017-06-15,20:00:00,35.59,35.6158,35.49,35.54,2600,0
2017-06-15,21:00:00,35.49,35.52,35.36,35.37,2700,0
2017-06-15,22:00:00,35.36,35.53,35.34,35.48,17118,0
2017-06-16,16:00:00,35.55,35.75,35.37,35.66,64284,0
2017-06-16,17:00:00,35.72,35.73,35.47,35.47,1866,0
2017-06-16,18:00:00,35.391,35.445,35.2,35.2123,3997,0
2017-06-16,19:00:00,35.28,35.32,35.2748,35.32,560,0
2017-06-16,20:00:00,35.301,35.33,35.3,35.33,1250,0
2017-06-16,21:00:00,35.36,35.3989,35.31,35.36,1325,0
2017-06-16,22:00:00,35.36,35.56,35.36,35.52,6029,0
2017-06-19,16:00:00,35.77,36.34,35.77,36.17,4222,0
2017-06-19,17:00:00,36.27,36.4264,36.2,36.35,19890,0
2017-06-19,18:00:00,36.3401,36.341,35.87,35.9,102240,0
2017-06-19,19:00:00,35.9,35.98,35.86,35.96,45025,0
2017-06-19,20:00:00,35.98,36.06,35.85,35.85,19630,0
2017-06-19,21:00:00,35.88,35.88,35.7,35.81,28795,0
2017-06-19,22:00:00,35.81,35.92,35.79,35.88,19081,0
2017-06-20,16:00:00,35.36,35.46,35.3,35.341,8769,0
2017-06-20,17:00:00,35.2,35.35,35.19,35.24,5121,0
2017-06-20,18:00:00,35.25,35.34,35.25,35.28,4000,0
2017-06-20,19:00:00,35.22,35.22,35.06,35.11,8609,0
2017-06-20,20:00:00,35.1,35.13,35.0974,35.0974,900,0
2017-06-20,21:00:00,35.1952,35.3,35.1952,35.22,1727,0
2017-06-20,22:00:00,35.2453,35.2453,35.18,35.18,6049,0
2017-06-21,16:00:00,35.4,35.4,35.32,35.36,1264,0
2017-06-21,17:00:00,35.28,35.6899,35.28,35.53,7557,0
2017-06-21,18:00:00,35.43,35.43,35.274,35.314,3150,0
2017-06-21,19:00:00,35.4328,35.4328,35.25,35.26,11624,0
2017-06-21,20:00:00,35.21,35.2852,35.21,35.28,720,0
2017-06-21,21:00:00,35.21,35.4256,35.21,35.39,550,0
2017-06-21,22:00:00,35.462,35.48,35.26,35.28,2429,0
2017-06-22,16:00:00,35.39,35.55,35.39,35.55,2839,0
2017-06-22,17:00:00,35.56,35.71,35.46,35.71,37427,0
2017-06-22,18:00:00,35.63,35.7,35.62,35.7,1600,0
2017-06-22,19:00:00,35.72,35.81,35.71,35.81,2700,0
2017-06-22,20:00:00,35.79,35.8148,35.64,35.7035,3700,0
2017-06-22,21:00:00,35.8047,35.95,35.8,35.9402,5300,0
2017-06-22,22:00:00,35.9,35.92,35.7955,35.83,9157,0
2017-06-23,16:00:00,36.14,36.1895,35.8518,35.9676,4624,0
2017-06-23,17:00:00,36.06,36.4462,36.06,36.38,5286,0
2017-06-23,18:00:00,36.35,36.35,36.24,36.28,1300,0
2017-06-23,19:00:00,36.46,36.59,36.46,36.53,15196,0
2017-06-23,20:00:00,36.52,36.52,36.3816,36.39,2096,0
2017-06-23,21:00:00,36.42,36.49,36.42,36.49,1065,0
2017-06-23,22:00:00,36.4647,36.48,36.38,36.41,7086,0
2017-06-26,16:00:00,36.68,36.728,36.63,36.728,2417,0
2017-06-26,17:00:00,36.7,36.7,36.52,36.52,1281,0
2017-06-26,18:00:00,36.23,36.47,36.1584,36.47,5775,0
2017-06-26,19:00:00,36.51,36.5208,36.46,36.4862,3150,0
2017-06-26,20:00:00,36.5,36.54,36.4,36.4,640,0
2017-06-26,21:00:00,36.3601,36.45,36.3601,36.45,1643,0
2017-06-26,22:00:00,36.4964,36.5502,36.4753,36.53,5073,0
2017-06-27,16:00:00,37.09,37.225,37.05,37.095,20002,0
2017-06-27,17:00:00,37.16,37.43,37.1054,37.31,26060,0
2017-06-27,18:00:00,37.29,37.29,37.084,37.18,3150,0
2017-06-27,19:00:00,37.25,37.25,36.98,37.0067,14353,0
2017-06-27,20:00:00,37.065,37.1182,36.95,36.97,10695,0
2017-06-27,21:00:00,36.9634,36.9634,36.81,36.922,4900,0
2017-06-27,22:00:00,36.9153,36.9153,36.64,36.68,3390,0
2017-06-28,16:00:00,37.19,37.4327,37.1546,37.33,6315,0
2017-06-28,17:00:00,37.47,37.7574,37.42,37.7574,6960,0
2017-06-28,18:00:00,37.79,38,37.79,37.9,13904,0
2017-06-28,19:00:00,37.92,38.1,37.901,38.07,10934,0
2017-06-28,20:00:00,38.01,38.15,37.9366,38.14,12045,0
2017-06-28,21:00:00,38.13,38.17,38.07,38.17,3145,0
2017-06-28,22:00:00,38.1299,38.1299,38.03,38.08,5150,0
2017-06-29,16:00:00,38.36,38.61,38.27,38.46,30440,0
2017-06-29,17:00:00,38.43,38.53,38.24,38.52,3555,0
2017-06-29,18:00:00,38.5848,38.5848,38.0675,38.23,7520,0
2017-06-29,19:00:00,38.1955,38.2,38.01,38.01,1442,0
2017-06-29,20:00:00,38.06,38.06,37.74,37.882,23473,0
2017-06-29,21:00:00,37.838,37.99,37.838,37.943,1400,0
2017-06-29,22:00:00,38.0269,38.12,38.0269,38.08,2537,0
2017-06-30,16:00:00,38.05,38.7909,38.05,38.64,11022,0
2017-06-30,17:00:00,38.6276,38.6579,38.388,38.5225,6045,0
2017-06-30,18:00:00,38.56,38.63,38.51,38.61,13249,0
2017-06-30,19:00:00,38.6591,38.693,38.6,38.693,1750,0
2017-06-30,20:00:00,38.7078,38.7078,38.59,38.64,6630,0
2017-06-30,21:00:00,38.6121,38.71,38.6121,38.6605,5628,0
2017-06-30,22:00:00,38.64,38.64,38.5,38.5,8858,0
2017-07-03,16:00:00,38.87,39.14,38.87,39.01,6527,0
2017-07-03,17:00:00,38.98,39.0945,38.91,39.0945,1687,0
2017-07-03,18:00:00,39.048,39.17,38.94,39.07,4582,0
2017-07-03,19:00:00,39.045,39.2,39.021,39.09,5726,0
2017-07-03,20:00:00,39.09,39.09,39.09,39.09,812,0
2017-07-03,22:00:00,39.09,39.09,39.09,39.09,0,0
2017-07-05,16:00:00,38.93,39.1369,38.71,38.88,17641,0
2017-07-05,17:00:00,38.83,38.83,38.4442,38.5,5113,0
2017-07-05,18:00:00,38.805,38.805,38.805,38.805,500,0
2017-07-05,19:00:00,38.8,38.86,38.75,38.86,17116,0
2017-07-05,20:00:00,38.864,38.878,38.864,38.878,200,0
2017-07-05,21:00:00,38.92,38.98,38.8,38.84,16859,0
2017-07-05,22:00:00,38.84,38.95,38.79,38.93,9940,0
2017-07-06,16:00:00,38.7,38.84,38.7,38.745,5722,0
2017-07-06,17:00:00,38.685,38.92,38.685,38.82,1951,0
2017-07-06,18:00:00,39.1,39.2,38.9679,39.09,4310,0
2017-07-06,19:00:00,39.22,39.22,39.1314,39.1314,200,0
2017-07-06,20:00:00,39.125,39.26,38.99,38.99,15796,0
2017-07-06,21:00:00,38.948,38.948,38.9,38.9092,4575,0
2017-07-06,22:00:00,38.917,38.917,38.74,38.81,4084,0
2017-07-07,16:00:00,38.94,38.98,38.5237,38.5989,7495,0
2017-07-07,17:00:00,38.61,38.61,38.17,38.38,72125,0
2017-07-07,18:00:00,38.3,38.35,38.01,38.27,10312,0
2017-07-07,19:00:00,38.49,38.49,38.3955,38.4,2040,0
2017-07-07,20:00:00,38.43,38.55,38.43,38.55,5100,0
2017-07-07,21:00:00,38.6,38.6056,38.46,38.46,2546,0
2017-07-07,22:00:00,38.49,38.65,38.48,38.61,11150,0
2017-07-10,16:00:00,38.42,38.8468,38.42,38.84,3433,0
2017-07-10,17:00:00,38.84,39.165,38.84,39.11,5934,0
2017-07-10,18:00:00,39.16,39.3,39.12,39.3,7340,0
2017-07-10,19:00:00,39.31,39.355,39.245,39.3,2684,0
2017-07-10,20:00:00,39.33,39.41,39.33,39.3998,5582,0
2017-07-10,21:00:00,39.41,39.48,39.3963,39.4,16987,0
2017-07-10,22:00:00,39.3,39.31,39.27,39.29,8803,0
2017-07-11,16:00:00,39.37,39.5,39.29,39.44,4330,0
2017-07-11,17:00:00,39.42,39.669,39.4,39.645,5299,0
2017-07-11,18:00:00,39.49,39.71,39.3,39.7,11506,0
2017-07-11,19:00:00,39.71,39.74,39.64,39.64,3878,0
2017-07-11,20:00:00,39.65,39.7023,39.64,39.6836,1040,0
2017-07-11,21:00:00,39.7,39.91,39.7,39.8188,4449,0
2017-07-11,22:00:00,39.8,39.834,39.76,39.83,8492,0
2017-07-12,16:00:00,40.03,40.3142,40,40.14,18017,0
2017-07-12,17:00:00,40.1396,40.2681,39.9004,39.9004,10068,0
2017-07-12,18:00:00,39.82,40.06,39.8,40.05,2450,0
2017-07-12,19:00:00,40.05,40.15,40.05,40.15,7223,0
2017-07-12,20:00:00,40.15,40.21,40.12,40.1768,18800,0
2017-07-12,21:00:00,40.1857,40.24,40.15,40.15,2538,0
2017-07-12,22:00:00,40.12,40.23,40.12,40.23,3158,0
2017-07-13,16:00:00,40.41,40.41,39.96,40.13,10976,0
2017-07-13,17:00:00,40.15,40.2,40.05,40.05,2207,0
2017-07-13,18:00:00,39.92,40,39.8328,39.8466,7460,0
2017-07-13,19:00:00,39.84,39.91,39.84,39.91,317,0
2017-07-13,20:00:00,39.8854,39.939,39.84,39.8886,1146,0
2017-07-13,21:00:00,39.895,40.43,39.85,40.38,6895,0
2017-07-13,22:00:00,40.5,40.56,40.33,40.5,10587,0
2017-07-14,16:00:00,40.79,40.79,40.54,40.7,17932,0
2017-07-14,17:00:00,40.5972,40.68,40.54,40.67,8793,0
2017-07-14,18:00:00,40.61,40.62,40.56,40.62,2183,0
2017-07-14,19:00:00,40.64,40.7,40.61,40.67,25084,0
2017-07-14,21:00:00,40.635,40.635,40.52,40.57,1500,0
2017-07-14,22:00:00,40.57,40.63,40.49,40.49,5443,0
2017-07-17,16:00:00,40.66,40.8,40.66,40.8,7297,0
2017-07-17,17:00:00,40.77,41,40.77,40.981,8824,0
2017-07-17,18:00:00,40.97,41.03,40.94,41.03,3055,0
2017-07-17,19:00:00,41.0308,41.0778,41.01,41.0778,1594,0
2017-07-17,20:00:00,41.07,41.09,40.9536,41.08,1855,0
2017-07-17,21:00:00,41.08,41.09,41.03,41.0534,4825,0
2017-07-17,22:00:00,40.9185,40.96,40.91,40.92,5744,0
2017-07-18,16:00:00,40.77,40.82,40.5926,40.82,3149,0
2017-07-18,17:00:00,40.79,40.81,40.35,40.5,30180,0
2017-07-18,18:00:00,40.5415,40.64,40.46,40.62,89939,0
2017-07-18,19:00:00,40.65,40.75,40.6141,40.66,22904,0
2017-07-18,20:00:00,40.63,40.63,40.57,40.6,902,0
2017-07-18,21:00:00,40.6534,40.7424,40.6,40.67,8511,0
2017-07-18,22:00:00,40.74,40.78,40.73,40.76,20369,0
2017-07-19,16:00:00,40.83,40.95,40.83,40.95,3437,0
2017-07-19,17:00:00,40.98,41.05,40.85,40.85,6011,0
2017-07-19,18:00:00,40.8604,40.92,40.8496,40.92,6621,0
2017-07-19,19:00:00,40.88,41.01,40.88,41.01,3222,0
2017-07-19,20:00:00,41.07,41.47,41.07,41.45,39433,0
2017-07-19,21:00:00,41.39,41.463,41.32,41.4113,16287,0
2017-07-19,22:00:00,41.39,41.44,41.361,41.44,5186,0
2017-07-20,16:00:00,41.13,41.29,40.8,41.01,5988,0
2017-07-20,17:00:00,41.03,41.04,40.74,40.99,14616,0
2017-07-20,18:00:00,40.98,41.001,40.72,40.88,3100,0
2017-07-20,19:00:00,41.0734,41.0734,40.98,40.98,870,0
2017-07-20,20:00:00,41.0218,41.05,40.9663,41.05,1261,0
2017-07-20,21:00:00,41.01,41.195,41,41.04,4440,0
2017-07-20,22:00:00,41.04,41.07,40.99,41.04,2498,0
2017-07-21,16:00:00,40.94,40.94,40.72,40.72,3209,0
2017-07-21,17:00:00,40.71,40.735,40.64,40.67,6560,0
2017-07-21,18:00:00,40.585,40.7,40.56,40.6316,3908,0
2017-07-21,19:00:00,40.63,40.651,40.55,40.55,3069,0
2017-07-21,20:00:00,40.555,40.596,40.54,40.5498,798,0
2017-07-21,21:00:00,40.5,40.54,40.48,40.54,1592,0
2017-07-21,22:00:00,40.518,40.518,40.43,40.43,6600,0
2017-07-24,16:00:00,40.43,40.46,40.3901,40.46,3274,0
2017-07-24,17:00:00,40.42,40.42,40.27,40.32,4798,0
2017-07-24,18:00:00,40.33,40.4,40.2034,40.4,800,0
2017-07-24,19:00:00,40.37,40.44,40.33,40.38,1600,0
2017-07-24,20:00:00,40.48,40.53,40.47,40.53,640,0
2017-07-24,21:00:00,40.575,40.64,40.56,40.611,945,0
2017-07-24,22:00:00,40.66,40.69,40.64,40.67,2342,0
2017-07-25,16:00:00,41.24,41.939,41.06,41.81,14649,0
2017-07-25,17:00:00,41.845,41.9414,41.73,41.8212,39497,0
2017-07-25,18:00:00,41.8,41.97,41.7,41.97,3270,0
2017-07-25,19:00:00,42,42.06,41.95,42,3214,0
2017-07-25,20:00:00,42,42.029,41.91,41.92,3300,0
2017-07-25,21:00:00,41.9299,41.9499,41.855,41.91,3472,0
2017-07-25,22:00:00,41.789,41.9,41.76,41.82,2631,0
2017-07-26,16:00:00,42.02,42.02,41.7035,41.7553,2490,0
2017-07-26,17:00:00,41.73,41.73,41.04,41.04,7723,0
2017-07-26,18:00:00,41.08,41.37,41.07,41.37,31322,0
2017-07-26,19:00:00,41.38,41.39,41.32,41.32,3100,0
2017-07-26,20:00:00,41.2,41.2,41.09,41.17,5194,0
2017-07-26,21:00:00,41.205,41.3927,41.205,41.3927,5976,0
2017-07-26,22:00:00,41.26,41.28,41.1498,41.21,7652,0
2017-07-27,16:00:00,41.36,41.699,40.94,41,5318,0
2017-07-27,17:00:00,41.01,41.29,41.01,41.25,11034,0
2017-07-27,18:00:00,41.37,41.37,41.2,41.3081,1861,0
2017-07-27,19:00:00,41.3325,41.38,41.13,41.17,5250,0
2017-07-27,20:00:00,41.07,41.07,40.7008,40.79,1754,0
2017-07-27,21:00:00,40.907,40.907,40.699,40.75,1085,0
2017-07-27,22:00:00,40.8004,40.97,40.8004,40.97,14740,0
2017-07-28,16:00:00,40.64,40.67,40.4419,40.4419,5161,0
2017-07-28,17:00:00,40.59,40.85,40.58,40.85,8000,0
2017-07-28,18:00:00,40.7,40.7,40.48,40.48,4230,0
2017-07-28,19:00:00,40.49,40.4945,40.3075,40.39,3200,0
2017-07-28,20:00:00,40.43,40.5,40.38,40.38,1786,0
2017-07-28,21:00:00,40.34,40.39,40.34,40.36,750,0
2017-07-28,22:00:00,40.5,40.57,40.48,40.56,4791,0
2017-07-31,16:00:00,40.97,41.14,40.77,41.0503,15271,0
2017-07-31,17:00:00,40.95,41.04,40.93,40.97,27873,0
2017-07-31,18:00:00,40.96,40.9936,40.91,40.99,2135,0
2017-07-31,19:00:00,41,41.1276,41,41.1276,1700,0
2017-07-31,20:00:00,41.11,41.17,41.03,41.13,6850,0
2017-07-31,21:00:00,41.12,41.22,41.12,41.18,1836,0
2017-07-31,22:00:00,41.2,41.225,41.15,41.16,5521,0
2017-08-01,16:00:00,41.06,41.06,40.8149,40.83,3438,0
2017-08-01,17:00:00,40.9091,40.95,40.8,40.88,2565,0
2017-08-01,18:00:00,40.97,40.97,40.58,40.73,8095,0
2017-08-01,19:00:00,40.74,40.76,40.7,40.72,1072,0
2017-08-01,20:00:00,40.73,40.7856,40.73,40.7856,1100,0
2017-08-01,21:00:00,40.751,40.79,40.73,40.77,18955,0
2017-08-01,22:00:00,40.755,40.755,40.61,40.61,4518,0
2017-08-02,16:00:00,40.21,40.5,40.21,40.27,18558,0
2017-08-02,17:00:00,40.2925,40.41,40.07,40.11,24700,0
2017-08-02,18:00:00,40.1,40.4,40.1,40.4,5783,0
2017-08-02,19:00:00,40.4,40.4,40.3,40.31,3100,0
2017-08-02,20:00:00,40.38,40.49,40.38,40.43,7459,0
2017-08-02,21:00:00,40.48,40.54,40.43,40.54,2543,0
2017-08-02,22:00:00,40.52,40.52,40.38,40.45,5938,0
2017-08-03,16:00:00,40.34,40.6,40.2051,40.23,2205,0
2017-08-03,17:00:00,40.2701,40.42,40.2701,40.42,7753,0
2017-08-03,18:00:00,40.4,40.46,40.36,40.36,5671,0
2017-08-03,19:00:00,40.32,40.41,40.3,40.31,3447,0
2017-08-03,20:00:00,40.33,40.33,40.29,40.3,4617,0
2017-08-03,21:00:00,40.17,40.19,40.17,40.18,1100,0
2017-08-03,22:00:00,40.2348,40.267,40.18,40.22,7880,0
2017-08-04,16:00:00,40.71,40.75,40.48,40.48,1498,0
2017-08-04,17:00:00,40.5,40.71,40.38,40.71,5200,0
2017-08-04,18:00:00,40.73,40.89,40.73,40.84,4858,0
2017-08-04,19:00:00,40.8682,40.88,40.86,40.86,300,0
2017-08-04,20:00:00,40.86,40.89,40.7722,40.81,3760,0
2017-08-04,21:00:00,40.8048,40.8048,40.8048,40.8048,100,0
2017-08-04,22:00:00,40.85,40.8725,40.815,40.82,6540,0
2017-08-07,16:00:00,41.45,41.62,41.4335,41.5965,5893,0
2017-08-07,17:00:00,41.62,41.66,41.5,41.66,38690,0
2017-08-07,18:00:00,41.67,41.77,41.6,41.77,5167,0
2017-08-07,19:00:00,41.75,41.91,41.71,41.91,5130,0
2017-08-07,20:00:00,41.81,41.879,41.7999,41.7999,2716,0
2017-08-07,21:00:00,41.7557,41.855,41.71,41.855,12194,0
2017-08-07,22:00:00,41.91,41.91,41.8,41.88,6626,0
2017-08-08,16:00:00,41.7,41.76,41.33,41.33,9672,0
2017-08-08,17:00:00,41.4915,41.56,41.46,41.55,2440,0
2017-08-08,18:00:00,41.84,42.1,41.83,42.08,4176,0
2017-08-08,19:00:00,42.08,42.08,41.82,41.82,3500,0
2017-08-08,20:00:00,41.9181,41.919,41.8244,41.8244,780,0
2017-08-08,21:00:00,41.7883,41.7883,41.7883,41.7883,150,0
2017-08-08,22:00:00,41.68,41.71,41.54,41.65,5990,0
2017-08-09,16:00:00,41.49,41.49,41.26,41.44,10366,0
2017-08-09,17:00:00,41.46,41.56,41.41,41.45,11625,0
2017-08-09,18:00:00,41.47,41.47,41.27,41.31,1726,0
2017-08-09,19:00:00,41.28,41.32,41.232,41.232,7877,0
2017-08-09,20:00:00,41.245,41.3299,41.245,41.3299,486,0
2017-08-09,21:00:00,41.27,41.27,41.22,41.22,1335,0
2017-08-09,22:00:00,41.19,41.28,41.19,41.27,12637,0
2017-08-10,16:00:00,40.96,41.22,40.86,41.21,12166,0
2017-08-10,17:00:00,41.12,41.15,40.95,41.15,14269,0
2017-08-10,18:00:00,41.07,41.09,41.03,41.0714,3738,0
2017-08-10,19:00:00,41.03,41.03,40.7278,40.7511,4142,0
2017-08-10,20:00:00,40.88,40.9008,40.88,40.88,950,0
2017-08-10,21:00:00,40.91,40.97,40.84,40.94,5611,0
2017-08-10,22:00:00,40.99,41,40.69,40.74,18500,0
2017-08-11,16:00:00,39.86,40.08,39.22,39.84,11247,0
2017-08-11,17:00:00,39.84,40,39.8309,39.97,50480,0
2017-08-11,18:00:00,40.03,40.11,40.014,40.05,6125,0
2017-08-11,19:00:00,40.04,40.13,40.04,40.13,3768,0
2017-08-11,20:00:00,40.17,40.23,40.13,40.13,5019,0
2017-08-11,21:00:00,40.17,40.18,40.13,40.1478,1750,0
2017-08-11,22:00:00,40.08,40.13,40.01,40.05,7400,0
2017-08-14,16:00:00,40.14,40.63,40.14,40.63,9061,0
2017-08-14,17:00:00,40.58,40.58,40.41,40.47,3173,0
2017-08-14,18:00:00,40.5,40.5,40.4,40.41,2650,0
2017-08-14,19:00:00,40.35,40.35,40.34,40.34,200,0
2017-08-14,20:00:00,40.28,40.28,40.28,40.28,900,0
2017-08-14,21:00:00,40.4,40.4,40.33,40.36,2350,0
2017-08-14,22:00:00,40.3389,40.37,40.18,40.23,18677,0
2017-08-15,16:00:00,40.11,40.1802,40.11,40.12,5201,0
2017-08-15,17:00:00,40.15,40.15,40.0101,40.0101,758,0
2017-08-15,18:00:00,40.02,40.03,39.95,40.03,25878,0
2017-08-15,19:00:00,40.03,40.03,39.94,39.9776,3365,0
2017-08-15,20:00:00,39.89,39.9599,39.88,39.92,11337,0
2017-08-15,21:00:00,39.9028,39.92,39.87,39.87,6715,0
2017-08-15,22:00:00,39.9,40.04,39.9,40.02,9068,0
2017-08-16,16:00:00,40.35,40.829,40.35,40.73,3187,0
2017-08-16,17:00:00,40.72,40.85,40.68,40.81,900,0
2017-08-16,18:00:00,40.82,40.86,40.75,40.81,2481,0
2017-08-16,19:00:00,40.81,40.81,40.7836,40.79,650,0
2017-08-16,20:00:00,40.7358,40.76,40.65,40.76,4667,0
2017-08-16,21:00:00,40.8101,40.8355,40.7298,40.8355,3101,0
2017-08-16,22:00:00,40.7399,40.86,40.67,40.86,7167,0
2017-08-17,16:00:00,40.77,40.83,40.62,40.83,2458,0
2017-08-17,17:00:00,40.82,40.82,40.59,40.59,400,0
2017-08-17,18:00:00,40.7,40.72,40.57,40.63,5200,0
2017-08-17,19:00:00,40.36,40.36,40.36,40.36,100,0
2017-08-17,20:00:00,40.31,40.3127,40.22,40.299,2822,0
2017-08-17,21:00:00,40.24,40.28,40.18,40.18,16100,0
2017-08-17,22:00:00,40.1668,40.1668,39.75,39.76,8754,0
2017-08-18,16:00:00,40.16,40.16,39.88,39.888,1480,0
2017-08-18,17:00:00,39.99,40.0338,39.91,40,2826,0
2017-08-18,18:00:00,40.12,40.2862,40.06,40.26,1500,0
2017-08-18,19:00:00,40.27,40.391,40.27,40.31,1300,0
2017-08-18,20:00:00,40.11,40.18,40.11,40.18,700,0
2017-08-18,21:00:00,40.1887,40.1887,40.1887,40.1887,100,0
2017-08-18,22:00:00,40.21,40.24,40.17,40.2,8585,0
2017-08-21,16:00:00,40.44,40.44,40.38,40.4,1783,0
2017-08-21,17:00:00,40.3111,40.43,40.3111,40.43,1600,0
2017-08-21,18:00:00,40.33,40.37,40.265,40.3303,1598,0
2017-08-21,20:00:00,40.33,40.35,40.14,40.14,1351,0
2017-08-21,22:00:00,40.08,40.08,40.01,40.01,3688,0
2017-08-22,16:00:00,40.4,40.7,40.4,40.7,1881,0
2017-08-22,17:00:00,40.67,40.7443,40.67,40.69,2495,0
2017-08-22,18:00:00,40.7,40.81,40.66,40.81,5830,0
2017-08-22,19:00:00,40.83,40.85,40.81,40.82,1985,0
2017-08-22,20:00:00,40.86,40.9,40.83,40.86,2039,0
2017-08-22,21:00:00,40.84,40.88,40.82,40.8598,2700,0
2017-08-22,22:00:00,40.84,40.9199,40.8,40.8,5739,0
2017-08-23,16:00:00,40.71,40.7864,40.71,40.77,6880,0
2017-08-23,17:00:00,41.22,41.3,41.17,41.29,918,0
2017-08-23,18:00:00,41.19,41.4,41.19,41.4,700,0
2017-08-23,19:00:00,41.35,41.46,41.35,41.37,1500,0
2017-08-23,20:00:00,41.44,41.51,41.3967,41.4873,24829,0
2017-08-23,21:00:00,41.52,41.62,41.52,41.62,2900,0
2017-08-23,22:00:00,41.62,41.63,41.56,41.6,6465,0
2017-08-24,16:00:00,41.47,41.53,41.17,41.2984,10946,0
2017-08-24,17:00:00,41.3624,41.658,41.3624,41.658,4294,0
2017-08-24,18:00:00,41.64,41.75,41.54,41.7034,2623,0
2017-08-24,19:00:00,41.73,41.7655,41.73,41.7655,1200,0
2017-08-24,20:00:00,41.77,41.82,41.7104,41.77,3550,0
2017-08-24,21:00:00,41.68,41.76,41.67,41.6959,1879,0
2017-08-24,22:00:00,41.72,41.73,41.57,41.63,4808,0
2017-08-25,16:00:00,41.9,41.979,41.745,41.745,43439,0
2017-08-25,17:00:00,41.79,41.95,41.79,41.84,4349,0
2017-08-25,18:00:00,41.77,41.81,41.76,41.76,1340,0
2017-08-25,19:00:00,41.6931,41.72,41.66,41.72,2200,0
2017-08-25,20:00:00,41.76,41.76,41.69,41.73,1950,0
2017-08-25,21:00:00,41.685,41.88,41.6701,41.86,1840,0
2017-08-25,22:00:00,41.88,41.9,41.79,41.8,4030,0
2017-08-28,16:00:00,41.92,41.92,41.77,41.77,35339,0
2017-08-28,17:00:00,41.79,42.02,41.72,42.02,7419,0
2017-08-28,18:00:00,41.99,42.06,41.98,41.98,2234,0
2017-08-28,19:00:00,42,42,41.82,41.85,1450,0
2017-08-28,20:00:00,41.9372,41.98,41.9,41.93,1590,0
2017-08-28,21:00:00,41.91,41.91,41.88,41.89,500,0
2017-08-28,22:00:00,41.8812,41.9,41.86,41.88,1603,0
2017-08-29,16:00:00,41.35,41.53,41.35,41.47,10385,0
2017-08-29,17:00:00,41.48,41.57,41.4258,41.4258,5150,0
2017-08-29,18:00:00,41.609,41.65,41.47,41.65,2578,0
2017-08-29,19:00:00,41.8097,41.9436,41.8097,41.9436,310,0
2017-08-29,20:00:00,42,42.2,42,42.16,6083,0
2017-08-29,21:00:00,42.13,42.16,42.03,42.08,29807,0
2017-08-29,22:00:00,42.07,42.08,41.9801,42.02,35070,0
2017-08-30,16:00:00,42.06,42.32,41.9105,42.32,9854,0
2017-08-30,17:00:00,42.3336,42.3336,42.13,42.28,13310,0
2017-08-30,18:00:00,42.26,42.44,42.2,42.43,2196,0
2017-08-30,19:00:00,42.4799,42.48,42.391,42.4,4589,0
2017-08-30,20:00:00,42.3617,42.44,42.34,42.34,1680,0
2017-08-30,21:00:00,42.36,42.4,42.36,42.4,1950,0
2017-08-30,22:00:00,42.41,42.49,42.41,42.44,9673,0
2017-08-31,16:00:00,42.83,42.97,42.72,42.78,39470,0
2017-08-31,17:00:00,42.82,42.82,42.71,42.76,6954,0
2017-08-31,18:00:00,42.75,42.78,42.6,42.7301,6690,0
2017-08-31,19:00:00,42.73,42.86,42.73,42.86,8870,0
2017-08-31,20:00:00,42.856,42.856,42.68,42.7,2334,0
2017-08-31,21:00:00,42.7,42.829,42.66,42.77,3602,0
2017-08-31,22:00:00,42.78,42.7822,42.65,42.68,15498,0
2017-09-01,16:00:00,43.02,43.4,43.02,43.2821,5533,0
2017-09-01,17:00:00,43.2,43.44,43.13,43.4,6770,0
2017-09-01,18:00:00,43.45,43.609,43.3939,43.609,14761,0
2017-09-01,19:00:00,43.5934,43.75,43.5931,43.6,2704,0
2017-09-01,20:00:00,43.6273,43.66,43.6201,43.66,1181,0
2017-09-01,21:00:00,43.63,43.7109,43.63,43.69,3048,0
2017-09-01,22:00:00,43.6664,43.6664,43.57,43.61,35852,0
2017-09-05,16:00:00,43.93,44.3632,43.93,44.0787,9313,0
2017-09-05,17:00:00,44,44.02,43.7,43.7285,14344,0
2017-09-05,18:00:00,43.7266,43.7266,43.46,43.46,2390,0
2017-09-05,19:00:00,43.39,43.39,42.96,43.0456,9025,0
2017-09-05,20:00:00,43.0902,43.412,43.028,43.412,1691,0
2017-09-05,21:00:00,43.44,43.44,43.2675,43.2675,6473,0
2017-09-05,22:00:00,43.3,43.4036,43.2401,43.35,8377,0
2017-09-06,16:00:00,43.48,43.6535,43.36,43.6535,3274,0
2017-09-06,17:00:00,43.7,43.7364,43.61,43.621,2175,0
2017-09-06,18:00:00,43.696,43.696,43.5,43.6367,56689,0
2017-09-06,19:00:00,43.6037,43.7564,43.5939,43.7564,1815,0
2017-09-06,20:00:00,43.76,43.76,43.7,43.7069,3853,0
2017-09-06,21:00:00,43.77,43.79,43.77,43.79,900,0
2017-09-06,22:00:00,43.76,43.8,43.69,43.69,13113,0
2017-09-07,16:00:00,43.81,44,43.74,43.78,5086,0
2017-09-07,17:00:00,43.77,43.9,43.69,43.85,4800,0
2017-09-07,18:00:00,43.83,43.89,43.69,43.71,1078,0
2017-09-07,19:00:00,43.7547,43.9,43.73,43.9,3685,0
2017-09-07,20:00:00,43.84,43.84,43.73,43.81,803,0
2017-09-07,21:00:00,43.8,43.89,43.7956,43.89,2572,0
2017-09-07,22:00:00,43.93,43.99,43.8723,43.99,6554,0
2017-09-08,16:00:00,43.75,43.75,43.63,43.63,5355,0
2017-09-08,17:00:00,43.61,43.6375,43.34,43.37,3621,0
2017-09-08,18:00:00,43.4,43.4,42.9301,42.9571,7639,0
2017-09-08,19:00:00,43.01,43.26,42.99,43.26,1600,0
2017-09-08,20:00:00,43.19,43.19,43.01,43.14,2160,0
2017-09-08,21:00:00,43.09,43.24,43.09,43.21,1435,0
2017-09-08,22:00:00,43.2126,43.28,43.15,43.23,6516,0
2017-09-11,16:00:00,43.56,43.913,43.56,43.8104,7496,0
2017-09-11,17:00:00,43.8,43.95,43.8,43.85,2622,0
2017-09-11,18:00:00,43.859,43.9,43.8,43.881,3135,0
2017-09-11,19:00:00,43.9257,44.03,43.9257,44.03,1094,0
2017-09-11,20:00:00,44.03,44.03,43.93,43.93,1212,0
2017-09-11,21:00:00,43.815,43.833,43.7592,43.833,3630,0
2017-09-11,22:00:00,43.71,43.7699,43.68,43.74,3385,0
2017-09-12,16:00:00,43.74,43.76,43.45,43.76,1886,0
2017-09-12,17:00:00,43.7301,43.83,43.7301,43.7595,650,0
2017-09-12,18:00:00,43.85,43.85,43.83,43.83,571,0
2017-09-12,19:00:00,43.85,44.01,43.85,44,2650,0
2017-09-12,20:00:00,44.01,44.02,43.92,43.92,4750,0
2017-09-12,21:00:00,43.93,43.98,43.89,43.9,7286,0
2017-09-12,22:00:00,43.86,43.89,43.77,43.77,5854,0
2017-09-13,16:00:00,43.5,43.699,43.362,43.4266,3408,0
2017-09-13,17:00:00,43.38,43.46,43.28,43.35,16146,0
2017-09-13,18:00:00,43.36,43.45,43.32,43.43,2700,0
2017-09-13,19:00:00,43.38,43.38,43.3794,43.38,870,0
2017-09-13,20:00:00,43.425,43.52,43.38,43.49,34600,0
2017-09-13,21:00:00,43.41,43.41,43.3561,43.36,315,0
2017-09-13,22:00:00,43.341,43.43,43.33,43.43,3926,0
2017-09-14,16:00:00,42.83,43,42.26,42.5179,5598,0
2017-09-14,17:00:00,42.5351,42.6518,42.461,42.6518,2442,0
2017-09-14,18:00:00,42.65,42.68,42.6,42.6,916,0
2017-09-14,19:00:00,42.6494,42.68,42.56,42.5625,1434,0
2017-09-14,20:00:00,42.54,42.725,42.54,42.725,1781,0
2017-09-14,21:00:00,42.75,42.75,42.68,42.68,700,0
2017-09-14,22:00:00,42.69,42.77,42.68,42.77,9731,0
2017-09-15,16:00:00,42.44,42.81,42.44,42.8,2656,0
2017-09-15,17:00:00,42.82,42.98,42.82,42.94,5129,0
2017-09-15,18:00:00,42.89,42.89,42.75,42.75,1383,0
2017-09-15,19:00:00,42.88,42.88,42.7993,42.842,1009,0
2017-09-15,20:00:00,42.85,42.8685,42.81,42.831,1307,0
2017-09-15,21:00:00,42.84,42.88,42.81,42.86,3700,0
2017-09-15,22:00:00,42.96,43,42.89,42.93,5136,0
2017-09-18,16:00:00,43.05,43.534,43.05,43.4968,5126,0
2017-09-18,17:00:00,43.51,43.54,43.43,43.4396,2271,0
2017-09-18,18:00:00,43.395,43.45,43.2,43.2,3170,0
2017-09-18,19:00:00,43.27,43.3657,43.24,43.3657,3450,0
2017-09-18,20:00:00,43.46,43.57,43.43,43.53,3322,0
2017-09-18,21:00:00,43.43,43.43,43.34,43.36,1700,0
2017-09-18,22:00:00,43.34,43.48,43.34,43.42,4065,0
2017-09-19,16:00:00,43.25,43.25,42.94,42.98,2932,0
2017-09-19,17:00:00,42.99,43.1655,42.98,43.12,4364,0
2017-09-19,18:00:00,43.08,43.1789,43.03,43.1789,1070,0
2017-09-19,19:00:00,43.21,43.26,43.14,43.14,8927,0
2017-09-19,20:00:00,43.28,43.345,43.28,43.345,581,0
2017-09-19,21:00:00,43.23,43.24,43.17,43.24,1919,0
2017-09-19,22:00:00,43.23,43.35,43.21,43.32,3928,0
2017-09-20,16:00:00,43.32,43.542,43.32,43.54,2899,0
2017-09-20,17:00:00,43.45,43.45,43.321,43.39,2070,0
2017-09-20,18:00:00,43.4752,43.51,43.36,43.4,2242,0
2017-09-20,19:00:00,43.3,43.3798,43.3,43.3675,826,0
2017-09-20,20:00:00,43.366,43.44,43.36,43.44,2180,0
2017-09-20,21:00:00,43.32,43.32,42.82,43.09,3775,0
2017-09-20,22:00:00,43.02,43.24,43.02,43.24,4490,0
2017-09-21,16:00:00,42.59,42.75,42.56,42.56,4095,0
2017-09-21,17:00:00,42.56,42.6,42.36,42.58,3923,0
2017-09-21,18:00:00,42.5,42.57,42.5,42.54,1417,0
2017-09-21,19:00:00,42.49,42.6,42.49,42.57,1150,0
2017-09-21,20:00:00,42.57,42.6182,42.51,42.6,2115,0
2017-09-21,21:00:00,42.53,42.58,42.33,42.35,5276,0
2017-09-21,22:00:00,42.36,42.4199,42.34,42.36,6402,0
2017-09-22,16:00:00,41.81,41.99,41.6335,41.88,7659,0
2017-09-22,17:00:00,41.88,42.15,41.88,42.09,9766,0
2017-09-22,18:00:00,42.09,42.21,42.08,42.1501,3209,0
2017-09-22,19:00:00,42.12,42.12,42.02,42.02,3673,0
2017-09-22,20:00:00,41.98,42.06,41.98,42.0195,1201,0
2017-09-22,21:00:00,42.002,42.036,41.9932,42.03,1852,0
2017-09-22,22:00:00,41.91,41.9812,41.91,41.92,4342,0
2017-09-25,16:00:00,41.95,41.98,41.9,41.94,6152,0
2017-09-25,17:00:00,41.96,41.96,41.49,41.49,11742,0
2017-09-25,18:00:00,41.49,41.49,41.2,41.22,6489,0
2017-09-25,19:00:00,41.17,41.28,41.09,41.28,8324,0
2017-09-25,20:00:00,41.32,41.35,41.28,41.339,2304,0
2017-09-25,21:00:00,41.26,41.37,41.26,41.3596,1661,0
2017-09-25,22:00:00,41.38,41.4426,41.3601,41.42,20108,0
2017-09-26,16:00:00,41.57,41.95,41.57,41.85,6484,0
2017-09-26,17:00:00,41.8724,41.94,41.74,41.74,982,0
2017-09-26,18:00:00,41.77,41.8099,41.698,41.698,1335,0
2017-09-26,19:00:00,41.75,41.7596,41.67,41.7,1400,0
2017-09-26,20:00:00,41.7,41.7224,41.7,41.72,1531,0
2017-09-26,21:00:00,41.64,41.64,41.55,41.5801,1086,0
2017-09-26,22:00:00,41.59,41.6036,41.44,41.52,5592,0
2017-09-27,16:00:00,41.58,41.58,41.42,41.42,2344,0
2017-09-27,17:00:00,41.34,41.34,40.9982,41.01,2131,0
2017-09-27,18:00:00,41.08,41.109,41.03,41.06,3365,0
2017-09-27,19:00:00,40.93,41.08,40.91,41.08,10561,0
2017-09-27,20:00:00,41.21,41.48,41.19,41.48,3681,0
2017-09-27,21:00:00,41.57,41.81,41.57,41.81,2638,0
2017-09-27,22:00:00,41.74,41.8366,41.72,41.75,7492,0
2017-09-28,16:00:00,41.72,41.72,41.45,41.4841,7464,0
2017-09-28,17:00:00,41.3504,41.42,41.33,41.35,1303,0
2017-09-28,18:00:00,41.35,41.5724,41.3108,41.49,1232,0
2017-09-28,19:00:00,41.64,41.8,41.56,41.8,2192,0
2017-09-28,20:00:00,41.75,41.75,41.62,41.64,1490,0
2017-09-28,21:00:00,41.744,41.744,41.67,41.68,1600,0
2017-09-28,22:00:00,41.73,41.74,41.6901,41.71,4176,0
2017-09-29,16:00:00,41.94,42.095,41.94,42.016,4271,0
2017-09-29,17:00:00,41.97,42.1792,41.97,42.17,800,0
2017-09-29,18:00:00,42.1298,42.15,42.05,42.05,300,0
2017-09-29,19:00:00,42.02,42.12,42.02,42.12,500,0
2017-09-29,20:00:00,42.1486,42.16,42.14,42.16,1700,0
2017-09-29,21:00:00,42.2576,42.2576,42.2576,42.2576,235,0
2017-09-29,22:00:00,42.23,42.24,42.17,42.18,3147,0
2017-10-02,16:00:00,42.15,42.3095,42.15,42.3095,2042,0
2017-10-02,17:00:00,42.4474,42.6,42.43,42.43,3403,0
2017-10-02,18:00:00,42.46,42.65,42.34,42.65,3871,0
2017-10-02,19:00:00,42.67,42.83,42.67,42.8,23658,0
2017-10-02,20:00:00,42.77,42.79,42.72,42.76,1500,0
2017-10-02,21:00:00,42.7899,42.7899,42.71,42.72,1037,0
2017-10-02,22:00:00,42.63,42.68,42.56,42.68,18589,0
2017-10-03,16:00:00,42.76,42.9449,42.74,42.75,6042,0
2017-10-03,17:00:00,42.7925,42.88,42.62,42.84,2973,0
2017-10-03,18:00:00,42.81,42.82,42.7926,42.82,1230,0
2017-10-03,19:00:00,42.8,42.82,42.8,42.8,300,0
2017-10-03,20:00:00,42.81,42.86,42.81,42.86,200,0
2017-10-03,21:00:00,42.9605,43.0148,42.9605,42.971,1182,0
2017-10-03,22:00:00,42.98,43.04,42.92,43.02,8157,0
2017-10-04,16:00:00,43.04,43.2922,43.04,43.1874,7262,0
2017-10-04,17:00:00,43.23,43.42,43.15,43.36,1634,0
2017-10-04,18:00:00,43.401,43.43,43.28,43.3427,2900,0
2017-10-04,19:00:00,43.35,43.35,43.16,43.16,1775,0
2017-10-04,20:00:00,43.2,43.2,43.09,43.18,751,0
2017-10-04,21:00:00,43.16,43.16,43.11,43.11,757,0
2017-10-04,22:00:00,43.17,43.17,43.09,43.14,7500,0
2017-10-05,16:00:00,43.45,43.52,43.45,43.52,4242,0
2017-10-05,17:00:00,43.5081,43.51,43.4747,43.5,1905,0
2017-10-05,18:00:00,43.5,43.58,43.5,43.58,525,0
2017-10-05,19:00:00,43.5056,43.559,43.47,43.47,3770,0
2017-10-05,20:00:00,43.32,43.32,43.32,43.32,100,0
2017-10-05,21:00:00,43.37,43.37,43.2401,43.2422,849,0
2017-10-05,22:00:00,43.15,43.19,42.96,43,3011,0
2017-10-06,16:00:00,42.98,42.98,42.67,42.69,5860,0
2017-10-06,17:00:00,42.75,42.89,42.67,42.67,5745,0
2017-10-06,18:00:00,42.6472,42.7548,42.6472,42.749,2100,0
2017-10-06,19:00:00,42.695,42.8,42.64,42.8,2201,0
2017-10-06,20:00:00,42.73,42.78,42.72,42.72,1497,0
2017-10-06,21:00:00,42.77,42.77,42.74,42.7438,1753,0
2017-10-06,22:00:00,42.74,42.81,42.7025,42.8072,3055,0
2017-10-09,17:00:00,42.08,42.1,41.97,41.99,4575,0
2017-10-09,18:00:00,42.02,42.09,42.02,42.03,2475,0
2017-10-09,19:00:00,41.865,41.92,41.82,41.89,4550,0
2017-10-09,20:00:00,41.905,41.97,41.9,41.9288,2560,0
2017-10-09,21:00:00,41.95,41.95,41.85,41.8884,2787,0
2017-10-09,22:00:00,41.9,41.98,41.84,41.95,5884,0
2017-10-10,16:00:00,42.07,42.2401,42.07,42.19,10600,0
2017-10-10,17:00:00,42.11,42.13,42.085,42.09,1922,0
2017-10-10,18:00:00,42.09,42.13,41.96,42.02,103145,0
2017-10-10,19:00:00,41.97,42.05,41.97,42.05,3600,0
2017-10-10,20:00:00,42.04,42.09,42.04,42.09,1803,0
2017-10-10,21:00:00,42.08,42.088,42.03,42.07,19682,0
2017-10-10,22:00:00,42.06,42.08,42.01,42.08,8728,0
2017-10-11,16:00:00,42.05,42.1,42.05,42.1,1967,0
2017-10-11,17:00:00,42.1,42.35,42.1,42.1912,15367,0
2017-10-11,18:00:00,42.1801,42.33,42.1801,42.33,967,0
2017-10-11,19:00:00,42.25,42.2721,42.0501,42.1,3932,0
2017-10-11,20:00:00,42.1,42.1,42.02,42.05,14883,0
2017-10-11,21:00:00,42.02,42.08,42.02,42.08,6546,0
2017-10-11,22:00:00,42.09,42.1775,42.07,42.1,7135,0
2017-10-12,16:00:00,42.12,42.28,42.12,42.28,1145,0
2017-10-12,17:00:00,42.29,42.3863,42.29,42.3863,545,0
2017-10-12,18:00:00,42.4,42.48,42.4,42.48,500,0
2017-10-12,19:00:00,42.4445,42.57,42.4445,42.5003,5618,0
2017-10-12,20:00:00,42.515,42.52,42.47,42.47,2136,0
2017-10-12,21:00:00,42.5,42.5267,42.45,42.45,4260,0
2017-10-12,22:00:00,42.47,42.5069,42.42,42.47,6809,0
2017-10-13,16:00:00,43.33,43.7771,43.33,43.73,10614,0
2017-10-13,17:00:00,43.7,43.88,43.69,43.78,4083,0
2017-10-13,18:00:00,43.78,43.816,43.74,43.77,5370,0
2017-10-13,19:00:00,43.8,43.85,43.8,43.83,3416,0
2017-10-13,20:00:00,43.84,43.89,43.82,43.8777,1259,0
2017-10-13,21:00:00,43.88,43.99,43.88,43.99,1481,0
2017-10-13,22:00:00,44,44.057,44,44.03,15737,0
2017-10-16,16:00:00,44.57,45.21,44.57,44.6223,9223,0
2017-10-16,17:00:00,44.54,44.587,43.95,43.95,10375,0
2017-10-16,18:00:00,43.96,44.009,43.89,43.93,1544,0
2017-10-16,19:00:00,43.9804,43.9804,43.77,43.806,3421,0
2017-10-16,20:00:00,43.819,43.87,43.819,43.87,228,0
2017-10-16,21:00:00,43.87,43.91,43.82,43.8433,1701,0
2017-10-16,22:00:00,43.85,43.89,43.81,43.88,76084,0
2017-10-17,16:00:00,43.64,43.7946,43.51,43.7946,5003,0
2017-10-17,17:00:00,43.6852,43.6852,43.34,43.43,1735,0
2017-10-17,18:00:00,43.45,43.48,43.38,43.42,2475,0
2017-10-17,19:00:00,43.46,43.51,43.46,43.51,1481,0
2017-10-17,20:00:00,43.4604,43.4647,43.39,43.39,950,0
2017-10-17,21:00:00,43.37,43.4834,43.37,43.4698,2096,0
2017-10-17,22:00:00,43.43,43.47,43.38,43.41,7437,0
2017-10-18,16:00:00,43.39,43.571,42.8866,43.53,5907,0
2017-10-18,17:00:00,43.497,43.51,43.4,43.42,1186,0
2017-10-18,18:00:00,43.3224,43.3224,43.12,43.2197,2933,0
2017-10-18,19:00:00,43.33,43.33,43.3106,43.315,340,0
2017-10-18,20:00:00,43.329,43.36,43.3201,43.35,1160,0
2017-10-18,21:00:00,43.37,43.4909,43.37,43.4909,1298,0
2017-10-18,22:00:00,43.51,43.51,43.44,43.46,2989,0
2017-10-19,16:00:00,42.99,43.01,42.76,42.85,48993,0
2017-10-19,17:00:00,42.82,43.312,42.82,43.312,1784,0
2017-10-19,18:00:00,43.24,43.396,43.231,43.305,40154,0
2017-10-19,19:00:00,43.25,43.3793,43.25,43.35,755,0
2017-10-19,20:00:00,43.42,43.46,43.42,43.46,1210,0
2017-10-19,21:00:00,43.525,43.6595,43.51,43.6595,1119,0
2017-10-19,22:00:00,43.6317,43.74,43.62,43.74,6232,0
2017-10-20,16:00:00,44,44.22,44,44.22,9576,0
2017-10-20,17:00:00,44.2061,44.2061,43.91,43.91,21929,0
2017-10-20,18:00:00,43.98,44.07,43.98,44.07,500,0
2017-10-20,19:00:00,43.93,44.0545,43.91,44.0545,1850,0
2017-10-20,20:00:00,44.06,44.1,44.022,44.1,1467,0
2017-10-20,21:00:00,44.1,44.2167,44.1,44.2,3116,0
2017-10-20,22:00:00,44.19,44.2111,44.09,44.13,3935,0
2017-10-23,16:00:00,43.85,44.13,43.85,44.13,4668,0
2017-10-23,17:00:00,44.17,44.24,43.98,43.98,4271,0
2017-10-23,18:00:00,43.97,44.1,43.96,44.05,1600,0
2017-10-23,19:00:00,44.08,44.1,44.0504,44.0504,500,0
2017-10-23,20:00:00,44.041,44.041,43.93,43.98,2383,0
2017-10-23,21:00:00,43.94,43.95,43.82,43.8441,3400,0
2017-10-23,22:00:00,43.82,43.82,43.72,43.73,7524,0
2017-10-24,16:00:00,43.85,43.94,43.85,43.9138,2369,0
2017-10-24,17:00:00,43.98,44.08,43.93,44.08,4704,0
2017-10-24,18:00:00,44.13,44.27,44.11,44.26,1700,0
2017-10-24,19:00:00,44.24,44.3,44.23,44.3,703,0
2017-10-24,20:00:00,44.3,44.49,44.3,44.49,2369,0
2017-10-24,21:00:00,44.45,44.47,44.4,44.47,3098,0
2017-10-24,22:00:00,44.49,44.52,44.38,44.43,9221,0
2017-10-25,16:00:00,44.17,44.2914,44.05,44.05,20935,0
2017-10-25,17:00:00,44.0329,44.08,43.97,44.03,3863,0
2017-10-25,18:00:00,43.77,43.81,43.69,43.69,2890,0
2017-10-25,19:00:00,43.73,43.83,43.63,43.83,4687,0
2017-10-25,20:00:00,43.77,43.93,43.77,43.93,6100,0
2017-10-25,21:00:00,43.91,43.91,43.78,43.78,1200,0
2017-10-25,22:00:00,43.79,44,43.79,43.98,3174,0
2017-10-26,16:00:00,44.17,44.36,44.0038,44.0038,795,0
2017-10-26,17:00:00,43.98,44.092,43.96,44.05,1739,0
2017-10-26,18:00:00,44.12,44.12,44.09,44.09,200,0
2017-10-26,19:00:00,43.83,43.83,43.83,43.83,110,0
2017-10-26,20:00:00,43.83,43.89,43.79,43.79,1690,0
2017-10-26,21:00:00,43.71,43.719,43.6629,43.6629,19621,0
2017-10-26,22:00:00,43.69,43.69,43.6,43.6,2825,0
2017-10-27,16:00:00,43.19,43.2,43,43.2,3913,0
2017-10-27,17:00:00,43.335,43.45,43.33,43.37,8500,0
2017-10-27,18:00:00,43.39,43.6401,43.39,43.64,2418,0
2017-10-27,19:00:00,43.6031,43.64,43.57,43.64,1900,0
2017-10-27,20:00:00,43.54,43.64,43.53,43.619,3357,0
2017-10-27,21:00:00,43.63,43.67,43.57,43.57,601,0
2017-10-27,22:00:00,43.5921,43.6,43.51,43.51,4970,0
2017-10-30,15:00:00,43.29,43.58,43.29,43.45,7368,0
2017-10-30,16:00:00,43.39,43.51,43.32,43.3308,2455,0
2017-10-30,17:00:00,43.27,43.38,43.27,43.31,992,0
2017-10-30,18:00:00,43.09,43.09,43.02,43.0599,900,0
2017-10-30,19:00:00,43.0456,43.0456,42.96,43,1230,0
2017-10-30,20:00:00,42.9285,42.9346,42.8645,42.92,3793,0
2017-10-30,21:00:00,42.85,42.88,42.78,42.79,11298,0
2017-10-31,15:00:00,42.53,42.59,41.9,42.24,9844,0
2017-10-31,16:00:00,42.26,42.52,42.26,42.5,5420,0
2017-10-31,17:00:00,42.51,42.63,42.39,42.469,6813,0
2017-10-31,18:00:00,42.49,42.5,42.28,42.47,4800,0
2017-10-31,19:00:00,42.42,42.52,42.42,42.43,7215,0
2017-10-31,20:00:00,42.48,42.57,42.45,42.46,1650,0
2017-10-31,21:00:00,42.45,42.47,42.31,42.38,4142,0
2017-11-01,15:00:00,43.52,43.64,43.369,43.45,5029,0
2017-11-01,16:00:00,43.45,43.45,42.97,43.13,24318,0
2017-11-01,17:00:00,43.1,43.1,42.8,42.82,1500,0
2017-11-01,18:00:00,42.81,42.87,42.7,42.7,1000,0
2017-11-01,19:00:00,42.66,42.69,42.54,42.69,3700,0
2017-11-01,20:00:00,42.73,42.8148,42.7201,42.75,2299,0
2017-11-01,21:00:00,42.809,42.9,42.72,42.72,3755,0
2017-11-02,15:00:00,42.94,43.23,42.94,43.2,637,0
2017-11-02,16:00:00,43.33,43.33,43.18,43.24,2195,0
2017-11-02,17:00:00,43.15,43.2,43.03,43.09,21757,0
2017-11-02,18:00:00,43.12,43.12,43.12,43.12,100,0
2017-11-02,19:00:00,43.0529,43.0529,42.97,42.97,413,0
2017-11-02,20:00:00,42.94,43.11,42.94,43.03,4800,0
2017-11-02,21:00:00,43.02,43.17,43.02,43.13,10552,0
2017-11-03,15:00:00,43.1,43.1,42.75,42.75,1061,0
2017-11-03,16:00:00,42.7799,42.7799,42.431,42.472,4768,0
2017-11-03,17:00:00,42.55,42.62,42.53,42.62,20200,0
2017-11-03,18:00:00,42.63,42.75,42.56,42.6932,18307,0
2017-11-03,19:00:00,42.71,42.72,42.6097,42.65,3379,0
2017-11-03,20:00:00,42.67,42.72,42.62,42.72,27202,0
2017-11-03,21:00:00,42.71,42.71,42.63,42.65,3621,0
2017-11-06,16:00:00,43.16,43.31,43.1236,43.2,21429,0
2017-11-06,17:00:00,43.1,43.1999,43.1,43.1,1382,0
2017-11-06,18:00:00,43.05,43.06,42.97,43,6803,0
2017-11-06,19:00:00,43.1667,43.2,43.1667,43.2,1700,0
2017-11-06,20:00:00,43.25,43.25,43.25,43.25,100,0
2017-11-06,21:00:00,43.339,43.339,43.26,43.28,8203,0
2017-11-06,22:00:00,43.2894,43.34,43.25,43.27,2738,0
2017-11-07,16:00:00,42.96,42.96,42.92,42.95,2780,0
2017-11-07,17:00:00,42.68,42.77,42.5467,42.5467,6549,0
2017-11-07,18:00:00,42.54,42.56,42.54,42.54,4800,0
2017-11-07,19:00:00,42.49,42.5885,42.47,42.54,2036,0
2017-11-07,20:00:00,42.53,42.53,42.46,42.46,7900,0
2017-11-07,21:00:00,42.45,42.53,42.44,42.4965,7027,0
2017-11-07,22:00:00,42.47,42.57,42.45,42.55,8346,0
2017-11-08,16:00:00,42.43,42.43,42.22,42.22,1400,0
2017-11-08,17:00:00,42.3,42.31,42.2095,42.3,2768,0
2017-11-08,19:00:00,42.3095,42.4278,42.3095,42.36,8147,0
2017-11-08,20:00:00,42.4,42.4197,42.33,42.4197,748,0
2017-11-08,21:00:00,42.38,42.6234,42.38,42.6,16224,0
2017-11-08,22:00:00,42.6,42.64,42.53,42.54,11000,0
2017-11-09,16:00:00,41.82,41.842,41.49,41.82,15645,0
2017-11-09,17:00:00,41.87,41.98,41.87,41.9,917,0
2017-11-09,18:00:00,41.96,41.96,41.88,41.88,1000,0
2017-11-09,19:00:00,41.85,41.88,41.66,41.7352,3150,0
2017-11-09,20:00:00,41.76,41.96,41.69,41.825,2060,0
2017-11-09,21:00:00,41.87,41.87,41.76,41.77,14020,0
2017-11-09,22:00:00,41.77,41.83,41.739,41.82,3217,0
2017-11-10,16:00:00,41.93,42.13,41.93,42.13,2430,0
2017-11-10,17:00:00,42.19,42.2,41.91,41.925,2892,0
2017-11-10,18:00:00,41.8,41.84,41.69,41.69,700,0
2017-11-10,19:00:00,41.61,41.61,41.5149,41.56,2280,0
2017-11-10,20:00:00,41.52,41.54,41.45,41.4727,2000,0
2017-11-10,21:00:00,41.52,41.57,41.48,41.57,4882,0
2017-11-10,22:00:00,41.59,41.74,41.59,41.7,9650,0
2017-11-13,16:00:00,41.25,41.53,41.0005,41.53,2396,0
2017-11-13,17:00:00,41.61,41.78,41.6,41.61,2911,0
2017-11-13,18:00:00,41.5817,41.585,41.46,41.46,1825,0
2017-11-13,19:00:00,41.46,41.46,41.4489,41.4489,281,0
2017-11-13,20:00:00,41.42,41.44,41.42,41.44,300,0
2017-11-13,21:00:00,41.46,41.66,41.45,41.61,10350,0
2017-11-13,22:00:00,41.54,41.64,41.5,41.52,15670,0
2017-11-14,16:00:00,41.21,41.21,41,41,5190,0
2017-11-14,17:00:00,40.88,40.88,40.42,40.47,19949,0
2017-11-14,18:00:00,40.4817,40.4817,40.32,40.33,18109,0
2017-11-14,19:00:00,40.3,40.37,40.23,40.36,8321,0
2017-11-14,20:00:00,40.33,40.35,40.22,40.33,8118,0
2017-11-14,21:00:00,40.28,40.38,40.26,40.32,9709,0
2017-11-14,22:00:00,40.32,40.39,40.31,40.32,14651,0
2017-11-15,16:00:00,39.63,39.63,39.22,39.5,3618,0
2017-11-15,17:00:00,39.37,40.03,39.37,39.9922,9537,0
2017-11-15,18:00:00,40.03,40.05,39.91,39.9102,29694,0
2017-11-15,19:00:00,39.94,40.03,39.91,40.03,2030,0
2017-11-15,20:00:00,40.0832,40.0832,40.01,40.04,2691,0
2017-11-15,21:00:00,40.12,40.12,40.11,40.11,300,0
2017-11-15,22:00:00,40.16,40.3389,40.16,40.25,3865,0
2017-11-16,16:00:00,40.47,40.5,40.39,40.43,1625,0
2017-11-16,17:00:00,40.55,40.64,40.4275,40.53,4346,0
2017-11-16,18:00:00,40.47,40.57,40.47,40.55,800,0
2017-11-16,19:00:00,40.45,40.51,40.45,40.5003,850,0
2017-11-16,20:00:00,40.56,40.58,40.52,40.52,800,0
2017-11-16,21:00:00,40.52,40.56,40.52,40.56,1000,0
2017-11-16,22:00:00,40.51,40.54,40.48,40.54,4754,0
2017-11-17,16:00:00,40.54,40.58,40.54,40.58,2600,0
2017-11-17,17:00:00,40.49,40.52,40.44,40.51,600,0
2017-11-17,18:00:00,40.67,40.81,40.52,40.81,1776,0
2017-11-17,19:00:00,40.85,41.01,40.85,41.01,2643,0
2017-11-17,20:00:00,41.03,41.03,40.91,40.92,5465,0
2017-11-17,21:00:00,40.89,40.91,40.86,40.9,2100,0
2017-11-17,22:00:00,40.897,40.9,40.83,40.86,3216,0
2017-11-20,16:00:00,41.05,41.05,40.88,40.958,654,0
2017-11-20,17:00:00,40.93,41.29,40.93,41.2868,8450,0
2017-11-20,18:00:00,41.24,41.24,41.1325,41.14,6345,0
2017-11-20,19:00:00,41.2,41.21,41.1955,41.21,900,0
2017-11-20,20:00:00,41.1893,41.25,41.1893,41.22,10726,0
2017-11-20,21:00:00,41.22,41.26,41.19,41.25,3389,0
2017-11-20,22:00:00,41.238,41.3,41.238,41.26,396,0
2017-11-21,16:00:00,41.64,41.9347,41.64,41.85,3404,0
2017-11-21,17:00:00,41.96,42.02,41.91,41.94,2296,0
2017-11-21,18:00:00,41.93,41.93,41.89,41.89,318,0
2017-11-21,19:00:00,41.9036,41.93,41.8901,41.9043,680,0
2017-11-21,20:00:00,41.84,41.8505,41.76,41.76,1294,0
2017-11-21,21:00:00,41.75,41.77,41.75,41.77,200,0
2017-11-21,22:00:00,41.775,41.8,41.77,41.8,764,0
2017-11-22,16:00:00,42.07,42.19,42.07,42.18,1616,0
2017-11-22,17:00:00,42.26,42.2743,42.2,42.2249,5100,0
2017-11-22,18:00:00,42.18,42.3,42.18,42.27,2950,0
2017-11-22,19:00:00,42.23,42.23,42.2,42.2,350,0
2017-11-22,20:00:00,42.187,42.187,42.187,42.187,200,0
2017-11-22,21:00:00,42.24,42.29,42.24,42.2525,580,0
2017-11-22,22:00:00,42.2781,42.2781,42.18,42.18,2871,0
2017-11-24,16:00:00,42.65,42.7595,42.65,42.7595,2300,0
2017-11-24,17:00:00,42.7501,42.7896,42.6,42.64,1534,0
2017-11-24,18:00:00,42.6273,42.6273,42.6273,42.6273,500,0
2017-11-24,19:00:00,42.54,42.559,42.47,42.47,515,0
2017-11-24,20:00:00,42.47,42.47,42.47,42.47,220,0
2017-11-24,22:00:00,42.47,42.47,42.47,42.47,0,0
2017-11-27,16:00:00,42.67,42.67,42.44,42.44,322,0
2017-11-27,17:00:00,42.13,42.16,42.11,42.16,1408,0
2017-11-27,18:00:00,42.1047,42.1262,42.0202,42.0202,6249,0
2017-11-27,19:00:00,41.97,42.06,41.97,42.06,1500,0
2017-11-27,20:00:00,42.1862,42.24,42.155,42.23,19613,0
2017-11-27,21:00:00,42.28,42.28,42.22,42.22,300,0
2017-11-27,22:00:00,42.23,42.23,42.11,42.11,8677,0
2017-11-28,16:00:00,42.2,42.23,41.51,42.03,1656,0
2017-11-28,17:00:00,42.04,42.27,42.03,42.222,2390,0
2017-11-28,18:00:00,42.18,42.239,42.18,42.239,1088,0
2017-11-28,19:00:00,42.16,42.3072,42.15,42.26,16424,0
2017-11-28,20:00:00,42.28,42.34,42.09,42.09,3600,0
2017-11-28,21:00:00,42.08,42.186,42.08,42.1453,2455,0
2017-11-28,22:00:00,42.12,42.36,42.12,42.3,6136,0
2017-11-29,16:00:00,42.21,42.5,42.21,42.5,1466,0
2017-11-29,17:00:00,42.47,42.52,42.45,42.48,2064,0
2017-11-29,18:00:00,42.56,42.56,42.3728,42.39,605,0
2017-11-29,19:00:00,42.3498,42.3498,42.32,42.33,948,0
2017-11-29,21:00:00,42.41,42.47,42.3944,42.3944,2300,0
2017-11-29,22:00:00,42.3734,42.41,42.35,42.39,2228,0
2017-11-30,16:00:00,42.49,42.55,42.4,42.4813,7463,0
2017-11-30,17:00:00,42.5,42.6146,42.4,42.41,19483,0
2017-11-30,18:00:00,42.44,42.55,42.419,42.419,2204,0
2017-11-30,19:00:00,42.34,42.51,42.34,42.42,7493,0
2017-11-30,20:00:00,42.4081,42.445,42.3605,42.445,2430,0
2017-11-30,21:00:00,42.421,42.485,42.4005,42.46,2258,0
2017-11-30,22:00:00,42.455,42.5,42.36,42.36,132349,0
2017-12-01,16:00:00,41.85,42.55,41.85,42.399,5288,0
2017-12-01,17:00:00,42.31,42.86,42.31,42.86,2668,0
2017-12-01,18:00:00,42.6,42.6,41.85,42.08,7679,0
2017-12-01,19:00:00,42.34,42.49,42.25,42.49,1193,0
2017-12-01,20:00:00,42.3964,42.44,42.37,42.3774,1639,0
2017-12-01,21:00:00,42.37,42.37,42.23,42.26,37741,0
2017-12-01,22:00:00,42.25,42.38,42.25,42.37,4560,0
2017-12-04,16:00:00,42.73,43.31,42.73,43.25,15447,0
2017-12-04,17:00:00,43.25,43.33,43.11,43.18,33937,0
2017-12-04,18:00:00,43.16,43.38,43.14,43.37,3970,0
2017-12-04,19:00:00,43.4,43.471,43.4,43.41,725,0
2017-12-04,20:00:00,43.46,43.53,43.4,43.47,5575,0
2017-12-04,21:00:00,43.47,43.483,43.3,43.3,2266,0
2017-12-04,22:00:00,43.3,43.38,43.15,43.19,8671,0
2017-12-05,16:00:00,42.73,42.8262,42.5,42.5,4125,0
2017-12-05,17:00:00,42.54,42.7,42.521,42.7,3258,0
2017-12-05,18:00:00,42.68,42.68,42.44,42.4708,2254,0
2017-12-05,19:00:00,42.39,42.6338,42.39,42.51,4116,0
2017-12-05,20:00:00,42.54,42.64,42.54,42.5401,1845,0
2017-12-05,21:00:00,42.45,42.45,42.33,42.33,2595,0
2017-12-05,22:00:00,42.355,42.4155,42.31,42.33,3659,0
2017-12-06,16:00:00,42.33,42.825,42.33,42.74,7349,0
2017-12-06,17:00:00,42.8357,42.86,42.64,42.7,7429,0
2017-12-06,18:00:00,42.72,42.72,42.68,42.68,3968,0
2017-12-06,19:00:00,42.445,42.5,42.42,42.49,1867,0
2017-12-06,20:00:00,42.5,42.68,42.5,42.64,1690,0
2017-12-06,21:00:00,42.7,42.7,42.68,42.68,600,0
2017-12-06,22:00:00,42.62,42.62,42.57,42.57,600,0
