Date,Time,Open,High,Low,Close,Volume,OpenInt
2017-05-15,16:00:00,6.8,6.8,6.74,6.745,43514,0
2017-05-15,17:00:00,6.74,6.76,6.72,6.75,55215,0
2017-05-15,18:00:00,6.736,6.756,6.71,6.71,22725,0
2017-05-15,19:00:00,6.71,6.7199,6.69,6.7092,34103,0
2017-05-15,20:00:00,6.7092,6.7133,6.6914,6.7099,22807,0
2017-05-15,21:00:00,6.71,6.7299,6.71,6.7299,11691,0
2017-05-15,22:00:00,6.721,6.73,6.72,6.73,26397,0
2017-05-16,16:00:00,6.68,6.7386,6.68,6.73,11963,0
2017-05-16,17:00:00,6.7369,6.74,6.69,6.7199,28595,0
2017-05-16,18:00:00,6.7,6.7084,6.68,6.6914,41044,0
2017-05-16,19:00:00,6.69,6.7,6.68,6.6999,16665,0
2017-05-16,20:00:00,6.69,6.73,6.69,6.72,9970,0
2017-05-16,21:00:00,6.72,6.73,6.7001,6.7117,4000,0
2017-05-16,22:00:00,6.725,6.73,6.7181,6.73,24730,0
2017-05-17,16:00:00,6.75,6.7999,6.75,6.785,25820,0
2017-05-17,17:00:00,6.7898,6.8,6.7732,6.7832,15829,0
2017-05-17,18:00:00,6.79,6.82,6.7898,6.7936,32421,0
2017-05-17,19:00:00,6.795,6.7999,6.79,6.7932,5000,0
2017-05-17,20:00:00,6.78,6.795,6.7699,6.7699,15800,0
2017-05-17,21:00:00,6.76,6.7899,6.76,6.7701,7946,0
2017-05-17,22:00:00,6.79,6.79,6.7731,6.79,4380,0
2017-05-18,16:00:00,6.74,6.75,6.7,6.7348,17692,0
2017-05-18,17:00:00,6.73,6.75,6.724,6.742,15327,0
2017-05-18,18:00:00,6.7588,6.7652,6.73,6.7328,16226,0
2017-05-18,19:00:00,6.7424,6.745,6.7,6.7,26561,0
2017-05-18,20:00:00,6.6998,6.71,6.69,6.71,8650,0
2017-05-18,21:00:00,6.74,6.76,6.74,6.7565,19400,0
2017-05-18,22:00:00,6.755,6.76,6.7501,6.76,23072,0
2017-05-19,16:00:00,6.79,6.82,6.786,6.8,16400,0
2017-05-19,17:00:00,6.8089,6.82,6.8016,6.82,27727,0
2017-05-19,18:00:00,6.82,6.83,6.801,6.83,29200,0
2017-05-19,19:00:00,6.8299,6.83,6.806,6.81,25514,0
2017-05-19,20:00:00,6.84,6.9,6.84,6.88,27596,0
2017-05-19,21:00:00,6.87,6.89,6.87,6.88,12690,0
2017-05-19,22:00:00,6.88,6.89,6.87,6.89,28427,0
2017-05-22,16:00:00,6.9,6.9231,6.9,6.919,21936,0
2017-05-22,17:00:00,6.9103,6.97,6.9103,6.939,30969,0
2017-05-22,18:00:00,6.93,6.97,6.93,6.9524,30450,0
2017-05-22,19:00:00,6.941,6.96,6.94,6.95,8986,0
2017-05-22,20:00:00,6.93,6.93,6.8914,6.9,22420,0
2017-05-22,21:00:00,6.9,6.9,6.86,6.8992,10498,0
2017-05-22,22:00:00,6.8811,6.9,6.8801,6.89,3981,0
2017-05-23,16:00:00,6.88,6.89,6.86,6.87,17977,0
2017-05-23,17:00:00,6.86,6.86,6.82,6.83,9657,0
2017-05-23,18:00:00,6.86,6.86,6.8378,6.8405,3552,0
2017-05-23,19:00:00,6.8572,6.8597,6.82,6.82,4633,0
2017-05-23,20:00:00,6.839,6.8399,6.82,6.82,10000,0
2017-05-23,21:00:00,6.81,6.8302,6.8,6.8302,6200,0
2017-05-23,22:00:00,6.832,6.85,6.832,6.85,109431,0
2017-05-24,16:00:00,6.87,6.87,6.7922,6.802,25684,0
2017-05-24,17:00:00,6.81,6.84,6.8035,6.8303,7674,0
2017-05-24,18:00:00,6.8333,6.86,6.83,6.84,13167,0
2017-05-24,19:00:00,6.84,6.8457,6.82,6.834,5545,0
2017-05-24,20:00:00,6.8448,6.86,6.8448,6.85,7569,0
2017-05-24,21:00:00,6.8416,6.85,6.8416,6.85,3633,0
2017-05-24,22:00:00,6.85,6.85,6.8374,6.85,21738,0
2017-05-25,16:00:00,6.85,6.88,6.85,6.86,4555,0
2017-05-25,17:00:00,6.8569,6.8852,6.8514,6.8852,25385,0
2017-05-25,18:00:00,6.889,6.889,6.82,6.8307,19445,0
2017-05-25,19:00:00,6.831,6.8498,6.83,6.8498,7350,0
2017-05-25,20:00:00,6.8546,6.86,6.83,6.83,4344,0
2017-05-25,21:00:00,6.8268,6.8268,6.8268,6.8268,200,0
2017-05-25,22:00:00,6.82,6.83,6.82,6.83,49724,0
2017-05-26,16:00:00,6.83,6.84,6.8101,6.8214,9439,0
2017-05-26,17:00:00,6.83,6.8701,6.83,6.8669,20295,0
2017-05-26,18:00:00,6.8699,6.92,6.8699,6.9006,6635,0
2017-05-26,19:00:00,6.9031,6.91,6.88,6.88,8050,0
2017-05-26,20:00:00,6.8902,6.9,6.88,6.9,15230,0
2017-05-26,21:00:00,6.8934,6.92,6.8934,6.92,3760,0
2017-05-26,22:00:00,6.91,6.92,6.91,6.92,14950,0
2017-05-30,16:00:00,6.87,6.87,6.78,6.78,36275,0
2017-05-30,17:00:00,6.79,6.8,6.7639,6.77,18491,0
2017-05-30,18:00:00,6.77,6.81,6.76,6.807,36384,0
2017-05-30,19:00:00,6.83,6.83,6.78,6.7999,9000,0
2017-05-30,20:00:00,6.78,6.81,6.78,6.8099,4262,0
2017-05-30,21:00:00,6.82,6.82,6.8,6.8101,5600,0
2017-05-30,22:00:00,6.8111,6.82,6.81,6.82,26884,0
2017-05-31,16:00:00,6.82,6.85,6.82,6.85,25411,0
2017-05-31,17:00:00,6.849,6.85,6.8314,6.845,16658,0
2017-05-31,18:00:00,6.85,6.8717,6.82,6.8334,26185,0
2017-05-31,19:00:00,6.84,6.84,6.8214,6.8239,7300,0
2017-05-31,20:00:00,6.82,6.82,6.8,6.8085,11700,0
2017-05-31,21:00:00,6.8,6.8,6.8,6.8,3680,0
2017-05-31,22:00:00,6.791,6.8,6.79,6.7975,8495,0
2017-06-01,16:00:00,6.82,6.82,6.77,6.77,15262,0
2017-06-01,17:00:00,6.7507,6.76,6.7399,6.7599,29503,0
2017-06-01,18:00:00,6.74,6.75,6.71,6.7152,28815,0
2017-06-01,19:00:00,6.7199,6.72,6.69,6.7132,28035,0
2017-06-01,20:00:00,6.7188,6.7799,6.7101,6.77,11268,0
2017-06-01,21:00:00,6.78,6.8,6.78,6.8,3874,0
2017-06-01,22:00:00,6.799,6.8,6.78,6.78,10505,0
2017-06-02,16:00:00,6.77,6.8399,6.77,6.8101,11900,0
2017-06-02,17:00:00,6.8306,6.84,6.83,6.835,6125,0
2017-06-02,18:00:00,6.83,6.835,6.8,6.8199,5200,0
2017-06-02,19:00:00,6.8,6.8194,6.8,6.8194,1500,0
2017-06-02,20:00:00,6.81,6.81,6.7864,6.7888,5783,0
2017-06-02,21:00:00,6.7876,6.7999,6.7739,6.7739,5040,0
2017-06-02,22:00:00,6.7812,6.79,6.78,6.79,10850,0
2017-06-05,16:00:00,6.81,6.81,6.75,6.77,7527,0
2017-06-05,17:00:00,6.763,6.81,6.763,6.7907,8277,0
2017-06-05,18:00:00,6.7714,6.7949,6.7714,6.7866,2550,0
2017-06-05,20:00:00,6.778,6.778,6.77,6.77,1670,0
2017-06-05,21:00:00,6.78,6.78,6.78,6.78,2979,0
2017-06-05,22:00:00,6.79,6.79,6.77,6.77,2200,0
2017-06-06,16:00:00,6.84,6.9,6.84,6.8907,16389,0
2017-06-06,17:00:00,6.9,6.92,6.8943,6.9154,24957,0
2017-06-06,18:00:00,6.91,6.91,6.88,6.89,21391,0
2017-06-06,19:00:00,6.88,6.9,6.88,6.8801,14700,0
2017-06-06,20:00:00,6.881,6.8894,6.88,6.888,5467,0
2017-06-06,21:00:00,6.88,6.89,6.87,6.8802,10835,0
2017-06-06,22:00:00,6.87,6.88,6.86,6.86,6998,0
2017-06-07,16:00:00,6.91,6.9879,6.91,6.961,38177,0
2017-06-07,17:00:00,6.975,7.01,6.97,7.01,37779,0
2017-06-07,18:00:00,6.99,7.0299,6.94,6.9502,32358,0
2017-06-07,19:00:00,6.95,7,6.95,7,25891,0
2017-06-07,20:00:00,6.9999,7.022,6.98,7.01,22300,0
2017-06-07,21:00:00,6.98,7.0076,6.98,7,13924,0
2017-06-07,22:00:00,7.0005,7.0005,6.99,6.99,17944,0
2017-06-08,16:00:00,7.03,7.0921,7.03,7.05,55356,0
2017-06-08,17:00:00,7.04,7.113,7.0305,7.113,100898,0
2017-06-08,18:00:00,7.1108,7.14,7.1,7.1199,77890,0
2017-06-08,19:00:00,7.1,7.1228,7.0802,7.11,19282,0
2017-06-08,20:00:00,7.08,7.0832,7.06,7.0801,3812,0
2017-06-08,21:00:00,7.05,7.05,7.01,7.01,11235,0
2017-06-08,22:00:00,7.0101,7.04,7.01,7.01,10142,0
2017-06-09,16:00:00,6.99,7.0286,6.99,7.0253,39959,0
2017-06-09,17:00:00,7.0399,7.06,7.0286,7.041,56679,0
2017-06-09,18:00:00,7.06,7.106,7.06,7.0902,55016,0
2017-06-09,19:00:00,7.0807,7.09,7.01,7.03,100690,0
2017-06-09,20:00:00,7.03,7.07,7.02,7.03,25700,0
2017-06-09,21:00:00,7.02,7.023,7,7.0044,10082,0
2017-06-09,22:00:00,7.0001,7.0199,7,7.004,18077,0
2017-06-12,16:00:00,6.95,6.95,6.86,6.8601,73122,0
2017-06-12,17:00:00,6.86,6.8643,6.83,6.84,32149,0
2017-06-12,18:00:00,6.8401,6.86,6.84,6.85,8764,0
2017-06-12,19:00:00,6.8461,6.8461,6.824,6.8269,9167,0
2017-06-12,20:00:00,6.825,6.86,6.825,6.84,20151,0
2017-06-12,21:00:00,6.8599,6.8693,6.85,6.8693,2588,0
2017-06-12,22:00:00,6.86,6.87,6.85,6.86,12361,0
2017-06-13,16:00:00,6.94,6.94,6.89,6.9,6607,0
2017-06-13,17:00:00,6.9,6.97,6.9,6.95,16945,0
2017-06-13,18:00:00,6.95,6.97,6.94,6.96,7100,0
2017-06-13,19:00:00,6.96,7.0235,6.96,7,12069,0
2017-06-13,20:00:00,7,7.02,6.96,7.01,5930,0
2017-06-13,21:00:00,6.99,7,6.99,7,3575,0
2017-06-13,22:00:00,6.99,7.0099,6.99,6.99,21301,0
2017-06-14,16:00:00,7,7.1,7,7.1,18574,0
2017-06-14,17:00:00,7.08,7.1,7.05,7.05,71329,0
2017-06-14,18:00:00,7.051,7.09,7.05,7.06,26060,0
2017-06-14,19:00:00,7.03,7.0575,7,7,12132,0
2017-06-14,20:00:00,7.02,7.02,6.97,6.97,12510,0
2017-06-14,21:00:00,6.99,7.0101,6.97,6.9874,9805,0
2017-06-14,22:00:00,6.988,7,6.97,7,11520,0
2017-06-15,16:00:00,6.93,6.9699,6.92,6.96,65396,0
2017-06-15,17:00:00,6.9699,7,6.9699,6.9867,18218,0
2017-06-15,18:00:00,6.98,7.0373,6.98,7.0201,23225,0
2017-06-15,19:00:00,7.025,7.1,7.025,7.1,3600,0
2017-06-15,20:00:00,7.1101,7.1667,7.1042,7.14,61511,0
2017-06-15,21:00:00,7.14,7.147,7.14,7.1446,2200,0
2017-06-15,22:00:00,7.1459,7.15,7.14,7.15,26336,0
2017-06-16,16:00:00,7.2,7.24,7.2,7.2179,60072,0
2017-06-16,17:00:00,7.22,7.3,7.22,7.29,72754,0
2017-06-16,18:00:00,7.29,7.3,7.27,7.3,27358,0
2017-06-16,19:00:00,7.3,7.32,7.27,7.32,88229,0
2017-06-16,20:00:00,7.3139,7.33,7.3,7.32,43076,0
2017-06-16,21:00:00,7.28,7.31,7.28,7.31,34412,0
2017-06-16,22:00:00,7.3,7.31,7.29,7.3,45137,0
2017-06-19,16:00:00,7.31,7.3726,7.3,7.33,76502,0
2017-06-19,17:00:00,7.34,7.37,7.31,7.333,46109,0
2017-06-19,18:00:00,7.3363,7.3737,7.33,7.35,28592,0
2017-06-19,19:00:00,7.33,7.3683,7.325,7.3683,24976,0
2017-06-19,20:00:00,7.37,7.3754,7.32,7.32,19862,0
2017-06-19,21:00:00,7.3228,7.3293,7.25,7.255,63778,0
2017-06-19,22:00:00,7.2526,7.2864,7.25,7.25,24903,0
2017-06-20,16:00:00,7.2853,7.2853,7.25,7.25,18974,0
2017-06-20,17:00:00,7.276,7.33,7.25,7.31,93594,0
2017-06-20,18:00:00,7.315,7.35,7.28,7.342,166421,0
2017-06-20,19:00:00,7.33,7.3674,7.32,7.35,64220,0
2017-06-20,20:00:00,7.358,7.36,7.31,7.3374,52771,0
2017-06-20,21:00:00,7.33,7.36,7.32,7.3561,36066,0
2017-06-20,22:00:00,7.35,7.37,7.35,7.35,44138,0
2017-06-21,16:00:00,7.26,7.32,7.26,7.2776,26696,0
2017-06-21,17:00:00,7.27,7.3145,7.27,7.2861,15599,0
2017-06-21,18:00:00,7.3,7.32,7.3,7.31,4544,0
2017-06-21,19:00:00,7.3182,7.33,7.29,7.2901,30965,0
2017-06-21,20:00:00,7.3,7.32,7.2773,7.2773,19820,0
2017-06-21,21:00:00,7.27,7.2703,7.25,7.2653,20925,0
2017-06-21,22:00:00,7.2639,7.27,7.25,7.25,23419,0
2017-06-22,16:00:00,7.21,7.21,7.14,7.17,81510,0
2017-06-22,17:00:00,7.16,7.18,7.15,7.16,21263,0
2017-06-22,18:00:00,7.1703,7.199,7.17,7.17,13765,0
2017-06-22,19:00:00,7.19,7.199,7.17,7.19,12320,0
2017-06-22,20:00:00,7.1937,7.21,7.19,7.2072,3010,0
2017-06-22,21:00:00,7.2193,7.22,7.21,7.21,12000,0
2017-06-22,22:00:00,7.2137,7.2139,7.21,7.21,5887,0
2017-06-23,16:00:00,7.21,7.23,7.21,7.23,13401,0
2017-06-23,17:00:00,7.23,7.24,7.2196,7.24,4955,0
2017-06-23,18:00:00,7.25,7.25,7.235,7.235,3865,0
2017-06-23,19:00:00,7.24,7.24,7.19,7.2,2089,0
2017-06-23,20:00:00,7.2,7.21,7.165,7.165,11429,0
2017-06-23,21:00:00,7.18,7.19,7.14,7.16,12295,0
2017-06-23,22:00:00,7.1513,7.1513,7.14,7.14,8350,0
2017-06-26,16:00:00,7.1,7.1,7.05,7.06,35667,0
2017-06-26,17:00:00,7.06,7.09,7.06,7.08,18541,0
2017-06-26,18:00:00,7.0701,7.1,7.07,7.0995,9474,0
2017-06-26,19:00:00,7.094,7.0962,7.08,7.09,3300,0
2017-06-26,20:00:00,7.08,7.08,7.06,7.07,14490,0
2017-06-26,21:00:00,7.08,7.08,7.05,7.06,6400,0
2017-06-26,22:00:00,7.0675,7.08,7.0633,7.07,12442,0
2017-06-27,16:00:00,7.06,7.086,7.06,7.0761,23861,0
2017-06-27,17:00:00,7.0771,7.11,7.07,7.1049,10525,0
2017-06-27,18:00:00,7.104,7.1555,7.104,7.11,26995,0
2017-06-27,19:00:00,7.11,7.1499,7.11,7.11,8635,0
2017-06-27,20:00:00,7.1,7.14,7.1,7.12,10555,0
2017-06-27,21:00:00,7.1001,7.1099,7.1001,7.1086,5473,0
2017-06-27,22:00:00,7.11,7.11,7.1,7.11,4452,0
2017-06-28,16:00:00,7.1,7.1148,7.09,7.11,10592,0
2017-06-28,17:00:00,7.1386,7.169,7.1,7.15,8548,0
2017-06-28,18:00:00,7.159,7.17,7.119,7.15,8248,0
2017-06-28,19:00:00,7.1301,7.17,7.1301,7.1614,12222,0
2017-06-28,20:00:00,7.1699,7.17,7.1628,7.1667,5875,0
2017-06-28,21:00:00,7.16,7.16,7.15,7.1501,4500,0
2017-06-28,22:00:00,7.1434,7.15,7.14,7.14,8277,0
2017-06-29,16:00:00,7.27,7.37,7.27,7.3078,91230,0
2017-06-29,17:00:00,7.32,7.36,7.3,7.36,34318,0
2017-06-29,18:00:00,7.3601,7.42,7.35,7.415,80308,0
2017-06-29,19:00:00,7.42,7.45,7.42,7.44,58141,0
2017-06-29,20:00:00,7.45,7.46,7.4,7.4,34949,0
2017-06-29,21:00:00,7.4,7.44,7.38,7.435,24872,0
2017-06-29,22:00:00,7.435,7.44,7.43,7.43,41378,0
2017-06-30,16:00:00,7.55,7.61,7.55,7.6,101662,0
2017-06-30,17:00:00,7.605,7.66,7.605,7.63,104328,0
2017-06-30,18:00:00,7.63,7.684,7.62,7.67,128933,0
2017-06-30,19:00:00,7.65,7.7858,7.62,7.75,225791,0
2017-06-30,20:00:00,7.7561,7.8025,7.75,7.78,178428,0
2017-06-30,21:00:00,7.78,7.83,7.78,7.82,63325,0
2017-06-30,22:00:00,7.8254,7.83,7.82,7.83,69942,0
2017-07-03,16:00:00,7.92,8.03,7.92,8.02,186036,0
2017-07-03,17:00:00,8.025,8.11,8.02,8.08,171037,0
2017-07-03,18:00:00,8.09,8.23,8.09,8.22,226816,0
2017-07-03,19:00:00,8.22,8.24,8.028,8.24,191775,0
2017-07-05,16:00:00,8.23,8.4317,8.0874,8.1825,300906,0
2017-07-05,17:00:00,8.19,8.28,7.97,8.0039,146092,0
2017-07-05,18:00:00,8.01,8.13,8.01,8.0805,103872,0
2017-07-05,19:00:00,8.0778,8.13,8.05,8.111,202535,0
2017-07-05,20:00:00,8.115,8.1322,8.1,8.12,69570,0
2017-07-05,21:00:00,8.1234,8.31,8.12,8.2644,82649,0
2017-07-05,22:00:00,8.2638,8.29,8.2636,8.29,102389,0
2017-07-06,16:00:00,7.97,8.1,7.96,8.04,164753,0
2017-07-06,17:00:00,8.04,8.14,8.04,8.09,162334,0
2017-07-06,18:00:00,8.085,8.11,8.03,8.04,148992,0
2017-07-06,19:00:00,8.03,8.04,7.977,8,82617,0
2017-07-06,20:00:00,8.0199,8.0999,8,8.0938,39763,0
2017-07-06,21:00:00,8.04,8.07,8.0235,8.05,27619,0
2017-07-06,22:00:00,8.05,8.06,8.05,8.05,16105,0
2017-07-07,16:00:00,8.01,8.09,8.01,8.08,52214,0
2017-07-07,17:00:00,8.08,8.1003,8,8.04,100926,0
2017-07-07,18:00:00,8.06,8.09,8.06,8.08,27800,0
2017-07-07,19:00:00,8.08,8.12,8.0599,8.07,13810,0
2017-07-07,20:00:00,8.0601,8.0641,7.9965,8,16161,0
2017-07-07,21:00:00,8.003,8.01,7.9412,7.9412,69241,0
2017-07-07,22:00:00,7.945,7.95,7.94,7.94,19170,0
2017-07-10,16:00:00,8.17,8.2,8.14,8.1799,59622,0
2017-07-10,17:00:00,8.19,8.2291,8.18,8.2,62970,0
2017-07-10,18:00:00,8.21,8.21,8.15,8.2088,16829,0
2017-07-10,19:00:00,8.2,8.21,8.1789,8.21,36700,0
2017-07-10,20:00:00,8.2029,8.2099,8.19,8.2099,7099,0
2017-07-10,21:00:00,8.21,8.21,8.1914,8.2039,28051,0
2017-07-10,22:00:00,8.21,8.22,8.2,8.21,32451,0
2017-07-11,16:00:00,8.16,8.19,8.1189,8.155,71566,0
2017-07-11,17:00:00,8.1616,8.1722,8.12,8.1353,38460,0
2017-07-11,18:00:00,8.146,8.17,8.13,8.13,71814,0
2017-07-11,19:00:00,8.14,8.2,8.1382,8.2,48495,0
2017-07-11,20:00:00,8.21,8.2937,8.19,8.278,334537,0
2017-07-11,21:00:00,8.25,8.2911,8.21,8.2282,43848,0
2017-07-11,22:00:00,8.2201,8.23,8.21,8.21,76366,0
2017-07-12,16:00:00,8.17,8.18,8.11,8.148,32226,0
2017-07-12,17:00:00,8.14,8.15,8.12,8.13,74039,0
2017-07-12,18:00:00,8.13,8.14,8.11,8.1109,7649,0
2017-07-12,19:00:00,8.11,8.1172,8,8.03,59723,0
2017-07-12,20:00:00,8.05,8.07,8,8.047,26489,0
2017-07-12,21:00:00,8.04,8.065,8.0101,8.0201,15688,0
2017-07-12,22:00:00,8.0151,8.0279,8.01,8.01,76611,0
2017-07-13,16:00:00,7.93,7.93,7.8502,7.91,170094,0
2017-07-13,17:00:00,7.91,7.9101,7.78,7.7893,459638,0
2017-07-13,18:00:00,7.78,7.8,7.72,7.76,26182,0
2017-07-13,19:00:00,7.7586,7.7586,7.7,7.73,65506,0
2017-07-13,20:00:00,7.7299,7.7299,7.695,7.719,30658,0
2017-07-13,21:00:00,7.702,7.7475,7.67,7.731,25147,0
2017-07-13,22:00:00,7.735,7.74,7.73,7.73,51850,0
2017-07-14,16:00:00,7.76,7.83,7.76,7.8179,126925,0
2017-07-14,17:00:00,7.81,7.825,7.77,7.775,56132,0
2017-07-14,18:00:00,7.79,7.79,7.7615,7.77,37737,0
2017-07-14,19:00:00,7.765,7.765,7.72,7.73,12617,0
2017-07-14,20:00:00,7.72,7.7262,7.68,7.72,11500,0
2017-07-14,21:00:00,7.71,7.749,7.71,7.7389,9859,0
2017-07-14,22:00:00,7.7261,7.73,7.72,7.73,10809,0
2017-07-17,16:00:00,7.69,7.7,7.65,7.6745,32025,0
2017-07-17,17:00:00,7.6769,7.6769,7.65,7.65,72061,0
2017-07-17,18:00:00,7.66,7.7,7.65,7.68,25681,0
2017-07-17,19:00:00,7.6852,7.69,7.66,7.67,7660,0
2017-07-17,20:00:00,7.66,7.6734,7.65,7.65,14580,0
2017-07-17,21:00:00,7.65,7.6699,7.65,7.65,20731,0
2017-07-17,22:00:00,7.65,7.6639,7.65,7.66,54604,0
2017-07-18,16:00:00,7.76,7.8,7.74,7.7424,24670,0
2017-07-18,17:00:00,7.7408,7.76,7.71,7.72,31048,0
2017-07-18,18:00:00,7.73,7.7341,7.69,7.69,49150,0
2017-07-18,19:00:00,7.69,7.6999,7.65,7.68,18238,0
2017-07-18,20:00:00,7.6976,7.6976,7.6322,7.64,13505,0
2017-07-18,21:00:00,7.64,7.65,7.6,7.62,50126,0
2017-07-18,22:00:00,7.62,7.64,7.61,7.64,18785,0
2017-07-19,16:00:00,7.6,7.6792,7.6,7.65,32459,0
2017-07-19,17:00:00,7.65,7.68,7.62,7.625,47755,0
2017-07-19,18:00:00,7.63,7.647,7.6,7.6,39378,0
2017-07-19,19:00:00,7.6148,7.615,7.58,7.61,49713,0
2017-07-19,20:00:00,7.6,7.61,7.57,7.6,35475,0
2017-07-19,21:00:00,7.6099,7.65,7.59,7.63,102687,0
2017-07-19,22:00:00,7.639,7.64,7.63,7.63,11534,0
2017-07-20,16:00:00,7.61,7.61,7.55,7.5899,29249,0
2017-07-20,17:00:00,7.58,7.65,7.58,7.61,37001,0
2017-07-20,18:00:00,7.6001,7.63,7.5966,7.6186,18433,0
2017-07-20,19:00:00,7.6128,7.66,7.6128,7.6301,17014,0
2017-07-20,20:00:00,7.62,7.6335,7.6014,7.616,8479,0
2017-07-20,21:00:00,7.63,7.67,7.63,7.67,8110,0
2017-07-20,22:00:00,7.67,7.68,7.66,7.677,17682,0
2017-07-21,16:00:00,7.65,7.68,7.65,7.671,30063,0
2017-07-21,17:00:00,7.67,7.71,7.66,7.6924,33136,0
2017-07-21,18:00:00,7.695,7.695,7.64,7.6599,24049,0
2017-07-21,19:00:00,7.65,7.65,7.62,7.62,20407,0
2017-07-21,20:00:00,7.62,7.62,7.59,7.6,23697,0
2017-07-21,21:00:00,7.59,7.5999,7.54,7.5916,35827,0
2017-07-21,22:00:00,7.59,7.59,7.58,7.59,14330,0
2017-07-24,16:00:00,7.5,7.51,7.46,7.5,84055,0
2017-07-24,17:00:00,7.5099,7.5099,7.4,7.4275,60663,0
2017-07-24,18:00:00,7.42,7.44,7.41,7.42,42800,0
2017-07-24,19:00:00,7.425,7.46,7.425,7.45,6897,0
2017-07-24,20:00:00,7.43,7.4605,7.43,7.45,7700,0
2017-07-24,21:00:00,7.455,7.4899,7.455,7.48,30858,0
2017-07-24,22:00:00,7.48,7.49,7.46,7.47,11100,0
2017-07-25,16:00:00,7.41,7.41,7.38,7.39,31677,0
2017-07-25,17:00:00,7.38,7.399,7.36,7.37,73150,0
2017-07-25,18:00:00,7.37,7.41,7.311,7.35,77712,0
2017-07-25,19:00:00,7.35,7.3842,7.3378,7.34,22425,0
2017-07-25,20:00:00,7.35,7.35,7.31,7.3299,21920,0
2017-07-25,21:00:00,7.3225,7.3326,7.28,7.3,30836,0
2017-07-25,22:00:00,7.3061,7.31,7.29,7.29,23113,0
2017-07-26,16:00:00,7.32,7.36,7.32,7.3436,45707,0
2017-07-26,17:00:00,7.3526,7.372,7.31,7.31,103941,0
2017-07-26,18:00:00,7.32,7.3326,7.2962,7.33,24783,0
2017-07-26,19:00:00,7.34,7.34,7.28,7.29,9860,0
2017-07-26,20:00:00,7.2801,7.34,7.2801,7.33,17269,0
2017-07-26,21:00:00,7.33,7.3413,7.3256,7.33,4000,0
2017-07-26,22:00:00,7.33,7.35,7.32,7.33,60319,0
2017-07-27,16:00:00,7.4,7.43,7.36,7.38,36118,0
2017-07-27,17:00:00,7.38,7.43,7.37,7.3999,57170,0
2017-07-27,18:00:00,7.4,7.4,7.37,7.3768,48115,0
2017-07-27,19:00:00,7.3832,7.3832,7.376,7.3764,3001,0
2017-07-27,20:00:00,7.37,7.38,7.3559,7.38,20622,0
2017-07-27,21:00:00,7.3786,7.38,7.35,7.3647,63090,0
2017-07-27,22:00:00,7.37,7.37,7.36,7.36,104079,0
2017-07-28,16:00:00,7.4,7.42,7.38,7.4,56605,0
2017-07-28,17:00:00,7.4,7.46,7.4,7.44,58925,0
2017-07-28,18:00:00,7.4499,7.45,7.43,7.44,48387,0
2017-07-28,19:00:00,7.45,7.48,7.42,7.42,21099,0
2017-07-28,20:00:00,7.42,7.43,7.38,7.38,13728,0
2017-07-28,21:00:00,7.38,7.38,7.36,7.37,11615,0
2017-07-28,22:00:00,7.3795,7.39,7.37,7.37,19525,0
2017-07-31,16:00:00,7.3,7.3227,7.2605,7.31,153193,0
2017-07-31,17:00:00,7.3,7.3286,7.28,7.3114,67490,0
2017-07-31,18:00:00,7.3186,7.35,7.31,7.337,44243,0
2017-07-31,19:00:00,7.35,7.37,7.3,7.3,7995,0
2017-07-31,20:00:00,7.326,7.35,7.3189,7.35,3052,0
2017-07-31,21:00:00,7.3299,7.3299,7.2901,7.3144,126240,0
2017-07-31,22:00:00,7.3022,7.32,7.3022,7.315,5500,0
2017-08-01,16:00:00,7.31,7.31,7.25,7.26,33355,0
2017-08-01,17:00:00,7.2799,7.298,7.255,7.26,58502,0
2017-08-01,18:00:00,7.27,7.28,7.25,7.2675,4200,0
2017-08-01,19:00:00,7.2711,7.2711,7.2,7.2,48126,0
2017-08-01,20:00:00,7.2073,7.21,7.17,7.17,32885,0
2017-08-01,21:00:00,7.18,7.18,7.14,7.15,53636,0
2017-08-01,22:00:00,7.1554,7.16,7.14,7.14,27094,0
2017-08-02,16:00:00,7.18,7.22,7.18,7.2,9890,0
2017-08-02,17:00:00,7.21,7.21,7.16,7.1653,104469,0
2017-08-02,18:00:00,7.17,7.1753,7.16,7.17,10657,0
2017-08-02,19:00:00,7.16,7.16,7.08,7.129,45872,0
2017-08-02,20:00:00,7.1299,7.135,7.1174,7.1174,12755,0
2017-08-02,21:00:00,7.13,7.17,7.1221,7.17,6671,0
2017-08-02,22:00:00,7.169,7.17,7.16,7.17,13777,0
2017-08-03,16:00:00,7.1,7.1282,7.07,7.1282,21112,0
2017-08-03,17:00:00,7.15,7.178,7.14,7.16,21040,0
2017-08-03,18:00:00,7.155,7.16,7.13,7.13,48106,0
2017-08-03,19:00:00,7.1353,7.14,7.11,7.11,15473,0
2017-08-03,20:00:00,7.107,7.11,7.09,7.11,9284,0
2017-08-03,21:00:00,7.1066,7.1093,7.08,7.101,3350,0
2017-08-03,22:00:00,7.1132,7.12,7.1,7.12,8760,0
2017-08-04,16:00:00,7.13,7.13,7.1078,7.1078,8821,0
2017-08-04,17:00:00,7.1,7.14,7.1,7.1247,40346,0
2017-08-04,18:00:00,7.12,7.12,7.09,7.0901,7118,0
2017-08-04,19:00:00,7.1,7.1,7.08,7.09,9200,0
2017-08-04,20:00:00,7.1,7.118,7.09,7.1,1925,0
2017-08-04,21:00:00,7.1028,7.1028,7.0624,7.0936,13043,0
2017-08-04,22:00:00,7.0859,7.09,7.0736,7.08,9365,0
2017-08-07,16:00:00,7.09,7.1,7.06,7.0609,25303,0
2017-08-07,17:00:00,7.07,7.11,7.0696,7.1007,26367,0
2017-08-07,18:00:00,7.1,7.1349,7.09,7.1144,57673,0
2017-08-07,19:00:00,7.11,7.11,7.1052,7.1052,4692,0
2017-08-07,20:00:00,7.109,7.18,7.1037,7.14,39143,0
2017-08-07,21:00:00,7.141,7.2,7.141,7.19,93120,0
2017-08-07,22:00:00,7.2,7.2,7.18,7.2,40486,0
2017-08-08,16:00:00,7.24,7.24,7.1399,7.16,29708,0
2017-08-08,17:00:00,7.15,7.17,7.1,7.1,18786,0
2017-08-08,18:00:00,7.11,7.12,7.1,7.109,53716,0
2017-08-08,19:00:00,7.1099,7.1137,7.09,7.11,24372,0
2017-08-08,20:00:00,7.1,7.1069,7.09,7.09,5100,0
2017-08-08,21:00:00,7.095,7.12,7.09,7.12,18520,0
2017-08-08,22:00:00,7.1016,7.1199,7.09,7.09,17585,0
2017-08-09,16:00:00,7.16,7.16,7.08,7.08,43305,0
2017-08-09,17:00:00,7.071,7.12,7.071,7.1,25856,0
2017-08-09,18:00:00,7.1,7.11,7.09,7.11,30290,0
2017-08-09,19:00:00,7.1001,7.13,7.1001,7.13,20615,0
2017-08-09,20:00:00,7.14,7.16,7.12,7.13,54000,0
2017-08-09,21:00:00,7.1315,7.15,7.12,7.15,38978,0
2017-08-09,22:00:00,7.14,7.15,7.13,7.15,32488,0
2017-08-10,16:00:00,7.15,7.15,7.11,7.11,57041,0
2017-08-10,17:00:00,7.115,7.14,7.0911,7.13,61312,0
2017-08-10,18:00:00,7.12,7.12,7.1,7.1104,9780,0
2017-08-10,19:00:00,7.11,7.125,6.93,6.9555,209691,0
2017-08-10,20:00:00,6.96,6.97,6.91,6.91,55533,0
2017-08-10,21:00:00,6.9014,6.94,6.89,6.901,78719,0
2017-08-10,22:00:00,6.9232,6.93,6.9,6.92,148367,0
2017-08-11,16:00:00,6.95,6.96,6.85,6.86,51792,0
2017-08-11,17:00:00,6.8601,6.9,6.83,6.84,87730,0
2017-08-11,18:00:00,6.8484,6.85,6.83,6.8499,68765,0
2017-08-11,19:00:00,6.85,6.8634,6.84,6.85,30501,0
2017-08-11,20:00:00,6.84,6.84,6.83,6.835,21020,0
2017-08-11,21:00:00,6.8401,6.91,6.8401,6.87,53725,0
2017-08-11,22:00:00,6.87,6.88,6.86,6.88,27658,0
2017-08-14,16:00:00,6.8,6.8,6.77,6.78,54185,0
2017-08-14,17:00:00,6.78,6.799,6.77,6.78,36301,0
2017-08-14,18:00:00,6.7787,6.8,6.77,6.79,62695,0
2017-08-14,19:00:00,6.7849,6.8199,6.78,6.81,10574,0
2017-08-14,20:00:00,6.8144,6.84,6.8144,6.82,8500,0
2017-08-14,21:00:00,6.82,6.9,6.82,6.8635,8618,0
2017-08-14,22:00:00,6.871,6.88,6.87,6.87,29446,0
2017-08-15,16:00:00,6.78,6.7999,6.765,6.7675,17658,0
2017-08-15,17:00:00,6.77,6.78,6.75,6.75,21710,0
2017-08-15,18:00:00,6.755,6.77,6.75,6.75,56300,0
2017-08-15,19:00:00,6.75,6.77,6.74,6.7492,137326,0
2017-08-15,20:00:00,6.7525,6.7563,6.73,6.73,61910,0
2017-08-15,21:00:00,6.7327,6.74,6.7178,6.7285,37574,0
2017-08-15,22:00:00,6.725,6.73,6.72,6.73,14883,0
2017-08-16,16:00:00,6.76,6.76,6.69,6.69,45372,0
2017-08-16,17:00:00,6.681,6.7,6.63,6.673,123310,0
2017-08-16,18:00:00,6.67,6.67,6.63,6.64,399157,0
2017-08-16,19:00:00,6.64,6.65,6.5907,6.65,97444,0
2017-08-16,20:00:00,6.6499,6.69,6.6489,6.68,57280,0
2017-08-16,21:00:00,6.68,6.68,6.64,6.6474,43749,0
2017-08-16,22:00:00,6.649,6.65,6.63,6.64,83738,0
2017-08-17,16:00:00,6.65,6.65,6.57,6.57,156482,0
2017-08-17,17:00:00,6.59,6.63,6.57,6.599,24128,0
2017-08-17,18:00:00,6.59,6.59,6.55,6.57,107396,0
2017-08-17,19:00:00,6.58,6.59,6.55,6.5829,40285,0
2017-08-17,20:00:00,6.59,6.6,6.56,6.565,37491,0
2017-08-17,21:00:00,6.56,6.59,6.55,6.59,11262,0
2017-08-17,22:00:00,6.59,6.59,6.58,6.585,19891,0
2017-08-18,16:00:00,6.56,6.6,6.56,6.5849,38918,0
2017-08-18,17:00:00,6.5844,6.59,6.54,6.57,36602,0
2017-08-18,18:00:00,6.5625,6.59,6.5485,6.5485,34800,0
2017-08-18,19:00:00,6.5526,6.58,6.5526,6.5696,26400,0
2017-08-18,20:00:00,6.5699,6.57,6.56,6.56,8589,0
2017-08-18,21:00:00,6.58,6.61,6.571,6.605,48409,0
2017-08-18,22:00:00,6.605,6.61,6.6,6.61,47464,0
2017-08-21,16:00:00,6.57,6.57,6.53,6.5352,32886,0
2017-08-21,17:00:00,6.5469,6.57,6.5,6.55,221813,0
2017-08-21,18:00:00,6.54,6.55,6.5,6.51,74033,0
2017-08-21,19:00:00,6.5,6.55,6.5,6.52,81064,0
2017-08-21,20:00:00,6.55,6.55,6.509,6.52,119916,0
2017-08-21,21:00:00,6.54,6.54,6.4921,6.52,92132,0
2017-08-21,22:00:00,6.5199,6.52,6.5,6.51,29297,0
2017-08-22,16:00:00,6.54,6.54,6.46,6.46,57780,0
2017-08-22,17:00:00,6.47,6.47,6.44,6.4667,57457,0
2017-08-22,18:00:00,6.46,6.47,6.4349,6.4349,154062,0
2017-08-22,19:00:00,6.43,6.45,6.41,6.45,93175,0
2017-08-22,20:00:00,6.44,6.44,6.42,6.4375,39573,0
2017-08-22,21:00:00,6.43,6.44,6.42,6.43,29875,0
2017-08-22,22:00:00,6.4228,6.43,6.42,6.42,19049,0
2017-08-23,16:00:00,6.46,6.46,6.4085,6.4085,18630,0
2017-08-23,17:00:00,6.4093,6.48,6.4001,6.46,53728,0
2017-08-23,18:00:00,6.46,6.4612,6.44,6.4505,12297,0
2017-08-23,19:00:00,6.4403,6.46,6.4225,6.43,41819,0
2017-08-23,20:00:00,6.4222,6.439,6.419,6.419,71933,0
2017-08-23,21:00:00,6.419,6.42,6.41,6.41,7800,0
2017-08-23,22:00:00,6.4366,6.4399,6.42,6.42,7635,0
2017-08-24,16:00:00,6.46,6.46,6.4193,6.4193,41033,0
2017-08-24,17:00:00,6.4103,6.42,6.38,6.42,146799,0
2017-08-24,18:00:00,6.41,6.44,6.38,6.44,19413,0
2017-08-24,19:00:00,6.4399,6.45,6.4399,6.44,17800,0
2017-08-24,20:00:00,6.4666,6.5,6.4635,6.48,32030,0
2017-08-24,21:00:00,6.5,6.51,6.4699,6.47,14240,0
2017-08-24,22:00:00,6.47,6.48,6.46,6.48,61811,0
2017-08-25,16:00:00,6.5,6.51,6.47,6.4876,54164,0
2017-08-25,17:00:00,6.4924,6.5073,6.48,6.4935,27051,0
2017-08-25,18:00:00,6.5,6.5,6.48,6.48,22956,0
2017-08-25,19:00:00,6.48,6.48,6.46,6.46,7442,0
2017-08-25,20:00:00,6.47,6.47,6.4601,6.4686,3600,0
2017-08-25,21:00:00,6.4676,6.4899,6.4665,6.471,7775,0
2017-08-25,22:00:00,6.48,6.49,6.475,6.48,6874,0
2017-08-28,16:00:00,6.46,6.46,6.38,6.4019,41402,0
2017-08-28,17:00:00,6.409,6.42,6.37,6.41,50726,0
2017-08-28,18:00:00,6.42,6.43,6.3901,6.41,47528,0
2017-08-28,19:00:00,6.41,6.41,6.3866,6.3982,43910,0
2017-08-28,20:00:00,6.4,6.41,6.3774,6.38,39500,0
2017-08-28,21:00:00,6.38,6.41,6.38,6.4,24167,0
2017-08-28,22:00:00,6.4,6.4,6.39,6.39,19616,0
2017-08-29,16:00:00,6.36,6.38,6.33,6.3506,14933,0
2017-08-29,17:00:00,6.355,6.36,6.34,6.36,83015,0
2017-08-29,18:00:00,6.3553,6.39,6.35,6.3861,45217,0
2017-08-29,19:00:00,6.3893,6.41,6.3893,6.4,43955,0
2017-08-29,20:00:00,6.4,6.42,6.3801,6.42,25050,0
2017-08-29,21:00:00,6.41,6.43,6.41,6.4211,37712,0
2017-08-29,22:00:00,6.4232,6.43,6.42,6.43,8465,0
2017-08-30,16:00:00,6.45,6.45,6.3876,6.4,30573,0
2017-08-30,17:00:00,6.4,6.4,6.3714,6.393,28959,0
2017-08-30,18:00:00,6.3989,6.4,6.3736,6.38,7968,0
2017-08-30,19:00:00,6.3738,6.39,6.37,6.39,15321,0
2017-08-30,20:00:00,6.3899,6.3899,6.3721,6.3776,20329,0
2017-08-30,21:00:00,6.3714,6.4,6.3714,6.4,11667,0
2017-08-30,22:00:00,6.39,6.4,6.381,6.4,8490,0
2017-08-31,16:00:00,6.42,6.45,6.41,6.44,20294,0
2017-08-31,17:00:00,6.44,6.48,6.44,6.47,52744,0
2017-08-31,18:00:00,6.4699,6.47,6.45,6.4601,79297,0
2017-08-31,19:00:00,6.46,6.47,6.43,6.43,26270,0
2017-08-31,20:00:00,6.4329,6.45,6.4329,6.4425,4870,0
2017-08-31,21:00:00,6.45,6.47,6.4407,6.4573,35800,0
2017-08-31,22:00:00,6.4567,6.46,6.45,6.46,39678,0
2017-09-01,16:00:00,6.53,6.53,6.4566,6.49,33158,0
2017-09-01,17:00:00,6.48,6.519,6.47,6.48,57775,0
2017-09-01,18:00:00,6.49,6.51,6.48,6.49,32778,0
2017-09-01,19:00:00,6.49,6.4982,6.47,6.4784,23600,0
2017-09-01,20:00:00,6.48,6.4899,6.47,6.4899,3460,0
2017-09-01,21:00:00,6.49,6.51,6.49,6.51,54034,0
2017-09-01,22:00:00,6.5025,6.51,6.5,6.51,19953,0
2017-09-05,16:00:00,6.58,6.6,6.56,6.57,51837,0
2017-09-05,17:00:00,6.57,6.58,6.55,6.565,67328,0
2017-09-05,18:00:00,6.56,6.5893,6.55,6.57,180076,0
2017-09-05,19:00:00,6.57,6.5793,6.56,6.5616,44954,0
2017-09-05,20:00:00,6.56,6.56,6.5435,6.5566,19750,0
2017-09-05,21:00:00,6.5573,6.559,6.52,6.52,16309,0
2017-09-05,22:00:00,6.5263,6.53,6.52,6.52,17660,0
2017-09-06,16:00:00,6.55,6.55,6.51,6.53,63522,0
2017-09-06,17:00:00,6.531,6.6,6.52,6.6,95096,0
2017-09-06,18:00:00,6.6,6.61,6.59,6.59,46490,0
2017-09-06,19:00:00,6.5933,6.6,6.58,6.5987,27352,0
2017-09-06,20:00:00,6.6,6.61,6.59,6.6,8342,0
2017-09-06,21:00:00,6.5999,6.6026,6.58,6.5955,17292,0
2017-09-06,22:00:00,6.5978,6.6,6.59,6.6,15820,0
2017-09-07,16:00:00,6.61,6.61,6.52,6.5201,47365,0
2017-09-07,17:00:00,6.54,6.5401,6.48,6.49,88010,0
2017-09-07,18:00:00,6.49,6.5,6.46,6.4799,121763,0
2017-09-07,19:00:00,6.479,6.49,6.471,6.49,15200,0
2017-09-07,20:00:00,6.48,6.499,6.48,6.4929,8383,0
2017-09-07,21:00:00,6.49,6.49,6.45,6.4614,34450,0
2017-09-07,22:00:00,6.46,6.4754,6.45,6.47,26059,0
2017-09-08,16:00:00,6.49,6.5299,6.48,6.5299,45984,0
2017-09-08,17:00:00,6.5101,6.54,6.51,6.5299,19341,0
2017-09-08,18:00:00,6.51,6.5375,6.5,6.52,4405,0
2017-09-08,19:00:00,6.5292,6.5292,6.5,6.5039,13096,0
2017-09-08,20:00:00,6.51,6.51,6.5,6.5,3406,0
2017-09-08,21:00:00,6.5,6.5,6.47,6.485,17085,0
2017-09-08,22:00:00,6.48,6.49,6.47,6.49,21134,0
2017-09-11,16:00:00,6.46,6.46,6.4038,6.43,57488,0
2017-09-11,17:00:00,6.43,6.4799,6.43,6.4585,30933,0
2017-09-11,18:00:00,6.44,6.46,6.4201,6.45,13027,0
2017-09-11,19:00:00,6.441,6.441,6.44,6.44,850,0
2017-09-11,20:00:00,6.44,6.45,6.44,6.4423,6500,0
2017-09-11,21:00:00,6.4478,6.4478,6.4319,6.4319,1460,0
2017-09-11,22:00:00,6.438,6.45,6.43,6.43,4280,0
2017-09-12,16:00:00,6.47,6.47,6.4424,6.45,13277,0
2017-09-12,17:00:00,6.46,6.4713,6.425,6.44,19205,0
2017-09-12,18:00:00,6.4321,6.4476,6.42,6.43,14778,0
2017-09-12,19:00:00,6.43,6.44,6.35,6.42,167998,0
2017-09-12,20:00:00,6.43,6.4624,6.42,6.46,42430,0
2017-09-12,21:00:00,6.46,6.54,6.46,6.53,28149,0
2017-09-12,22:00:00,6.53,6.54,6.53,6.535,25562,0
2017-09-13,16:00:00,6.6,6.6,6.57,6.59,99246,0
2017-09-13,17:00:00,6.6,6.61,6.56,6.5734,104869,0
2017-09-13,18:00:00,6.5599,6.5626,6.51,6.539,17779,0
2017-09-13,19:00:00,6.54,6.55,6.531,6.539,13260,0
2017-09-13,20:00:00,6.53,6.53,6.52,6.52,10730,0
2017-09-13,21:00:00,6.53,6.5495,6.52,6.5323,8555,0
2017-09-13,22:00:00,6.535,6.54,6.52,6.54,11716,0
2017-09-14,16:00:00,6.54,6.61,6.54,6.61,36893,0
2017-09-14,17:00:00,6.59,6.6175,6.54,6.56,96685,0
2017-09-14,18:00:00,6.5401,6.55,6.54,6.54,4890,0
2017-09-14,19:00:00,6.549,6.56,6.5367,6.55,12857,0
2017-09-14,20:00:00,6.5402,6.55,6.52,6.52,12152,0
2017-09-14,21:00:00,6.5101,6.5277,6.51,6.52,5291,0
2017-09-14,22:00:00,6.5187,6.52,6.51,6.51,4400,0
2017-09-15,16:00:00,6.54,6.56,6.53,6.56,14834,0
2017-09-15,17:00:00,6.5574,6.59,6.5541,6.5541,22706,0
2017-09-15,18:00:00,6.531,6.57,6.5301,6.57,8793,0
2017-09-15,19:00:00,6.58,6.6,6.58,6.6,13748,0
2017-09-15,20:00:00,6.57,6.58,6.56,6.58,4500,0
2017-09-15,21:00:00,6.58,6.59,6.5658,6.5675,4399,0
2017-09-15,22:00:00,6.5699,6.58,6.56,6.5799,6558,0
2017-09-18,16:00:00,6.59,6.59,6.501,6.51,33680,0
2017-09-18,17:00:00,6.53,6.5448,6.5,6.531,23456,0
2017-09-18,18:00:00,6.5342,6.5401,6.52,6.5244,12826,0
2017-09-18,19:00:00,6.53,6.538,6.52,6.538,23068,0
2017-09-18,20:00:00,6.521,6.5384,6.52,6.52,35487,0
2017-09-18,21:00:00,6.5169,6.53,6.5169,6.52,2931,0
2017-09-18,22:00:00,6.5386,6.54,6.52,6.54,58160,0
2017-09-19,16:00:00,6.54,6.5573,6.5123,6.52,14045,0
2017-09-19,17:00:00,6.52,6.5207,6.48,6.4817,78463,0
2017-09-19,18:00:00,6.48,6.4899,6.45,6.4562,105667,0
2017-09-19,19:00:00,6.45,6.49,6.4474,6.481,37873,0
2017-09-19,20:00:00,6.5,6.52,6.4951,6.5048,5200,0
2017-09-19,21:00:00,6.5046,6.55,6.5046,6.544,10200,0
2017-09-19,22:00:00,6.54,6.55,6.54,6.54,10201,0
2017-09-20,16:00:00,6.55,6.61,6.55,6.6095,116241,0
2017-09-20,17:00:00,6.61,6.61,6.5908,6.61,21082,0
2017-09-20,18:00:00,6.61,6.61,6.5732,6.5732,17470,0
2017-09-20,19:00:00,6.57,6.5872,6.57,6.5857,10540,0
2017-09-20,20:00:00,6.598,6.61,6.5936,6.6055,12033,0
2017-09-20,21:00:00,6.6,6.64,6.6,6.6235,13280,0
2017-09-20,22:00:00,6.6289,6.63,6.62,6.6267,22101,0
2017-09-21,16:00:00,6.6,6.6,6.55,6.5524,24373,0
2017-09-21,17:00:00,6.55,6.6116,6.55,6.6,11685,0
2017-09-21,18:00:00,6.6204,6.65,6.6204,6.642,39787,0
2017-09-21,19:00:00,6.64,6.65,6.63,6.649,77025,0
2017-09-21,20:00:00,6.6407,6.66,6.6353,6.6353,58350,0
2017-09-21,21:00:00,6.64,6.64,6.62,6.6299,15018,0
2017-09-21,22:00:00,6.63,6.64,6.62,6.64,9757,0
2017-09-22,16:00:00,6.66,6.66,6.621,6.64,27759,0
2017-09-22,17:00:00,6.65,6.666,6.62,6.64,52250,0
2017-09-22,18:00:00,6.62,6.62,6.59,6.5937,9292,0
2017-09-22,19:00:00,6.6,6.6201,6.59,6.6201,6175,0
2017-09-22,21:00:00,6.61,6.61,6.61,6.61,800,0
2017-09-22,22:00:00,6.62,6.62,6.601,6.615,4030,0
2017-09-25,16:00:00,6.6,6.62,6.59,6.62,8940,0
2017-09-25,17:00:00,6.64,6.6529,6.63,6.65,21638,0
2017-09-25,18:00:00,6.651,6.66,6.621,6.621,39089,0
2017-09-25,19:00:00,6.63,6.6435,6.6201,6.6435,19230,0
2017-09-25,20:00:00,6.65,6.655,6.641,6.65,14350,0
2017-09-25,21:00:00,6.65,6.66,6.65,6.65,9800,0
2017-09-25,22:00:00,6.651,6.66,6.64,6.64,38862,0
2017-09-26,16:00:00,6.7,6.72,6.67,6.72,91222,0
2017-09-26,17:00:00,6.711,6.739,6.69,6.7,189348,0
2017-09-26,18:00:00,6.72,6.72,6.681,6.69,32002,0
2017-09-26,19:00:00,6.69,6.69,6.64,6.66,39699,0
2017-09-26,20:00:00,6.66,6.69,6.631,6.65,19810,0
2017-09-26,21:00:00,6.65,6.66,6.64,6.65,12169,0
2017-09-26,22:00:00,6.651,6.66,6.65,6.66,40487,0
2017-09-27,16:00:00,6.67,6.67,6.601,6.6201,12760,0
2017-09-27,17:00:00,6.631,6.67,6.631,6.67,30218,0
2017-09-27,18:00:00,6.68,6.701,6.68,6.701,22350,0
2017-09-27,19:00:00,6.71,6.7324,6.71,6.72,14000,0
2017-09-27,20:00:00,6.732,6.759,6.72,6.75,83282,0
2017-09-27,21:00:00,6.75,6.7599,6.7347,6.739,11810,0
2017-09-27,22:00:00,6.7344,6.74,6.73,6.74,17858,0
2017-09-28,16:00:00,6.7,6.7,6.68,6.68,12690,0
2017-09-28,17:00:00,6.6758,6.6899,6.6572,6.6599,14740,0
2017-09-28,18:00:00,6.66,6.68,6.66,6.6798,23021,0
2017-09-28,19:00:00,6.68,6.6899,6.67,6.68,3360,0
2017-09-28,20:00:00,6.68,6.68,6.6649,6.6649,13650,0
2017-09-28,21:00:00,6.66,6.68,6.66,6.6722,2400,0
2017-09-28,22:00:00,6.6684,6.67,6.6684,6.67,2401,0
2017-09-29,16:00:00,6.65,6.71,6.65,6.7,34030,0
2017-09-29,17:00:00,6.71,6.71,6.66,6.664,23149,0
2017-09-29,18:00:00,6.67,6.67,6.6301,6.6432,29715,0
2017-09-29,19:00:00,6.65,6.65,6.54,6.61,86066,0
2017-09-29,20:00:00,6.6,6.61,6.5514,6.57,17630,0
2017-09-29,21:00:00,6.5689,6.59,6.5689,6.59,53000,0
2017-09-29,22:00:00,6.59,6.6,6.581,6.6,74987,0
2017-10-02,16:00:00,6.54,6.54,6.48,6.505,139161,0
2017-10-02,17:00:00,6.5007,6.5007,6.46,6.49,29971,0
2017-10-02,18:00:00,6.48,6.5005,6.47,6.49,35787,0
2017-10-02,19:00:00,6.5,6.5288,6.5,6.52,7087,0
2017-10-02,20:00:00,6.5373,6.5373,6.5091,6.5091,9237,0
2017-10-02,21:00:00,6.51,6.531,6.51,6.53,1599,0
2017-10-02,22:00:00,6.53,6.549,6.53,6.54,21649,0
2017-10-03,16:00:00,6.54,6.5966,6.54,6.58,5565,0
2017-10-03,17:00:00,6.59,6.6,6.56,6.5768,9999,0
2017-10-03,18:00:00,6.58,6.58,6.551,6.5726,7000,0
2017-10-03,19:00:00,6.57,6.5725,6.5338,6.5338,11214,0
2017-10-03,20:00:00,6.531,6.56,6.531,6.56,11588,0
2017-10-03,21:00:00,6.561,6.57,6.56,6.57,11560,0
2017-10-03,22:00:00,6.57,6.57,6.55,6.55,21583,0
2017-10-04,16:00:00,6.54,6.56,6.52,6.56,20811,0
2017-10-04,17:00:00,6.559,6.559,6.5,6.51,7259,0
2017-10-04,18:00:00,6.496,6.4984,6.48,6.49,13411,0
2017-10-04,19:00:00,6.49,6.5,6.49,6.5,33003,0
2017-10-04,20:00:00,6.52,6.52,6.5,6.51,4496,0
2017-10-04,21:00:00,6.481,6.493,6.481,6.493,1500,0
2017-10-04,22:00:00,6.481,6.4992,6.48,6.49,30462,0
2017-10-05,16:00:00,6.49,6.49,6.44,6.4517,56334,0
2017-10-05,17:00:00,6.4572,6.48,6.4556,6.48,15272,0
2017-10-05,18:00:00,6.4736,6.4999,6.47,6.49,27941,0
2017-10-05,19:00:00,6.49,6.504,6.485,6.5,5450,0
2017-10-05,20:00:00,6.51,6.52,6.51,6.51,5000,0
2017-10-05,21:00:00,6.49,6.4994,6.48,6.4994,1295,0
2017-10-05,22:00:00,6.4817,6.5,6.48,6.49,38843,0
2017-10-06,16:00:00,6.46,6.519,6.46,6.519,8108,0
2017-10-06,17:00:00,6.519,6.5241,6.5,6.5128,10953,0
2017-10-06,18:00:00,6.501,6.52,6.501,6.52,4824,0
2017-10-06,19:00:00,6.52,6.5287,6.515,6.52,13020,0
2017-10-06,20:00:00,6.5283,6.5283,6.51,6.51,3558,0
2017-10-06,21:00:00,6.511,6.5268,6.501,6.5268,6531,0
2017-10-06,22:00:00,6.511,6.53,6.51,6.53,10400,0
2017-10-09,17:00:00,6.47,6.48,6.47,6.4733,4764,0
2017-10-09,18:00:00,6.4707,6.479,6.4647,6.468,6818,0
2017-10-09,19:00:00,6.46,6.47,6.46,6.46,5500,0
2017-10-09,20:00:00,6.4693,6.4693,6.45,6.45,42815,0
2017-10-09,21:00:00,6.4484,6.45,6.445,6.4492,6182,0
2017-10-09,22:00:00,6.45,6.45,6.44,6.45,46980,0
2017-10-10,16:00:00,6.42,6.47,6.42,6.47,10424,0
2017-10-10,17:00:00,6.47,6.47,6.441,6.4599,2350,0
2017-10-10,18:00:00,6.45,6.46,6.43,6.43,6414,0
2017-10-10,19:00:00,6.4388,6.4493,6.43,6.4486,5434,0
2017-10-10,20:00:00,6.437,6.44,6.43,6.44,6375,0
2017-10-10,21:00:00,6.4315,6.44,6.43,6.43,4996,0
2017-10-10,22:00:00,6.4336,6.4339,6.42,6.42,3256,0
2017-10-11,16:00:00,6.42,6.42,6.3736,6.3736,60548,0
2017-10-11,17:00:00,6.3862,6.3881,6.36,6.37,69280,0
2017-10-11,18:00:00,6.36,6.39,6.3576,6.37,6195,0
2017-10-11,19:00:00,6.3723,6.3945,6.3723,6.39,2308,0
2017-10-11,20:00:00,6.4,6.4,6.3725,6.3725,13244,0
2017-10-11,21:00:00,6.3739,6.399,6.3739,6.399,1511,0
2017-10-11,22:00:00,6.3717,6.4,6.3717,6.381,8724,0
2017-10-12,16:00:00,6.41,6.41,6.35,6.3572,33197,0
2017-10-12,17:00:00,6.341,6.35,6.33,6.33,18841,0
2017-10-12,18:00:00,6.3305,6.34,6.32,6.3363,42940,0
2017-10-12,19:00:00,6.32,6.42,6.32,6.366,40902,0
2017-10-12,20:00:00,6.3699,6.3699,6.34,6.3531,13498,0
2017-10-12,21:00:00,6.3463,6.35,6.34,6.34,8900,0
2017-10-12,22:00:00,6.34,6.35,6.34,6.34,19449,0
2017-10-13,16:00:00,6.35,6.39,6.35,6.3862,23516,0
2017-10-13,17:00:00,6.38,6.3938,6.377,6.38,3910,0
2017-10-13,18:00:00,6.3787,6.39,6.3784,6.39,2231,0
2017-10-13,19:00:00,6.4,6.41,6.38,6.401,9071,0
2017-10-13,20:00:00,6.4099,6.4261,6.4,6.4261,22973,0
2017-10-13,21:00:00,6.44,6.4724,6.44,6.4724,30510,0
2017-10-13,22:00:00,6.459,6.48,6.459,6.48,45746,0
2017-10-16,16:00:00,6.48,6.5,6.48,6.487,50343,0
2017-10-16,17:00:00,6.47,6.47,6.4171,6.4198,15467,0
2017-10-16,18:00:00,6.42,6.45,6.42,6.45,63800,0
2017-10-16,19:00:00,6.431,6.4399,6.421,6.4386,6470,0
2017-10-16,20:00:00,6.42,6.42,6.4,6.4112,3050,0
2017-10-16,21:00:00,6.41,6.42,6.41,6.41,5950,0
2017-10-16,22:00:00,6.41,6.42,6.41,6.42,1740,0
2017-10-17,16:00:00,6.45,6.46,6.42,6.4421,24861,0
2017-10-17,17:00:00,6.4543,6.48,6.44,6.44,14384,0
2017-10-17,18:00:00,6.41,6.41,6.41,6.41,3793,0
2017-10-17,19:00:00,6.42,6.42,6.4,6.409,9250,0
2017-10-17,20:00:00,6.4001,6.4049,6.3847,6.39,2753,0
2017-10-17,21:00:00,6.41,6.42,6.401,6.401,3950,0
2017-10-17,22:00:00,6.4097,6.42,6.39,6.41,1100,0
2017-10-18,16:00:00,6.36,6.38,6.36,6.38,5200,0
2017-10-18,17:00:00,6.38,6.38,6.35,6.38,29139,0
2017-10-18,18:00:00,6.375,6.38,6.36,6.36,26047,0
2017-10-18,19:00:00,6.36,6.36,6.346,6.356,3750,0
2017-10-18,20:00:00,6.36,6.36,6.35,6.35,4553,0
2017-10-18,21:00:00,6.35,6.36,6.346,6.36,2780,0
2017-10-18,22:00:00,6.36,6.36,6.35,6.3559,13129,0
2017-10-19,16:00:00,6.35,6.41,6.35,6.405,53117,0
2017-10-19,17:00:00,6.405,6.42,6.4,6.42,16368,0
2017-10-19,18:00:00,6.42,6.42,6.4001,6.41,11424,0
2017-10-19,19:00:00,6.41,6.41,6.3784,6.3901,11890,0
2017-10-19,20:00:00,6.4,6.4,6.38,6.38,7200,0
2017-10-19,21:00:00,6.38,6.39,6.38,6.39,4600,0
2017-10-19,22:00:00,6.39,6.39,6.38,6.39,18709,0
2017-10-20,16:00:00,6.38,6.41,6.37,6.379,13811,0
2017-10-20,17:00:00,6.3601,6.37,6.3521,6.3583,20356,0
2017-10-20,18:00:00,6.36,6.36,6.3491,6.3499,14424,0
2017-10-20,19:00:00,6.3444,6.35,6.3444,6.35,41375,0
2017-10-20,20:00:00,6.34,6.345,6.28,6.2804,139579,0
2017-10-20,21:00:00,6.29,6.31,6.29,6.301,19711,0
2017-10-20,22:00:00,6.3,6.31,6.3,6.3,11743,0
2017-10-23,16:00:00,6.3,6.31,6.26,6.3,46186,0
2017-10-23,17:00:00,6.31,6.36,6.31,6.36,20130,0
2017-10-23,18:00:00,6.356,6.4,6.356,6.39,99269,0
2017-10-23,19:00:00,6.3714,6.43,6.3714,6.42,66500,0
2017-10-23,20:00:00,6.4157,6.419,6.404,6.411,7720,0
2017-10-23,21:00:00,6.42,6.4305,6.41,6.42,13780,0
2017-10-23,22:00:00,6.42,6.42,6.4011,6.42,22428,0
2017-10-24,16:00:00,6.37,6.4,6.361,6.4,39049,0
2017-10-24,17:00:00,6.41,6.42,6.381,6.42,24233,0
2017-10-24,18:00:00,6.41,6.4116,6.41,6.4116,10355,0
2017-10-24,19:00:00,6.4138,6.429,6.411,6.4284,5130,0
2017-10-24,20:00:00,6.42,6.42,6.4,6.4,6750,0
2017-10-24,21:00:00,6.401,6.4312,6.401,6.4201,15525,0
2017-10-24,22:00:00,6.43,6.4399,6.426,6.4399,9526,0
2017-10-25,16:00:00,6.42,6.49,6.42,6.4602,31532,0
2017-10-25,17:00:00,6.47,6.49,6.47,6.47,7814,0
2017-10-25,18:00:00,6.469,6.469,6.41,6.41,42426,0
2017-10-25,19:00:00,6.41,6.43,6.3972,6.3972,3800,0
2017-10-25,20:00:00,6.4,6.41,6.4,6.4,2304,0
2017-10-25,21:00:00,6.4,6.41,6.39,6.39,1700,0
2017-10-25,22:00:00,6.3924,6.41,6.39,6.41,8526,0
2017-10-26,16:00:00,6.4,6.4124,6.4,6.41,4365,0
2017-10-26,17:00:00,6.41,6.41,6.38,6.38,8901,0
2017-10-26,18:00:00,6.38,6.39,6.359,6.36,19100,0
2017-10-26,19:00:00,6.369,6.3714,6.351,6.3714,17273,0
2017-10-26,20:00:00,6.379,6.379,6.35,6.354,17000,0
2017-10-26,21:00:00,6.3529,6.3724,6.351,6.3688,10146,0
2017-10-26,22:00:00,6.3673,6.379,6.36,6.3613,22500,0
2017-10-27,16:00:00,6.36,6.36,6.31,6.32,29553,0
2017-10-27,17:00:00,6.32,6.34,6.2844,6.29,43290,0
2017-10-27,18:00:00,6.29,6.3036,6.2892,6.291,25032,0
2017-10-27,19:00:00,6.29,6.29,6.2699,6.279,47669,0
2017-10-27,20:00:00,6.28,6.29,6.2794,6.28,9084,0
2017-10-27,21:00:00,6.2861,6.3,6.2861,6.3,2300,0
2017-10-27,22:00:00,6.29,6.3075,6.29,6.3,3075,0
2017-10-30,15:00:00,6.29,6.3,6.28,6.3,46917,0
2017-10-30,16:00:00,6.2924,6.31,6.251,6.275,32046,0
2017-10-30,17:00:00,6.27,6.28,6.2514,6.28,20434,0
2017-10-30,18:00:00,6.28,6.3,6.271,6.29,6768,0
2017-10-30,19:00:00,6.29,6.3,6.27,6.27,14365,0
2017-10-30,20:00:00,6.27,6.29,6.2675,6.28,8350,0
2017-10-30,21:00:00,6.28,6.28,6.26,6.27,45545,0
2017-10-31,15:00:00,6.25,6.255,6.2014,6.216,38141,0
2017-10-31,16:00:00,6.2182,6.2182,6.16,6.1776,37140,0
2017-10-31,17:00:00,6.1799,6.18,6.16,6.1646,56050,0
2017-10-31,18:00:00,6.16,6.16,6.14,6.1512,20532,0
2017-10-31,19:00:00,6.1663,6.1716,6.1551,6.17,4821,0
2017-10-31,20:00:00,6.18,6.1853,6.18,6.1853,6541,0
2017-10-31,21:00:00,6.19,6.2,6.181,6.2,10709,0
2017-11-01,15:00:00,6.13,6.21,6.13,6.201,22659,0
2017-11-01,16:00:00,6.2161,6.2193,6.175,6.1878,18642,0
2017-11-01,17:00:00,6.17,6.18,6.17,6.179,11360,0
2017-11-01,18:00:00,6.17,6.1887,6.17,6.17,9005,0
2017-11-01,19:00:00,6.1634,6.18,6.1627,6.1688,5013,0
2017-11-01,20:00:00,6.161,6.161,6.161,6.161,800,0
2017-11-01,21:00:00,6.189,6.189,6.17,6.18,17200,0
2017-11-02,15:00:00,6.2,6.21,6.18,6.19,9014,0
2017-11-02,16:00:00,6.19,6.2086,6.19,6.1998,9742,0
2017-11-02,17:00:00,6.21,6.24,6.21,6.24,3800,0
2017-11-02,18:00:00,6.25,6.2799,6.25,6.25,3750,0
2017-11-02,19:00:00,6.2597,6.271,6.2597,6.271,3970,0
2017-11-02,20:00:00,6.2744,6.3,6.2686,6.3,14541,0
2017-11-02,21:00:00,6.293,6.31,6.29,6.29,16120,0
2017-11-03,15:00:00,6.28,6.3001,6.28,6.28,17927,0
2017-11-03,16:00:00,6.261,6.27,6.25,6.27,22787,0
2017-11-03,17:00:00,6.261,6.28,6.26,6.272,4700,0
2017-11-03,18:00:00,6.2733,6.28,6.26,6.269,4740,0
2017-11-03,19:00:00,6.25,6.2507,6.24,6.2507,9200,0
2017-11-03,20:00:00,6.26,6.279,6.26,6.2715,28326,0
2017-11-03,21:00:00,6.275,6.28,6.27,6.28,9060,0
2017-11-06,16:00:00,6.29,6.329,6.29,6.32,14381,0
2017-11-06,17:00:00,6.324,6.33,6.29,6.3,21651,0
2017-11-06,18:00:00,6.2976,6.32,6.291,6.3083,6690,0
2017-11-06,19:00:00,6.3,6.32,6.3,6.314,18218,0
2017-11-06,20:00:00,6.31,6.3265,6.31,6.32,24786,0
2017-11-06,21:00:00,6.3233,6.329,6.3201,6.329,2150,0
2017-11-06,22:00:00,6.325,6.328,6.32,6.3239,12850,0
2017-11-07,16:00:00,6.29,6.29,6.23,6.25,12448,0
2017-11-07,17:00:00,6.259,6.2595,6.2428,6.2463,5631,0
2017-11-07,19:00:00,6.2613,6.2613,6.2407,6.2563,5700,0
2017-11-07,20:00:00,6.259,6.26,6.259,6.26,1050,0
2017-11-07,21:00:00,6.289,6.289,6.289,6.289,100,0
2017-11-07,22:00:00,6.2852,6.29,6.28,6.29,4097,0
2017-11-08,16:00:00,6.29,6.29,6.1901,6.2,29750,0
2017-11-08,17:00:00,6.199,6.2,6.17,6.18,16132,0
2017-11-08,18:00:00,6.1812,6.2022,6.1743,6.2022,1599,0
2017-11-08,19:00:00,6.2,6.24,6.2,6.2389,8338,0
2017-11-08,20:00:00,6.24,6.2471,6.231,6.2471,5710,0
2017-11-08,21:00:00,6.25,6.2592,6.25,6.2561,25200,0
2017-11-08,22:00:00,6.25,6.26,6.23,6.26,17518,0
2017-11-09,16:00:00,6.26,6.31,6.26,6.2934,36164,0
2017-11-09,17:00:00,6.31,6.31,6.2863,6.3,13045,0
2017-11-09,18:00:00,6.2812,6.29,6.2788,6.28,3900,0
2017-11-09,19:00:00,6.27,6.2701,6.21,6.24,20767,0
2017-11-09,20:00:00,6.24,6.25,6.22,6.25,6690,0
2017-11-09,21:00:00,6.235,6.2584,6.235,6.2584,3900,0
2017-11-09,22:00:00,6.25,6.26,6.25,6.25,2925,0
2017-11-10,16:00:00,6.23,6.2935,6.23,6.2935,5200,0
2017-11-10,17:00:00,6.29,6.31,6.28,6.3,6950,0
2017-11-10,18:00:00,6.31,6.319,6.3,6.305,18943,0
2017-11-10,19:00:00,6.301,6.31,6.291,6.291,16546,0
2017-11-10,20:00:00,6.3001,6.31,6.3001,6.31,1300,0
2017-11-10,21:00:00,6.31,6.31,6.29,6.308,1001,0
2017-11-10,22:00:00,6.309,6.309,6.29,6.29,1795,0
2017-11-13,16:00:00,6.27,6.27,6.2063,6.21,20303,0
2017-11-13,17:00:00,6.23,6.23,6.22,6.23,16182,0
2017-11-13,18:00:00,6.2305,6.26,6.2305,6.2396,8995,0
2017-11-13,19:00:00,6.26,6.26,6.2356,6.2356,13500,0
2017-11-13,20:00:00,6.25,6.25,6.23,6.23,10500,0
2017-11-13,21:00:00,6.235,6.26,6.23,6.26,5600,0
2017-11-13,22:00:00,6.26,6.26,6.23,6.23,25956,0
2017-11-14,16:00:00,6.21,6.26,6.21,6.25,2669,0
2017-11-14,17:00:00,6.27,6.27,6.24,6.2574,11121,0
2017-11-14,18:00:00,6.26,6.27,6.22,6.24,10212,0
2017-11-14,19:00:00,6.24,6.25,6.24,6.25,500,0
2017-11-14,20:00:00,6.25,6.26,6.25,6.26,1400,0
2017-11-14,21:00:00,6.26,6.26,6.25,6.26,9200,0
2017-11-14,22:00:00,6.2594,6.26,6.25,6.25,15400,0
2017-11-15,16:00:00,6.21,6.25,6.19,6.1982,19126,0
2017-11-15,17:00:00,6.2,6.2001,6.15,6.1599,48611,0
2017-11-15,18:00:00,6.155,6.16,6.14,6.1583,29860,0
2017-11-15,19:00:00,6.155,6.16,6.145,6.145,7500,0
2017-11-15,20:00:00,6.165,6.18,6.1647,6.1647,4780,0
2017-11-15,21:00:00,6.1601,6.2,6.16,6.2,4464,0
2017-11-15,22:00:00,6.195,6.2,6.19,6.2,4169,0
2017-11-16,16:00:00,6.21,6.21,6.17,6.2089,38421,0
2017-11-16,17:00:00,6.183,6.1885,6.1401,6.17,25384,0
2017-11-16,18:00:00,6.1818,6.19,6.17,6.18,8980,0
2017-11-16,19:00:00,6.2,6.2,6.171,6.171,19333,0
2017-11-16,20:00:00,6.1766,6.19,6.17,6.17,24960,0
2017-11-16,21:00:00,6.16,6.18,6.15,6.15,2151,0
2017-11-16,22:00:00,6.16,6.17,6.16,6.16,8400,0
2017-11-17,16:00:00,6.18,6.23,6.18,6.2216,43605,0
2017-11-17,17:00:00,6.2101,6.23,6.1956,6.2174,32368,0
2017-11-17,18:00:00,6.22,6.2299,6.21,6.21,14250,0
2017-11-17,19:00:00,6.21,6.21,6.1958,6.209,23168,0
2017-11-17,20:00:00,6.21,6.22,6.2093,6.22,1128,0
2017-11-17,21:00:00,6.219,6.23,6.2,6.2216,5700,0
2017-11-17,22:00:00,6.2299,6.23,6.21,6.23,16142,0
2017-11-20,16:00:00,6.19,6.19,6.15,6.1593,18900,0
2017-11-20,17:00:00,6.15,6.169,6.141,6.165,24165,0
2017-11-20,18:00:00,6.1665,6.17,6.15,6.15,15301,0
2017-11-20,19:00:00,6.15,6.15,6.1452,6.15,47876,0
2017-11-20,20:00:00,6.1692,6.17,6.16,6.1616,14210,0
2017-11-20,21:00:00,6.1652,6.169,6.155,6.1611,14038,0
2017-11-20,22:00:00,6.165,6.17,6.16,6.16,9133,0
2017-11-21,16:00:00,6.14,6.18,6.1399,6.18,15177,0
2017-11-21,17:00:00,6.18,6.2358,6.18,6.2358,28020,0
2017-11-21,18:00:00,6.2301,6.235,6.179,6.179,13754,0
2017-11-21,19:00:00,6.1826,6.2,6.1624,6.1822,6600,0
2017-11-21,20:00:00,6.19,6.22,6.19,6.2051,10598,0
2017-11-21,21:00:00,6.2005,6.22,6.2002,6.208,11657,0
2017-11-21,22:00:00,6.2,6.21,6.2,6.2,22883,0
2017-11-22,16:00:00,6.25,6.25,6.17,6.1725,37100,0
2017-11-22,17:00:00,6.18,6.1915,6.18,6.1872,14485,0
2017-11-22,18:00:00,6.21,6.25,6.21,6.2451,4787,0
2017-11-22,19:00:00,6.24,6.25,6.22,6.2305,9400,0
2017-11-22,20:00:00,6.2322,6.2322,6.211,6.2252,3700,0
2017-11-22,21:00:00,6.2131,6.2131,6.2131,6.2131,300,0
2017-11-22,22:00:00,6.2,6.2124,6.2,6.2,1299,0
2017-11-24,16:00:00,6.2,6.2,6.18,6.18,13095,0
2017-11-24,17:00:00,6.16,6.18,6.16,6.18,12229,0
2017-11-24,18:00:00,6.17,6.18,6.12,6.1356,30369,0
2017-11-24,19:00:00,6.1376,6.139,6.08,6.12,33973,0
2017-11-27,16:00:00,6.11,6.11,6.07,6.07,22054,0
2017-11-27,17:00:00,6.061,6.08,6.05,6.0714,41694,0
2017-11-27,18:00:00,6.061,6.07,6.06,6.065,3750,0
2017-11-27,19:00:00,6.06,6.074,6.056,6.0648,26980,0
2017-11-27,20:00:00,6.06,6.07,6.0584,6.0584,10552,0
2017-11-27,21:00:00,6.053,6.06,6.05,6.0599,14220,0
2017-11-27,22:00:00,6.0599,6.06,6.05,6.0508,7670,0
2017-11-28,16:00:00,6.08,6.08,6.0501,6.0501,5190,0
2017-11-28,17:00:00,6.06,6.06,6.02,6.0293,30275,0
2017-11-28,18:00:00,6.021,6.025,6.01,6.0199,20488,0
2017-11-28,19:00:00,6.01,6.015,5.9901,5.9903,13894,0
2017-11-28,20:00:00,5.9988,6.01,5.99,5.9928,19819,0
2017-11-28,21:00:00,6,6.04,5.999,6.0399,5600,0
2017-11-28,22:00:00,6.0332,6.0472,6.0313,6.04,16622,0
2017-11-29,16:00:00,6.06,6.11,6.06,6.09,27932,0
2017-11-29,17:00:00,6.09,6.11,6.075,6.1,37681,0
2017-11-29,18:00:00,6.1,6.1,6.0812,6.0892,37238,0
2017-11-29,19:00:00,6.09,6.11,6.085,6.0972,8507,0
2017-11-29,20:00:00,6.09,6.091,6.08,6.09,2200,0
2017-11-29,21:00:00,6.1,6.12,6.095,6.101,25500,0
2017-11-29,22:00:00,6.106,6.11,6.1,6.11,12633,0
2017-11-30,16:00:00,6.1,6.16,6.08,6.16,4861,0
2017-11-30,17:00:00,6.1563,6.1589,6.14,6.15,9158,0
2017-11-30,18:00:00,6.1425,6.1634,6.14,6.1634,7913,0
2017-11-30,19:00:00,6.1566,6.1726,6.14,6.17,17265,0
2017-11-30,20:00:00,6.165,6.1667,6.1454,6.1454,31417,0
2017-11-30,21:00:00,6.14,6.14,6.08,6.081,24738,0
2017-11-30,22:00:00,6.0924,6.0956,6.08,6.0885,19856,0
2017-12-01,16:00:00,6.08,6.13,6.08,6.1092,11132,0
2017-12-01,17:00:00,6.09,6.13,6.09,6.115,13347,0
2017-12-01,18:00:00,6.1188,6.1601,6.1188,6.1601,7711,0
2017-12-01,19:00:00,6.151,6.1609,6.141,6.16,5239,0
2017-12-01,20:00:00,6.1501,6.155,6.14,6.155,14642,0
2017-12-01,21:00:00,6.16,6.19,6.16,6.1808,8246,0
2017-12-01,22:00:00,6.171,6.19,6.16,6.17,44480,0
2017-12-04,16:00:00,6.19,6.191,6.17,6.1728,23131,0
2017-12-04,17:00:00,6.1785,6.18,6.15,6.1705,12050,0
2017-12-04,18:00:00,6.17,6.19,6.1676,6.1705,15400,0
2017-12-04,19:00:00,6.179,6.179,6.1354,6.1354,20016,0
2017-12-04,20:00:00,6.135,6.1399,6.1299,6.1399,15650,0
2017-12-04,21:00:00,6.14,6.14,6.11,6.119,17704,0
2017-12-04,22:00:00,6.101,6.11,6.09,6.09,36435,0
2017-12-05,16:00:00,6.13,6.13,6.0801,6.1,19849,0
2017-12-05,17:00:00,6.11,6.11,6.0986,6.0986,600,0
2017-12-05,18:00:00,6.08,6.09,6.08,6.08,21360,0
2017-12-05,19:00:00,6.08,6.0905,6.0601,6.0834,12610,0
2017-12-05,20:00:00,6.07,6.09,6.07,6.09,10014,0
2017-12-05,21:00:00,6.0856,6.1,6.0856,6.1,1900,0
2017-12-05,22:00:00,6.0953,6.1,6.09,6.09,13420,0
2017-12-06,16:00:00,6.07,6.0779,6.02,6.039,23521,0
2017-12-06,17:00:00,6.0257,6.03,5.99,6.0008,29843,0
2017-12-06,18:00:00,6,6.029,6,6.0172,10438,0
2017-12-06,19:00:00,6.0156,6.04,6,6.0049,29535,0
2017-12-06,20:00:00,6.005,6.01,6,6,6957,0
2017-12-06,21:00:00,6.009,6.02,6,6.0095,5511,0
2017-12-06,22:00:00,6,6.02,6,6.01,9791,0
