Date,Time,Open,High,Low,Close,Volume,OpenInt
2017-11-17,15:35:00,43.11,43.11,43.07,43.09,52326,0
2017-11-17,15:40:00,43.09,43.11,43.03,43.04,41492,0
2017-11-17,15:45:00,43.05,43.05,42.99,43.02,137157,0
2017-11-17,15:50:00,43.02,43.02,42.96,42.99,338649,0
2017-11-17,15:55:00,42.995,43.025,42.98,43.02,48244,0
2017-11-17,16:00:00,43.02,43.05,43.01,43.045,72224,0
2017-11-17,16:05:00,43.04,43.085,43.0266,43.07,192980,0
2017-11-17,16:10:00,43.07,43.1,43.06,43.09,16874,0
2017-11-17,16:15:00,43.09,43.095,43.05,43.06,41619,0
2017-11-17,16:20:00,43.065,43.0659,43.035,43.055,90186,0
2017-11-17,16:25:00,43.06,43.095,43.06,43.09,92478,0
2017-11-17,16:30:00,43.08,43.08,43.0515,43.06,61892,0
2017-11-17,16:35:00,43.055,43.06,43.03,43.035,112701,0
2017-11-17,16:40:00,43.04,43.05,43.02,43.02,17258,0
2017-11-17,16:45:00,43.02,43.045,43.01,43.0434,19494,0
2017-11-17,16:50:00,43.05,43.07,43.045,43.05,14065,0
2017-11-17,16:55:00,43.05,43.09,43.05,43.09,16843,0
2017-11-17,17:00:00,43.09,43.091,43.0662,43.07,229523,0
2017-11-17,17:05:00,43.07,43.08,43.06,43.06,46958,0
2017-11-17,17:10:00,43.05,43.05,42.985,42.99,53512,0
2017-11-17,17:15:00,42.99,43.01,42.965,43.01,60828,0
2017-11-17,17:20:00,43.015,43.04,43.01,43.04,72277,0
2017-11-17,17:25:00,43.035,43.05,43.025,43.025,90846,0
2017-11-17,17:30:00,43.025,43.035,43.01,43.02,41582,0
2017-11-17,17:35:00,43.025,43.025,43,43.0127,16244,0
2017-11-17,17:40:00,43.01,43.015,42.965,42.97,155338,0
2017-11-17,17:45:00,42.97,43.0031,42.97,42.985,57169,0
2017-11-17,17:50:00,42.9858,42.99,42.975,42.985,13615,0
2017-11-17,17:55:00,42.985,42.985,42.975,42.98,37068,0
2017-11-17,18:00:00,42.98,42.98,42.96,42.98,44120,0
2017-11-17,18:05:00,42.98,42.985,42.97,42.97,13864,0
2017-11-17,18:10:00,42.961,42.985,42.961,42.98,8131,0
2017-11-17,18:15:00,42.99,43.02,42.99,43.02,27480,0
2017-11-17,18:20:00,43.02,43.03,43.02,43.02,15760,0
2017-11-17,18:25:00,43.025,43.03,43.0137,43.03,17886,0
2017-11-17,18:30:00,43.02,43.025,43.0031,43.01,11740,0
2017-11-17,18:35:00,43.01,43.01,42.995,43.01,10948,0
2017-11-17,18:40:00,43.005,43.01,43,43.01,20631,0
2017-11-17,18:45:00,43.01,43.02,43.01,43.02,13350,0
2017-11-17,18:50:00,43.03,43.035,43.02,43.03,14720,0
2017-11-17,18:55:00,43.03,43.03,43.0113,43.0113,9591,0
2017-11-17,19:00:00,43.015,43.049,43.01,43.049,12678,0
2017-11-17,19:05:00,43.04,43.06,43.04,43.05,26353,0
2017-11-17,19:10:00,43.045,43.0568,43.04,43.04,10534,0
2017-11-17,19:15:00,43.05,43.05,43.035,43.0439,11490,0
2017-11-17,19:20:00,43.04,43.04,43.035,43.035,20500,0
2017-11-17,19:25:00,43.035,43.04,43.0236,43.035,8927,0
2017-11-17,19:30:00,43.03,43.04,43.025,43.035,6556,0
2017-11-17,19:35:00,43.035,43.04,43.031,43.0329,21205,0
2017-11-17,19:40:00,43.0362,43.06,43.035,43.06,14009,0
2017-11-17,19:45:00,43.055,43.055,43.05,43.05,6767,0
2017-11-17,19:50:00,43.055,43.06,43.045,43.0468,90916,0
2017-11-17,19:55:00,43.041,43.06,43.041,43.045,17292,0
2017-11-17,20:00:00,43.05,43.06,43.04,43.06,24074,0
2017-11-17,20:05:00,43.05,43.0599,43.05,43.0553,916,0
2017-11-17,20:10:00,43.05,43.06,43.05,43.05,27236,0
2017-11-17,20:15:00,43.05,43.0584,43.033,43.033,22168,0
2017-11-17,20:20:00,43.035,43.04,43.03,43.03,4375,0
2017-11-17,20:25:00,43.03,43.04,43.02,43.02,7841,0
2017-11-17,20:30:00,43.0298,43.04,43.02,43.04,7189,0
2017-11-17,20:35:00,43.04,43.04,43.02,43.029,5658,0
2017-11-17,20:40:00,43.03,43.03,43.02,43.03,5477,0
2017-11-17,20:45:00,43.025,43.03,43.02,43.02,13806,0
2017-11-17,20:50:00,43.025,43.04,43.02,43.04,5300,0
2017-11-17,20:55:00,43.04,43.06,43.04,43.06,7677,0
2017-11-17,21:00:00,43.055,43.06,43.05,43.05,5601,0
2017-11-17,21:05:00,43.0535,43.0564,43.05,43.05,6769,0
2017-11-17,21:10:00,43.05,43.06,43.05,43.055,12883,0
2017-11-17,21:15:00,43.055,43.065,43.05,43.06,24870,0
2017-11-17,21:20:00,43.06,43.0699,43.05,43.055,8337,0
2017-11-17,21:25:00,43.06,43.0661,43.05,43.0569,18607,0
2017-11-17,21:30:00,43.055,43.06,43.05,43.055,3293,0
2017-11-17,21:35:00,43.05,43.065,43.05,43.055,14404,0
2017-11-17,21:40:00,43.055,43.08,43.05,43.07,24646,0
2017-11-17,21:45:00,43.075,43.08,43.05,43.05,30321,0
2017-11-17,21:50:00,43.05,43.05,43.025,43.035,98632,0
2017-11-17,21:55:00,43.04,43.04,43.01,43.0165,36513,0
2017-11-17,22:00:00,43.02,43.02,43,43.02,91409,0
2017-11-20,15:35:00,43.09,43.09,43.05,43.085,34450,0
2017-11-20,15:40:00,43.09,43.1,43.07,43.0756,36667,0
2017-11-20,15:45:00,43.08,43.1,43.06,43.06,25065,0
2017-11-20,15:50:00,43.06,43.08,43.05,43.065,51228,0
2017-11-20,15:55:00,43.065,43.075,43.03,43.035,37137,0
2017-11-20,16:00:00,43.035,43.12,43.035,43.11,58071,0
2017-11-20,16:05:00,43.1,43.1099,43.05,43.055,97808,0
2017-11-20,16:10:00,43.055,43.08,43.05,43.055,106170,0
2017-11-20,16:15:00,43.06,43.06,43.02,43.04,41791,0
2017-11-20,16:20:00,43.04,43.0572,43.035,43.035,29066,0
2017-11-20,16:25:00,43.04,43.05,43.035,43.05,23992,0
2017-11-20,16:30:00,43.04,43.04,43.01,43.025,56338,0
2017-11-20,16:35:00,43.02,43.03,43,43.03,29155,0
2017-11-20,16:40:00,43.03,43.06,43.03,43.045,38057,0
2017-11-20,16:45:00,43.05,43.065,43.03,43.03,51780,0
2017-11-20,16:50:00,43.03,43.07,43.03,43.06,94487,0
2017-11-20,16:55:00,43.065,43.105,43.06,43.1,46631,0
2017-11-20,17:00:00,43.105,43.11,43.065,43.09,54722,0
2017-11-20,17:05:00,43.095,43.0965,43.08,43.095,48606,0
2017-11-20,17:10:00,43.09,43.0951,43.0701,43.09,28089,0
2017-11-20,17:15:00,43.1,43.1,43.08,43.08,6050,0
2017-11-20,17:20:00,43.08,43.09,43.07,43.08,35798,0
2017-11-20,17:25:00,43.08,43.11,43.08,43.08,59858,0
2017-11-20,17:30:00,43.08,43.1,43.08,43.09,93948,0
2017-11-20,17:35:00,43.09,43.09,43.02,43.025,57471,0
2017-11-20,17:40:00,43.03,43.045,43,43,167156,0
2017-11-20,17:45:00,43.005,43.01,42.993,43.01,37736,0
2017-11-20,17:50:00,43,43.015,42.9944,43.01,42312,0
2017-11-20,17:55:00,43.019,43.02,43.015,43.02,6913,0
2017-11-20,18:00:00,43.02,43.0369,43.0199,43.03,38016,0
2017-11-20,18:05:00,43.035,43.0399,43.025,43.025,11522,0
2017-11-20,18:10:00,43.025,43.03,43.02,43.025,6521,0
2017-11-20,18:15:00,43.03,43.03,43.015,43.015,34837,0
2017-11-20,18:20:00,43.015,43.03,43.015,43.03,60849,0
2017-11-20,18:25:00,43.03,43.03,43.0078,43.0078,62328,0
2017-11-20,18:30:00,43.005,43.02,43,43.01,37509,0
2017-11-20,18:35:00,43.02,43.02,43.01,43.01,73276,0
2017-11-20,18:40:00,43.02,43.03,43.015,43.02,43037,0
2017-11-20,18:45:00,43.03,43.0301,43.0206,43.0301,21615,0
2017-11-20,18:50:00,43.04,43.04,43.035,43.04,10541,0
2017-11-20,18:55:00,43.035,43.0421,43.03,43.04,23293,0
2017-11-20,19:00:00,43.04,43.045,43.035,43.04,16464,0
2017-11-20,19:05:00,43.0345,43.045,43.0345,43.04,33745,0
2017-11-20,19:10:00,43.045,43.0453,43.04,43.04,7138,0
2017-11-20,19:15:00,43.04,43.04,43.035,43.035,8859,0
2017-11-20,19:20:00,43.035,43.05,43.035,43.045,39811,0
2017-11-20,19:25:00,43.0448,43.0492,43.03,43.035,10626,0
2017-11-20,19:30:00,43.04,43.04,43.035,43.04,42426,0
2017-11-20,19:35:00,43.04,43.04,43.02,43.02,19078,0
2017-11-20,19:40:00,43.019,43.02,43.0126,43.02,2093,0
2017-11-20,19:45:00,43.02,43.02,43.015,43.015,4900,0
2017-11-20,19:50:00,43.015,43.0199,43.01,43.01,6839,0
2017-11-20,19:55:00,43.015,43.02,43.01,43.016,14829,0
2017-11-20,20:00:00,43.02,43.02,43.01,43.0161,15131,0
2017-11-20,20:05:00,43.01,43.015,42.99,42.99,27716,0
2017-11-20,20:10:00,42.99,43.01,42.99,43,64303,0
2017-11-20,20:15:00,43,43,42.995,43,1713,0
2017-11-20,20:20:00,42.999,43,42.991,43,37814,0
2017-11-20,20:25:00,43,43,42.99,42.9948,10878,0
2017-11-20,20:30:00,42.99,42.9995,42.985,42.985,16645,0
2017-11-20,20:35:00,42.989,42.9899,42.98,42.98,11256,0
2017-11-20,20:40:00,42.98,42.9877,42.98,42.985,20741,0
2017-11-20,20:45:00,42.987,43,42.98,43,94314,0
2017-11-20,20:50:00,43,43,42.9869,42.989,13868,0
2017-11-20,20:55:00,42.985,43,42.985,42.995,31329,0
2017-11-20,21:00:00,42.995,43,42.99,42.99,30963,0
2017-11-20,21:05:00,42.989,42.989,42.98,42.985,8512,0
2017-11-20,21:10:00,42.99,42.99,42.98,42.9876,12207,0
2017-11-20,21:15:00,42.99,42.99,42.98,42.98,16474,0
2017-11-20,21:20:00,42.98,42.985,42.97,42.97,45149,0
2017-11-20,21:25:00,42.97,42.98,42.97,42.97,28445,0
2017-11-20,21:30:00,42.97,42.98,42.97,42.975,34885,0
2017-11-20,21:35:00,42.97,42.98,42.97,42.975,38822,0
2017-11-20,21:40:00,42.975,42.99,42.97,42.99,91373,0
2017-11-20,21:45:00,42.985,42.99,42.9744,42.975,46236,0
2017-11-20,21:50:00,42.97,42.98,42.97,42.97,37056,0
2017-11-20,21:55:00,42.975,42.975,42.96,42.962,65863,0
2017-11-20,22:00:00,42.96,42.97,42.95,42.96,250420,0
2017-11-21,15:35:00,43.25,43.27,43.21,43.27,50880,0
2017-11-21,15:40:00,43.26,43.3,43.26,43.3,17804,0
2017-11-21,15:45:00,43.3,43.335,43.2977,43.3064,132117,0
2017-11-21,15:50:00,43.305,43.32,43.29,43.3,35734,0
2017-11-21,15:55:00,43.3,43.31,43.29,43.295,64442,0
2017-11-21,16:00:00,43.3,43.32,43.28,43.32,34721,0
2017-11-21,16:05:00,43.32,43.32,43.29,43.295,55790,0
2017-11-21,16:10:00,43.3,43.3,43.27,43.2849,37580,0
2017-11-21,16:15:00,43.28,43.31,43.275,43.29,57092,0
2017-11-21,16:20:00,43.295,43.31,43.27,43.28,32530,0
2017-11-21,16:25:00,43.28,43.3,43.28,43.2866,64184,0
2017-11-21,16:30:00,43.285,43.29,43.265,43.28,22500,0
2017-11-21,16:35:00,43.28,43.29,43.265,43.265,17815,0
2017-11-21,16:40:00,43.27,43.27,43.23,43.23,59420,0
2017-11-21,16:45:00,43.2358,43.25,43.225,43.23,39783,0
2017-11-21,16:50:00,43.235,43.24,43.2334,43.24,2915,0
2017-11-21,16:55:00,43.2399,43.24,43.23,43.24,28949,0
2017-11-21,17:00:00,43.23,43.24,43.23,43.24,24690,0
2017-11-21,17:05:00,43.24,43.24,43.22,43.24,50808,0
2017-11-21,17:10:00,43.239,43.24,43.225,43.23,32215,0
2017-11-21,17:15:00,43.23,43.24,43.215,43.22,26305,0
2017-11-21,17:20:00,43.215,43.22,43.21,43.21,17162,0
2017-11-21,17:25:00,43.22,43.23,43.21,43.2299,37624,0
2017-11-21,17:30:00,43.23,43.23,43.2,43.2,83895,0
2017-11-21,17:35:00,43.21,43.23,43.1999,43.22,23615,0
2017-11-21,17:40:00,43.22,43.24,43.22,43.24,35975,0
2017-11-21,17:45:00,43.235,43.24,43.23,43.23,5971,0
2017-11-21,17:50:00,43.24,43.24,43.22,43.23,23981,0
2017-11-21,17:55:00,43.23,43.23,43.22,43.225,20830,0
2017-11-21,18:00:00,43.225,43.23,43.22,43.22,16060,0
2017-11-21,18:05:00,43.225,43.23,43.22,43.225,15475,0
2017-11-21,18:10:00,43.22,43.24,43.22,43.235,38925,0
2017-11-21,18:15:00,43.235,43.24,43.23,43.2389,11667,0
2017-11-21,18:20:00,43.24,43.24,43.23,43.23,19450,0
2017-11-21,18:25:00,43.24,43.24,43.22,43.23,32259,0
2017-11-21,18:30:00,43.23,43.23,43.21,43.21,43934,0
2017-11-21,18:35:00,43.2113,43.24,43.21,43.24,44765,0
2017-11-21,18:40:00,43.24,43.25,43.235,43.2383,23715,0
2017-11-21,18:45:00,43.23,43.24,43.23,43.235,17170,0
2017-11-21,18:50:00,43.235,43.235,43.22,43.22,22305,0
2017-11-21,18:55:00,43.225,43.24,43.22,43.23,27336,0
2017-11-21,19:00:00,43.235,43.24,43.23,43.24,24684,0
2017-11-21,19:05:00,43.23,43.24,43.23,43.24,21945,0
2017-11-21,19:10:00,43.24,43.24,43.23,43.235,11140,0
2017-11-21,19:15:00,43.23,43.26,43.23,43.26,38345,0
2017-11-21,19:20:00,43.26,43.26,43.25,43.26,5060,0
2017-11-21,19:25:00,43.25,43.26,43.24,43.24,14890,0
2017-11-21,19:30:00,43.25,43.25,43.24,43.24,20273,0
2017-11-21,19:35:00,43.245,43.25,43.23,43.23,55194,0
2017-11-21,19:40:00,43.23,43.24,43.23,43.24,26034,0
2017-11-21,19:45:00,43.24,43.24,43.23,43.23,16025,0
2017-11-21,19:50:00,43.24,43.24,43.235,43.24,18436,0
2017-11-21,19:55:00,43.24,43.25,43.23,43.25,40825,0
2017-11-21,20:00:00,43.25,43.25,43.24,43.25,50805,0
2017-11-21,20:05:00,43.245,43.25,43.23,43.24,25868,0
2017-11-21,20:10:00,43.24,43.24,43.23,43.24,30911,0
2017-11-21,20:15:00,43.24,43.26,43.235,43.25,61077,0
2017-11-21,20:20:00,43.255,43.26,43.24,43.26,40180,0
2017-11-21,20:25:00,43.26,43.27,43.2543,43.27,33919,0
2017-11-21,20:30:00,43.27,43.27,43.26,43.2635,20364,0
2017-11-21,20:35:00,43.27,43.27,43.25,43.252,31628,0
2017-11-21,20:40:00,43.26,43.26,43.25,43.25,29849,0
2017-11-21,20:45:00,43.255,43.26,43.24,43.245,49111,0
2017-11-21,20:50:00,43.24,43.25,43.23,43.235,56878,0
2017-11-21,20:55:00,43.235,43.24,43.23,43.24,26967,0
2017-11-21,21:00:00,43.24,43.255,43.235,43.255,107449,0
2017-11-21,21:05:00,43.2547,43.26,43.25,43.25,4166,0
2017-11-21,21:10:00,43.25,43.26,43.241,43.245,40081,0
2017-11-21,21:15:00,43.245,43.25,43.23,43.24,127680,0
2017-11-21,21:20:00,43.24,43.24,43.232,43.235,39153,0
2017-11-21,21:25:00,43.235,43.24,43.225,43.2276,69923,0
2017-11-21,21:30:00,43.23,43.25,43.2201,43.245,60021,0
2017-11-21,21:35:00,43.245,43.25,43.245,43.245,21759,0
2017-11-21,21:40:00,43.245,43.25,43.23,43.235,92729,0
2017-11-21,21:45:00,43.235,43.24,43.23,43.235,63853,0
2017-11-21,21:50:00,43.23,43.24,43.21,43.215,184946,0
2017-11-21,21:55:00,43.215,43.22,43.21,43.21,217007,0
2017-11-21,22:00:00,43.215,43.23,43.2,43.22,477516,0
2017-11-22,15:35:00,43.43,43.477,43.41,43.47,36213,0
2017-11-22,15:40:00,43.46,43.46,43.43,43.44,25664,0
2017-11-22,15:45:00,43.44,43.47,43.44,43.465,12727,0
2017-11-22,15:50:00,43.47,43.48,43.455,43.46,18561,0
2017-11-22,15:55:00,43.46,43.46,43.44,43.44,32947,0
2017-11-22,16:00:00,43.43,43.43,43.415,43.42,71863,0
2017-11-22,16:05:00,43.42,43.43,43.41,43.41,121143,0
2017-11-22,16:10:00,43.405,43.42,43.4,43.42,42799,0
2017-11-22,16:15:00,43.42,43.42,43.41,43.41,66193,0
2017-11-22,16:20:00,43.405,43.41,43.39,43.41,68546,0
2017-11-22,16:25:00,43.41,43.4233,43.41,43.415,47581,0
2017-11-22,16:30:00,43.415,43.43,43.41,43.41,65707,0
2017-11-22,16:35:00,43.41,43.41,43.37,43.37,39012,0
2017-11-22,16:40:00,43.37,43.37,43.31,43.33,129712,0
2017-11-22,16:45:00,43.3375,43.355,43.33,43.34,45820,0
2017-11-22,16:50:00,43.345,43.345,43.325,43.33,62245,0
2017-11-22,16:55:00,43.326,43.326,43.3,43.305,13210,0
2017-11-22,17:00:00,43.31,43.335,43.305,43.32,106552,0
2017-11-22,17:05:00,43.33,43.33,43.3,43.305,86166,0
2017-11-22,17:10:00,43.31,43.3346,43.31,43.3264,66010,0
2017-11-22,17:15:00,43.33,43.33,43.29,43.29,48325,0
2017-11-22,17:20:00,43.285,43.29,43.27,43.28,66427,0
2017-11-22,17:25:00,43.28,43.28,43.235,43.25,68051,0
2017-11-22,17:30:00,43.25,43.25,43.19,43.21,99528,0
2017-11-22,17:35:00,43.2,43.21,43.185,43.19,45000,0
2017-11-22,17:40:00,43.19,43.2,43.19,43.19,27033,0
2017-11-22,17:45:00,43.19,43.19,43.17,43.185,97183,0
2017-11-22,17:50:00,43.185,43.19,43.18,43.19,17261,0
2017-11-22,17:55:00,43.18,43.185,43.16,43.17,30468,0
2017-11-22,18:00:00,43.165,43.17,43.13,43.15,91989,0
2017-11-22,18:05:00,43.15,43.15,43.135,43.14,28785,0
2017-11-22,18:10:00,43.14,43.14,43.11,43.12,10850,0
2017-11-22,18:15:00,43.11,43.12,43.0928,43.12,68056,0
2017-11-22,18:20:00,43.12,43.12,43.11,43.11,31715,0
2017-11-22,18:25:00,43.105,43.13,43.1,43.13,38331,0
2017-11-22,18:30:00,43.125,43.14,43.125,43.14,14495,0
2017-11-22,18:35:00,43.1399,43.1399,43.12,43.13,26378,0
2017-11-22,18:40:00,43.13,43.13,43.11,43.1199,75706,0
2017-11-22,18:45:00,43.12,43.14,43.12,43.125,69151,0
2017-11-22,18:50:00,43.13,43.13,43.12,43.1299,121881,0
2017-11-22,18:55:00,43.13,43.13,43.11,43.13,65178,0
2017-11-22,19:00:00,43.13,43.15,43.13,43.1323,44326,0
2017-11-22,19:05:00,43.14,43.14,43.13,43.14,13629,0
2017-11-22,19:10:00,43.1399,43.14,43.135,43.14,14825,0
2017-11-22,19:15:00,43.14,43.14,43.135,43.14,21748,0
2017-11-22,19:20:00,43.14,43.14,43.13,43.1301,14981,0
2017-11-22,19:25:00,43.1301,43.1301,43.11,43.12,64903,0
2017-11-22,19:30:00,43.115,43.17,43.115,43.16,176935,0
2017-11-22,19:35:00,43.1599,43.16,43.15,43.1501,15543,0
2017-11-22,19:40:00,43.1501,43.16,43.1301,43.14,49387,0
2017-11-22,19:45:00,43.135,43.14,43.1301,43.14,116732,0
2017-11-22,19:50:00,43.135,43.15,43.135,43.14,97349,0
2017-11-22,19:55:00,43.14,43.15,43.14,43.15,12561,0
2017-11-22,20:00:00,43.15,43.16,43.145,43.16,119309,0
2017-11-22,20:05:00,43.16,43.18,43.15,43.16,48579,0
2017-11-22,20:10:00,43.15,43.21,43.1499,43.2,153330,0
2017-11-22,20:15:00,43.2,43.2,43.191,43.2,29924,0
2017-11-22,20:20:00,43.199,43.2,43.195,43.2,36350,0
2017-11-22,20:25:00,43.2,43.22,43.195,43.2152,110127,0
2017-11-22,20:30:00,43.22,43.22,43.21,43.215,74262,0
2017-11-22,20:35:00,43.22,43.24,43.2128,43.235,58158,0
2017-11-22,20:40:00,43.24,43.24,43.23,43.235,58724,0
2017-11-22,20:45:00,43.24,43.275,43.235,43.26,186650,0
2017-11-22,20:50:00,43.2599,43.2673,43.255,43.26,78534,0
2017-11-22,20:55:00,43.2601,43.27,43.26,43.265,37465,0
2017-11-22,21:00:00,43.2601,43.29,43.26,43.29,170587,0
2017-11-22,21:05:00,43.28,43.285,43.2601,43.2601,21161,0
2017-11-22,21:10:00,43.2601,43.265,43.26,43.26,33811,0
2017-11-22,21:15:00,43.255,43.26,43.24,43.245,88878,0
2017-11-22,21:20:00,43.24,43.25,43.24,43.24,90892,0
2017-11-22,21:25:00,43.24,43.25,43.24,43.24,85917,0
2017-11-22,21:30:00,43.24,43.26,43.24,43.26,202166,0
2017-11-22,21:35:00,43.26,43.26,43.25,43.26,70594,0
2017-11-22,21:40:00,43.26,43.26,43.25,43.25,96240,0
2017-11-22,21:45:00,43.25,43.26,43.25,43.25,138063,0
2017-11-22,21:50:00,43.25,43.255,43.23,43.23,252073,0
2017-11-22,21:55:00,43.23,43.24,43.21,43.225,484150,0
2017-11-22,22:00:00,43.225,43.23,43.21,43.22,618327,0
2017-11-24,15:35:00,43.88,43.92,43.86,43.91,37682,0
2017-11-24,15:40:00,43.91,43.92,43.89,43.89,106704,0
2017-11-24,15:45:00,43.89,43.905,43.8701,43.8701,197042,0
2017-11-24,15:50:00,43.875,43.9,43.8724,43.895,58076,0
2017-11-24,15:55:00,43.895,43.91,43.88,43.9,1756734,0
2017-11-24,16:00:00,43.895,43.895,43.87,43.8801,53759,0
2017-11-24,16:05:00,43.88,43.89,43.8601,43.865,120150,0
2017-11-24,16:10:00,43.865,43.87,43.84,43.85,55444,0
2017-11-24,16:15:00,43.85,43.86,43.84,43.845,61559,0
2017-11-24,16:20:00,43.84,43.85,43.83,43.84,99443,0
2017-11-24,16:25:00,43.85,43.85,43.82,43.82,52525,0
2017-11-24,16:30:00,43.82,43.84,43.82,43.825,79705,0
2017-11-24,16:35:00,43.84,43.85,43.83,43.85,36502,0
2017-11-24,16:40:00,43.845,43.845,43.82,43.83,74254,0
2017-11-24,16:45:00,43.83,43.84,43.82,43.82,52129,0
2017-11-24,16:50:00,43.82,43.83,43.82,43.82,45603,0
2017-11-24,16:55:00,43.82,43.87,43.82,43.835,87538,0
2017-11-24,17:00:00,43.83,43.865,43.83,43.859,51494,0
2017-11-24,17:05:00,43.8552,43.895,43.8552,43.89,39037,0
2017-11-24,17:10:00,43.89,43.93,43.89,43.92,179064,0
2017-11-24,17:15:00,43.93,43.93,43.91,43.93,83986,0
2017-11-24,17:20:00,43.925,43.9267,43.91,43.91,51496,0
2017-11-24,17:25:00,43.9,43.91,43.89,43.895,99982,0
2017-11-24,17:30:00,43.9,43.9,43.87,43.89,107159,0
2017-11-24,17:35:00,43.89,43.89,43.86,43.88,92052,0
2017-11-24,17:40:00,43.87,43.89,43.87,43.87,101249,0
2017-11-24,17:45:00,43.87,43.88,43.87,43.88,13872,0
2017-11-24,17:50:00,43.875,43.89,43.865,43.865,49367,0
2017-11-24,17:55:00,43.865,43.87,43.85,43.8501,35577,0
2017-11-24,18:00:00,43.85,43.86,43.84,43.86,773135,0
2017-11-24,18:05:00,43.86,43.87,43.855,43.87,114890,0
2017-11-24,18:10:00,43.86,43.87,43.85,43.855,466436,0
2017-11-24,18:15:00,43.85,43.8556,43.85,43.855,29686,0
2017-11-24,18:20:00,43.855,43.87,43.855,43.86,39523,0
2017-11-24,18:25:00,43.86,43.87,43.86,43.86,33428,0
2017-11-24,18:30:00,43.86,43.87,43.86,43.86,35663,0
2017-11-24,18:35:00,43.86,43.87,43.86,43.86,47684,0
2017-11-24,18:40:00,43.86,43.87,43.86,43.86,38601,0
2017-11-24,18:45:00,43.86,43.8672,43.85,43.855,58681,0
2017-11-24,18:50:00,43.85,43.855,43.835,43.845,229119,0
2017-11-24,18:55:00,43.85,43.85,43.83,43.8308,117401,0
2017-11-24,19:00:00,43.83,43.86,43.8201,43.835,268657,0
2017-11-24,19:05:00,43.835,43.84,43.83,43.84,33353,0
2017-11-24,19:15:00,43.83,43.83,43.83,43.83,0,0
2017-11-27,15:35:00,43.82,43.83,43.75,43.76,111175,0
2017-11-27,15:40:00,43.76,43.79,43.74,43.78,103659,0
2017-11-27,15:45:00,43.775,43.8,43.765,43.8,106373,0
2017-11-27,15:50:00,43.8,43.83,43.78,43.83,50145,0
2017-11-27,15:55:00,43.825,43.83,43.79,43.81,68245,0
2017-11-27,16:00:00,43.805,43.83,43.795,43.82,56500,0
2017-11-27,16:05:00,43.81,43.82,43.78,43.79,69382,0
2017-11-27,16:10:00,43.79,43.81,43.77,43.78,94739,0
2017-11-27,16:15:00,43.78,43.82,43.78,43.8,82244,0
2017-11-27,16:20:00,43.79,43.81,43.785,43.8,66315,0
2017-11-27,16:25:00,43.81,43.82,43.765,43.78,90973,0
2017-11-27,16:30:00,43.78,43.8,43.775,43.79,79279,0
2017-11-27,16:35:00,43.785,43.79,43.75,43.76,64423,0
2017-11-27,16:40:00,43.755,43.77,43.745,43.76,39206,0
2017-11-27,16:45:00,43.76,43.78,43.75,43.78,42660,0
2017-11-27,16:50:00,43.775,43.79,43.75,43.76,76189,0
2017-11-27,16:55:00,43.755,43.77,43.74,43.74,38652,0
2017-11-27,17:00:00,43.745,43.78,43.745,43.78,45696,0
2017-11-27,17:05:00,43.775,43.79,43.76,43.78,59308,0
2017-11-27,17:10:00,43.775,43.8,43.775,43.8,29527,0
2017-11-27,17:15:00,43.795,43.8,43.715,43.72,122543,0
2017-11-27,17:20:00,43.72,43.74,43.7,43.7,46880,0
2017-11-27,17:25:00,43.7,43.71,43.69,43.7,43772,0
2017-11-27,17:30:00,43.695,43.6955,43.63,43.63,44560,0
2017-11-27,17:35:00,43.635,43.67,43.63,43.635,37617,0
2017-11-27,17:40:00,43.64,43.65,43.61,43.62,151532,0
2017-11-27,17:45:00,43.63,43.63,43.62,43.63,12102,0
2017-11-27,17:50:00,43.63,43.64,43.625,43.63,14449,0
2017-11-27,17:55:00,43.63,43.64,43.61,43.625,23404,0
2017-11-27,18:00:00,43.62,43.62,43.595,43.61,12235,0
2017-11-27,18:05:00,43.615,43.62,43.605,43.62,21157,0
2017-11-27,18:10:00,43.61,43.63,43.61,43.625,10032,0
2017-11-27,18:15:00,43.62,43.62,43.605,43.615,25655,0
2017-11-27,18:20:00,43.61,43.6254,43.6,43.6254,27771,0
2017-11-27,18:25:00,43.63,43.65,43.63,43.65,18825,0
2017-11-27,18:30:00,43.65,43.65,43.615,43.6174,7423,0
2017-11-27,18:35:00,43.62,43.62,43.59,43.6,17174,0
2017-11-27,18:40:00,43.6,43.6,43.58,43.59,9646,0
2017-11-27,18:45:00,43.595,43.6,43.58,43.58,13877,0
2017-11-27,18:50:00,43.58,43.6,43.575,43.595,22589,0
2017-11-27,18:55:00,43.6,43.61,43.6,43.61,37687,0
2017-11-27,19:00:00,43.61,43.63,43.61,43.63,12306,0
2017-11-27,19:05:00,43.63,43.65,43.625,43.635,26695,0
2017-11-27,19:10:00,43.63,43.64,43.63,43.64,4239,0
2017-11-27,19:15:00,43.64,43.65,43.635,43.64,15100,0
2017-11-27,19:20:00,43.645,43.645,43.63,43.635,7588,0
2017-11-27,19:25:00,43.63,43.63,43.61,43.625,423921,0
2017-11-27,19:30:00,43.62,43.63,43.62,43.63,5479,0
2017-11-27,19:35:00,43.625,43.63,43.61,43.615,9636,0
2017-11-27,19:40:00,43.615,43.62,43.61,43.61,95124,0
2017-11-27,19:45:00,43.61,43.625,43.61,43.625,43904,0
2017-11-27,19:50:00,43.625,43.63,43.62,43.625,9159,0
2017-11-27,19:55:00,43.62,43.63,43.62,43.625,6905,0
2017-11-27,20:00:00,43.63,43.63,43.615,43.62,40619,0
2017-11-27,20:05:00,43.615,43.62,43.61,43.615,8779,0
2017-11-27,20:10:00,43.615,43.62,43.61,43.62,8083,0
2017-11-27,20:15:00,43.62,43.62,43.605,43.605,4081,0
2017-11-27,20:20:00,43.61,43.62,43.605,43.615,7033,0
2017-11-27,20:25:00,43.62,43.62,43.6001,43.605,18482,0
2017-11-27,20:30:00,43.6001,43.62,43.6001,43.62,31978,0
2017-11-27,20:35:00,43.615,43.63,43.6101,43.6201,41837,0
2017-11-27,20:40:00,43.63,43.63,43.62,43.62,28629,0
2017-11-27,20:45:00,43.615,43.625,43.615,43.625,14625,0
2017-11-27,20:50:00,43.62,43.625,43.61,43.615,16060,0
2017-11-27,20:55:00,43.61,43.62,43.6,43.62,29096,0
2017-11-27,21:00:00,43.615,43.625,43.615,43.625,10195,0
2017-11-27,21:05:00,43.62,43.62,43.61,43.61,41164,0
2017-11-27,21:10:00,43.615,43.62,43.6,43.617,129507,0
2017-11-27,21:15:00,43.62,43.63,43.615,43.62,61931,0
2017-11-27,21:20:00,43.62,43.6261,43.62,43.6261,4672,0
2017-11-27,21:25:00,43.625,43.63,43.62,43.625,3604,0
2017-11-27,21:30:00,43.625,43.63,43.61,43.62,112615,0
2017-11-27,21:35:00,43.62,43.625,43.61,43.62,14943,0
2017-11-27,21:40:00,43.62,43.62,43.6134,43.62,5735,0
2017-11-27,21:45:00,43.615,43.62,43.61,43.615,14487,0
2017-11-27,21:50:00,43.615,43.62,43.61,43.62,54564,0
2017-11-27,21:55:00,43.62,43.62,43.6,43.605,164134,0
2017-11-27,22:00:00,43.605,43.61,43.58,43.58,78503,0
2017-11-28,15:35:00,43.75,43.76,43.68,43.7,58230,0
2017-11-28,15:40:00,43.7,43.7,43.66,43.67,25087,0
2017-11-28,15:45:00,43.67,43.69,43.66,43.67,45285,0
2017-11-28,15:50:00,43.66,43.68,43.63,43.655,41573,0
2017-11-28,15:55:00,43.65,43.65,43.63,43.635,141956,0
2017-11-28,16:00:00,43.635,43.64,43.62,43.625,45254,0
2017-11-28,16:05:00,43.63,43.66,43.625,43.645,15958,0
2017-11-28,16:10:00,43.6458,43.68,43.6458,43.68,12456,0
2017-11-28,16:15:00,43.6846,43.6861,43.67,43.679,11972,0
2017-11-28,16:20:00,43.67,43.67,43.655,43.66,7650,0
2017-11-28,16:25:00,43.659,43.67,43.65,43.65,18928,0
2017-11-28,16:30:00,43.66,43.679,43.65,43.65,16922,0
2017-11-28,16:35:00,43.66,43.68,43.66,43.675,16811,0
2017-11-28,16:40:00,43.68,43.71,43.675,43.705,36100,0
2017-11-28,16:45:00,43.71,43.7366,43.71,43.72,32114,0
2017-11-28,16:50:00,43.725,43.74,43.705,43.705,19576,0
2017-11-28,16:55:00,43.71,43.7134,43.705,43.705,8728,0
2017-11-28,17:00:00,43.71,43.71,43.65,43.66,48017,0
2017-11-28,17:05:00,43.67,43.685,43.66,43.685,28447,0
2017-11-28,17:10:00,43.69,43.7099,43.69,43.69,14009,0
2017-11-28,17:15:00,43.69,43.69,43.675,43.685,12721,0
2017-11-28,17:20:00,43.68,43.68,43.6532,43.67,35026,0
2017-11-28,17:25:00,43.67,43.67,43.66,43.665,31422,0
2017-11-28,17:30:00,43.665,43.71,43.665,43.71,13144,0
2017-11-28,17:35:00,43.72,43.75,43.715,43.72,28128,0
2017-11-28,17:40:00,43.72,43.74,43.7134,43.74,65246,0
2017-11-28,17:45:00,43.74,43.74,43.73,43.735,14179,0
2017-11-28,17:50:00,43.73,43.73,43.71,43.725,17653,0
2017-11-28,17:55:00,43.73,43.74,43.73,43.735,4400,0
2017-11-28,18:00:00,43.74,43.75,43.7318,43.75,58621,0
2017-11-28,18:05:00,43.75,43.77,43.74,43.74,69922,0
2017-11-28,18:10:00,43.75,43.8,43.75,43.8,49576,0
2017-11-28,18:15:00,43.8,43.83,43.8,43.83,73136,0
2017-11-28,18:20:00,43.83,43.83,43.795,43.81,23196,0
2017-11-28,18:25:00,43.81,43.825,43.8,43.825,26361,0
2017-11-28,18:30:00,43.82,43.83,43.815,43.82,7393,0
2017-11-28,18:35:00,43.82,43.827,43.81,43.81,4920,0
2017-11-28,18:40:00,43.81,43.81,43.8,43.805,12454,0
2017-11-28,18:45:00,43.8,43.81,43.795,43.8,22994,0
2017-11-28,18:50:00,43.795,43.8,43.77,43.785,20599,0
2017-11-28,18:55:00,43.79,43.8,43.7834,43.795,17990,0
2017-11-28,19:00:00,43.8,43.8264,43.8,43.82,23884,0
2017-11-28,19:05:00,43.82,43.84,43.82,43.84,12322,0
2017-11-28,19:10:00,43.84,43.8658,43.84,43.85,9160,0
2017-11-28,19:15:00,43.84,43.8428,43.83,43.83,15442,0
2017-11-28,19:20:00,43.83,43.835,43.81,43.82,701915,0
2017-11-28,19:25:00,43.81,43.82,43.765,43.78,65594,0
2017-11-28,19:30:00,43.79,43.795,43.78,43.79,14500,0
2017-11-28,19:35:00,43.7818,43.805,43.78,43.805,5900,0
2017-11-28,19:40:00,43.8099,43.8189,43.8,43.8,68294,0
2017-11-28,19:45:00,43.795,43.8,43.785,43.7873,17743,0
2017-11-28,19:50:00,43.7801,43.79,43.76,43.76,34460,0
2017-11-28,19:55:00,43.75,43.76,43.725,43.73,49758,0
2017-11-28,20:00:00,43.73,43.73,43.7031,43.725,27657,0
2017-11-28,20:05:00,43.7264,43.7264,43.69,43.72,14503,0
2017-11-28,20:10:00,43.725,43.7543,43.72,43.74,31907,0
2017-11-28,20:15:00,43.74,43.74,43.7,43.71,35153,0
2017-11-28,20:20:00,43.71,43.71,43.695,43.71,14520,0
2017-11-28,20:25:00,43.71,43.715,43.7,43.715,5844,0
2017-11-28,20:30:00,43.72,43.7357,43.72,43.735,12362,0
2017-11-28,20:35:00,43.73,43.7575,43.73,43.74,16821,0
2017-11-28,20:40:00,43.74,43.75,43.74,43.75,8398,0
2017-11-28,20:45:00,43.75,43.77,43.75,43.765,18515,0
2017-11-28,20:50:00,43.76,43.77,43.725,43.73,25935,0
2017-11-28,20:55:00,43.72,43.75,43.715,43.75,33459,0
2017-11-28,21:00:00,43.75,43.76,43.74,43.76,15629,0
2017-11-28,21:05:00,43.75,43.78,43.74,43.77,85566,0
2017-11-28,21:10:00,43.775,43.785,43.76,43.76,184630,0
2017-11-28,21:15:00,43.76,43.77,43.74,43.77,74407,0
2017-11-28,21:20:00,43.77,43.8,43.77,43.8,12622,0
2017-11-28,21:25:00,43.8,43.8163,43.8,43.8,15540,0
2017-11-28,21:30:00,43.8047,43.8047,43.77,43.79,30868,0
2017-11-28,21:35:00,43.785,43.8,43.785,43.79,12347,0
2017-11-28,21:40:00,43.79,43.795,43.78,43.79,11538,0
2017-11-28,21:45:00,43.78,43.78,43.75,43.775,1922954,0
2017-11-28,21:50:00,43.78,43.78,43.76,43.76,110054,0
2017-11-28,21:55:00,43.76,43.77,43.76,43.76,44202,0
2017-11-28,22:00:00,43.76,43.765,43.73,43.74,376538,0
2017-11-29,15:35:00,43.89,43.94,43.88,43.89,25221,0
2017-11-29,15:40:00,43.89,43.925,43.885,43.9199,29886,0
2017-11-29,15:45:00,43.92,43.925,43.905,43.925,44732,0
2017-11-29,15:50:00,43.92,43.925,43.89,43.895,28163,0
2017-11-29,15:55:00,43.895,43.905,43.88,43.88,49424,0
2017-11-29,16:00:00,43.89,43.925,43.89,43.925,19899,0
2017-11-29,16:05:00,43.92,43.925,43.895,43.905,28554,0
2017-11-29,16:10:00,43.9016,43.945,43.9016,43.94,21877,0
2017-11-29,16:15:00,43.94,43.98,43.94,43.965,40638,0
2017-11-29,16:20:00,43.96,43.9682,43.885,43.895,111283,0
2017-11-29,16:25:00,43.89,43.91,43.88,43.89,44260,0
2017-11-29,16:30:00,43.88,43.885,43.85,43.86,27352,0
2017-11-29,16:35:00,43.865,43.87,43.8,43.8047,129284,0
2017-11-29,16:40:00,43.8,43.8699,43.795,43.865,45698,0
2017-11-29,16:45:00,43.87,43.89,43.86,43.86,16817,0
2017-11-29,16:50:00,43.855,43.86,43.83,43.86,35624,0
2017-11-29,16:55:00,43.86,43.865,43.815,43.815,53380,0
2017-11-29,17:00:00,43.82,43.83,43.8,43.805,42079,0
2017-11-29,17:05:00,43.805,43.835,43.8,43.835,77809,0
2017-11-29,17:10:00,43.84,43.845,43.795,43.795,94167,0
2017-11-29,17:15:00,43.79,43.795,43.75,43.75,67482,0
2017-11-29,17:20:00,43.745,43.7499,43.69,43.71,42813,0
2017-11-29,17:25:00,43.71,43.71,43.63,43.63,31500,0
2017-11-29,17:30:00,43.63,43.695,43.615,43.69,84929,0
2017-11-29,17:35:00,43.68,43.69,43.6589,43.69,225769,0
2017-11-29,17:40:00,43.68,43.71,43.675,43.69,26740,0
2017-11-29,17:45:00,43.695,43.695,43.63,43.64,102120,0
2017-11-29,17:50:00,43.64,43.65,43.62,43.64,83865,0
2017-11-29,17:55:00,43.63,43.66,43.63,43.64,31081,0
2017-11-29,18:00:00,43.64,43.64,43.61,43.63,16390,0
2017-11-29,18:05:00,43.63,43.635,43.605,43.61,23955,0
2017-11-29,18:10:00,43.61,43.625,43.61,43.625,13919,0
2017-11-29,18:15:00,43.63,43.64,43.63,43.63,28438,0
2017-11-29,18:20:00,43.631,43.665,43.631,43.66,63520,0
2017-11-29,18:25:00,43.66,43.685,43.66,43.68,35741,0
2017-11-29,18:30:00,43.68,43.685,43.67,43.67,8424,0
2017-11-29,18:35:00,43.665,43.67,43.65,43.65,13192,0
2017-11-29,18:40:00,43.66,43.675,43.65,43.675,17209,0
2017-11-29,18:45:00,43.675,43.7,43.67,43.675,29659,0
2017-11-29,18:50:00,43.67,43.695,43.66,43.69,24114,0
2017-11-29,18:55:00,43.695,43.6964,43.68,43.695,18417,0
2017-11-29,19:00:00,43.69,43.71,43.665,43.6667,14438,0
2017-11-29,19:05:00,43.66,43.66,43.65,43.655,23304,0
2017-11-29,19:10:00,43.65,43.655,43.6424,43.65,20413,0
2017-11-29,19:15:00,43.655,43.67,43.655,43.66,9267,0
2017-11-29,19:20:00,43.66,43.665,43.655,43.66,9650,0
2017-11-29,19:25:00,43.665,43.675,43.66,43.66,9783,0
2017-11-29,19:30:00,43.666,43.6881,43.666,43.68,17802,0
2017-11-29,19:35:00,43.685,43.6972,43.68,43.685,13223,0
2017-11-29,19:40:00,43.685,43.685,43.67,43.67,11369,0
2017-11-29,19:45:00,43.67,43.675,43.655,43.675,19121,0
2017-11-29,19:50:00,43.67,43.675,43.66,43.66,19831,0
2017-11-29,19:55:00,43.67,43.675,43.65,43.65,52862,0
2017-11-29,20:00:00,43.65,43.67,43.6434,43.6544,26579,0
2017-11-29,20:05:00,43.655,43.7,43.655,43.7,13800,0
2017-11-29,20:10:00,43.7,43.71,43.6929,43.7,38495,0
2017-11-29,20:15:00,43.705,43.72,43.69,43.69,37261,0
2017-11-29,20:20:00,43.6925,43.7,43.685,43.7,762859,0
2017-11-29,20:25:00,43.695,43.705,43.69,43.69,9160,0
2017-11-29,20:30:00,43.69,43.695,43.68,43.695,15958,0
2017-11-29,20:35:00,43.695,43.7,43.685,43.6936,37774,0
2017-11-29,20:40:00,43.695,43.7,43.685,43.69,13306,0
2017-11-29,20:45:00,43.695,43.705,43.69,43.69,14251,0
2017-11-29,20:50:00,43.681,43.7,43.68,43.7,20772,0
2017-11-29,20:55:00,43.695,43.7,43.69,43.695,21717,0
2017-11-29,21:00:00,43.695,43.705,43.69,43.69,16188,0
2017-11-29,21:05:00,43.695,43.695,43.69,43.695,5411,0
2017-11-29,21:10:00,43.69,43.6999,43.68,43.68,32881,0
2017-11-29,21:15:00,43.68,43.7,43.675,43.675,33631,0
2017-11-29,21:20:00,43.675,43.68,43.67,43.68,10537,0
2017-11-29,21:25:00,43.6764,43.68,43.67,43.675,12894,0
2017-11-29,21:30:00,43.675,43.675,43.665,43.67,11044,0
2017-11-29,21:35:00,43.67,43.68,43.66,43.675,12418,0
2017-11-29,21:40:00,43.68,43.68,43.65,43.65,26355,0
2017-11-29,21:45:00,43.66,43.6699,43.655,43.66,27065,0
2017-11-29,21:50:00,43.665,43.6778,43.66,43.675,18520,0
2017-11-29,21:55:00,43.675,43.685,43.67,43.67,65506,0
2017-11-29,22:00:00,43.68,43.68,43.63,43.64,286646,0
2017-11-30,15:35:00,43.91,43.97,43.91,43.92,100726,0
2017-11-30,15:40:00,43.93,43.94,43.91,43.92,26205,0
2017-11-30,15:45:00,43.92,43.94,43.89,43.93,35925,0
2017-11-30,15:50:00,43.93,43.94,43.87,43.87,98369,0
2017-11-30,15:55:00,43.87,43.89,43.845,43.86,84870,0
2017-11-30,16:00:00,43.86,43.91,43.855,43.91,57239,0
2017-11-30,16:05:00,43.905,43.94,43.9,43.94,29928,0
2017-11-30,16:10:00,43.935,43.95,43.92,43.945,16017,0
2017-11-30,16:15:00,43.95,43.99,43.95,43.95,21055,0
2017-11-30,16:20:00,43.94,43.94,43.91,43.93,31227,0
2017-11-30,16:25:00,43.93,43.95,43.91,43.925,650789,0
2017-11-30,16:30:00,43.93,43.95,43.925,43.94,44415,0
2017-11-30,16:35:00,43.94,43.95,43.895,43.9,58109,0
2017-11-30,16:40:00,43.89,43.89,43.85,43.88,48451,0
2017-11-30,16:45:00,43.88,43.905,43.87,43.9,57790,0
2017-11-30,16:50:00,43.9,43.91,43.88,43.905,1320274,0
2017-11-30,16:55:00,43.9014,43.9014,43.86,43.8699,125331,0
2017-11-30,17:00:00,43.865,43.935,43.865,43.925,504442,0
2017-11-30,17:05:00,43.92,43.94,43.9,43.905,289268,0
2017-11-30,17:10:00,43.9,43.925,43.89,43.8999,92484,0
2017-11-30,17:15:00,43.88,43.885,43.84,43.86,20610,0
2017-11-30,17:20:00,43.865,43.925,43.865,43.92,32133,0
2017-11-30,17:25:00,43.91,43.91,43.845,43.86,97280,0
2017-11-30,17:30:00,43.86,43.86,43.78,43.81,361687,0
2017-11-30,17:35:00,43.81,43.82,43.73,43.73,327771,0
2017-11-30,17:40:00,43.73,43.8,43.73,43.795,153357,0
2017-11-30,17:45:00,43.795,43.795,43.74,43.74,110010,0
2017-11-30,17:50:00,43.745,43.76,43.74,43.743,37731,0
2017-11-30,17:55:00,43.7419,43.76,43.74,43.75,25894,0
2017-11-30,18:00:00,43.76,43.765,43.741,43.76,9932,0
2017-11-30,18:05:00,43.77,43.7799,43.76,43.77,9664,0
2017-11-30,18:10:00,43.76,43.78,43.76,43.77,291034,0
2017-11-30,18:15:00,43.76,43.78,43.75,43.77,14049,0
2017-11-30,18:20:00,43.77,43.79,43.77,43.77,28395,0
2017-11-30,18:25:00,43.77,43.7801,43.77,43.7801,12335,0
2017-11-30,18:30:00,43.785,43.7882,43.77,43.7882,19470,0
2017-11-30,18:35:00,43.78,43.8,43.78,43.79,34774,0
2017-11-30,18:40:00,43.795,43.83,43.78,43.82,158840,0
2017-11-30,18:45:00,43.82,43.835,43.805,43.83,201661,0
2017-11-30,18:50:00,43.84,43.855,43.835,43.84,97559,0
2017-11-30,18:55:00,43.84,43.84,43.82,43.82,38009,0
2017-11-30,19:00:00,43.8153,43.83,43.8,43.82,37484,0
2017-11-30,19:05:00,43.82,43.85,43.82,43.85,10472,0
2017-11-30,19:10:00,43.84,43.85,43.84,43.8413,10669,0
2017-11-30,19:15:00,43.84,43.8467,43.83,43.84,18110,0
2017-11-30,19:20:00,43.84,43.84,43.825,43.835,18433,0
2017-11-30,19:25:00,43.839,43.85,43.8325,43.84,19396,0
2017-11-30,19:30:00,43.84,43.86,43.83,43.85,34360,0
2017-11-30,19:35:00,43.85,43.86,43.84,43.845,31624,0
2017-11-30,19:40:00,43.85,43.86,43.8325,43.84,14262,0
2017-11-30,19:45:00,43.84,43.84,43.81,43.82,19490,0
2017-11-30,19:50:00,43.82,43.82,43.8,43.805,22699,0
2017-11-30,19:55:00,43.81,43.815,43.7801,43.7801,51608,0
2017-11-30,20:00:00,43.7821,43.82,43.78,43.82,10140,0
2017-11-30,20:05:00,43.82,43.82,43.79,43.8,13599,0
2017-11-30,20:10:00,43.795,43.81,43.78,43.78,16495,0
2017-11-30,20:15:00,43.79,43.82,43.79,43.81,11670,0
2017-11-30,20:20:00,43.8,43.812,43.8,43.8,6750,0
2017-11-30,20:25:00,43.8,43.815,43.8,43.815,6988,0
2017-11-30,20:30:00,43.815,43.83,43.8108,43.825,11533,0
2017-11-30,20:35:00,43.82,43.82,43.8025,43.81,8565,0
2017-11-30,20:40:00,43.805,43.805,43.79,43.79,10514,0
2017-11-30,20:45:00,43.795,43.7999,43.77,43.775,27024,0
2017-11-30,20:50:00,43.78,43.78,43.75,43.76,34772,0
2017-11-30,20:55:00,43.7525,43.765,43.75,43.76,11951,0
2017-11-30,21:00:00,43.76,43.769,43.75,43.76,150373,0
2017-11-30,21:05:00,43.76,43.77,43.75,43.7525,18205,0
2017-11-30,21:10:00,43.75,43.765,43.7425,43.755,78047,0
2017-11-30,21:15:00,43.7501,43.77,43.75,43.77,13648,0
2017-11-30,21:20:00,43.77,43.78,43.7625,43.765,39136,0
2017-11-30,21:25:00,43.765,43.77,43.75,43.75,16817,0
2017-11-30,21:30:00,43.75,43.75,43.74,43.75,30595,0
2017-11-30,21:35:00,43.75,43.75,43.72,43.725,29784,0
2017-11-30,21:40:00,43.72,43.74,43.71,43.71,65537,0
2017-11-30,21:45:00,43.72,43.73,43.71,43.71,64528,0
2017-11-30,21:50:00,43.71,43.755,43.71,43.755,140134,0
2017-11-30,21:55:00,43.76,43.77,43.72,43.7425,498051,0
2017-11-30,22:00:00,43.745,43.745,43.71,43.74,717127,0
2017-12-01,15:35:00,43.48,43.49,43.44,43.44,64483,0
2017-12-01,15:40:00,43.445,43.47,43.44,43.46,49874,0
2017-12-01,15:45:00,43.47,43.475,43.39,43.4,213778,0
2017-12-01,15:50:00,43.4,43.435,43.395,43.42,32533,0
2017-12-01,15:55:00,43.42,43.45,43.42,43.439,108524,0
2017-12-01,16:00:00,43.44,43.445,43.41,43.42,27351,0
2017-12-01,16:05:00,43.42,43.435,43.395,43.43,67983,0
2017-12-01,16:10:00,43.43,43.48,43.43,43.46,63645,0
2017-12-01,16:15:00,43.465,43.515,43.46,43.515,27494,0
2017-12-01,16:20:00,43.51,43.55,43.51,43.55,71192,0
2017-12-01,16:25:00,43.54,43.555,43.52,43.53,112185,0
2017-12-01,16:30:00,43.53,43.55,43.53,43.55,38686,0
2017-12-01,16:35:00,43.55,43.57,43.54,43.54,24424,0
2017-12-01,16:40:00,43.54,43.55,43.515,43.53,26977,0
2017-12-01,16:45:00,43.53,43.55,43.52,43.525,34501,0
2017-12-01,16:50:00,43.52,43.5269,43.51,43.52,28247,0
2017-12-01,16:55:00,43.5277,43.575,43.525,43.555,21840,0
2017-12-01,17:00:00,43.55,43.565,43.52,43.52,27618,0
2017-12-01,17:05:00,43.53,43.5582,43.52,43.5582,20635,0
2017-12-01,17:10:00,43.555,43.56,43.46,43.49,230637,0
2017-12-01,17:15:00,43.49,43.49,43.26,43.46,456008,0
2017-12-01,17:20:00,43.465,43.5,43.4,43.49,329240,0
2017-12-01,17:25:00,43.48,43.49,43.38,43.385,204643,0
2017-12-01,17:30:00,43.38,43.48,43.31,43.36,557862,0
2017-12-01,17:35:00,43.36,43.4,43.19,43.32,338707,0
2017-12-01,17:40:00,43.32,43.355,43.2458,43.32,225640,0
2017-12-01,17:45:00,43.32,43.36,43.28,43.35,67330,0
2017-12-01,17:50:00,43.34,43.36,43.3,43.34,49934,0
2017-12-01,17:55:00,43.33,43.39,43.31,43.33,86175,0
2017-12-01,18:00:00,43.34,43.42,43.3,43.405,86379,0
2017-12-01,18:05:00,43.41,43.425,43.38,43.42,55862,0
2017-12-01,18:10:00,43.4156,43.52,43.41,43.47,121475,0
2017-12-01,18:15:00,43.46,43.46,43.38,43.4,39603,0
2017-12-01,18:20:00,43.4,43.43,43.3379,43.37,99705,0
2017-12-01,18:25:00,43.38,43.41,43.37,43.39,46912,0
2017-12-01,18:30:00,43.4,43.42,43.37,43.4,35813,0
2017-12-01,18:35:00,43.4,43.405,43.36,43.365,25153,0
2017-12-01,18:40:00,43.37,43.39,43.36,43.38,20965,0
2017-12-01,18:45:00,43.38,43.43,43.375,43.43,59565,0
2017-12-01,18:50:00,43.43,43.44,43.41,43.43,40206,0
2017-12-01,18:55:00,43.44,43.4561,43.43,43.43,18024,0
2017-12-01,19:00:00,43.43,43.45,43.415,43.447,28067,0
2017-12-01,19:05:00,43.44,43.44,43.415,43.43,39678,0
2017-12-01,19:10:00,43.43,43.44,43.425,43.43,72181,0
2017-12-01,19:15:00,43.43,43.45,43.43,43.45,43990,0
2017-12-01,19:20:00,43.44,43.44,43.42,43.44,15291,0
2017-12-01,19:25:00,43.44,43.4569,43.435,43.4569,13698,0
2017-12-01,19:30:00,43.45,43.45,43.435,43.44,23461,0
2017-12-01,19:35:00,43.44,43.465,43.43,43.45,25196,0
2017-12-01,19:40:00,43.45,43.45,43.43,43.44,24370,0
2017-12-01,19:45:00,43.435,43.44,43.41,43.42,24900,0
2017-12-01,19:50:00,43.425,43.43,43.385,43.4169,131142,0
2017-12-01,19:55:00,43.41,43.42,43.39,43.42,28304,0
2017-12-01,20:00:00,43.41,43.42,43.41,43.41,26286,0
2017-12-01,20:05:00,43.41,43.44,43.41,43.43,14228,0
2017-12-01,20:10:00,43.43,43.43,43.39,43.41,35503,0
2017-12-01,20:15:00,43.4169,43.43,43.41,43.42,22578,0
2017-12-01,20:20:00,43.415,43.42,43.4,43.41,10360,0
2017-12-01,20:25:00,43.41,43.43,43.41,43.42,15453,0
2017-12-01,20:30:00,43.41,43.4269,43.41,43.42,37389,0
2017-12-01,20:35:00,43.42,43.425,43.4,43.4,8846,0
2017-12-01,20:40:00,43.405,43.44,43.405,43.4299,16515,0
2017-12-01,20:45:00,43.43,43.43,43.41,43.425,27616,0
2017-12-01,20:50:00,43.4266,43.435,43.42,43.42,27863,0
2017-12-01,20:55:00,43.42,43.42,43.4084,43.42,15502,0
2017-12-01,21:00:00,43.42,43.42,43.4002,43.42,25372,0
2017-12-01,21:05:00,43.41,43.415,43.38,43.415,84572,0
2017-12-01,21:10:00,43.41,43.425,43.41,43.425,24018,0
2017-12-01,21:15:00,43.4246,43.43,43.41,43.41,31102,0
2017-12-01,21:20:00,43.41,43.43,43.41,43.42,40859,0
2017-12-01,21:25:00,43.42,43.43,43.41,43.43,48003,0
2017-12-01,21:30:00,43.43,43.445,43.43,43.445,62398,0
2017-12-01,21:35:00,43.445,43.45,43.43,43.445,56512,0
2017-12-01,21:40:00,43.45,43.455,43.44,43.455,56975,0
2017-12-01,21:45:00,43.455,43.485,43.455,43.475,143296,0
2017-12-01,21:50:00,43.475,43.4784,43.435,43.45,105534,0
2017-12-01,21:55:00,43.45,43.46,43.43,43.435,113485,0
2017-12-01,22:00:00,43.43,43.45,43.41,43.44,208094,0
2017-12-04,15:35:00,43.7,43.72,43.62,43.63,123552,0
2017-12-04,15:40:00,43.62,43.68,43.62,43.67,43945,0
2017-12-04,15:45:00,43.675,43.68,43.65,43.65,30115,0
2017-12-04,15:50:00,43.655,43.66,43.62,43.645,55599,0
2017-12-04,15:55:00,43.645,43.66,43.635,43.64,63635,0
2017-12-04,16:00:00,43.64,43.645,43.6,43.61,56891,0
2017-12-04,16:05:00,43.62,43.63,43.61,43.62,16818,0
2017-12-04,16:10:00,43.62,43.62,43.55,43.57,16372,0
2017-12-04,16:15:00,43.58,43.6,43.57,43.59,61835,0
2017-12-04,16:20:00,43.58,43.58,43.54,43.54,34557,0
2017-12-04,16:25:00,43.54,43.59,43.52,43.5804,105531,0
2017-12-04,16:30:00,43.59,43.59,43.56,43.57,48850,0
2017-12-04,16:35:00,43.57,43.57,43.5208,43.53,19596,0
2017-12-04,16:40:00,43.53,43.57,43.53,43.57,24397,0
2017-12-04,16:45:00,43.57,43.58,43.51,43.51,35552,0
2017-12-04,16:50:00,43.5,43.54,43.481,43.525,55501,0
2017-12-04,16:55:00,43.53,43.53,43.455,43.475,106091,0
2017-12-04,17:00:00,43.47,43.51,43.445,43.495,71964,0
2017-12-04,17:05:00,43.495,43.52,43.49,43.52,125712,0
2017-12-04,17:10:00,43.52,43.54,43.51,43.52,16693,0
2017-12-04,17:15:00,43.515,43.53,43.4933,43.5139,21984,0
2017-12-04,17:20:00,43.52,43.5699,43.52,43.5567,20279,0
2017-12-04,17:25:00,43.56,43.5981,43.56,43.5981,18632,0
2017-12-04,17:30:00,43.59,43.6,43.58,43.59,44011,0
2017-12-04,17:35:00,43.6,43.61,43.58,43.59,15499,0
2017-12-04,17:40:00,43.5933,43.655,43.5933,43.645,51557,0
2017-12-04,17:45:00,43.645,43.65,43.63,43.63,13638,0
2017-12-04,17:50:00,43.63,43.64,43.62,43.64,17711,0
2017-12-04,17:55:00,43.64,43.645,43.63,43.63,22214,0
2017-12-04,18:00:00,43.63,43.64,43.62,43.62,17374,0
2017-12-04,18:05:00,43.62,43.63,43.62,43.62,14085,0
2017-12-04,18:10:00,43.615,43.63,43.615,43.62,11558,0
2017-12-04,18:15:00,43.63,43.66,43.615,43.65,15508,0
2017-12-04,18:20:00,43.65,43.65,43.6214,43.64,36880,0
2017-12-04,18:25:00,43.635,43.64,43.61,43.62,13918,0
2017-12-04,18:30:00,43.62,43.625,43.61,43.616,18477,0
2017-12-04,18:35:00,43.62,43.6256,43.6,43.61,40001,0
2017-12-04,18:40:00,43.61,43.615,43.6,43.6,10579,0
2017-12-04,18:45:00,43.61,43.6171,43.61,43.6171,14540,0
2017-12-04,18:50:00,43.615,43.6427,43.615,43.635,17557,0
2017-12-04,18:55:00,43.63,43.649,43.63,43.64,26013,0
2017-12-04,19:00:00,43.64,43.66,43.635,43.645,82819,0
2017-12-04,19:05:00,43.64,43.6666,43.635,43.665,34814,0
2017-12-04,19:10:00,43.665,43.695,43.665,43.68,389265,0
2017-12-04,19:15:00,43.68,43.6952,43.68,43.695,20783,0
2017-12-04,19:20:00,43.695,43.695,43.675,43.68,21596,0
2017-12-04,19:25:00,43.68,43.695,43.67,43.695,11107,0
2017-12-04,19:30:00,43.6985,43.7,43.68,43.695,26547,0
2017-12-04,19:35:00,43.69,43.7,43.69,43.699,11452,0
2017-12-04,19:40:00,43.69,43.71,43.69,43.705,4066,0
2017-12-04,19:45:00,43.7,43.71,43.695,43.7,14115,0
2017-12-04,19:50:00,43.7057,43.709,43.69,43.695,4692,0
2017-12-04,19:55:00,43.69,43.7,43.68,43.6999,9060,0
2017-12-04,20:00:00,43.6989,43.6989,43.68,43.6801,9137,0
2017-12-04,20:05:00,43.68,43.69,43.665,43.6733,56341,0
2017-12-04,20:10:00,43.6701,43.6701,43.6439,43.65,26482,0
2017-12-04,20:15:00,43.6465,43.65,43.635,43.64,23733,0
2017-12-04,20:20:00,43.64,43.65,43.635,43.64,14912,0
2017-12-04,20:25:00,43.635,43.65,43.635,43.6484,33245,0
2017-12-04,20:30:00,43.6499,43.6499,43.625,43.6301,20303,0
2017-12-04,20:35:00,43.63,43.64,43.6,43.6,32715,0
2017-12-04,20:40:00,43.605,43.62,43.6,43.61,48895,0
2017-12-04,20:45:00,43.615,43.62,43.59,43.6113,44062,0
2017-12-04,20:50:00,43.61,43.62,43.61,43.62,9141,0
2017-12-04,20:55:00,43.61,43.63,43.6039,43.615,71581,0
2017-12-04,21:00:00,43.62,43.63,43.6,43.605,41116,0
2017-12-04,21:05:00,43.605,43.61,43.59,43.605,19766,0
2017-12-04,21:10:00,43.6,43.61,43.595,43.61,14322,0
2017-12-04,21:15:00,43.605,43.61,43.59,43.59,15986,0
2017-12-04,21:20:00,43.59,43.6,43.57,43.575,20239,0
2017-12-04,21:25:00,43.57,43.6,43.57,43.585,11311,0
2017-12-04,21:30:00,43.585,43.59,43.555,43.5699,27506,0
2017-12-04,21:35:00,43.56,43.58,43.545,43.555,17250,0
2017-12-04,21:40:00,43.56,43.56,43.52,43.52,90253,0
2017-12-04,21:45:00,43.52,43.54,43.52,43.5374,68534,0
2017-12-04,21:50:00,43.53,43.54,43.51,43.51,29892,0
2017-12-04,21:55:00,43.51,43.54,43.51,43.515,56933,0
2017-12-04,22:00:00,43.515,43.54,43.5,43.51,250639,0
2017-12-05,15:35:00,43.46,43.49,43.41,43.47,207897,0
2017-12-05,15:40:00,43.475,43.49,43.46,43.46,116884,0
2017-12-05,15:45:00,43.455,43.4566,43.41,43.43,176128,0
2017-12-05,15:50:00,43.44,43.44,43.4,43.435,174166,0
2017-12-05,15:55:00,43.435,43.44,43.42,43.425,69604,0
2017-12-05,16:00:00,43.425,43.46,43.42,43.425,306759,0
2017-12-05,16:05:00,43.43,43.445,43.41,43.43,943124,0
2017-12-05,16:10:00,43.43,43.44,43.39,43.4,492557,0
2017-12-05,16:15:00,43.4071,43.45,43.39,43.435,129787,0
2017-12-05,16:20:00,43.435,43.485,43.43,43.485,155249,0
2017-12-05,16:25:00,43.485,43.495,43.47,43.475,214607,0
2017-12-05,16:30:00,43.475,43.51,43.47,43.495,147393,0
2017-12-05,16:35:00,43.49,43.51,43.485,43.505,252989,0
2017-12-05,16:40:00,43.51,43.54,43.505,43.525,103007,0
2017-12-05,16:45:00,43.53,43.53,43.485,43.5,93711,0
2017-12-05,16:50:00,43.5,43.56,43.5,43.55,294947,0
2017-12-05,16:55:00,43.555,43.565,43.535,43.54,115766,0
2017-12-05,17:00:00,43.5355,43.58,43.5321,43.58,81802,0
2017-12-05,17:05:00,43.58,43.59,43.55,43.55,135839,0
2017-12-05,17:10:00,43.55,43.555,43.535,43.555,112160,0
2017-12-05,17:15:00,43.555,43.58,43.555,43.56,75555,0
2017-12-05,17:20:00,43.555,43.56,43.54,43.545,197562,0
2017-12-05,17:25:00,43.545,43.58,43.54,43.5601,201613,0
2017-12-05,17:30:00,43.56,43.57,43.52,43.53,123043,0
2017-12-05,17:35:00,43.53,43.53,43.47,43.47,121344,0
2017-12-05,17:40:00,43.47,43.48,43.44,43.45,48899,0
2017-12-05,17:45:00,43.445,43.45,43.42,43.43,42053,0
2017-12-05,17:50:00,43.435,43.45,43.435,43.445,62465,0
2017-12-05,17:55:00,43.45,43.459,43.42,43.42,40543,0
2017-12-05,18:00:00,43.42,43.43,43.4,43.4056,70835,0
2017-12-05,18:05:00,43.4,43.41,43.37,43.39,35842,0
2017-12-05,18:10:00,43.38,43.415,43.38,43.405,68049,0
2017-12-05,18:15:00,43.4,43.43,43.4,43.43,23307,0
2017-12-05,18:20:00,43.42,43.43,43.41,43.42,64796,0
2017-12-05,18:25:00,43.415,43.42,43.39,43.41,79367,0
2017-12-05,18:30:00,43.41,43.42,43.4,43.41,32732,0
2017-12-05,18:35:00,43.41,43.42,43.4,43.405,58453,0
2017-12-05,18:40:00,43.41,43.41,43.39,43.4,31265,0
2017-12-05,18:45:00,43.39,43.39,43.375,43.38,23846,0
2017-12-05,18:50:00,43.3726,43.39,43.37,43.375,30556,0
2017-12-05,18:55:00,43.38,43.38,43.35,43.36,31929,0
2017-12-05,19:00:00,43.37,43.3799,43.32,43.33,43869,0
2017-12-05,19:05:00,43.335,43.34,43.32,43.33,54091,0
2017-12-05,19:10:00,43.34,43.35,43.315,43.315,64698,0
2017-12-05,19:15:00,43.315,43.34,43.31,43.3304,117015,0
2017-12-05,19:20:00,43.33,43.36,43.32,43.36,32012,0
2017-12-05,19:25:00,43.355,43.36,43.34,43.35,26205,0
2017-12-05,19:30:00,43.34,43.345,43.33,43.345,16370,0
2017-12-05,19:35:00,43.34,43.35,43.33,43.34,22144,0
2017-12-05,19:40:00,43.335,43.35,43.33,43.335,27275,0
2017-12-05,19:45:00,43.3356,43.34,43.33,43.34,15013,0
2017-12-05,19:50:00,43.335,43.35,43.32,43.3434,22401,0
2017-12-05,19:55:00,43.35,43.36,43.335,43.34,37661,0
2017-12-05,20:00:00,43.331,43.34,43.325,43.33,38470,0
2017-12-05,20:05:00,43.33,43.35,43.33,43.34,39905,0
2017-12-05,20:10:00,43.35,43.355,43.34,43.3538,21729,0
2017-12-05,20:15:00,43.35,43.35,43.34,43.34,28737,0
2017-12-05,20:20:00,43.34,43.35,43.315,43.32,41073,0
2017-12-05,20:25:00,43.32,43.32,43.3,43.315,38897,0
2017-12-05,20:30:00,43.3185,43.32,43.3047,43.31,16855,0
2017-12-05,20:35:00,43.31,43.31,43.29,43.295,87299,0
2017-12-05,20:40:00,43.2999,43.31,43.28,43.29,28779,0
2017-12-05,20:45:00,43.295,43.3,43.28,43.3,23404,0
2017-12-05,20:50:00,43.3,43.31,43.29,43.295,24928,0
2017-12-05,20:55:00,43.3,43.31,43.29,43.3,85986,0
2017-12-05,21:00:00,43.305,43.38,43.29,43.37,12496182,0
2017-12-05,21:05:00,43.37,43.39,43.36,43.375,2259868,0
2017-12-05,21:10:00,43.37,43.4,43.37,43.37,87833,0
2017-12-05,21:15:00,43.375,43.4,43.37,43.3899,182482,0
2017-12-05,21:20:00,43.385,43.385,43.34,43.355,81787,0
2017-12-05,21:25:00,43.35,43.38,43.34,43.375,125913,0
2017-12-05,21:30:00,43.38,43.38,43.37,43.38,281925,0
2017-12-05,21:35:00,43.37,43.38,43.36,43.37,60822,0
2017-12-05,21:40:00,43.3634,43.37,43.36,43.37,28657,0
2017-12-05,21:45:00,43.365,43.3999,43.365,43.385,53514,0
2017-12-05,21:50:00,43.38,43.385,43.35,43.37,250500,0
2017-12-05,21:55:00,43.37,43.38,43.355,43.37,96340,0
2017-12-05,22:00:00,43.375,43.39,43.36,43.37,306700,0
2017-12-06,15:35:00,43.22,43.24,43.15,43.16,69775,0
2017-12-06,15:40:00,43.155,43.19,43.14,43.19,94220,0
2017-12-06,15:45:00,43.19,43.195,43.18,43.18,88637,0
2017-12-06,15:50:00,43.19,43.19,43.16,43.16,85215,0
2017-12-06,15:55:00,43.16,43.165,43.14,43.1463,57675,0
2017-12-06,16:00:00,43.145,43.235,43.145,43.23,66496,0
2017-12-06,16:05:00,43.23,43.28,43.23,43.275,76433,0
2017-12-06,16:10:00,43.27,43.3,43.265,43.295,83683,0
2017-12-06,16:15:00,43.3,43.3,43.2358,43.24,80045,0
2017-12-06,16:20:00,43.25,43.26,43.205,43.225,63117,0
2017-12-06,16:25:00,43.22,43.255,43.22,43.24,49510,0
2017-12-06,16:30:00,43.24,43.285,43.24,43.285,35786,0
2017-12-06,16:35:00,43.285,43.3,43.275,43.28,77794,0
2017-12-06,16:40:00,43.28,43.3,43.26,43.26,93303,0
2017-12-06,16:45:00,43.27,43.295,43.265,43.29,91066,0
2017-12-06,16:50:00,43.29,43.3147,43.28,43.31,69858,0
2017-12-06,16:55:00,43.31,43.325,43.291,43.325,73707,0
2017-12-06,17:00:00,43.32,43.33,43.3,43.33,148742,0
2017-12-06,17:05:00,43.32,43.33,43.29,43.33,79953,0
2017-12-06,17:10:00,43.33,43.33,43.31,43.31,48190,0
2017-12-06,17:15:00,43.315,43.32,43.2949,43.31,57918,0
2017-12-06,17:20:00,43.315,43.315,43.29,43.295,85266,0
2017-12-06,17:25:00,43.3,43.369,43.29,43.31,206277,0
2017-12-06,17:30:00,43.31,43.315,43.26,43.265,107582,0
2017-12-06,17:35:00,43.27,43.29,43.25,43.285,83553,0
2017-12-06,17:40:00,43.28,43.335,43.28,43.33,43052,0
2017-12-06,17:45:00,43.33,43.34,43.31,43.32,72480,0
2017-12-06,17:50:00,43.32,43.36,43.3178,43.34,1651648,0
2017-12-06,17:55:00,43.33,43.34,43.31,43.31,61111,0
2017-12-06,18:00:00,43.31,43.31,43.28,43.29,29250,0
2017-12-06,18:05:00,43.29,43.3,43.26,43.27,76079,0
2017-12-06,18:10:00,43.279,43.279,43.2673,43.275,19033,0
2017-12-06,18:15:00,43.27,43.29,43.27,43.285,25102,0
2017-12-06,18:20:00,43.285,43.285,43.26,43.26,52098,0
2017-12-06,18:25:00,43.25,43.265,43.24,43.26,847065,0
2017-12-06,18:30:00,43.26,43.29,43.26,43.29,873364,0
2017-12-06,18:35:00,43.29,43.33,43.28,43.33,558996,0
2017-12-06,18:40:00,43.325,43.34,43.31,43.335,332811,0
2017-12-06,18:45:00,43.335,43.335,43.305,43.32,141085,0
2017-12-06,18:50:00,43.32,43.34,43.32,43.335,21455,0
2017-12-06,18:55:00,43.3374,43.35,43.33,43.33,39693,0
2017-12-06,19:00:00,43.32,43.335,43.32,43.335,59100,0
2017-12-06,19:05:00,43.34,43.34,43.31,43.31,38490,0
2017-12-06,19:10:00,43.315,43.32,43.31,43.315,43669,0
2017-12-06,19:15:00,43.315,43.34,43.315,43.34,46702,0
2017-12-06,19:20:00,43.335,43.36,43.33,43.33,115272,0
2017-12-06,19:25:00,43.335,43.345,43.335,43.34,27264,0
2017-12-06,19:30:00,43.34,43.35,43.34,43.35,30953,0
2017-12-06,19:35:00,43.35,43.37,43.3431,43.37,48707,0
2017-12-06,19:40:00,43.365,43.375,43.36,43.3668,43788,0
2017-12-06,19:45:00,43.37,43.39,43.365,43.37,89178,0
2017-12-06,19:50:00,43.37,43.38,43.369,43.375,25045,0
2017-12-06,19:55:00,43.37,43.39,43.37,43.38,76332,0
2017-12-06,20:00:00,43.3761,43.3761,43.36,43.37,25937,0
2017-12-06,20:05:00,43.37,43.4,43.37,43.4,38807,0
2017-12-06,20:10:00,43.3999,43.4,43.3697,43.37,59807,0
2017-12-06,20:15:00,43.37,43.39,43.37,43.3899,108248,0
2017-12-06,20:20:00,43.39,43.4,43.38,43.39,44626,0
2017-12-06,20:25:00,43.395,43.4,43.38,43.3873,68216,0
2017-12-06,20:30:00,43.39,43.39,43.3752,43.38,73309,0
2017-12-06,20:35:00,43.375,43.3969,43.37,43.39,92075,0
2017-12-06,20:40:00,43.39,43.41,43.38,43.3981,48977,0
2017-12-06,20:45:00,43.395,43.41,43.395,43.405,46687,0
2017-12-06,20:50:00,43.405,43.4099,43.39,43.3985,46020,0
2017-12-06,20:55:00,43.395,43.4,43.37,43.37,53999,0
2017-12-06,21:00:00,43.37,43.39,43.37,43.385,30673,0
2017-12-06,21:05:00,43.385,43.39,43.38,43.385,47579,0
2017-12-06,21:10:00,43.385,43.39,43.38,43.385,36176,0
2017-12-06,21:15:00,43.385,43.4,43.38,43.39,57331,0
2017-12-06,21:20:00,43.395,43.4,43.385,43.3864,69116,0
2017-12-06,21:25:00,43.39,43.395,43.38,43.38,43657,0
2017-12-06,21:30:00,43.385,43.39,43.3749,43.375,25185,0
2017-12-06,21:35:00,43.375,43.375,43.35,43.35,18226,0
2017-12-06,21:40:00,43.345,43.36,43.34,43.35,17901,0
2017-12-06,21:45:00,43.35,43.36,43.335,43.345,158021,0
2017-12-06,21:50:00,43.35,43.37,43.34,43.345,157097,0
2017-12-06,21:55:00,43.34,43.34,43.325,43.34,64965,0
2017-12-06,22:00:00,43.335,43.34,43.3,43.31,520724,0
