Date,Time,Open,High,Low,Close,Volume,OpenInt
2017-11-13,15:35:00,35.44,35.44,35.44,35.44,691,0
2017-11-13,15:45:00,35.43,35.43,35.39,35.39,382,0
2017-11-13,15:55:00,35.3956,35.4154,35.3956,35.4154,246,0
2017-11-13,16:00:00,35.46,35.46,35.4545,35.4545,1143,0
2017-11-13,16:05:00,35.48,35.51,35.48,35.5,2205,0
2017-11-13,16:10:00,35.52,35.52,35.5,35.51,900,0
2017-11-13,16:15:00,35.54,35.56,35.53,35.53,2000,0
2017-11-13,16:25:00,35.53,35.53,35.53,35.53,100,0
2017-11-13,16:30:00,35.5082,35.52,35.5082,35.52,705,0
2017-11-13,16:45:00,35.4574,35.4574,35.4574,35.4574,1870,0
2017-11-13,16:50:00,35.47,35.47,35.47,35.47,200,0
2017-11-13,17:10:00,35.48,35.48,35.48,35.48,563,0
2017-11-13,17:20:00,35.5091,35.51,35.48,35.4997,4942,0
2017-11-13,17:25:00,35.51,35.54,35.4997,35.54,4677,0
2017-11-13,17:30:00,35.5432,35.5432,35.5432,35.5432,591,0
2017-11-13,17:35:00,35.529,35.5599,35.51,35.545,17417,0
2017-11-13,17:40:00,35.54,35.54,35.48,35.48,4400,0
2017-11-13,17:45:00,35.48,35.48,35.48,35.48,200,0
2017-11-13,17:50:00,35.48,35.48,35.46,35.468,4009,0
2017-11-13,17:55:00,35.485,35.485,35.485,35.485,637,0
2017-11-13,18:00:00,35.485,35.485,35.485,35.485,595,0
2017-11-13,18:05:00,35.495,35.509,35.4947,35.4962,4129,0
2017-11-13,18:15:00,35.51,35.51,35.509,35.509,1150,0
2017-11-13,18:20:00,35.5097,35.5097,35.5097,35.5097,235,0
2017-11-13,18:30:00,35.4902,35.5034,35.4902,35.5034,474,0
2017-11-13,18:40:00,35.49,35.49,35.49,35.49,200,0
2017-11-13,18:45:00,35.4951,35.4951,35.4951,35.4951,162,0
2017-11-13,18:50:00,35.49,35.49,35.49,35.49,147,0
2017-11-13,19:05:00,35.51,35.51,35.505,35.51,624,0
2017-11-13,19:15:00,35.5,35.509,35.5,35.509,940,0
2017-11-13,19:20:00,35.509,35.51,35.5001,35.51,1074,0
2017-11-13,19:40:00,35.52,35.53,35.52,35.53,3800,0
2017-11-13,19:45:00,35.53,35.53,35.52,35.52,2600,0
2017-11-13,19:50:00,35.5347,35.5353,35.51,35.51,1700,0
2017-11-13,19:55:00,35.51,35.51,35.47,35.47,1612,0
2017-11-13,20:00:00,35.5,35.51,35.5,35.51,600,0
2017-11-13,20:05:00,35.51,35.51,35.51,35.51,975,0
2017-11-13,20:10:00,35.51,35.52,35.471,35.471,2041,0
2017-11-13,20:25:00,35.5136,35.5136,35.4968,35.4968,1083,0
2017-11-13,20:30:00,35.4995,35.4995,35.4995,35.4995,405,0
2017-11-13,20:35:00,35.505,35.505,35.505,35.505,162,0
2017-11-13,20:45:00,35.53,35.5367,35.53,35.5367,12500,0
2017-11-13,20:50:00,35.5101,35.525,35.5101,35.525,1049,0
2017-11-13,20:55:00,35.5101,35.5101,35.5101,35.5101,365,0
2017-11-13,21:00:00,35.5168,35.5297,35.5168,35.5297,2405,0
2017-11-13,21:05:00,35.5231,35.5231,35.5231,35.5231,600,0
2017-11-13,21:10:00,35.53,35.53,35.53,35.53,100,0
2017-11-13,21:15:00,35.53,35.53,35.53,35.53,100,0
2017-11-13,21:20:00,35.5249,35.5249,35.5249,35.5249,125,0
2017-11-13,21:25:00,35.54,35.54,35.53,35.53,200,0
2017-11-13,21:30:00,35.549,35.55,35.5297,35.5299,512,0
2017-11-13,21:35:00,35.53,35.53,35.53,35.53,400,0
2017-11-13,21:40:00,35.5208,35.535,35.5208,35.53,1108,0
2017-11-13,21:45:00,35.53,35.53,35.529,35.529,900,0
2017-11-13,21:55:00,35.529,35.529,35.529,35.529,200,0
2017-11-13,22:00:00,35.52,35.529,35.51,35.52,5999,0
2017-11-14,15:35:00,35.56,35.56,35.56,35.56,6710,0
2017-11-14,15:40:00,35.54,35.54,35.52,35.54,800,0
2017-11-14,15:45:00,35.53,35.54,35.53,35.53,8640,0
2017-11-14,15:50:00,35.49,35.54,35.49,35.51,5736,0
2017-11-14,15:55:00,35.52,35.54,35.5048,35.5168,4943,0
2017-11-14,16:00:00,35.53,35.54,35.51,35.51,4763,0
2017-11-14,16:05:00,35.46,35.5,35.46,35.5,200,0
2017-11-14,16:10:00,35.45,35.47,35.45,35.47,1520,0
2017-11-14,16:15:00,35.4432,35.4432,35.4432,35.4432,300,0
2017-11-14,16:20:00,35.47,35.479,35.454,35.454,1878,0
2017-11-14,16:25:00,35.46,35.46,35.46,35.46,100,0
2017-11-14,16:30:00,35.47,35.48,35.46,35.48,600,0
2017-11-14,16:35:00,35.461,35.461,35.46,35.46,850,0
2017-11-14,16:45:00,35.46,35.46,35.4539,35.46,1657,0
2017-11-14,16:50:00,35.4225,35.49,35.4225,35.49,2642,0
2017-11-14,16:55:00,35.49,35.5,35.48,35.48,4450,0
2017-11-14,17:00:00,35.48,35.5,35.48,35.48,3400,0
2017-11-14,17:05:00,35.48,35.5,35.47,35.47,5910,0
2017-11-14,17:10:00,35.5,35.5,35.485,35.49,1421,0
2017-11-14,17:15:00,35.49,35.5,35.49,35.5,2930,0
2017-11-14,17:20:00,35.5174,35.5174,35.49,35.49,1957,0
2017-11-14,17:25:00,35.48,35.48,35.48,35.48,200,0
2017-11-14,17:35:00,35.4506,35.4797,35.4506,35.4797,336,0
2017-11-14,18:05:00,35.55,35.55,35.55,35.55,400,0
2017-11-14,18:10:00,35.46,35.46,35.46,35.46,100,0
2017-11-14,18:15:00,35.49,35.49,35.49,35.49,100,0
2017-11-14,18:25:00,35.49,35.5,35.49,35.5,300,0
2017-11-14,18:40:00,35.502,35.51,35.502,35.51,200,0
2017-11-14,18:50:00,35.5149,35.5149,35.493,35.493,1484,0
2017-11-14,19:00:00,35.47,35.47,35.47,35.47,100,0
2017-11-14,19:05:00,35.465,35.48,35.465,35.48,1200,0
2017-11-14,19:10:00,35.4771,35.4771,35.4771,35.4771,236,0
2017-11-14,19:20:00,35.47,35.4809,35.47,35.4809,303,0
2017-11-14,19:25:00,35.47,35.47,35.47,35.47,100,0
2017-11-14,19:30:00,35.51,35.51,35.51,35.51,300,0
2017-11-14,19:40:00,35.4964,35.4964,35.47,35.47,1439,0
2017-11-14,19:45:00,35.47,35.51,35.47,35.47,1927,0
2017-11-14,19:50:00,35.51,35.51,35.51,35.51,300,0
2017-11-14,19:55:00,35.47,35.47,35.47,35.47,100,0
2017-11-14,20:00:00,35.5,35.5,35.5,35.5,100,0
2017-11-14,20:10:00,35.5,35.51,35.5,35.505,300,0
2017-11-14,20:20:00,35.519,35.519,35.5,35.505,967,0
2017-11-14,20:30:00,35.5,35.5,35.5,35.5,100,0
2017-11-14,20:35:00,35.5,35.508,35.5,35.508,3370,0
2017-11-14,20:40:00,35.509,35.51,35.5,35.51,1510,0
2017-11-14,20:45:00,35.5,35.5457,35.5,35.51,5630,0
2017-11-14,20:50:00,35.52,35.54,35.52,35.52,932,0
2017-11-14,20:55:00,35.52,35.5285,35.52,35.52,1440,0
2017-11-14,21:00:00,35.53,35.53,35.51,35.51,1020,0
2017-11-14,21:05:00,35.51,35.51,35.46,35.5,5234,0
2017-11-14,21:10:00,35.51,35.51,35.465,35.49,2904,0
2017-11-14,21:15:00,35.465,35.5,35.45,35.46,2789,0
2017-11-14,21:20:00,35.5,35.5,35.5,35.5,500,0
2017-11-14,21:25:00,35.5,35.51,35.5,35.51,1500,0
2017-11-14,21:35:00,35.4981,35.4981,35.4981,35.4981,175,0
2017-11-14,21:40:00,35.46,35.509,35.46,35.509,850,0
2017-11-14,21:45:00,35.483,35.483,35.48,35.48,239,0
2017-11-14,21:50:00,35.47,35.529,35.47,35.529,479,0
2017-11-14,21:55:00,35.45,35.45,35.45,35.45,100,0
2017-11-14,22:00:00,35.44,35.525,35.44,35.51,1532,0
2017-11-15,15:35:00,35.25,35.26,35.1657,35.26,4835,0
2017-11-15,15:40:00,35.2,35.2,35.2,35.2,240,0
2017-11-15,15:45:00,35.11,35.11,35.11,35.11,200,0
2017-11-15,15:50:00,35.17,35.17,35.1132,35.17,644,0
2017-11-15,16:05:00,35.16,35.16,35.16,35.16,1000,0
2017-11-15,16:10:00,35.2,35.2,35.2,35.2,100,0
2017-11-15,16:15:00,35.1732,35.1732,35.1732,35.1732,165,0
2017-11-15,16:20:00,35.1863,35.1863,35.1666,35.1666,496,0
2017-11-15,16:25:00,35.2,35.2,35.2,35.2,200,0
2017-11-15,16:30:00,35.22,35.22,35.22,35.22,144,0
2017-11-15,16:40:00,35.24,35.24,35.24,35.24,100,0
2017-11-15,16:45:00,35.25,35.25,35.23,35.23,625,0
2017-11-15,16:50:00,35.2371,35.2371,35.22,35.22,497,0
2017-11-15,16:55:00,35.2397,35.25,35.2397,35.25,375,0
2017-11-15,17:00:00,35.27,35.27,35.27,35.27,200,0
2017-11-15,17:05:00,35.2447,35.27,35.2447,35.27,550,0
2017-11-15,17:15:00,35.23,35.26,35.23,35.26,668,0
2017-11-15,17:20:00,35.2999,35.2999,35.2999,35.2999,200,0
2017-11-15,17:25:00,35.29,35.29,35.29,35.29,240,0
2017-11-15,17:30:00,35.3,35.33,35.3,35.33,1750,0
2017-11-15,17:35:00,35.3,35.3,35.26,35.3,500,0
2017-11-15,17:40:00,35.2844,35.2844,35.2844,35.2844,554,0
2017-11-15,17:45:00,35.2899,35.293,35.2824,35.29,1016,0
2017-11-15,17:50:00,35.29,35.29,35.29,35.29,136,0
2017-11-15,17:55:00,35.3,35.3,35.2832,35.2832,1063,0
2017-11-15,18:00:00,35.27,35.27,35.27,35.27,100,0
2017-11-15,18:05:00,35.27,35.27,35.27,35.27,100,0
2017-11-15,18:20:00,35.28,35.28,35.27,35.27,300,0
2017-11-15,18:25:00,35.27,35.27,35.25,35.25,2064,0
2017-11-15,18:40:00,35.29,35.3,35.29,35.3,400,0
2017-11-15,18:45:00,35.3,35.33,35.29,35.29,1300,0
2017-11-15,18:50:00,35.29,35.29,35.29,35.29,100,0
2017-11-15,18:55:00,35.29,35.29,35.26,35.28,2060,0
2017-11-15,19:00:00,35.3,35.3,35.3,35.3,412,0
2017-11-15,19:10:00,35.2792,35.2792,35.2792,35.2792,135,0
2017-11-15,19:15:00,35.2747,35.3099,35.2747,35.3099,550,0
2017-11-15,19:40:00,35.29,35.29,35.2655,35.2678,1040,0
2017-11-15,19:45:00,35.2999,35.2999,35.254,35.2999,2091,0
2017-11-15,19:50:00,35.3,35.3,35.2744,35.2843,653,0
2017-11-15,20:00:00,35.2876,35.3,35.2598,35.3,1929,0
2017-11-15,20:10:00,35.29,35.29,35.22,35.28,1642,0
2017-11-15,20:15:00,35.2201,35.2201,35.2201,35.2201,139,0
2017-11-15,20:30:00,35.258,35.289,35.2547,35.289,7146,0
2017-11-15,20:35:00,35.285,35.285,35.285,35.285,200,0
2017-11-15,20:45:00,35.29,35.29,35.2839,35.2839,418,0
2017-11-15,20:50:00,35.289,35.289,35.289,35.289,112,0
2017-11-15,20:55:00,35.31,35.31,35.31,35.31,200,0
2017-11-15,21:05:00,35.31,35.31,35.3,35.3,592,0
2017-11-15,21:20:00,35.31,35.31,35.31,35.31,200,0
2017-11-15,21:30:00,35.2646,35.3,35.2646,35.2975,2791,0
2017-11-15,21:35:00,35.29,35.29,35.29,35.29,1430,0
2017-11-15,21:40:00,35.309,35.309,35.309,35.309,880,0
2017-11-15,21:45:00,35.2785,35.31,35.2738,35.31,950,0
2017-11-15,21:50:00,35.27,35.3,35.2657,35.3,930,0
2017-11-15,21:55:00,35.305,35.305,35.305,35.305,300,0
2017-11-15,22:00:00,35.27,35.27,35.27,35.27,200,0
2017-11-16,15:35:00,35.45,35.45,35.45,35.45,2817,0
2017-11-16,15:45:00,35.59,35.59,35.59,35.59,100,0
2017-11-16,15:50:00,35.528,35.528,35.528,35.528,100,0
2017-11-16,15:55:00,35.5137,35.575,35.5,35.575,304,0
2017-11-16,16:00:00,35.5799,35.5799,35.5,35.5,1351,0
2017-11-16,16:10:00,35.57,35.57,35.57,35.57,200,0
2017-11-16,16:20:00,35.57,35.57,35.57,35.57,100,0
2017-11-16,16:25:00,35.55,35.55,35.48,35.48,2582,0
2017-11-16,16:30:00,35.54,35.565,35.5397,35.5397,840,0
2017-11-16,16:40:00,35.53,35.55,35.53,35.54,3419,0
2017-11-16,16:55:00,35.58,35.5838,35.58,35.5838,1025,0
2017-11-16,17:00:00,35.5612,35.5612,35.5612,35.5612,162,0
2017-11-16,17:05:00,35.52,35.52,35.52,35.52,100,0
2017-11-16,17:10:00,35.6,35.6,35.51,35.51,255,0
2017-11-16,17:15:00,35.57,35.57,35.5627,35.565,537,0
2017-11-16,17:20:00,35.56,35.59,35.56,35.5603,826,0
2017-11-16,17:25:00,35.53,35.53,35.53,35.53,200,0
2017-11-16,17:30:00,35.555,35.555,35.555,35.555,170,0
2017-11-16,17:40:00,35.55,35.56,35.55,35.56,200,0
2017-11-16,17:45:00,35.56,35.57,35.56,35.57,200,0
2017-11-16,17:50:00,35.565,35.605,35.565,35.6025,752,0
2017-11-16,17:55:00,35.579,35.579,35.579,35.579,125,0
2017-11-16,18:00:00,35.571,35.58,35.571,35.58,600,0
2017-11-16,18:10:00,35.58,35.61,35.571,35.61,300,0
2017-11-16,18:15:00,35.628,35.628,35.56,35.574,1000,0
2017-11-16,18:25:00,35.56,35.58,35.56,35.58,535,0
2017-11-16,18:30:00,35.58,35.63,35.5759,35.6088,1045,0
2017-11-16,18:35:00,35.619,35.619,35.619,35.619,118,0
2017-11-16,18:40:00,35.62,35.62,35.62,35.62,100,0
2017-11-16,18:45:00,35.6002,35.61,35.5976,35.6051,1287,0
2017-11-16,18:50:00,35.63,35.63,35.62,35.625,1900,0
2017-11-16,19:05:00,35.62,35.622,35.59,35.59,678,0
2017-11-16,19:10:00,35.6436,35.6436,35.6436,35.6436,675,0
2017-11-16,19:15:00,35.6387,35.6387,35.6387,35.6387,283,0
2017-11-16,19:20:00,35.65,35.65,35.64,35.65,400,0
2017-11-16,19:30:00,35.689,35.689,35.63,35.6488,860,0
2017-11-16,19:35:00,35.61,35.61,35.61,35.61,200,0
2017-11-16,19:50:00,35.64,35.64,35.6399,35.6399,200,0
2017-11-16,19:55:00,35.66,35.7197,35.6209,35.6209,1451,0
2017-11-16,20:00:00,35.7099,35.7099,35.66,35.67,415,0
2017-11-16,20:05:00,35.68,35.68,35.64,35.64,200,0
2017-11-16,20:10:00,35.631,35.6471,35.631,35.6471,3990,0
2017-11-16,20:15:00,35.6599,35.6599,35.6599,35.6599,100,0
2017-11-16,20:25:00,35.62,35.7,35.62,35.7,1030,0
2017-11-16,20:30:00,35.68,35.68,35.6199,35.6199,238,0
2017-11-16,20:35:00,35.65,35.65,35.65,35.65,100,0
2017-11-16,20:40:00,35.65,35.65,35.65,35.65,100,0
2017-11-16,20:45:00,35.66,35.67,35.6445,35.66,500,0
2017-11-16,20:50:00,35.67,35.67,35.67,35.67,100,0
2017-11-16,20:55:00,35.67,35.67,35.67,35.67,100,0
2017-11-16,21:00:00,35.65,35.65,35.65,35.65,200,0
2017-11-16,21:05:00,35.6447,35.6447,35.63,35.6447,673,0
2017-11-16,21:10:00,35.63,35.63,35.6147,35.6147,254,0
2017-11-16,21:15:00,35.6184,35.6184,35.6184,35.6184,158,0
2017-11-16,21:20:00,35.5901,35.65,35.5901,35.65,2460,0
2017-11-16,21:25:00,35.649,35.65,35.59,35.65,2354,0
2017-11-16,21:30:00,35.6475,35.65,35.6,35.65,2465,0
2017-11-16,21:35:00,35.61,35.6301,35.61,35.62,310,0
2017-11-16,21:40:00,35.63,35.64,35.63,35.64,200,0
2017-11-16,21:45:00,35.64,35.67,35.6266,35.67,2000,0
2017-11-16,21:50:00,35.71,35.71,35.63,35.63,1404,0
2017-11-16,21:55:00,35.7,35.7,35.63,35.64,2168,0
2017-11-16,22:00:00,35.61,35.7,35.61,35.69,1383,0
2017-11-17,15:35:00,35.55,35.55,35.55,35.55,1469,0
2017-11-17,15:50:00,35.45,35.47,35.45,35.47,700,0
2017-11-17,15:55:00,35.47,35.515,35.46,35.49,4740,0
2017-11-17,16:00:00,35.51,35.5199,35.49,35.5,6496,0
2017-11-17,16:05:00,35.51,35.51,35.51,35.51,100,0
2017-11-17,16:20:00,35.51,35.51,35.4832,35.4832,238,0
2017-11-17,16:25:00,35.5123,35.5123,35.5123,35.5123,302,0
2017-11-17,16:35:00,35.51,35.51,35.51,35.51,445,0
2017-11-17,16:40:00,35.4751,35.4751,35.4751,35.4751,565,0
2017-11-17,16:45:00,35.47,35.47,35.47,35.47,535,0
2017-11-17,16:55:00,35.52,35.52,35.5019,35.5074,1188,0
2017-11-17,17:00:00,35.51,35.52,35.51,35.52,1680,0
2017-11-17,17:05:00,35.51,35.52,35.51,35.51,445,0
2017-11-17,17:10:00,35.52,35.52,35.52,35.52,100,0
2017-11-17,17:15:00,35.5,35.51,35.5,35.505,740,0
2017-11-17,17:20:00,35.51,35.53,35.51,35.53,1300,0
2017-11-17,17:35:00,35.5266,35.53,35.5266,35.53,1460,0
2017-11-17,17:40:00,35.53,35.53,35.5,35.5,300,0
2017-11-17,17:50:00,35.5,35.5,35.5,35.5,200,0
2017-11-17,17:55:00,35.5,35.5,35.5,35.5,100,0
2017-11-17,18:00:00,35.4941,35.4941,35.48,35.48,351,0
2017-11-17,18:05:00,35.53,35.53,35.53,35.53,100,0
2017-11-17,18:10:00,35.5464,35.5464,35.478,35.478,679,0
2017-11-17,18:20:00,35.54,35.54,35.49,35.54,2700,0
2017-11-17,18:30:00,35.54,35.55,35.54,35.5474,674,0
2017-11-17,18:35:00,35.545,35.55,35.54,35.54,1400,0
2017-11-17,18:40:00,35.535,35.535,35.53,35.53,733,0
2017-11-17,18:45:00,35.539,35.539,35.539,35.539,232,0
2017-11-17,19:10:00,35.54,35.54,35.54,35.54,705,0
2017-11-17,19:15:00,35.56,35.56,35.5551,35.5551,606,0
2017-11-17,19:25:00,35.56,35.56,35.56,35.56,130,0
2017-11-17,19:40:00,35.559,35.559,35.559,35.559,202,0
2017-11-17,19:45:00,35.561,35.569,35.56,35.5647,1309,0
2017-11-17,19:50:00,35.56,35.569,35.5566,35.558,2116,0
2017-11-17,19:55:00,35.56,35.56,35.56,35.56,100,0
2017-11-17,20:10:00,35.55,35.55,35.55,35.55,100,0
2017-11-17,20:20:00,35.5166,35.53,35.51,35.51,3060,0
2017-11-17,20:25:00,35.53,35.54,35.53,35.54,200,0
2017-11-17,20:30:00,35.5174,35.5174,35.5174,35.5174,265,0
2017-11-17,20:35:00,35.5299,35.5299,35.5299,35.5299,292,0
2017-11-17,20:45:00,35.52,35.5274,35.51,35.5274,2470,0
2017-11-17,20:50:00,35.5233,35.53,35.5233,35.53,1056,0
2017-11-17,20:55:00,35.53,35.53,35.53,35.53,100,0
2017-11-17,21:00:00,35.53,35.54,35.52,35.5249,979,0
2017-11-17,21:05:00,35.5201,35.5201,35.5201,35.5201,106,0
2017-11-17,21:15:00,35.55,35.55,35.5468,35.5468,300,0
2017-11-17,21:20:00,35.535,35.54,35.5332,35.5332,366,0
2017-11-17,21:25:00,35.55,35.55,35.5401,35.549,304,0
2017-11-17,21:30:00,35.5401,35.55,35.5397,35.549,1052,0
2017-11-17,21:35:00,35.55,35.55,35.5401,35.5468,630,0
2017-11-17,21:45:00,35.5441,35.549,35.5441,35.549,895,0
2017-11-17,21:50:00,35.545,35.545,35.5246,35.54,1387,0
2017-11-17,21:55:00,35.54,35.56,35.5244,35.545,12550,0
2017-11-17,22:00:00,35.54,35.55,35.54,35.545,3100,0
2017-11-20,15:35:00,35.82,35.82,35.82,35.82,2148,0
2017-11-20,15:45:00,35.788,35.788,35.788,35.788,473,0
2017-11-20,15:50:00,35.8799,35.8799,35.8799,35.8799,254,0
2017-11-20,15:55:00,35.8432,35.8432,35.78,35.78,7829,0
2017-11-20,16:00:00,35.78,35.78,35.78,35.78,700,0
2017-11-20,16:10:00,35.8158,35.8158,35.8158,35.8158,140,0
2017-11-20,16:15:00,35.78,35.78,35.78,35.78,100,0
2017-11-20,16:20:00,35.785,35.8059,35.78,35.78,3076,0
2017-11-20,16:25:00,35.815,35.815,35.79,35.79,200,0
2017-11-20,16:30:00,35.8167,35.8197,35.8167,35.8197,613,0
2017-11-20,16:35:00,35.843,35.843,35.79,35.79,1310,0
2017-11-20,16:40:00,35.8201,35.8201,35.79,35.82,1698,0
2017-11-20,16:45:00,35.815,35.815,35.8,35.8,303,0
2017-11-20,16:50:00,35.7847,35.8,35.7847,35.7851,338,0
2017-11-20,16:55:00,35.78,35.79,35.78,35.79,603,0
2017-11-20,17:00:00,35.7924,35.7924,35.7924,35.7924,122,0
2017-11-20,17:05:00,35.7853,35.7853,35.7853,35.7853,260,0
2017-11-20,17:10:00,35.79,35.79,35.79,35.79,371,0
2017-11-20,17:15:00,35.81,35.829,35.81,35.829,559,0
2017-11-20,17:20:00,35.8,35.8147,35.8,35.8147,437,0
2017-11-20,17:25:00,35.8,35.8,35.78,35.78,6440,0
2017-11-20,17:30:00,35.78,35.83,35.78,35.83,5700,0
2017-11-20,17:35:00,35.8,35.8,35.8,35.8,100,0
2017-11-20,17:40:00,35.7841,35.8,35.7841,35.8,426,0
2017-11-20,17:45:00,35.7946,35.7946,35.7826,35.7942,1068,0
2017-11-20,17:50:00,35.81,35.81,35.81,35.81,238,0
2017-11-20,17:55:00,35.77,35.799,35.77,35.799,2308,0
2017-11-20,18:00:00,35.77,35.785,35.77,35.785,300,0
2017-11-20,18:05:00,35.78,35.78,35.78,35.78,100,0
2017-11-20,18:20:00,35.7791,35.7791,35.7791,35.7791,550,0
2017-11-20,18:30:00,35.78,35.78,35.78,35.78,793,0
2017-11-20,18:35:00,35.7685,35.7685,35.7685,35.7685,530,0
2017-11-20,18:45:00,35.7773,35.7773,35.7773,35.7773,161,0
2017-11-20,19:05:00,35.7991,35.7991,35.7991,35.7991,1443,0
2017-11-20,19:10:00,35.7875,35.7875,35.7875,35.7875,100,0
2017-11-20,19:15:00,35.7796,35.7796,35.7796,35.7796,124,0
2017-11-20,19:40:00,35.77,35.79,35.76,35.7753,1471,0
2017-11-20,20:05:00,35.7832,35.7832,35.7832,35.7832,1913,0
2017-11-20,20:10:00,35.7772,35.79,35.7772,35.7832,1204,0
2017-11-20,20:15:00,35.78,35.78,35.78,35.78,200,0
2017-11-20,20:30:00,35.7801,35.7801,35.7801,35.7801,231,0
2017-11-20,20:35:00,35.78,35.78,35.78,35.78,200,0
2017-11-20,20:40:00,35.7999,35.7999,35.78,35.78,1200,0
2017-11-20,20:45:00,35.7993,35.7993,35.7993,35.7993,337,0
2017-11-20,20:50:00,35.7999,35.7999,35.78,35.78,1288,0
2017-11-20,20:55:00,35.7897,35.7925,35.7801,35.7801,815,0
2017-11-20,21:00:00,35.79,35.8,35.78,35.78,901,0
2017-11-20,21:05:00,35.8319,35.8324,35.8319,35.8324,200,0
2017-11-20,21:10:00,35.795,35.81,35.7926,35.7926,856,0
2017-11-20,21:15:00,35.794,35.794,35.7897,35.7897,1473,0
2017-11-20,21:30:00,35.7944,35.8,35.781,35.781,1375,0
2017-11-20,21:40:00,35.7917,35.8,35.79,35.8,928,0
2017-11-20,21:45:00,35.8,35.8,35.78,35.8,1406,0
2017-11-20,21:50:00,35.8,35.8,35.8,35.8,100,0
2017-11-20,22:00:00,35.79,35.79,35.78,35.78,500,0
2017-11-21,15:35:00,36.07,36.07,35.93,35.93,1761,0
2017-11-21,16:10:00,36.1244,36.1244,36.1244,36.1244,305,0
2017-11-21,16:15:00,36.13,36.13,36.13,36.13,500,0
2017-11-21,16:25:00,36.11,36.11,36.1,36.1,1177,0
2017-11-21,16:30:00,36.11,36.13,36.1,36.12,4667,0
2017-11-21,16:35:00,36.12,36.12,36.12,36.12,200,0
2017-11-21,16:40:00,36.1163,36.1163,36.1163,36.1163,231,0
2017-11-21,16:50:00,36.12,36.12,36.1101,36.1101,305,0
2017-11-21,16:55:00,36.1101,36.13,36.11,36.11,2378,0
2017-11-21,17:00:00,36.12,36.12,36.11,36.11,2000,0
2017-11-21,17:10:00,36.12,36.12,36.1,36.1,469,0
2017-11-21,17:20:00,36.1101,36.1101,36.102,36.102,600,0
2017-11-21,17:25:00,36.11,36.11,36.11,36.11,535,0
2017-11-21,17:30:00,36.11,36.12,36.1097,36.119,1096,0
2017-11-21,17:50:00,36.12,36.12,36.0953,36.1141,1691,0
2017-11-21,17:55:00,36.1048,36.1048,36.0899,36.0899,1096,0
2017-11-21,18:00:00,36.0747,36.1054,36.0688,36.1054,1030,0
2017-11-21,18:05:00,36.1128,36.13,36.1128,36.13,1192,0
2017-11-21,18:20:00,36.1149,36.12,36.1,36.1,428,0
2017-11-21,18:30:00,36.11,36.11,36.11,36.11,100,0
2017-11-21,18:35:00,36.09,36.09,36.09,36.09,324,0
2017-11-21,18:40:00,36.0903,36.1105,36.0903,36.1105,626,0
2017-11-21,18:45:00,36.1051,36.1051,36.1051,36.1051,200,0
2017-11-21,18:50:00,36.1026,36.1026,36.1026,36.1026,215,0
2017-11-21,18:55:00,36.1034,36.1034,36.1034,36.1034,615,0
2017-11-21,19:00:00,36.09,36.09,36.09,36.09,166,0
2017-11-21,19:10:00,36.105,36.105,36.105,36.105,700,0
2017-11-21,19:20:00,36.0999,36.0999,36.0999,36.0999,110,0
2017-11-21,19:25:00,36.0919,36.1,36.0919,36.1,708,0
2017-11-21,19:30:00,36.11,36.11,36.11,36.11,300,0
2017-11-21,19:35:00,36.11,36.11,36.11,36.11,409,0
2017-11-21,19:40:00,36.11,36.11,36.1045,36.11,410,0
2017-11-21,19:50:00,36.11,36.115,36.1,36.1002,686,0
2017-11-21,19:55:00,36.11,36.12,36.1084,36.1099,2164,0
2017-11-21,20:00:00,36.11,36.11,36.11,36.11,118,0
2017-11-21,20:05:00,36.1095,36.1095,36.1095,36.1095,337,0
2017-11-21,20:10:00,36.1088,36.1088,36.1088,36.1088,305,0
2017-11-21,20:15:00,36.1096,36.1096,36.1096,36.1096,807,0
2017-11-21,20:20:00,36.105,36.1076,36.105,36.105,874,0
2017-11-21,20:25:00,36.109,36.109,36.109,36.109,155,0
2017-11-21,20:35:00,36.11,36.11,36.11,36.11,1155,0
2017-11-21,20:40:00,36.11,36.11,36.11,36.11,350,0
2017-11-21,20:45:00,36.11,36.11,36.11,36.11,200,0
2017-11-21,20:50:00,36.1095,36.119,36.1095,36.11,20514,0
2017-11-21,20:55:00,36.11,36.11,36.11,36.11,300,0
2017-11-21,21:00:00,36.11,36.11,36.11,36.11,1085,0
2017-11-21,21:05:00,36.1097,36.1437,36.1097,36.1437,3203,0
2017-11-21,21:10:00,36.13,36.13,36.12,36.12,1600,0
2017-11-21,21:15:00,36.12,36.13,36.12,36.13,908,0
2017-11-21,21:20:00,36.125,36.125,36.12,36.12,450,0
2017-11-21,21:25:00,36.125,36.125,36.08,36.1125,714,0
2017-11-21,21:30:00,36.1,36.1294,36.05,36.05,2486,0
2017-11-21,21:35:00,36.09,36.1299,36.07,36.08,614,0
2017-11-21,21:40:00,36.11,36.11,36.11,36.11,501,0
2017-11-21,21:45:00,36.11,36.11,36.11,36.11,100,0
2017-11-21,21:50:00,36.12,36.12,36.0947,36.0947,963,0
2017-11-21,22:00:00,36.095,36.12,36.06,36.07,19144,0
2017-11-22,15:35:00,36.15,36.15,36.15,36.15,886,0
2017-11-22,15:45:00,36.2193,36.2193,36.2193,36.2193,377,0
2017-11-22,15:50:00,36.2,36.2,36.2,36.2,109,0
2017-11-22,15:55:00,36.2021,36.2021,36.2021,36.2021,608,0
2017-11-22,16:00:00,36.19,36.19,36.19,36.19,300,0
2017-11-22,16:05:00,36.24,36.24,36.2025,36.23,567,0
2017-11-22,16:10:00,36.2151,36.26,36.2149,36.2149,887,0
2017-11-22,16:15:00,36.226,36.2303,36.225,36.2303,2162,0
2017-11-22,16:25:00,36.235,36.25,36.235,36.25,324,0
2017-11-22,16:30:00,36.2454,36.2454,36.2454,36.2454,1475,0
2017-11-22,16:35:00,36.25,36.25,36.24,36.24,222,0
2017-11-22,16:40:00,36.23,36.24,36.21,36.22,3000,0
2017-11-22,16:50:00,36.23,36.23,36.23,36.23,372,0
2017-11-22,16:55:00,36.233,36.24,36.233,36.24,291,0
2017-11-22,17:00:00,36.18,36.18,36.18,36.18,377,0
2017-11-22,17:10:00,36.2299,36.2299,36.2,36.2,716,0
2017-11-22,17:15:00,36.2299,36.2299,36.2299,36.2299,100,0
2017-11-22,17:20:00,36.23,36.23,36.23,36.23,100,0
2017-11-22,17:25:00,36.22,36.23,36.2134,36.225,4067,0
2017-11-22,17:30:00,36.22,36.2299,36.22,36.22,1080,0
2017-11-22,17:35:00,36.215,36.22,36.215,36.22,200,0
2017-11-22,17:40:00,36.22,36.2299,36.22,36.22,661,0
2017-11-22,17:45:00,36.22,36.22,36.22,36.22,100,0
2017-11-22,17:50:00,36.2207,36.2299,36.22,36.22,407,0
2017-11-22,17:55:00,36.205,36.205,36.205,36.205,100,0
2017-11-22,18:00:00,36.205,36.205,36.205,36.205,200,0
2017-11-22,18:05:00,36.205,36.205,36.205,36.205,500,0
2017-11-22,18:10:00,36.205,36.2056,36.2,36.2,998,0
2017-11-22,18:15:00,36.205,36.205,36.15,36.16,7598,0
2017-11-22,18:20:00,36.1796,36.1844,36.1796,36.1844,225,0
2017-11-22,18:25:00,36.2099,36.2099,36.1796,36.1796,392,0
2017-11-22,18:30:00,36.162,36.2099,36.162,36.2099,560,0
2017-11-22,18:35:00,36.1796,36.2099,36.1796,36.2099,310,0
2017-11-22,18:40:00,36.2099,36.2099,36.18,36.18,452,0
2017-11-22,18:50:00,36.1805,36.1805,36.1805,36.1805,292,0
2017-11-22,18:55:00,36.21,36.21,36.21,36.21,200,0
2017-11-22,19:00:00,36.1985,36.2,36.185,36.185,548,0
2017-11-22,19:05:00,36.199,36.199,36.1906,36.1906,2318,0
2017-11-22,19:10:00,36.21,36.21,36.2,36.2,300,0
2017-11-22,19:15:00,36.199,36.199,36.191,36.191,300,0
2017-11-22,19:25:00,36.19,36.19,36.19,36.19,300,0
2017-11-22,19:30:00,36.19,36.19,36.19,36.19,200,0
2017-11-22,19:35:00,36.2,36.2,36.2,36.2,200,0
2017-11-22,19:40:00,36.195,36.1997,36.1704,36.19,4226,0
2017-11-22,19:45:00,36.1799,36.2,36.1799,36.2,844,0
2017-11-22,19:50:00,36.185,36.19,36.185,36.19,260,0
2017-11-22,19:55:00,36.2,36.2,36.2,36.2,1100,0
2017-11-22,20:05:00,36.19,36.21,36.19,36.21,327,0
2017-11-22,20:10:00,36.1975,36.215,36.1975,36.215,445,0
2017-11-22,20:15:00,36.219,36.219,36.219,36.219,561,0
2017-11-22,20:20:00,36.22,36.27,36.22,36.27,900,0
2017-11-22,20:25:00,36.31,36.31,36.25,36.2792,6465,0
2017-11-22,20:30:00,36.28,36.28,36.2797,36.2797,276,0
2017-11-22,20:35:00,36.28,36.304,36.28,36.304,2100,0
2017-11-22,20:40:00,36.3,36.3,36.281,36.3,575,0
2017-11-22,20:45:00,36.29,36.32,36.27,36.32,565,0
2017-11-22,20:50:00,36.3,36.3194,36.274,36.3194,2882,0
2017-11-22,20:55:00,36.2778,36.2778,36.2778,36.2778,1531,0
2017-11-22,21:00:00,36.3058,36.31,36.3058,36.31,1500,0
2017-11-22,21:10:00,36.2997,36.3061,36.2997,36.3061,1579,0
2017-11-22,21:15:00,36.2998,36.2998,36.28,36.28,900,0
2017-11-22,21:20:00,36.2985,36.3047,36.29,36.3047,796,0
2017-11-22,21:25:00,36.29,36.305,36.2834,36.284,1374,0
2017-11-22,21:30:00,36.2897,36.2897,36.2897,36.2897,259,0
2017-11-22,21:35:00,36.31,36.31,36.2897,36.31,1195,0
2017-11-22,21:40:00,36.318,36.318,36.29,36.29,949,0
2017-11-22,21:45:00,36.3016,36.31,36.29,36.2975,19001,0
2017-11-22,21:55:00,36.315,36.315,36.3063,36.3063,304,0
2017-11-22,22:00:00,36.305,36.31,36.25,36.28,1412,0
2017-11-24,15:35:00,36.45,36.5246,36.45,36.5246,700,0
2017-11-24,15:40:00,36.59,36.59,36.59,36.59,100,0
2017-11-24,16:05:00,36.51,36.51,36.502,36.509,3317,0
2017-11-24,16:10:00,36.5,36.5,36.5,36.5,100,0
2017-11-24,16:25:00,36.5,36.5,36.5,36.5,100,0
2017-11-24,16:30:00,36.49,36.49,36.49,36.49,100,0
2017-11-24,16:40:00,36.5,36.5,36.5,36.5,100,0
2017-11-24,16:45:00,36.5044,36.5044,36.49,36.49,479,0
2017-11-24,16:50:00,36.49,36.5,36.49,36.5,1176,0
2017-11-24,16:55:00,36.5,36.5,36.5,36.5,200,0
2017-11-24,17:05:00,36.51,36.51,36.5002,36.5002,922,0
2017-11-24,17:10:00,36.51,36.53,36.51,36.51,6240,0
2017-11-24,17:15:00,36.52,36.5303,36.52,36.52,350,0
2017-11-24,17:25:00,36.525,36.53,36.52,36.52,500,0
2017-11-24,17:40:00,36.48,36.51,36.48,36.51,200,0
2017-11-24,17:50:00,36.51,36.51,36.51,36.51,200,0
2017-11-24,18:00:00,36.505,36.505,36.505,36.505,100,0
2017-11-24,18:05:00,36.5,36.5255,36.5,36.5219,1271,0
2017-11-24,18:10:00,36.5239,36.5239,36.5018,36.52,1675,0
2017-11-24,18:15:00,36.51,36.52,36.51,36.52,208,0
2017-11-24,18:25:00,36.53,36.53,36.51,36.51,9855,0
2017-11-24,18:30:00,36.52,36.52,36.52,36.52,346,0
2017-11-24,18:40:00,36.52,36.52,36.5141,36.5141,735,0
2017-11-24,18:45:00,36.51,36.51,36.4923,36.4923,779,0
2017-11-24,18:50:00,36.4573,36.49,36.4573,36.49,2919,0
2017-11-24,18:55:00,36.49,36.49,36.49,36.49,2400,0
2017-11-24,19:00:00,36.49,36.49,36.49,36.49,300,0
2017-11-27,15:35:00,36.55,36.55,36.55,36.55,3216,0
2017-11-27,15:40:00,36.4637,36.49,36.4637,36.49,2336,0
2017-11-27,15:55:00,36.48,36.48,36.48,36.48,300,0
2017-11-27,16:05:00,36.489,36.4899,36.42,36.42,516,0
2017-11-27,16:10:00,36.4496,36.4496,36.41,36.43,2725,0
2017-11-27,16:15:00,36.45,36.45,36.41,36.41,8326,0
2017-11-27,16:20:00,36.3948,36.3948,36.3948,36.3948,1219,0
2017-11-27,16:25:00,36.4,36.4,36.4,36.4,200,0
2017-11-27,16:30:00,36.4,36.4,36.4,36.4,100,0
2017-11-27,16:35:00,36.41,36.41,36.4,36.4,1100,0
2017-11-27,16:40:00,36.405,36.4071,36.405,36.4071,464,0
2017-11-27,16:45:00,36.4,36.4048,36.39,36.39,894,0
2017-11-27,16:50:00,36.4,36.42,36.4,36.42,1558,0
2017-11-27,16:55:00,36.42,36.42,36.4,36.42,2365,0
2017-11-27,17:00:00,36.42,36.42,36.42,36.42,257,0
2017-11-27,17:05:00,36.42,36.42,36.4007,36.4102,1638,0
2017-11-27,17:10:00,36.43,36.44,36.43,36.44,28210,0
2017-11-27,17:15:00,36.44,36.44,36.44,36.44,10200,0
2017-11-27,17:20:00,36.4436,36.4436,36.42,36.42,10236,0
2017-11-27,17:25:00,36.3996,36.3996,36.3805,36.3805,761,0
2017-11-27,17:30:00,36.361,36.361,36.361,36.361,281,0
2017-11-27,17:35:00,36.3587,36.3658,36.3549,36.3658,855,0
2017-11-27,17:45:00,36.355,36.355,36.33,36.33,7085,0
2017-11-27,17:50:00,36.33,36.3374,36.33,36.3374,15115,0
2017-11-27,17:55:00,36.3779,36.3779,36.3779,36.3779,100,0
2017-11-27,18:15:00,36.33,36.345,36.33,36.345,200,0
2017-11-27,18:25:00,36.33,36.33,36.33,36.33,100,0
2017-11-27,18:30:00,36.33,36.33,36.33,36.33,100,0
2017-11-27,18:35:00,36.33,36.33,36.3,36.3,200,0
2017-11-27,18:40:00,36.34,36.3534,36.31,36.3534,1749,0
2017-11-27,18:50:00,36.3336,36.3336,36.3336,36.3336,500,0
2017-11-27,18:55:00,36.3175,36.3175,36.3175,36.3175,3300,0
2017-11-27,19:05:00,36.3191,36.3264,36.3191,36.3264,1340,0
2017-11-27,19:25:00,36.3482,36.3482,36.3482,36.3482,690,0
2017-11-27,19:35:00,36.3509,36.3509,36.3509,36.3509,115,0
2017-11-27,19:50:00,36.3553,36.3553,36.3553,36.3553,204,0
2017-11-27,19:55:00,36.3497,36.3504,36.3401,36.3401,1593,0
2017-11-27,20:10:00,36.35,36.35,36.34,36.3448,596,0
2017-11-27,20:20:00,36.34,36.34,36.34,36.34,398,0
2017-11-27,20:25:00,36.34,36.34,36.32,36.34,762,0
2017-11-27,20:30:00,36.3311,36.3399,36.3311,36.3368,5805,0
2017-11-27,20:35:00,36.3312,36.3312,36.3312,36.3312,125,0
2017-11-27,20:40:00,36.3398,36.3398,36.3398,36.3398,177,0
2017-11-27,20:45:00,36.3374,36.3374,36.3374,36.3374,281,0
2017-11-27,20:50:00,36.3349,36.3349,36.3349,36.3349,269,0
2017-11-27,20:55:00,36.335,36.335,36.335,36.335,220,0
2017-11-27,21:00:00,36.33,36.33,36.33,36.33,330,0
2017-11-27,21:05:00,36.3349,36.335,36.3343,36.3343,446,0
2017-11-27,21:10:00,36.34,36.34,36.3327,36.34,4090,0
2017-11-27,21:15:00,36.33,36.34,36.32,36.32,800,0
2017-11-27,21:20:00,36.3201,36.3201,36.3201,36.3201,234,0
2017-11-27,21:25:00,36.3201,36.3201,36.3201,36.3201,301,0
2017-11-27,21:35:00,36.3099,36.3099,36.3099,36.3099,650,0
2017-11-27,21:45:00,36.31,36.31,36.3097,36.3097,2822,0
2017-11-27,21:50:00,36.318,36.318,36.302,36.302,1008,0
2017-11-27,21:55:00,36.31,36.32,36.31,36.32,700,0
2017-11-27,22:00:00,36.32,36.32,36.32,36.32,100,0
2017-11-28,15:35:00,36.34,36.34,36.34,36.34,500,0
2017-11-28,16:00:00,36.28,36.29,36.28,36.29,700,0
2017-11-28,16:10:00,36.2996,36.2996,36.2996,36.2996,151,0
2017-11-28,16:20:00,36.295,36.295,36.295,36.295,117,0
2017-11-28,16:25:00,36.2971,36.2971,36.28,36.28,2314,0
2017-11-28,16:30:00,36.32,36.32,36.32,36.32,100,0
2017-11-28,16:40:00,36.3273,36.3273,36.3273,36.3273,973,0
2017-11-28,16:55:00,36.3372,36.3372,36.3372,36.3372,1190,0
2017-11-28,17:05:00,36.3097,36.3097,36.3097,36.3097,110,0
2017-11-28,17:15:00,36.3,36.3,36.3,36.3,300,0
2017-11-28,17:25:00,36.278,36.278,36.278,36.278,339,0
2017-11-28,17:40:00,36.3237,36.3237,36.3237,36.3237,265,0
2017-11-28,17:45:00,36.34,36.34,36.34,36.34,286,0
2017-11-28,17:50:00,36.348,36.348,36.33,36.33,4845,0
2017-11-28,17:55:00,36.3499,36.3499,36.32,36.3326,2948,0
2017-11-28,18:00:00,36.335,36.3381,36.335,36.3381,239,0
2017-11-28,18:05:00,36.3463,36.3463,36.31,36.31,658,0
2017-11-28,18:20:00,36.3432,36.375,36.34,36.34,879,0
2017-11-28,18:35:00,36.36,36.36,36.36,36.36,159,0
2017-11-28,18:45:00,36.32,36.32,36.32,36.32,200,0
2017-11-28,18:50:00,36.353,36.37,36.353,36.37,1100,0
2017-11-28,19:10:00,36.3897,36.3897,36.3897,36.3897,143,0
2017-11-28,19:15:00,36.3947,36.3947,36.3947,36.3947,125,0
2017-11-28,19:20:00,36.3563,36.3563,36.3563,36.3563,138,0
2017-11-28,19:30:00,36.3919,36.3919,36.37,36.37,943,0
2017-11-28,19:40:00,36.39,36.39,36.39,36.39,434,0
2017-11-28,19:45:00,36.3798,36.3798,36.3798,36.3798,146,0
2017-11-28,19:55:00,36.2911,36.34,36.2911,36.34,888,0
2017-11-28,20:00:00,36.3413,36.37,36.3347,36.359,2416,0
2017-11-28,20:10:00,36.28,36.28,36.28,36.28,121,0
2017-11-28,20:15:00,36.34,36.34,36.331,36.331,1492,0
2017-11-28,20:30:00,36.34,37,36.34,36.415,135763,0
2017-11-28,20:35:00,36.374,36.374,36.374,36.374,530,0
2017-11-28,20:40:00,36.39,36.39,36.3601,36.3601,1231,0
2017-11-28,20:45:00,36.3851,36.39,36.3851,36.39,200,0
2017-11-28,20:50:00,36.4,36.41,36.39,36.39,9941,0
2017-11-28,20:55:00,36.395,36.395,36.395,36.395,700,0
2017-11-28,21:00:00,36.4,36.4,36.37,36.37,13783,0
2017-11-28,21:05:00,36.38,36.39,36.37,36.38,7760,0
2017-11-28,21:10:00,36.38,36.38,36.3677,36.375,1988,0
2017-11-28,21:15:00,36.38,36.38,36.3797,36.3797,316,0
2017-11-28,21:20:00,36.3749,36.375,36.3749,36.375,227,0
2017-11-28,21:25:00,36.4264,36.4264,36.4264,36.4264,137,0
2017-11-28,21:35:00,36.4544,36.4544,36.39,36.4248,4133,0
2017-11-28,21:40:00,36.4,36.4199,36.39,36.39,2129,0
2017-11-28,21:45:00,36.39,36.39,36.36,36.37,1729,0
2017-11-28,21:50:00,36.3834,36.3834,36.3834,36.3834,173,0
2017-11-28,21:55:00,36.3929,36.3929,36.3929,36.3929,1500,0
2017-11-28,22:00:00,36.39,36.39,36.37,36.37,913,0
2017-11-29,15:35:00,36.45,36.45,36.45,36.45,1643,0
2017-11-29,15:45:00,36.44,36.5289,36.42,36.42,5075,0
2017-11-29,16:00:00,36.41,36.43,36.4,36.41,8500,0
2017-11-29,16:05:00,36.38,36.4044,36.38,36.3998,539,0
2017-11-29,16:15:00,36.4017,36.4017,36.4017,36.4017,109,0
2017-11-29,16:20:00,36.34,36.34,36.34,36.34,100,0
2017-11-29,16:40:00,36.3793,36.3793,36.3793,36.3793,559,0
2017-11-29,16:50:00,36.3452,36.3548,36.3452,36.3482,867,0
2017-11-29,16:55:00,36.36,36.36,36.32,36.32,200,0
2017-11-29,17:00:00,36.3599,36.3599,36.31,36.35,852,0
2017-11-29,17:05:00,36.35,36.38,36.34,36.34,3137,0
2017-11-29,17:10:00,36.3662,36.3662,36.3605,36.3605,1715,0
2017-11-29,17:20:00,36.3447,36.3447,36.34,36.34,337,0
2017-11-29,17:25:00,36.33,36.33,36.33,36.33,2000,0
2017-11-29,17:30:00,36.31,36.31,36.31,36.31,100,0
2017-11-29,17:35:00,36.2998,36.3245,36.2998,36.3245,242,0
2017-11-29,18:00:00,36.27,36.27,36.27,36.27,100,0
2017-11-29,18:05:00,36.2726,36.2726,36.2726,36.2726,149,0
2017-11-29,18:20:00,36.25,36.25,36.25,36.25,118,0
2017-11-29,18:40:00,36.2598,36.2598,36.2598,36.2598,337,0
2017-11-29,18:50:00,36.304,36.304,36.28,36.29,2125,0
2017-11-29,18:55:00,36.29,36.29,36.288,36.288,605,0
2017-11-29,19:00:00,36.299,36.299,36.299,36.299,1142,0
2017-11-29,19:05:00,36.2895,36.2895,36.28,36.2863,617,0
2017-11-29,19:10:00,36.2501,36.29,36.2501,36.29,308,0
2017-11-29,19:30:00,36.26,36.26,36.26,36.26,127,0
2017-11-29,19:35:00,36.3086,36.3086,36.3086,36.3086,178,0
2017-11-29,19:40:00,36.29,36.29,36.29,36.29,100,0
2017-11-29,19:45:00,36.2866,36.2866,36.2866,36.2866,178,0
2017-11-29,19:55:00,36.28,36.295,36.28,36.28,777,0
2017-11-29,20:00:00,36.2808,36.2999,36.2808,36.2899,1342,0
2017-11-29,20:10:00,36.31,36.31,36.2941,36.2941,485,0
2017-11-29,20:20:00,36.2979,36.3048,36.2979,36.3048,612,0
2017-11-29,20:25:00,36.2941,36.2941,36.2941,36.2941,137,0
2017-11-29,20:30:00,36.28,36.28,36.28,36.28,100,0
2017-11-29,20:35:00,36.31,36.31,36.31,36.31,200,0
2017-11-29,20:40:00,36.3202,36.3202,36.3044,36.3044,566,0
2017-11-29,20:45:00,36.3047,36.3047,36.3047,36.3047,129,0
2017-11-29,20:50:00,36.292,36.2997,36.292,36.2997,320,0
2017-11-29,20:55:00,36.2974,36.2974,36.2974,36.2974,345,0
2017-11-29,21:00:00,36.3007,36.3007,36.3007,36.3007,653,0
2017-11-29,21:10:00,36.2749,36.33,36.2749,36.33,1082,0
2017-11-29,21:15:00,36.312,36.312,36.312,36.312,180,0
2017-11-29,21:25:00,36.29,36.3,36.29,36.3,204,0
2017-11-29,21:30:00,36.2936,36.2936,36.2936,36.2936,122,0
2017-11-29,21:35:00,36.29,36.2912,36.27,36.2912,835,0
2017-11-29,21:40:00,36.28,36.297,36.28,36.295,441,0
2017-11-29,21:45:00,36.295,36.295,36.28,36.28,459,0
2017-11-29,21:50:00,36.28,36.2975,36.28,36.2975,1145,0
2017-11-29,22:00:00,36.24,36.32,36.24,36.32,1409,0
2017-11-30,15:35:00,36.34,36.34,36.34,36.34,1505,0
2017-11-30,15:45:00,36.4194,36.4194,36.3905,36.3905,229,0
2017-11-30,16:00:00,36.4,36.4,36.4,36.4,200,0
2017-11-30,16:05:00,36.35,36.5328,36.35,36.5328,2505,0
2017-11-30,16:10:00,36.4531,36.4531,36.4531,36.4531,211,0
2017-11-30,16:15:00,36.47,36.47,36.47,36.47,81711,0
2017-11-30,16:20:00,36.49,36.49,36.49,36.49,500,0
2017-11-30,16:25:00,36.49,36.49,36.4565,36.4565,949,0
2017-11-30,16:30:00,36.49,36.49,36.48,36.48,950,0
2017-11-30,16:35:00,36.48,36.51,36.465,36.4656,3109,0
2017-11-30,16:40:00,36.48,36.48,36.4,36.41,13589,0
2017-11-30,16:45:00,36.4175,36.4175,36.38,36.3904,12642,0
2017-11-30,16:50:00,36.43,36.4461,36.4,36.43,780,0
2017-11-30,16:55:00,36.43,36.43,36.4052,36.41,2200,0
2017-11-30,17:00:00,36.4097,36.4097,36.4097,36.4097,225,0
2017-11-30,17:05:00,36.42,36.43,36.42,36.43,400,0
2017-11-30,17:10:00,36.43,36.43,36.43,36.43,700,0
2017-11-30,17:15:00,36.43,36.43,36.43,36.43,700,0
2017-11-30,17:20:00,36.43,36.435,36.43,36.43,802,0
2017-11-30,17:25:00,36.43,36.43,36.4,36.4,1400,0
2017-11-30,17:30:00,36.42,36.42,36.36,36.39,7714,0
2017-11-30,17:35:00,36.36,36.38,36.36,36.36,10203,0
2017-11-30,17:40:00,36.36,36.375,36.36,36.375,17923,0
2017-11-30,17:45:00,36.375,36.375,36.3436,36.3436,76638,0
2017-11-30,17:50:00,36.35,36.35,36.3408,36.3408,722,0
2017-11-30,17:55:00,36.34,36.34,36.34,36.34,100,0
2017-11-30,18:00:00,36.35,36.45,36.35,36.41,5253,0
2017-11-30,18:05:00,36.41,36.41,36.35,36.391,8200,0
2017-11-30,18:10:00,36.39,36.39,36.37,36.38,700,0
2017-11-30,18:25:00,36.4,36.4,36.4,36.4,400,0
2017-11-30,18:30:00,36.4,36.4,36.37,36.39,806,0
2017-11-30,18:35:00,36.39,36.39,36.355,36.39,1100,0
2017-11-30,18:40:00,36.39,36.39,36.37,36.38,1200,0
2017-11-30,18:45:00,36.38,36.38,36.36,36.38,1463,0
2017-11-30,18:50:00,36.38,36.43,36.38,36.43,1033,0
2017-11-30,18:55:00,36.43,36.43,36.3962,36.43,3000,0
2017-11-30,19:00:00,36.43,36.43,36.37,36.4,18509,0
2017-11-30,19:05:00,36.4,36.4,36.4,36.4,200,0
2017-11-30,19:10:00,36.4399,36.4399,36.4399,36.4399,519,0
2017-11-30,19:15:00,36.39,36.39,36.374,36.374,550,0
2017-11-30,19:20:00,36.3991,36.4,36.39,36.39,730,0
2017-11-30,19:25:00,36.41,36.439,36.36,36.36,23379,0
2017-11-30,19:35:00,36.39,36.39,36.39,36.39,100,0
2017-11-30,19:40:00,36.42,36.43,36.4,36.4,1200,0
2017-11-30,19:45:00,36.4,36.4061,36.395,36.4061,78278,0
2017-11-30,19:50:00,36.4025,36.42,36.387,36.42,5246,0
2017-11-30,19:55:00,36.41,36.44,36.39,36.42,11517,0
2017-11-30,20:00:00,36.42,36.42,36.3874,36.42,5256,0
2017-11-30,20:05:00,36.4,36.419,36.4,36.4,910,0
2017-11-30,20:15:00,36.4313,36.4313,36.3904,36.3944,1588,0
2017-11-30,20:20:00,36.3965,36.3965,36.3965,36.3965,400,0
2017-11-30,20:25:00,36.3991,36.4084,36.3991,36.4,1276,0
2017-11-30,20:30:00,36.4163,36.4299,36.41,36.41,1072,0
2017-11-30,20:35:00,36.4124,36.4124,36.4124,36.4124,335,0
2017-11-30,20:40:00,36.4197,36.4197,36.4197,36.4197,250,0
2017-11-30,20:45:00,36.3898,36.3898,36.3898,36.3898,435,0
2017-11-30,20:50:00,36.4052,36.4207,36.4052,36.4207,253,0
2017-11-30,21:00:00,36.41,36.42,36.41,36.42,400,0
2017-11-30,21:05:00,36.3988,36.4097,36.3988,36.4,4209,0
2017-11-30,21:10:00,36.43,36.43,36.4,36.41,2700,0
2017-11-30,21:15:00,36.39,36.39,36.39,36.39,1000,0
2017-11-30,21:20:00,36.4358,36.4358,36.4,36.4358,975,0
2017-11-30,21:25:00,36.4143,36.429,36.3941,36.4,1428,0
2017-11-30,21:30:00,36.39,36.41,36.366,36.366,759,0
2017-11-30,21:35:00,36.4,36.41,36.38,36.38,1693,0
2017-11-30,21:40:00,36.38,36.38,36.38,36.38,300,0
2017-11-30,21:45:00,36.38,36.38,36.38,36.38,200,0
2017-11-30,21:50:00,36.38,36.41,36.38,36.41,432,0
2017-11-30,21:55:00,36.41,36.41,36.4,36.4,500,0
2017-11-30,22:00:00,36.37,36.38,36.36,36.37,16700,0
2017-12-01,15:35:00,36.39,36.46,36.39,36.42,2502,0
2017-12-01,15:40:00,36.42,36.42,36.35,36.35,1700,0
2017-12-01,15:45:00,36.34,36.34,36.31,36.31,4566,0
2017-12-01,15:50:00,36.31,36.36,36.31,36.34,1300,0
2017-12-01,15:55:00,36.31,36.35,36.31,36.35,2500,0
2017-12-01,16:00:00,36.35,36.35,36.27,36.32,4800,0
2017-12-01,16:05:00,36.31,36.31,36.31,36.31,200,0
2017-12-01,16:10:00,36.32,36.36,36.32,36.36,4900,0
2017-12-01,16:15:00,36.33,36.3762,36.33,36.37,235870,0
2017-12-01,16:25:00,36.3766,36.3771,36.3766,36.3771,806,0
2017-12-01,16:30:00,36.3771,36.38,36.3771,36.38,213,0
2017-12-01,16:35:00,36.38,36.393,36.34,36.36,4562,0
2017-12-01,16:40:00,36.36,36.375,36.36,36.375,800,0
2017-12-01,16:45:00,36.39,36.39,36.39,36.39,300,0
2017-12-01,16:50:00,36.4031,36.4031,36.4013,36.4013,850,0
2017-12-01,16:55:00,36.3917,36.4002,36.39,36.39,4965,0
2017-12-01,17:00:00,36.409,36.409,36.409,36.409,170,0
2017-12-01,17:10:00,36.37,36.37,36.35,36.35,400,0
2017-12-01,17:15:00,36.37,36.37,36.29,36.29,1692,0
2017-12-01,17:25:00,36.34,36.38,36.34,36.38,326,0
2017-12-01,17:30:00,36.3497,36.3497,36.3497,36.3497,166,0
2017-12-01,17:35:00,36.3,36.35,36.3,36.35,1500,0
2017-12-01,17:40:00,36.36,36.36,36.32,36.35,1501,0
2017-12-01,17:45:00,36.38,36.38,36.3392,36.3392,2100,0
2017-12-01,17:50:00,36.3766,36.3766,36.3766,36.3766,431,0
2017-12-01,17:55:00,36.32,36.32,36.3,36.3,3500,0
2017-12-01,18:00:00,36.31,36.31,36.23,36.308,700,0
2017-12-01,18:10:00,36.326,36.3346,36.326,36.3346,620,0
2017-12-01,18:15:00,36.335,36.36,36.335,36.36,353,0
2017-12-01,18:20:00,36.3269,36.3269,36.3269,36.3269,300,0
2017-12-01,18:30:00,36.325,36.325,36.325,36.325,100,0
2017-12-01,18:35:00,36.3429,36.3429,36.3429,36.3429,316,0
2017-12-01,18:40:00,36.3248,36.325,36.3248,36.325,231,0
2017-12-01,18:45:00,36.325,36.325,36.325,36.325,352,0
2017-12-01,18:50:00,36.375,36.4299,36.375,36.4299,1537,0
2017-12-01,18:55:00,36.305,36.305,36.305,36.305,200,0
2017-12-01,19:00:00,36.3542,36.3542,36.3542,36.3542,120,0
2017-12-01,19:05:00,36.345,36.345,36.3419,36.3419,453,0
2017-12-01,19:20:00,36.3996,36.3996,36.3,36.3,508,0
2017-12-01,19:25:00,36.4,36.4,36.3369,36.3369,1270,0
2017-12-01,19:30:00,36.355,36.36,36.355,36.36,300,0
2017-12-01,19:35:00,36.3547,36.3547,36.3547,36.3547,157,0
2017-12-01,19:40:00,36.36,36.365,36.32,36.365,13791,0
2017-12-01,19:45:00,36.34,36.37,36.34,36.36,300,0
2017-12-01,19:50:00,36.3601,36.3601,36.3601,36.3601,610,0
2017-12-01,19:55:00,36.355,36.355,36.355,36.355,146,0
2017-12-01,20:00:00,36.3562,36.3583,36.34,36.34,1515,0
2017-12-01,20:05:00,36.3578,36.3578,36.3578,36.3578,550,0
2017-12-01,20:10:00,36.37,36.37,36.37,36.37,221,0
2017-12-01,20:15:00,36.355,36.37,36.355,36.37,700,0
2017-12-01,20:20:00,36.37,36.37,36.3551,36.3551,274,0
2017-12-01,20:25:00,36.3812,36.42,36.3647,36.42,1775,0
2017-12-01,20:30:00,36.42,36.42,36.3796,36.3796,547,0
2017-12-01,20:35:00,36.3847,36.4065,36.3847,36.39,544,0
2017-12-01,20:40:00,36.395,36.4129,36.3949,36.4129,786,0
2017-12-01,20:45:00,36.4182,36.4182,36.4,36.4,6420,0
2017-12-01,20:50:00,36.37,36.3905,36.37,36.39,764,0
2017-12-01,20:55:00,36.39,36.39,36.369,36.389,848,0
2017-12-01,21:00:00,36.3899,36.3899,36.3899,36.3899,1400,0
2017-12-01,21:05:00,36.34,36.34,36.3397,36.3397,224,0
2017-12-01,21:10:00,36.3899,36.3899,36.309,36.316,9197,0
2017-12-01,21:15:00,36.3558,36.381,36.318,36.3591,3704,0
2017-12-01,21:20:00,36.34,36.38,36.3,36.35,18703,0
2017-12-01,21:25:00,36.35,36.35,36.31,36.32,15403,0
2017-12-01,21:30:00,36.3499,36.3499,36.335,36.335,571,0
2017-12-01,21:35:00,36.35,36.35,36.35,36.35,400,0
2017-12-01,21:40:00,36.35,36.3896,36.35,36.3782,435,0
2017-12-01,21:45:00,36.4313,36.45,36.4313,36.45,1650,0
2017-12-01,21:50:00,36.4147,36.4147,36.37,36.37,375,0
2017-12-01,21:55:00,36.385,36.385,36.378,36.378,225,0
2017-12-01,22:00:00,36.36,36.36,36.35,36.35,323,0
2017-12-04,15:35:00,36.33,36.33,36.33,36.33,729,0
2017-12-04,15:40:00,36.3,36.3,36.3,36.3,100,0
2017-12-04,15:45:00,36.3,36.31,36.2483,36.2483,2816,0
2017-12-04,15:55:00,36.27,36.27,36.27,36.27,100,0
2017-12-04,16:00:00,36.26,36.26,36.25,36.25,200,0
2017-12-04,16:05:00,36.23,36.23,36.23,36.23,600,0
2017-12-04,16:10:00,36.2387,36.2387,36.2387,36.2387,135,0
2017-12-04,16:15:00,36.28,36.28,36.28,36.28,200,0
2017-12-04,16:20:00,36.2136,36.2136,36.2136,36.2136,157,0
2017-12-04,16:25:00,36.2323,36.34,36.2323,36.34,2394,0
2017-12-04,16:30:00,36.24,36.24,36.24,36.24,100,0
2017-12-04,16:35:00,36.22,36.22,36.22,36.22,171,0
2017-12-04,16:40:00,36.2433,36.2433,36.2433,36.2433,205,0
2017-12-04,16:50:00,36.23,36.23,36.23,36.23,100,0
2017-12-04,16:55:00,36.18,36.18,36.16,36.16,856,0
2017-12-04,17:10:00,36.2,36.2,36.17,36.17,350,0
2017-12-04,17:15:00,36.1969,36.1969,36.1969,36.1969,146,0
2017-12-04,17:20:00,36.2,36.2,36.1973,36.1973,763,0
2017-12-04,17:25:00,36.23,36.25,36.22,36.25,400,0
2017-12-04,17:30:00,36.254,36.254,36.2455,36.2455,907,0
2017-12-04,17:35:00,36.25,36.26,36.24,36.24,827,0
2017-12-04,17:40:00,36.2515,36.26,36.2515,36.26,552,0
2017-12-04,17:45:00,36.29,36.29,36.24,36.25,3866,0
2017-12-04,17:50:00,36.247,36.247,36.247,36.247,136,0
2017-12-04,17:55:00,36.2601,36.2601,36.258,36.258,489,0
2017-12-04,18:00:00,36.26,36.26,36.2469,36.2469,256,0
2017-12-04,18:05:00,36.26,36.27,36.26,36.26,1800,0
2017-12-04,18:20:00,36.27,36.27,36.27,36.27,200,0
2017-12-04,18:25:00,36.279,36.279,36.26,36.26,778,0
2017-12-04,18:30:00,36.245,36.245,36.245,36.245,320,0
2017-12-04,18:40:00,36.2399,36.24,36.2399,36.24,1410,0
2017-12-04,18:50:00,36.2747,36.2747,36.27,36.27,276,0
2017-12-04,19:15:00,36.2748,36.2748,36.2748,36.2748,116,0
2017-12-04,19:20:00,36.26,36.2816,36.26,36.2748,976,0
2017-12-04,19:25:00,36.29,36.29,36.2724,36.2797,46785,0
2017-12-04,19:30:00,36.2786,36.2837,36.2786,36.2837,299,0
2017-12-04,19:35:00,36.28,36.285,36.28,36.2808,648,0
2017-12-04,19:45:00,36.28,36.2899,36.28,36.2899,374,0
2017-12-04,19:50:00,36.2808,36.2822,36.2702,36.2702,1322,0
2017-12-04,20:00:00,36.2774,36.2774,36.2774,36.2774,128,0
2017-12-04,20:05:00,36.27,36.27,36.27,36.27,246,0
2017-12-04,20:10:00,36.27,36.27,36.27,36.27,300,0
2017-12-04,20:15:00,36.2526,36.2526,36.2526,36.2526,196,0
2017-12-04,20:20:00,36.2497,36.2564,36.2398,36.2398,1096,0
2017-12-04,20:30:00,36.2371,36.2371,36.2371,36.2371,114,0
2017-12-04,20:35:00,36.2432,36.2432,36.2147,36.2147,2048,0
2017-12-04,20:40:00,36.2098,36.22,36.2098,36.22,372,0
2017-12-04,20:45:00,36.219,36.219,36.2,36.2,613,0
2017-12-04,20:50:00,36.22,36.22,36.2131,36.2131,1226,0
2017-12-04,20:55:00,36.22,36.24,36.22,36.23,1105,0
2017-12-04,21:00:00,36.245,36.2563,36.23,36.23,2839,0
2017-12-04,21:05:00,36.2103,36.2103,36.2103,36.2103,155,0
2017-12-04,21:10:00,36.2097,36.219,36.2097,36.2097,1520,0
2017-12-04,21:15:00,36.21,36.21,36.21,36.21,175,0
2017-12-04,21:20:00,36.2066,36.2066,36.1897,36.1897,1484,0
2017-12-04,21:25:00,36.1897,36.1999,36.1897,36.1931,1583,0
2017-12-04,21:30:00,36.1946,36.1946,36.1946,36.1946,243,0
2017-12-04,21:35:00,36.19,36.1931,36.1647,36.1647,850,0
2017-12-04,21:40:00,36.155,36.155,36.155,36.155,555,0
2017-12-04,21:45:00,36.145,36.145,36.145,36.145,380,0
2017-12-04,21:50:00,36.14,36.14,36.125,36.125,400,0
2017-12-04,21:55:00,36.14,36.14,36.1,36.1224,2149,0
2017-12-04,22:00:00,36.16,36.16,36.11,36.11,600,0
2017-12-05,15:35:00,36.09,36.09,36.09,36.09,2928,0
2017-12-05,15:50:00,36.1,36.1,36.1,36.1,200,0
2017-12-05,15:55:00,36.115,36.115,36.115,36.115,480,0
2017-12-05,16:00:00,36.1599,36.1599,36.122,36.122,537,0
2017-12-05,16:15:00,36.11,36.1249,36.11,36.1249,320,0
2017-12-05,16:20:00,36.125,36.1288,36.125,36.1288,269,0
2017-12-05,16:25:00,36.1249,36.1249,36.1249,36.1249,158,0
2017-12-05,16:30:00,36.12,36.12,36.12,36.12,100,0
2017-12-05,16:35:00,36.15,36.15,36.12,36.12,650,0
2017-12-05,16:40:00,36.1483,36.1493,36.1483,36.1493,2485,0
2017-12-05,16:50:00,36.125,36.125,36.125,36.125,100,0
2017-12-05,17:10:00,36.12,36.1799,36.11,36.11,625,0
2017-12-05,17:15:00,36.11,36.11,36.11,36.11,800,0
2017-12-05,17:30:00,36.189,36.189,36.14,36.14,398,0
2017-12-05,17:40:00,36.15,36.15,36.14,36.14,2200,0
2017-12-05,17:45:00,36.14,36.14,36.121,36.121,1207,0
2017-12-05,17:55:00,36.13,36.13,36.13,36.13,100,0
2017-12-05,18:00:00,36.14,36.14,36.0921,36.0921,456,0
2017-12-05,18:05:00,36.12,36.12,36.12,36.12,100,0
2017-12-05,18:10:00,36.1194,36.1194,36.091,36.091,700,0
2017-12-05,18:15:00,36.0942,36.0942,36.0942,36.0942,100,0
2017-12-05,18:20:00,36.12,36.1395,36.12,36.13,483,0
2017-12-05,18:25:00,36.1404,36.1404,36.081,36.081,2928,0
2017-12-05,18:30:00,36.11,36.11,36.11,36.11,100,0
2017-12-05,18:40:00,36.097,36.13,36.08,36.11,2297,0
2017-12-05,18:45:00,36.115,36.12,36.11,36.115,629,0
2017-12-05,18:50:00,36.09,36.09,36.09,36.09,100,0
2017-12-05,18:55:00,36.1,36.1,36.1,36.1,200,0
2017-12-05,19:00:00,36.1,36.1,36.1,36.1,100,0
2017-12-05,19:05:00,36.1,36.129,36.0985,36.0985,2198,0
2017-12-05,19:10:00,36.0997,36.1087,36.0997,36.1087,372,0
2017-12-05,19:20:00,36.05,36.07,36.05,36.07,900,0
2017-12-05,19:25:00,36.07,36.1,36.07,36.1,2740,0
2017-12-05,19:45:00,36.13,36.13,36.1,36.1,580,0
2017-12-05,19:50:00,36.12,36.12,36.0601,36.0601,600,0
2017-12-05,19:55:00,36.0843,36.12,36.0843,36.1001,736,0
2017-12-05,20:00:00,36.11,36.125,36.1094,36.1094,2622,0
2017-12-05,20:05:00,36.104,36.11,36.0984,36.11,2101,0
2017-12-05,20:10:00,36.1185,36.1185,36.1185,36.1185,163,0
2017-12-05,20:15:00,36.078,36.1163,36.07,36.07,1145,0
2017-12-05,20:20:00,36.0952,36.13,36.0595,36.09,7489,0
2017-12-05,20:25:00,36.1393,36.1393,36.0747,36.079,3994,0
2017-12-05,20:30:00,36.0651,36.093,36.0651,36.093,2397,0
2017-12-05,20:35:00,36.08,36.1007,36.07,36.07,2166,0
2017-12-05,20:40:00,36.06,36.0676,36.06,36.06,885,0
2017-12-05,20:45:00,36.06,36.06,36.06,36.06,100,0
2017-12-05,20:50:00,36.0767,36.0767,36.0767,36.0767,2912,0
2017-12-05,20:55:00,36.0689,36.08,36.0648,36.08,1177,0
2017-12-05,21:00:00,36.03,36.045,36.03,36.045,548,0
2017-12-05,21:05:00,36.0586,36.07,36.0447,36.0453,3240,0
2017-12-05,21:10:00,36.0397,36.06,36.0352,36.0456,925,0
2017-12-05,21:15:00,36.06,36.06,36.06,36.06,100,0
2017-12-05,21:20:00,36.05,36.065,36.03,36.055,4035,0
2017-12-05,21:25:00,36.07,36.0799,36.0435,36.06,14798,0
2017-12-05,21:30:00,36.07,36.07,36.05,36.05,600,0
2017-12-05,21:35:00,36.05,36.05,36.05,36.05,500,0
2017-12-05,21:40:00,36.075,36.075,36.025,36.0593,5240,0
2017-12-05,21:45:00,36.03,36.0501,36.03,36.0501,1104,0
2017-12-05,21:50:00,36.04,36.059,36.02,36.023,4574,0
2017-12-05,21:55:00,36.0201,36.025,36.0201,36.025,1175,0
2017-12-05,22:00:00,36.03,36.06,36.01,36.01,7905,0
2017-12-06,15:35:00,35.89,35.89,35.89,35.89,338,0
2017-12-06,16:05:00,35.8083,35.8083,35.8083,35.8083,140,0
2017-12-06,16:15:00,35.8405,35.8413,35.8405,35.8413,855,0
2017-12-06,16:30:00,35.8347,35.8347,35.8347,35.8347,345,0
2017-12-06,16:35:00,35.8799,35.8799,35.8799,35.8799,368,0
2017-12-06,16:50:00,35.8462,35.8462,35.8,35.8314,1074,0
2017-12-06,17:00:00,35.84,35.84,35.84,35.84,1236,0
2017-12-06,17:10:00,35.91,35.91,35.85,35.8801,856,0
2017-12-06,17:15:00,35.875,35.875,35.86,35.86,900,0
2017-12-06,17:20:00,35.84,35.84,35.84,35.84,200,0
2017-12-06,17:25:00,35.8347,35.8347,35.8347,35.8347,122,0
2017-12-06,17:30:00,35.86,35.86,35.86,35.86,175,0
2017-12-06,17:35:00,35.85,35.85,35.85,35.85,286,0
2017-12-06,17:40:00,35.84,35.84,35.84,35.84,215,0
2017-12-06,17:45:00,35.84,35.85,35.8094,35.845,1230,0
2017-12-06,17:50:00,35.85,35.85,35.8342,35.8342,477,0
2017-12-06,17:55:00,35.8298,35.849,35.8298,35.849,388,0
2017-12-06,18:15:00,35.82,35.82,35.82,35.82,100,0
2017-12-06,18:20:00,35.81,35.81,35.8,35.8,700,0
2017-12-06,18:25:00,35.81,35.81,35.7847,35.7847,426,0
2017-12-06,18:35:00,35.8393,35.8393,35.8393,35.8393,342,0
2017-12-06,18:55:00,35.8177,35.8177,35.787,35.787,2621,0
2017-12-06,19:10:00,35.84,35.84,35.84,35.84,173,0
2017-12-06,19:25:00,35.7936,35.7936,35.7936,35.7936,182,0
2017-12-06,19:30:00,35.7904,35.8196,35.7904,35.8196,258,0
2017-12-06,19:35:00,35.825,35.825,35.82,35.82,500,0
2017-12-06,19:40:00,35.8203,35.8203,35.8203,35.8203,150,0
2017-12-06,19:45:00,35.874,35.874,35.8542,35.8558,1632,0
2017-12-06,19:50:00,35.855,35.855,35.855,35.855,472,0
2017-12-06,19:55:00,35.87,35.87,35.86,35.86,2500,0
2017-12-06,20:00:00,35.86,35.86,35.86,35.86,500,0
2017-12-06,20:05:00,35.879,35.879,35.84,35.84,2190,0
2017-12-06,20:10:00,35.84,35.85,35.84,35.85,290,0
2017-12-06,20:15:00,35.8643,35.8643,35.8643,35.8643,101,0
2017-12-06,20:25:00,35.865,35.8799,35.85,35.8799,2823,0
2017-12-06,20:30:00,35.85,35.865,35.85,35.85,600,0
2017-12-06,20:35:00,35.85,35.879,35.85,35.86,3983,0
2017-12-06,20:40:00,35.85,35.87,35.85,35.87,339,0
2017-12-06,20:45:00,35.8701,35.8701,35.86,35.8688,967,0
2017-12-06,20:50:00,35.86,35.8619,35.841,35.86,2466,0
2017-12-06,20:55:00,35.86,35.863,35.86,35.863,429,0
2017-12-06,21:00:00,35.855,35.87,35.8495,35.8625,2437,0
2017-12-06,21:05:00,35.8415,35.8415,35.8415,35.8415,500,0
2017-12-06,21:15:00,35.8415,35.8415,35.8415,35.8415,779,0
2017-12-06,21:25:00,35.8519,35.8519,35.8519,35.8519,106,0
2017-12-06,21:30:00,35.8697,35.8728,35.8635,35.8728,2999,0
2017-12-06,21:35:00,35.86,35.86,35.85,35.85,700,0
2017-12-06,21:45:00,35.8497,35.8497,35.8497,35.8497,117,0
2017-12-06,21:50:00,35.85,35.85,35.8495,35.8495,504,0
2017-12-06,21:55:00,35.83,35.83,35.7957,35.7957,845,0
2017-12-06,22:00:00,35.8,35.8,35.76,35.77,683,0
