Date,Time,Open,High,Low,Close,Volume,OpenInt
2016-02-09,16:55:00,21.831,21.831,21.831,21.831,102,0
2016-02-10,15:35:00,21.87,21.87,21.87,21.87,332,0
2016-02-10,16:00:00,21.812,21.812,21.812,21.812,103,0
2016-02-10,17:45:00,21.792,21.792,21.792,21.792,102,0
2016-02-11,19:00:00,21.821,21.841,21.782,21.841,97455,0
2016-02-11,19:20:00,21.792,21.792,21.792,21.792,743,0
2016-02-11,21:45:00,21.782,21.782,21.763,21.763,5521,0
2016-02-12,16:45:00,21.772,21.792,21.753,21.753,17119,0
2016-02-12,17:00:00,21.753,21.753,21.753,21.753,204,0
2016-02-12,17:05:00,21.753,21.763,21.753,21.763,2109,0
2016-02-12,17:35:00,21.772,21.782,21.772,21.772,1083,0
2016-02-12,17:45:00,21.772,21.782,21.772,21.782,3301,0
2016-02-12,17:55:00,21.772,21.782,21.772,21.782,3885,0
2016-02-12,18:25:00,21.772,21.782,21.772,21.782,10790,0
2016-02-16,15:55:00,21.763,21.802,21.763,21.792,5569,0
2016-02-16,22:00:00,21.753,21.753,21.753,21.753,102,0
2016-02-18,18:40:00,21.828,21.828,21.828,21.828,723,0
2016-02-18,18:50:00,21.822,21.822,21.822,21.822,467,0
2016-02-19,21:35:00,21.821,21.821,21.792,21.792,613,0
2016-02-22,15:35:00,21.792,21.792,21.792,21.792,654,0
2016-02-22,15:50:00,21.802,21.802,21.802,21.802,204,0
2016-02-22,15:55:00,21.821,21.821,21.821,21.821,307,0
2016-02-22,16:15:00,21.831,21.831,21.831,21.831,204,0
2016-02-22,16:35:00,21.861,21.87,21.861,21.87,13700,0
2016-02-22,19:05:00,21.831,21.831,21.831,21.831,204,0
2016-02-22,20:50:00,21.816,21.816,21.816,21.816,490,0
2016-02-22,21:45:00,21.832,21.832,21.832,21.832,1022,0
2016-02-23,19:45:00,21.861,21.88,21.861,21.88,2085,0
2016-02-23,21:05:00,21.861,21.861,21.861,21.861,102,0
2016-02-23,21:55:00,21.87,21.87,21.87,21.87,102,0
2016-02-24,15:35:00,21.802,21.802,21.802,21.802,554,0
2016-02-24,20:55:00,21.88,21.88,21.88,21.88,118,0
2016-02-24,22:00:00,21.87,21.87,21.87,21.87,307,0
2016-02-25,21:35:00,21.939,21.939,21.939,21.939,102,0
2016-02-29,15:40:00,21.81,21.812,21.802,21.812,1738,0
2016-02-29,17:40:00,21.807,21.807,21.807,21.807,309,0
2016-03-02,21:35:00,21.726,21.726,21.726,21.726,127,0
2016-03-03,16:40:00,21.724,21.724,21.724,21.724,409,0
2016-03-03,17:10:00,21.769,21.769,21.769,21.769,220,0
2016-03-03,20:35:00,21.806,21.806,21.806,21.806,129,0
2016-03-03,21:05:00,21.814,21.814,21.814,21.814,326,0
2016-03-07,17:05:00,22,22,22,22,194,0
2016-03-08,18:55:00,22.007,22.007,22.007,22.007,760,0
2016-03-09,21:25:00,21.919,21.919,21.919,21.919,102,0
2016-03-09,22:00:00,21.939,21.939,21.939,21.939,102,0
2016-03-10,20:45:00,21.919,21.919,21.919,21.919,2,0
2016-03-10,21:10:00,21.968,21.968,21.968,21.968,1,0
2016-03-11,16:55:00,22.203,22.203,22.203,22.203,102,0
2016-03-14,17:30:00,22.258,22.258,22.258,22.258,218,0
2016-03-14,18:45:00,22.252,22.257,22.252,22.257,511,0
2016-03-17,19:25:00,22.487,22.487,22.487,22.487,429,0
2016-03-18,15:40:00,22.57,22.57,22.57,22.57,276,0
2016-03-18,16:50:00,22.569,22.569,22.569,22.569,304,0
2016-03-18,18:00:00,22.584,22.584,22.584,22.584,204,0
2016-03-18,19:40:00,22.569,22.569,22.569,22.569,128,0
2016-03-23,19:15:00,22.516,22.516,22.516,22.516,102,0
2016-03-24,15:25:00,22.379,22.379,22.37,22.37,204,0
2016-03-29,15:35:00,22.408,22.426,22.408,22.426,204,0
2016-03-29,15:40:00,22.477,22.477,22.477,22.477,644,0
2016-03-29,17:50:00,22.438,22.438,22.438,22.438,795,0
2016-03-29,17:55:00,22.486,22.486,22.486,22.486,145,0
2016-03-29,20:30:00,22.643,22.643,22.643,22.643,645,0
2016-03-29,21:00:00,22.663,22.663,22.663,22.663,493,0
2016-03-30,18:35:00,22.711,22.715,22.711,22.715,204,0
2016-04-01,17:35:00,22.668,22.668,22.653,22.653,2707,0
2016-04-01,19:40:00,22.702,22.702,22.702,22.702,102,0
2016-04-01,21:50:00,22.819,22.819,22.819,22.819,102,0
2016-04-04,20:35:00,22.658,22.658,22.658,22.658,179,0
2016-04-05,16:10:00,22.51,22.51,22.51,22.51,188,0
2016-04-05,17:15:00,22.496,22.496,22.486,22.486,3169,0
2016-04-11,21:20:00,22.614,22.614,22.614,22.614,143,0
2016-04-11,21:30:00,22.614,22.614,22.614,22.614,102,0
2016-04-11,21:45:00,22.614,22.614,22.614,22.614,767,0
2016-04-13,15:35:00,22.858,22.858,22.858,22.858,116,0
2016-04-13,17:10:00,22.938,22.938,22.938,22.938,179,0
2016-04-14,20:55:00,23.059,23.059,23.059,23.059,511,0
2016-04-15,19:15:00,23.015,23.015,23.015,23.015,102,0
2016-04-15,19:20:00,23.015,23.015,23.015,23.015,102,0
2016-04-15,19:35:00,23.015,23.015,23.015,23.015,102,0
2016-04-15,19:55:00,23.015,23.015,23.015,23.015,102,0
2016-04-18,17:20:00,23.015,23.015,23.015,23.015,102,0
2016-04-18,17:40:00,23.015,23.015,23.015,23.015,102,0
2016-04-18,17:50:00,23.015,23.015,23.015,23.015,102,0
2016-04-18,18:00:00,23.015,23.015,23.015,23.015,102,0
2016-04-20,16:45:00,23.298,23.298,23.298,23.298,103,0
2016-04-20,17:55:00,23.386,23.386,23.386,23.386,102,0
2016-04-20,18:55:00,23.386,23.386,23.386,23.386,102,0
2016-04-20,19:50:00,23.416,23.416,23.416,23.416,102,0
2016-04-20,20:40:00,23.435,23.435,23.435,23.435,102,0
2016-04-20,21:20:00,23.416,23.416,23.416,23.416,102,0
2016-04-20,21:50:00,23.357,23.357,23.357,23.357,102,0
2016-04-20,22:00:00,23.357,23.357,23.357,23.357,102,0
2016-04-21,16:20:00,23.242,23.242,23.242,23.242,215,0
2016-04-21,16:25:00,23.259,23.259,23.249,23.249,2050,0
2016-04-21,21:05:00,23.152,23.152,23.152,23.152,102,0
2016-04-22,19:15:00,23.142,23.142,23.142,23.142,102,0
2016-04-25,16:30:00,22.995,23.03,22.995,23.03,409,0
2016-04-25,18:55:00,23.093,23.093,23.093,23.093,102,0
2016-04-25,21:50:00,23.122,23.122,23.122,23.122,204,0
2016-04-26,22:00:00,23.289,23.289,23.289,23.289,102,0
2016-04-27,20:10:00,23.279,23.279,23.279,23.279,102,0
2016-04-27,21:25:00,23.377,23.377,23.377,23.377,102,0
2016-04-28,15:35:00,23.083,23.083,23.083,23.083,409,0
2016-04-28,16:55:00,23.347,23.347,23.347,23.347,439,0
2016-04-28,21:25:00,23.122,23.142,23.083,23.142,806,0
2016-04-28,21:40:00,23.112,23.112,23.112,23.112,204,0
2016-04-29,16:30:00,22.951,22.951,22.951,22.951,102,0
2016-04-29,20:10:00,22.813,22.813,22.813,22.813,531,0
2016-04-29,20:35:00,22.84,22.84,22.829,22.833,481,0
2016-04-29,21:05:00,22.858,22.858,22.858,22.858,102,0
2016-05-02,15:35:00,23.328,23.328,23.328,23.328,102,0
2016-05-02,16:00:00,23.023,23.023,23.023,23.023,215,0
2016-05-02,16:05:00,22.966,22.995,22.966,22.966,1943,0
2016-05-02,17:35:00,23.068,23.068,23.068,23.068,307,0
2016-05-02,18:50:00,23.044,23.044,23.044,23.044,102,0
2016-05-02,21:05:00,23.122,23.122,23.122,23.122,102,0
2016-05-02,21:10:00,23.132,23.132,23.132,23.132,102,0
2016-05-02,21:30:00,23.095,23.095,23.093,23.095,737,0
2016-05-02,21:40:00,23.152,23.161,23.152,23.161,204,0
2016-05-03,18:45:00,22.79,22.79,22.79,22.79,102,0
2016-05-03,20:35:00,22.878,22.878,22.878,22.878,102,0
2016-05-03,21:35:00,22.79,22.79,22.79,22.79,445,0
2016-05-03,21:50:00,22.858,22.858,22.858,22.858,102,0
2016-05-04,16:50:00,22.638,22.638,22.638,22.638,204,0
2016-05-04,21:25:00,22.575,22.575,22.575,22.575,112,0
2016-05-04,21:45:00,22.653,22.653,22.653,22.653,102,0
2016-05-09,20:55:00,22.663,22.663,22.663,22.663,102,0
2016-05-10,15:35:00,22.775,22.775,22.775,22.775,511,0
2016-05-10,19:05:00,22.877,22.877,22.877,22.877,102,0
2016-05-11,16:00:00,22.955,22.955,22.955,22.955,112,0
2016-05-12,21:15:00,22.806,22.806,22.806,22.806,459,0
2016-05-13,18:10:00,22.695,22.695,22.695,22.695,187,0
2016-05-16,16:20:00,22.77,22.77,22.77,22.77,171,0
2016-05-18,16:00:00,22.703,22.703,22.703,22.703,577,0
2016-05-18,17:10:00,22.731,22.731,22.714,22.714,204,0
2016-05-18,17:25:00,22.731,22.731,22.711,22.711,5214,0
2016-05-18,17:30:00,22.731,22.731,22.711,22.731,2249,0
2016-05-18,17:55:00,22.857,22.857,22.857,22.857,368,0
2016-05-18,20:25:00,22.623,22.623,22.623,22.623,716,0
2016-05-18,22:00:00,22.653,22.653,22.653,22.653,409,0
2016-05-19,17:25:00,22.408,22.408,22.398,22.398,4090,0
2016-05-23,21:15:00,22.754,22.754,22.754,22.754,575,0
2016-05-24,17:15:00,22.946,22.946,22.946,22.946,276,0
2016-05-24,17:20:00,23.011,23.011,23.011,23.011,493,0
2016-05-24,18:05:00,22.992,23.015,22.989,22.992,1265,0
2016-05-24,18:10:00,23.024,23.024,23.024,23.024,154,0
2016-05-24,18:20:00,23.015,23.015,23.015,23.015,173,0
2016-05-27,18:35:00,23.191,23.191,23.191,23.191,307,0
2016-05-31,19:20:00,23.191,23.191,23.171,23.171,204,0
2016-05-31,21:30:00,23.069,23.069,23.069,23.069,174,0
2016-06-01,16:40:00,23.064,23.064,23.064,23.064,204,0
2016-06-01,19:05:00,23.171,23.171,23.171,23.171,413,0
2016-06-02,19:05:00,23.15,23.15,23.15,23.15,157,0
2016-06-03,16:00:00,23.104,23.104,23.104,23.104,102,0
2016-06-03,19:00:00,23.182,23.182,23.182,23.182,352,0
2016-06-03,21:25:00,23.24,23.24,23.24,23.24,102,0
2016-06-06,15:50:00,23.297,23.297,23.289,23.289,340,0
2016-06-06,20:50:00,23.23,23.243,23.181,23.181,739,0
2016-06-08,17:50:00,23.251,23.251,23.251,23.251,1534,0
2016-06-08,20:15:00,23.24,23.255,23.24,23.255,818,0
2016-06-09,16:50:00,23.22,23.252,23.22,23.222,2597,0
2016-06-09,17:00:00,23.24,23.253,23.24,23.24,1738,0
2016-06-09,21:55:00,23.329,23.329,23.329,23.329,204,0
2016-06-13,18:00:00,23.093,23.103,23.093,23.103,210,0
2016-06-13,21:10:00,23.02,23.02,23.02,23.02,204,0
2016-06-13,21:20:00,23.003,23.003,23.003,23.003,398,0
2016-06-14,18:00:00,22.848,22.857,22.848,22.857,294,0
2016-06-14,20:15:00,22.927,22.927,22.927,22.927,55627,0
2016-06-14,20:25:00,22.927,22.927,22.927,22.927,511,0
2016-06-14,20:35:00,22.956,22.966,22.956,22.966,204,0
2016-06-14,20:45:00,22.936,22.936,22.936,22.936,204,0
2016-06-14,20:50:00,22.946,22.946,22.946,22.946,204,0
2016-06-14,20:55:00,22.946,22.946,22.946,22.946,409,0
2016-06-14,21:00:00,22.927,22.927,22.907,22.907,1022,0
2016-06-14,21:05:00,22.907,22.917,22.897,22.897,1227,0
2016-06-14,21:10:00,22.897,22.907,22.897,22.907,204,0
2016-06-14,21:15:00,22.946,22.946,22.946,22.946,204,0
2016-06-14,21:20:00,22.976,22.976,22.976,22.976,204,0
2016-06-14,21:25:00,22.976,22.985,22.966,22.985,409,0
2016-06-14,21:30:00,22.976,22.995,22.976,22.985,5112,0
2016-06-16,20:35:00,22.933,22.933,22.933,22.933,214,0
2016-06-20,16:55:00,23.22,23.22,23.22,23.22,1189,0
2016-06-20,17:20:00,23.136,23.136,23.122,23.122,2133,0
2016-06-21,16:00:00,23.103,23.103,23.103,23.103,102,0
2016-06-21,16:20:00,23.122,23.122,23.122,23.122,102,0
2016-06-21,16:45:00,23.103,23.103,23.103,23.103,102,0
2016-06-21,17:10:00,23.132,23.132,23.132,23.132,102,0
2016-06-21,17:35:00,23.103,23.103,23.103,23.103,102,0
2016-06-21,18:05:00,23.103,23.103,23.103,23.103,102,0
2016-06-21,18:40:00,23.122,23.122,23.122,23.122,102,0
2016-06-21,19:15:00,23.103,23.103,23.103,23.103,102,0
2016-06-21,19:50:00,23.083,23.083,23.083,23.083,102,0
2016-06-22,17:40:00,23.159,23.159,23.159,23.159,182,0
2016-06-23,15:45:00,23.181,23.181,23.181,23.181,1123,0
2016-06-23,16:55:00,23.279,23.279,23.279,23.279,1036,0
2016-06-23,17:00:00,23.278,23.278,23.278,23.278,534,0
2016-06-23,19:00:00,23.255,23.255,23.255,23.255,3117,0
2016-06-23,19:20:00,23.241,23.241,23.22,23.23,2771,0
2016-06-23,19:50:00,23.21,23.223,23.21,23.223,4246,0
2016-06-24,18:55:00,22.721,22.721,22.721,22.721,284,0
2016-06-24,21:55:00,22.702,22.708,22.702,22.702,1022,0
2016-06-27,16:15:00,22.31,22.31,22.302,22.302,379,0
2016-06-27,21:00:00,22.252,22.252,22.242,22.242,3774,0
2016-06-27,21:10:00,22.262,22.271,22.262,22.271,204,0
2016-06-27,21:15:00,22.291,22.291,22.291,22.291,102,0
2016-06-27,21:20:00,22.262,22.262,22.262,22.262,102,0
2016-06-27,21:25:00,22.262,22.262,22.242,22.242,204,0
2016-06-27,21:30:00,22.242,22.242,22.242,22.242,102,0
2016-06-27,21:35:00,22.252,22.281,22.252,22.281,204,0
2016-06-27,21:40:00,22.281,22.34,22.281,22.34,818,0
2016-06-27,21:55:00,22.32,22.33,22.32,22.33,307,0
2016-06-27,22:00:00,22.33,22.33,22.31,22.31,511,0
2016-06-30,17:00:00,23.259,23.259,23.259,23.259,149,0
2016-06-30,22:00:00,23.386,23.386,23.386,23.386,102,0
2016-07-01,15:55:00,23.543,23.543,23.543,23.543,102,0
2016-07-01,16:10:00,23.465,23.562,23.455,23.562,5257,0
2016-07-01,17:05:00,23.487,23.512,23.487,23.512,578,0
2016-07-01,17:10:00,23.533,23.533,23.533,23.533,102,0
2016-07-01,19:10:00,23.523,23.523,23.523,23.523,102,0
2016-07-01,20:10:00,23.406,23.406,23.386,23.401,18322,0
2016-07-01,20:15:00,23.396,23.396,23.396,23.396,8895,0
2016-07-05,19:55:00,23.504,23.504,23.504,23.504,102,0
2016-07-05,20:20:00,23.465,23.465,23.465,23.465,102,0
2016-07-05,20:30:00,23.465,23.465,23.465,23.465,102,0
2016-07-05,20:35:00,23.455,23.455,23.455,23.455,102,0
2016-07-05,20:45:00,23.455,23.455,23.455,23.455,102,0
2016-07-05,20:50:00,23.435,23.435,23.435,23.435,102,0
2016-07-05,21:00:00,23.435,23.435,23.435,23.435,102,0
2016-07-05,21:05:00,23.445,23.445,23.445,23.445,102,0
2016-07-05,21:15:00,23.445,23.445,23.445,23.445,102,0
2016-07-05,21:20:00,23.445,23.445,23.445,23.445,102,0
2016-07-05,21:25:00,23.455,23.455,23.455,23.455,102,0
2016-07-05,21:35:00,23.455,23.455,23.455,23.455,102,0
2016-07-05,21:40:00,23.465,23.465,23.465,23.465,102,0
2016-07-05,21:45:00,23.465,23.465,23.465,23.465,102,0
2016-07-05,21:50:00,23.494,23.494,23.494,23.494,102,0
2016-07-05,21:55:00,23.494,23.494,23.474,23.474,204,0
2016-07-05,22:00:00,23.474,23.474,23.474,23.474,204,0
2016-07-06,19:55:00,23.481,23.504,23.48,23.504,2382,0
2016-07-06,21:25:00,23.445,23.445,23.445,23.445,163,0
2016-07-07,19:05:00,23.389,23.389,23.389,23.389,127,0
2016-07-07,22:00:00,23.326,23.326,23.326,23.326,102,0
2016-07-08,18:05:00,23.406,23.414,23.406,23.414,1227,0
2016-07-08,21:35:00,23.467,23.474,23.465,23.474,1125,0
2016-07-11,17:25:00,23.532,23.532,23.532,23.532,971,0
2016-07-11,17:30:00,23.504,23.504,23.504,23.504,552,0
2016-07-11,21:25:00,23.621,23.621,23.621,23.621,118,0
2016-07-12,21:00:00,23.523,23.523,23.523,23.523,409,0
2016-07-13,18:15:00,23.504,23.533,23.494,23.502,4071,0
2016-07-13,19:10:00,23.504,23.541,23.504,23.541,418,0
2016-07-14,15:35:00,23.337,23.337,23.337,23.337,286,0
2016-07-14,15:40:00,23.528,23.533,23.523,23.533,1434,0
2016-07-14,15:45:00,23.523,23.553,23.523,23.553,1250,0
2016-07-14,16:25:00,23.533,23.533,23.533,23.533,102,0
2016-07-14,17:10:00,23.523,23.523,23.523,23.523,102,0
2016-07-14,17:55:00,23.611,23.611,23.611,23.611,283,0
2016-07-14,18:05:00,23.494,23.494,23.494,23.494,102,0
2016-07-14,18:45:00,23.542,23.542,23.542,23.542,264,0
2016-07-14,19:05:00,23.474,23.474,23.474,23.474,102,0
2016-07-14,20:05:00,23.445,23.445,23.445,23.445,102,0
2016-07-14,20:20:00,23.489,23.489,23.474,23.474,833,0
2016-07-14,20:55:00,23.484,23.484,23.484,23.484,102,0
2016-07-14,21:40:00,23.504,23.504,23.504,23.504,102,0
2016-07-14,21:55:00,23.494,23.494,23.494,23.494,102,0
2016-07-14,22:00:00,23.523,23.533,23.523,23.533,307,0
2016-07-15,16:45:00,23.513,23.567,23.513,23.513,842,0
2016-07-15,16:50:00,23.539,23.539,23.539,23.539,119,0
2016-07-15,18:10:00,23.484,23.484,23.484,23.484,184,0
2016-07-15,18:40:00,23.445,23.445,23.445,23.445,204,0
2016-07-15,20:30:00,23.484,23.484,23.484,23.484,102,0
2016-07-15,21:25:00,23.543,23.543,23.504,23.504,307,0
2016-07-15,21:40:00,23.543,23.543,23.543,23.543,102,0
2016-07-18,16:40:00,23.523,23.553,23.523,23.553,307,0
2016-07-18,21:30:00,23.562,23.562,23.562,23.562,102,0
2016-07-18,21:45:00,23.562,23.562,23.562,23.562,102,0
2016-07-18,21:50:00,23.562,23.562,23.562,23.562,102,0
2016-07-18,22:00:00,23.553,23.553,23.553,23.553,204,0
2016-07-19,15:55:00,23.455,23.455,23.435,23.435,1734,0
2016-07-19,16:30:00,23.445,23.445,23.445,23.445,511,0
2016-07-19,17:05:00,23.494,23.494,23.455,23.455,307,0
2016-07-19,19:00:00,23.533,23.533,23.533,23.533,204,0
2016-07-19,19:30:00,23.474,23.474,23.474,23.474,340,0
2016-07-19,20:20:00,23.505,23.505,23.505,23.505,165,0
2016-07-19,20:30:00,23.487,23.487,23.487,23.487,102,0
2016-07-19,21:35:00,23.485,23.485,23.485,23.485,336,0
2016-07-19,22:00:00,23.553,23.553,23.553,23.553,102,0
2016-07-20,16:50:00,23.456,23.456,23.456,23.456,209,0
2016-07-21,20:20:00,23.45,23.45,23.45,23.45,626,0
2016-07-21,21:30:00,23.494,23.494,23.494,23.494,204,0
2016-07-22,18:10:00,23.602,23.602,23.601,23.601,1595,0
2016-07-22,20:20:00,23.631,23.654,23.621,23.626,9099,0
2016-07-22,20:50:00,23.65,23.65,23.65,23.65,307,0
2016-07-22,21:10:00,23.65,23.65,23.65,23.65,102,0
2016-07-22,21:30:00,23.654,23.654,23.654,23.654,895,0
2016-07-22,22:00:00,23.65,23.65,23.65,23.65,102,0
2016-07-25,19:10:00,23.513,23.513,23.513,23.513,204,0
2016-07-25,21:00:00,23.553,23.553,23.553,23.553,1480,0
2016-07-25,22:00:00,23.572,23.572,23.572,23.572,102,0
2016-07-26,17:35:00,23.487,23.487,23.487,23.487,282,0
2016-07-26,20:55:00,23.461,23.461,23.425,23.429,1022,0
2016-07-26,21:00:00,23.461,23.461,23.461,23.461,540,0
2016-07-26,21:10:00,23.461,23.461,23.461,23.461,540,0
2016-07-26,21:40:00,23.455,23.455,23.455,23.455,102,0
2016-07-27,16:45:00,23.318,23.318,23.318,23.318,184,0
2016-07-27,19:15:00,23.23,23.23,23.213,23.22,3524,0
2016-07-28,16:10:00,23.328,23.328,23.328,23.328,104,0
2016-07-28,16:20:00,23.192,23.192,23.192,23.192,189,0
2016-07-28,17:05:00,23.22,23.22,23.22,23.22,163,0
2016-07-28,21:50:00,23.357,23.357,23.347,23.357,2210,0
2016-07-29,17:45:00,23.484,23.484,23.484,23.484,1643,0
2016-07-29,18:50:00,23.465,23.465,23.465,23.465,130,0
2016-07-29,19:10:00,23.544,23.544,23.494,23.494,347,0
2016-07-29,20:40:00,23.5,23.5,23.5,23.5,128,0
2016-07-29,21:00:00,23.474,23.474,23.467,23.467,337,0
2016-08-01,17:15:00,23.474,23.474,23.435,23.435,53659,0
2016-08-01,17:20:00,23.484,23.484,23.435,23.435,38220,0
2016-08-01,17:35:00,23.46,23.46,23.46,23.46,102,0
2016-08-01,19:20:00,23.437,23.437,23.437,23.437,266,0
2016-08-01,19:50:00,23.416,23.416,23.416,23.416,102,0
2016-08-01,20:55:00,23.425,23.425,23.425,23.425,102,0
2016-08-01,21:45:00,23.406,23.406,23.406,23.406,102,0
2016-08-02,17:35:00,23.21,23.21,23.21,23.21,102,0
2016-08-02,20:45:00,23.24,23.24,23.24,23.24,102,0
2016-08-02,21:40:00,23.279,23.279,23.279,23.279,204,0
2016-08-03,19:15:00,23.279,23.279,23.279,23.279,613,0
2016-08-05,16:05:00,23.474,23.474,23.455,23.455,358,0
2016-08-05,18:55:00,23.472,23.472,23.472,23.472,602,0
2016-08-05,19:10:00,23.484,23.484,23.484,23.484,102,0
2016-08-08,20:50:00,23.425,23.425,23.406,23.406,409,0
2016-08-08,21:50:00,23.445,23.445,23.445,23.445,409,0
2016-08-08,21:55:00,23.445,23.445,23.445,23.445,102,0
2016-08-08,22:00:00,23.445,23.445,23.445,23.445,307,0
2016-08-09,15:35:00,23.367,23.367,23.367,23.367,204,0
2016-08-09,20:40:00,23.399,23.399,23.399,23.399,352,0
2016-08-09,21:30:00,23.407,23.407,23.407,23.407,830,0
2016-08-09,21:40:00,23.426,23.426,23.426,23.426,2616,0
2016-08-09,22:00:00,23.435,23.435,23.435,23.435,589,0
2016-08-11,21:05:00,23.581,23.581,23.581,23.581,148,0
2016-08-11,21:20:00,23.565,23.565,23.565,23.565,701,0
2016-08-12,15:35:00,23.699,23.699,23.699,23.699,235,0
2016-08-12,15:40:00,23.533,23.533,23.533,23.533,102,0
2016-08-12,21:25:00,23.474,23.474,23.474,23.474,137,0
2016-08-15,15:35:00,23.69,23.69,23.69,23.69,312,0
2016-08-16,15:35:00,23.367,23.367,23.367,23.367,118,0
2016-08-16,20:55:00,23.445,23.445,23.445,23.445,198,0
2016-08-16,21:55:00,23.45,23.45,23.45,23.45,216,0
2016-08-17,18:45:00,23.347,23.347,23.328,23.328,4090,0
2016-08-17,18:50:00,23.347,23.347,23.328,23.347,10633,0
2016-08-17,20:00:00,23.381,23.381,23.381,23.381,115,0
2016-08-17,20:15:00,23.455,23.455,23.455,23.455,613,0
2016-08-18,15:35:00,23.453,23.453,23.453,23.453,192,0
2016-08-18,17:00:00,23.488,23.488,23.488,23.488,104,0
2016-08-18,21:15:00,23.504,23.504,23.504,23.504,716,0
2016-08-18,22:00:00,23.504,23.504,23.504,23.504,511,0
2016-08-19,15:35:00,24.012,24.012,24.012,24.012,302,0
2016-08-19,15:55:00,23.406,23.406,23.406,23.406,102,0
2016-08-19,18:55:00,23.435,23.435,23.435,23.435,216,0
2016-08-19,19:10:00,23.435,23.435,23.435,23.435,221,0
2016-08-19,20:45:00,23.504,23.504,23.504,23.504,511,0
2016-08-22,15:35:00,23.318,23.318,23.318,23.318,254,0
2016-08-22,22:00:00,23.494,23.494,23.494,23.494,102,0
2016-08-23,15:55:00,23.611,23.634,23.602,23.634,1074,0
2016-08-23,19:00:00,23.562,23.562,23.543,23.543,2014,0
2016-08-24,17:05:00,23.574,23.574,23.574,23.574,488,0
2016-08-25,15:35:00,23.435,23.435,23.435,23.435,102,0
2016-08-26,17:05:00,23.472,23.472,23.435,23.435,7519,0
2016-08-26,20:35:00,23.23,23.23,23.201,23.21,16541,0
2016-08-26,21:30:00,23.308,23.308,23.308,23.308,409,0
2016-08-29,15:35:00,23.23,23.23,23.23,23.23,143,0
2016-08-29,15:55:00,23.396,23.396,23.367,23.367,4903,0
2016-08-30,15:35:00,23.572,23.572,23.572,23.572,394,0
2016-08-30,21:40:00,23.367,23.367,23.367,23.367,511,0
2016-08-31,21:25:00,23.249,23.249,23.249,23.249,102,0
2016-09-01,17:30:00,23.21,23.21,23.21,23.21,409,0
2016-09-01,21:40:00,23.221,23.233,23.221,23.233,1080,0
2016-09-01,22:00:00,23.298,23.298,23.298,23.298,511,0
2016-09-02,17:05:00,23.484,23.484,23.484,23.484,215,0
2016-09-06,18:00:00,23.412,23.412,23.412,23.412,240,0
2016-09-07,19:05:00,23.42,23.42,23.42,23.42,148,0
2016-09-07,19:30:00,23.426,23.426,23.426,23.426,268,0
2016-09-08,15:35:00,23.337,23.337,23.337,23.337,102,0
2016-09-08,16:25:00,23.474,23.474,23.474,23.474,443,0
2016-09-08,21:45:00,23.484,23.484,23.484,23.484,204,0
2016-09-09,20:30:00,22.985,22.985,22.985,22.985,102,0
2016-09-12,19:20:00,23.044,23.044,23.044,23.044,307,0
2016-09-12,19:50:00,23.015,23.015,23.015,23.015,204,0
2016-09-12,21:45:00,23.2,23.201,23.2,23.201,204,0
2016-09-13,15:35:00,23.103,23.103,23.103,23.103,263,0
2016-09-13,15:50:00,22.977,22.977,22.977,22.977,110,0
2016-09-13,18:45:00,22.758,22.758,22.758,22.758,256,0
2016-09-13,19:15:00,22.741,22.741,22.741,22.741,520,0
2016-09-13,19:50:00,22.8,22.8,22.8,22.8,2141,0
2016-09-13,20:50:00,22.793,22.793,22.793,22.793,931,0
2016-09-13,21:50:00,22.767,22.767,22.767,22.767,307,0
2016-09-13,21:55:00,22.829,22.829,22.829,22.829,409,0
2016-09-14,17:25:00,22.848,22.848,22.848,22.848,204,0
2016-09-14,20:25:00,22.79,22.79,22.79,22.79,204,0
2016-09-15,19:45:00,22.976,22.976,22.976,22.976,307,0
2016-09-15,20:20:00,23.034,23.034,23.034,23.034,102,0
2016-09-16,21:30:00,22.842,22.842,22.799,22.799,18470,0
2016-09-19,17:25:00,22.868,22.868,22.868,22.868,213,0
2016-09-19,18:35:00,22.888,22.888,22.888,22.888,307,0
2016-09-19,18:45:00,22.894,22.894,22.894,22.894,179,0
2016-09-19,20:15:00,22.886,22.886,22.878,22.878,1149,0
2016-09-21,16:25:00,22.985,23.056,22.985,23.049,533,0
2016-09-21,17:05:00,23.063,23.063,23.063,23.063,235,0
2016-09-21,18:45:00,22.907,22.907,22.907,22.907,204,0
2016-09-22,15:35:00,23.171,23.171,23.171,23.171,427,0
2016-09-22,19:25:00,23.259,23.259,23.259,23.259,102,0
2016-09-23,17:25:00,23.201,23.201,23.185,23.185,470,0
2016-09-23,21:10:00,23.132,23.132,23.132,23.132,409,0
2016-09-23,21:30:00,23.132,23.132,23.132,23.132,409,0
2016-09-26,20:40:00,22.942,22.942,22.942,22.942,2594,0
2016-09-26,21:55:00,22.909,22.909,22.909,22.909,245,0
2016-09-27,16:15:00,22.956,22.956,22.956,22.956,1235,0
2016-09-27,18:25:00,23.034,23.034,23.034,23.034,716,0
2016-09-28,17:55:00,23.073,23.073,23.073,23.073,511,0
2016-09-28,19:35:00,23.122,23.122,23.122,23.122,409,0
2016-09-28,20:15:00,23.161,23.161,23.161,23.161,102,0
2016-09-28,20:20:00,23.21,23.21,23.21,23.21,102,0
2016-09-28,20:30:00,23.249,23.249,23.249,23.249,102,0
2016-09-28,20:35:00,23.259,23.259,23.259,23.259,102,0
2016-09-28,20:40:00,23.259,23.259,23.249,23.249,307,0
2016-09-28,20:45:00,23.249,23.249,23.249,23.249,204,0
2016-09-28,20:50:00,23.249,23.259,23.21,23.21,6339,0
2016-09-28,22:00:00,23.308,23.308,23.308,23.308,204,0
2016-09-29,20:15:00,23.112,23.112,23.112,23.112,102,0
2016-09-29,20:25:00,23.161,23.161,23.161,23.161,102,0
2016-09-29,20:40:00,23.22,23.22,23.22,23.22,102,0
2016-09-30,15:35:00,23.112,23.112,23.112,23.112,103,0
2016-09-30,20:25:00,23.337,23.373,23.337,23.337,6713,0
2016-10-04,16:45:00,23.242,23.242,23.242,23.242,635,0
2016-10-05,19:35:00,23.258,23.258,23.181,23.181,300,0
2016-10-06,17:25:00,23.2,23.2,23.2,23.2,132,0
2016-10-06,17:50:00,23.163,23.163,23.163,23.163,358,0
2016-10-07,17:55:00,23.147,23.147,23.147,23.147,215,0
2016-10-11,15:35:00,23.152,23.152,23.152,23.152,102,0
2016-10-13,17:30:00,23.093,23.093,23.093,23.093,393,0
2016-10-14,19:20:00,23.189,23.189,23.189,23.189,432,0
2016-10-14,20:30:00,23.134,23.134,23.134,23.134,357,0
2016-10-17,18:50:00,23.103,23.103,23.093,23.103,2406,0
2016-10-17,20:45:00,23.093,23.111,23.093,23.103,313,0
2016-10-17,21:10:00,23.112,23.112,23.112,23.112,511,0
2016-10-18,17:45:00,23.171,23.177,23.171,23.171,3476,0
2016-10-19,15:35:00,23.396,23.396,23.396,23.396,368,0
2016-10-19,19:30:00,23.249,23.269,23.249,23.249,1534,0
2016-10-19,19:35:00,23.249,23.269,23.249,23.249,1534,0
2016-10-19,20:00:00,23.259,23.269,23.259,23.259,511,0
2016-10-19,20:05:00,23.279,23.279,23.279,23.279,2352,0
2016-10-20,17:05:00,23.162,23.162,23.162,23.162,226,0
2016-10-20,18:40:00,23.24,23.24,23.24,23.24,409,0
2016-10-21,17:25:00,23.161,23.186,23.161,23.161,1227,0
2016-10-24,15:35:00,23.367,23.367,23.367,23.367,394,0
2016-10-24,20:05:00,23.191,23.23,23.191,23.23,1235,0
2016-10-24,20:35:00,23.263,23.263,23.263,23.263,409,0
2016-10-24,21:50:00,23.269,23.269,23.24,23.24,223,0
2016-10-25,18:50:00,23.249,23.249,23.249,23.249,920,0
2016-10-25,21:15:00,23.249,23.249,23.249,23.249,1125,0
2016-10-26,17:00:00,23.21,23.21,23.21,23.21,409,0
2016-10-26,17:30:00,23.229,23.229,23.229,23.229,204,0
2016-10-26,17:35:00,23.24,23.24,23.24,23.24,307,0
2016-10-26,18:20:00,23.23,23.23,23.192,23.192,307,0
2016-10-26,20:05:00,23.201,23.201,23.157,23.157,1128,0
2016-10-26,20:10:00,23.21,23.259,23.21,23.259,613,0
2016-10-26,21:55:00,23.162,23.162,23.162,23.162,186,0
2016-10-27,15:35:00,23.269,23.269,23.269,23.269,102,0
2016-10-27,17:30:00,23.154,23.154,23.154,23.154,433,0
2016-10-27,17:35:00,23.224,23.224,23.224,23.224,204,0
2016-10-27,20:25:00,23.271,23.271,23.212,23.212,345,0
2016-10-27,21:40:00,23.268,23.268,23.268,23.268,204,0
2016-10-28,17:20:00,23.259,23.267,23.259,23.259,2733,0
2016-10-31,14:35:00,23.22,23.22,23.176,23.187,613,0
2016-11-01,15:55:00,23.201,23.201,23.193,23.193,818,0
2016-11-01,17:30:00,23.22,23.22,23.22,23.22,114754,0
2016-11-01,18:20:00,23.122,23.122,23.083,23.083,5112,0
2016-11-01,18:45:00,23.034,23.034,23.034,23.034,197,0
2016-11-01,20:00:00,23.068,23.09,23.068,23.073,1279,0
2016-11-03,17:10:00,23.132,23.132,23.112,23.112,2760,0
2016-11-03,19:05:00,23.112,23.112,23.112,23.112,102,0
2016-11-03,20:55:00,23.093,23.093,23.093,23.093,102,0
2016-11-04,16:15:00,23.122,23.23,23.064,23.23,5766,0
2016-11-08,18:25:00,23.152,23.152,23.152,23.152,295,0
2016-11-08,19:15:00,23.181,23.181,23.181,23.181,1330,0
2016-11-08,21:35:00,23.201,23.201,23.201,23.201,204,0
2016-11-09,16:05:00,23.308,23.308,23.308,23.308,818,0
2016-11-10,15:45:00,23.474,23.474,23.474,23.474,102,0
2016-11-10,20:40:00,23.626,23.626,23.626,23.626,343,0
2016-11-10,21:45:00,23.531,23.531,23.474,23.479,818,0
2016-11-10,21:55:00,23.616,23.616,23.616,23.616,123,0
2016-11-11,18:30:00,23.54,23.54,23.54,23.54,184,0
2016-11-11,20:30:00,23.525,23.525,23.525,23.525,695,0
2016-11-11,21:15:00,23.457,23.46,23.457,23.46,13088,0
2016-11-14,18:00:00,23.599,23.599,23.599,23.599,1022,0
2016-11-15,17:15:00,23.607,23.607,23.607,23.607,139,0
2016-11-15,20:25:00,23.623,23.623,23.623,23.623,865,0
2016-11-15,21:35:00,23.663,23.663,23.663,23.663,454,0
2016-11-15,21:40:00,23.668,23.668,23.668,23.668,295,0
2016-11-16,21:10:00,23.554,23.554,23.554,23.554,274,0
2016-11-17,21:40:00,23.593,23.593,23.593,23.593,807,0
2016-11-17,21:45:00,23.577,23.577,23.577,23.577,647,0
2016-11-21,20:15:00,23.631,23.631,23.631,23.631,102,0
2016-11-21,20:25:00,23.608,23.608,23.608,23.608,128,0
2016-11-21,20:30:00,23.621,23.621,23.621,23.621,102,0
2016-11-22,22:00:00,23.649,23.649,23.649,23.649,1410,0
2016-11-30,21:45:00,23.673,23.681,23.66,23.66,523,0
2016-12-01,17:25:00,23.711,23.711,23.711,23.711,820,0
2016-12-01,17:45:00,23.729,23.729,23.729,23.729,204,0
2016-12-01,18:45:00,23.729,23.731,23.729,23.731,1350,0
2016-12-01,21:10:00,23.709,23.709,23.709,23.709,102,0
2016-12-01,21:15:00,23.719,23.719,23.719,23.719,1949,0
2016-12-01,22:00:00,23.709,23.709,23.709,23.709,3624,0
2016-12-05,22:00:00,23.902,23.902,23.902,23.902,432,0
2016-12-06,16:25:00,23.793,23.793,23.793,23.793,189,0
2016-12-06,18:30:00,23.875,23.892,23.856,23.892,1658,0
2016-12-07,15:35:00,24.247,24.247,24.247,24.247,194,0
2016-12-07,19:25:00,24.198,24.198,24.194,24.194,343,0
2016-12-07,19:40:00,24.195,24.195,24.195,24.195,266,0
2016-12-07,22:00:00,24.267,24.267,24.267,24.267,102,0
2016-12-08,17:55:00,24.377,24.377,24.377,24.377,2388,0
2016-12-12,17:30:00,24.426,24.426,24.426,24.426,211,0
2016-12-12,19:40:00,24.335,24.355,24.335,24.355,511,0
2016-12-13,16:15:00,24.4,24.4,24.4,24.4,102,0
2016-12-14,16:45:00,24.337,24.369,24.337,24.369,302,0
2016-12-14,18:45:00,24.384,24.384,24.384,24.384,102,0
2016-12-14,20:40:00,24.244,24.244,24.244,24.244,920,0
2016-12-14,21:10:00,24.247,24.247,24.247,24.247,102,0
2016-12-16,18:10:00,24.286,24.286,24.28,24.286,12546,0
2016-12-16,20:40:00,24.197,24.197,24.197,24.197,145,0
2016-12-19,21:40:00,24.11,24.11,24.11,24.11,291,0
2016-12-19,21:50:00,24.128,24.128,24.128,24.128,123,0
2016-12-20,17:10:00,24.245,24.338,24.24,24.24,542,0
2016-12-20,20:25:00,24.228,24.228,24.228,24.228,442,0
2016-12-21,19:15:00,24.301,24.301,24.301,24.301,353,0
2016-12-21,20:10:00,24.25,24.25,24.25,24.25,126,0
2016-12-21,20:30:00,24.363,24.363,24.363,24.363,194,0
2016-12-22,16:45:00,24.14,24.151,24.14,24.141,1943,0
2016-12-22,17:25:00,24.151,24.151,24.133,24.133,269,0
2016-12-22,18:35:00,24.126,24.126,24.081,24.126,960,0
2016-12-23,18:20:00,24.091,24.091,24.091,24.091,102,0
2016-12-23,18:25:00,24.149,24.149,24.149,24.149,102,0
2016-12-27,17:20:00,24.198,24.198,24.198,24.198,275,0
2016-12-27,21:35:00,24.213,24.213,24.213,24.213,102,0
2016-12-27,21:45:00,24.266,24.266,24.266,24.266,215,0
2016-12-30,17:30:00,23.9875,23.9875,23.9875,23.9875,270,0
2017-01-03,16:10:00,24.07,24.14,24.07,24.14,1700,0
2017-01-03,19:05:00,23.9705,23.9705,23.91,23.91,200,0
2017-01-03,20:55:00,23.915,23.92,23.91,23.915,700,0
2017-01-03,21:05:00,23.91,23.91,23.91,23.91,300,0
2017-01-03,21:15:00,23.91,23.92,23.91,23.92,200,0
2017-01-03,21:50:00,23.96,23.96,23.96,23.96,700,0
2017-01-03,22:00:00,23.97,23.97,23.97,23.97,100,0
2017-01-04,16:45:00,24.1,24.1,24.1,24.1,200,0
2017-01-05,19:45:00,24.115,24.115,24.115,24.115,200,0
2017-01-06,17:20:00,24.19,24.2399,24.19,24.23,1100,0
2017-01-06,17:35:00,24.2228,24.2228,24.2228,24.2228,100,0
2017-01-06,19:55:00,24.3163,24.3163,24.3163,24.3163,132,0
2017-01-06,20:15:00,24.2,24.2,24.2,24.2,165,0
2017-01-06,20:40:00,24.33,24.34,24.33,24.34,11622,0
2017-01-09,15:35:00,24.1,24.1,24.1,24.1,169,0
2017-01-09,15:50:00,24.192,24.192,24.192,24.192,177,0
2017-01-09,16:05:00,24.1598,24.1598,24.1598,24.1598,281,0
2017-01-09,19:30:00,24.0861,24.0861,24.0861,24.0861,274,0
2017-01-09,21:45:00,24.1209,24.1209,24.1209,24.1209,416,0
2017-01-10,15:35:00,23.93,24.0656,23.93,24.0656,241,0
2017-01-10,16:20:00,24.01,24.01,23.987,23.987,974,0
2017-01-10,16:40:00,24.0441,24.0441,24.0441,24.0441,300,0
2017-01-10,17:35:00,24.055,24.055,24.055,24.055,100,0
2017-01-10,22:00:00,23.98,23.98,23.98,23.98,100,0
2017-01-11,17:05:00,23.9301,23.9301,23.9301,23.9301,100,0
2017-01-12,17:10:00,23.95,23.95,23.95,23.95,100,0
2017-01-12,20:10:00,24.0699,24.0699,24.0699,24.0699,194,0
2017-01-13,17:15:00,24.09,24.09,24.09,24.09,100,0
2017-01-13,18:50:00,24.04,24.04,24.04,24.04,100,0
2017-01-18,18:50:00,24.084,24.084,24.084,24.084,343,0
2017-01-18,19:15:00,24.1333,24.1333,24.1333,24.1333,100,0
2017-01-18,21:30:00,24.1876,24.1876,24.1876,24.1876,434,0
2017-01-19,15:55:00,24.2,24.2,24.2,24.2,190,0
2017-01-19,18:50:00,24.13,24.13,24.1213,24.1213,2066,0
2017-01-20,19:50:00,24.1343,24.1343,24.1343,24.1343,1000,0
2017-01-20,21:45:00,24.1949,24.1949,24.1949,24.1949,600,0
2017-01-23,18:35:00,24.0923,24.0923,24.0923,24.0923,352,0
2017-01-24,18:40:00,24.2645,24.2645,24.2645,24.2645,409,0
2017-01-24,19:20:00,24.2126,24.2126,24.2126,24.2126,621,0
2017-01-24,20:35:00,24.2471,24.2471,24.2471,24.2471,336,0
2017-01-25,20:10:00,24.338,24.338,24.338,24.338,285,0
2017-01-30,20:55:00,24.1459,24.1459,24.1459,24.1459,275,0
2017-02-01,15:35:00,23.92,23.92,23.92,23.92,200,0
2017-02-01,18:00:00,24.1635,24.1635,24.1635,24.1635,500,0
2017-02-01,21:00:00,24.17,24.17,24.17,24.17,200,0
2017-02-01,22:00:00,24.17,24.17,24.15,24.16,800,0
2017-02-03,19:30:00,24.15,24.15,24.15,24.15,1,0
2017-02-03,20:50:00,24.2007,24.2007,24.2007,24.2007,139,0
2017-02-03,21:25:00,24.1567,24.1567,24.1567,24.1567,92,0
2017-02-06,20:15:00,24.0812,24.0812,24.0812,24.0812,149,0
2017-02-09,17:50:00,24.3406,24.3406,24.3406,24.3406,270,0
2017-02-09,19:20:00,24.3541,24.3541,24.3541,24.3541,741,0
2017-02-10,17:30:00,24.4723,24.4723,24.4723,24.4723,228,0
2017-02-10,20:05:00,24.4493,24.4493,24.4493,24.4493,347,0
2017-02-14,16:30:00,24.5553,24.5553,24.5553,24.5553,331,0
2017-02-14,20:00:00,24.58,24.58,24.58,24.58,100,0
2017-02-14,21:20:00,24.61,24.61,24.6011,24.6011,709,0
2017-02-15,17:05:00,24.7054,24.7054,24.7054,24.7054,300,0
2017-02-15,17:55:00,24.65,24.6836,24.65,24.65,3796,0
2017-02-15,21:30:00,24.7691,24.7691,24.7691,24.7691,186,0
2017-02-16,17:30:00,24.7408,24.7408,24.7084,24.7084,300,0
2017-02-16,17:50:00,24.66,24.72,24.66,24.7,50883,0
2017-02-16,17:55:00,24.7,24.71,24.7,24.71,5100,0
2017-02-16,18:05:00,24.71,24.71,24.7,24.7,6200,0
2017-02-16,18:10:00,24.7,24.7,24.7,24.7,300,0
2017-02-16,18:40:00,24.71,24.71,24.64,24.64,16676,0
2017-02-16,21:35:00,24.6889,24.72,24.6889,24.72,996,0
2017-02-16,21:45:00,24.73,24.73,24.72,24.72,200,0
2017-02-16,21:50:00,24.71,24.73,24.68,24.68,5100,0
2017-02-16,22:00:00,24.73,24.735,24.7,24.73,2600,0
2017-02-17,17:50:00,24.667,24.667,24.667,24.667,226,0
2017-02-17,20:10:00,24.81,24.81,24.81,24.81,197,0
2017-02-17,20:40:00,24.78,24.78,24.78,24.78,100,0
2017-02-17,21:10:00,24.76,24.76,24.7,24.76,5976,0
2017-02-21,16:55:00,24.9419,24.98,24.9318,24.9318,443,0
2017-02-21,17:35:00,24.91,24.91,24.91,24.91,300,0
2017-02-21,20:50:00,24.9356,24.9356,24.9356,24.9356,400,0
2017-02-21,21:20:00,24.9655,24.9655,24.9655,24.9655,115,0
2017-02-22,16:55:00,24.9247,24.9247,24.91,24.91,200,0
2017-02-22,21:45:00,24.91,24.9844,24.91,24.91,2600,0
2017-02-22,22:00:00,24.89,24.89,24.89,24.89,100,0
2017-02-23,16:50:00,24.999,24.999,24.999,24.999,100,0
2017-02-23,22:00:00,24.89,24.89,24.89,24.89,100,0
2017-02-27,21:50:00,24.89,24.95,24.89,24.895,2862,0
2017-02-28,15:35:00,24.89,24.89,24.89,24.89,100,0
2017-02-28,17:00:00,24.999,24.999,24.999,24.999,100,0
2017-02-28,17:10:00,24.9341,24.9341,24.9341,24.9341,239,0
2017-02-28,20:35:00,24.828,24.828,24.828,24.828,600,0
2017-02-28,20:50:00,24.8784,24.8784,24.8784,24.8784,400,0
2017-03-02,19:10:00,25.01,25.0522,25,25.01,1550,0
2017-03-03,17:20:00,24.99,24.99,24.99,24.99,100,0
2017-03-06,16:20:00,24.9055,24.9216,24.9055,24.9216,521,0
2017-03-07,21:30:00,24.9286,24.9286,24.9286,24.9286,100,0
2017-03-08,16:25:00,24.94,24.94,24.94,24.94,100,0
2017-03-08,18:10:00,24.99,24.99,24.99,24.99,100,0
2017-03-08,19:25:00,25.0041,25.0041,25.0041,25.0041,100,0
2017-03-08,19:45:00,25.03,25.03,25.03,25.03,100,0
2017-03-08,20:55:00,24.99,24.99,24.99,24.99,100,0
2017-03-08,21:30:00,24.99,24.99,24.99,24.99,100,0
2017-03-08,21:55:00,24.95,24.95,24.95,24.95,100,0
2017-03-09,18:30:00,24.9899,24.9899,24.9043,24.9043,716,0
2017-03-09,19:35:00,24.8393,24.8393,24.82,24.82,828,0
2017-03-09,21:20:00,24.9549,24.9549,24.9549,24.9549,170,0
2017-03-09,21:40:00,24.8501,24.8724,24.8501,24.8724,750,0
2017-03-10,21:55:00,25.0653,25.0653,25.0653,25.0653,200,0
2017-03-13,17:05:00,25.0455,25.0455,25.0455,25.0455,867,0
2017-03-13,17:35:00,25,25,25,25,1300,0
2017-03-15,19:10:00,25.144,25.156,25.144,25.156,400,0
2017-03-15,19:55:00,25.0666,25.0666,25.0666,25.0666,107,0
2017-03-16,16:10:00,25.1399,25.1399,25.1399,25.1399,206,0
2017-03-16,18:55:00,25.036,25.036,25.036,25.036,1100,0
2017-03-16,19:10:00,25.0836,25.0836,25.0836,25.0836,100,0
2017-03-16,19:20:00,25.0841,25.0841,25.0841,25.0841,1300,0
2017-03-16,19:25:00,25.127,25.127,25.127,25.127,500,0
2017-03-16,19:40:00,25.0822,25.0822,25.0822,25.0822,100,0
2017-03-16,19:50:00,25.115,25.115,25.115,25.115,300,0
2017-03-20,17:05:00,24.9926,24.9926,24.9926,24.9926,2525,0
2017-03-20,19:10:00,24.9622,24.9622,24.9622,24.9622,135,0
2017-03-21,14:35:00,24.97,24.97,24.97,24.97,168,0
2017-03-21,18:20:00,24.74,24.74,24.72,24.72,200,0
2017-03-21,18:30:00,24.7026,24.7026,24.7026,24.7026,2730,0
2017-03-21,18:45:00,24.731,24.731,24.731,24.731,100,0
2017-03-21,20:00:00,24.74,24.74,24.74,24.74,100,0
2017-03-22,17:30:00,24.7478,24.7478,24.7478,24.7478,120,0
2017-03-22,19:35:00,24.72,24.72,24.72,24.72,100,0
2017-03-23,16:05:00,24.8,24.8,24.8,24.8,100,0
2017-03-23,17:25:00,24.82,24.82,24.82,24.82,100,0
2017-03-23,17:55:00,24.82,24.82,24.82,24.82,100,0
2017-03-23,20:00:00,24.84,24.84,24.84,24.84,100,0
2017-03-23,21:00:00,24.65,24.65,24.65,24.65,100,0
2017-03-24,14:35:00,24.61,24.61,24.61,24.61,190,0
2017-03-24,16:20:00,24.75,24.82,24.7364,24.82,500,0
2017-03-24,17:15:00,24.76,24.76,24.76,24.76,100,0
2017-03-24,18:15:00,24.74,24.78,24.74,24.78,200,0
2017-03-24,19:15:00,24.75,24.75,24.75,24.75,200,0
2017-03-24,19:55:00,24.67,24.67,24.67,24.67,200,0
2017-03-24,20:15:00,24.62,24.62,24.62,24.62,100,0
2017-03-24,20:25:00,24.615,24.615,24.615,24.615,200,0
2017-03-24,20:50:00,24.78,24.78,24.68,24.68,300,0
2017-03-24,20:55:00,24.71,24.71,24.71,24.71,100,0
2017-03-24,21:00:00,24.75,24.75,24.75,24.75,100,0
2017-03-27,15:55:00,24.48,24.49,24.4401,24.4401,592,0
2017-03-27,16:05:00,24.421,24.421,24.421,24.421,525,0
2017-03-27,16:30:00,24.49,24.49,24.49,24.49,100,0
2017-03-27,17:40:00,24.62,24.62,24.62,24.62,100,0
2017-03-27,19:20:00,24.67,24.67,24.67,24.67,100,0
2017-03-27,20:55:00,24.6,24.6,24.57,24.57,217,0
2017-03-27,21:00:00,24.6,24.6,24.6,24.6,200,0
2017-03-28,17:50:00,24.66,24.66,24.66,24.66,100,0
2017-03-28,20:50:00,24.8078,24.8078,24.8078,24.8078,114,0
2017-03-29,16:10:00,24.71,24.71,24.71,24.71,100,0
2017-03-30,18:35:00,24.816,24.816,24.816,24.816,800,0
2017-03-30,18:45:00,24.843,24.843,24.843,24.843,149,0
2017-03-31,18:20:00,24.8948,24.8948,24.8948,24.8948,148,0
2017-03-31,18:50:00,24.8645,24.8645,24.8645,24.8645,100,0
2017-03-31,21:05:00,24.8403,24.8403,24.8403,24.8403,139,0
2017-03-31,21:10:00,24.8999,24.8999,24.8999,24.8999,161,0
2017-04-04,20:30:00,24.7652,24.7652,24.7652,24.7652,331,0
2017-04-05,16:10:00,24.77,24.9099,24.77,24.9099,628,0
2017-04-05,16:35:00,24.86,24.86,24.86,24.86,100,0
2017-04-05,17:30:00,24.85,24.85,24.85,24.85,100,0
2017-04-05,17:40:00,24.7742,24.7742,24.7701,24.7701,762,0
2017-04-05,21:45:00,24.725,24.725,24.725,24.725,994,0
2017-04-06,15:35:00,24.68,24.68,24.68,24.68,133,0
2017-04-06,18:00:00,24.79,24.79,24.79,24.79,100,0
2017-04-07,16:10:00,24.79,24.79,24.79,24.79,100,0
2017-04-07,16:30:00,24.79,24.79,24.79,24.79,100,0
2017-04-07,17:05:00,24.79,24.79,24.79,24.79,100,0
2017-04-07,17:30:00,24.78,24.78,24.78,24.78,100,0
2017-04-07,18:10:00,24.8,24.8,24.8,24.8,100,0
2017-04-07,18:40:00,24.79,24.79,24.79,24.79,100,0
2017-04-07,19:15:00,24.8,24.8,24.8,24.8,100,0
2017-04-07,20:10:00,24.8,24.8,24.8,24.8,100,0
2017-04-07,20:55:00,24.8,24.8,24.8,24.8,100,0
2017-04-07,21:30:00,24.81,24.81,24.81,24.81,100,0
2017-04-07,21:55:00,24.78,24.78,24.78,24.78,100,0
2017-04-10,16:10:00,24.7,24.7,24.7,24.7,100,0
2017-04-11,15:35:00,24.67,24.67,24.67,24.67,100,0
2017-04-11,17:30:00,24.6536,24.68,24.6281,24.665,3654,0
2017-04-11,17:45:00,24.6367,24.6367,24.6367,24.6367,214,0
2017-04-11,19:05:00,24.65,24.65,24.65,24.65,100,0
2017-04-11,19:45:00,24.6447,24.6447,24.6447,24.6447,200,0
2017-04-12,15:45:00,24.6347,24.6347,24.6347,24.6347,100,0
2017-04-12,15:55:00,24.6645,24.6645,24.6645,24.6645,300,0
2017-04-12,16:00:00,24.615,24.615,24.615,24.615,300,0
2017-04-12,16:05:00,24.601,24.601,24.601,24.601,300,0
2017-04-12,16:10:00,24.65,24.65,24.65,24.65,100,0
2017-04-12,16:40:00,24.6246,24.6602,24.6246,24.6602,315,0
2017-04-12,16:45:00,24.604,24.604,24.604,24.604,163,0
2017-04-12,19:35:00,24.61,24.6248,24.57,24.6248,861,0
2017-04-12,19:40:00,24.5956,24.5956,24.5956,24.5956,1139,0
2017-04-12,19:45:00,24.6302,24.6302,24.6302,24.6302,1000,0
2017-04-13,18:25:00,24.6017,24.6017,24.5746,24.5746,400,0
2017-04-13,18:40:00,24.6059,24.646,24.6059,24.646,400,0
2017-04-13,19:15:00,24.5704,24.5704,24.5704,24.5704,139,0
2017-04-13,21:05:00,24.632,24.632,24.5802,24.5802,700,0
2017-04-13,21:10:00,24.53,24.5546,24.53,24.5546,600,0
2017-04-17,19:20:00,24.626,24.626,24.626,24.626,100,0
2017-04-17,19:50:00,24.5846,24.5846,24.5846,24.5846,100,0
2017-04-18,20:25:00,24.64,24.64,24.61,24.625,2200,0
2017-04-19,19:30:00,24.7002,24.7002,24.7002,24.7002,300,0
2017-04-19,20:35:00,24.742,24.742,24.742,24.742,200,0
2017-04-20,18:20:00,24.7872,24.7872,24.7872,24.7872,319,0
2017-04-20,21:40:00,24.797,24.797,24.797,24.797,120,0
2017-04-21,15:35:00,24.7,24.7,24.7,24.7,330,0
2017-04-21,20:55:00,24.786,24.786,24.786,24.786,800,0
2017-04-21,21:05:00,24.74,24.74,24.74,24.74,200,0
2017-04-24,15:40:00,24.89,24.89,24.89,24.89,200,0
2017-04-24,15:50:00,24.8649,24.8649,24.8649,24.8649,418,0
2017-04-24,16:15:00,24.9145,24.9145,24.9145,24.9145,100,0
2017-04-24,16:55:00,24.9,24.9,24.868,24.868,400,0
2017-04-24,17:00:00,24.864,24.864,24.864,24.864,282,0
2017-04-25,15:55:00,25.0159,25.0159,25.0159,25.0159,600,0
2017-04-25,16:00:00,24.964,24.964,24.964,24.964,100,0
2017-04-25,16:55:00,24.975,24.975,24.975,24.975,200,0
2017-04-25,18:00:00,25,25.0179,24.984,24.99,1210,0
2017-04-25,19:55:00,25.03,25.03,25.03,25.03,100,0
2017-04-25,20:20:00,25.0429,25.0429,25.0429,25.0429,425,0
2017-04-25,20:55:00,25.03,25.03,25,25.006,1000,0
2017-04-26,16:00:00,25.005,25.005,25.005,25.005,333,0
2017-04-26,20:35:00,25.0627,25.0627,25.0627,25.0627,400,0
2017-05-01,16:50:00,25.17,25.17,25.17,25.17,198,0
2017-05-02,16:10:00,25.03,25.03,25.03,25.03,100,0
2017-05-02,18:45:00,25.12,25.152,25.12,25.152,400,0
2017-05-03,17:35:00,24.99,25.01,24.99,24.99,2716,0
2017-05-04,19:15:00,25.0796,25.0796,25.0796,25.0796,225,0
2017-05-04,21:45:00,25.0698,25.0698,25.0698,25.0698,258,0
2017-05-05,21:00:00,25.16,25.1978,25.16,25.1978,200,0
2017-05-08,15:35:00,25.38,25.38,25.38,25.38,118,0
2017-05-08,16:10:00,25.14,25.14,25.14,25.14,100,0
2017-05-09,16:10:00,25.18,25.18,25.18,25.18,100,0
2017-05-09,16:50:00,25.17,25.17,25.17,25.17,100,0
2017-05-09,21:15:00,25.185,25.185,25.162,25.164,977,0
2017-05-09,21:50:00,25.13,25.13,25.13,25.13,100,0
2017-05-11,16:25:00,25,25,24.99,24.99,300,0
2017-05-11,21:40:00,25.11,25.11,25.11,25.11,480,0
2017-05-12,16:05:00,25.1277,25.1277,25.072,25.072,336,0
2017-05-12,20:50:00,25.131,25.131,25.131,25.131,100,0
2017-05-15,16:45:00,25.1923,25.1923,25.1923,25.1923,167,0
2017-05-15,16:55:00,25.21,25.21,25.21,25.21,300,0
2017-05-16,17:05:00,25.14,25.15,25.13,25.13,1000,0
2017-05-16,18:00:00,25.17,25.17,25.17,25.17,300,0
2017-05-16,18:40:00,25.175,25.175,25.175,25.175,100,0
2017-05-16,19:05:00,25.16,25.1998,25.16,25.162,408,0
2017-05-16,21:45:00,25.175,25.175,25.175,25.175,100,0
2017-05-17,16:10:00,24.9418,24.9418,24.9418,24.9418,107,0
2017-05-17,18:25:00,24.9074,24.9074,24.9074,24.9074,397,0
2017-05-17,20:20:00,24.9218,24.9218,24.9218,24.9218,400,0
2017-05-18,16:10:00,24.7671,24.7671,24.7671,24.7671,180,0
2017-05-18,18:50:00,24.735,24.735,24.735,24.735,100,0
2017-05-19,18:45:00,24.99,25,24.99,25,508,0
2017-05-22,21:20:00,25.0976,25.0976,25.0976,25.0976,563,0
2017-05-23,17:00:00,25.11,25.11,25.11,25.11,300,0
2017-05-23,20:50:00,25.115,25.1325,25.115,25.1325,400,0
2017-05-24,17:35:00,25.2799,25.2799,25.2799,25.2799,551,0
2017-05-25,17:45:00,25.3318,25.3318,25.3318,25.3318,518,0
2017-05-26,15:35:00,25.5,25.5,25.5,25.5,490,0
2017-05-26,16:30:00,25.45,25.45,25.45,25.45,122,0
2017-05-26,17:05:00,25.3781,25.3781,25.3781,25.3781,317,0
2017-05-26,17:10:00,25.4599,25.4599,25.4599,25.4599,138,0
2017-05-30,15:35:00,25.5,25.5,25.5,25.5,1369,0
2017-05-30,18:40:00,25.365,25.365,25.365,25.365,100,0
2017-05-30,19:00:00,25.4479,25.4479,25.4479,25.4479,400,0
2017-05-31,19:10:00,25.427,25.427,25.427,25.427,106,0
2017-06-01,18:50:00,25.6699,25.6699,25.6699,25.6699,125,0
2017-06-01,19:40:00,25.6836,25.6836,25.6836,25.6836,132,0
2017-06-05,16:20:00,25.7615,25.7615,25.7615,25.7615,131,0
2017-06-05,18:00:00,25.65,25.6731,25.65,25.6731,890,0
2017-06-06,16:05:00,25.63,25.63,25.63,25.63,100,0
2017-06-06,16:15:00,25.62,25.62,25.62,25.62,200,0
2017-06-06,16:20:00,25.63,25.63,25.63,25.63,200,0
2017-06-06,16:30:00,25.61,25.61,25.61,25.61,200,0
2017-06-06,16:35:00,25.62,25.62,25.62,25.62,200,0
2017-06-06,16:40:00,25.61,25.61,25.61,25.61,200,0
2017-06-06,16:50:00,25.61,25.61,25.61,25.61,200,0
2017-06-06,16:55:00,25.61,25.61,25.61,25.61,200,0
2017-06-06,17:05:00,25.61,25.61,25.61,25.61,200,0
2017-06-06,17:10:00,25.6,25.6,25.6,25.6,200,0
2017-06-06,17:15:00,25.6,25.6,25.6,25.6,200,0
2017-06-06,17:25:00,25.59,25.59,25.59,25.59,200,0
2017-06-06,17:30:00,25.59,25.59,25.59,25.59,200,0
2017-06-06,17:40:00,25.6,25.6,25.6,25.6,200,0
2017-06-06,17:45:00,25.62,25.62,25.62,25.62,200,0
2017-06-06,17:50:00,25.62,25.62,25.62,25.62,200,0
2017-06-06,18:00:00,25.62,25.62,25.62,25.62,200,0
2017-06-06,18:05:00,25.62,25.62,25.62,25.62,200,0
2017-06-06,18:15:00,25.61,25.61,25.61,25.61,200,0
2017-06-06,18:20:00,25.61,25.61,25.61,25.61,200,0
2017-06-06,18:30:00,25.61,25.61,25.61,25.61,200,0
2017-06-06,18:35:00,25.6,25.6,25.6,25.6,200,0
2017-06-06,18:40:00,25.6,25.6,25.6,25.6,200,0
2017-06-06,18:50:00,25.59,25.59,25.59,25.59,200,0
2017-06-06,19:00:00,25.6,25.6,25.6,25.6,300,0
2017-06-06,21:20:00,25.72,25.72,25.72,25.72,119,0
2017-06-06,21:50:00,25.639,25.639,25.639,25.639,605,0
2017-06-07,15:35:00,25.51,25.51,25.51,25.51,295,0
2017-06-07,19:45:00,25.53,25.53,25.53,25.53,100,0
2017-06-07,22:00:00,25.58,25.58,25.58,25.58,153,0
2017-06-08,20:55:00,25.41,25.41,25.4,25.41,1925,0
2017-06-12,15:50:00,25.368,25.368,25.368,25.368,257,0
2017-06-12,21:20:00,25.33,25.33,25.33,25.33,445,0
2017-06-12,21:45:00,25.315,25.315,25.315,25.315,100,0
2017-06-14,15:35:00,25.52,25.52,25.52,25.52,188,0
2017-06-14,18:55:00,25.525,25.525,25.525,25.525,100,0
2017-06-20,17:35:00,25.51,25.5188,25.5,25.5,12900,0
2017-06-20,18:55:00,25.445,25.445,25.445,25.445,200,0
2017-06-20,21:20:00,25.569,25.569,25.569,25.569,326,0
2017-06-21,20:25:00,25.353,25.353,25.353,25.353,300,0
2017-06-27,15:35:00,25.298,25.298,25.298,25.298,170,0
2017-06-29,15:35:00,25.25,25.25,25.25,25.25,100,0
2017-06-30,15:35:00,25.13,25.13,25.13,25.13,100,0
2017-06-30,15:40:00,25.06,25.06,25.06,25.06,100,0
2017-06-30,17:35:00,25.1,25.1,25.1,25.1,100,0
2017-06-30,21:15:00,25.07,25.1013,25.07,25.1013,200,0
2017-07-06,18:10:00,24.78,24.786,24.78,24.786,380,0
2017-07-06,18:25:00,24.75,24.75,24.75,24.75,285,0
2017-07-06,21:15:00,24.81,24.81,24.81,24.81,900,0
2017-07-07,15:35:00,24.58,24.58,24.58,24.58,230,0
2017-07-07,21:45:00,24.862,24.862,24.862,24.862,300,0
2017-07-10,15:50:00,24.78,24.78,24.78,24.78,100,0
2017-07-10,17:10:00,24.78,24.78,24.78,24.78,108,0
2017-07-10,20:35:00,24.803,24.803,24.803,24.803,172,0
2017-07-13,20:10:00,24.9499,24.9499,24.9499,24.9499,126,0
2017-07-17,15:35:00,24.88,24.88,24.88,24.88,2595,0
2017-07-17,15:40:00,24.97,24.97,24.97,24.97,300,0
2017-07-17,16:00:00,25.015,25.015,25,25,400,0
2017-07-17,16:05:00,25,25,25,25,176,0
2017-07-17,16:10:00,25.01,25.01,25.01,25.01,500,0
2017-07-17,16:20:00,25.03,25.03,25.03,25.03,100,0
2017-07-17,20:40:00,25.1352,25.1352,25.1352,25.1352,100,0
2017-07-18,16:10:00,24.93,24.93,24.93,24.93,100,0
2017-07-18,16:35:00,25.0857,25.0857,25.0857,25.0857,235,0
2017-07-19,21:30:00,25.1322,25.1322,25.1322,25.1322,400,0
2017-07-24,17:50:00,25.045,25.045,25.045,25.045,100,0
2017-07-24,18:55:00,25.015,25.015,25.015,25.015,100,0
2017-07-26,15:35:00,24.97,25.07,24.97,25.06,1669,0
2017-07-26,15:55:00,25.09,25.09,25.09,25.09,342,0
2017-07-28,15:40:00,25.0173,25.0173,25.0173,25.0173,259,0
2017-07-31,17:20:00,25.015,25.015,25.015,25.015,385,0
2017-07-31,19:05:00,24.965,24.965,24.965,24.965,200,0
2017-08-01,17:15:00,24.9,24.9792,24.9,24.9792,1213,0
2017-08-01,22:00:00,24.98,24.98,24.98,24.98,200,0
2017-08-02,19:05:00,24.925,24.925,24.925,24.925,200,0
2017-08-03,19:00:00,24.892,24.892,24.892,24.892,100,0
2017-08-04,20:20:00,24.935,24.935,24.935,24.935,103,0
2017-08-07,21:35:00,24.98,24.98,24.98,24.98,100,0
2017-08-07,22:00:00,24.94,24.94,24.94,24.94,100,0
2017-08-08,18:55:00,24.981,24.981,24.981,24.981,200,0
2017-08-08,21:40:00,24.9072,24.9072,24.9072,24.9072,1324,0
2017-08-09,21:05:00,24.845,24.845,24.845,24.845,100,0
2017-08-09,21:55:00,24.88,24.8949,24.868,24.8949,710,0
2017-08-09,22:00:00,24.895,24.895,24.895,24.895,100,0
2017-08-10,21:30:00,24.6572,24.6572,24.6489,24.6489,204,0
2017-08-14,21:30:00,24.84,24.84,24.84,24.84,200,0
2017-08-15,17:50:00,24.74,24.74,24.74,24.74,258,0
2017-08-15,20:00:00,24.7742,24.7742,24.74,24.74,562,0
2017-08-16,19:05:00,24.8472,24.8472,24.8472,24.8472,250,0
2017-08-16,19:25:00,24.81,24.8353,24.81,24.8353,354,0
2017-08-16,20:10:00,24.85,24.85,24.85,24.85,100,0
2017-08-17,19:00:00,24.611,24.611,24.611,24.611,200,0
2017-08-17,19:15:00,24.61,24.6582,24.61,24.61,2400,0
2017-08-18,16:45:00,24.5272,24.5272,24.5144,24.5144,620,0
2017-08-18,17:30:00,24.51,24.51,24.51,24.51,100,0
2017-08-22,18:40:00,24.705,24.705,24.705,24.705,200,0
2017-08-23,18:20:00,24.7462,24.7462,24.7462,24.7462,107,0
2017-08-23,18:45:00,24.7562,24.7562,24.7562,24.7562,405,0
2017-08-24,17:25:00,24.7684,24.7684,24.7684,24.7684,605,0
2017-08-24,19:40:00,24.7476,24.7476,24.7476,24.7476,395,0
2017-08-29,18:10:00,24.725,24.725,24.725,24.725,100,0
2017-08-29,20:00:00,24.725,24.725,24.725,24.725,148,0
2017-08-31,17:05:00,24.9502,24.9502,24.9502,24.9502,200,0
2017-09-05,21:25:00,24.96,24.96,24.95,24.95,600,0
2017-09-12,18:50:00,25.21,25.21,25.21,25.21,106,0
2017-09-12,20:00:00,25.2791,25.2791,25.2791,25.2791,200,0
2017-09-12,20:10:00,25.2746,25.2746,25.2746,25.2746,300,0
2017-09-12,20:25:00,25.3002,25.302,25.3,25.3,386,0
2017-09-12,21:00:00,25.33,25.33,25.3295,25.3295,200,0
2017-09-12,21:15:00,25.3295,25.34,25.3295,25.34,200,0
2017-09-14,16:10:00,25.2326,25.2326,25.2326,25.2326,334,0
2017-09-15,17:10:00,25.225,25.23,25.225,25.23,5400,0
2017-09-15,17:15:00,25.225,25.225,25.225,25.225,900,0
2017-09-18,16:55:00,25.31,25.31,25.31,25.31,100,0
2017-09-18,18:40:00,25.28,25.28,25.28,25.28,100,0
2017-09-18,20:25:00,25.15,25.15,25.15,25.15,400,0
2017-09-18,20:35:00,25.185,25.185,25.185,25.185,100,0
2017-09-18,21:05:00,25.18,25.18,25.18,25.18,100,0
2017-09-20,15:35:00,25.39,25.39,25.39,25.39,235,0
2017-09-20,20:55:00,25.1038,25.1038,25.1038,25.1038,146,0
2017-09-20,21:40:00,25.11,25.11,25.11,25.11,400,0
2017-09-21,17:15:00,25.12,25.1201,25.12,25.1201,830,0
2017-09-25,20:50:00,25.005,25.005,25.0008,25.0008,276,0
2017-09-26,19:20:00,25.0308,25.0308,25.0308,25.0308,185,0
2017-09-26,19:35:00,25.01,25.0271,25.01,25.0271,559,0
2017-09-28,21:45:00,25.015,25.015,25.0047,25.0047,1219,0
2017-09-28,22:00:00,24.98,24.98,24.98,24.98,200,0
2017-09-29,15:35:00,24.95,24.95,24.95,24.95,400,0
2017-09-29,17:15:00,25,25,25,25,100,0
2017-09-29,17:20:00,25.004,25.004,25.004,25.004,200,0
2017-09-29,22:00:00,25.02,25.02,25.02,25.02,261,0
2017-10-02,16:50:00,25.135,25.14,25.135,25.14,6900,0
2017-10-02,16:55:00,25.14,25.14,25.12,25.125,729,0
2017-10-02,17:15:00,25.12,25.12,25.12,25.12,900,0
2017-10-02,17:35:00,25.115,25.115,25.115,25.115,900,0
2017-10-02,17:40:00,25.1143,25.1143,25.1143,25.1143,144,0
2017-10-02,19:30:00,25.16,25.16,25.155,25.155,465,0
2017-10-03,21:40:00,25.25,25.25,25.25,25.25,265,0
2017-10-04,17:55:00,25.3,25.3,25.3,25.3,100,0
2017-10-05,18:10:00,25.4482,25.4482,25.4482,25.4482,100,0
2017-10-05,20:15:00,25.45,25.45,25.45,25.45,125,0
2017-10-11,19:00:00,25.305,25.3234,25.3,25.3234,313,0
2017-10-12,17:20:00,25.34,25.34,25.34,25.34,3782,0
2017-10-16,15:35:00,25.58,25.58,25.58,25.58,100,0
2017-10-16,18:20:00,25.33,25.33,25.33,25.33,100,0
2017-10-18,21:15:00,25.33,25.33,25.33,25.33,220,0
2017-10-23,16:10:00,25.515,25.515,25.515,25.515,200,0
2017-10-25,15:35:00,25.42,25.42,25.42,25.42,4995,0
2017-10-25,15:40:00,25.47,25.47,25.47,25.47,300,0
2017-10-25,16:50:00,25.34,25.342,25.34,25.342,3500,0
2017-10-25,19:55:00,25.34,25.34,25.34,25.34,100,0
2017-10-25,20:05:00,25.345,25.345,25.33,25.33,200,0
2017-10-26,16:10:00,25.41,25.41,25.41,25.41,100,0
2017-10-26,22:00:00,25.47,25.47,25.47,25.47,500,0
2017-10-30,15:10:00,25.49,25.49,25.49,25.49,100,0
2017-10-30,15:45:00,25.54,25.54,25.54,25.54,200,0
2017-10-30,18:30:00,25.5,25.5,25.5,25.5,100,0
2017-10-30,19:45:00,25.4701,25.51,25.4701,25.51,317,0
2017-10-30,20:05:00,25.505,25.505,25.505,25.505,381,0
2017-10-31,16:30:00,25.61,25.61,25.5692,25.5692,1017,0
2017-11-01,15:30:00,25.605,25.605,25.605,25.605,350,0
2017-11-01,15:55:00,25.585,25.59,25.585,25.59,1900,0
2017-11-01,16:15:00,25.552,25.552,25.55,25.55,517,0
2017-11-02,18:50:00,25.485,25.485,25.485,25.485,100,0
2017-11-03,17:45:00,25.542,25.542,25.542,25.542,100,0
2017-11-03,18:15:00,25.56,25.56,25.56,25.56,100,0
2017-11-07,15:35:00,25.75,25.75,25.75,25.75,586,0
2017-11-13,19:35:00,25.62,25.62,25.62,25.62,100,0
2017-11-13,20:35:00,25.6292,25.6292,25.6292,25.6292,781,0
2017-11-15,20:20:00,25.4876,25.4876,25.4876,25.4876,246,0
2017-11-15,20:25:00,25.4876,25.515,25.4876,25.515,273,0
2017-11-17,19:30:00,25.65,25.65,25.65,25.65,687,0
2017-11-20,19:05:00,25.605,25.605,25.605,25.605,200,0
2017-11-28,17:40:00,25.9,25.9,25.9,25.9,100,0
2017-11-28,20:55:00,25.97,25.9768,25.97,25.9768,800,0
2017-11-29,21:20:00,26.02,26.02,26.02,26.02,100,0
2017-11-30,20:45:00,26.28,26.28,26.2196,26.2196,1000,0
2017-12-04,21:20:00,26.4428,26.4428,26.4428,26.4428,943,0
2017-12-06,18:40:00,26.1575,26.1676,26.1575,26.1676,227,0
2017-12-06,18:45:00,26.125,26.125,26.125,26.125,128,0
