Date,Time,Open,High,Low,Close,Volume,OpenInt
2015-05-20,15:35:00,18.33,18.33,18.33,18.33,540,0
2015-05-20,16:40:00,18.22,18.22,18.22,18.22,647,0
2015-05-20,17:00:00,18.2,18.2,18.2,18.2,910,0
2015-05-20,17:15:00,18.17,18.19,18.11,18.17,2895,0
2015-05-20,17:20:00,18.247,18.247,18.247,18.247,100,0
2015-05-20,20:15:00,18.19,18.19,18.19,18.19,203,0
2015-05-21,15:35:00,18.15,18.15,18.15,18.15,600,0
2015-05-21,16:45:00,18.232,18.232,18.232,18.232,140,0
2015-05-21,17:35:00,18.359,18.359,18.359,18.359,556,0
2015-05-21,20:35:00,18.3558,18.3558,18.3558,18.3558,600,0
2015-05-22,15:35:00,17.88,17.9699,17.88,17.9699,1815,0
2015-05-22,15:40:00,17.88,17.88,17.88,17.88,200,0
2015-05-22,15:45:00,17.89,17.89,17.89,17.89,100,0
2015-05-22,16:50:00,17.908,17.908,17.908,17.908,100,0
2015-05-22,18:00:00,17.865,17.865,17.865,17.865,400,0
2015-05-22,19:15:00,17.9999,17.9999,17.9999,17.9999,500,0
2015-05-26,15:35:00,17.95,17.95,17.9499,17.9499,607,0
2015-05-26,15:40:00,17.85,17.85,17.85,17.85,100,0
2015-05-26,15:45:00,17.3683,17.48,16.53,17.25,3662,0
2015-05-26,16:25:00,17.2,17.2,17.19,17.2,800,0
2015-05-26,17:00:00,17.8565,17.8565,17.8565,17.8565,200,0
2015-05-26,18:35:00,17.6092,17.6092,17.6092,17.6092,500,0
2015-05-26,19:40:00,17.5,17.5,17.5,17.5,300,0
2015-05-26,21:25:00,16.53,17.9499,16.53,17.9499,1705,0
2015-05-26,21:35:00,16.6432,16.6432,16.6432,16.6432,150,0
2015-05-27,16:25:00,17.4,17.4,17.4,17.4,1000,0
2015-05-27,17:45:00,17.358,17.358,17.358,17.358,300,0
2015-05-27,18:40:00,16.72,16.72,16.72,16.72,600,0
2015-05-27,20:05:00,17.35,17.35,17.35,17.35,900,0
2015-05-27,20:45:00,17.3418,17.3418,17.3418,17.3418,100,0
2015-05-27,21:10:00,17.3585,17.3637,17.3585,17.3637,350,0
2015-05-27,21:25:00,17.3972,17.3972,17.3972,17.3972,100,0
2015-05-27,21:50:00,17.4,17.4,17.4,17.4,350,0
2015-05-28,15:55:00,17.3,17.3,17.29,17.29,1500,0
2015-05-28,16:10:00,17.45,17.45,17.45,17.45,780,0
2015-05-28,16:45:00,17.46,17.46,17.4394,17.4394,770,0
2015-05-28,17:05:00,17.5,17.5,17.5,17.5,930,0
2015-05-28,18:20:00,17.494,17.57,17.494,17.57,900,0
2015-05-28,18:40:00,17.57,17.57,17.57,17.57,600,0
2015-05-28,20:05:00,17.49,17.565,17.49,17.565,570,0
2015-05-28,21:40:00,17.62,17.62,17.62,17.62,200,0
2015-05-29,15:55:00,17.84,17.84,17.84,17.84,500,0
2015-05-29,18:25:00,17.84,17.84,17.84,17.84,303,0
2015-05-29,18:40:00,17.774,17.774,17.774,17.774,250,0
2015-05-29,18:45:00,17.7806,17.7806,17.7806,17.7806,550,0
2015-05-29,21:55:00,17.78,17.78,17.78,17.78,174,0
2015-06-01,15:40:00,17.75,17.75,17.59,17.59,374,0
2015-06-01,16:25:00,17.48,17.48,17.48,17.48,150,0
2015-06-01,17:05:00,17.482,17.482,17.482,17.482,100,0
2015-06-01,18:30:00,17.46,17.46,17.46,17.46,105,0
2015-06-01,21:25:00,17.64,17.64,17.64,17.64,100,0
2015-06-01,22:00:00,17.64,17.64,17.64,17.64,100,0
2015-06-02,15:35:00,18.3,18.3,18.3,18.3,200,0
2015-06-02,16:00:00,18.1983,18.1983,18.1983,18.1983,100,0
2015-06-02,16:10:00,18.2425,18.2425,18.2425,18.2425,140,0
2015-06-02,16:45:00,18.2,18.2,18.2,18.2,400,0
2015-06-02,16:55:00,18.27,18.27,18.27,18.27,200,0
2015-06-02,17:00:00,18.26,18.26,18.26,18.26,100,0
2015-06-02,17:05:00,18.21,18.21,18.21,18.21,100,0
2015-06-02,17:20:00,18.19,18.19,18.19,18.19,400,0
2015-06-02,17:25:00,18.221,18.221,18.221,18.221,275,0
2015-06-02,18:55:00,18.4599,18.4599,18.4599,18.4599,150,0
2015-06-02,20:15:00,18.4,18.4,18.4,18.4,600,0
2015-06-02,20:35:00,18.39,18.4,18.39,18.4,300,0
2015-06-02,20:40:00,18.4,18.4,18.4,18.4,354,0
2015-06-02,21:20:00,18.221,18.221,18.221,18.221,300,0
2015-06-02,21:30:00,18.221,18.221,18.22,18.22,300,0
2015-06-02,21:35:00,18.305,18.305,18.305,18.305,500,0
2015-06-02,21:40:00,18.39,18.39,18.39,18.39,100,0
2015-06-02,22:00:00,18.38,18.38,18.38,18.38,100,0
2015-06-03,15:40:00,18.8895,18.89,18.8895,18.89,850,0
2015-06-03,16:15:00,18.1727,18.1727,18.1727,18.1727,100,0
2015-06-03,16:25:00,18.75,18.75,18.75,18.75,110,0
2015-06-03,18:45:00,18.6801,18.6801,18.6801,18.6801,100,0
2015-06-04,15:55:00,18.67,18.67,18.67,18.67,200,0
2015-06-04,20:00:00,18.75,18.75,18.75,18.75,200,0
2015-06-04,20:45:00,18.6651,18.6651,18.6651,18.6651,300,0
2015-06-05,15:35:00,18.89,18.89,18.89,18.89,210,0
2015-06-05,15:45:00,18.19,18.22,18.19,18.22,400,0
2015-06-05,16:45:00,18.18,18.18,18.18,18.18,500,0
2015-06-05,18:00:00,18.25,18.25,18.25,18.25,520,0
2015-06-08,18:00:00,18.4801,18.4801,18.4801,18.4801,100,0
2015-06-08,20:20:00,18.735,18.735,18.735,18.735,200,0
2015-06-09,16:05:00,18.7007,18.7007,18.7007,18.7007,100,0
2015-06-09,17:55:00,18.7,18.7,18.7,18.7,100,0
2015-06-10,16:10:00,18.76,18.79,18.7401,18.79,3771,0
2015-06-10,17:15:00,18.9,18.9,18.9,18.9,100,0
2015-06-10,19:30:00,18.89,18.89,18.89,18.89,300,0
2015-06-10,19:35:00,18.8899,18.8899,18.8899,18.8899,300,0
2015-06-10,19:40:00,18.889,18.889,18.889,18.889,400,0
2015-06-10,22:00:00,18.87,18.87,18.87,18.87,102,0
2015-06-11,15:35:00,18.69,18.69,18.69,18.69,300,0
2015-06-11,16:55:00,18.497,18.497,18.497,18.497,100,0
2015-06-11,18:10:00,18.6324,18.6324,18.6324,18.6324,100,0
2015-06-11,18:30:00,18.62,18.62,18.62,18.62,500,0
2015-06-11,20:35:00,18.5884,18.5884,18.5884,18.5884,100,0
2015-06-11,20:45:00,18.62,18.62,18.62,18.62,100,0
2015-06-11,21:25:00,18.7411,18.7411,18.7411,18.7411,268,0
2015-06-12,16:35:00,18.5,18.5,18.5,18.5,100,0
2015-06-12,20:40:00,18.8699,18.8699,18.85,18.8699,3000,0
2015-06-12,22:00:00,18.83,18.83,18.83,18.83,100,0
2015-06-15,15:45:00,18.49,18.49,18.49,18.49,100,0
2015-06-15,16:00:00,18.4,18.56,17.99,18.28,5490,0
2015-06-16,15:40:00,18.59,18.59,18.59,18.59,100,0
2015-06-16,16:05:00,18.59,18.59,18.59,18.59,113,0
2015-06-16,16:15:00,18.51,18.51,18.4926,18.4926,1060,0
2015-06-16,17:05:00,18.74,18.74,18.63,18.63,1500,0
2015-06-16,17:10:00,18.6999,18.6999,18.63,18.63,1000,0
2015-06-16,18:20:00,18.5201,18.5201,18.5201,18.5201,200,0
2015-06-16,19:40:00,18.581,18.581,18.581,18.581,125,0
2015-06-16,20:10:00,18.57,18.57,18.57,18.57,100,0
2015-06-16,20:40:00,18.55,18.55,18.55,18.55,100,0
2015-06-17,16:50:00,18.6,18.6,18.6,18.6,100,0
2015-06-17,19:25:00,18.76,18.82,18.76,18.82,1100,0
2015-06-17,21:05:00,18.71,18.71,18.71,18.71,800,0
2015-06-17,21:20:00,18.82,18.82,18.82,18.82,135,0
2015-06-18,15:35:00,19,19,19,19,100,0
2015-06-18,16:05:00,18.05,18.05,18.05,18.05,500,0
2015-06-18,16:20:00,19.279,19.279,19.279,19.279,200,0
2015-06-18,19:00:00,19.1,19.1,19.1,19.1,2000,0
2015-06-18,21:15:00,19.014,19.014,18.89,18.89,200,0
2015-06-19,15:45:00,18.8501,18.8501,18.8501,18.8501,750,0
2015-06-22,15:35:00,18.88,19,18.88,19,204,0
2015-06-22,16:10:00,19.235,19.235,19.235,19.235,106,0
2015-06-22,16:30:00,19.11,19.11,19.1,19.1,1100,0
2015-06-22,16:35:00,19.1,19.1,19.1,19.1,100,0
2015-06-22,16:45:00,19.1,19.1,19.1,19.1,300,0
2015-06-22,17:05:00,19.25,19.25,19.25,19.25,100,0
2015-06-22,18:20:00,19.28,19.28,19.28,19.28,525,0
2015-06-22,19:15:00,19.2699,19.2699,19.2699,19.2699,100,0
2015-06-22,19:30:00,19.265,19.265,19.265,19.265,100,0
2015-06-22,21:00:00,19.025,19.025,19.025,19.025,100,0
2015-06-23,19:00:00,18.3352,18.3352,18.3352,18.3352,100,0
2015-06-23,19:45:00,18.279,18.279,18.279,18.279,100,0
2015-06-23,21:10:00,18.32,18.32,18.32,18.32,100,0
2015-06-24,15:45:00,18.63,18.63,18.63,18.63,100,0
2015-06-24,16:00:00,18.64,18.64,18.64,18.64,140,0
2015-06-24,16:25:00,18.63,18.63,18.4,18.41,400,0
2015-06-24,16:30:00,18.42,18.42,18.42,18.42,200,0
2015-06-24,16:45:00,18.41,18.41,18.41,18.41,100,0
2015-06-24,17:30:00,18.41,18.41,18.41,18.41,468,0
2015-06-24,18:45:00,18.6299,18.6299,18.6299,18.6299,268,0
2015-06-24,20:20:00,18.59,18.59,18.59,18.59,100,0
2015-06-24,21:15:00,18.62,18.62,18.62,18.62,124,0
2015-06-25,16:05:00,18.62,18.62,18.62,18.62,100,0
2015-06-25,16:45:00,18.62,18.62,18.62,18.62,100,0
2015-06-25,18:30:00,18.55,18.57,18.55,18.57,200,0
2015-06-25,18:35:00,18.58,18.58,18.58,18.58,230,0
2015-06-25,19:15:00,18.649,18.649,18.465,18.465,1000,0
2015-06-26,15:35:00,18.5,18.5,18.5,18.5,560,0
2015-06-26,18:30:00,18.51,18.53,18.51,18.53,280,0
2015-06-26,18:35:00,18.48,18.48,18.4,18.4,200,0
2015-06-26,22:00:00,18.59,18.59,18.59,18.59,500,0
2015-06-29,15:35:00,18.3,18.3,18.3,18.3,490,0
2015-06-29,15:50:00,18.3,18.3,18.3,18.3,100,0
2015-06-29,15:55:00,18.06,18.06,18.0101,18.0101,300,0
2015-06-29,17:00:00,18.1301,18.1301,18.13,18.13,2000,0
2015-06-29,17:30:00,18.32,18.32,18.2842,18.2842,1275,0
2015-06-29,17:40:00,18.32,18.32,18.32,18.32,300,0
2015-06-29,19:35:00,18.44,18.44,18.44,18.44,400,0
2015-06-29,19:45:00,18.62,18.65,18.4446,18.65,700,0
2015-06-29,20:55:00,18.6901,18.6901,18.6901,18.6901,100,0
2015-06-29,21:15:00,18.79,18.79,18.6399,18.7,849,0
2015-06-29,22:00:00,18.65,18.65,18.6037,18.65,300,0
2015-06-30,15:35:00,18.6,18.6,18.6,18.6,354,0
2015-06-30,16:25:00,18.4156,18.4156,18.4156,18.4156,100,0
2015-06-30,17:15:00,18.5,18.5,18.5,18.5,100,0
2015-06-30,18:30:00,18.56,18.56,18.56,18.56,131,0
2015-06-30,20:05:00,18.56,18.56,18.56,18.56,400,0
2015-07-01,16:05:00,18.05,18.05,18,18,450,0
2015-07-01,21:10:00,18.04,18.04,18.04,18.04,150,0
2015-07-02,15:35:00,17.99,18.02,17.99,18.015,500,0
2015-07-02,16:05:00,18,18.46,18,18.46,300,0
2015-07-02,16:10:00,18.43,18.43,18.37,18.37,200,0
2015-07-02,17:00:00,18.48,18.48,18.48,18.48,3000,0
2015-07-02,20:20:00,18.4399,18.4399,18.4399,18.4399,100,0
2015-07-02,20:45:00,18.43,18.43,18.43,18.43,100,0
2015-07-02,20:50:00,18.39,18.39,18.39,18.39,100,0
2015-07-02,21:15:00,18.41,18.41,18.41,18.41,876,0
2015-07-06,15:35:00,17.78,17.78,17.78,17.78,540,0
2015-07-06,16:05:00,17.59,17.59,17.59,17.59,200,0
2015-07-06,17:00:00,17.99,17.99,17.99,17.99,300,0
2015-07-06,17:30:00,17.68,17.68,17.68,17.68,3000,0
2015-07-06,17:40:00,17.66,17.97,17.66,17.9501,1552,0
2015-07-06,20:25:00,17.66,17.66,17.66,17.66,300,0
2015-07-07,15:35:00,17.5,17.93,17.19,17.7,500,0
2015-07-07,15:50:00,17.91,17.91,17.91,17.91,200,0
2015-07-07,17:55:00,17.9799,17.9799,17.9799,17.9799,300,0
2015-07-07,21:55:00,18.1798,18.1798,18.1798,18.1798,250,0
2015-07-08,15:55:00,17.5401,17.59,17.54,17.54,700,0
2015-07-08,16:15:00,18.04,18.04,18.04,18.04,400,0
2015-07-08,20:35:00,18.1999,18.1999,18.1999,18.1999,250,0
2015-07-08,21:55:00,17.8001,17.8001,17.8001,17.8001,1000,0
2015-07-09,15:55:00,17.9148,17.9148,17.9148,17.9148,100,0
2015-07-09,16:45:00,17.85,17.85,17.85,17.85,100,0
2015-07-09,16:55:00,18.108,18.11,18.107,18.11,1500,0
2015-07-09,17:00:00,17.95,17.95,17.87,17.87,200,0
2015-07-09,19:00:00,17.74,17.75,17.65,17.65,900,0
2015-07-10,15:45:00,18.12,18.12,18.12,18.12,400,0
2015-07-10,16:50:00,18.3861,18.3861,18.3861,18.3861,300,0
2015-07-10,21:45:00,18.4099,18.4099,18.4099,18.4099,500,0
2015-07-13,15:35:00,18.65,18.65,18.65,18.65,477,0
2015-07-14,16:45:00,17.71,17.71,17.71,17.71,361,0
2015-07-14,20:10:00,17.96,17.96,17.96,17.96,280,0
2015-07-15,15:35:00,17.71,17.71,17.7,17.7,360,0
2015-07-15,21:55:00,17.4008,17.4008,17.4008,17.4008,392,0
2015-07-16,15:40:00,17.239,17.239,17.239,17.239,100,0
2015-07-16,15:45:00,17.56,17.56,17.56,17.56,500,0
2015-07-17,15:35:00,17.65,17.65,17.65,17.65,550,0
2015-07-17,15:50:00,17.3,17.3,17.3,17.3,400,0
2015-07-17,19:50:00,17.12,17.12,17.12,17.12,420,0
2015-07-20,18:30:00,17.08,17.08,17.08,17.08,200,0
2015-07-20,19:05:00,17.15,17.15,17.15,17.15,200,0
2015-07-20,20:35:00,17,17,17,17,1160,0
2015-07-21,15:55:00,17.19,17.19,17.19,17.19,200,0
2015-07-22,18:20:00,17.14,17.14,17.14,17.14,110,0
2015-07-23,15:35:00,17.36,17.36,17.36,17.36,3000,0
2015-07-23,15:50:00,17.43,17.43,17.43,17.43,100,0
2015-07-23,18:55:00,17.57,17.57,17.57,17.57,100,0
2015-07-23,19:30:00,17.5201,17.5201,17.5201,17.5201,100,0
2015-07-23,22:00:00,17.88,17.88,17.88,17.88,200,0
2015-07-24,20:35:00,17.757,17.757,17.757,17.757,200,0
2015-07-24,20:45:00,17.52,17.52,17.52,17.52,300,0
2015-07-27,15:35:00,17.88,17.88,17.88,17.88,200,0
2015-07-27,15:55:00,17.93,17.93,17.93,17.93,100,0
2015-07-27,16:25:00,17.93,17.93,17.93,17.93,100,0
2015-07-28,18:45:00,17.8,17.8,17.8,17.8,500,0
2015-07-29,16:30:00,17.7,17.7,17.7,17.7,1590,0
2015-07-30,15:35:00,17.34,17.34,17.34,17.34,1000,0
2015-07-31,21:35:00,17.49,17.53,17.48,17.53,2275,0
2015-08-03,15:45:00,17.8799,17.8799,17.8799,17.8799,150,0
2015-08-03,21:50:00,17.72,17.72,17.72,17.72,450,0
2015-08-04,16:05:00,17.7855,17.7855,17.7855,17.7855,100,0
2015-08-04,16:50:00,17.743,17.743,17.743,17.743,100,0
2015-08-04,22:00:00,17.5497,17.5497,17.5497,17.5497,1200,0
2015-08-06,18:35:00,17.55,17.55,17.49,17.49,400,0
2015-08-07,18:10:00,17.475,17.475,17.475,17.475,100,0
2015-08-10,15:35:00,17.65,17.65,17.27,17.27,247,0
2015-08-10,16:20:00,17.51,17.8,17.51,17.8,2018,0
2015-08-10,20:55:00,17.96,17.96,17.95,17.95,818,0
2015-08-10,21:05:00,17.85,17.85,17.85,17.85,100,0
2015-08-12,15:35:00,18.15,18.15,18.15,18.15,1930,0
2015-08-12,15:55:00,18.29,18.3,18.29,18.3,400,0
2015-08-12,17:20:00,18.69,18.71,18.61,18.71,1100,0
2015-08-12,20:30:00,18.55,18.55,18.55,18.55,200,0
2015-08-13,15:35:00,18.41,18.41,18.2,18.2,860,0
2015-08-14,21:35:00,17.42,17.42,17.42,17.42,200,0
2015-08-14,21:55:00,18,18,18,18,200,0
2015-08-17,17:00:00,17.71,17.72,17.71,17.72,500,0
2015-08-17,18:00:00,17.71,17.71,17.69,17.69,650,0
2015-08-17,20:35:00,17.93,17.93,17.93,17.93,250,0
2015-08-18,15:35:00,17.59,17.59,17.59,17.59,100,0
2015-08-18,19:05:00,17.56,17.56,17.56,17.56,150,0
2015-08-18,19:50:00,18.1,18.1,18.1,18.1,500,0
2015-08-18,19:55:00,17.53,17.53,17.53,17.53,200,0
2015-08-18,21:40:00,17.59,17.7352,17.59,17.73,600,0
2015-08-18,21:45:00,17.73,17.73,17.62,17.62,300,0
2015-08-18,21:50:00,17.74,17.74,17.74,17.74,100,0
2015-08-19,15:35:00,16.97,17.15,16.97,17.15,400,0
2015-08-19,16:50:00,17.64,17.64,17.64,17.64,100,0
2015-08-19,19:50:00,17.72,17.72,17.72,17.72,400,0
2015-08-20,16:35:00,18.5,18.5,18.5,18.5,300,0
2015-08-20,17:25:00,18.4,18.4,18.34,18.34,200,0
2015-08-20,21:25:00,18.3,18.3,18.3,18.3,300,0
2015-08-21,15:35:00,19.3,19.3,19.3,19.3,100,0
2015-08-21,15:45:00,19.02,19.02,19.02,19.02,518,0
2015-08-21,16:20:00,18.9499,18.9499,18.9499,18.9499,100,0
2015-08-21,16:25:00,18.94,18.9489,18.94,18.9489,300,0
2015-08-21,16:45:00,18.785,18.785,18.785,18.785,100,0
2015-08-21,18:05:00,18.74,18.87,18.74,18.86,700,0
2015-08-21,18:50:00,18.95,18.95,18.95,18.95,117,0
2015-08-21,20:10:00,18.7805,18.7805,18.7805,18.7805,1200,0
2015-08-21,20:25:00,18.85,18.8501,18.85,18.85,800,0
2015-08-21,20:45:00,18.9465,18.9499,18.9465,18.9499,600,0
2015-08-21,20:55:00,18.74,18.74,18.74,18.74,800,0
2015-08-21,21:15:00,18.85,18.85,18.84,18.84,200,0
2015-08-24,15:35:00,19.7,19.95,19.7,19.95,1335,0
2015-08-24,15:40:00,19.8,19.8,19.8,19.8,214,0
2015-08-24,15:45:00,19.75,19.75,19.75,19.75,100,0
2015-08-24,15:50:00,19.947,19.947,19.925,19.925,200,0
2015-08-24,15:55:00,19.78,19.78,19.78,19.78,500,0
2015-08-24,16:05:00,19.9,19.925,19.9,19.925,300,0
2015-08-24,16:10:00,19.95,19.95,19.95,19.95,300,0
2015-08-24,16:20:00,19.7001,19.775,19.7,19.775,2000,0
2015-08-24,18:00:00,19.7001,19.7001,19.7,19.7001,2000,0
2015-08-24,18:25:00,19.7,19.9,19.7,19.9,560,0
2015-08-24,18:40:00,19.52,19.9,19.465,19.465,1600,0
2015-08-24,18:45:00,19.65,19.65,19.65,19.65,1000,0
2015-08-24,19:20:00,18.925,18.925,18.925,18.925,100,0
2015-08-24,20:20:00,19.8099,19.8099,19.8099,19.8099,500,0
2015-08-24,20:50:00,19.04,19.04,19.04,19.04,110,0
2015-08-24,21:50:00,19.14,19.14,19.14,19.14,500,0
2015-08-25,15:35:00,19.74,19.74,19.74,19.74,110,0
2015-08-25,16:05:00,19.4,19.4,19.01,19.01,1000,0
2015-08-25,19:35:00,18.9,18.9,18.9,18.9,100,0
2015-08-25,19:45:00,19.03,19.03,19.01,19.01,895,0
2015-08-25,20:30:00,19.02,19.02,19.02,19.02,200,0
2015-08-25,21:00:00,18.88,18.88,18.88,18.88,200,0
2015-08-25,21:10:00,18.9128,19.264,18.9128,19.264,700,0
2015-08-26,15:50:00,18.61,18.85,18.6025,18.85,500,0
2015-08-26,19:40:00,18.6476,18.6476,18.6476,18.6476,100,0
2015-08-26,21:25:00,19.25,19.25,19.25,19.25,100,0
2015-08-27,17:20:00,18.1677,18.1677,18.1677,18.1677,100,0
2015-08-27,20:00:00,17.955,17.955,16.7,16.7,1650,0
2015-08-27,21:40:00,18.295,18.295,18.295,18.295,125,0
2015-08-28,15:35:00,17.65,18.3,16.65,18.3,1965,0
2015-08-28,17:45:00,18.3,18.3,18.3,18.3,200,0
2015-08-31,15:35:00,18.3,18.92,18.3,18.92,5020,0
2015-08-31,15:45:00,18.414,18.414,18.414,18.414,200,0
2015-08-31,17:30:00,17.99,17.99,17.99,17.99,100,0
2015-08-31,18:25:00,18.2375,18.24,18.2375,18.24,1100,0
2015-08-31,18:30:00,18.2201,18.2201,18.2,18.21,810,0
2015-08-31,20:35:00,18.18,18.18,18.18,18.18,100,0
2015-09-01,15:35:00,18.5,18.5,18.5,18.5,500,0
2015-09-01,20:30:00,18.9,18.9,18.9,18.9,250,0
2015-09-02,16:10:00,18.7699,18.7699,18.7699,18.7699,100,0
2015-09-02,16:15:00,18.371,18.4,18.371,18.38,450,0
2015-09-02,16:20:00,18.45,18.45,18.45,18.45,230,0
2015-09-02,20:35:00,18.35,18.35,18.34,18.34,200,0
2015-09-03,15:50:00,17.31,17.8438,17.31,17.8438,4300,0
2015-09-03,17:20:00,17.83,17.9,17.83,17.9,6000,0
2015-09-04,18:50:00,18.2426,18.2426,18.2426,18.2426,100,0
2015-09-08,15:45:00,18.0901,18.0901,18.09,18.09,1100,0
2015-09-08,16:45:00,18.13,18.13,18.13,18.13,2000,0
2015-09-08,16:50:00,18.28,18.3,18.28,18.3,200,0
2015-09-08,20:05:00,18.292,18.292,18.292,18.292,100,0
2015-09-09,15:35:00,18.22,18.22,18.22,18.22,249,0
2015-09-09,17:00:00,18.08,18.08,18.08,18.08,5500,0
2015-09-09,19:45:00,18.08,18.08,18.08,18.08,480,0
2015-09-10,16:40:00,18.3,18.3,18.3,18.3,200,0
2015-09-10,17:15:00,18.49,18.49,18.49,18.49,100,0
2015-09-10,22:00:00,18.484,18.484,18.484,18.484,250,0
2015-09-11,17:45:00,18.6001,18.6001,18.6,18.6,200,0
2015-09-14,15:35:00,18.6,18.6,18.6,18.6,100,0
2015-09-14,19:20:00,18.5801,18.5801,18.5801,18.5801,250,0
2015-09-15,17:35:00,18.5442,18.576,18.5442,18.576,500,0
2015-09-15,17:45:00,18.4,18.4,18.4,18.4,300,0
2015-09-15,19:05:00,18.47,18.47,18.47,18.47,400,0
2015-09-15,21:00:00,18.7671,18.7671,18.7671,18.7671,1000,0
2015-09-15,22:00:00,18.45,18.45,18.45,18.45,100,0
2015-09-17,19:00:00,18.8488,18.8488,18.8488,18.8488,100,0
2015-09-22,18:15:00,17.94,17.95,17.94,17.95,230,0
2015-10-01,16:25:00,18.08,18.08,18.08,18.08,100,0
2015-10-06,16:40:00,18.26,18.3637,18.26,18.3637,770,0
2015-10-07,21:20:00,18.32,18.32,18.32,18.32,200,0
2015-10-08,17:05:00,18.396,18.396,18.396,18.396,606,0
2015-10-09,15:35:00,18.39,18.39,18.39,18.39,200,0
2015-10-12,15:35:00,18.75,18.75,18.75,18.75,300,0
2015-10-12,16:30:00,19.08,19.08,19.08,19.08,275,0
2015-10-12,16:55:00,18.9407,18.9407,18.9407,18.9407,100,0
2015-10-14,15:35:00,19,19,19,19,910,0
2015-10-14,18:50:00,18.94,18.94,18.94,18.94,200,0
2015-10-16,16:10:00,18.69,18.7115,18.69,18.7115,200,0
2015-10-19,15:35:00,18.64,18.64,18.64,18.64,518,0
2015-10-23,19:30:00,17.46,17.46,17.46,17.46,100,0
2015-10-23,19:35:00,17.46,17.46,17.46,17.46,100,0
2015-10-26,15:45:00,17.725,17.725,17.725,17.725,100,0
2015-10-28,19:40:00,17.5322,17.5322,17.5322,17.5322,100,0
2015-10-30,19:20:00,17.51,17.5101,17.51,17.5101,200,0
2015-10-30,19:40:00,17.4507,17.4507,17.4507,17.4507,150,0
2015-11-02,15:55:00,17.7,17.7,17.7,17.7,300,0
2015-11-03,15:40:00,17.67,17.67,17.67,17.67,100,0
2015-11-04,18:40:00,17.0495,17.0495,17.04,17.04,200,0
2015-11-04,22:00:00,17.03,17.04,17.03,17.04,350,0
2015-11-05,15:35:00,17.35,17.35,17.35,17.35,130,0
2015-11-05,18:25:00,17.273,17.273,16.95,16.95,200,0
2015-11-09,16:05:00,16.7166,16.7166,16.7166,16.7166,200,0
2015-11-09,17:15:00,16.544,16.786,16.54,16.786,600,0
2015-11-09,18:35:00,16.941,16.941,16.941,16.941,200,0
2015-11-09,19:30:00,16.9115,16.9115,16.58,16.58,600,0
2015-11-10,15:35:00,15.11,15.11,15.11,15.11,600,0
2015-11-10,16:15:00,16.389,16.389,16.389,16.389,100,0
2015-11-10,16:55:00,16.555,16.555,16.555,16.555,100,0
2015-11-11,19:10:00,15.5,15.5,15.5,15.5,100,0
2015-11-11,19:25:00,16.5,16.5,16.5,16.5,100,0
2015-11-17,18:25:00,16.2829,16.2829,16.2829,16.2829,150,0
2015-11-18,20:25:00,16.25,16.25,16.25,16.25,300,0
2015-11-19,16:45:00,16.4001,16.4001,16.4,16.4,600,0
2015-11-19,19:20:00,16.45,16.45,16.44,16.44,1600,0
2015-11-20,15:45:00,16.45,16.45,16.45,16.45,150,0
2015-11-20,18:40:00,16.36,16.36,16.36,16.36,300,0
2015-11-24,15:35:00,16.2,16.3,16.2,16.3,2500,0
2015-12-01,16:30:00,16.08,16.08,16.08,16.08,100,0
2015-12-02,19:00:00,16.014,16.014,16.014,16.014,100,0
2015-12-03,15:45:00,16.67,16.67,16.67,16.67,100,0
2015-12-03,17:40:00,17.09,17.11,17.09,17.11,200,0
2015-12-03,18:10:00,17,17,17,17,200,0
2015-12-08,15:35:00,17.32,17.32,17.32,17.32,150,0
2015-12-08,21:55:00,17.1884,17.1884,17.1884,17.1884,100,0
2015-12-09,18:00:00,17.29,17.29,17.29,17.29,100,0
2015-12-10,17:00:00,17.35,17.35,17.35,17.35,100,0
2015-12-16,17:10:00,17.4203,17.4203,17.4203,17.4203,100,0
2015-12-17,17:05:00,17,17,17,17,100,0
2015-12-21,15:50:00,16.951,17.0751,16.951,17.0751,400,0
2015-12-22,15:35:00,17.23,17.23,17.23,17.23,150,0
2015-12-22,16:50:00,17.266,17.266,17.266,17.266,100,0
2015-12-23,16:30:00,17.09,17.09,17.09,17.09,100,0
2015-12-29,17:20:00,17.08,17.09,17.08,17.09,1160,0
2015-12-30,17:35:00,17,17,17,17,200,0
2016-01-04,16:00:00,17.1,17.1,17.1,17.1,300,0
2016-01-04,16:05:00,17,17,17,17,100,0
2016-01-07,16:05:00,16.7901,16.7901,16.7901,16.7901,300,0
2016-01-07,17:50:00,16.785,16.785,16.785,16.785,200,0
2016-01-07,19:45:00,16.941,17.018,16.941,17.018,200,0
2016-01-08,16:20:00,17.1169,17.1169,17.1169,17.1169,100,0
2016-01-11,17:15:00,16.87,16.87,16.87,16.87,1000,0
2016-01-11,20:15:00,16.98,16.98,16.98,16.98,100,0
2016-01-11,20:55:00,16.87,16.91,16.87,16.91,900,0
2016-01-13,15:35:00,16.76,16.76,16.76,16.76,150,0
2016-01-14,19:05:00,17.149,17.149,17.149,17.149,300,0
2016-01-14,21:05:00,17.0818,17.0818,17.0818,17.0818,200,0
2016-01-15,17:40:00,17.1001,17.1001,17.1001,17.1001,200,0
2016-01-19,17:35:00,17.15,17.15,17.15,17.15,500,0
2016-01-20,18:45:00,17.055,17.278,17.055,17.278,865,0
2016-01-22,19:05:00,16.65,16.65,16.65,16.65,100,0
2016-01-22,20:30:00,16.65,16.65,16.65,16.65,200,0
2016-01-26,18:25:00,16.775,16.775,16.7738,16.7738,300,0
2016-01-27,16:10:00,16.91,16.9615,16.91,16.9615,200,0
2016-01-27,17:15:00,16.91,16.91,16.91,16.91,100,0
2016-01-27,18:00:00,17.2399,17.2399,17.2399,17.2399,200,0
2016-01-28,19:50:00,17.25,17.25,17.25,17.25,100,0
2016-01-28,20:15:00,17.145,17.145,17.144,17.1442,500,0
2016-02-02,15:50:00,17.4,17.44,17.4,17.43,1100,0
2016-02-03,21:35:00,17.6,17.6,17.6,17.6,200,0
2016-02-04,17:15:00,17.97,17.97,17.97,17.97,100,0
2016-02-04,21:20:00,18.0445,18.0445,18.0445,18.0445,100,0
2016-02-05,15:35:00,18,18,18,18,130,0
2016-02-08,15:35:00,18.17,18.17,18.17,18.17,270,0
2016-02-09,15:35:00,18.65,18.65,18.65,18.65,280,0
2016-02-09,16:35:00,18.64,18.65,18.64,18.65,2500,0
2016-02-09,17:35:00,18.595,18.599,18.28,18.4137,3400,0
2016-02-09,19:30:00,18.5999,18.5999,18.5999,18.5999,100,0
2016-02-09,20:50:00,18.267,18.267,18.267,18.267,200,0
2016-02-09,21:15:00,18.23,18.255,18.2,18.24,5000,0
2016-02-10,21:45:00,18.23,18.323,18.22,18.323,2681,0
2016-02-11,17:45:00,18.52,18.52,18.5001,18.5001,303,0
2016-02-12,16:55:00,18.4306,18.4306,18.4306,18.4306,108,0
2016-02-17,18:10:00,17.724,17.725,17.724,17.725,200,0
2016-02-18,21:25:00,17.6,17.6,17.6,17.6,580,0
2016-02-23,15:50:00,17.23,17.23,17.23,17.23,150,0
2016-02-23,16:20:00,17.28,17.28,17.28,17.28,100,0
2016-02-24,15:35:00,17.17,17.17,17.17,17.17,200,0
2016-02-26,17:05:00,17.03,17.03,17.03,17.03,900,0
2016-02-26,17:55:00,17.215,17.215,17.05,17.05,560,0
2016-02-29,16:20:00,17.0652,17.0652,17.0652,17.0652,300,0
2016-03-01,15:55:00,16.8404,16.8404,16.8404,16.8404,100,0
2016-03-02,19:05:00,16.76,16.76,16.76,16.76,100,0
2016-03-02,19:35:00,16.8,16.8,16.8,16.8,250,0
2016-03-03,17:40:00,17.1,17.1,17.1,17.1,500,0
2016-03-03,20:20:00,17.1795,17.1795,17.1795,17.1795,250,0
2016-03-07,17:30:00,17.18,17.18,17.18,17.18,200,0
2016-03-08,15:35:00,17.38,17.38,17.38,17.38,300,0
2016-03-10,16:15:00,17.5,17.5,17.5,17.5,400,0
2016-03-15,20:15:00,18,18.08,18,18.08,2000,0
2016-03-16,14:45:00,17.47,17.5511,17.44,17.45,750,0
2016-03-16,14:50:00,17.5376,17.5376,17.5334,17.5334,500,0
2016-03-17,20:50:00,18.3,18.3,18.3,18.3,2100,0
2016-03-21,18:40:00,18.01,18.01,18.01,18.01,106,0
2016-03-21,19:50:00,18.087,18.087,18.087,18.087,100,0
2016-03-28,15:35:00,17.85,17.85,17.85,17.85,260,0
2016-03-30,16:15:00,18.42,18.42,18.42,18.42,400,0
2016-03-31,15:35:00,18.5,18.5,18.5,18.5,2300,0
2016-03-31,20:10:00,18.7799,18.7799,18.7799,18.7799,458,0
2016-04-01,15:35:00,18.68,18.68,18.68,18.68,500,0
2016-04-01,16:05:00,18.6,18.6,18.6,18.6,100,0
2016-04-01,16:10:00,18.6,18.6,18.6,18.6,900,0
2016-04-04,19:25:00,18.555,18.555,18.555,18.555,200,0
2016-04-04,20:50:00,18.6875,18.6875,18.6875,18.6875,100,0
2016-04-06,20:55:00,18.704,18.704,18.704,18.704,1000,0
2016-04-11,15:35:00,18.54,18.54,18.54,18.54,200,0
2016-04-11,17:05:00,18.73,18.73,18.73,18.73,100,0
2016-04-11,19:00:00,18.62,18.62,18.6001,18.61,500,0
2016-04-13,20:00:00,18.4147,18.4147,18.4147,18.4147,100,0
2016-04-18,19:05:00,18.31,18.31,18.31,18.31,300,0
2016-04-19,15:35:00,18.4,18.4,18.4,18.4,200,0
2016-04-20,16:40:00,18.265,18.265,18.265,18.265,100,0
2016-04-27,21:05:00,18.32,18.4401,18.28,18.28,500,0
2016-04-29,15:35:00,18.68,18.68,18.68,18.68,100,0
2016-04-29,17:10:00,18.8099,18.8099,18.8099,18.8099,100,0
2016-04-29,18:05:00,18.7402,18.7402,18.7402,18.7402,1000,0
2016-05-02,15:35:00,19,19,19,19,350,0
2016-05-02,15:50:00,19.0015,19.0015,18.949,18.949,2054,0
2016-05-02,16:05:00,18.99,19,18.99,19,5846,0
2016-05-02,16:40:00,19.1151,19.1151,19.1151,19.1151,500,0
2016-05-02,19:00:00,19.1,19.1,19.1,19.1,100,0
2016-05-02,20:55:00,19.0069,19.0069,19.0069,19.0069,212,0
2016-05-02,21:40:00,19.3199,19.3199,19.3199,19.3199,129,0
2016-05-03,15:35:00,19.49,19.49,19.49,19.49,620,0
2016-05-03,16:20:00,19.375,19.375,19.375,19.375,100,0
2016-05-03,18:20:00,18.9912,18.9912,18.9912,18.9912,100,0
2016-05-03,21:50:00,18.99,18.99,18.99,18.99,100,0
2016-05-04,16:20:00,18.8,18.89,18.8,18.89,300,0
2016-05-05,15:35:00,18.95,18.95,18.95,18.95,2700,0
2016-05-05,16:45:00,18.75,18.75,18.75,18.75,100,0
2016-05-06,15:35:00,18.6,18.6,18.6,18.6,100,0
2016-05-06,21:00:00,18.498,18.498,18.498,18.498,400,0
2016-05-10,17:05:00,18.49,18.59,18.4801,18.4801,600,0
2016-05-11,15:35:00,18.51,18.51,18.51,18.51,250,0
2016-05-17,18:00:00,18.31,18.3647,18.31,18.3647,500,0
2016-05-19,15:35:00,17.95,17.95,17.95,17.95,615,0
2016-05-19,16:35:00,17.8055,17.8055,17.8055,17.8055,100,0
2016-05-20,15:35:00,18.3,18.3,18.3,18.3,100,0
2016-05-24,16:20:00,17.6301,17.6301,17.6301,17.6301,100,0
2016-05-25,19:20:00,17.65,17.65,17.65,17.65,500,0
2016-06-02,18:45:00,17.68,17.85,17.68,17.85,3000,0
2016-06-02,18:50:00,17.85,17.88,17.85,17.88,6600,0
2016-06-03,18:00:00,18.2599,18.2599,18.2599,18.2599,100,0
2016-06-03,18:05:00,18.16,18.16,18.16,18.16,100,0
2016-06-03,18:50:00,18.29,18.29,18.29,18.29,300,0
2016-06-03,19:00:00,18.22,18.22,18.18,18.18,300,0
2016-06-03,21:20:00,18.27,18.41,18.27,18.41,6200,0
2016-06-03,21:25:00,18.46,18.47,18.41,18.46,5800,0
2016-06-06,18:10:00,18.39,18.56,18.39,18.56,5300,0
2016-06-06,18:15:00,18.58,18.58,18.58,18.58,100,0
2016-06-06,18:20:00,18.57,18.59,18.57,18.59,4800,0
2016-06-06,18:25:00,18.58,18.58,18.58,18.58,100,0
2016-06-07,17:50:00,18.47,18.4795,18.46,18.46,300,0
2016-06-07,17:55:00,18.46,18.53,18.46,18.53,3500,0
2016-06-07,18:00:00,18.53,18.53,18.52,18.5205,1300,0
2016-06-08,15:35:00,18.51,18.51,18.51,18.51,500,0
2016-06-09,18:10:00,18.39,18.4,18.32,18.4,1600,0
2016-06-09,18:15:00,18.45,18.45,18.45,18.45,200,0
2016-06-09,18:20:00,18.44,18.45,18.44,18.45,2900,0
2016-06-09,18:25:00,18.45,18.45,18.44,18.44,300,0
2016-06-09,18:35:00,18.44,18.45,18.4,18.45,4100,0
2016-06-09,19:00:00,18.42,18.42,18.41,18.41,1000,0
2016-06-09,19:05:00,18.39,18.39,18.3,18.3,200,0
2016-06-09,21:45:00,18.29,18.29,18.29,18.29,100,0
2016-06-09,21:50:00,18.22,18.26,18.22,18.24,1000,0
2016-06-13,19:25:00,18.2,18.2,18.2,18.2,200,0
2016-06-13,19:30:00,18.2,18.2,18.15,18.15,300,0
2016-06-13,20:00:00,18.13,18.18,18.13,18.16,400,0
2016-06-13,20:40:00,18.2,18.32,18.2,18.31,1700,0
2016-06-13,20:45:00,18.32,18.33,18.32,18.33,200,0
2016-06-13,20:55:00,18.32,18.33,18.32,18.33,1300,0
2016-06-13,21:00:00,18.33,18.33,18.3,18.3,1100,0
2016-06-13,21:05:00,18.2,18.2,18.19,18.2,600,0
2016-06-13,21:15:00,18.2,18.23,18.19,18.23,1900,0
2016-06-13,21:20:00,18.31,18.31,18.31,18.31,3200,0
2016-06-13,21:25:00,18.31,18.31,18.26,18.27,2500,0
2016-06-13,21:30:00,18.26,18.27,18.2,18.2,800,0
2016-06-13,21:35:00,18.15,18.15,18.15,18.15,300,0
2016-06-13,21:40:00,18.15,18.15,18.1,18.1,1606,0
2016-06-14,15:35:00,17.875,17.875,17.875,17.875,100,0
2016-06-14,16:20:00,17.7853,17.7853,17.7853,17.7853,100,0
2016-06-15,15:55:00,17.83,17.83,17.83,17.83,294,0
2016-06-15,18:15:00,18,18,18,18,100,0
2016-06-15,18:20:00,18.06,18.06,18.0501,18.0501,200,0
2016-06-16,16:40:00,17.9462,17.9462,17.9462,17.9462,225,0
2016-06-16,19:50:00,17.8351,17.87,17.77,17.87,2512,0
2016-06-16,19:55:00,18.1001,18.1001,17.82,17.82,2400,0
2016-06-16,20:10:00,17.99,17.99,17.99,17.99,100,0
2016-06-17,18:15:00,17.92,18,17.92,18,600,0
2016-06-20,15:35:00,17.99,17.99,17.99,17.99,1000,0
2016-06-20,20:20:00,18.105,18.2,18.105,18.2,1800,0
2016-06-20,20:25:00,18.22,18.3,18.2,18.3,2000,0
2016-06-21,15:40:00,18.12,18.12,18.12,18.12,400,0
2016-06-21,16:00:00,17.91,17.91,17.91,17.91,100,0
2016-06-21,19:25:00,18.0799,18.0799,17.99,18.06,900,0
2016-06-21,19:30:00,18.15,18.15,18.08,18.1001,500,0
2016-06-21,20:00:00,18.05,18.11,18.05,18.11,300,0
2016-06-22,21:40:00,18.2468,18.2468,18.2468,18.2468,400,0
2016-06-23,17:40:00,18.35,18.35,18.35,18.35,300,0
2016-06-23,21:10:00,18.25,18.25,18.25,18.25,195,0
2016-06-24,15:35:00,17.07,17.3859,17.07,17.3859,814,0
2016-06-24,16:20:00,17.36,17.36,17.14,17.25,600,0
2016-06-24,16:40:00,17.42,17.42,17.42,17.42,100,0
2016-06-24,16:45:00,17.455,17.455,17.455,17.455,100,0
2016-06-24,17:15:00,17.2201,17.2201,17.2201,17.2201,384,0
2016-06-24,18:10:00,17.49,17.58,17.4601,17.5799,500,0
2016-06-24,18:15:00,17.52,17.75,17.52,17.75,4299,0
2016-06-24,18:20:00,17.7401,17.8,17.74,17.8,1299,0
2016-06-24,19:35:00,17.43,17.8064,17.35,17.35,500,0
2016-06-24,20:20:00,17.58,17.58,17.3401,17.3401,200,0
2016-06-24,20:35:00,17.7292,17.7292,17.2601,17.2601,300,0
2016-06-27,21:00:00,17.1,17.3001,17.05,17.15,1900,0
2016-06-27,21:05:00,17.35,17.37,17.11,17.11,1300,0
2016-06-28,15:35:00,17.12,17.12,17.12,17.12,410,0
2016-06-28,16:10:00,17.19,17.19,17.16,17.16,300,0
2016-07-01,16:55:00,17.411,17.738,17.411,17.738,1270,0
2016-07-05,15:35:00,17.73,17.73,17.73,17.73,861,0
2016-07-06,20:35:00,17.3557,17.3557,17.3557,17.3557,414,0
2016-07-07,19:05:00,17.32,17.51,17.31,17.51,2300,0
2016-07-07,19:10:00,17.51,17.51,17.51,17.51,800,0
2016-07-07,19:15:00,17.46,17.46,17.4,17.42,1069,0
2016-07-08,15:35:00,17.24,17.24,17.24,17.24,170,0
2016-07-11,16:05:00,17.22,17.22,17.22,17.22,100,0
2016-07-11,19:35:00,17.2889,17.2889,17.2889,17.2889,1000,0
2016-07-12,15:35:00,17.69,17.69,17.69,17.69,250,0
2016-07-12,18:20:00,17.35,17.4,17.285,17.3499,2000,0
2016-07-12,18:30:00,17.37,17.45,17.35,17.45,1100,0
2016-07-12,18:40:00,17.38,17.38,17.38,17.38,200,0
2016-07-12,18:50:00,17.38,17.38,17.38,17.38,200,0
2016-07-12,18:55:00,17.38,17.38,17.38,17.38,200,0
2016-07-12,19:15:00,17.34,17.34,17.28,17.28,800,0
2016-07-13,15:35:00,17.29,17.29,17.29,17.29,181,0
2016-07-19,17:30:00,14.34,14.34,14.34,14.34,500,0
2016-07-19,18:00:00,17.2,17.2,17.2,17.2,291,0
2016-07-19,18:05:00,16.99,17,16.99,17,1200,0
2016-07-19,18:10:00,16.5,16.5,16.5,16.5,164,0
2016-07-20,17:25:00,16.907,16.907,16.907,16.907,100,0
2016-07-20,20:55:00,16.6,16.6,16.6,16.6,100,0
2016-07-22,15:35:00,17.05,17.05,17.05,17.05,100,0
2016-07-22,18:30:00,16.83,16.83,16.75,16.8,700,0
2016-07-22,21:20:00,16.6,16.6,16.6,16.6,100,0
2016-07-22,21:25:00,16.8,16.8,16.8,16.8,300,0
2016-07-25,21:20:00,16.9301,16.9301,16.9301,16.9301,268,0
2016-07-27,20:15:00,16.7475,16.7475,16.7475,16.7475,400,0
2016-07-27,20:20:00,17.3138,17.489,16.7376,17.489,1800,0
2016-07-27,20:25:00,17.2155,17.2155,16.84,16.84,214,0
2016-07-28,15:35:00,17.51,17.51,17.51,17.51,130,0
2016-08-05,15:35:00,17.18,17.18,17.18,17.18,130,0
2016-08-05,15:40:00,17.18,17.328,17.18,17.328,275,0
2016-08-08,17:30:00,17.3059,17.3059,17.3059,17.3059,100,0
2016-08-15,15:35:00,17.53,17.53,17.53,17.53,280,0
2016-08-16,16:05:00,17.85,17.87,17.85,17.87,400,0
2016-08-17,15:35:00,17.87,17.87,17.87,17.87,250,0
2016-08-18,16:25:00,18.01,18.01,18.01,18.01,100,0
2016-08-18,19:50:00,18.302,18.302,18.302,18.302,140,0
2016-08-26,16:00:00,17.93,17.9301,17.93,17.93,1120,0
2016-08-26,16:10:00,17.86,17.86,17.86,17.86,200,0
2016-08-29,17:55:00,17.6405,17.6405,17.6405,17.6405,140,0
2016-08-30,16:45:00,17.5425,17.5425,17.5425,17.5425,465,0
2016-09-02,15:35:00,17.62,17.62,17.62,17.62,200,0
2016-09-08,19:15:00,17.72,17.892,17.72,17.892,340,0
2016-09-19,15:35:00,17.69,17.69,17.69,17.69,170,0
2016-09-28,17:25:00,17.43,17.461,17.43,17.461,300,0
2016-09-30,17:25:00,17.66,18.004,17.66,18.004,600,0
2016-10-03,15:35:00,18,18,18,18,277,0
2016-10-03,16:00:00,17.61,17.61,17.61,17.61,400,0
2016-10-05,21:40:00,17.56,17.755,17.56,17.755,500,0
2016-10-20,16:55:00,16.59,16.59,16.58,16.58,992,0
2016-10-21,16:50:00,16.43,16.44,16.42,16.42,1800,0
2016-10-21,16:55:00,16.43,16.43,16.42,16.42,600,0
2016-10-21,17:00:00,16.42,16.42,16.42,16.42,100,0
2016-10-21,17:05:00,16.43,16.43,16.42,16.42,1100,0
2016-10-24,16:30:00,16.44,16.44,16.44,16.44,500,0
2016-10-25,17:00:00,16.7163,16.7163,16.7163,16.7163,500,0
2016-10-28,21:20:00,16.72,16.7368,16.72,16.7368,1000,0
2016-11-03,17:30:00,17.33,17.349,17.33,17.349,200,0
2016-11-03,17:45:00,17.35,17.35,17.35,17.35,100,0
2016-11-03,17:55:00,17.16,17.32,17.16,17.32,300,0
2016-11-03,18:00:00,17.31,17.31,17.2,17.2,300,0
2016-11-03,18:05:00,17.16,17.25,17.16,17.16,400,0
2016-11-03,19:55:00,17.2572,17.2572,17.2572,17.2572,200,0
2016-11-04,16:40:00,17.19,17.322,17.19,17.322,1000,0
2016-11-07,20:45:00,17.3399,17.3399,17.3399,17.3399,100,0
2016-11-10,15:45:00,16.5,16.5,16.5,16.5,100,0
2016-11-14,15:35:00,15.96,15.9601,15.96,15.96,729,0
2016-11-15,15:35:00,15.9,15.9,15.9,15.9,150,0
2016-11-15,18:50:00,15.9676,15.9676,15.9676,15.9676,100,0
2016-11-16,17:55:00,16.1026,16.1026,16.1026,16.1026,100,0
2016-11-18,15:35:00,15.88,15.88,15.88,15.88,124,0
2016-11-18,18:15:00,14.87,14.87,14.87,14.87,143,0
2016-11-21,16:20:00,15.84,15.84,15.84,15.84,350,0
2016-11-22,18:45:00,15.88,15.88,15.88,15.88,500,0
2016-11-23,21:40:00,15.57,15.57,15.57,15.57,1000,0
2016-11-25,15:35:00,15.49,15.49,15.49,15.49,277,0
2016-11-25,15:40:00,15.6803,15.6803,15.6803,15.6803,100,0
2016-12-01,21:05:00,15.593,15.593,15.59,15.5908,1400,0
2016-12-06,21:55:00,15.857,15.857,15.857,15.857,500,0
2016-12-07,15:35:00,16.075,16.075,16.075,16.075,300,0
2016-12-13,16:05:00,15.55,15.55,15.55,15.55,210,0
2016-12-15,17:20:00,14.9,14.9,14.9,14.9,1000,0
2016-12-19,18:25:00,14.91,15.1,14.91,15.1,200,0
2016-12-20,16:20:00,14.9377,14.9377,14.9377,14.9377,100,0
2016-12-20,17:25:00,14.7201,14.7201,14.7,14.7,400,0
2016-12-21,20:35:00,14.86,14.87,14.86,14.87,200,0
2016-12-21,20:55:00,14.9357,14.9357,14.9357,14.9357,180,0
2016-12-29,15:50:00,14.75,14.861,14.75,14.861,1310,0
2016-12-29,19:05:00,14.95,14.95,14.75,14.75,240,0
2016-12-30,15:35:00,14.75,15.05,14.75,15.05,600,0
2016-12-30,17:15:00,12.65,12.65,12.65,12.65,525,0
2016-12-30,19:35:00,14.9096,14.9096,14.9096,14.9096,100,0
2016-12-30,19:50:00,14.3,15.01,14.3,15.01,925,0
2016-12-30,19:55:00,15.39,15.39,15.39,15.39,100,0
2017-01-09,17:35:00,15.29,15.29,15.29,15.29,100,0
2017-01-11,15:55:00,15.2,15.2,15.2,15.2,1100,0
2017-01-11,16:05:00,15.2,15.2,15.2,15.2,2400,0
2017-01-11,19:30:00,15.2318,15.2318,15.2318,15.2318,108,0
2017-01-12,15:40:00,15.5,15.5,15.5,15.5,100,0
2017-01-17,15:50:00,15.69,15.7057,15.69,15.7057,600,0
2017-01-20,16:40:00,15.5937,15.5937,15.5937,15.5937,100,0
2017-02-01,20:30:00,15.9,15.9,15.9,15.9,100,0
2017-02-02,18:40:00,15.82,15.82,15.82,15.82,100,0
2017-02-03,18:15:00,15.84,15.84,15.84,15.84,100,0
2017-02-06,18:35:00,16.2909,16.2909,16.2909,16.2909,200,0
2017-02-08,15:35:00,15.9,15.9,15.9,15.9,100,0
2017-02-08,16:15:00,15.9,16.18,15.9,16.1731,3000,0
2017-02-10,15:35:00,15.52,15.52,15.52,15.52,200,0
2017-02-10,16:55:00,15.6525,15.6525,15.6525,15.6525,100,0
2017-02-13,15:35:00,15.75,15.75,15.75,15.75,300,0
2017-02-14,19:40:00,15.2958,15.2958,15.2958,15.2958,315,0
2017-02-21,15:35:00,15.05,15.05,15.05,15.05,275,0
2017-02-24,16:15:00,15.2629,15.2629,15.2629,15.2629,100,0
2017-02-27,18:30:00,15.6739,15.6739,15.6739,15.6739,300,0
2017-02-27,19:05:00,15.3201,15.4299,15.32,15.4299,1400,0
2017-03-02,16:00:00,15.05,15.05,15.05,15.05,300,0
2017-03-13,15:20:00,15.1476,15.1476,15.1476,15.1476,500,0
2017-03-13,20:30:00,14.98,14.98,14.98,14.98,100,0
2017-03-14,14:35:00,16.9,16.9,16.9,16.9,150,0
2017-03-14,17:30:00,15.41,15.41,15.41,15.41,100,0
2017-03-15,18:30:00,15.41,15.41,15.41,15.41,100,0
2017-03-16,20:25:00,15.75,15.75,15.75,15.75,100,0
2017-03-20,17:15:00,16.1299,16.1299,16.1299,16.1299,100,0
2017-03-24,19:10:00,16.0504,16.07,16.0504,16.07,200,0
2017-03-24,20:15:00,16.1299,16.1299,16.1299,16.1299,1700,0
2017-03-27,15:35:00,16.18,16.18,16.18,16.18,100,0
2017-03-27,17:30:00,16.44,16.5057,16.4157,16.5057,1100,0
2017-03-28,20:00:00,16.1924,16.1924,16.1924,16.1924,1000,0
2017-03-29,18:50:00,15.765,15.765,15.765,15.765,100,0
2017-03-31,15:55:00,15.5734,15.5734,15.5734,15.5734,750,0
2017-03-31,16:00:00,15.56,15.56,15.56,15.56,100,0
2017-03-31,19:25:00,15.5301,15.5301,15.5301,15.5301,150,0
2017-03-31,20:50:00,15.8899,15.8899,15.8899,15.8899,440,0
2017-04-06,15:35:00,15.43,15.43,15.43,15.43,236,0
2017-04-07,16:35:00,15.34,15.5257,15.34,15.5257,750,0
2017-04-10,19:00:00,15.2629,15.2629,15.2629,15.2629,250,0
2017-04-10,19:15:00,15.2629,15.2629,15.2629,15.2629,250,0
2017-04-19,16:35:00,15.6,15.65,15.6,15.6,300,0
2017-04-20,16:55:00,15.72,15.85,15.72,15.8,1600,0
2017-04-20,17:00:00,15.78,15.78,15.75,15.75,1200,0
2017-04-20,17:05:00,15.76,15.8,15.76,15.79,800,0
2017-04-20,17:10:00,15.78,15.8,15.75,15.79,1920,0
2017-04-20,17:15:00,15.79,15.79,15.75,15.75,300,0
2017-04-20,19:50:00,15.8332,15.8332,15.8332,15.8332,300,0
2017-04-21,16:40:00,15.8834,15.8834,15.8834,15.8834,100,0
2017-04-24,16:20:00,16.2462,16.2462,16.2462,16.2462,200,0
2017-04-24,21:10:00,16.0228,16.0228,16.0228,16.0228,3000,0
2017-04-26,16:15:00,16.155,16.18,16.15,16.15,450,0
2017-04-27,21:05:00,16.4899,16.4899,16.4899,16.4899,500,0
2017-04-28,15:35:00,16.17,16.17,16.17,16.17,120,0
2017-05-02,16:05:00,16.16,16.16,16.16,16.16,100,0
2017-05-04,16:10:00,16.58,16.58,16.58,16.58,100,0
2017-05-04,18:00:00,16.58,16.58,16.5,16.5,200,0
2017-05-04,21:50:00,16.05,16.05,16.05,16.05,150,0
2017-05-05,17:50:00,16.5991,16.5991,16.5991,16.5991,100,0
2017-05-05,20:00:00,16.74,16.74,16.74,16.74,150,0
2017-05-08,15:35:00,16.6,16.6,16.6,16.6,486,0
2017-05-08,17:10:00,16.21,16.21,16.21,16.21,150,0
2017-05-09,16:55:00,16.2975,16.2975,16.2975,16.2975,250,0
2017-05-09,17:10:00,16.1911,16.1911,16.1911,16.1911,100,0
2017-05-12,21:00:00,16.4499,16.4499,16.4499,16.4499,273,0
2017-05-15,15:35:00,16.61,16.61,16.61,16.61,100,0
2017-05-16,16:40:00,16.79,16.79,16.79,16.79,300,0
2017-05-19,15:35:00,17.32,17.32,17.32,17.32,175,0
2017-05-19,16:05:00,17.15,17.15,17.15,17.15,500,0
2017-05-19,19:50:00,17.17,17.2125,17.17,17.2125,1000,0
2017-05-19,21:40:00,17.3699,17.3699,17.3699,17.3699,580,0
2017-05-22,15:35:00,17.54,17.54,17.54,17.54,125,0
2017-05-22,17:35:00,17.2859,17.2859,17.2859,17.2859,250,0
2017-05-22,18:45:00,17.255,17.255,17.255,17.255,100,0
2017-05-22,19:40:00,17.271,17.271,17.271,17.271,100,0
2017-05-23,15:35:00,17.5,17.5,17.5,17.5,189,0
2017-05-23,19:30:00,17.3628,17.3628,17.3628,17.3628,1111,0
2017-05-24,21:20:00,17.1501,17.1501,17.1501,17.1501,200,0
2017-05-25,20:50:00,17.1401,17.1401,17.1401,17.1401,100,0
2017-05-26,16:00:00,17.25,17.26,17.25,17.26,1000,0
2017-05-26,17:15:00,18,18,18,18,200,0
2017-05-26,17:20:00,17.26,17.26,17.26,17.26,200,0
2017-05-26,18:35:00,17.2599,17.2599,17.2599,17.2599,1422,0
2017-05-26,19:30:00,17.28,17.28,17.2629,17.2629,800,0
2017-05-26,22:00:00,17.26,17.26,17.26,17.26,100,0
2017-06-01,20:10:00,17.3363,17.3363,17.3363,17.3363,200,0
2017-06-05,19:35:00,17.4,17.4,17.4,17.4,129,0
2017-06-08,21:25:00,17.2341,17.2341,17.2341,17.2341,100,0
2017-06-09,18:40:00,17.15,17.15,17.15,17.15,200,0
2017-06-09,18:45:00,17.15,17.15,17.15,17.15,100,0
2017-06-13,17:40:00,17.2844,17.2844,17.2079,17.2079,312,0
2017-06-15,16:25:00,16.7601,16.7601,16.7601,16.7601,100,0
2017-06-16,19:30:00,17.0685,17.0685,17.0685,17.0685,500,0
2017-06-20,15:35:00,16.91,16.95,16.91,16.95,850,0
2017-06-20,15:40:00,16.97,16.97,16.97,16.97,100,0
2017-06-21,16:30:00,17.12,17.12,17.0444,17.0444,500,0
2017-06-21,21:55:00,16.99,17.148,16.99,17.148,500,0
2017-06-23,18:55:00,17.1837,17.1837,17.1837,17.1837,290,0
2017-06-27,15:35:00,17.33,17.33,17.33,17.33,200,0
2017-07-05,19:45:00,17.6457,17.6457,17.6457,17.6457,1400,0
2017-07-07,19:55:00,17.8,17.8,17.75,17.75,600,0
2017-07-07,21:45:00,17.8,17.8,17.8,17.8,275,0
2017-07-10,15:35:00,17.9,17.9,17.9,17.9,500,0
2017-07-10,18:50:00,17.7982,17.84,17.7982,17.84,1000,0
2017-07-11,16:45:00,17.8,17.8,17.8,17.8,200,0
2017-07-12,16:45:00,17.8,17.8,17.8,17.8,500,0
2017-07-12,18:35:00,17.9081,17.9081,17.9081,17.9081,280,0
2017-07-13,15:35:00,18,18,18,18,1400,0
2017-07-13,19:25:00,17.798,17.798,17.798,17.798,300,0
2017-07-13,20:50:00,17.9599,17.96,17.9599,17.96,824,0
2017-07-17,18:00:00,18.0482,18.0482,18.0482,18.0482,167,0
2017-07-18,15:35:00,18.27,18.27,18.27,18.27,100,0
2017-07-18,16:15:00,18.4313,18.4313,18.4313,18.4313,147,0
2017-07-18,19:20:00,18.2847,18.2847,18.2847,18.2847,170,0
2017-07-19,18:45:00,18.19,18.19,18.19,18.19,260,0
2017-07-20,15:35:00,19,20.89,19,20.89,500,0
2017-07-20,21:35:00,18.624,18.624,18.624,18.624,100,0
2017-07-20,22:00:00,18.5861,18.5861,18.5861,18.5861,200,0
2017-07-21,15:55:00,18.5551,18.5551,18.5551,18.5551,100,0
2017-07-21,21:00:00,18.7826,18.7826,18.7826,18.7826,100,0
2017-07-21,21:20:00,18.65,18.68,18.6401,18.66,1900,0
2017-07-24,17:00:00,18.79,18.79,18.79,18.79,200,0
2017-07-25,21:00:00,18.78,18.78,18.55,18.55,532,0
2017-07-27,15:35:00,18.98,18.98,18.98,18.98,260,0
2017-07-31,15:35:00,19.16,19.16,19.16,19.16,500,0
2017-07-31,17:05:00,19.17,19.17,19.17,19.17,100,0
2017-07-31,18:00:00,19.2,19.2,19.2,19.2,700,0
2017-08-01,16:50:00,19.32,19.32,19.31,19.31,1200,0
2017-08-01,17:00:00,19.31,19.31,19.31,19.31,100,0
2017-08-01,17:10:00,19.31,19.31,19.31,19.31,200,0
2017-08-01,17:25:00,19.33,19.33,19.33,19.33,100,0
2017-08-01,17:55:00,19.31,19.31,19.31,19.31,200,0
2017-08-01,18:55:00,19.31,19.31,19.31,19.31,200,0
2017-08-01,20:10:00,19.31,19.3523,19.31,19.3523,600,0
2017-08-01,20:55:00,19.31,19.31,19.31,19.31,100,0
2017-08-01,21:40:00,19.31,19.31,19.31,19.31,200,0
2017-08-01,21:55:00,19.31,19.31,19.31,19.31,100,0
2017-08-02,19:40:00,19.3101,19.3101,19.3101,19.3101,200,0
2017-08-04,16:05:00,19.33,19.33,19.31,19.31,1200,0
2017-08-04,16:10:00,19.31,19.31,19.31,19.31,10599,0
2017-08-04,19:10:00,19.15,19.15,19.15,19.15,250,0
2017-08-07,16:30:00,16.8501,16.8501,16.8501,16.8501,125,0
2017-08-08,15:35:00,16.87,16.87,16.87,16.87,237,0
2017-08-08,16:25:00,16.87,18.62,16.87,17.85,7600,0
2017-08-11,15:35:00,17.85,17.85,17.85,17.85,147,0
2017-08-11,16:10:00,17.64,17.64,17.64,17.64,100,0
2017-08-11,16:15:00,17.64,17.64,17.64,17.64,100,0
2017-08-11,16:20:00,17.64,17.64,17.64,17.64,100,0
2017-08-11,16:25:00,17.64,17.64,17.64,17.64,100,0
2017-08-11,16:30:00,17.64,17.64,17.64,17.64,100,0
2017-08-11,16:35:00,17.64,17.64,17.64,17.64,100,0
2017-08-11,16:40:00,17.64,17.64,17.64,17.64,100,0
2017-08-11,16:45:00,17.64,17.64,17.64,17.64,100,0
2017-08-11,16:50:00,17.64,17.64,17.64,17.64,100,0
2017-08-11,16:55:00,17.74,17.74,17.74,17.74,100,0
2017-08-11,17:00:00,17.74,17.74,17.74,17.74,100,0
2017-08-11,17:05:00,17.75,17.75,17.75,17.75,100,0
2017-08-11,17:50:00,17.77,18.335,17.77,18.335,1400,0
2017-08-11,18:05:00,17.88,17.88,17.88,17.88,100,0
2017-08-14,15:40:00,19.35,19.35,19.35,19.35,200,0
2017-08-14,16:05:00,18.586,18.586,18.586,18.586,515,0
2017-08-18,18:05:00,18.75,18.75,18.75,18.75,200,0
2017-08-18,19:30:00,18.78,18.78,18.78,18.78,326,0
2017-08-24,16:05:00,19.07,19.07,18.85,18.85,200,0
2017-08-24,16:15:00,18.94,18.94,18.94,18.94,100,0
2017-08-25,16:05:00,19.12,19.18,19.11,19.15,12300,0
2017-08-25,16:10:00,19.2,19.2,19.14,19.14,300,0
2017-08-28,15:35:00,19.4,19.4,19.34,19.4,1197,0
2017-08-28,16:40:00,19.4965,19.4965,19.4965,19.4965,100,0
2017-08-28,16:45:00,19.4965,19.75,19.4965,19.7492,2740,0
2017-08-28,16:50:00,19.75,19.7999,19.747,19.7992,1650,0
2017-08-28,17:35:00,19.7199,19.7199,19.654,19.7178,810,0
2017-08-29,16:25:00,19.75,20.01,19.75,19.93,1300,0
2017-08-29,16:30:00,19.91,20.01,19.91,19.99,2600,0
2017-08-29,20:20:00,19.8599,19.8599,19.8599,19.8599,200,0
2017-08-29,21:30:00,19.7424,19.7424,19.7424,19.7424,103,0
2017-09-01,15:35:00,21,21,21,21,555,0
2017-09-06,16:25:00,20.49,20.49,20.49,20.49,100,0
2017-09-06,17:00:00,19.86,19.86,19.6,19.6,200,0
2017-09-06,17:15:00,19.98,19.98,19.98,19.98,100,0
2017-09-06,17:30:00,19.62,19.62,19.1461,19.6,1500,0
2017-09-06,17:50:00,19.21,19.21,19.21,19.21,100,0
2017-09-06,18:20:00,19.55,19.55,19.55,19.55,100,0
2017-09-06,18:35:00,19.52,19.52,19.52,19.52,100,0
2017-09-06,18:50:00,19.241,19.241,19.241,19.241,200,0
2017-09-06,20:15:00,19.81,19.81,19.81,19.81,100,0
2017-09-06,20:35:00,19.98,19.98,19.98,19.98,100,0
2017-09-06,21:55:00,19.5,19.5,19.5,19.5,100,0
2017-09-06,22:00:00,19.35,19.36,19.21,19.25,1200,0
2017-09-07,15:40:00,19.82,19.82,19.6601,19.6601,1800,0
2017-09-07,17:05:00,19.5,19.6199,19.5,19.6199,1100,0
2017-09-07,17:20:00,20.5777,20.5777,20.5777,20.5777,300,0
2017-09-07,17:50:00,19.76,19.76,19.76,19.76,500,0
2017-09-07,17:55:00,19.78,19.78,19.78,19.78,100,0
2017-09-07,20:00:00,19.6099,19.72,19.6099,19.72,1400,0
2017-09-07,20:50:00,19.76,20,19.74,19.74,800,0
2017-09-07,20:55:00,19.7401,19.82,19.7401,19.82,700,0
2017-09-07,21:00:00,19.7401,19.7401,19.7401,19.7401,300,0
2017-09-07,21:10:00,19.62,19.62,19.62,19.62,200,0
2017-09-08,15:40:00,19.91,19.91,19.65,19.699,900,0
2017-09-08,16:05:00,19.7,19.7,19.7,19.7,500,0
2017-09-08,16:10:00,19.7,19.97,19.7,19.9298,1200,0
2017-09-08,18:25:00,20,20.999,19.8542,20.9411,2031,0
2017-09-08,20:15:00,19.9,19.9,19.88,19.88,600,0
2017-09-08,20:20:00,19.8801,19.8801,19.88,19.88,1200,0
2017-09-08,21:05:00,19.42,19.42,19.42,19.42,100,0
2017-09-08,21:25:00,19.82,19.82,19.82,19.82,100,0
2017-09-12,16:05:00,19.35,19.35,19.35,19.35,100,0
2017-09-12,16:45:00,19.53,19.53,19.53,19.53,500,0
2017-09-12,18:20:00,19.039,19.039,19.039,19.039,300,0
2017-09-12,20:10:00,19.5601,19.5601,19.5601,19.5601,100,0
2017-09-13,17:35:00,19.33,19.33,19.29,19.31,3600,0
2017-09-13,17:40:00,19.32,19.54,19.28,19.54,3300,0
2017-09-13,18:50:00,19,19,19,19,100,0
2017-09-13,20:15:00,19.34,19.34,19.34,19.34,200,0
2017-09-13,20:20:00,19.33,19.3901,19.33,19.3901,800,0
2017-09-14,15:50:00,19.39,19.39,19.39,19.39,100,0
2017-09-14,16:15:00,19.3,19.3,19.3,19.3,600,0
2017-09-14,21:05:00,19.5999,19.5999,19.5999,19.5999,289,0
2017-09-15,15:45:00,19.35,19.44,18.006,19.44,1200,0
2017-09-15,15:55:00,19.44,19.44,19.44,19.44,100,0
2017-09-18,15:35:00,19,19.38,19,19.38,855,0
2017-09-18,15:55:00,19.3,19.3,19.3,19.3,100,0
2017-09-18,16:15:00,19.7,19.7,19.7,19.7,100,0
2017-09-18,17:55:00,19.54,19.54,19.54,19.54,200,0
2017-09-20,20:15:00,19.71,20,19.49,19.9,1100,0
2017-09-21,15:35:00,19.6392,19.65,19.6392,19.65,600,0
2017-09-22,21:30:00,21.2,21.2,20.04,20.04,270,0
2017-09-25,15:35:00,19.1,19.1,18.55,18.55,1900,0
2017-09-25,16:05:00,19.195,19.195,19.19,19.19,1200,0
2017-09-25,16:10:00,19.84,19.84,19.3001,19.3001,800,0
2017-09-25,16:15:00,19.35,19.35,19.28,19.28,400,0
2017-09-25,19:10:00,19.6319,19.6319,19.6319,19.6319,236,0
2017-09-25,22:00:00,18.997,18.9992,18.997,18.9992,3000,0
2017-09-26,15:35:00,18.75,18.9,18.6,18.8641,1100,0
2017-09-26,15:40:00,18.77,19.11,18.77,19.11,700,0
2017-09-26,15:45:00,19.1,19.1,19.1,19.1,100,0
2017-09-26,15:50:00,19.216,19.82,19.01,19.46,1374,0
2017-09-26,21:30:00,18.8,18.8,18.8,18.8,100,0
2017-09-27,15:35:00,18.52,19.05,18.52,18.83,1900,0
2017-09-27,15:55:00,18.78,18.78,18.78,18.78,100,0
2017-09-27,18:45:00,18.8,18.8,18.8,18.8,100,0
2017-09-28,15:35:00,16.6501,16.6501,16.65,16.65,200,0
2017-09-28,16:30:00,18.5,18.5,18.5,18.5,459,0
2017-09-29,16:35:00,18.24,18.24,18.24,18.24,100,0
2017-09-29,16:40:00,18.24,18.24,18.24,18.24,100,0
2017-09-29,18:15:00,18.73,18.73,17.826,17.826,500,0
2017-09-29,18:20:00,18.73,18.73,18.7,18.7,200,0
2017-09-29,18:45:00,18.7,18.7,18.7,18.7,100,0
2017-10-02,16:45:00,18.97,19.76,17.94,17.94,3325,0
2017-10-02,20:30:00,19.2072,19.2072,19.2072,19.2072,319,0
2017-10-02,21:35:00,19.069,19.069,19.069,19.069,183,0
2017-10-03,16:35:00,17.4,17.4,17.12,17.17,500,0
2017-10-03,17:45:00,18.56,18.56,18.45,18.45,500,0
2017-10-03,19:15:00,17.7095,18.36,17.7095,18.36,900,0
2017-10-03,19:25:00,18.54,18.54,18.3405,18.3405,200,0
2017-10-16,16:50:00,18.55,18.55,18.55,18.55,500,0
2017-10-16,20:05:00,18.5,18.716,18.214,18.58,2100,0
2017-10-17,20:55:00,18.59,18.59,18.59,18.59,100,0
2017-10-18,16:10:00,18.95,20.126,18.9378,18.9378,500,0
2017-10-19,15:45:00,19.2,19.253,19.1382,19.1382,700,0
2017-10-20,15:50:00,18.8801,18.8801,18.8801,18.8801,400,0
2017-10-25,15:55:00,18.6,18.7,18.2,18.7,800,0
2017-10-26,21:45:00,18.56,18.6,18.5092,18.5092,1020,0
2017-11-01,15:20:00,18.03,18.0859,18.03,18.0859,1600,0
2017-11-01,15:25:00,18.12,18.12,18.12,18.12,100,0
2017-11-02,14:35:00,18.11,18.11,18.11,18.11,100,0
2017-11-03,14:55:00,18.5,18.5,18.43,18.43,300,0
2017-11-03,15:00:00,18.2,18.3,18.2,18.3,200,0
2017-11-03,15:20:00,18.25,18.25,18.25,18.25,200,0
2017-11-03,16:40:00,18.28,18.28,18.28,18.28,100,0
2017-11-03,16:45:00,18.21,18.21,18.21,18.21,100,0
2017-11-06,16:00:00,18.22,18.461,18.22,18.22,300,0
2017-11-06,16:40:00,18.7,18.7,18.18,18.18,400,0
2017-11-07,16:35:00,18.05,18.05,18.04,18.04,200,0
2017-11-07,21:35:00,20.61,20.62,20.61,20.62,786,0
2017-11-08,17:40:00,18.1,18.1,16.8001,16.8001,2646,0
2017-11-08,18:25:00,18.2,18.4974,18,18.4974,400,0
2017-11-08,18:30:00,18,18,17.99,17.99,500,0
2017-11-08,20:40:00,17.8308,17.8308,17.8308,17.8308,100,0
2017-11-08,21:15:00,17.5,17.5,17.5,17.5,713,0
2017-11-08,21:20:00,17.9,17.9,17.9,17.9,100,0
2017-11-08,21:30:00,17.75,17.75,17.75,17.75,1000,0
2017-11-09,19:55:00,18.28,18.28,18.23,18.23,200,0
2017-11-09,21:30:00,18,18.11,18,18.05,800,0
2017-11-09,21:35:00,18.1661,18.23,17.7611,18.23,1700,0
2017-11-10,16:00:00,18.2,18.2,18.2,18.2,2305,0
2017-11-10,16:35:00,18.21,18.21,18.21,18.21,100,0
2017-11-10,16:55:00,18.4,18.4,18.4,18.4,100,0
2017-11-10,21:25:00,17.0201,18,17.0201,18,400,0
2017-11-13,15:40:00,18.45,18.45,18.4,18.4,200,0
2017-11-13,16:40:00,18.28,18.28,18.2,18.2,400,0
2017-11-13,17:00:00,19.3503,19.373,18.2,19.373,1000,0
2017-11-13,17:15:00,19.3707,19.3707,19.3707,19.3707,200,0
2017-11-14,15:35:00,18.5,18.5,18.5,18.5,150,0
2017-11-14,16:00:00,18.43,18.43,18.43,18.43,100,0
2017-11-14,16:15:00,18.43,18.43,18.43,18.43,100,0
2017-11-14,16:35:00,18.43,18.43,18.43,18.43,115,0
2017-11-14,19:35:00,18.6486,18.6486,18.6486,18.6486,100,0
2017-11-15,17:20:00,18.5,18.6,18.5,18.6,500,0
2017-11-15,18:10:00,18.65,18.65,18.65,18.65,100,0
2017-11-15,20:25:00,18.7,18.7,18.7,18.7,100,0
2017-11-15,21:35:00,21.17,21.18,21.17,21.18,400,0
2017-11-16,15:45:00,21.2,21.2,21.2,21.2,100,0
2017-11-17,15:40:00,21.19,21.2,21.15,21.2,1000,0
2017-11-17,18:30:00,18.88,18.88,18.88,18.88,200,0
2017-11-17,21:10:00,20.97,21,20.97,21,200,0
2017-11-21,15:35:00,19.07,19.07,19.07,19.07,150,0
2017-11-21,15:40:00,19,19,19,19,140,0
2017-11-21,16:00:00,18.8,18.8,18.8,18.8,100,0
2017-11-21,16:25:00,18.8,18.8,18.8,18.8,266,0
2017-11-21,21:50:00,19.0001,19.0001,19,19,300,0
2017-11-22,16:00:00,18.6,18.72,18.6,18.72,200,0
2017-11-22,21:15:00,18.75,18.75,18.75,18.75,100,0
2017-11-27,15:35:00,19,19,19,19,350,0
2017-12-04,17:20:00,18.9999,19,18.2795,18.9,1800,0
2017-12-05,17:30:00,18.9,18.9,18.9,18.9,100,0
