Date,Open,High,Low,Close,Volume,OpenInt
2016-11-16,14.294,14.294,14.294,14.294,209,0
2016-11-17,14.354,14.354,14.354,14.354,3360,0
2016-11-18,14.219,14.219,14.219,14.219,2494,0
2016-11-21,14.304,14.304,14.304,14.304,101,0
2016-11-25,14.499,14.499,14.499,14.499,1310,0
2016-11-28,14.411,14.411,14.411,14.411,549,0
2016-11-29,14.354,14.354,14.354,14.354,230,0
2016-12-05,14.625,14.721,14.625,14.721,763,0
2016-12-06,14.876,14.876,14.876,14.876,160,0
2016-12-08,15.038,15.038,15.038,15.038,152,0
2016-12-12,15.096,15.096,15.095,15.095,356,0
2016-12-13,15.241,15.241,15.241,15.241,267,0
2016-12-14,15.201,15.211,15.126,15.126,365,0
2017-01-11,15.305,15.335,15.305,15.335,350,0
2017-01-23,15.461,15.461,15.443,15.443,414,0
2017-01-25,15.71,15.712,15.71,15.712,224,0
2017-01-27,15.615,15.615,15.615,15.615,100,0
2017-01-30,15.453,15.453,15.453,15.453,520,0
2017-01-31,15.528,15.528,15.528,15.528,413,0
2017-02-03,15.506,15.535,15.506,15.535,2035,0
2017-02-06,15.325,15.35,15.325,15.331,711,0
2017-02-07,15.311,15.331,15.311,15.331,1146,0
2017-02-13,15.739,15.739,15.606,15.606,1042,0
2017-02-15,15.66,15.66,15.66,15.66,877,0
2017-02-16,15.68,15.68,15.68,15.68,1033,0
2017-02-17,15.631,15.631,15.515,15.555,1348,0
2017-02-22,15.449,15.506,15.449,15.506,535,0
2017-02-23,15.622,15.622,15.622,15.622,209,0
2017-02-24,15.331,15.331,15.331,15.331,100,0
2017-02-27,15.39,15.39,15.39,15.39,338,0
2017-02-28,15.37,15.458,15.37,15.458,3099,0
2017-03-02,15.628,15.628,15.57,15.57,208,0
2017-03-03,15.58,15.58,15.58,15.58,100,0
2017-03-06,15.638,15.638,15.604,15.604,517,0
2017-03-08,15.445,15.445,15.444,15.444,265,0
2017-03-10,15.686,15.737,15.686,15.737,1185,0
2017-03-13,15.775,15.794,15.751,15.794,3424,0
2017-03-15,15.804,15.804,15.729,15.78,616,0
2017-03-17,15.969,16.009,15.969,16.009,1287,0
2017-03-20,15.919,15.919,15.919,15.919,178,0
2017-03-22,15.765,15.765,15.765,15.765,674,0
2017-03-23,15.775,15.813,15.775,15.813,516,0
2017-03-27,15.949,15.949,15.949,15.949,177,0
2017-03-28,16.066,16.066,16.066,16.066,268,0
2017-03-29,16.018,16.018,16.018,16.018,157,0
2017-03-31,16.018,16.057,16.018,16.028,3678,0
2017-04-04,15.944,15.965,15.944,15.965,306,0
2017-04-07,15.985,16.015,15.985,16.015,758,0
2017-04-13,17.3,17.3,17.3,17.3,709,0
2017-04-17,16.005,16.034,15.988,15.995,8836,0
2017-04-19,15.955,15.955,15.955,15.955,307,0
2017-04-20,16.054,16.054,16.054,16.054,1026,0
2017-04-25,16.511,16.54,16.433,16.54,2975,0
2017-04-28,16.472,16.472,16.472,16.472,519,0
2017-05-02,16.616,16.664,16.616,16.66,1804,0
2017-05-03,16.567,16.576,16.551,16.551,922,0
2017-05-04,16.712,16.712,16.708,16.708,921,0
2017-05-05,16.89,16.89,16.89,16.89,726,0
2017-05-08,16.89,16.89,16.698,16.801,11640,0
2017-05-09,16.745,16.752,16.735,16.752,4601,0
2017-05-10,16.801,16.83,16.801,16.821,1497,0
2017-05-11,16.722,16.722,16.661,16.721,4121,0
2017-05-12,16.736,16.801,16.736,16.801,656,0
2017-05-15,16.88,16.909,16.778,16.909,1179,0
2017-05-16,16.919,17.065,16.919,17.065,1711,0
2017-05-17,16.911,16.929,16.886,16.886,1035,0
2017-05-18,16.723,16.938,16.722,16.86,4386,0
2017-05-19,17.006,17.114,17.006,17.114,1840,0
2017-05-22,17.242,17.242,17.2,17.2,842,0
2017-05-23,17.222,17.222,17.222,17.222,106,0
2017-05-24,17.166,17.166,17.166,17.166,308,0
2017-05-25,17.091,17.091,17.091,17.091,2069,0
2017-05-26,17.016,17.016,16.929,16.987,8999,0
2017-05-30,16.87,16.997,16.87,16.997,592,0
2017-06-01,16.925,16.974,16.925,16.974,411,0
2017-06-02,17.077,17.077,17.077,17.077,1221,0
2017-06-06,16.954,16.954,16.941,16.941,255,0
2017-06-07,16.944,17.032,16.944,17.032,335,0
2017-06-08,17.023,17.042,16.991,16.991,447,0
2017-06-09,16.974,16.974,16.944,16.944,610,0
2017-06-12,16.915,16.915,16.915,16.915,183,0
2017-06-14,17.16,17.206,17.16,17.206,2763,0
2017-06-15,16.935,16.935,16.935,16.935,586,0
2017-06-16,17.081,17.141,17.081,17.141,534,0
2017-06-20,17.121,17.131,17.121,17.131,1937,0
2017-06-23,16.876,16.876,16.876,16.876,100,0
2017-06-26,16.935,16.935,16.935,16.935,100,0
2017-07-05,17.093,17.093,17.093,17.093,254,0
2017-07-07,17.1,17.123,17.1,17.123,1169,0
2017-07-10,17.162,17.162,17.162,17.162,328,0
2017-07-11,17.12,17.12,17.103,17.103,1777,0
2017-07-14,17.468,17.52,17.468,17.52,764,0
2017-07-17,17.605,17.605,17.468,17.576,17672,0
2017-07-18,17.595,17.6,17.585,17.6,1713,0
2017-07-19,17.652,17.652,17.652,17.652,964,0
2017-07-21,17.592,17.592,17.592,17.592,149,0
2017-07-24,17.605,17.694,17.605,17.694,1860,0
2017-07-25,17.783,17.783,17.783,17.783,661,0
2017-07-26,17.867,17.98,17.867,17.98,510,0
2017-07-27,17.909,17.95,17.909,17.95,1470,0
2017-07-28,17.97,18,17.931,17.99,4516,0
2017-07-31,18.039,18.067,18.039,18.067,807,0
2017-08-01,18.179,18.179,18.179,18.179,1030,0
2017-08-02,18.163,18.223,18.163,18.219,1928,0
2017-08-03,18.233,18.253,18.233,18.233,3282,0
2017-08-04,18.223,18.233,18.223,18.233,286,0
2017-08-07,18.233,18.243,18.223,18.233,1374,0
2017-08-08,18.217,18.226,18.183,18.183,1532,0
2017-08-09,18.075,18.163,18.075,18.144,1642,0
2017-08-10,18.094,18.094,17.891,17.986,3520,0
2017-08-11,17.769,17.936,17.769,17.936,1678,0
2017-08-14,17.996,17.996,17.996,17.996,944,0
2017-08-15,17.986,17.986,17.938,17.976,1594,0
2017-08-16,17.996,18.033,17.988,18.033,1924,0
2017-08-17,17.973,17.973,17.956,17.956,306,0
2017-08-18,17.892,17.986,17.892,17.986,1279,0
2017-08-22,17.946,17.991,17.936,17.991,1793,0
2017-08-23,17.986,17.986,17.986,17.986,521,0
2017-08-25,18.051,18.051,18.051,18.051,280,0
2017-08-28,18.069,18.087,18.069,18.087,1001,0
2017-08-29,18.036,18.036,18.036,18.036,168,0
2017-09-01,18.049,18.057,18.039,18.057,5137,0
2017-09-05,17.924,17.924,17.924,17.924,153,0
2017-09-08,18.149,18.149,18.149,18.149,706,0
2017-09-11,18.216,18.275,18.185,18.275,1717,0
2017-09-12,18.364,18.364,18.364,18.364,132,0
2017-09-13,18.255,18.255,18.166,18.166,718,0
2017-09-14,18.087,18.195,18.067,18.195,3435,0
2017-09-18,18.173,18.225,18.173,18.225,622,0
2017-09-20,18.335,18.354,18.311,18.348,1045,0
2017-09-21,18.245,18.265,18.245,18.265,277,0
2017-09-22,18.315,18.315,18.315,18.315,106,0
2017-09-27,18.127,18.195,18.127,18.195,459,0
2017-09-28,18.155,18.155,18.126,18.126,406,0
2017-09-29,18.263,18.315,18.263,18.315,674,0
2017-10-02,18.327,18.327,18.197,18.252,1048,0
2017-10-03,18.253,18.253,18.253,18.253,255,0
2017-10-04,18.207,18.209,18.177,18.209,2140,0
2017-10-05,18.197,18.197,18.177,18.187,1404,0
2017-10-06,18.108,18.122,17.978,18.122,2096,0
2017-10-10,18.187,18.297,18.187,18.297,1262,0
2017-10-11,18.167,18.297,18.167,18.297,924,0
2017-10-12,18.267,18.286,18.267,18.286,391,0
2017-10-13,18.339,18.354,18.339,18.354,251,0
2017-10-16,18.239,18.239,18.239,18.239,164,0
2017-10-17,18.267,18.267,18.267,18.267,112,0
2017-10-18,18.257,18.263,18.257,18.263,683,0
2017-10-19,18.367,18.367,18.367,18.367,210,0
2017-10-20,18.389,18.389,18.389,18.389,176,0
2017-10-23,18.327,18.342,18.327,18.327,502,0
2017-10-24,18.327,18.327,18.327,18.327,251,0
2017-10-26,18.232,18.247,18.227,18.247,1296,0
2017-10-27,18.148,18.148,18.043,18.088,1269,0
2017-10-31,18.128,18.128,18.128,18.128,204,0
2017-11-01,18.22,18.22,18.21,18.21,1146,0
2017-11-02,18.177,18.1792,18.177,18.1792,265,0
2017-11-03,17.97,17.99,17.9,17.99,1250,0
2017-11-06,17.97,18.04,17.965,18.04,1405,0
2017-11-07,18.04,18.04,18.04,18.04,619,0
2017-11-08,18.04,18.05,18.032,18.032,454,0
2017-11-09,18.02,18.02,18.005,18.005,391,0
2017-11-10,17.995,18.018,17.995,18.018,2001,0
2017-11-13,17.8999,17.8999,17.81,17.81,374,0
2017-11-15,17.8141,17.8141,17.8141,17.8141,201,0
2017-11-16,17.91,17.91,17.91,17.91,110,0
2017-11-17,17.86,17.86,17.86,17.86,308,0
2017-11-22,17.84,17.9,17.84,17.8601,2402,0
2017-11-24,18.015,18.015,18.015,18.015,120,0
2017-11-27,18.04,18.05,18.04,18.05,645,0
2017-11-30,18.28,18.28,18.24,18.24,984,0
2017-12-04,17.9801,18.0161,17.9801,18.0161,503,0
2017-12-05,18.12,18.12,17.98,17.98,728,0
