Date,Open,High,Low,Close,Volume,OpenInt
2015-02-12,59.787,60.374,58.9,60.104,1050565,0
2015-02-13,60.5,61.972,60.248,61.144,884198,0
2015-02-17,61.194,61.213,59.459,60.104,1214612,0
2015-02-18,60.421,62.07,60.142,61.771,1424565,0
2015-02-19,62.06,64.845,61.831,63.998,1787933,0
2015-02-20,64.21,65.812,64.018,65.773,1096952,0
2015-02-23,64.596,66.465,64.596,65.85,1145823,0
2015-02-24,65.85,66.758,65.338,66.494,830315,0
2015-02-25,66.641,66.88,65.802,66.401,614138,0
2015-02-26,66.401,66.455,65.165,65.224,476298,0
2015-02-27,65.175,65.56,63.884,63.903,1224123,0
2015-03-02,64.125,65.946,63.94,65.618,955786,0
2015-03-03,65.175,65.889,65.012,65.513,682899,0
2015-03-04,66.129,66.168,65.637,65.754,557913,0
2015-03-05,65.744,65.744,64.865,65.32,410111,0
2015-03-06,66.766,66.93,65.821,66.265,1412160,0
2015-03-09,66.294,67.2,66.284,66.775,553558,0
2015-03-10,67.635,69.649,67.489,69.475,1612652,0
2015-03-11,70.323,71.567,68.615,71.143,1684010,0
2015-03-12,71.923,74.238,71.76,73.839,1817707,0
2015-03-13,72.704,74.083,72.318,74.073,1232307,0
2015-03-16,74.557,75.145,72.898,73.168,1306571,0
2015-03-17,73.428,73.889,72.82,73.235,869076,0
2015-03-18,73.178,74.787,72.88,74.4,609048,0
2015-03-19,74.498,74.989,73.757,73.967,704058,0
2015-03-20,74.661,75.817,73.928,75.425,1048100,0
2015-03-23,75.944,77.111,75.509,76.918,892308,0
2015-03-24,76.918,78.084,76.302,76.908,715467,0
2015-03-25,75.704,76.35,73.553,73.563,908698,0
2015-03-26,73.158,74.959,72.425,74.103,641513,0
2015-03-27,74.141,74.517,73.448,74.073,294255,0
2015-03-30,74.363,75.298,74.363,74.605,554906,0
2015-03-31,74.586,74.748,73.582,73.88,434174,0
2015-04-01,73.776,74.297,72.512,74.093,488939,0
2015-04-02,73.506,74.71,72.81,73.207,501179,0
2015-04-06,72.86,74.419,72.86,74.257,523894,0
2015-04-07,74.478,75.258,74.131,74.131,348621,0
2015-04-08,74.073,74.787,73.284,73.591,641721,0
2015-04-09,73.678,74.439,73.486,73.871,537560,0
2015-04-10,73.871,75.107,73.871,74.4,296225,0
2015-04-13,74.373,74.373,72.455,73.052,383457,0
2015-04-14,73.148,73.448,72.193,73.012,499830,0
2015-04-15,72.956,73.486,71.643,71.895,688530,0
2015-04-16,71.856,71.971,70.697,71.548,505821,0
2015-04-17,71.026,71.268,69.958,70.343,464149,0
2015-04-20,70.777,71.962,70.39,71.53,388248,0
2015-04-21,71.672,72.175,71.211,71.712,358146,0
2015-04-22,71.548,71.866,70.757,71.827,268472,0
2015-04-23,71.346,72.232,71.036,71.577,253391,0
2015-04-24,71.81,71.856,70.063,70.295,355556,0
2015-04-27,70.305,71.316,70.305,71.241,427433,0
2015-04-28,71.085,71.393,70.678,71.221,389056,0
2015-04-29,70.987,71.384,70.285,71.026,282222,0
2015-04-30,70.576,71.346,70.082,70.537,425774,0
2015-05-01,70.198,71.866,70.159,71.441,318113,0
2015-05-04,71.451,72.733,71.306,72.049,584570,0
2015-05-05,72.049,72.049,70.576,70.836,297472,0
2015-05-06,70.923,71.306,69.898,70.305,190017,0
2015-05-07,70.697,71.336,69.908,70.651,329749,0
2015-05-08,71.105,71.895,70.669,71.577,273822,0
2015-05-11,71.682,72.927,71.51,72.184,241048,0
2015-05-12,71.885,72.358,70.632,72.039,264577,0
2015-05-13,72.271,72.752,71.53,71.818,252249,0
2015-05-14,72.193,72.937,72.001,72.927,340515,0
2015-05-15,73.119,73.178,72.242,72.435,209635,0
2015-05-18,72.28,74.625,71.932,74.363,494663,0
2015-05-19,74.748,74.904,73.678,73.918,707169,0
2015-05-20,74.267,75.107,73.908,73.977,657175,0
2015-05-21,73.928,74.228,72.898,73.843,603965,0
2015-05-22,74.113,74.113,73.168,73.369,552313,0
2015-05-26,73.139,73.264,72.435,72.976,886675,0
2015-05-27,73.168,74.439,72.937,74.093,1014701,0
2015-05-28,73.274,75.058,72.31,74.719,716797,0
2015-05-29,74.557,74.566,72.271,73.757,718369,0
2015-06-01,73.591,73.88,71.624,71.702,802903,0
2015-06-02,71.365,71.8,70.557,70.576,1127746,0
2015-06-03,70.747,72.3,70.518,71.77,875197,0
2015-06-04,72.05,72.263,69.911,70.31,472556,0
2015-06-05,70.338,71.537,69.739,71.479,397725,0
2015-06-08,71.364,71.662,70.553,70.609,360102,0
2015-06-09,70.843,72.795,70.618,72.698,820721,0
2015-06-10,73.084,74.237,72.726,74.227,535542,0
2015-06-11,74.217,74.468,73.627,74.15,431912,0
2015-06-12,73.502,74.498,73.308,73.724,371057,0
2015-06-15,72.98,73.754,72.379,73.424,359068,0
2015-06-16,73.347,74.247,72.95,74.111,478962,0
2015-06-17,74.054,74.691,72.612,73.394,457155,0
2015-06-18,73.646,74.382,73.569,74.045,335915,0
2015-06-19,73.861,74.334,73.588,73.744,414881,0
2015-06-22,74.168,74.178,73.173,73.744,339636,0
2015-06-23,73.916,74.344,72.95,73.511,282082,0
2015-06-24,73.511,73.821,72.398,72.593,285166,0
2015-06-25,72.755,72.95,71.586,71.75,305218,0
2015-06-26,71.915,73.385,71.692,73.356,696018,0
2015-06-29,72.282,73.347,71.239,71.294,673175,0
2015-06-30,71.722,72.07,70.843,70.974,387461,0
2015-07-01,71.47,71.992,70.563,70.753,384803,0
2015-07-02,70.753,71.576,69.448,69.68,447748,0
2015-07-06,68.964,69.931,67.473,69.525,508728,0
2015-07-07,69.389,69.389,68.209,69.099,377981,0
2015-07-08,68.335,69.264,67.552,67.61,591625,0
2015-07-09,68.451,69.399,68.199,68.199,276483,0
2015-07-10,69.09,69.554,68.491,69.369,214261,0
2015-07-13,70.057,70.533,69.748,70.086,242479,0
2015-07-14,69.951,70.984,69.729,70.753,169810,0
2015-07-15,70.743,70.93,70.048,70.318,245413,0
2015-07-16,70.743,71.344,70.423,71.023,210851,0
2015-07-17,70.993,71.47,70.222,70.553,244857,0
2015-07-20,70.365,70.713,69.69,69.981,286716,0
2015-07-21,69.883,70.096,68.393,68.934,246097,0
2015-07-22,68.848,69.225,67.562,67.939,342943,0
2015-07-23,67.939,68.634,67.281,67.444,351523,0
2015-07-24,67.502,67.716,66.129,66.284,318447,0
2015-07-27,65.79,66.11,64.821,65.829,430281,0
2015-07-28,66.322,67.173,65.829,66.545,372194,0
2015-07-29,66.759,67.716,66.476,67.223,479688,0
2015-07-30,67.233,68.112,66.545,67.861,221086,0
2015-07-31,68.238,68.964,67.502,68.644,371884,0
2015-08-03,68.839,69.467,67.832,68.248,262923,0
2015-08-04,67.929,69.081,67.376,68.026,394003,0
2015-08-05,68.287,71.053,68.287,69.515,645165,0
2015-08-06,71.8,74.681,71.702,74.325,1252604,0
2015-08-07,74.005,75.261,73.764,75.241,586662,0
2015-08-10,75.718,76.917,75.465,76.308,359068,0
2015-08-11,76.917,76.917,74.344,75.987,470043,0
2015-08-12,75.37,76.858,74.334,76.568,487543,0
2015-08-13,76.509,77.981,75.997,77.603,440309,0
2015-08-14,77.401,78.426,77.023,77.322,415398,0
2015-08-17,76.956,78.291,76.8,78.252,542838,0
2015-08-18,77.952,78.34,77.312,77.498,373640,0
2015-08-19,76.994,77.632,75.978,76.744,392452,0
2015-08-20,76.443,76.724,74.315,74.788,474725,0
2015-08-21,74.015,74.266,72.137,72.775,558137,0
2015-08-24,65.132,71.963,54.239,69.487,599123,0
2015-08-25,70.939,71.529,68.528,68.586,441030,0
2015-08-26,70.162,71.45,68.528,71.334,381806,0
2015-08-27,71.933,74.054,71.576,73.414,448369,0
2015-08-28,73.531,73.773,72.186,73.365,400101,0
2015-08-31,73.58,74.347,72.744,73.502,361030,0
2015-09-01,71.774,72.998,71.395,71.686,349389,0
2015-09-02,72.58,73.589,71.814,73.541,252051,0
2015-09-03,73.444,74.104,72.676,73.016,252875,0
2015-09-04,71.968,72.842,71.6,72.075,243605,0
2015-09-08,74.133,75.658,73.813,75.482,390181,0
2015-09-09,75.784,76.569,75.209,75.629,275948,0
2015-09-10,75.784,76.288,75.115,75.638,286016,0
2015-09-11,75.338,76.201,75.095,76.162,272549,0
2015-09-14,76.171,76.171,74.977,75.559,248962,0
2015-09-15,76.016,76.463,75.199,75.861,269974,0
2015-09-16,75.745,76.219,74.753,75.115,299328,0
2015-09-17,75.415,75.803,74.133,74.279,281717,0
2015-09-18,73.142,74.551,72.812,73.424,499982,0
2015-09-21,73.843,74.299,73.093,73.482,404497,0
2015-09-22,72.424,73.454,71.938,73.414,338472,0
2015-09-23,73.725,73.928,73.142,73.279,391210,0
2015-09-24,72.522,72.657,71.287,71.814,382233,0
2015-09-25,72.298,72.666,70.881,71.172,328276,0
2015-09-28,70.647,71.162,69.046,69.113,244934,0
2015-09-29,69.259,70.533,68.474,69.628,462695,0
2015-09-30,70.327,71.492,69.347,69.774,448068,0
2015-10-01,69.939,71.522,69.414,71.367,324154,0
2015-10-02,70.423,72.201,69.792,72.143,228566,0
2015-10-05,72.472,73.735,72.326,73.289,225299,0
2015-10-06,73.365,74.783,73.356,74.745,424789,0
2015-10-07,75.143,75.996,74.094,74.735,862453,0
2015-10-08,74.629,75.199,74.065,74.639,446214,0
2015-10-09,74.619,76.677,74.619,76.481,535829,0
2015-10-12,76.444,77.794,75.901,77.258,395276,0
2015-10-13,76.539,77.725,76.288,76.696,457956,0
2015-10-14,76.696,77.415,76.026,76.348,583212,0
2015-10-15,76.619,76.939,75.066,76.065,297167,0
2015-10-16,75.958,76.358,75.209,75.725,326730,0
2015-10-19,75.105,75.579,74.852,75.387,358969,0
2015-10-20,75.268,76.792,75.095,76.589,234779,0
2015-10-21,76.89,77.559,76.549,76.716,331157,0
2015-10-22,77.055,79.036,76.619,78.957,476291,0
2015-10-23,79.609,79.842,78.89,79.317,457750,0
2015-10-26,79.609,80.326,78.657,80.074,684154,0
2015-10-27,81.792,83.133,81.28,82.191,688582,0
2015-10-28,82.492,84.558,82.056,84.162,1354916,0
2015-10-29,83.899,84.657,82.102,82.705,531294,0
2015-10-30,82.705,83.598,82.142,83.123,288309,0
2015-11-02,83.231,85.064,82.483,84.929,622873,0
2015-11-03,84.618,84.618,82.473,84.23,378951,0
2015-11-04,84.396,84.929,83.083,83.287,278909,0
2015-11-05,83.297,83.492,82.191,82.987,529752,0
2015-11-06,83.103,83.103,81.686,82.007,298917,0
2015-11-09,81.939,81.939,80.326,80.939,262724,0
2015-11-10,80.647,81.454,80.307,81.162,297786,0
2015-11-11,81.511,81.87,81.113,81.551,315398,0
2015-11-12,80.969,81.034,78.843,78.928,341769,0
2015-11-13,78.511,79.561,77.929,78.007,248756,0
2015-11-16,78.689,83.13,78.689,82.974,656888,0
2015-11-17,83.509,84.484,82.398,83.83,387172,0
2015-11-18,84.015,84.347,83.159,83.499,523518,0
2015-11-19,83.714,84.57,83.198,84.153,382040,0
2015-11-20,84.267,85.116,84.153,84.776,246309,0
2015-11-23,84.853,86.197,84.728,84.922,251954,0
2015-11-24,84.193,84.992,84.005,84.24,312774,0
2015-11-25,84.64,85.107,83.763,84.025,235321,0
2015-11-27,84.407,84.407,83.763,84.153,110268,0
2015-11-30,84.025,84.203,83.384,83.676,227107,0
2015-12-01,84.035,84.436,83.384,83.666,253773,0
2015-12-02,83.802,84.095,83.49,83.782,243420,0
2015-12-03,83.939,84.426,81.562,81.708,268922,0
2015-12-04,81.649,84.484,81.231,84.327,320128,0
2015-12-07,84.708,86.685,84.708,86.685,508940,0
2015-12-08,85.662,85.924,84.317,84.785,484065,0
2015-12-09,84.474,86.003,83.365,83.499,324132,0
2015-12-10,83.753,84.446,83.13,83.88,223719,0
2015-12-11,83.012,83.685,82.078,82.185,245076,0
2015-12-14,81.913,82.739,80.91,81.621,284233,0
2015-12-15,82.458,83.12,81.824,82.769,344153,0
2015-12-16,83.666,84.862,82.887,84.095,307705,0
2015-12-17,85.711,88.594,84.221,85.771,830606,0
2015-12-18,84.823,85.574,83.587,84.397,845392,0
2015-12-21,84.932,88.409,84.63,88.36,642925,0
2015-12-22,89.578,90.571,86.947,87.708,504392,0
2015-12-23,88.311,88.311,87.318,87.688,308629,0
2015-12-24,87.387,88.205,86.879,87.58,136270,0
2015-12-28,87.513,88.096,86.121,87.318,194929,0
2015-12-29,88.925,89.411,87.785,88.613,258560,0
2015-12-30,88.584,88.846,87.864,88.176,226001,0
2015-12-31,88.176,88.526,86.841,87.017,241338,0
2016-01-04,87.133,87.61,85.875,86.967,728107,0
2016-01-05,86.888,90.191,86.86,89.598,890633,0
2016-01-06,89.559,92.45,88.672,92.09,1422493,0
2016-01-07,91.165,91.545,88.399,88.594,868129,0
2016-01-08,88.662,89.401,86.48,86.724,598548,0
2016-01-11,86.898,87.269,84.795,86.062,596825,0
2016-01-12,86.802,88.702,85.498,88.622,638680,0
2016-01-13,88.477,88.965,85.439,85.904,793497,0
2016-01-14,86.373,87.065,84.465,85.214,1014085,0
2016-01-15,83.753,85.234,81.621,83.431,922407,0
2016-01-19,83.676,85.126,82.448,84.426,767157,0
2016-01-20,82.868,85.516,81.932,84.61,956048,0
2016-01-21,84.728,84.932,81.669,81.961,704213,0
2016-01-22,82.691,85.001,82.468,84.972,540473,0
2016-01-25,84.669,86.967,84.504,86.802,884044,0
2016-01-26,86.636,87.814,86.277,87.045,703693,0
2016-01-27,84.805,85.214,82.312,83.666,889662,0
2016-01-28,84.075,85.136,83.246,84.54,559982,0
2016-01-29,84.708,87.894,84.59,87.884,526102,0
2016-02-01,87.794,87.794,86.715,87.22,316792,0
2016-02-02,86.568,86.827,83.87,84.397,371792,0
2016-02-03,85.049,87.027,83.87,86.665,521027,0
2016-02-04,86.247,88.584,85.809,86.802,525205,0
2016-02-05,86.685,87.115,82.224,82.945,611501,0
2016-02-08,83.763,83.957,81.353,82.546,436853,0
2016-02-09,81.903,83.275,80.92,82.068,583752,0
2016-02-10,82.438,83.26,81.435,82.37,551743,0
2016-02-11,80.266,82.068,78.991,81.345,555711,0
2016-02-12,82.652,82.652,80.538,81.649,396695,0
2016-02-16,82.701,83.13,79.085,80.715,675840,0
2016-02-17,81.183,82.36,80.841,81.981,401183,0
2016-02-18,81.961,82.022,80.607,80.996,424431,0
2016-02-19,80.771,81.328,79.838,80.861,395781,0
2016-02-22,81.435,82.808,81.435,82.273,355169,0
2016-02-23,81.952,82.877,81.163,82.37,363788,0
2016-02-24,81.795,83.71,81.329,83.335,505538,0
2016-02-25,83.587,84.327,83.305,84.065,544124,0
2016-02-26,84.248,85.301,83.957,84.982,632060,0
2016-02-29,85.001,85.741,81.173,81.581,813171,0
2016-03-01,81.328,81.795,72.377,75.884,3010639,0
2016-03-02,76.079,79.674,76.019,79.566,1091205,0
2016-03-03,79.428,80.641,77.629,78.939,860051,0
2016-03-04,78.958,80.886,78.274,80.239,612605,0
2016-03-07,79.839,81.059,78.05,78.157,826421,0
2016-03-08,77.816,79.076,77.6,78.743,835094,0
2016-03-09,79.174,79.174,77.121,77.386,478733,0
2016-03-10,77.59,77.717,74.59,75.508,988264,0
2016-03-11,75.673,76.75,75.233,75.596,702579,0
2016-03-14,75.146,76.856,74.804,76.504,433766,0
2016-03-15,76.076,77.238,75.616,76.476,413080,0
2016-03-16,76.437,77.56,76.125,77.296,375146,0
2016-03-17,77.267,78.07,77.238,77.649,527525,0
2016-03-18,77.697,80.738,77.253,80.142,1098017,0
2016-03-21,79.779,81.422,79.759,80.416,475867,0
2016-03-22,80.063,80.846,79.849,80.279,381635,0
2016-03-23,79.957,81.352,79.948,80.915,276063,0
2016-03-24,81.139,82.224,80.866,82.166,721271,0
2016-03-28,82.527,83.71,81.97,83.299,766266,0
2016-03-29,83.065,84.325,82.693,84.275,423142,0
2016-03-30,84.805,86.056,84.454,85.803,697654,0
2016-03-31,85.783,86.155,84.892,84.992,518638,0
2016-04-01,84.444,85.818,84.032,84.942,523767,0
2016-04-04,84.952,85.695,84.12,84.639,390751,0
2016-04-05,84.219,85.03,83.686,84.219,366394,0
2016-04-06,84.082,85.04,83.836,84.823,374362,0
2016-04-07,84.747,85.147,84.102,84.862,302888,0
2016-04-08,85.274,85.803,84.619,84.962,261385,0
2016-04-11,85.518,86.116,84.434,84.473,342846,0
2016-04-12,84.454,84.892,83.426,84.559,445545,0
2016-04-13,85.088,85.441,84.649,85.382,243110,0
2016-04-14,85.402,85.764,84.843,84.912,205152,0
2016-04-15,85.137,85.451,84.414,85.245,244046,0
2016-04-18,84.952,85.48,84.072,84.922,222465,0
2016-04-19,85.088,85.367,84.097,84.619,401774,0
2016-04-20,84.559,84.843,83.514,83.553,441985,0
2016-04-21,83.436,84.042,82.517,82.83,335503,0
2016-04-22,82.85,84.805,82.683,83.974,328392,0
2016-04-25,83.915,83.915,82.605,82.82,317111,0
2016-04-26,83.093,85.04,82.83,85.011,258001,0
2016-04-27,85.04,86.096,84.434,85.938,233952,0
2016-04-28,85.793,87.053,85.303,85.537,279867,0
2016-04-29,85.049,85.733,84.526,85.049,327508,0
2016-05-02,85.04,85.714,82.977,85.156,614328,0
2016-05-03,84.952,86.242,83.886,85.518,512667,0
2016-05-04,85.049,85.813,84.424,85.176,799504,0
2016-05-05,83.093,84.942,81.169,84.072,1351288,0
2016-05-06,83.886,83.886,82.483,83.445,659506,0
2016-05-09,83.514,85.889,83.093,85.215,396086,0
2016-05-10,85.352,86.164,85.108,86.017,472462,0
2016-05-11,85.898,86.516,85.117,85.595,489190,0
2016-05-12,85.724,87.005,85.372,86.721,406902,0
2016-05-13,86.272,86.496,84.922,85.265,351224,0
2016-05-16,85.225,86.76,85.225,86.076,392220,0
2016-05-17,85.813,86.096,84.355,84.932,243142,0
2016-05-18,84.589,85.255,83.696,83.954,425712,0
2016-05-19,83.582,84.345,83.192,83.876,369282,0
2016-05-20,84.345,85.225,83.529,85.098,247479,0
2016-05-23,85.127,85.382,84.579,84.952,298132,0
2016-05-24,84.962,86.731,84.115,86.369,296841,0
2016-05-25,86.408,86.965,85.918,86.319,392597,0
2016-05-26,86.369,86.896,85.988,86.309,178836,0
2016-05-27,86.106,86.613,85.803,86.457,237314,0
2016-05-31,86.272,86.692,84.962,85.078,412950,0
2016-06-01,85.342,86.808,85.049,86.573,310706,0
2016-06-02,86.448,88.471,86.026,87.757,296147,0
2016-06-03,87.795,88.059,86.896,87.297,320010,0
2016-06-06,87.268,88.288,86.954,87.897,411494,0
2016-06-07,87.729,88.78,87.302,88.307,286108,0
2016-06-08,88.297,88.562,87.69,87.974,421909,0
2016-06-09,87.897,89.24,87.897,88.896,346190,0
2016-06-10,88.043,88.269,87.258,87.65,295493,0
2016-06-13,87.102,87.406,86.292,86.503,461156,0
2016-06-14,86.571,87.935,86.092,86.915,416213,0
2016-06-15,86.964,87.67,86.67,86.895,224140,0
2016-06-16,86.513,86.758,85.759,86.68,316772,0
2016-06-17,86.68,87.03,85.061,86.258,727248,0
2016-06-20,87.092,87.769,86.464,86.886,252339,0
2016-06-21,86.758,87.14,86.316,86.905,383685,0
2016-06-22,86.836,87.024,85.669,85.808,308280,0
2016-06-23,86.503,86.503,85.465,85.759,738879,0
2016-06-24,83.824,84.767,82.609,82.775,1291055,0
2016-06-27,82.079,82.177,81.009,81.569,1414689,0
2016-06-28,82.06,82.386,80.539,81.068,786453,0
2016-06-29,81.609,82.835,81.158,82.697,584391,0
2016-06-30,82.59,84.084,82.207,83.511,994400,0
2016-07-01,83.452,84.58,83.295,83.462,490117,0
2016-07-05,83.423,83.452,82.392,82.745,501024,0
2016-07-06,82.355,82.511,81.55,81.727,457203,0
2016-07-07,81.824,82.402,81.648,82.256,477031,0
2016-07-08,82.982,83.265,82.581,82.815,352552,0
2016-07-11,82.815,83.834,82.717,83.129,530400,0
2016-07-12,83.854,84.551,83.53,84.335,575084,0
2016-07-13,84.738,84.786,83.699,83.699,310163,0
2016-07-14,84.285,84.454,83.689,83.718,451360,0
2016-07-15,84.111,85.12,83.923,84.64,410355,0
2016-07-18,84.738,85.589,84.395,84.503,428151,0
2016-07-19,84.305,86.806,84.305,85.923,876400,0
2016-07-20,85.874,86.591,85.719,86.169,264856,0
2016-07-21,86.189,86.346,85.263,85.405,238496,0
2016-07-22,85.218,85.788,84.825,85.561,277783,0
2016-07-25,85.335,85.541,84.974,85.1,234433,0
2016-07-26,85.013,85.943,84.815,85.846,206660,0
2016-07-27,86.131,86.306,84.63,85.228,409978,0
2016-07-28,85.218,85.993,84.815,85.893,331508,0
2016-07-29,85.669,86.316,85.316,85.455,326751,0
2016-08-01,85.365,86.483,85.258,86.376,294455,0
2016-08-02,86.316,86.405,84.55,84.57,499385,0
2016-08-03,84.385,85.311,83.963,85.013,241484,0
2016-08-04,85.188,85.818,85.12,85.639,256600,0
2016-08-05,85.828,86.121,85.571,85.719,211466,0
2016-08-08,85.709,85.963,85.208,85.629,263357,0
2016-08-09,85.609,87.72,85.43,87.072,863517,0
2016-08-10,77.018,78.166,65.758,69.436,8876333,0
2016-08-11,70.28,73.879,70.132,72.73,3565956,0
2016-08-12,72.556,74.791,72.095,72.222,1326472,0
2016-08-15,72.222,73.183,71.849,71.966,766454,0
2016-08-16,71.681,71.869,70.152,70.3,1097149,0
2016-08-17,70.526,71.242,70.3,70.67,721578,0
2016-08-18,70.622,70.947,70.476,70.76,538707,0
2016-08-19,70.622,71.731,70.358,71.691,884633,0
2016-08-22,71.446,73.134,71.094,73.055,1047962,0
2016-08-23,73.604,74.694,73.32,74.576,1533632,0
2016-08-24,74.517,75.008,73.389,74.596,985523,0
2016-08-25,74.418,74.978,73.546,73.762,995433,0
2016-08-26,73.722,74.556,72.741,73.035,524129,0
2016-08-29,73.183,75.018,73.183,74.586,541565,0
2016-08-30,74.38,74.998,74.269,74.526,473399,0
2016-08-31,74.596,74.781,73.468,73.987,256364,0
2016-09-01,74.645,75.977,74.645,75.792,665559,0
2016-09-02,75.968,76.825,75.968,76.689,572967,0
2016-09-06,76.954,76.954,75.359,76.098,360704,0
2016-09-07,75.585,75.821,74.443,74.68,662580,0
2016-09-08,74.394,75.3,74.257,74.797,359370,0
2016-09-09,74.108,74.531,73.655,73.99,514084,0
2016-09-12,73.556,74.757,73.359,74.591,652104,0
2016-09-13,73.93,74.453,73.32,73.685,623099,0
2016-09-14,73.595,74.266,71.765,72.316,688239,0
2016-09-15,72.01,72.957,71.893,72.798,465022,0
2016-09-16,72.738,72.738,71.291,71.371,506374,0
2016-09-19,71.351,72.286,71.184,71.833,379658,0
2016-09-20,72.345,72.708,71.675,72.139,415147,0
2016-09-21,72.375,73.352,71.98,72.878,337003,0
2016-09-22,72.937,74.098,72.937,73.625,391090,0
2016-09-23,73.044,73.93,72.957,73.3,311465,0
2016-09-26,72.838,75.2,72.651,74.837,1285080,0
2016-09-27,75.32,76.284,74.985,75.585,429950,0
2016-09-28,75.634,76.038,75.141,75.664,385806,0
2016-09-29,75.24,75.565,73.91,74.296,550818,0
2016-09-30,74.423,75.555,73.94,75.064,785882,0
2016-10-03,75.064,75.881,74.768,75.526,360484,0
2016-10-04,75.811,76.018,74.462,75.123,429467,0
2016-10-05,75.015,76.156,74.403,74.443,607962,0
2016-10-06,74.581,74.64,74.01,74.158,320991,0
2016-10-07,73.95,74.138,72.868,73.014,553219,0
2016-10-10,73.054,73.863,73.024,73.242,486615,0
2016-10-11,72.838,73.449,71.341,71.745,498617,0
2016-10-12,71.598,72.09,71.341,71.509,285910,0
2016-10-13,71.055,72.08,70.425,71.805,466941,0
2016-10-14,72.247,72.728,72.12,72.405,373100,0
2016-10-17,72.602,73.498,72.266,73.271,500159,0
2016-10-18,75.753,77.199,74.551,76.453,1117107,0
2016-10-19,76.324,76.462,75.428,75.713,389020,0
2016-10-20,75.349,76.108,75.035,75.33,500460,0
2016-10-21,74.995,75.161,74.266,74.885,525423,0
2016-10-24,75.683,75.683,74.581,74.62,367197,0
2016-10-25,74.177,74.752,73.173,73.99,629639,0
2016-10-26,74.138,74.64,73.103,73.645,595162,0
2016-10-27,73.705,73.784,72.927,73.774,320086,0
2016-10-28,73.478,74.719,73.478,74.05,236523,0
2016-10-31,74.216,74.359,73.203,73.223,609239,0
2016-11-01,73.585,73.91,72.424,72.67,389245,0
2016-11-02,73.242,73.35,70.957,71.085,820064,0
2016-11-03,70.957,72.996,70.957,72.67,1221186,0
2016-11-04,72.748,73.389,71.951,73.034,674395,0
2016-11-07,73.872,75.21,73.784,75.025,464731,0
2016-11-08,75.978,78.431,75.103,76.649,1291582,0
2016-11-09,76.048,79.643,75.831,78.067,1162025,0
2016-11-10,78.942,79.958,78.115,79.396,914525,0
2016-11-11,79.042,80.44,78.741,80.36,368616,0
2016-11-14,81.092,84.181,80.696,84.116,844335,0
2016-11-15,83.722,84.877,83.484,84.146,715349,0
2016-11-16,84.108,84.69,83.128,83.642,435762,0
2016-11-17,83.801,84.502,83.558,84.206,336742,0
2016-11-18,84.196,84.897,84.048,84.482,293290,0
2016-11-21,84.947,85.302,84.502,84.729,368642,0
2016-11-22,84.987,85.223,84.375,84.759,255751,0
2016-11-23,84.808,85.678,84.304,85.539,195684,0
2016-11-25,85.668,87.22,85.156,86.923,153875,0
2016-11-28,86.677,86.677,85.154,86.281,342139,0
2016-11-29,85.914,86.785,85.828,85.904,291161,0
2016-11-30,86.134,86.134,84.334,84.334,333974,0
2016-12-01,84.769,85.894,84.324,84.739,312662,0
2016-12-02,84.67,85.856,84.225,85.618,227128,0
2016-12-05,85.984,86.844,85.708,86.667,314727,0
2016-12-06,86.211,88.347,86.024,87.922,349658,0
2016-12-07,87.913,87.913,86.834,86.963,255743,0
2016-12-08,87.467,87.941,85.698,86.144,327285,0
2016-12-09,86.35,87.517,86.104,86.854,432538,0
2016-12-12,84.927,86.271,81.479,86.261,562921,0
2016-12-13,86.864,86.864,85.372,85.588,311271,0
2016-12-14,85.578,86.074,83.989,85.392,252130,0
2016-12-15,85.382,86.459,84.729,84.996,290007,0
2016-12-16,85.135,86.707,85.135,85.738,707054,0
2016-12-19,85.5,86.667,85.5,86.31,415071,0
2016-12-20,86.557,86.874,85.658,86.281,539242,0
2016-12-21,86.271,86.707,85.678,85.954,227566,0
2016-12-22,85.491,86.765,85.392,86.36,313475,0
2016-12-23,86.39,86.785,85.154,86.459,154909,0
2016-12-27,86.864,87.338,86.469,87.19,215545,0
2016-12-28,87.072,87.428,86.271,86.814,410066,0
2016-12-29,86.736,87.556,86.627,87.428,291587,0
2016-12-30,87.714,87.714,86.547,86.707,417428,0
2017-01-03,86.893,88.752,86.736,88.564,665601,0
2017-01-04,88.95,90.294,88.87,89.197,682566,0
2017-01-05,89.117,90.065,88.8,89.009,289234,0
2017-01-06,89.097,89.375,88.435,89.059,235635,0
2017-01-09,88.85,88.979,87.18,87.764,499975,0
2017-01-10,87.961,88.9,87.79,88.82,430473,0
2017-01-11,88.91,89.335,87.388,87.783,497813,0
2017-01-12,87.595,88.149,86.903,88.02,303623,0
2017-01-13,88.179,88.723,87.704,87.931,204356,0
2017-01-17,87.23,87.398,86.094,86.617,241851,0
2017-01-18,86.804,87.457,86.124,86.301,200587,0
2017-01-19,87.131,88.209,86.973,87.793,428254,0
2017-01-20,87.922,88.376,86.677,87.122,198414,0
2017-01-23,87.428,87.517,86.231,87.428,214980,0
2017-01-24,87.259,88.623,85.934,87.634,244124,0
2017-01-25,87.744,88.04,86.963,87.131,298689,0
2017-01-26,87.2,87.883,86.39,86.736,249022,0
2017-01-27,86.657,87.714,86.588,86.775,266751,0
2017-01-30,86.34,86.41,85.422,86.231,355430,0
2017-01-31,85.828,86.221,84.512,85.934,328889,0
2017-02-01,86.281,86.726,85.603,86.32,287192,0
2017-02-02,85.994,86.31,84.907,85.808,312021,0
2017-02-03,86.182,87.418,86.182,87.102,244171,0
2017-02-06,87.003,88.01,87.003,87.14,223922,0
2017-02-07,87.22,87.684,86.864,87.18,132013,0
2017-02-08,87.003,87.257,86.064,86.261,241836,0
2017-02-09,86.39,87.487,86.39,86.607,433584,0
2017-02-10,86.973,88.337,86.893,88.03,356581,0
2017-02-13,88.248,88.91,87.873,88.01,318052,0
2017-02-14,87.566,88.129,87.358,88.109,159738,0
2017-02-15,88.07,88.371,87.566,88.07,236059,0
2017-02-16,88.07,88.376,86.692,88.327,194524,0
2017-02-17,88.307,88.495,87.783,88.475,183381,0
2017-02-21,88.445,90.235,88.139,90.155,279817,0
2017-02-22,90.075,90.916,89.543,90.748,350899,0
2017-02-23,90.59,90.708,89.078,89.375,225886,0
2017-02-24,88.693,90.808,88.683,90.778,283333,0
2017-02-27,90.461,92.498,89.879,92.419,538739,0
2017-02-28,92.923,93.624,91.273,91.341,762354,0
2017-03-01,92.508,93.684,92.488,93.505,307917,0
2017-03-02,93.515,93.861,93.051,93.111,342499,0
2017-03-03,93.051,93.644,93.051,93.357,246257,0
2017-03-06,93.051,93.754,92.611,93.624,180713,0
2017-03-07,93.268,94.35,92.256,93.773,427311,0
2017-03-08,93.019,96.956,92.969,96.014,788713,0
2017-03-09,98.077,99.144,96.813,98.513,556616,0
2017-03-10,98.603,99.144,97.433,98.643,434853,0
2017-03-13,98.673,98.97,98.092,98.91,249882,0
2017-03-14,98.643,99.31,98.434,99.224,247249,0
2017-03-15,99.234,101.23,99.234,100.62,465722,0
2017-03-16,101.67,101.67,100.24,100.35,280197,0
2017-03-17,100.36,101.86,100.3,101.27,590086,0
2017-03-20,101.18,101.51,99.69,99.85,287767,0
2017-03-21,99.97,100.64,97.81,98.453,421198,0
2017-03-22,98.334,98.79,97.889,98.712,265209,0
2017-03-23,98.712,99.105,97.968,98.097,229800,0
2017-03-24,98.156,98.613,96.59,96.946,307585,0
2017-03-27,95.747,97.115,95.092,96.668,294387,0
2017-03-28,96.481,98.276,96.271,98.017,231644,0
2017-03-29,97.849,98.017,97.135,97.561,200023,0
2017-03-30,97.66,98.986,97.66,98.483,303108,0
2017-03-31,98.344,98.344,97.095,97.184,236232,0
2017-04-03,97.184,97.67,95.667,96.341,269376,0
2017-04-04,96.281,97.333,95.944,96.351,250528,0
2017-04-05,96.678,97.085,95.31,95.39,258072,0
2017-04-06,95.567,95.851,95.092,95.449,204797,0
2017-04-07,95.994,98.177,95.712,97.77,397198,0
2017-04-10,98.176,98.256,96.887,97.105,199398,0
2017-04-11,96.927,97.284,96.376,96.678,399580,0
2017-04-12,96.728,97.254,95.152,95.687,321675,0
2017-04-13,95.697,96.996,94.428,94.517,216953,0
2017-04-17,95.032,96.331,94.308,96.064,228072,0
2017-04-18,95.687,96.461,94.101,96.271,333415,0
2017-04-19,96.768,96.897,95.727,95.964,205366,0
2017-04-20,96.321,97.343,95.469,97.115,218835,0
2017-04-21,97.561,97.561,96.451,96.471,162430,0
2017-04-24,97.958,98.315,97.443,97.69,173876,0
2017-04-25,97.879,98.315,97.293,98.216,174578,0
2017-04-26,98.453,98.453,97.66,97.799,194765,0
2017-04-27,98.176,98.503,97.174,97.879,197691,0
2017-04-28,97.889,98.673,97.472,98.176,302205,0
2017-05-01,98.434,98.8,96.986,97.521,375902,0
2017-05-02,97.571,98.141,97.413,98.047,424296,0
2017-05-03,97.551,98.965,97.333,98.82,388293,0
2017-05-04,98.722,98.722,97.105,97.472,187703,0
2017-05-05,97.303,97.978,97.293,97.809,272813,0
2017-05-08,97.68,97.799,97.085,97.71,208016,0
2017-05-09,97.829,98.296,97.463,97.581,209147,0
2017-05-10,97.541,98.052,96.203,97.274,273629,0
2017-05-11,95.23,98.79,92.722,98.603,812735,0
2017-05-12,98.067,98.286,95.855,96.094,330530,0
2017-05-15,95.817,97.254,95.469,96.57,250535,0
2017-05-16,96.897,97.006,95.846,96.877,277903,0
2017-05-17,95.489,96.363,95.489,95.797,232370,0
2017-05-18,95.41,96.183,94.755,95.538,241967,0
2017-05-19,96.164,97.05,95.807,96.441,182221,0
2017-05-22,97.125,98.473,96.937,97.601,249473,0
2017-05-23,98.077,98.166,96.759,98.067,146568,0
2017-05-24,98.067,100.18,97.75,100.06,268958,0
2017-05-25,100.25,101.5,100.18,101.2,284125,0
2017-05-26,101.51,101.51,99.84,100.6,299522,0
2017-05-30,100.22,100.48,99.194,99.65,244029,0
2017-05-31,99.65,100.93,99.41,100.82,328360,0
2017-06-01,101.01,102.82,100.62,102.51,333555,0
2017-06-02,102.31,104.22,102.11,103.45,375047,0
2017-06-05,102.77,102.78,100.62,100.75,377777,0
2017-06-06,100.3,100.58,99.66,99.71,358555,0
2017-06-07,99.74,99.84,98.846,99.035,321136,0
2017-06-08,98.756,99.33,98.28,98.886,421464,0
2017-06-09,99.135,99.199,96.966,97.553,660710,0
2017-06-12,97.553,97.593,95.335,96.589,545667,0
2017-06-13,96.837,98.886,96.797,98.746,350359,0
2017-06-14,98.736,99.6,98.458,98.956,325787,0
2017-06-15,98.25,99.125,97.832,99.065,285395,0
2017-06-16,98.896,99.63,97.986,98.976,602623,0
2017-06-19,99.58,100.76,99.47,100.59,252188,0
2017-06-20,100.17,100.72,99.97,100.24,215872,0
2017-06-21,100.34,101.08,99.85,100.27,364843,0
2017-06-22,100.32,100.75,98.14,98.28,355147,0
2017-06-23,98.11,98.618,97.623,97.931,331396,0
2017-06-26,98.22,98.707,96.677,97.394,324862,0
2017-06-27,97.085,97.474,96.489,96.499,278954,0
2017-06-28,97.105,98.24,96.121,98.19,250702,0
2017-06-29,98.04,98.378,95.514,96.201,177912,0
2017-06-30,96.549,98.388,96.299,97.842,269302,0
2017-07-03,98.15,99.74,97.901,99.26,126535,0
2017-07-05,99.71,101.99,99.71,100.77,330811,0
2017-07-06,100.78,101.68,100.07,100.11,474378,0
2017-07-07,100.51,102.14,100.35,101.79,138017,0
2017-07-10,101.72,101.83,100.15,100.59,344685,0
2017-07-11,100.75,100.94,99.016,100.42,448289,0
2017-07-12,101.01,102.32,100.4,100.48,202961,0
2017-07-13,100.58,100.65,99.29,100.27,237393,0
2017-07-14,100.62,101.76,100.35,101.4,174142,0
2017-07-17,101.38,101.57,100.72,101.35,105345,0
2017-07-18,101.41,101.79,100.59,100.94,195716,0
2017-07-19,101.4,102.03,100.28,101.85,124367,0
2017-07-20,102.17,102.41,101.26,101.86,181125,0
2017-07-21,101.7,102.82,101.45,102.7,107549,0
2017-07-24,102.66,103.21,101.76,102.69,199508,0
2017-07-25,103.22,103.93,102.15,103.32,318811,0
2017-07-26,103.41,103.41,102.17,102.37,124101,0
2017-07-27,102.79,102.86,100.49,101.32,219230,0
2017-07-28,101.18,102.12,100.82,102.07,179898,0
2017-07-31,102.15,102.35,101.06,101.64,248141,0
2017-08-01,102.13,102.47,101.42,102.43,230323,0
2017-08-02,102.61,103.6,102.24,103.05,371441,0
2017-08-03,103.78,106.88,103.39,105.89,415453,0
2017-08-04,106.32,106.58,104.84,105.99,258958,0
2017-08-07,106.38,106.38,105.05,105.9,222076,0
2017-08-08,105.56,105.95,104.23,104.58,242232,0
2017-08-09,104.42,106.32,104.4,106.24,325634,0
2017-08-10,106.18,106.65,104.75,105.29,232522,0
2017-08-11,104.86,106.21,104.86,106.01,216197,0
2017-08-14,109.39,109.96,107.71,108.11,368378,0
2017-08-15,108.43,108.45,106.58,107.18,189089,0
2017-08-16,107.37,107.75,106.4,106.66,191373,0
2017-08-17,106.2,106.61,104.97,105.07,190537,0
2017-08-18,104.74,104.82,103.63,104.56,184344,0
2017-08-21,104.54,105.15,103.54,104.95,165367,0
2017-08-22,105.49,106.63,105.17,106.47,210257,0
2017-08-23,106.14,106.52,105.34,105.78,188465,0
2017-08-24,106.21,106.21,104.86,106.03,129835,0
2017-08-25,106.37,107.22,106.07,106.62,143229,0
2017-08-28,107.39,107.43,106.43,106.78,167541,0
2017-08-29,106.37,108.64,106.37,108.36,245809,0
2017-08-30,108.7,110.28,107.51,110.21,253662,0
2017-08-31,110.49,111.1,109.5,110.99,226206,0
2017-09-01,111.17,111.68,110.36,110.59,202609,0
2017-09-05,111.29,111.76,109.35,109.73,292990,0
2017-09-06,109.9,109.9,107.49,107.54,445046,0
2017-09-07,107.72,108.13,106.14,107.74,265180,0
2017-09-08,107.53,107.98,107.11,107.64,185536,0
2017-09-11,108.49,109.38,108.01,108.3,279529,0
2017-09-12,108.71,108.74,107.9,108.38,272241,0
2017-09-13,108.31,108.38,107.6,107.71,197745,0
2017-09-14,107.71,108.3,106.82,108.13,501930,0
2017-09-15,108.13,109.9,108.13,109.77,403893,0
2017-09-18,131.58,133.07,131.39,131.93,7357592,0
2017-09-19,131.93,132.15,131.65,132.1,2878511,0
2017-09-20,132.08,132.19,131.75,132.07,1739230,0
2017-09-21,132.01,132.28,131.98,132.08,990470,0
2017-09-22,132.13,132.4,132.12,132.32,910678,0
2017-09-25,132.28,132.72,132.26,132.66,835339,0
2017-09-26,132.54,132.8,132.41,132.65,819928,0
2017-09-27,132.7,132.92,132.29,132.32,1173780,0
2017-09-28,132.43,132.7,132.38,132.48,1287533,0
2017-09-29,132.49,132.84,132.34,132.84,1153880,0
2017-10-02,132.81,133.36,132.71,133.26,730522,0
2017-10-03,133.28,133.8,133.18,133.8,988936,0
2017-10-04,133.48,134.27,133.22,134.25,1302850,0
2017-10-05,134.08,134.23,133.41,133.45,934177,0
2017-10-06,133.33,133.59,132.92,133.46,1030160,0
2017-10-09,133.55,133.61,133.03,133.18,533624,0
2017-10-10,133.18,133.26,132.93,133.26,767589,0
2017-10-11,133.25,133.47,132.98,132.98,810258,0
2017-10-12,132.98,133.16,132.75,133.1,651079,0
2017-10-13,133.28,133.55,132.55,133.18,643480,0
2017-10-16,133.28,133.28,132.7,133.12,669685,0
2017-10-17,132.93,133.02,132.57,132.96,494327,0
2017-10-18,132.98,133.01,132.54,132.55,568113,0
2017-10-19,132.54,132.76,132.44,132.66,541890,0
2017-10-20,132.66,132.69,132.22,132.37,675377,0
2017-10-23,132.4,132.66,132.29,132.63,342575,0
2017-10-24,132.52,132.73,132.4,132.58,1123967,0
2017-10-25,132.58,132.77,132.5,132.73,812871,0
2017-10-26,132.73,133,132.59,132.94,727338,0
2017-10-27,132.96,133.05,132.77,132.98,363682,0
2017-10-30,132.99,133.01,132.59,132.68,703318,0
2017-10-31,132.99,132.99,132.48,132.61,2202279,0
2017-11-01,132.78,132.87,132.42,132.45,801773,0
2017-11-02,132.48,132.64,132.32,132.38,625073,0
2017-11-03,132.56,132.63,132.3,132.55,627730,0
2017-11-06,132.53,132.73,132.53,132.53,393085,0
2017-11-07,132.58,132.68,132.53,132.63,234106,0
2017-11-08,132.56,132.69,132.52,132.61,250729,0
2017-11-09,132.61,132.7,132.43,132.43,639843,0
2017-11-10,132.46,132.68,131.89,132.64,303660,0
2017-11-13,132.53,132.68,132.43,132.57,253002,0
2017-11-14,132.53,132.71,132.46,132.46,1255383,0
2017-11-15,132.55,132.71,132.1,132.39,337184,0
2017-11-16,132.41,132.86,132.14,132.43,546467,0
2017-11-17,132.3,132.53,132.19,132.2,539208,0
2017-11-20,132.31,132.52,132.17,132.3,578319,0
2017-11-21,132.4,132.76,132.29,132.33,736353,0
2017-11-22,132.35,132.46,132.19,132.35,609636,0
2017-11-24,132.26,132.45,132.26,132.45,170924,0
2017-11-27,132.45,132.47,132.28,132.3,438678,0
2017-11-28,132.4,132.4,132.15,132.25,477016,0
2017-11-29,132.3,132.37,131.91,132.25,755226,0
2017-11-30,132.3,132.39,131.94,131.94,514382,0
2017-12-01,132.2,132.6,132.07,132.28,596523,0
2017-12-04,132.47,132.77,132.36,132.77,540420,0
2017-12-05,132.78,132.78,132.48,132.49,403179,0
2017-12-06,132.49,132.73,132.37,132.47,249851,0
