Date,Open,High,Low,Close,Volume,OpenInt
2014-02-11,24.259,24.259,24.219,24.259,1424,0
2014-02-12,24.298,24.298,24.239,24.239,2584,0
2014-02-13,24.229,24.229,24.189,24.219,5701,0
2014-02-14,24.249,24.249,24.249,24.249,1018,0
2014-02-18,24.279,24.279,24.249,24.249,22448,0
2014-02-19,24.259,24.279,24.249,24.259,5003,0
2014-02-21,24.328,24.328,24.259,24.279,5044,0
2014-02-24,24.259,24.279,24.239,24.279,12901,0
2014-02-25,24.328,24.328,24.298,24.308,36006,0
2014-02-26,24.357,24.357,24.347,24.347,1943,0
2014-02-27,24.338,24.425,24.338,24.357,48193,0
2014-02-28,24.425,24.443,24.425,24.425,7012,0
2014-03-03,24.48,24.48,24.451,24.451,1656,0
2014-03-04,24.48,24.48,24.471,24.48,10967,0
2014-03-05,24.461,24.471,24.461,24.471,6754,0
2014-03-06,24.423,24.423,24.423,24.423,4853,0
2014-03-07,24.383,24.383,24.336,24.345,27753,0
2014-03-10,24.345,24.355,24.345,24.345,7663,0
2014-03-11,24.316,24.316,24.306,24.306,1218,0
2014-03-12,24.326,24.345,24.326,24.345,1387,0
2014-03-13,24.336,24.336,24.326,24.326,6202,0
2014-03-14,24.383,24.393,24.383,24.393,1505,0
2014-03-17,24.374,24.374,24.287,24.374,2782,0
2014-03-18,24.383,24.383,24.383,24.383,1404,0
2014-03-19,24.336,24.345,24.217,24.217,12390,0
2014-03-20,24.277,24.306,24.277,24.306,24706,0
2014-03-21,24.147,24.207,24.129,24.147,35735,0
2014-03-24,24.138,24.147,24.031,24.031,20920,0
2014-03-25,24.051,24.061,23.953,24.023,4636,0
2014-03-26,24.071,24.081,24.071,24.081,3329,0
2014-03-27,24.091,24.091,23.993,24.081,8573,0
2014-03-28,24.11,24.11,24.051,24.11,5318,0
2014-03-31,24.147,24.147,24.081,24.138,7058,0
2014-04-01,24.13,24.158,24.052,24.139,5563,0
2014-04-02,24.139,24.139,24.121,24.139,6319,0
2014-04-03,24.148,24.148,24.111,24.111,1461,0
2014-04-04,24.158,24.158,24.148,24.158,6282,0
2014-04-07,24.168,24.208,24.168,24.208,2106,0
2014-04-08,24.228,24.228,24.208,24.208,630,0
2014-04-09,24.188,24.228,24.188,24.228,13834,0
2014-04-10,24.148,24.307,24.148,24.288,7623,0
2014-04-11,24.327,24.327,24.307,24.317,5440,0
2014-04-14,24.228,24.228,24.228,24.228,296,0
2014-04-16,24.356,24.384,24.337,24.337,15347,0
2014-04-17,24.346,25.736,24.317,24.356,42184,0
2014-04-21,24.394,24.491,24.375,24.452,48623,0
2014-04-22,24.327,24.375,24.327,24.375,5472,0
2014-04-23,24.307,24.375,24.307,24.346,3360,0
2014-04-24,24.307,24.375,24.288,24.356,7693,0
2014-04-25,24.366,24.384,24.317,24.346,3197,0
2014-04-28,24.317,24.337,24.288,24.288,14972,0
2014-04-29,24.307,24.327,24.307,24.327,7550,0
2014-04-30,24.327,24.346,24.317,24.337,4973,0
2014-05-01,24.298,24.318,24.298,24.308,7563,0
2014-05-02,24.229,24.249,24.229,24.249,6010,0
2014-05-05,24.289,24.453,24.209,24.308,19160,0
2014-05-06,24.298,24.328,24.289,24.318,23517,0
2014-05-07,24.328,24.347,24.249,24.347,3077,0
2014-05-08,24.357,24.367,24.338,24.367,50572,0
2014-05-09,24.328,24.367,24.328,24.367,1555,0
2014-05-12,24.367,24.415,24.357,24.395,6971,0
2014-05-13,24.357,24.395,24.338,24.367,12476,0
2014-05-14,24.425,24.434,24.415,24.425,3724,0
2014-05-15,24.443,24.443,24.443,24.443,1159,0
2014-05-16,24.443,24.453,24.425,24.453,7856,0
2014-05-19,24.463,24.463,24.415,24.425,4168,0
2014-05-20,24.425,24.443,24.425,24.443,10561,0
2014-05-21,24.415,24.463,24.405,24.453,9074,0
2014-05-22,24.415,24.561,24.405,24.561,7240,0
2014-05-23,24.415,24.482,24.405,24.405,2505,0
2014-05-27,24.405,24.463,24.405,24.425,5542,0
2014-05-28,24.434,24.512,24.434,24.453,6196,0
2014-05-29,24.473,24.482,24.434,24.443,2684,0
2014-05-30,24.434,24.492,24.434,24.492,2132,0
2014-06-02,24.425,24.473,24.415,24.434,14269,0
2014-06-03,24.425,24.482,24.367,24.415,21453,0
2014-06-04,24.443,24.443,24.385,24.405,10621,0
2014-06-05,24.415,24.425,24.385,24.395,21314,0
2014-06-06,24.367,24.395,24.347,24.395,7944,0
2014-06-09,24.308,24.367,24.308,24.367,3976,0
2014-06-10,24.347,24.347,24.328,24.328,3824,0
2014-06-11,24.367,24.367,24.308,24.347,14013,0
2014-06-12,24.357,24.415,24.328,24.385,27641,0
2014-06-13,24.376,24.425,24.367,24.395,14264,0
2014-06-16,24.376,24.376,24.367,24.367,2107,0
2014-06-17,24.338,24.357,24.298,24.298,16958,0
2014-06-18,24.376,24.395,24.338,24.385,27392,0
2014-06-19,24.376,24.376,24.318,24.357,3797,0
2014-06-20,24.367,24.376,24.357,24.357,4249,0
2014-06-23,24.376,24.609,24.338,24.357,22654,0
2014-06-24,24.884,24.884,24.376,24.405,9529,0
2014-06-25,24.425,24.875,24.425,24.453,20904,0
2014-06-26,24.463,24.463,24.463,24.463,400,0
2014-06-27,24.473,24.482,24.453,24.463,5627,0
2014-06-30,24.473,24.492,24.453,24.473,10136,0
2014-07-01,24.467,24.486,24.467,24.477,21237,0
2014-07-02,24.457,24.546,24.447,24.467,47345,0
2014-07-03,24.467,24.477,24.467,24.467,4841,0
2014-07-07,24.438,24.438,24.429,24.429,3842,0
2014-07-08,24.419,24.457,24.419,24.429,27224,0
2014-07-09,24.332,24.37,24.302,24.302,15930,0
2014-07-10,24.351,24.351,24.322,24.322,2551,0
2014-07-11,24.351,24.399,24.341,24.37,21155,0
2014-07-14,24.322,24.37,24.322,24.37,3041,0
2014-07-15,24.389,24.429,24.341,24.37,7123,0
2014-07-16,24.389,24.409,24.389,24.399,9312,0
2014-07-17,24.447,24.486,24.38,24.467,22152,0
2014-07-18,24.447,24.447,24.438,24.438,6426,0
2014-07-21,24.429,24.477,24.419,24.477,15391,0
2014-07-22,24.467,24.496,24.438,24.467,9720,0
2014-07-23,24.438,24.555,24.438,24.516,4149,0
2014-07-24,24.477,24.496,24.457,24.496,10514,0
2014-07-25,24.496,24.536,24.496,24.496,5431,0
2014-07-28,24.516,24.516,24.457,24.506,1455,0
2014-07-29,24.565,24.565,24.536,24.555,7372,0
2014-07-30,24.467,24.477,24.447,24.457,15145,0
2014-07-31,24.477,24.516,24.477,24.496,10243,0
2014-08-01,24.547,24.547,24.508,24.538,6936,0
2014-08-04,24.508,24.528,24.508,24.508,6714,0
2014-08-05,24.411,24.508,24.411,24.498,10185,0
2014-08-06,24.557,24.557,24.557,24.557,938,0
2014-08-07,24.459,24.557,24.449,24.538,3290,0
2014-08-08,24.577,24.596,24.498,24.577,10873,0
2014-08-11,24.596,24.596,24.586,24.596,4958,0
2014-08-12,24.538,24.663,24.528,24.663,13513,0
2014-08-13,24.643,24.643,24.633,24.643,6655,0
2014-08-14,24.673,24.673,24.586,24.663,6025,0
2014-08-15,24.701,24.701,24.663,24.701,11768,0
2014-08-18,24.653,24.673,24.643,24.673,14104,0
2014-08-19,24.643,24.663,24.643,24.663,5455,0
2014-08-20,24.643,24.682,24.596,24.596,20188,0
2014-08-21,24.653,24.691,24.653,24.682,2013,0
2014-08-22,24.663,24.673,24.624,24.663,10224,0
2014-08-25,24.633,24.701,24.633,24.653,5014,0
2014-08-26,24.701,24.711,24.633,24.711,4917,0
2014-08-27,24.663,24.74,24.663,24.673,2610,0
2014-08-28,24.682,24.711,24.682,24.711,3199,0
2014-08-29,24.76,24.76,24.711,24.74,3916,0
2014-09-02,24.723,24.733,24.645,24.713,32382,0
2014-09-03,24.703,24.723,24.655,24.713,15265,0
2014-09-04,24.655,24.703,24.635,24.703,5678,0
2014-09-05,24.683,24.693,24.616,24.665,74452,0
2014-09-08,24.723,24.723,24.675,24.675,12814,0
2014-09-09,24.693,24.703,24.655,24.665,3587,0
2014-09-10,24.683,24.683,24.626,24.655,7101,0
2014-09-11,24.626,24.675,24.597,24.597,20730,0
2014-09-12,24.626,24.665,24.588,24.597,12822,0
2014-09-15,24.626,24.626,24.597,24.616,5437,0
2014-09-16,24.626,24.635,24.626,24.626,2432,0
2014-09-17,24.635,24.645,24.569,24.578,16881,0
2014-09-18,24.626,24.645,24.616,24.635,4094,0
2014-09-19,24.635,24.645,24.616,24.626,47141,0
2014-09-22,24.635,24.655,24.635,24.635,5691,0
2014-09-23,24.655,24.655,24.616,24.635,6876,0
2014-09-24,24.645,24.645,24.607,24.626,7022,0
2014-09-25,24.645,24.693,24.607,24.683,11676,0
2014-09-26,24.626,24.665,24.626,24.635,8764,0
2014-09-29,24.665,24.742,24.626,24.665,16062,0
2014-09-30,24.665,24.665,24.635,24.645,7400,0
2014-10-01,24.659,24.737,24.659,24.659,7179,0
2014-10-02,24.669,24.697,24.649,24.697,5184,0
2014-10-03,24.659,24.737,24.62,24.63,26458,0
2014-10-06,24.669,24.678,24.649,24.669,4391,0
2014-10-07,24.678,24.746,24.639,24.697,9266,0
2014-10-08,24.678,24.697,24.659,24.697,26020,0
2014-10-09,24.697,24.737,24.697,24.727,7720,0
2014-10-10,24.737,24.766,24.669,24.697,3207,0
2014-10-13,24.766,24.766,24.746,24.766,200,0
2014-10-14,24.766,24.82,24.766,24.811,5977,0
2014-10-15,24.858,24.935,24.858,24.925,20012,0
2014-10-16,24.811,24.896,24.811,24.84,14599,0
2014-10-17,24.793,24.82,24.784,24.784,4563,0
2014-10-20,24.82,24.82,24.727,24.737,4930,0
2014-10-21,24.766,24.766,24.697,24.746,8382,0
2014-10-22,24.737,24.766,24.727,24.766,19600,0
2014-10-23,24.727,24.727,24.639,24.717,6763,0
2014-10-24,24.737,24.756,24.649,24.737,22071,0
2014-10-27,24.678,24.774,24.678,24.774,2020,0
2014-10-28,24.756,24.756,24.678,24.707,6791,0
2014-10-29,24.717,24.774,24.669,24.669,1939,0
2014-10-30,24.737,24.737,24.737,24.737,825,0
2014-10-31,24.707,24.746,24.687,24.717,9257,0
2014-11-03,24.671,24.719,24.671,24.709,8026,0
2014-11-04,24.671,24.689,24.671,24.689,8680,0
2014-11-05,24.671,24.689,24.661,24.671,8545,0
2014-11-06,24.661,24.671,24.651,24.661,13858,0
2014-11-07,24.671,24.699,24.671,24.68,6348,0
2014-11-10,24.661,24.661,24.641,24.641,3324,0
2014-11-11,24.699,24.699,24.671,24.68,3246,0
2014-11-12,24.699,24.729,24.651,24.699,10379,0
2014-11-13,24.651,24.709,24.641,24.699,23051,0
2014-11-14,24.699,24.748,24.689,24.709,4056,0
2014-11-17,24.661,24.661,24.603,24.603,9598,0
2014-11-18,24.631,24.699,24.631,24.699,13487,0
2014-11-19,24.622,24.709,24.622,24.671,2120,0
2014-11-20,24.641,24.719,24.631,24.719,23211,0
2014-11-21,24.719,24.748,24.68,24.739,5267,0
2014-11-24,24.719,24.739,24.641,24.719,11987,0
2014-11-25,24.739,24.739,24.709,24.709,25062,0
2014-11-26,24.719,24.719,24.719,24.719,372,0
2014-11-28,24.748,24.767,24.748,24.767,1037,0
2014-12-01,24.761,24.807,24.732,24.732,21825,0
2014-12-02,24.722,24.751,24.722,24.751,17944,0
2014-12-03,24.741,24.779,24.712,24.741,10238,0
2014-12-04,24.741,24.807,24.722,24.722,28189,0
2014-12-05,24.712,24.712,24.625,24.682,10316,0
2014-12-08,24.692,24.732,24.634,24.702,18793,0
2014-12-09,24.761,24.761,24.682,24.741,3706,0
2014-12-10,24.732,24.77,24.702,24.77,1945,0
2014-12-11,24.712,24.77,24.692,24.692,11189,0
2014-12-12,24.702,24.845,24.692,24.77,19927,0
2014-12-15,24.682,24.712,24.682,24.692,11947,0
2014-12-16,24.732,24.741,24.692,24.712,10437,0
2014-12-17,24.732,24.77,24.712,24.732,14903,0
2014-12-18,24.644,24.779,24.615,24.732,32946,0
2014-12-19,24.664,24.674,24.558,24.664,15227,0
2014-12-22,24.615,24.674,24.615,24.674,1740,0
2014-12-23,24.625,24.682,24.558,24.634,20326,0
2014-12-26,24.634,24.644,24.596,24.644,3889,0
2014-12-29,24.682,24.712,24.615,24.625,9711,0
2014-12-30,24.644,24.692,24.625,24.634,9160,0
2014-12-31,24.712,24.722,24.654,24.702,13729,0
2015-01-02,24.761,24.779,24.674,24.674,2602,0
2015-01-05,24.654,24.77,24.644,24.692,27300,0
2015-01-06,24.712,24.761,24.674,24.751,4103,0
2015-01-07,24.732,24.77,24.712,24.732,3629,0
2015-01-08,24.751,24.761,24.664,24.751,22839,0
2015-01-09,24.702,24.807,24.692,24.751,9831,0
2015-01-12,24.779,24.807,24.77,24.807,5887,0
2015-01-13,24.788,24.835,24.788,24.825,5267,0
2015-01-14,24.835,24.93,24.807,24.891,6027,0
2015-01-15,24.92,24.96,24.911,24.96,4377,0
2015-01-16,24.95,25.067,24.882,24.901,17772,0
2015-01-20,24.96,24.96,24.901,24.92,12120,0
2015-01-21,24.989,24.989,24.96,24.97,1068,0
2015-01-22,25.008,25.008,24.92,24.97,14416,0
2015-01-23,24.989,25.047,24.989,25.047,5266,0
2015-01-26,24.891,25.107,24.891,24.97,15070,0
2015-01-27,25.017,25.017,24.901,24.96,9780,0
2015-01-28,24.97,25.137,24.97,25.127,5085,0
2015-01-29,25.008,25.057,25.008,25.047,14894,0
2015-01-30,25.067,25.097,25.008,25.097,12046,0
2015-02-02,25.01,25.06,25.01,25.04,3345,0
2015-02-03,25.06,25.06,24.943,24.943,35991,0
2015-02-04,24.973,25.04,24.973,25.04,15651,0
2015-02-05,25.02,25.02,24.943,24.943,7906,0
2015-02-06,24.992,24.992,24.923,24.923,15091,0
2015-02-09,25.001,25.03,24.923,24.992,10461,0
2015-02-10,24.992,25.03,24.923,24.973,51997,0
2015-02-11,24.973,24.983,24.894,24.894,16195,0
2015-02-12,24.983,24.983,24.914,24.914,50086,0
2015-02-13,24.894,24.923,24.838,24.914,10406,0
2015-02-17,24.848,24.865,24.764,24.857,6030,0
2015-02-18,24.857,24.983,24.828,24.904,131731,0
2015-02-19,24.848,24.933,24.8,24.865,5755,0
2015-02-20,24.953,24.953,24.828,24.828,18350,0
2015-02-23,24.953,24.953,24.894,24.943,4291,0
2015-02-24,24.884,24.983,24.884,24.914,43474,0
2015-02-25,24.914,24.933,24.894,24.923,55925,0
2015-02-26,24.857,24.884,24.818,24.828,34063,0
2015-02-27,24.904,24.904,24.818,24.857,11419,0
2015-03-02,24.815,24.882,24.721,24.845,13654,0
2015-03-03,24.825,24.94,24.75,24.778,50185,0
2015-03-04,24.701,24.854,24.701,24.796,4623,0
2015-03-05,24.815,24.845,24.75,24.769,4311,0
2015-03-06,24.701,24.701,24.605,24.605,9034,0
2015-03-09,24.663,24.731,24.653,24.663,4925,0
2015-03-10,24.673,24.731,24.614,24.673,15090,0
2015-03-11,24.663,24.721,24.663,24.721,2663,0
2015-03-12,24.701,24.76,24.701,24.711,8417,0
2015-03-13,24.605,24.845,24.605,24.76,6874,0
2015-03-16,24.76,24.835,24.663,24.75,13858,0
2015-03-17,24.769,24.882,24.691,24.75,26276,0
2015-03-18,24.76,24.872,24.76,24.825,4724,0
2015-03-19,24.863,24.882,24.796,24.872,16830,0
2015-03-20,24.845,24.92,24.796,24.845,10266,0
2015-03-23,24.901,24.901,24.769,24.872,21039,0
2015-03-24,24.778,24.911,24.778,24.835,7186,0
2015-03-25,24.872,24.901,24.76,24.835,3693,0
2015-03-26,24.796,24.854,24.788,24.796,7491,0
2015-03-27,24.815,24.872,24.75,24.854,13756,0
2015-03-30,24.845,24.854,24.731,24.845,22372,0
2015-03-31,24.788,24.882,24.74,24.882,9541,0
2015-04-01,24.872,24.882,24.825,24.882,22478,0
2015-04-02,24.796,24.872,24.796,24.863,12525,0
2015-04-06,24.882,24.911,24.796,24.845,13030,0
2015-04-07,24.854,24.854,24.815,24.815,10125,0
2015-04-08,24.815,24.825,24.815,24.815,6978,0
2015-04-09,24.788,24.835,24.76,24.815,15138,0
2015-04-10,24.806,24.845,24.75,24.825,17755,0
2015-04-13,24.75,24.94,24.75,24.854,12318,0
2015-04-14,24.815,24.882,24.769,24.845,23916,0
2015-04-15,24.835,24.863,24.769,24.815,8433,0
2015-04-16,24.815,24.863,24.788,24.788,4114,0
2015-04-17,24.835,24.863,24.825,24.825,11189,0
2015-04-20,24.882,24.882,24.796,24.872,9405,0
2015-04-21,24.825,24.882,24.825,24.835,7707,0
2015-04-22,24.825,24.835,24.796,24.835,4630,0
2015-04-23,24.788,24.845,24.769,24.769,12930,0
2015-04-24,24.788,24.835,24.769,24.796,14161,0
2015-04-27,24.815,24.815,24.74,24.788,4413,0
2015-04-28,24.835,24.835,24.731,24.731,19293,0
2015-04-29,24.796,24.845,24.778,24.845,4413,0
2015-04-30,24.788,24.872,24.788,24.815,27093,0
2015-05-01,24.771,24.798,24.703,24.798,18458,0
2015-05-04,24.675,24.798,24.675,24.798,19689,0
2015-05-05,24.742,24.789,24.655,24.771,35072,0
2015-05-06,24.789,24.789,24.675,24.789,16689,0
2015-05-07,24.789,24.789,24.675,24.675,16983,0
2015-05-08,24.742,24.78,24.683,24.733,23277,0
2015-05-11,24.683,24.703,24.626,24.626,9328,0
2015-05-12,24.683,24.703,24.626,24.655,4284,0
2015-05-13,24.713,24.713,24.635,24.665,7896,0
2015-05-14,24.675,24.713,24.675,24.683,31994,0
2015-05-15,24.665,24.665,24.665,24.665,9528,0
2015-05-18,24.693,24.693,24.607,24.607,2437,0
2015-05-19,24.635,24.665,24.597,24.645,35584,0
2015-05-20,24.645,24.665,24.607,24.645,57222,0
2015-05-21,24.645,24.665,24.607,24.607,2360,0
2015-05-22,24.626,24.645,24.578,24.645,5743,0
2015-05-26,24.665,24.665,24.616,24.645,9282,0
2015-05-27,24.655,24.665,24.597,24.597,4307,0
2015-05-28,24.683,24.683,24.645,24.655,9630,0
2015-05-29,24.703,24.703,24.665,24.683,19689,0
2015-06-01,24.676,24.725,24.647,24.676,7583,0
2015-06-02,24.618,24.676,24.618,24.667,11615,0
2015-06-03,24.667,24.667,24.618,24.628,23564,0
2015-06-04,24.647,24.685,24.609,24.685,14862,0
2015-06-05,24.618,24.628,24.56,24.628,61577,0
2015-06-08,24.58,24.647,24.55,24.57,18031,0
2015-06-09,24.59,24.59,24.53,24.53,14494,0
2015-06-10,24.53,24.618,24.5,24.57,43331,0
2015-06-11,24.54,24.609,24.54,24.59,2097,0
2015-06-12,24.599,24.637,24.51,24.599,28788,0
2015-06-15,24.618,24.647,24.52,24.52,112394,0
2015-06-16,24.647,24.676,24.628,24.657,5431,0
2015-06-17,24.637,24.685,24.58,24.59,14037,0
2015-06-18,24.637,24.676,24.55,24.676,66700,0
2015-06-19,24.676,24.695,24.647,24.685,12808,0
2015-06-22,24.657,24.667,24.58,24.657,12505,0
2015-06-23,24.676,24.725,24.637,24.676,15608,0
2015-06-24,24.59,24.725,24.59,24.715,18545,0
2015-06-25,24.695,24.705,24.618,24.685,6560,0
2015-06-26,24.705,24.754,24.705,24.735,14137,0
2015-06-29,24.735,24.773,24.685,24.764,24385,0
2015-06-30,24.764,24.791,24.715,24.754,27876,0
2015-07-01,24.793,24.793,24.679,24.78,4508,0
2015-07-02,24.793,24.793,24.698,24.747,7472,0
2015-07-06,24.747,24.842,24.718,24.757,12996,0
2015-07-07,24.767,24.842,24.757,24.757,14949,0
2015-07-08,24.861,24.889,24.775,24.88,2858,0
2015-07-09,24.793,24.87,24.767,24.87,9516,0
2015-07-10,24.757,24.88,24.757,24.832,13722,0
2015-07-13,24.832,24.889,24.832,24.861,8597,0
2015-07-14,24.852,24.889,24.832,24.832,42909,0
2015-07-15,24.928,24.948,24.88,24.948,4383,0
2015-07-16,24.938,24.948,24.861,24.948,6141,0
2015-07-17,24.909,24.958,24.909,24.958,14024,0
2015-07-20,24.958,24.968,24.889,24.909,8910,0
2015-07-21,24.968,24.987,24.919,24.978,25283,0
2015-07-22,24.899,24.987,24.899,24.978,5628,0
2015-07-23,24.987,25.025,24.909,25.006,6344,0
2015-07-24,24.978,24.987,24.88,24.987,20370,0
2015-07-27,24.997,25.006,24.889,24.919,23644,0
2015-07-28,24.938,24.978,24.88,24.968,23440,0
2015-07-29,24.958,24.968,24.948,24.948,8186,0
2015-07-30,24.919,24.968,24.889,24.948,4611,0
2015-07-31,24.978,24.978,24.889,24.968,6654,0
2015-08-03,24.961,24.99,24.941,24.961,17232,0
2015-08-04,24.873,24.971,24.873,24.921,14112,0
2015-08-05,24.892,24.941,24.873,24.882,12885,0
2015-08-06,24.882,24.961,24.854,24.912,6739,0
2015-08-07,24.825,24.941,24.825,24.873,17591,0
2015-08-10,24.931,24.931,24.815,24.892,11254,0
2015-08-11,24.882,24.951,24.882,24.951,6161,0
2015-08-12,24.902,24.961,24.873,24.892,12064,0
2015-08-13,24.902,25.038,24.835,24.902,23318,0
2015-08-14,24.845,24.931,24.845,24.912,7775,0
2015-08-17,24.902,24.961,24.892,24.912,12483,0
2015-08-18,24.845,24.941,24.845,24.864,4194,0
2015-08-19,24.815,24.981,24.815,24.854,19637,0
2015-08-20,24.882,24.931,24.845,24.931,7262,0
2015-08-21,24.864,24.961,24.854,24.951,20352,0
2015-08-24,24.882,24.941,24.806,24.825,42504,0
2015-08-25,24.34,24.981,23.602,24.769,21580,0
2015-08-26,24.806,24.902,24.788,24.854,6442,0
2015-08-27,24.854,24.854,24.769,24.806,2154,0
2015-08-28,24.892,24.892,24.74,24.788,13810,0
2015-08-31,24.835,24.835,24.691,24.796,8695,0
2015-09-01,24.742,24.865,24.742,24.752,10121,0
2015-09-02,24.827,24.847,24.733,24.78,8481,0
2015-09-03,24.856,24.856,24.742,24.798,5517,0
2015-09-04,24.837,24.837,24.742,24.789,6743,0
2015-09-08,24.827,24.837,24.733,24.827,7357,0
2015-09-09,24.723,24.884,24.723,24.875,73468,0
2015-09-10,24.827,24.865,24.789,24.808,9348,0
2015-09-11,24.856,24.865,24.817,24.817,19006,0
2015-09-14,24.847,24.884,24.798,24.856,54055,0
2015-09-15,24.78,24.837,24.762,24.78,48438,0
2015-09-16,24.856,24.856,24.798,24.847,16350,0
2015-09-17,24.856,24.914,24.847,24.884,6031,0
2015-09-18,24.904,24.914,24.865,24.904,5314,0
2015-09-21,24.875,24.875,24.856,24.865,1627,0
2015-09-22,24.904,24.923,24.847,24.914,19210,0
2015-09-23,24.923,24.923,24.865,24.914,7969,0
2015-09-24,24.933,24.943,24.865,24.923,3780,0
2015-09-25,24.914,24.933,24.904,24.923,15735,0
2015-09-28,24.953,24.973,24.894,24.953,31797,0
2015-09-29,24.973,25.001,24.943,24.983,16048,0
2015-09-30,24.953,25.03,24.943,25.01,17166,0
2015-10-01,24.975,24.975,24.955,24.955,925,0
2015-10-02,25.052,25.062,25.022,25.022,18479,0
2015-10-05,25.052,25.052,25.022,25.032,6009,0
2015-10-06,25.042,25.072,25.032,25.072,17460,0
2015-10-07,25.032,25.052,25.012,25.042,7556,0
2015-10-08,25.022,25.052,25.003,25.032,15927,0
2015-10-09,25.072,25.072,24.994,25.072,7250,0
2015-10-12,25.052,25.102,25.022,25.102,37648,0
2015-10-13,25.022,25.062,25.022,25.062,825,0
2015-10-14,25.042,25.112,25.042,25.112,11131,0
2015-10-15,25.092,25.092,25.012,25.032,6636,0
2015-10-16,25.092,25.102,25.092,25.092,29099,0
2015-10-19,25.122,25.122,25.052,25.082,12256,0
2015-10-20,25.072,25.112,25.069,25.076,101360,0
2015-10-21,25.072,25.112,25.052,25.082,21950,0
2015-10-22,25.092,25.112,25.052,25.082,4287,0
2015-10-23,25.062,25.082,25.052,25.062,43594,0
2015-10-26,25.112,25.122,25.052,25.102,14392,0
2015-10-27,25.082,25.132,25.082,25.122,5309,0
2015-10-28,25.142,25.142,25.062,25.092,24806,0
2015-10-29,25.062,25.122,25.052,25.072,23792,0
2015-10-30,25.072,25.132,25.052,25.132,11738,0
2015-11-02,25.115,25.115,25.045,25.095,27182,0
2015-11-03,25.125,25.125,25.045,25.075,36925,0
2015-11-04,25.045,25.115,25.045,25.065,20191,0
2015-11-05,25.065,25.105,25.015,25.065,18973,0
2015-11-06,24.968,25.035,24.861,24.899,32231,0
2015-11-09,24.997,25.025,24.958,24.987,26202,0
2015-11-10,25.065,25.065,24.987,24.987,13571,0
2015-11-11,25.015,25.045,24.978,24.978,3162,0
2015-11-12,24.978,25.025,24.958,24.958,24992,0
2015-11-13,24.997,25.006,24.948,24.948,9998,0
2015-11-16,24.987,25.015,24.968,24.978,6630,0
2015-11-17,24.928,25.035,24.928,24.987,17240,0
2015-11-18,24.928,25.015,24.928,25.015,10809,0
2015-11-19,25.015,25.035,24.948,25.035,40087,0
2015-11-20,24.978,25.015,24.968,24.987,5406,0
2015-11-23,25.035,25.035,24.978,24.978,5920,0
2015-11-24,25.025,25.035,24.968,24.968,2749,0
2015-11-25,25.006,25.035,25.006,25.006,6221,0
2015-11-27,25.035,25.035,25.006,25.025,1124,0
2015-11-30,24.978,25.035,24.978,24.987,1625,0
2015-12-01,24.968,25.015,24.822,25.006,10473,0
2015-12-02,25.025,25.075,24.948,24.987,38417,0
2015-12-03,25.025,25.025,24.938,24.997,3457,0
2015-12-04,25.035,25.035,24.958,25.006,10303,0
2015-12-07,25.025,25.025,24.919,24.919,8367,0
2015-12-08,25.055,25.055,24.938,25.025,20602,0
2015-12-09,25.055,25.055,24.919,24.928,22440,0
2015-12-10,25.025,25.025,24.938,25.006,3162,0
2015-12-11,25.045,25.045,24.938,25.006,29886,0
2015-12-14,24.958,24.958,24.919,24.928,17950,0
2015-12-15,24.958,24.968,24.948,24.958,9079,0
2015-12-16,24.968,24.968,24.938,24.958,15808,0
2015-12-17,24.978,24.987,24.928,24.938,23052,0
2015-12-18,24.919,24.997,24.919,24.948,21625,0
2015-12-21,24.987,25.006,24.938,24.978,7244,0
2015-12-22,24.987,25.006,24.928,24.948,17457,0
2015-12-23,25.006,25.006,24.938,25.006,23770,0
2015-12-24,24.998,25.008,24.94,25.008,9576,0
2015-12-28,24.998,24.998,24.93,24.93,7641,0
2015-12-29,25.007,25.274,24.94,24.98,126649,0
2015-12-30,25.107,25.312,25.082,25.127,28603,0
2015-12-31,25.143,25.236,25.057,25.137,19619,0
2016-01-04,25.156,25.156,24.989,24.989,73825,0
2016-01-05,25.047,25.156,24.911,25.079,39566,0
2016-01-06,25.087,25.206,25.037,25.206,28416,0
2016-01-07,25.077,25.187,25.067,25.087,21327,0
2016-01-08,25.206,25.494,25.186,25.236,45704,0
2016-01-11,25.137,25.226,25.077,25.097,8197,0
2016-01-12,25.107,25.236,25.107,25.206,30763,0
2016-01-13,25.107,25.226,25.077,25.077,29035,0
2016-01-14,25.186,25.246,25.092,25.236,48653,0
2016-01-15,25.236,25.246,25.147,25.147,18230,0
2016-01-19,25.137,25.216,25.137,25.137,20687,0
2016-01-20,25.206,25.206,25.117,25.186,17548,0
2016-01-21,25.284,25.284,25.137,25.156,21076,0
2016-01-22,25.264,25.264,25.156,25.166,2679,0
2016-01-25,25.294,25.294,25.147,25.161,7276,0
2016-01-26,25.176,25.206,25.166,25.196,16832,0
2016-01-27,25.216,25.216,25.156,25.156,27037,0
2016-01-28,25.156,25.206,25.156,25.206,5824,0
2016-01-29,25.216,25.216,25.186,25.206,12971,0
2016-02-01,25.208,25.228,25.188,25.208,20962,0
2016-02-02,25.198,25.238,25.198,25.198,8475,0
2016-02-03,25.198,25.331,25.193,25.228,45501,0
2016-02-04,25.248,25.316,25.248,25.305,41935,0
2016-02-05,25.345,25.346,25.228,25.286,9911,0
2016-02-08,25.266,25.38,25.266,25.286,8540,0
2016-02-09,25.326,25.416,25.316,25.316,31221,0
2016-02-10,25.406,25.406,25.334,25.346,4677,0
2016-02-11,25.466,25.466,25.346,25.346,11447,0
2016-02-12,25.426,25.426,25.326,25.396,7429,0
2016-02-16,25.426,25.426,25.346,25.346,11853,0
2016-02-17,25.346,25.396,25.326,25.326,5987,0
2016-02-18,25.326,25.919,25.326,25.436,38389,0
2016-02-19,25.336,25.406,25.326,25.326,18992,0
2016-02-22,25.366,25.389,25.326,25.326,35457,0
2016-02-23,25.366,25.376,25.326,25.376,16320,0
2016-02-24,25.336,25.371,25.326,25.351,34059,0
2016-02-25,25.326,25.344,25.306,25.344,25427,0
2016-02-26,25.306,25.336,25.286,25.286,24654,0
2016-02-29,25.346,25.346,25.286,25.336,17397,0
2016-03-01,25.308,25.328,25.269,25.29,7756,0
2016-03-02,25.378,25.378,25.25,25.25,17355,0
2016-03-03,25.308,25.308,25.24,25.308,15104,0
2016-03-04,25.25,25.288,25.22,25.22,9610,0
2016-03-07,25.259,25.259,25.19,25.25,12724,0
2016-03-08,25.278,25.278,25.22,25.23,15119,0
2016-03-09,25.25,25.25,25.21,25.244,48937,0
2016-03-10,25.25,25.25,25.193,25.212,10102,0
2016-03-11,25.24,25.24,25.19,25.19,7597,0
2016-03-14,25.217,25.24,25.17,25.23,33843,0
2016-03-15,25.21,25.21,25.16,25.16,42173,0
2016-03-16,25.141,25.259,25.141,25.25,25783,0
2016-03-17,25.22,25.23,25.16,25.223,27880,0
2016-03-18,25.193,25.24,25.18,25.18,5930,0
2016-03-21,25.188,25.288,25.16,25.23,36057,0
2016-03-22,25.17,25.259,25.141,25.21,18489,0
2016-03-23,25.193,25.229,25.18,25.211,11261,0
2016-03-24,25.25,25.25,25.2,25.22,15430,0
2016-03-28,25.24,25.276,25.17,25.215,20563,0
2016-03-29,25.24,25.268,25.2,25.259,23525,0
2016-03-30,25.24,25.267,25.195,25.25,14492,0
2016-03-31,25.21,25.255,25.21,25.25,4855,0
2016-04-01,25.251,25.251,25.221,25.241,18698,0
2016-04-04,25.269,25.269,25.211,25.248,8376,0
2016-04-05,25.269,25.272,25.221,25.264,19737,0
2016-04-06,25.279,25.299,25.241,25.251,15352,0
2016-04-07,25.299,25.319,25.291,25.301,5575,0
2016-04-08,25.26,25.308,25.259,25.291,14704,0
2016-04-11,25.309,25.318,25.297,25.301,7931,0
2016-04-12,25.299,25.309,25.269,25.299,37149,0
2016-04-13,25.26,25.309,25.259,25.299,11633,0
2016-04-14,25.259,25.279,25.251,25.262,90432,0
2016-04-15,25.299,25.319,25.289,25.299,33266,0
2016-04-18,25.291,25.319,25.26,25.309,16954,0
2016-04-19,25.329,25.329,25.269,25.292,14826,0
2016-04-20,25.324,25.329,25.269,25.319,24709,0
2016-04-21,25.291,25.319,25.269,25.319,5710,0
2016-04-22,25.309,25.319,25.259,25.296,13756,0
2016-04-25,25.299,25.319,25.254,25.299,22025,0
2016-04-26,25.319,25.319,25.252,25.299,28055,0
2016-04-27,25.299,25.329,25.269,25.314,9728,0
2016-04-28,25.329,25.329,25.279,25.314,16268,0
2016-04-29,25.319,25.319,25.251,25.3,172209,0
2016-05-02,25.332,25.576,25.262,25.322,47146,0
2016-05-03,25.352,25.352,25.322,25.352,24173,0
2016-05-04,25.342,25.352,25.298,25.352,32825,0
2016-05-05,25.342,25.362,25.288,25.352,35502,0
2016-05-06,25.362,25.362,25.282,25.352,27448,0
2016-05-09,25.352,25.362,25.282,25.331,7482,0
2016-05-10,25.322,25.35,25.302,25.302,27408,0
2016-05-11,25.322,25.345,25.302,25.32,19154,0
2016-05-12,25.312,25.352,25.302,25.342,19149,0
2016-05-13,25.357,25.362,25.311,25.352,11994,0
2016-05-16,25.342,25.342,25.302,25.322,12581,0
2016-05-17,25.362,25.362,25.302,25.352,7822,0
2016-05-18,25.345,25.362,25.312,25.332,20202,0
2016-05-19,25.342,25.342,25.302,25.322,12412,0
2016-05-20,25.332,25.332,25.312,25.322,7022,0
2016-05-23,25.322,25.322,25.291,25.292,14775,0
2016-05-24,25.297,25.312,25.282,25.292,9733,0
2016-05-25,25.312,25.312,25.272,25.292,15368,0
2016-05-26,25.292,25.292,25.204,25.224,34021,0
2016-05-27,25.272,25.272,25.224,25.254,25962,0
2016-05-31,25.272,25.272,25.254,25.262,34729,0
2016-06-01,25.283,25.283,25.195,25.263,30292,0
2016-06-02,25.263,25.283,25.217,25.217,19045,0
2016-06-03,25.215,25.303,25.215,25.293,15396,0
2016-06-06,25.293,25.303,25.225,25.286,24269,0
2016-06-07,25.296,25.303,25.263,25.303,13596,0
2016-06-08,25.313,25.313,25.302,25.313,13106,0
2016-06-09,25.333,25.338,25.273,25.273,14521,0
2016-06-10,25.303,25.343,25.264,25.342,21722,0
2016-06-13,25.303,25.353,25.303,25.313,16531,0
2016-06-14,25.343,25.353,25.259,25.323,13972,0
2016-06-15,25.314,25.323,25.273,25.311,9513,0
2016-06-16,25.313,25.323,25.303,25.313,4221,0
2016-06-17,25.363,25.363,25.303,25.363,5798,0
2016-06-20,25.293,25.343,25.283,25.343,7356,0
2016-06-21,25.353,25.393,25.314,25.314,30017,0
2016-06-22,25.289,25.353,25.289,25.353,26460,0
2016-06-23,25.343,25.343,25.313,25.323,7463,0
2016-06-24,25.363,25.393,25.323,25.343,61208,0
2016-06-27,25.367,25.393,25.343,25.393,22993,0
2016-06-28,25.344,25.393,25.344,25.353,20849,0
2016-06-29,25.393,25.393,25.364,25.384,21283,0
2016-06-30,25.393,25.393,25.333,25.354,11276,0
2016-07-01,25.366,25.426,25.347,25.426,10211,0
2016-07-05,25.431,25.456,25.366,25.411,32671,0
2016-07-06,25.375,25.436,25.375,25.408,15992,0
2016-07-07,25.403,25.446,25.388,25.446,23186,0
2016-07-08,25.456,25.456,25.391,25.431,6160,0
2016-07-11,25.406,25.436,25.406,25.411,4569,0
2016-07-12,25.424,25.424,25.386,25.412,17793,0
2016-07-13,25.446,25.446,25.39,25.446,8634,0
2016-07-14,25.436,25.456,25.394,25.446,3160,0
2016-07-15,25.436,25.436,25.366,25.376,30963,0
2016-07-18,25.396,25.436,25.38,25.431,19979,0
2016-07-19,25.366,25.436,25.366,25.426,14098,0
2016-07-20,25.426,25.446,25.416,25.446,5719,0
2016-07-21,25.423,25.436,25.415,25.426,14941,0
2016-07-22,25.396,25.426,25.396,25.426,16287,0
2016-07-25,25.431,25.436,25.406,25.424,13092,0
2016-07-26,25.436,25.436,25.406,25.436,25899,0
2016-07-27,25.466,25.476,25.426,25.476,24768,0
2016-07-28,25.486,25.488,25.446,25.446,23003,0
2016-07-29,25.496,25.496,25.446,25.476,40009,0
2016-08-01,25.427,25.477,25.427,25.457,11823,0
2016-08-02,25.477,25.477,25.427,25.477,27957,0
2016-08-03,25.486,25.487,25.447,25.487,21061,0
2016-08-04,25.487,25.517,25.477,25.487,43587,0
2016-08-05,25.487,25.487,25.427,25.467,12594,0
2016-08-08,25.48,25.48,25.437,25.477,18877,0
2016-08-09,25.487,25.487,25.457,25.457,2293,0
2016-08-10,25.487,25.497,25.467,25.468,18658,0
2016-08-11,25.457,25.497,25.457,25.482,8561,0
2016-08-12,25.496,25.497,25.467,25.467,13433,0
2016-08-15,25.498,25.507,25.457,25.467,36447,0
2016-08-16,25.502,25.517,25.457,25.497,26691,0
2016-08-17,25.503,25.512,25.478,25.512,10353,0
2016-08-18,25.507,25.526,25.487,25.523,17024,0
2016-08-19,25.467,25.517,25.467,25.517,48789,0
2016-08-22,25.487,25.546,25.487,25.526,7366,0
2016-08-23,25.531,25.546,25.487,25.536,53132,0
2016-08-24,25.497,25.555,25.497,25.526,7758,0
2016-08-25,25.526,25.546,25.507,25.507,12580,0
2016-08-26,25.517,25.526,25.477,25.517,15804,0
2016-08-29,25.517,25.526,25.466,25.497,22001,0
2016-08-30,25.447,25.517,25.447,25.487,30073,0
2016-08-31,25.477,25.487,25.437,25.437,24080,0
2016-09-01,25.487,25.487,25.447,25.487,46588,0
2016-09-02,25.447,25.467,25.427,25.437,31556,0
2016-09-06,25.427,25.446,25.407,25.427,17122,0
2016-09-07,25.432,25.447,25.414,25.437,26876,0
2016-09-08,25.427,25.437,25.407,25.422,55557,0
2016-09-09,25.412,25.417,25.392,25.397,37506,0
2016-09-12,25.397,25.41,25.397,25.397,8603,0
2016-09-13,25.357,25.397,25.357,25.389,22653,0
2016-09-14,25.407,25.407,25.377,25.377,26535,0
2016-09-15,25.367,25.387,25.327,25.387,24629,0
2016-09-16,25.377,25.377,25.336,25.349,26747,0
2016-09-19,25.377,25.377,25.317,25.367,8397,0
2016-09-20,25.367,25.367,25.318,25.365,42489,0
2016-09-21,25.377,25.387,25.326,25.357,7648,0
2016-09-22,25.372,25.387,25.347,25.347,35325,0
2016-09-23,25.357,25.387,25.334,25.367,51542,0
2016-09-26,25.347,25.367,25.327,25.347,11822,0
2016-09-27,25.357,25.387,25.317,25.377,11456,0
2016-09-28,25.357,25.377,25.351,25.355,18205,0
2016-09-29,25.357,25.367,25.337,25.357,21815,0
2016-09-30,25.357,25.357,25.307,25.337,2658,0
2016-10-03,25.358,25.368,25.298,25.358,10532,0
2016-10-04,25.334,25.358,25.314,25.358,10683,0
2016-10-05,25.338,25.348,25.298,25.318,54613,0
2016-10-06,25.278,25.346,25.278,25.318,17041,0
2016-10-07,25.328,25.328,25.286,25.308,23650,0
2016-10-10,25.318,25.32,25.283,25.318,17209,0
2016-10-11,25.328,25.328,25.259,25.318,13425,0
2016-10-12,25.258,25.308,25.258,25.288,9301,0
2016-10-13,25.278,25.318,25.278,25.298,8157,0
2016-10-14,25.288,25.288,25.268,25.278,1181,0
2016-10-17,25.298,25.318,25.259,25.318,12398,0
2016-10-18,25.298,25.318,25.278,25.288,26458,0
2016-10-19,25.298,25.318,25.277,25.303,28342,0
2016-10-20,25.298,25.318,25.259,25.286,18432,0
2016-10-21,25.338,25.338,25.308,25.308,9612,0
2016-10-24,25.318,25.338,25.293,25.295,13071,0
2016-10-25,25.258,25.338,25.258,25.308,15408,0
2016-10-26,25.334,25.338,25.283,25.338,18659,0
2016-10-27,25.308,25.337,25.269,25.298,21874,0
2016-10-28,25.297,25.328,25.288,25.308,9461,0
2016-10-31,25.308,25.308,25.268,25.308,36000,0
2016-11-01,25.338,25.338,25.268,25.326,20672,0
2016-11-02,25.288,25.358,25.288,25.328,9942,0
2016-11-03,25.358,25.358,25.309,25.333,10470,0
2016-11-04,25.348,25.358,25.319,25.338,22475,0
2016-11-07,25.307,25.348,25.307,25.338,6109,0
2016-11-08,25.329,25.358,25.308,25.328,7145,0
2016-11-09,25.287,25.318,25.27,25.318,43375,0
2016-11-10,25.188,25.298,25.188,25.238,28768,0
2016-11-11,25.257,25.268,25.158,25.158,12570,0
2016-11-14,25.159,25.17,25.113,25.158,14670,0
2016-11-15,25.148,25.238,25.138,25.138,24886,0
2016-11-16,25.078,25.178,25.078,25.098,25722,0
2016-11-17,25.099,25.128,25.058,25.108,18703,0
2016-11-18,25.043,25.123,25.043,25.079,25946,0
2016-11-21,25.085,25.128,25.018,25.018,12918,0
2016-11-22,25.071,25.108,25.028,25.028,24294,0
2016-11-23,24.97,25.058,24.97,25.058,34457,0
2016-11-25,25.058,25.058,25.003,25.058,4357,0
2016-11-28,24.989,25.068,24.989,25.028,25824,0
2016-11-29,25.048,25.048,24.96,24.998,25381,0
2016-11-30,24.97,25.007,24.95,24.968,30263,0
2016-12-01,24.981,24.991,24.902,24.902,24233,0
2016-12-02,24.971,25,24.941,24.941,29604,0
2016-12-05,24.981,24.981,24.918,24.966,31715,0
2016-12-06,25.02,25.02,24.941,24.951,60969,0
2016-12-07,24.981,25.08,24.981,25.074,50944,0
2016-12-08,25.05,25.05,24.971,25.02,43417,0
2016-12-09,25.03,25.079,24.981,25.03,29299,0
2016-12-12,25.07,25.075,24.961,25.06,48381,0
2016-12-13,25,25.08,24.991,25.08,51422,0
2016-12-14,25,25.07,25,25.012,20163,0
2016-12-15,25.05,25.05,24.941,24.941,17275,0
2016-12-16,24.98,25.07,24.98,25.06,42875,0
2016-12-19,25.05,25.08,25.016,25.07,50374,0
2016-12-20,25.06,25.06,25,25.06,34993,0
2016-12-21,25.07,25.609,25.001,25.06,169113,0
2016-12-22,25.06,25.08,25.01,25.08,62651,0
2016-12-23,25.064,25.09,24.971,25.09,75632,0
2016-12-27,25.08,25.08,24.991,25.08,71265,0
2016-12-28,25.08,25.1,25.02,25.07,11151,0
2016-12-29,25.08,25.1,25.052,25.1,24120,0
2016-12-30,25.09,25.114,25.02,25.1,103689,0
2017-01-03,25.08,25.1,25.07,25.1,10290,0
2017-01-04,25.12,25.13,25.094,25.11,44978,0
2017-01-05,25.16,25.16,25.128,25.15,7679,0
2017-01-06,25.14,25.15,25.09,25.15,58259,0
2017-01-09,25.147,25.17,25.1,25.12,26167,0
2017-01-10,25.17,25.18,25.13,25.13,38339,0
2017-01-11,25.19,25.23,25.13,25.162,354868,0
2017-01-12,25.224,25.24,25.16,25.234,23510,0
2017-01-13,25.23,25.23,25.19,25.226,22093,0
2017-01-17,25.16,25.29,25.16,25.28,41933,0
2017-01-18,25.27,25.28,25.18,25.27,69572,0
2017-01-19,25.17,25.239,25.17,25.219,21769,0
2017-01-20,25.2,25.22,25.17,25.19,27851,0
2017-01-23,25.23,25.23,25.19,25.22,16202,0
2017-01-24,25.238,25.24,25.223,25.235,30777,0
2017-01-25,25.22,25.26,25.2,25.26,13882,0
2017-01-26,25.225,25.25,25.2,25.242,12697,0
2017-01-27,25.23,25.26,25.21,25.255,21433,0
2017-01-30,25.23,25.26,25.21,25.25,23716,0
2017-01-31,25.25,25.28,25.23,25.28,25430,0
2017-02-01,25.252,25.272,25.217,25.222,49967,0
2017-02-02,25.261,25.282,25.242,25.267,34272,0
2017-02-03,25.262,25.282,25.232,25.262,18712,0
2017-02-06,25.282,25.303,25.222,25.302,33255,0
2017-02-07,25.282,25.312,25.222,25.292,28325,0
2017-02-08,25.302,25.302,25.222,25.292,34710,0
2017-02-09,25.268,25.294,25.253,25.274,30810,0
2017-02-10,25.272,25.272,25.252,25.262,38792,0
2017-02-13,25.254,25.272,25.232,25.236,32743,0
2017-02-14,25.254,25.309,25.242,25.292,31343,0
2017-02-15,25.243,25.292,25.222,25.292,15649,0
2017-02-16,25.282,25.292,25.212,25.282,28287,0
2017-02-17,25.222,25.342,25.222,25.342,25669,0
2017-02-21,25.302,25.332,25.28,25.312,29436,0
2017-02-22,25.287,25.342,25.244,25.322,22221,0
2017-02-23,25.332,25.352,25.3,25.352,35413,0
2017-02-24,25.318,25.392,25.314,25.367,163361,0
2017-02-27,25.344,25.372,25.328,25.328,48323,0
2017-02-28,25.362,25.392,25.292,25.362,44397,0
2017-03-01,25.346,25.356,25.296,25.319,58038,0
2017-03-02,25.286,25.356,25.226,25.236,55136,0
2017-03-03,25.316,25.334,25.246,25.326,75621,0
2017-03-06,25.246,25.346,25.246,25.336,44948,0
2017-03-07,25.295,25.346,25.266,25.326,29056,0
2017-03-08,25.326,25.346,25.288,25.326,43141,0
2017-03-09,25.316,25.336,25.256,25.316,18285,0
2017-03-10,25.321,25.336,25.266,25.306,29135,0
2017-03-13,25.316,25.318,25.278,25.306,10567,0
2017-03-14,25.296,25.296,25.246,25.296,26582,0
2017-03-15,25.296,25.306,25.257,25.286,19309,0
2017-03-16,25.296,25.316,25.256,25.296,35069,0
2017-03-17,25.296,25.306,25.256,25.256,34179,0
2017-03-20,25.27,25.306,25.266,25.306,31623,0
2017-03-21,25.286,25.316,25.236,25.236,17652,0
2017-03-22,25.306,25.315,25.246,25.306,28314,0
2017-03-23,25.226,25.296,25.221,25.296,100091,0
2017-03-24,25.296,25.366,25.266,25.326,170844,0
2017-03-27,25.336,25.346,25.266,25.346,34593,0
2017-03-28,25.326,25.346,25.286,25.304,31674,0
2017-03-29,25.356,25.356,25.256,25.346,56285,0
2017-03-30,25.346,25.356,25.287,25.346,24876,0
2017-03-31,25.33,25.356,25.316,25.346,29709,0
2017-04-03,25.288,25.358,25.288,25.337,25155,0
2017-04-04,25.321,25.338,25.278,25.317,43986,0
2017-04-05,25.301,25.328,25.268,25.328,33705,0
2017-04-06,25.328,25.358,25.295,25.358,48126,0
2017-04-07,25.368,25.378,25.324,25.378,12023,0
2017-04-10,25.358,25.398,25.308,25.378,82946,0
2017-04-11,25.368,25.388,25.318,25.388,40387,0
2017-04-12,25.381,25.398,25.348,25.38,37649,0
2017-04-13,25.398,25.418,25.378,25.418,61777,0
2017-04-17,25.398,25.438,25.358,25.368,35131,0
2017-04-18,25.428,25.428,25.358,25.423,45441,0
2017-04-19,25.358,25.428,25.358,25.378,24423,0
2017-04-20,25.358,25.418,25.358,25.408,22812,0
2017-04-21,25.378,25.408,25.378,25.401,21201,0
2017-04-24,25.398,25.398,25.358,25.398,39483,0
2017-04-25,25.358,25.388,25.358,25.388,19669,0
2017-04-26,25.398,25.398,25.348,25.358,18863,0
2017-04-27,25.368,25.408,25.338,25.407,56712,0
2017-04-28,25.398,25.408,25.348,25.398,22477,0
2017-05-01,25.4,25.4,25.35,25.4,21537,0
2017-05-02,25.4,25.42,25.37,25.39,56109,0
2017-05-03,25.4,25.42,25.36,25.42,33299,0
2017-05-04,25.4,25.41,25.373,25.38,44735,0
2017-05-05,25.417,25.42,25.37,25.415,14447,0
2017-05-08,25.42,25.429,25.38,25.42,41866,0
2017-05-09,25.408,25.43,25.402,25.43,35441,0
2017-05-10,25.43,25.43,25.4,25.4,17731,0
2017-05-11,25.41,25.42,25.39,25.42,25498,0
2017-05-12,25.43,25.43,25.392,25.43,41756,0
2017-05-15,25.39,25.42,25.39,25.41,32201,0
2017-05-16,25.43,25.44,25.4,25.422,10452,0
2017-05-17,25.44,25.46,25.43,25.45,18165,0
2017-05-18,25.46,25.46,25.432,25.46,15999,0
2017-05-19,25.46,25.46,25.44,25.46,20169,0
2017-05-22,25.46,25.47,25.44,25.463,22616,0
2017-05-23,25.47,25.47,25.44,25.45,33446,0
2017-05-24,25.46,25.47,25.45,25.47,22204,0
2017-05-25,25.48,25.48,25.459,25.47,25803,0
2017-05-26,25.47,25.47,25.453,25.47,31322,0
2017-05-30,25.47,25.48,25.45,25.468,20681,0
2017-05-31,25.48,25.49,25.457,25.49,17165,0
2017-06-01,25.454,25.48,25.454,25.454,14660,0
2017-06-02,25.483,25.49,25.46,25.486,14600,0
2017-06-05,25.49,25.49,25.461,25.49,10171,0
2017-06-06,25.49,25.5,25.486,25.497,11723,0
2017-06-07,25.49,25.5,25.46,25.46,23332,0
2017-06-08,25.48,25.49,25.47,25.489,40070,0
2017-06-09,25.49,25.49,25.45,25.472,33285,0
2017-06-12,25.45,25.48,25.444,25.465,20569,0
2017-06-13,25.46,25.46,25.44,25.45,13544,0
2017-06-14,25.461,25.48,25.45,25.45,26435,0
2017-06-15,25.46,25.46,25.44,25.45,8523,0
2017-06-16,25.47,25.47,25.44,25.449,8071,0
2017-06-19,25.42,25.45,25.42,25.447,13242,0
2017-06-20,25.45,25.455,25.43,25.455,49300,0
2017-06-21,25.444,25.45,25.43,25.45,24016,0
2017-06-22,25.459,25.47,25.44,25.46,18292,0
2017-06-23,25.46,25.46,25.44,25.453,26304,0
2017-06-26,25.46,25.46,25.43,25.45,13968,0
2017-06-27,25.45,25.45,25.423,25.437,14873,0
2017-06-28,25.43,25.45,25.41,25.43,28151,0
2017-06-29,25.41,25.42,25.38,25.4,128315,0
2017-06-30,25.41,25.41,25.38,25.4,30368,0
2017-07-03,25.4,25.4,25.38,25.385,9481,0
2017-07-05,25.39,25.41,25.38,25.4,19566,0
2017-07-06,25.38,25.41,25.38,25.4,31277,0
2017-07-07,25.38,25.41,25.38,25.41,10936,0
2017-07-10,25.42,25.42,25.38,25.396,26594,0
2017-07-11,25.41,25.41,25.38,25.408,18370,0
2017-07-12,25.41,25.44,25.41,25.41,9410,0
2017-07-13,25.42,25.43,25.37,25.39,221755,0
2017-07-14,25.415,25.44,25.4,25.41,12623,0
2017-07-17,25.429,25.43,25.4,25.41,16654,0
2017-07-18,25.43,25.45,25.4,25.43,60160,0
2017-07-19,25.42,25.47,25.41,25.41,65285,0
2017-07-20,25.42,25.48,25.42,25.48,31800,0
2017-07-21,25.47,25.47,25.42,25.43,80228,0
2017-07-24,25.48,25.49,25.44,25.48,33554,0
2017-07-25,25.451,25.51,25.43,25.43,31572,0
2017-07-26,25.43,25.5,25.43,25.5,22278,0
2017-07-27,25.48,25.5,25.461,25.49,11568,0
2017-07-28,25.46,25.49,25.46,25.475,25932,0
2017-07-31,25.49,25.49,25.45,25.49,14178,0
2017-08-01,25.48,25.495,25.45,25.495,28954,0
2017-08-02,25.488,25.51,25.44,25.5,18162,0
2017-08-03,25.51,25.52,25.493,25.52,9552,0
2017-08-04,25.49,25.5,25.48,25.495,19989,0
2017-08-07,25.52,25.52,25.494,25.51,14968,0
2017-08-08,25.48,25.53,25.48,25.5,15516,0
2017-08-09,25.54,25.55,25.51,25.52,29826,0
2017-08-10,25.547,25.55,25.53,25.539,8958,0
2017-08-11,25.55,25.55,25.53,25.55,34552,0
2017-08-14,25.521,25.55,25.521,25.54,11617,0
2017-08-15,25.54,25.55,25.53,25.55,21309,0
2017-08-16,25.55,25.55,25.52,25.538,19137,0
2017-08-17,25.54,25.55,25.53,25.55,44186,0
2017-08-18,25.54,25.55,25.52,25.54,22408,0
2017-08-21,25.55,25.57,25.54,25.56,33328,0
2017-08-22,25.56,25.56,25.53,25.54,13128,0
2017-08-23,25.555,25.567,25.53,25.567,3657,0
2017-08-24,25.54,25.56,25.522,25.55,18272,0
2017-08-25,25.545,25.56,25.52,25.55,16228,0
2017-08-28,25.52,25.56,25.51,25.533,35805,0
2017-08-29,25.553,25.56,25.53,25.53,14793,0
2017-08-30,25.52,25.56,25.52,25.55,17175,0
2017-08-31,25.56,25.56,25.53,25.56,58567,0
2017-09-01,25.56,25.56,25.512,25.55,22855,0
2017-09-05,25.55,25.57,25.54,25.55,73592,0
2017-09-06,25.541,25.55,25.53,25.537,24876,0
2017-09-07,25.55,25.58,25.53,25.562,107483,0
2017-09-08,25.53,25.57,25.53,25.57,26151,0
2017-09-11,25.51,25.56,25.51,25.55,29898,0
2017-09-12,25.55,25.56,25.54,25.56,40732,0
2017-09-13,25.555,25.56,25.54,25.56,50406,0
2017-09-14,25.55,25.56,25.519,25.56,38016,0
2017-09-15,25.52,25.56,25.44,25.55,42737,0
2017-09-18,25.55,25.55,25.5,25.54,29946,0
2017-09-19,25.549,25.56,25.52,25.557,55687,0
2017-09-20,25.56,25.57,25.52,25.549,62520,0
2017-09-21,25.557,25.557,25.54,25.55,47415,0
2017-09-22,25.52,25.55,25.52,25.54,62195,0
2017-09-25,25.542,25.55,25.517,25.52,29627,0
2017-09-26,25.533,25.55,25.52,25.55,47693,0
2017-09-27,25.52,25.52,25.5,25.5,20854,0
2017-09-28,25.508,25.52,25.48,25.51,70278,0
2017-09-29,25.51,25.51,25.47,25.503,36562,0
2017-10-02,25.508,25.51,25.478,25.478,44199,0
2017-10-03,25.5,25.5,25.48,25.49,46894,0
2017-10-04,25.5,25.535,25.46,25.493,67248,0
2017-10-05,25.51,25.51,25.47,25.51,20802,0
2017-10-06,25.5,25.5,25.46,25.5,21472,0
2017-10-09,25.51,25.52,25.49,25.505,55137,0
2017-10-10,25.51,25.51,25.49,25.497,39658,0
2017-10-11,25.519,25.52,25.48,25.52,45643,0
2017-10-12,25.52,25.53,25.49,25.49,32049,0
2017-10-13,25.52,25.52,25.48,25.49,20823,0
2017-10-16,25.51,25.52,25.48,25.513,28911,0
2017-10-17,25.51,25.51,25.47,25.51,21795,0
2017-10-18,25.5,25.51,25.46,25.46,12771,0
2017-10-19,25.492,25.51,25.47,25.47,14103,0
2017-10-20,25.47,25.499,25.45,25.477,15985,0
2017-10-23,25.49,25.5,25.462,25.48,30286,0
2017-10-24,25.46,25.5,25.445,25.46,59333,0
2017-10-25,25.45,25.48,25.44,25.45,26149,0
2017-10-26,25.486,25.49,25.46,25.479,13733,0
2017-10-27,25.47,25.48,25.45,25.48,2858,0
2017-10-30,25.44,25.48,25.44,25.48,36256,0
2017-10-31,25.44,25.48,25.44,25.45,19039,0
2017-11-01,25.47,25.47,25.43,25.441,20008,0
2017-11-02,25.46,25.48,25.43,25.43,30273,0
2017-11-03,25.43,25.46,25.41,25.422,37988,0
2017-11-06,25.43,25.46,25.4,25.46,67930,0
2017-11-07,25.46,25.47,25.42,25.44,28011,0
2017-11-08,25.46,25.47,25.446,25.47,21452,0
2017-11-09,25.47,25.47,25.43,25.455,10642,0
2017-11-10,25.45,25.45,25.4,25.425,24742,0
2017-11-13,25.43,25.44,25.39,25.42,7685,0
2017-11-14,25.41,25.43,25.39,25.39,12909,0
2017-11-15,25.44,25.44,25.4,25.437,14686,0
2017-11-16,25.42,25.43,25.392,25.42,12344,0
2017-11-17,25.41,25.41,25.393,25.4,108694,0
2017-11-20,25.39,25.39,25.37,25.373,15842,0
2017-11-21,25.38,25.39,25.36,25.39,47000,0
2017-11-22,25.37,25.39,25.36,25.36,23806,0
2017-11-24,25.34,25.36,25.34,25.34,2540,0
2017-11-27,25.36,25.36,25.32,25.33,23529,0
2017-11-28,25.34,25.34,25.31,25.31,25392,0
2017-11-29,25.3,25.33,25.29,25.29,25203,0
2017-11-30,25.31,25.33,25.29,25.315,30586,0
2017-12-01,25.3147,25.32,25.3,25.3,46663,0
2017-12-04,25.294,25.32,25.29,25.3001,32398,0
2017-12-05,25.33,25.34,25.3,25.34,28233,0
2017-12-06,25.33,25.36,25.3,25.34,43269,0
